0,0,*NOUSE*,*NOUSE*,0,0,0,0,0,0,0,0
1,1,ADAL,,33,1151,77,147.00,51.57,32.92,4303,221920
2,2,*NOUSE*,*NOUSE*,0,0,0,0,0,0,0,0
3,3,ADEL,,35,1159,64,142.00,51.02,32.14,4355,222180
4,4,FLPL,,35,1169,74,163.00,56.97,34.25,4430,252396
5,5,*NOUSE*,*NOUSE*,0,0,0,0,0,0,0,0
6,6,RICL,,35,1184,78,168.00,61.61,35.66,3805,234418
7,7,*NOUSE*,*NOUSE*,0,0,0,0,0,0,0,0
8,8,OLQshVL,,35,1391,79,167.00,59.09,35.99,4109,242802
9,9,AUAL,,34,1225,84,195.00,64.30,39.92,4680,300901
10,10,*NOUSE*,*NOUSE*,0,0,0,0,0,0,0,0
11,11,*NOUSE*,*NOUSE*,0,0,0,0,0,0,0,0
12,12,*NOUSE*,*NOUSE*,0,0,0,0,0,0,0,0
13,13,*NOUSE*,*NOUSE*,0,0,0,0,0,0,0,0
14,14,ASHL,,35,1232,70,128.00,57.14,29.22,3467,198088
15,15,H0L,,34,1425,75,95.00,37.60,17.60,5869,220652
16,16,*NOUSE*,*NOUSE*,0,0,0,0,0,0,0,0
17,17,*NOUSE*,*NOUSE*,0,0,0,0,0,0,0,0
18,18,*NOUSE*,*NOUSE*,0,0,0,0,0,0,0,0
19,19,RMGL,,36,1137,76,167.00,58.36,36.13,3901,227654
20,20,OLLshL,,35,1404,78,199.00,61.80,40.66,3488,215552
21,21,*NOUSE*,*NOUSE*,0,0,0,0,0,0,0,0
22,22,*NOUSE*,*NOUSE*,0,0,0,0,0,0,0,0
23,23,RMDVL,,36,1292,64,164.00,49.10,32.89,4227,207535
24,24,AIZL,,37,1181,65,180.00,68.68,38.27,3836,263449
25,25,*NOUSE*,*NOUSE*,0,0,0,0,0,0,0,0
26,26,AFDL,,37,1254,68,140.00,58.84,31.82,3549,208824
27,27,*NOUSE*,*NOUSE*,0,0,0,0,0,0,0,0
28,28,*NOUSE*,*NOUSE*,0,0,0,0,0,0,0,0
29,29,*NOUSE*,*NOUSE*,0,0,0,0,0,0,0,0
30,30,*NOUSE*,*NOUSE*,0,0,0,0,0,0,0,0
31,31,*NOUSE*,*NOUSE*,0,0,0,0,0,0,0,0
32,32,P1/2L,,35,927,91,124.00,38.87,25.48,4202,163313
33,33,*NOUSE*,*NOUSE*,0,0,0,0,0,0,0,0
34,34,*NOUSE*,*NOUSE*,0,0,0,0,0,0,0,0
35,35,*NOUSE*,*NOUSE*,0,0,0,0,0,0,0,0
36,36,*NOUSE*,*NOUSE*,0,0,0,0,0,0,0,0
37,37,RMDL,,37,1277,84,162.00,63.50,36.69,3524,223788
38,38,AINL,,38,1175,53,174.00,66.58,38.17,3254,216639
39,39,*NOUSE*,*NOUSE*,0,0,0,0,0,0,0,0
40,40,*NOUSE*,*NOUSE*,0,0,0,0,0,0,0,0
41,41,*NOUSE*,*NOUSE*,0,0,0,0,0,0,0,0
42,42,ADEsHL,,38,1094,75,180.00,50.66,38.64,4543,230156
43,43,BDUL,,38,997,73,172.00,53.38,41.79,3778,201671
44,44,*NOUSE*,*NOUSE*,0,0,0,0,0,0,0,0
45,45,*NOUSE*,*NOUSE*,0,0,0,0,0,0,0,0
46,46,*NOUSE*,*NOUSE*,0,0,0,0,0,0,0,0
47,47,*NOUSE*,*NOUSE*,0,0,0,0,0,0,0,0
48,48,*NOUSE*,*NOUSE*,0,0,0,0,0,0,0,0
49,49,*NOUSE*,*NOUSE*,0,0,0,0,0,0,0,0
50,50,*NOUSE*,*NOUSE*,0,0,0,0,0,0,0,0
51,51,*NOUSE*,*NOUSE*,0,0,0,0,0,0,0,0
52,52,*NOUSE*,*NOUSE*,0,0,0,0,0,0,0,0
53,53,*NOUSE*,*NOUSE*,0,0,0,0,0,0,0,0
54,54,*NOUSE*,*NOUSE*,0,0,0,0,0,0,0,0
55,55,*NOUSE*,*NOUSE*,0,0,0,0,0,0,0,0
56,56,P3/4L,,37,830,86,106.00,33.40,21.34,4906,163841
57,57,*NOUSE*,*NOUSE*,0,0,0,0,0,0,0,0
58,58,*NOUSE*,*NOUSE*,0,0,0,0,0,0,0,0
59,59,hyp7ABLD,,37,1073,69,100.00,27.40,14.28,6569,180007
60,60,*NOUSE*,*NOUSE*,0,0,0,0,0,0,0,0
61,61,CEPshVL,,42,1310,88,176.00,67.10,38.32,3741,251031
62,62,*NOUSE*,*NOUSE*,0,0,0,0,0,0,0,0
63,63,AMshL,,38,1149,49,103.00,40.98,19.22,4196,171935
64,64,*NOUSE*,*NOUSE*,0,0,0,0,0,0,0,0
65,65,hyp1L,,40,1412,58,157.00,52.00,28.86,4213,219094
66,66,SMDVL,,41,1264,58,164.00,70.82,36.33,2933,207726
67,67,*NOUSE*,*NOUSE*,0,0,0,0,0,0,0,0
68,68,hyp7LC3,,39,723,58,70.00,25.30,11.18,6538,165387
69,69,hyp5L,,38,1516,73,97.00,33.76,16.83,5396,182163
70,70,ccla,,44,759,92,152.00,44.46,33.37,4687,208387
71,71,VL6,,40,1289,98,128.00,43.86,22.85,5877,257794
72,72,*NOUSE*,*NOUSE*,0,0,0,0,0,0,0,0
73,73,mc3DL,,45,1137,57,157.00,50.08,31.25,4545,227635
74,74,*NOUSE*,*NOUSE*,0,0,0,0,0,0,0,0
75,75,CANL,,41,699,69,127.00,38.34,26.71,4204,161196
76,76,*NOUSE*,*NOUSE*,0,0,0,0,0,0,0,0
77,77,*NOUSE*,*NOUSE*,0,0,0,0,0,0,0,0
78,78,*NOUSE*,*NOUSE*,0,0,0,0,0,0,0,0
79,79,ALML,,42,810,48,139.00,42.02,30.58,5211,218967
80,80,DL6,,41,1293,49,118.00,43.91,23.04,4515,198240
81,81,*NOUSE*,*NOUSE*,0,0,0,0,0,0,0,0
82,82,LUAL,,44,261,62,147.00,45.72,31.62,4121,188417
83,83,*NOUSE*,*NOUSE*,0,0,0,0,0,0,0,0
84,84,P7/8L,,40,582,77,92.00,31.52,17.61,4895,154267
85,85,exc gl l,,42,1127,84,148.00,53.15,31.84,3396,180494
86,86,P5/6L,,40,708,86,93.00,30.04,17.27,5222,156880
87,87,*NOUSE*,*NOUSE*,0,0,0,0,0,0,0,0
88,88,ILshL,,42,1417,91,153.00,57.80,31.78,4108,237423
89,89,*NOUSE*,*NOUSE*,0,0,0,0,0,0,0,0
90,90,*NOUSE*,*NOUSE*,0,0,0,0,0,0,0,0
91,91,*NOUSE*,*NOUSE*,0,0,0,0,0,0,0,0
92,92,hyp7LC4,,41,602,53,69.00,23.17,10.90,5655,131023
93,93,*NOUSE*,*NOUSE*,0,0,0,0,0,0,0,0
94,94,*NOUSE*,*NOUSE*,0,0,0,0,0,0,0,0
95,95,PHBL,,44,275,63,116.00,46.50,27.56,2799,130149
96,96,*NOUSE*,*NOUSE*,0,0,0,0,0,0,0,0
97,97,PVQL,,43,292,73,132.00,39.39,24.60,4144,163222
98,98,PHAL,,45,274,74,130.00,45.55,29.18,4564,207889
99,99,*NOUSE*,*NOUSE*,0,0,0,0,0,0,0,0
100,100,P11/12L,,41,343,80,87.00,34.77,19.02,3052,106122
101,101,AVKL,,43,1157,93,146.00,55.53,31.83,4135,229637
102,102,*NOUSE*,*NOUSE*,0,0,0,0,0,0,0,0
103,103,SIAVL,,42,1212,98,183.00,70.01,36.08,3903,273239
104,104,ASGL,,44,1220,48,194.00,78.77,38.97,2590,204002
105,105,QL,,45,520,55,99.00,33.61,19.72,7145,240111
106,106,V5L,,43,492,70,78.00,27.62,13.19,4942,136490
107,107,repVL,,45,315,74,117.00,37.82,24.72,4305,162830
108,108,*NOUSE*,*NOUSE*,0,0,0,0,0,0,0,0
109,109,SPH,,47,331,76,125.00,44.73,27.81,3970,177582
110,110,*NOUSE*,*NOUSE*,0,0,0,0,0,0,0,0
111,111,VL16,,51,638,88,128.00,37.74,23.30,4832,182352
112,112,*NOUSE*,*NOUSE*,0,0,0,0,0,0,0,0
113,113,*NOUSE*,*NOUSE*,0,0,0,0,0,0,0,0
114,114,VL4,,42,1374,99,118.00,51.74,18.83,2495,129102
115,115,VL10,,45,1054,100,141.00,37.84,24.17,6096,230648
116,116,*NOUSE*,*NOUSE*,0,0,0,0,0,0,0,0
117,117,*NOUSE*,*NOUSE*,0,0,0,0,0,0,0,0
118,118,*NOUSE*,*NOUSE*,0,0,0,0,0,0,0,0
119,119,*NOUSE*,*NOUSE*,0,0,0,0,0,0,0,0
120,120,*NOUSE*,*NOUSE*,0,0,0,0,0,0,0,0
121,121,pm4L,,45,1379,72,151.00,60.13,29.19,3549,213410
122,122,*NOUSE*,*NOUSE*,0,0,0,0,0,0,0,0
123,123,*NOUSE*,*NOUSE*,0,0,0,0,0,0,0,0
124,124,VL8,,45,1116,91,165.00,56.84,36.07,2923,166144
125,125,VL1,,44,1485,93,109.00,41.93,18.26,3890,163098
126,126,*NOUSE*,*NOUSE*,0,0,0,0,0,0,0,0
127,127,VL14,,45,791,90,122.00,37.57,24.20,4449,167158
128,128,SIADL,,43,1227,91,209.00,99.56,41.01,2616,260461
129,129,*NOUSE*,*NOUSE*,0,0,0,0,0,0,0,0
130,130,*NOUSE*,*NOUSE*,0,0,0,0,0,0,0,0
131,131,*NOUSE*,*NOUSE*,0,0,0,0,0,0,0,0
132,132,*NOUSE*,*NOUSE*,0,0,0,0,0,0,0,0
133,133,*NOUSE*,*NOUSE*,0,0,0,0,0,0,0,0
134,134,CEPDL,,47,1274,47,191.00,78.89,45.62,2796,220581
135,135,*NOUSE*,*NOUSE*,0,0,0,0,0,0,0,0
136,136,*NOUSE*,*NOUSE*,0,0,0,0,0,0,0,0
137,137,*NOUSE*,*NOUSE*,0,0,0,0,0,0,0,0
138,138,*NOUSE*,*NOUSE*,0,0,0,0,0,0,0,0
139,139,*NOUSE*,*NOUSE*,0,0,0,0,0,0,0,0
140,140,CCLP,,47,745,90,179.00,46.65,36.39,3839,179106
141,141,*NOUSE*,*NOUSE*,0,0,0,0,0,0,0,0
142,142,*NOUSE*,*NOUSE*,0,0,0,0,0,0,0,0
143,143,*NOUSE*,*NOUSE*,0,0,0,0,0,0,0,0
144,144,DL8,,47,1125,35,144.00,39.44,26.27,5402,213046
145,145,*NOUSE*,*NOUSE*,0,0,0,0,0,0,0,0
146,146,DL14,,48,786,43,143.00,39.13,28.32,5889,230433
147,147,*NOUSE*,*NOUSE*,0,0,0,0,0,0,0,0
148,148,*NOUSE*,*NOUSE*,0,0,0,0,0,0,0,0
149,149,*NOUSE*,*NOUSE*,0,0,0,0,0,0,0,0
150,150,hyp7LC5,,45,468,52,64.00,23.41, 9.96,5345,125135
151,151,*NOUSE*,*NOUSE*,0,0,0,0,0,0,0,0
152,152,*NOUSE*,*NOUSE*,0,0,0,0,0,0,0,0
153,153,*NOUSE*,*NOUSE*,0,0,0,0,0,0,0,0
154,154,pm2VL2,,49,1502,80,162.00,46.00,32.23,3837,176510
155,155,pm1VL,,50,1398,85,212.00,79.65,42.31,3768,300130
156,156,SIBVL,,46,1252,89,213.00,102.05,40.52,2318,236557
157,157,*NOUSE*,*NOUSE*,0,0,0,0,0,0,0,0
158,158,VL9,,47,1095,101,154.00,50.22,33.25,5084,255294
159,159,*NOUSE*,*NOUSE*,0,0,0,0,0,0,0,0
160,160,*NOUSE*,*NOUSE*,0,0,0,0,0,0,0,0
161,161,*NOUSE*,*NOUSE*,0,0,0,0,0,0,0,0
162,162,*NOUSE*,*NOUSE*,0,0,0,0,0,0,0,0
163,163,vpi2DL,,49,1106,54,174.00,52.15,37.55,4491,234207
164,164,*NOUSE*,*NOUSE*,0,0,0,0,0,0,0,0
165,165,pm1L,,47,1404,73,188.00,74.61,37.71,3230,240984
166,166,pm3L,,48,1443,73,107.00,43.05,20.63,4960,213545
167,167,*NOUSE*,*NOUSE*,0,0,0,0,0,0,0,0
168,168,pm2VL1,,49,1519,79,170.00,44.08,30.97,5388,237514
169,169,inVL1,,50,1042,90,97.00,30.04,14.41,6425,193034
170,170,*NOUSE*,*NOUSE*,0,0,0,0,0,0,0,0
171,171,*NOUSE*,*NOUSE*,0,0,0,0,0,0,0,0
172,172,*NOUSE*,*NOUSE*,0,0,0,0,0,0,0,0
173,173,*NOUSE*,*NOUSE*,0,0,0,0,0,0,0,0
174,174,pm6VL,,49,1160,77,161.00,60.04,29.94,3735,224261
175,175,*NOUSE*,*NOUSE*,0,0,0,0,0,0,0,0
176,176,U,,51,300,81,107.00,45.58,27.42,2910,132636
177,177,I1L,,49,1422,81,161.00,59.47,35.35,3901,231977
178,178,*NOUSE*,*NOUSE*,0,0,0,0,0,0,0,0
179,179,VL15,,50,727,94,145.00,41.10,28.27,4436,182315
180,180,*NOUSE*,*NOUSE*,0,0,0,0,0,0,0,0
181,181,IL2DL,,50,1361,46,139.00,59.37,30.84,2922,173480
182,182,M5,,51,1131,47,185.00,61.70,42.05,3665,226146
183,183,DL20,,48,371,55,85.00,28.78,13.72,3336,96009
184,184,repD,,56,298,58,124.00,46.54,26.67,3652,169965
185,185,RIAL,,48,1254,60,161.00,73.90,35.04,2757,203741
186,186,inV5,,49,727,67,57.00,22.57, 8.70,6877,155205
187,187,g1aL,,49,1171,59,175.00,65.20,30.34,3158,205913
188,188,M2L,,48,1177,74,205.00,91.99,43.69,2633,242206
189,189,*NOUSE*,*NOUSE*,0,0,0,0,0,0,0,0
190,190,*NOUSE*,*NOUSE*,0,0,0,0,0,0,0,0
191,191,inV2,,51,974,93,64.00,25.93,10.66,7115,184476
192,192,VL13,,51,847,99,141.00,41.18,28.95,3959,163012
193,193,VL11,,50,946,100,121.00,41.81,27.85,3420,142978
194,194,*NOUSE*,*NOUSE*,0,0,0,0,0,0,0,0
195,195,*NOUSE*,*NOUSE*,0,0,0,0,0,0,0,0
196,196,DL9,,53,1101,34,149.00,47.96,32.06,5164,247653
197,197,*NOUSE*,*NOUSE*,0,0,0,0,0,0,0,0
198,198,I6,,49,1158,48,170.00,64.22,39.38,3643,233943
199,199,*NOUSE*,*NOUSE*,0,0,0,0,0,0,0,0
200,200,GLRDL,,52,1283,54,203.00,82.02,45.45,2910,238683
201,201,*NOUSE*,*NOUSE*,0,0,0,0,0,0,0,0
202,202,*NOUSE*,*NOUSE*,0,0,0,0,0,0,0,0
203,203,VL19,,51,232,77,104.00,38.84,22.23,3877,150573
204,204,*NOUSE*,*NOUSE*,0,0,0,0,0,0,0,0
205,205,e2VL,,51,1551,78,114.00,34.16,21.55,5070,173197
206,206,*NOUSE*,*NOUSE*,0,0,0,0,0,0,0,0
207,207,*NOUSE*,*NOUSE*,0,0,0,0,0,0,0,0
208,208,*NOUSE*,*NOUSE*,0,0,0,0,0,0,0,0
209,209,*NOUSE*,*NOUSE*,0,0,0,0,0,0,0,0
210,210,*NOUSE*,*NOUSE*,0,0,0,0,0,0,0,0
211,211,*NOUSE*,*NOUSE*,0,0,0,0,0,0,0,0
212,212,*NOUSE*,*NOUSE*,0,0,0,0,0,0,0,0
213,213,pm7VL,,49,1136,76,169.00,55.44,33.32,4039,223921
214,214,*NOUSE*,*NOUSE*,0,0,0,0,0,0,0,0
215,215,*NOUSE*,*NOUSE*,0,0,0,0,0,0,0,0
216,216,*NOUSE*,*NOUSE*,0,0,0,0,0,0,0,0
217,217,*NOUSE*,*NOUSE*,0,0,0,0,0,0,0,0
218,218,*NOUSE*,*NOUSE*,0,0,0,0,0,0,0,0
219,219,*NOUSE*,*NOUSE*,0,0,0,0,0,0,0,0
220,220,*NOUSE*,*NOUSE*,0,0,0,0,0,0,0,0
221,221,*NOUSE*,*NOUSE*,0,0,0,0,0,0,0,0
222,222,*NOUSE*,*NOUSE*,0,0,0,0,0,0,0,0
223,223,*NOUSE*,*NOUSE*,0,0,0,0,0,0,0,0
224,224,TL,,53,194,59,81.00,31.34,15.71,4186,131198
225,225,pm5L,,51,1189,67,179.00,76.86,34.04,3189,245096
226,226,*NOUSE*,*NOUSE*,0,0,0,0,0,0,0,0
227,227,vpi3V,,54,1100,74,180.00,61.36,40.93,3779,231889
228,228,*NOUSE*,*NOUSE*,0,0,0,0,0,0,0,0
229,229,DA9,,60,307,85,129.00,54.33,31.02,3747,203579
230,230,*NOUSE*,*NOUSE*,0,0,0,0,0,0,0,0
231,231,DA7,,53,418,91,117.00,38.92,24.26,3415,132909
232,232,DD3,,54,798,101,167.00,48.33,37.98,3173,153336
233,233,*NOUSE*,*NOUSE*,0,0,0,0,0,0,0,0
234,234,*NOUSE*,*NOUSE*,0,0,0,0,0,0,0,0
235,235,*NOUSE*,*NOUSE*,0,0,0,0,0,0,0,0
236,236,*NOUSE*,*NOUSE*,0,0,0,0,0,0,0,0
237,237,g2L,,55,1120,82,212.00,79.27,44.46,3467,274821
238,238,DB6,,54,562,88,130.00,37.80,27.30,4280,161777
239,239,*NOUSE*,*NOUSE*,0,0,0,0,0,0,0,0
240,240,*NOUSE*,*NOUSE*,0,0,0,0,0,0,0,0
241,241,DA4,,55,817,101,172.00,42.42,36.01,4050,171810
242,242,RIFL,,54,1139,102,201.00,77.05,48.20,3082,237467
243,243,DL18,,54,482,43,123.00,34.02,20.92,4963,168823
244,244,*NOUSE*,*NOUSE*,0,0,0,0,0,0,0,0
245,245,*NOUSE*,*NOUSE*,0,0,0,0,0,0,0,0
246,246,*NOUSE*,*NOUSE*,0,0,0,0,0,0,0,0
247,247,*NOUSE*,*NOUSE*,0,0,0,0,0,0,0,0
248,248,ADLL,,54,1227,45,145.00,62.24,29.93,3255,202587
249,249,INd3,,56,928,50,61.00,24.40,10.12,9314,227293
250,250,*NOUSE*,*NOUSE*,0,0,0,0,0,0,0,0
251,251,*NOUSE*,*NOUSE*,0,0,0,0,0,0,0,0
252,252,*NOUSE*,*NOUSE*,0,0,0,0,0,0,0,0
253,253,DD5,,54,463,89,124.00,39.25,27.29,3821,149967
254,254,DB7,,54,438,90,108.00,37.97,23.95,3328,126380
255,255,*NOUSE*,*NOUSE*,0,0,0,0,0,0,0,0
256,256,DD4,,55,620,95,148.00,41.57,30.94,3512,145998
257,257,DB5,,55,750,102,156.00,48.97,33.28,3620,177287
258,258,DA2,,55,1008,106,171.00,52.20,39.74,4362,227713
259,259,DB3,,55,1031,108,160.00,46.24,36.17,4792,221572
260,260,*NOUSE*,*NOUSE*,0,0,0,0,0,0,0,0
261,261,hyp6D4,,56,1378,37,113.00,44.43,21.01,3811,169304
262,262,*NOUSE*,*NOUSE*,0,0,0,0,0,0,0,0
263,263,*NOUSE*,*NOUSE*,0,0,0,0,0,0,0,0
264,264,*NOUSE*,*NOUSE*,0,0,0,0,0,0,0,0
265,265,*NOUSE*,*NOUSE*,0,0,0,0,0,0,0,0
266,266,inV4,,57,826,87,52.00,21.38, 8.01,6603,141155
267,267,YPDA,,55,292,91,105.00,39.39,22.59,3411,134367
268,268,pm4VL,,54,1377,91,152.00,60.60,27.25,4076,246992
269,269,*NOUSE*,*NOUSE*,0,0,0,0,0,0,0,0
270,270,DA3,,57,924,107,177.00,50.81,41.95,3596,182713
271,271,INd4,,60,852,55,62.00,25.28,10.51,7483,189173
272,272,*NOUSE*,*NOUSE*,0,0,0,0,0,0,0,0
273,273,vpi2V,,62,1109,80,218.00,89.65,48.24,3998,358406
274,274,*NOUSE*,*NOUSE*,0,0,0,0,0,0,0,0
275,275,DA6,,56,538,88,125.00,40.02,28.42,3477,139137
276,276,DA5,,58,673,100,141.00,46.38,31.78,3791,175820
277,277,DD1,,56,1108,95,216.00,98.78,47.16,2544,251284
278,278,*NOUSE*,*NOUSE*,0,0,0,0,0,0,0,0
279,279,*NOUSE*,*NOUSE*,0,0,0,0,0,0,0,0
280,280,IL2VL,,55,1361,102,165.00,64.43,33.99,4117,265239
281,281,*NOUSE*,*NOUSE*,0,0,0,0,0,0,0,0
282,282,DA1,,57,1071,107,188.00,50.83,40.80,4439,225647
283,283,DB4,,56,896,109,156.00,47.36,35.95,4304,203842
284,284,RID,,59,1287,40,144.00,53.24,30.85,3560,189543
285,285,*NOUSE*,*NOUSE*,0,0,0,0,0,0,0,0
286,286,*NOUSE*,*NOUSE*,0,0,0,0,0,0,0,0
287,287,*NOUSE*,*NOUSE*,0,0,0,0,0,0,0,0
288,288,*NOUSE*,*NOUSE*,0,0,0,0,0,0,0,0
289,289,*NOUSE*,*NOUSE*,0,0,0,0,0,0,0,0
290,290,*NOUSE*,*NOUSE*,0,0,0,0,0,0,0,0
291,291,DL21,,59,222,55,117.00,41.44,25.81,3118,129197
292,292,mc2DL,,54,1204,60,139.00,70.97,24.24,1899,134771
293,293,PVR,,62,177,58,96.00,32.42,20.01,4107,133156
294,294,*NOUSE*,*NOUSE*,0,0,0,0,0,0,0,0
295,295,*NOUSE*,*NOUSE*,0,0,0,0,0,0,0,0
296,296,*NOUSE*,*NOUSE*,0,0,0,0,0,0,0,0
297,297,*NOUSE*,*NOUSE*,0,0,0,0,0,0,0,0
298,298,inV3,,58,910,92,71.00,23.58,10.05,6583,155254
299,299,*NOUSE*,*NOUSE*,0,0,0,0,0,0,0,0
300,300,*NOUSE*,*NOUSE*,0,0,0,0,0,0,0,0
301,301,*NOUSE*,*NOUSE*,0,0,0,0,0,0,0,0
302,302,*NOUSE*,*NOUSE*,0,0,0,0,0,0,0,0
303,303,*NOUSE*,*NOUSE*,0,0,0,0,0,0,0,0
304,304,*NOUSE*,*NOUSE*,0,0,0,0,0,0,0,0
305,305,hyp6D3,,58,1400,39,130.00,46.42,24.08,3548,164691
306,306,*NOUSE*,*NOUSE*,0,0,0,0,0,0,0,0
307,307,*NOUSE*,*NOUSE*,0,0,0,0,0,0,0,0
308,308,*NOUSE*,*NOUSE*,0,0,0,0,0,0,0,0
309,309,*NOUSE*,*NOUSE*,0,0,0,0,0,0,0,0
310,310,*NOUSE*,*NOUSE*,0,0,0,0,0,0,0,0
311,311,*NOUSE*,*NOUSE*,0,0,0,0,0,0,0,0
312,312,DVA,,56,268,61,114.00,54.28,25.13,3069,166591
313,313,*NOUSE*,*NOUSE*,0,0,0,0,0,0,0,0
314,314,*NOUSE*,*NOUSE*,0,0,0,0,0,0,0,0
315,315,*NOUSE*,*NOUSE*,0,0,0,0,0,0,0,0
316,316,*NOUSE*,*NOUSE*,0,0,0,0,0,0,0,0
317,317,*NOUSE*,*NOUSE*,0,0,0,0,0,0,0,0
318,318,*NOUSE*,*NOUSE*,0,0,0,0,0,0,0,0
319,319,Z2,,62,714,89,127.00,40.33,24.09,8896,358758
320,320,*NOUSE*,*NOUSE*,0,0,0,0,0,0,0,0
321,321,*NOUSE*,*NOUSE*,0,0,0,0,0,0,0,0
322,322,*NOUSE*,*NOUSE*,0,0,0,0,0,0,0,0
323,323,*NOUSE*,*NOUSE*,0,0,0,0,0,0,0,0
324,324,ASIL,,56,1210,44,177.00,76.22,37.40,1883,143527
325,325,*NOUSE*,*NOUSE*,0,0,0,0,0,0,0,0
326,326,*NOUSE*,*NOUSE*,0,0,0,0,0,0,0,0
327,327,*NOUSE*,*NOUSE*,0,0,0,0,0,0,0,0
328,328,*NOUSE*,*NOUSE*,0,0,0,0,0,0,0,0
329,329,hyp4V1,,59,1583,89,111.00,33.58,21.27,4363,146529
330,330,I5,,61,1166,89,187.00,72.32,38.72,3674,265708
331,331,hyp4V2,,60,1559,91,114.00,36.19,23.53,4541,164336
332,332,*NOUSE*,*NOUSE*,0,0,0,0,0,0,0,0
333,333,*NOUSE*,*NOUSE*,0,0,0,0,0,0,0,0
334,334,DB2,,58,1166,110,190.00,67.51,40.32,3433,231775
335,335,DB1,,59,1103,108,163.00,68.48,41.76,3191,218528
336,336,*NOUSE*,*NOUSE*,0,0,0,0,0,0,0,0
337,337,*NOUSE*,*NOUSE*,0,0,0,0,0,0,0,0
338,338,*NOUSE*,*NOUSE*,0,0,0,0,0,0,0,0
339,339,ALA,,58,1273,44,184.00,92.32,40.48,2152,198675
340,340,inD2,,63,989,51,74.00,27.45,11.78,8241,226247
341,341,*NOUSE*,*NOUSE*,0,0,0,0,0,0,0,0
342,342,I3,,60,1368,56,201.00,72.38,41.14,3161,228793
343,343,*NOUSE*,*NOUSE*,0,0,0,0,0,0,0,0
344,344,M4,,59,1340,60,166.00,68.74,35.52,3699,254281
345,345,*NOUSE*,*NOUSE*,0,0,0,0,0,0,0,0
346,346,*NOUSE*,*NOUSE*,0,0,0,0,0,0,0,0
347,347,*NOUSE*,*NOUSE*,0,0,0,0,0,0,0,0
348,348,RIGR,,58,1090,102,181.00,64.61,40.94,3605,232904
349,349,*NOUSE*,*NOUSE*,0,0,0,0,0,0,0,0
350,350,pm7D,,63,1140,39,155.00,45.46,29.06,5490,249575
351,351,pm6D,,61,1163,44,166.00,65.49,35.17,3481,227971
352,352,I4,,60,1178,45,201.00,79.90,43.01,2870,229316
353,353,*NOUSE*,*NOUSE*,0,0,0,0,0,0,0,0
354,354,*NOUSE*,*NOUSE*,0,0,0,0,0,0,0,0
355,355,*NOUSE*,*NOUSE*,0,0,0,0,0,0,0,0
356,356,*NOUSE*,*NOUSE*,0,0,0,0,0,0,0,0
357,357,mc1V,,59,1405,92,140.00,64.79,30.67,2266,146812
358,358,*NOUSE*,*NOUSE*,0,0,0,0,0,0,0,0
359,359,*NOUSE*,*NOUSE*,0,0,0,0,0,0,0,0
360,360,RMED,,59,1312,42,167.00,63.36,36.21,1925,121969
361,361,inD7,,62,529,49,47.00,20.11, 7.45,7323,147290
362,362,*NOUSE*,*NOUSE*,0,0,0,0,0,0,0,0
363,363,*NOUSE*,*NOUSE*,0,0,0,0,0,0,0,0
364,364,*NOUSE*,*NOUSE*,0,0,0,0,0,0,0,0
365,365,*NOUSE*,*NOUSE*,0,0,0,0,0,0,0,0
366,366,*NOUSE*,*NOUSE*,0,0,0,0,0,0,0,0
367,367,hyp9,,61,87,71,49.00,20.19, 6.68,1977,39925
368,368,*NOUSE*,*NOUSE*,0,0,0,0,0,0,0,0
369,369,Z1,,66,733,91,129.00,39.27,22.82,4768,187237
370,370,*NOUSE*,*NOUSE*,0,0,0,0,0,0,0,0
371,371,*NOUSE*,*NOUSE*,0,0,0,0,0,0,0,0
372,372,*NOUSE*,*NOUSE*,0,0,0,0,0,0,0,0
373,373,*NOUSE*,*NOUSE*,0,0,0,0,0,0,0,0
374,374,ADLR,,65,1234,48,139.00,63.74,30.06,3288,209593
375,375,*NOUSE*,*NOUSE*,0,0,0,0,0,0,0,0
376,376,inD5,,65,767,57,61.00,22.84, 9.76,7085,161853
377,377,*NOUSE*,*NOUSE*,0,0,0,0,0,0,0,0
378,378,hyp101,,58,74,67,28.00,15.42, 3.72,260,4008
379,379,*NOUSE*,*NOUSE*,0,0,0,0,0,0,0,0
380,380,*NOUSE*,*NOUSE*,0,0,0,0,0,0,0,0
381,381,*NOUSE*,*NOUSE*,0,0,0,0,0,0,0,0
382,382,*NOUSE*,*NOUSE*,0,0,0,0,0,0,0,0
383,383,hyp6V2,,61,1422,100,133.00,56.31,27.70,4375,246359
384,384,*NOUSE*,*NOUSE*,0,0,0,0,0,0,0,0
385,385,*NOUSE*,*NOUSE*,0,0,0,0,0,0,0,0
386,386,*NOUSE*,*NOUSE*,0,0,0,0,0,0,0,0
387,387,*NOUSE*,*NOUSE*,0,0,0,0,0,0,0,0
388,388,g2R,,69,1123,82,236.00,85.67,47.78,3836,328642
389,389,*NOUSE*,*NOUSE*,0,0,0,0,0,0,0,0
390,390,VR13,,66,882,103,136.00,42.96,30.80,4748,203993
391,391,*NOUSE*,*NOUSE*,0,0,0,0,0,0,0,0
392,392,*NOUSE*,*NOUSE*,0,0,0,0,0,0,0,0
393,393,TR,,65,198,63,82.00,31.10,15.70,4491,139665
394,394,LUAR,,68,261,64,160.00,54.65,37.44,3011,164564
395,395,*NOUSE*,*NOUSE*,0,0,0,0,0,0,0,0
396,396,repVR,,69,313,76,149.00,41.82,30.31,4729,197769
397,397,VR18,,65,503,84,105.00,36.34,20.32,4360,158433
398,398,*NOUSE*,*NOUSE*,0,0,0,0,0,0,0,0
399,399,*NOUSE*,*NOUSE*,0,0,0,0,0,0,0,0
400,400,*NOUSE*,*NOUSE*,0,0,0,0,0,0,0,0
401,401,*NOUSE*,*NOUSE*,0,0,0,0,0,0,0,0
402,402,VR14,,67,807,94,145.00,39.32,28.21,4180,164363
403,403,DR15,,67,788,43,150.00,41.15,29.92,5650,232491
404,404,*NOUSE*,*NOUSE*,0,0,0,0,0,0,0,0
405,405,*NOUSE*,*NOUSE*,0,0,0,0,0,0,0,0
406,406,*NOUSE*,*NOUSE*,0,0,0,0,0,0,0,0
407,407,*NOUSE*,*NOUSE*,0,0,0,0,0,0,0,0
408,408,M3R,,67,1340,75,224.00,81.70,44.67,3470,283516
409,409,*NOUSE*,*NOUSE*,0,0,0,0,0,0,0,0
410,410,PVQR,,69,291,78,130.00,43.35,29.65,4067,176287
411,411,*NOUSE*,*NOUSE*,0,0,0,0,0,0,0,0
412,412,*NOUSE*,*NOUSE*,0,0,0,0,0,0,0,0
413,413,*NOUSE*,*NOUSE*,0,0,0,0,0,0,0,0
414,414,*NOUSE*,*NOUSE*,0,0,0,0,0,0,0,0
415,415,*NOUSE*,*NOUSE*,0,0,0,0,0,0,0,0
416,416,IL2DR,,69,1362,45,171.00,58.14,34.14,3271,190165
417,417,ASKR,,68,1250,50,161.00,70.06,35.67,3057,214172
418,418,PVCR,,67,254,74,139.00,50.30,32.18,3049,153369
419,419,*NOUSE*,*NOUSE*,0,0,0,0,0,0,0,0
420,420,*NOUSE*,*NOUSE*,0,0,0,0,0,0,0,0
421,421,pm4VR,,67,1379,90,175.00,63.53,30.44,4416,280545
422,422,*NOUSE*,*NOUSE*,0,0,0,0,0,0,0,0
423,423,*NOUSE*,*NOUSE*,0,0,0,0,0,0,0,0
424,424,pm2VR2,,70,1507,79,156.00,48.26,32.48,5768,278351
425,425,*NOUSE*,*NOUSE*,0,0,0,0,0,0,0,0
426,426,*NOUSE*,*NOUSE*,0,0,0,0,0,0,0,0
427,427,VR12,,70,931,98,148.00,45.30,33.94,4506,204119
428,428,*NOUSE*,*NOUSE*,0,0,0,0,0,0,0,0
429,429,DR18,,69,553,42,144.00,37.70,26.61,4682,176502
430,430,*NOUSE*,*NOUSE*,0,0,0,0,0,0,0,0
431,431,DR3,,68,1429,44,122.00,49.83,23.09,2190,109133
432,432,*NOUSE*,*NOUSE*,0,0,0,0,0,0,0,0
433,433,*NOUSE*,*NOUSE*,0,0,0,0,0,0,0,0
434,434,ALNR,,67,245,62,138.00,51.94,33.54,3232,167855
435,435,inV6,,69,670,71,70.00,23.42,10.01,5581,130705
436,436,e2VR,,68,1553,77,94.00,32.39,18.94,5105,165329
437,437,*NOUSE*,*NOUSE*,0,0,0,0,0,0,0,0
438,438,*NOUSE*,*NOUSE*,0,0,0,0,0,0,0,0
439,439,pm2VR1,,70,1524,78,135.00,36.78,23.83,3352,123270
440,440,*NOUSE*,*NOUSE*,0,0,0,0,0,0,0,0
441,441,*NOUSE*,*NOUSE*,0,0,0,0,0,0,0,0
442,442,NSMR,,71,1367,79,207.00,75.99,42.69,3478,264304
443,443,*NOUSE*,*NOUSE*,0,0,0,0,0,0,0,0
444,444,imR,,68,363,89,107.00,35.89,20.48,3981,142890
445,445,*NOUSE*,*NOUSE*,0,0,0,0,0,0,0,0
446,446,RIFR,,69,1137,101,244.00,88.02,49.93,3460,304556
447,447,*NOUSE*,*NOUSE*,0,0,0,0,0,0,0,0
448,448,*NOUSE*,*NOUSE*,0,0,0,0,0,0,0,0
449,449,*NOUSE*,*NOUSE*,0,0,0,0,0,0,0,0
450,450,RIVR,,71,1202,48,227.00,106.48,47.83,2556,272152
451,451,DR19,,71,473,49,113.00,33.51,20.81,5129,171855
452,452,*NOUSE*,*NOUSE*,0,0,0,0,0,0,0,0
453,453,*NOUSE*,*NOUSE*,0,0,0,0,0,0,0,0
454,454,pm5R,,70,1190,65,200.00,91.20,42.89,3030,276349
455,455,*NOUSE*,*NOUSE*,0,0,0,0,0,0,0,0
456,456,SABD,,66,1111,96,206.00,89.46,44.61,3131,280090
457,457,*NOUSE*,*NOUSE*,0,0,0,0,0,0,0,0
458,458,CCRA,,72,970,96,184.00,51.45,41.57,3958,203635
459,459,*NOUSE*,*NOUSE*,0,0,0,0,0,0,0,0
460,460,*NOUSE*,*NOUSE*,0,0,0,0,0,0,0,0
461,461,VR7,,70,1209,104,161.00,65.34,32.32,4329,282855
462,462,*NOUSE*,*NOUSE*,0,0,0,0,0,0,0,0
463,463,*NOUSE*,*NOUSE*,0,0,0,0,0,0,0,0
464,464,*NOUSE*,*NOUSE*,0,0,0,0,0,0,0,0
465,465,*NOUSE*,*NOUSE*,0,0,0,0,0,0,0,0
466,466,*NOUSE*,*NOUSE*,0,0,0,0,0,0,0,0
467,467,*NOUSE*,*NOUSE*,0,0,0,0,0,0,0,0
468,468,*NOUSE*,*NOUSE*,0,0,0,0,0,0,0,0
469,469,pm6VR,,73,1162,77,197.00,67.44,37.55,4123,278065
470,470,P9/10R,,71,474,85,95.00,33.48,16.93,4693,157103
471,471,*NOUSE*,*NOUSE*,0,0,0,0,0,0,0,0
472,472,*NOUSE*,*NOUSE*,0,0,0,0,0,0,0,0
473,473,*NOUSE*,*NOUSE*,0,0,0,0,0,0,0,0
474,474,*NOUSE*,*NOUSE*,0,0,0,0,0,0,0,0
475,475,*NOUSE*,*NOUSE*,0,0,0,0,0,0,0,0
476,476,*NOUSE*,*NOUSE*,0,0,0,0,0,0,0,0
477,477,*NOUSE*,*NOUSE*,0,0,0,0,0,0,0,0
478,478,*NOUSE*,*NOUSE*,0,0,0,0,0,0,0,0
479,479,*NOUSE*,*NOUSE*,0,0,0,0,0,0,0,0
480,480,*NOUSE*,*NOUSE*,0,0,0,0,0,0,0,0
481,481,RIPR,,73,1330,64,203.00,84.43,41.31,2748,232013
482,482,*NOUSE*,*NOUSE*,0,0,0,0,0,0,0,0
483,483,*NOUSE*,*NOUSE*,0,0,0,0,0,0,0,0
484,484,M2R,,73,1179,75,246.00,102.68,51.08,2698,277033
485,485,*NOUSE*,*NOUSE*,0,0,0,0,0,0,0,0
486,486,*NOUSE*,*NOUSE*,0,0,0,0,0,0,0,0
487,487,VR9,,72,1099,97,161.00,54.89,34.44,3976,218238
488,488,*NOUSE*,*NOUSE*,0,0,0,0,0,0,0,0
489,489,CEPDR,,71,1275,45,185.00,83.14,46.32,2242,186404
490,490,*NOUSE*,*NOUSE*,0,0,0,0,0,0,0,0
491,491,g1p,,76,1124,59,137.00,47.52,27.22,3494,166019
492,492,*NOUSE*,*NOUSE*,0,0,0,0,0,0,0,0
493,493,g1AR,,73,1175,56,200.00,75.39,36.94,3408,256940
494,494,URYDR,,73,1335,52,195.00,87.67,41.13,2410,211277
495,495,*NOUSE*,*NOUSE*,0,0,0,0,0,0,0,0
496,496,*NOUSE*,*NOUSE*,0,0,0,0,0,0,0,0
497,497,ARCpDR,,74,1431,57,158.00,52.28,30.03,4160,217472
498,498,*NOUSE*,*NOUSE*,0,0,0,0,0,0,0,0
499,499,AIBR,,72,1251,76,199.00,89.71,40.56,3112,279182
500,500,RIBR,,73,1227,75,191.00,84.89,40.57,3189,270713
501,501,*NOUSE*,*NOUSE*,0,0,0,0,0,0,0,0
502,502,RIS,,74,1183,100,186.00,73.11,40.49,3655,267224
503,503,*NOUSE*,*NOUSE*,0,0,0,0,0,0,0,0
504,504,CEPshDR,,74,1320,53,196.00,73.66,38.84,2839,209111
505,505,DR1,,73,1495,54,90.00,34.08,16.12,5257,179149
506,506,*NOUSE*,*NOUSE*,0,0,0,0,0,0,0,0
507,507,AVJR,,81,1205,55,237.00,89.73,50.71,3478,312066
508,508,*NOUSE*,*NOUSE*,0,0,0,0,0,0,0,0
509,509,*NOUSE*,*NOUSE*,0,0,0,0,0,0,0,0
510,510,HSNR,,76,676,86,169.00,43.53,32.70,4638,201870
511,511,P7/8R,,74,594,87,118.00,34.02,21.13,4121,140185
512,512,*NOUSE*,*NOUSE*,0,0,0,0,0,0,0,0
513,513,*NOUSE*,*NOUSE*,0,0,0,0,0,0,0,0
514,514,*NOUSE*,*NOUSE*,0,0,0,0,0,0,0,0
515,515,*NOUSE*,*NOUSE*,0,0,0,0,0,0,0,0
516,516,ALMR,,76,807,50,164.00,51.05,39.13,4858,248022
517,517,*NOUSE*,*NOUSE*,0,0,0,0,0,0,0,0
518,518,*NOUSE*,*NOUSE*,0,0,0,0,0,0,0,0
519,519,QR,,77,595,68,120.00,37.28,23.51,5858,218386
520,520,*NOUSE*,*NOUSE*,0,0,0,0,0,0,0,0
521,521,*NOUSE*,*NOUSE*,0,0,0,0,0,0,0,0
522,522,*NOUSE*,*NOUSE*,0,0,0,0,0,0,0,0
523,523,VR3,,71,1422,98,138.00,57.90,29.19,3342,193513
524,524,*NOUSE*,*NOUSE*,0,0,0,0,0,0,0,0
525,525,M1,,73,1164,46,206.00,72.93,47.46,3373,245991
526,526,*NOUSE*,*NOUSE*,0,0,0,0,0,0,0,0
527,527,AMsOR,,75,1453,58,136.00,46.63,27.21,4318,201361
528,528,*NOUSE*,*NOUSE*,0,0,0,0,0,0,0,0
529,529,CANR,,77,742,75,167.00,42.36,33.09,4924,208559
530,530,*NOUSE*,*NOUSE*,0,0,0,0,0,0,0,0
531,531,P11/12R,,72,331,81,97.00,37.64,22.02,2141,80585
532,532,BDUR,,77,1001,80,197.00,56.50,45.01,3817,215646
533,533,*NOUSE*,*NOUSE*,0,0,0,0,0,0,0,0
534,534,P3/4R,,76,828,90,120.00,38.99,25.91,4505,175628
535,535,*NOUSE*,*NOUSE*,0,0,0,0,0,0,0,0
536,536,P1/2R,,79,922,92,140.00,43.82,31.26,4192,183707
537,537,*NOUSE*,*NOUSE*,0,0,0,0,0,0,0,0
538,538,AVKR,,77,1171,93,184.00,62.93,35.31,4133,260072
539,539,DR8,,78,1134,34,159.00,45.45,29.59,5060,229973
540,540,*NOUSE*,*NOUSE*,0,0,0,0,0,0,0,0
541,541,*NOUSE*,*NOUSE*,0,0,0,0,0,0,0,0
542,542,*NOUSE*,*NOUSE*,0,0,0,0,0,0,0,0
543,543,CEPsHVR,,77,1313,82,213.00,67.36,38.58,3923,264249
544,544,V3R,,77,772,86,99.00,31.84,17.96,5244,166992
545,545,EXC GL R,,78,1150,93,165.00,56.16,36.48,4759,267244
546,546,*NOUSE*,*NOUSE*,0,0,0,0,0,0,0,0
547,547,mc3Dr,,80,1141,57,192.00,54.34,37.07,4516,245415
548,548,ADFR,,78,1255,62,166.00,79.60,37.36,2680,213341
549,549,*NOUSE*,*NOUSE*,0,0,0,0,0,0,0,0
550,550,VR8,,78,1124,93,160.00,58.90,34.63,3947,232463
551,551,*NOUSE*,*NOUSE*,0,0,0,0,0,0,0,0
552,552,*NOUSE*,*NOUSE*,0,0,0,0,0,0,0,0
553,553,ARCaDR,,80,1469,65,128.00,43.32,26.69,4578,198314
554,554,*NOUSE*,*NOUSE*,0,0,0,0,0,0,0,0
555,555,*NOUSE*,*NOUSE*,0,0,0,0,0,0,0,0
556,556,*NOUSE*,*NOUSE*,0,0,0,0,0,0,0,0
557,557,V2R,,80,878,88,117.00,33.02,20.83,5895,194640
558,558,P5/6R,,78,721,92,120.00,38.10,22.36,4628,176316
559,559,*NOUSE*,*NOUSE*,0,0,0,0,0,0,0,0
560,560,*NOUSE*,*NOUSE*,0,0,0,0,0,0,0,0
561,561,*NOUSE*,*NOUSE*,0,0,0,0,0,0,0,0
562,562,RMDVR,,81,1301,61,179.00,55.00,38.98,3940,216690
563,563,ADEshR,,81,1108,74,205.00,65.62,45.49,3923,257425
564,564,*NOUSE*,*NOUSE*,0,0,0,0,0,0,0,0
565,565,*NOUSE*,*NOUSE*,0,0,0,0,0,0,0,0
566,566,*NOUSE*,*NOUSE*,0,0,0,0,0,0,0,0
567,567,*NOUSE*,*NOUSE*,0,0,0,0,0,0,0,0
568,568,*NOUSE*,*NOUSE*,0,0,0,0,0,0,0,0
569,569,*NOUSE*,*NOUSE*,0,0,0,0,0,0,0,0
570,570,*NOUSE*,*NOUSE*,0,0,0,0,0,0,0,0
571,571,*NOUSE*,*NOUSE*,0,0,0,0,0,0,0,0
572,572,*NOUSE*,*NOUSE*,0,0,0,0,0,0,0,0
573,573,IL2R,,84,1367,64,170.00,57.62,38.03,3750,216090
574,574,*NOUSE*,*NOUSE*,0,0,0,0,0,0,0,0
575,575,AVAR,,81,1284,65,174.00,68.41,41.16,3461,236783
576,576,*NOUSE*,*NOUSE*,0,0,0,0,0,0,0,0
577,577,*NOUSE*,*NOUSE*,0,0,0,0,0,0,0,0
578,578,*NOUSE*,*NOUSE*,0,0,0,0,0,0,0,0
579,579,*NOUSE*,*NOUSE*,0,0,0,0,0,0,0,0
580,580,*NOUSE*,*NOUSE*,0,0,0,0,0,0,0,0
581,581,AMsHR,,83,1182,48,154.00,53.20,27.87,4265,226914
582,582,*NOUSE*,*NOUSE*,0,0,0,0,0,0,0,0
583,583,*NOUSE*,*NOUSE*,0,0,0,0,0,0,0,0
584,584,*NOUSE*,*NOUSE*,0,0,0,0,0,0,0,0
585,585,*NOUSE*,*NOUSE*,0,0,0,0,0,0,0,0
586,586,*NOUSE*,*NOUSE*,0,0,0,0,0,0,0,0
587,587,hyp7ABR3,,83,1029,72,107.00,34.05,19.51,6616,225275
588,588,RMDR,,82,1285,82,197.00,72.30,44.36,3404,246103
589,589,*NOUSE*,*NOUSE*,0,0,0,0,0,0,0,0
590,590,*NOUSE*,*NOUSE*,0,0,0,0,0,0,0,0
591,591,*NOUSE*,*NOUSE*,0,0,0,0,0,0,0,0
592,592,AINR,,83,1191,61,203.00,80.67,48.38,3077,248230
593,593,*NOUSE*,*NOUSE*,0,0,0,0,0,0,0,0
594,594,OLLsHR,,84,1395,71,201.00,60.70,41.43,4004,243038
595,595,*NOUSE*,*NOUSE*,0,0,0,0,0,0,0,0
596,596,ASHR,,84,1243,72,195.00,64.93,39.95,3930,255162
597,597,AUAR,,82,1237,86,200.00,79.48,48.36,4057,322444
598,598,ASJR,,84,1221,83,154.00,61.52,34.96,3289,202346
599,599,SIBDR,,83,1271,84,214.00,88.80,52.68,3138,278640
600,600,AWCR,,83,1256,82,176.00,69.54,40.54,3795,263914
601,601,*NOUSE*,*NOUSE*,0,0,0,0,0,0,0,0
602,602,hyp7ABRD,,85,1091,59,113.00,35.24,19.91,6321,222777
603,603,*NOUSE*,*NOUSE*,0,0,0,0,0,0,0,0
604,604,ADAR,,87,1171,79,241.00,78.08,49.71,3199,249767
605,605,*NOUSE*,*NOUSE*,0,0,0,0,0,0,0,0
606,606,*NOUSE*,*NOUSE*,0,0,0,0,0,0,0,0
607,607,*NOUSE*,*NOUSE*,0,0,0,0,0,0,0,0
608,608,*NOUSE*,*NOUSE*,0,0,0,0,0,0,0,0
609,609,XXXR,,83,1369,76,181.00,74.25,44.45,2267,168334
610,610,*NOUSE*,*NOUSE*,0,0,0,0,0,0,0,0
611,611,H2R,,88,1125,70,126.00,42.18,25.31,6041,254824
612,612,RMGR,,86,1157,77,186.00,63.68,43.88,4376,278666
613,613,*NOUSE*,*NOUSE*,0,0,0,0,0,0,0,0
614,614,*NOUSE*,*NOUSE*,0,0,0,0,0,0,0,0
615,615,*NOUSE*,*NOUSE*,0,0,0,0,0,0,0,0
616,616,ADER,*MANUAL*,84,1176,67,221.00,142.41,30.48,895,127454
617,617,*NOUSE*,*NOUSE*,0,0,0,0,0,0,0,0
618,618,ricr,*MANUAL*$617$613,82,1198,84,201.00,102.63,47.88,1801,184832
619,619,FLPR,*MANUAL*,85,1186,77,225.00,147.08,30.20,861,126637
620,620,AVDR,*MANUAL*,84,1205,67,231.00,145.65,33.31,881,128315
621,621,AFDR,*MANUAL*,83,1267,69,183.00,119.94,26.91,887,106390
622,622,AWBR,*MANUAL*,81,1242,57,199.00,135.22,32.20,891,120479
623,623,AVHR,*MANUAL*,78,1215,50,212.00,141.64,32.96,895,126764
624,624,ASGR,*MANUAL*,75,1227,54,185.00,119.71,27.76,895,107140
625,625,ASER,*MANUAL*,83,1223,64,166.00,88.69,22.26,1365,121065
626,626,SMDVR,*MANUAL*,78,1272,57,192.00,132.19,27.82,865,114341
627,627,*NOUSE*,*NOUSE*,0,0,0,0,0,0,0,0
628,628,SAAVR,*MANUAL*,71,1279,60,226.00,147.87,29.08,880,130126
629,629,GLRDR,*MANUAL*,65,1283,52,217.00,150.39,32.03,895,134599
630,630,AWAR,*MANUAL*,72,1240,62,194.00,117.56,33.01,895,105219
631,631,AIZR,*MANUAL*,78,1193,75,245.00,160.60,30.81,895,143733
632,632,RIMR,*MANUAL*,75,1210,78,218.00,134.73,23.73,895,120580
633,633,AVER,*MANUAL*,74,1272,73,200.00,148.46,22.27,895,132873
634,634,GLRR,*MANUAL*,70,1280,80,216.00,144.96,32.75,799,115823
635,635,*NOUSE*,*NOUSE*,0,0,0,0,0,0,0,0
636,636,AVBR,*MANUAL*,75,1208,62,226.00,152.52,24.34,895,136505
637,637,ASIR,*MANUAL*,66,1216,45,192.00,116.80,32.82,895,104533
638,638,URXR,*MANUAL*,64,1263,48,190.00,126.79,34.61,892,113099
639,639,AWCL,*MANUAL*,34,1245,81,148.00,91.99,22.14,1355,124650
640,640,*NOUSE*,*NOUSE*,0,0,0,0,0,0,0,0
641,641,ASJL,*MANUAL*$640$21,35,1208,81,142.00,65.37,29.04,2565,167680
642,642,ASEL,*MANUAL*,37,1215,61,143.00,95.24,19.29,1298,123624
643,643,AVDL,*MANUAL*,36,1195,62,171.00,120.00,22.56,817,98040
644,644,AVJL,*MANUAL*,39,1190,50,202.00,123.02,30.82,880,108257
645,645,AVAL,*MANUAL*,37,1274,67,147.00,103.69,17.75,821,85126
646,646,AWBL,*MANUAL*,39,1234,56,186.00,117.22,24.64,887,103976
647,647,AVHL,*MANUAL*,43,1208,47,210.00,133.69,33.64,895,119656
648,648,SAAVL,*MANUAL*,45,1275,63,171.00,120.84,19.77,895,108149
649,649,*NOUSE*,*NOUSE*,0,0,0,0,0,0,0,0
650,650,GLRL,*MANUAL*$649$214,48,1272,83,218.00,127.78,45.99,1487,190010
651,651,GLRVL,*MANUAL*,54,1280,88,237.00,159.11,31.40,895,142399
652,652,RIML,*MANUAL*,42,1198,75,164.00,113.72,21.76,895,101780
653,653,RIBL,*MANUAL*,45,1213,67,188.00,122.92,21.41,895,110013
654,654,AIBL,*MANUAL*,45,1241,80,186.00,116.93,19.94,895,104656
655,655,*NOUSE*,*NOUSE*,0,0,0,0,0,0,0,0
656,656,ADFL,*MANUAL*,46,1241,62,160.00,98.43,24.47,895,88091
657,657,AWAL,*MANUAL*,46,1227,61,160.00,108.78,18.27,895,97357
658,658,AVBL,*MANUAL*,43,1199,58,181.00,132.84,20.42,895,118894
659,659,RIVL,*MANUAL*,47,1194,44,207.00,145.53,30.06,891,129668
660,660,ASKL,*MANUAL*,53,1245,48,152.00,106.05,18.75,895,94916
661,661,URXL,*MANUAL*,53,1260,48,193.00,122.45,24.27,895,109594
662,662,RIGL,*MANUAL*,54,1122,100,210.00,151.42,24.05,757,114627
663,663,AVG,*MANUAL*,61,1125,102,210.00,142.97,28.65,895,127955
664,664,SABVR,*MANUAL*,65,1152,102,237.00,156.97,36.50,797,125109
665,665,SABVL,*MANUAL*,57,1152,105,250.00,167.20,38.27,895,149641
666,666,*NOUSE*,*NOUSE*,0,0,0,0,0,0,0,0
667,667,*NOUSE*,*NOUSE*,0,0,0,0,0,0,0,0
668,668,*NOUSE*,*NOUSE*,0,0,0,0,0,0,0,0
669,669,G2,*MANUAL*$668$322,57,1222,103,197.00,91.55,43.74,2626,240404
670,670,*NOUSE*,*NOUSE*,0,0,0,0,0,0,0,0
671,671,G1,*MANUAL*$670$323,58,1248,111,176.00,80.96,37.14,2301,186283
672,672,EXC,*MANUAL*,54,1198,92,121.00,56.86,19.07,2097,119231
673,673,AIML,*MANUAL*,49,1179,94,198.00,129.37,31.77,870,112551
674,674,AIYL,*MANUAL*,41,1173,90,188.00,123.03,30.46,895,110111
675,675,AIMR,*MANUAL*,64,1193,94,229.00,158.30,26.06,627,99255
676,676,*NOUSE*,*NOUSE*,0,0,0,0,0,0,0,0
677,677,SMBDL,*MANUAL*,44,1230,105,173.00,120.68,23.28,895,108007
678,678,SMDDL,*MANUAL*,43,1251,103,193.00,106.50,29.23,1365,145378
679,679,*NOUSE*,*NOUSE*,0,0,0,0,0,0,0,0
680,680,RMDDL,*MANUAL*$679$143,44,1272,99,187.00,97.39,41.19,1501,146178
681,681,SAADL,*MANUAL*,50,1265,95,236.00,168.66,23.41,691,116542
682,682,RIH,*MANUAL*,58,1265,95,228.00,164.02,21.86,1232,202069
683,683,SMBVL,*MANUAL*,50,1241,96,194.00,141.18,20.30,895,126353
684,684,AIAL,*MANUAL*,55,1231,91,211.00,161.86,19.81,803,129974
685,685,EXC DUCT,*MANUAL*,48,1212,85,169.00,106.09,23.05,895,94950
686,686,SMBDR,*MANUAL*,71,1240,103,223.00,154.29,21.46,839,129450
687,687,SMDDR,*MANUAL*$513$559,75,1259,101,183.00,88.72,41.18,2950,261729
688,688,*NOUSE*,*NOUSE*,0,0,0,0,0,0,0,0
689,689,RMDDR,*MANUAL*$688$524,74,1279,98,209.00,95.20,51.75,2283,217344
690,690,SAADR,*MANUAL*,67,1269,94,231.00,182.16,21.48,851,155016
691,691,SMBVR,*MANUAL*,63,1244,100,237.00,168.77,21.76,895,151047
692,692,SIAVR,*MANUAL*,68,1217,91,235.00,157.37,31.45,794,124948
693,693,SIADR,*MANUAL*,74,1223,93,242.00,161.33,28.01,895,144391
694,694,*NOUSE*,*NOUSE*,0,0,0,0,0,0,0,0
695,695,*NOUSE*,*NOUSE*,0,0,0,0,0,0,0,0
696,696,RIR,*MANUAL*$695$381,64,1252,86,203.00,98.47,45.20,1718,169168
697,697,SIBVR,*MANUAL*,73,1264,88,237.00,173.78,22.17,895,155529
698,698,H1R,*MANUAL*,84,1321,64,176.00,84.81,28.41,1147,97279
699,699,URBR,*MANUAL*,82,1346,66,201.00,126.50,34.74,885,111953
700,700,IL1R,*MANUAL*,80,1354,75,193.00,126.14,21.57,895,112895
701,701,URYVR,*MANUAL*,78,1343,81,205.00,143.96,21.58,895,128844
702,702,BAGR,*MANUAL*,80,1326,77,179.00,116.00,26.81,1283,148822
703,703,OLQVR,*MANUAL*,73,1331,82,203.00,143.11,25.14,895,128082
704,704,URAVR,*MANUAL*,68,1338,92,233.00,160.11,31.75,895,143298
705,705,CEPVR,*MANUAL*,68,1319,91,231.00,150.35,30.16,895,134560
706,706,IL1VR,*MANUAL*,60,1329,91,221.00,154.78,22.66,895,138526
707,707,IL2VR,*MANUAL*,68,1355,97,188.00,128.56,31.77,877,112750
708,708,CEPsOVR,*MANUAL*,75,1354,89,198.00,116.98,31.57,895,104693
709,709,OLQsHVR,*MANUAL*,81,1413,80,177.00,104.28,28.72,895,93335
710,710,ILsHR,*MANUAL*,76,1431,87,201.00,129.70,34.30,895,116078
711,711,OLQsOVR,*MANUAL*,78,1443,83,196.00,117.58,29.70,875,102883
712,712,ILsOR,*MANUAL*,80,1452,78,182.00,115.35,29.12,895,103241
713,713,ARCpVR,*MANUAL*,78,1470,78,148.00,90.91,28.45,895,81362
714,714,H0R,*MANUAL*$585$603,83,1429,70,111.00,42.07,21.24,4471,188085
715,715,*NOUSE*,*NOUSE*,0,0,0,0,0,0,0,0
716,716,*NOUSE*,*NOUSE*,0,0,0,0,0,0,0,0
717,717,OLQshDR,*MANUAL*,81,1388,57,173.00,106.40,26.62,895,95224
718,718,OLLsoR,*MANUAL*,79,1373,55,174.00,105.34,31.83,895,94277
719,719,CEPsODR,*MANUAL*,76,1358,53,204.00,124.30,30.23,895,111251
720,720,rmer,*MANUAL*,77,1317,66,190.00,132.79,23.93,895,118849
721,721,OLLR,*MANUAL*,73,1348,60,193.00,125.82,27.40,895,112608
722,722,*NOUSE*,*NOUSE*,0,0,0,0,0,0,0,0
723,723,H1L,*MANUAL*$722$17,33,1302,76,105.00,41.24,17.59,2508,103423
724,724,URBL,*MANUAL*,36,1342,69,177.00,113.52,28.09,873,99100
725,725,IL1L,*MANUAL*,40,1349,76,182.00,121.31,19.52,679,82372
726,726,URYVL,*MANUAL*,41,1337,86,175.00,126.92,18.45,890,112961
727,727,BAGL,*MANUAL*,39,1323,80,147.00,101.10,18.15,877,88669
728,728,OLQVL,*MANUAL*,46,1323,88,176.00,129.32,19.35,889,114969
729,729,URAVL,*MANUAL*,51,1336,96,226.00,148.59,32.64,893,132692
730,730,CEPVL,*MANUAL*,53,1317,94,205.00,147.37,20.96,895,131894
731,731,IL1VL,*MANUAL*,58,1345,94,224.00,157.19,33.11,895,140683
732,732,CEPsoVL,*MANUAL*,45,1351,94,163.00,105.19,24.29,895,94146
733,733,XXXL,*MANUAL*,38,1365,80,172.00,113.01,22.46,825,93232
734,734,IL2L,*MANUAL*,35,1365,66,153.00,85.06,19.15,855,72729
735,735,OLQsoVL,*MANUAL*,44,1435,94,173.00,114.38,26.85,847,96879
736,736,ILsoL,*MANUAL*,39,1438,87,141.00,84.20,24.60,895,75360
737,737,ARCpVL,*MANUAL*,40,1452,87,157.00,93.08,19.42,785,73071
738,738,ARCaDL,*MANUAL*,38,1477,79,154.00,93.79,19.90,745,69875
739,739,hyp2L,*MANUAL*$36$41,36,1460,72,132.00,42.29,22.17,4888,206734
740,740,ARCpDL,*MANUAL*,39,1443,62,151.00,79.25,22.46,895,70925
741,741,AMsOL,*MANUAL*,41,1428,59,156.00,86.24,25.75,895,77182
742,742,ILshDL,*MANUAL*,42,1396,54,177.00,95.21,26.87,895,85210
743,743,OLQshDL,*MANUAL*,37,1384,60,168.00,99.09,33.06,895,88689
744,744,OLLsoL,*MANUAL*,40,1368,58,186.00,97.04,31.63,895,86854
745,745,CEPsODL,*MANUAL*,41,1350,55,189.00,121.65,30.16,701,85279
746,746,RMEL,*MANUAL*,42,1315,68,168.00,107.32,22.96,895,96049
747,747,RIPL,*MANUAL*,45,1328,64,159.00,106.08,21.20,895,94944
748,748,OLLL,*MANUAL*,45,1343,63,189.00,123.53,23.32,895,110558
749,749,CEPsHDL,*MANUAL*,43,1318,55,153.00,95.29,23.63,895,85286
750,750,URYDL,*MANUAL*,44,1335,52,173.00,118.02,24.13,895,105629
751,751,URADL,*MANUAL*,47,1347,50,208.00,136.98,29.31,895,122594
752,752,IL1DL,*MANUAL*,56,1338,47,201.00,147.23,24.28,821,120873
753,753,OLQDL,*MANUAL*,54,1323,46,206.00,143.00,21.42,763,109111
754,754,hyp5R,*MANUAL*$541$555,78,1523,65,99.00,31.63,15.94,5292,167405
755,755,hyp4D,*MANUAL*$288$308,57,1591,49,83.00,28.91,14.86,4772,137969
756,756,hyp31,*MANUAL*,59,1535,45,128.00,79.49,21.92,895,71146
757,757,hyp32,*MANUAL*,56,1524,43,146.00,80.48,25.75,895,72031
758,758,ARCpD,*MANUAL*,53,1505,45,160.00,80.36,33.39,893,71762
759,759,ILsoDL,*MANUAL*,51,1479,47,160.00,97.91,28.21,844,82633
760,760,OLQsoDL,*MANUAL*,52,1452,45,181.00,111.79,34.00,773,86412
761,761,ILsoDR,*MANUAL*,62,1492,44,145.00,86.36,24.35,895,77294
762,762,OLQsoDR,*MANUAL*,62,1457,43,160.00,95.84,27.77,895,85781
763,763,hyp7D2,*MANUAL*$338$349,58,1250,36,120.00,47.27,19.00,2438,115254
764,764,hyp7D1,*MANUAL*$301$302$303,56,1344,34,92.00,40.53,15.62,2221,90025
765,765,hyp6D2,*MANUAL*,57,1425,40,128.00,72.87,15.68,895,65219
766,766,*NOUSE*,*NOUSE*,0,0,0,0,0,0,0,0
767,767,hyp6D1,*MANUAL*$766$306,57,1471,41,152.00,63.03,27.38,1641,103425
768,768,hyp7V2,*MANUAL*$366$373,61,1333,108,128.00,49.82,19.27,3483,173507
769,769,hyp7V1,*MANUAL*,33,1346,82,161.00,61.41,28.18,2103,129135
770,770,hyp6V1,*MANUAL*,61,1480,103,152.00,62.01,27.69,1205,74717
771,771,ARCaV,*MANUAL*,63,1540,93,139.00,75.22,19.19,895,67326
772,772,hyp2V,*MANUAL*,58,1524,93,157.00,82.10,20.19,891,73153
773,773,ARCpV,*MANUAL*,65,1515,94,151.00,96.70,22.30,895,86543
774,774,hyp1V,*MANUAL*,57,1506,95,158.00,94.45,21.44,895,84536
775,775,ILsoVL,*MANUAL*,57,1488,96,164.00,110.97,21.88,877,97317
776,776,ILshVL,*MANUAL*,56,1463,97,195.00,127.16,29.03,791,100581
777,777,ILsoVR,*MANUAL*,65,1495,96,191.00,119.92,23.24,895,107331
778,778,ILshVR,*MANUAL*,65,1475,98,206.00,128.40,24.03,895,114918
779,779,*NOUSE*,*NOUSE*,0,0,0,0,0,0,0,0
780,780,vpi3D,*MANUAL*$495$779,68,1099,50,172.00,74.04,41.51,2648,196048
781,781,vpi2DR,*MANUAL*$540$560,78,1109,58,205.00,63.67,43.98,3807,242394
782,782,vpi1,*MANUAL*,63,1108,42,174.00,110.61,29.93,895,98999
783,783,pm8,*MANUAL*$483$313,64,1112,71,190.00,65.72,37.35,2572,169028
784,784,pm7VR,*MANUAL*,77,1138,75,184.00,96.93,30.50,1365,132309
785,785,mc3V,*MANUAL*$412$365,65,1134,89,175.00,60.37,33.86,3580,216116
786,786,pm5DL,*MANUAL*,55,1190,51,193.00,122.65,26.13,895,109776
787,787,pm5DR,*MANUAL*,66,1190,51,178.00,114.52,26.11,895,102491
788,788,pm5VL,*MANUAL*,55,1182,82,209.00,130.49,30.45,825,107655
789,789,pm5VR,*MANUAL*,64,1183,81,209.00,145.43,27.96,895,130162
790,790,mc2DR,*MANUAL*$433$432,65,1206,62,174.00,75.52,31.54,2764,208750
791,791,mc2V,*MANUAL*$345$347,60,1204,77,161.00,65.53,28.85,4535,297198
792,792,M3L,*MANUAL*,50,1342,79,184.00,131.73,20.54,895,117894
793,793,NSML,*MANUAL*,47,1366,81,212.00,125.12,25.49,895,111980
794,794,MI,*MANUAL*,58,1382,52,213.00,133.17,24.19,561,74711
795,795,pm4DL,*MANUAL*,52,1381,54,181.00,107.27,26.30,895,96004
796,796,pm4R,*MANUAL*,74,1381,71,193.00,111.46,32.29,895,99761
797,797,I2L,*MANUAL*,45,1383,86,192.00,129.40,27.11,875,113224
798,798,MCL,*MANUAL*,52,1389,81,203.00,130.38,30.64,895,116686
799,799,MCR,*MANUAL*,66,1392,80,214.00,134.40,32.59,713,95824
800,800,I2R,*MANUAL*,74,1392,82,231.00,148.00,30.60,895,132458
801,801,*NOUSE*,*NOUSE*,0,0,0,0,0,0,0,0
802,802,pm1DR,*MANUAL*,63,1401,55,212.00,125.13,42.77,607,75953
803,803,pm1DL,*MANUAL*,57,1401,56,221.00,140.66,41.31,813,114355
804,804,pm1R,*MANUAL*,71,1406,69,222.00,133.59,33.83,883,117963
805,805,pm1VR,*MANUAL*,67,1404,86,192.00,113.52,33.44,895,101600
806,806,mc1DL,*MANUAL*,49,1403,61,167.00,102.91,22.54,895,92107
807,807,mc1DR,*MANUAL*,70,1400,60,180.00,95.60,24.87,895,85559
808,808,*NOUSE*,*NOUSE*,0,0,0,0,0,0,0,0
809,809,e3D,*MANUAL*$808$341,59,1428,53,122.00,46.15,22.56,2568,118524
810,810,I1R,*MANUAL*,71,1421,80,183.00,111.19,31.20,895,99513
811,811,*NOUSE*,*NOUSE*,0,0,0,0,0,0,0,0
812,812,pm3DR,*MANUAL*$811$364,63,1449,59,120.00,47.64,19.19,3170,151017
813,813,pm3R,*MANUAL*$419$437,69,1443,72,147.00,44.47,22.88,3776,167915
814,814,e3VL,*MANUAL*,47,1450,83,163.00,89.03,29.94,895,79686
815,815,e3VR,*MANUAL*$468$455,69,1457,81,159.00,56.19,31.38,1974,110921
816,816,e1D,*MANUAL*,59,1477,53,144.00,80.32,23.60,710,57024
817,817,*NOUSE*,*NOUSE*,0,0,0,0,0,0,0,0
818,818,*NOUSE*,*NOUSE*,0,0,0,0,0,0,0,0
819,819,pm3DL,*MANUAL*$818$817,55,1473,58,137.00,59.51,23.80,1668,99256
820,820,*NOUSE*,*NOUSE*,0,0,0,0,0,0,0,0
821,821,pm3VL,*MANUAL*$820$346,54,1472,82,104.00,55.70,16.24,1182,65837
822,822,*NOUSE*,*NOUSE*,0,0,0,0,0,0,0,0
823,823,pm3VR,*MANUAL*$822$438,65,1475,83,122.00,54.74,17.41,1235,67601
824,824,e1VL,*MANUAL*,46,1480,80,173.00,95.51,29.65,895,85477
825,825,e1VR,*MANUAL*,70,1484,79,161.00,96.92,27.01,895,86744
826,826,pm2D2,*MANUAL*,58,1502,55,123.00,74.29,22.13,895,66489
827,827,pm2D1,*MANUAL*,58,1518,55,133.00,75.63,22.46,895,67691
828,828,*NOUSE*,*NOUSE*,0,0,0,0,0,0,0,0
829,829,DR2,*MANUAL*$828$475,69,1472,47,118.00,44.40,20.53,2920,129644
830,830,*NOUSE*,*NOUSE*,0,0,0,0,0,0,0,0
831,831,pm4DR,*MANUAL*,65,1382,55,202.00,120.60,27.54,895,107937
832,832,DR4,*MANUAL*,74,1386,46,131.00,76.49,20.22,895,68462
833,833,DR5,*MANUAL*,69,1328,42,153.00,81.04,27.59,785,63616
834,834,DR6,*MANUAL*$490$515,74,1293,46,143.00,48.63,27.99,4263,207323
835,835,DR7,*MANUAL*,70,1196,36,161.00,99.94,27.98,895,89443
836,836,DR9,*MANUAL*$462$463,69,1105,32,161.00,55.88,35.41,3987,222788
837,837,DR10,*MANUAL*$428$415,70,1058,35,124.00,41.77,26.98,5635,235351
838,838,DR11,*MANUAL*$391$384,67,1014,37,159.00,43.10,31.08,5310,228872
839,839,DR12,*MANUAL*$448$472,73,948,41,153.00,41.67,29.96,7753,323035
840,840,DR13,*MANUAL*$392$430,68,900,43,165.00,42.07,30.60,5662,238223
841,841,DR14,*MANUAL*$464$473,72,834,45,147.00,40.07,28.70,6831,273750
842,842,DR16,*MANUAL*$465$474,72,703,47,146.00,38.91,25.99,4646,180791
843,843,DR17,*MANUAL*$405$488,72,629,46,126.00,37.56,24.00,5374,201825
844,844,DR20,*MANUAL*$478$506,71,401,60,94.00,30.23,16.46,4859,146887
845,845,DR21,*MANUAL*$406$407,64,284,56,113.00,41.23,21.27,3367,138820
846,846,DL19,*MANUAL*$244$245,54,417,49,91.00,29.15,14.20,5925,172724
847,847,DL17,*MANUAL*$219$260,53,574,37,119.00,35.57,22.75,4909,174610
848,848,DL16,*MANUAL*$220$235,52,657,42,118.00,36.81,23.49,4731,174168
849,849,DL15,*MANUAL*$197$221,52,743,43,140.00,41.02,27.24,4559,186994
850,850,DL13,*MANUAL*$161$180,49,846,44,135.00,37.62,25.19,7302,274667
851,851,DL12,*MANUAL*$131$133,47,900,44,140.00,38.82,27.68,5449,211557
852,852,DL11,*MANUAL*$145$160,48,986,38,164.00,41.35,29.27,5578,230631
853,853,DL10,*MANUAL*$130$159,47,1040,37,134.00,39.49,26.90,5589,220732
854,854,DL7,*MANUAL*,55,1188,34,180.00,114.37,28.61,811,92753
855,855,DL5,*MANUAL*,47,1320,43,167.00,90.62,29.41,895,81108
856,856,DL4,*MANUAL*$90$91,41,1375,46,142.00,57.16,23.92,2314,132269
857,857,DL3,*MANUAL*$147$148$172,46,1415,45,116.00,47.53,21.97,3570,169667
858,858,DL2,*MANUAL*,45,1453,49,155.00,77.09,24.90,895,68999
859,859,VL2,*MANUAL*,47,1463,100,169.00,65.67,33.35,1365,89646
860,860,VL3,*MANUAL*$208$217,50,1416,101,138.00,53.57,26.90,4641,248634
861,861,*NOUSE*,*NOUSE*,0,0,0,0,0,0,0,0
862,862,VL5,*MANUAL*$861$233$195,48,1316,104,162.00,59.51,27.10,2757,164076
863,863,VL7,*MANUAL*$171$209,47,1190,106,147.00,59.17,26.05,2371,140298
864,864,VL12,*MANUAL*,46,904,97,146.00,75.42,22.82,895,67501
865,865,VL17,*MANUAL*$251$228,52,502,83,96.00,33.51,17.45,4452,149172
866,866,*NOUSE*,*NOUSE*,0,0,0,0,0,0,0,0
867,867,VL18,*MANUAL*$866$190,48,406,85,90.00,36.02,16.09,2749,99024
868,868,VR20,*MANUAL*$422$409,64,233,79,117.00,39.69,22.56,3682,146145
869,869,*NOUSE*,*NOUSE*,0,0,0,0,0,0,0,0
870,870,VR19,*MANUAL*$869$382,64,407,88,94.00,44.12,20.37,1839,81142
871,871,VR16,*MANUAL*,68,674,93,124.00,73.94,17.99,895,66177
872,872,VR15,*MANUAL*$399$459,66,755,96,142.00,45.90,30.33,3611,165748
873,873,VR11,*MANUAL*$389$414,66,1000,101,174.00,46.12,30.02,4756,219362
874,874,VR10,*MANUAL*$460$471,71,1062,98,164.00,41.88,28.98,5618,235276
875,875,VR6,*MANUAL*,79,1309,93,175.00,84.75,27.30,895,75847
876,876,VR5,*MANUAL*,70,1312,100,157.00,79.32,27.22,895,70993
877,877,*NOUSE*,*NOUSE*,0,0,0,0,0,0,0,0
878,878,VR4,*MANUAL*$877$601,78,1379,91,132.00,66.05,24.09,1843,121722
879,879,*NOUSE*,*NOUSE*,0,0,0,0,0,0,0,0
880,880,VR2,*MANUAL*$879$537,74,1462,95,149.00,52.74,27.08,2806,147993
881,881,VR1,*MANUAL*$556$567,77,1491,87,117.00,45.05,23.49,2845,128179
882,882,hyp8,*MANUAL*$385$386,63,148,68,69.00,23.23, 9.60,4175,96977
883,883,hyp72,*MANUAL*$263$317,57,182,72,100.00,33.82,19.92,4625,156420
884,884,hyp71,*MANUAL*$328$295,58,198,78,124.00,36.44,21.03,3610,131545
885,885,PLML,*MANUAL*,53,208,69,120.00,80.88,15.45,895,72388
886,886,PHshL,*MANUAL*,53,227,65,141.00,90.11,20.08,895,80649
887,887,ALNL,*MANUAL*,52,239,58,139.00,84.49,19.15,895,75615
888,888,PVCL,*MANUAL*,46,250,69,123.00,83.77,13.66,889,74471
889,889,K,*MANUAL*,50,287,61,114.00,71.92,15.88,799,57466
890,890,virL,*MANUAL*,53,324,61,112.00,66.61,18.20,801,53353
891,891,virR,*MANUAL*,60,324,66,108.00,71.97,14.77,895,64409
892,892,F,*MANUAL*,56,283,69,140.00,94.87,16.96,895,84910
893,893,DVC,*MANUAL*,56,245,69,130.00,86.46,13.10,895,77383
894,894,DEP,*MANUAL*,56,250,56,136.00,77.32,20.79,895,69203
895,895,B,*MANUAL*$315$265,55,263,76,114.00,48.73,23.93,3538,172407
896,896,PLMR,*MANUAL*,63,216,68,134.00,85.43,17.80,895,76464
897,897,PHsHR,*MANUAL*,65,232,65,155.00,98.16,19.21,895,87857
898,898,PHBR,*MANUAL*,68,273,70,142.00,90.83,18.12,845,76750
899,899,PHAR,*MANUAL*,65,273,79,141.00,92.01,21.95,895,82352
900,900,K',*MANUAL*,65,294,68,140.00,89.75,18.63,782,70188
901,901,DA8,*MANUAL*,51,315,88,149.00,82.51,19.71,875,72196
902,902,DD6,*MANUAL*,56,322,82,151.00,100.62,20.96,893,89855
903,903,PVPR,*MANUAL*,62,331,86,161.00,97.74,20.49,895,87477
904,904,PVPL,*MANUAL*,50,337,87,132.00,82.39,17.33,895,73738
905,905,PVT,*MANUAL*,58,351,89,131.00,70.38,16.86,895,62988
906,906,imL,*MANUAL*,46,356,82,107.00,56.88,21.45,895,50909
907,907,H2L,*MANUAL*$40$13,35,1111,68,103.00,33.21,17.08,6462,214603
908,908,hyp7ABLV,*MANUAL*$45$52,36,1041,79,89.00,28.64,14.45,6979,199888
909,909,V1L,*MANUAL*$29$28,34,969,80,98.00,32.79,19.80,4887,160239
910,910,hyp7LC1,*MANUAL*$50$39,36,967,56,81.00,27.20,13.73,6696,182103
911,911,V2L,*MANUAL*$47$55,37,882,84,111.00,30.89,18.24,5212,160983
912,912,hyp7LC2,*MANUAL*$58$64,38,849,60,85.00,26.49,13.55,6722,178058
913,913,V3L,*MANUAL*$54$51,36,765,80,93.00,29.00,14.65,4573,132621
914,914,V4L,*MANUAL*$110$112$108$152,41,636,78,99.00,28.43,15.00,3965,112735
915,915,P9/10L,*MANUAL*$122$99,43,463,74,85.00,31.50,17.01,4506,141950
916,916,V6L,*MANUAL*,41,401,73,72.00,26.04,10.37,2103,54754
917,917,*NOUSE*,*NOUSE*,0,0,0,0,0,0,0,0
918,918,*NOUSE*,*NOUSE*,0,0,0,0,0,0,0,0
919,919,hyp7LC6,*MANUAL*$918$917,43,299,59,69.00,25.61,11.10,3925,100525
920,920,hyp7ABRV,*MANUAL*$578$610,83,1062,75,123.00,35.12,21.03,6742,236774
921,921,V1R,*MANUAL*$579$586$571,82,980,77,150.00,39.27,25.69,5596,219737
922,922,hyp7RC1,*MANUAL*$593$582$577,82,950,64,107.00,30.36,17.41,7430,225547
923,923,hyp7RC2,*MANUAL*$595$554,80,846,63,88.00,27.16,14.56,7211,195879
924,924,hyp7RC3,*MANUAL*$583$591$574,81,730,66,100.00,28.67,15.74,5565,159553
925,925,V4R,*MANUAL*$565$570$572$566,79,634,84,101.00,28.15,14.91,5077,142917
926,926,hyp7RC4,*MANUAL*$569$584,81,628,63,82.00,26.67,14.01,5935,158288
927,927,M,*MANUAL*$509$498,72,564,61,66.00,23.66,11.01,5967,141201
928,928,V5R,*MANUAL*$580$521,75,509,78,92.00,31.01,18.06,4659,144466
929,929,hyp7RC5,*MANUAL*$568$561$576,78,494,62,77.00,24.41,11.76,5481,133818
930,930,*NOUSE*,*NOUSE*,0,0,0,0,0,0,0,0
931,931,V6R,*MANUAL*$930$485$522,72,419,81,101.00,29.90,16.17,3049,91153
932,932,*NOUSE*,*NOUSE*,0,0,0,0,0,0,0,0
933,933,hyp7RC6,*MANUAL*$932$517,71,308,64,118.00,31.11,16.44,3238,100732
934,934,Z3,*MANUAL*$175$189,53,684,82,147.00,39.10,24.19,9140,357415
935,935,*NOUSE*,*NOUSE*,0,0,0,0,0,0,0,0
936,936,CCRP,*MANUAL*,65,955,99,190.00,115.78,33.31,895,103623
937,937,DD2,*MANUAL*,57,953,107,194.00,105.08,34.05,895,94043
938,938,inDL1,*MANUAL*$118$135$132,45,1032,51,81.00,29.21,13.27,6359,185775
939,939,inDR1,*MANUAL*$466$452,72,1043,52,92.00,31.59,15.22,7176,226721
940,940,inVR1,*MANUAL*$426$445$413,69,1033,90,85.00,31.18,14.97,7511,234171
941,941,inD6,*MANUAL*$326$311,58,631,53,70.00,22.56, 9.55,6653,150093
942,942,*NOUSE*,*NOUSE*,0,0,0,0,0,0,0,0
943,943,inD8,*MANUAL*$375$377,63,429,60,53.00,21.06, 7.23,5058,106500
944,944,inD9,*MANUAL*$211$290,55,350,55,67.00,26.47,10.42,5850,154855
945,945,inV8,*MANUAL*$316$327,58,473,79,72.00,26.13,10.10,5069,132438
946,946,inV9,*MANUAL*$318$296,57,374,84,79.00,26.05,10.85,4943,128766
947,947,AIAR,*MANUAL*,62,1226,92,216.00,167.23,19.34,895,149668
948,948,HMC,*MANUAL*,63,1185,32,198.00,88.77,36.29,895,79453
949,949,HSNL,*MANUAL*,47,659,82,156.00,81.52,23.44,861,70190
950,950,Z4,*MANUAL*,53,663,89,137.00,69.89,19.69,895,62552
951,951,hyp102,*MANUAL*,56,44,67,16.00, 5.65, 3.12,895,5053
952,952,IL1DR,*MANUAL*,64,1342,48,198.00,137.38,25.35,873,119931
953,953,OLQDR,*MANUAL*,63,1325,47,192.00,145.21,18.49,895,129964
954,954,ILsHDR,*MANUAL*,74,1411,54,191.00,118.60,23.88,774,91799
955,955,hyp1R,*MANUAL*,80,1415,58,189.00,103.11,28.87,895,92282
956,956,RMEV,*MANUAL*,59,1303,98,175.00,109.34,25.59,895,97861
957,957,SIBDL,*MANUAL*,37,1261,85,178.00,116.56,29.56,885,103152
958,958,URADR,*MANUAL*,72,1347,48,209.00,124.49,41.09,895,111423
959,959,e2D,*MANUAL*$343$310,59,1547,55,104.00,33.76,19.23,4643,156770
960,960,DL1,*MANUAL*$81$94,42,1485,58,116.00,40.31,20.38,4837,194997
961,961,RIAR,*MANUAL*,70,1263,58,209.00,126.87,31.44,895,113547
962,962,hyp11,*MANUAL*$363$362,60,124,62,47.00,21.41, 7.47,2717,58159
963,963,AVEL,*MANUAL*,44,1264,78,194.00,131.05,23.56,895,117293
964,964,*NOUSE*,*NOUSE*,0,0,0,0,0,0,0,0
965,965,avl,*MANUAL*,70,1238,88,197.00,139.39,22.44,895,124756
966,966,aiyr,*MANUAL*,71,1194,93,223.00,165.51,24.19,895,148135
967,967,W,*MANUAL*,54,1183,104,183.00,113.52,25.80,1365,154953
968,968,VR17,*MANUAL*,66,576,86,117.00,66.34,20.80,895,59378
969,969,inV7,*MANUAL*,56,573,75,70.00,22.06,10.29,2969,65485
970,970,GLRVR,*MANUAL*,65,1283,88,224.00,149.11,34.27,895,133450
971,971,F1,*MANUAL*,62,1528,68,18.00, 4.83, 2.66,895,4325
972,972,F2,*MANUAL*,62,1483,68,25.00, 8.22, 3.18,895,7353
973,973,F3,*MANUAL*,62,1415,68,69.00,16.92, 7.22,895,15143
974,974,F4,*MANUAL*,63,1314,67,35.00,13.48, 5.29,895,12067
975,975,F5,*MANUAL*,60,1271,67,41.00,21.16, 5.00,895,18942
976,976,F6,*MANUAL*,60,1164,68,39.00,16.03, 4.61,895,14349
977,977,F7,*MANUAL*,60,1070,69,14.00, 4.45, 2.23,895,3980
978,978,F8,*MANUAL*,60,837,71,11.00, 2.96, 1.78,895,2646
979,979,F9,*MANUAL*,61,749,73,13.00, 3.34, 2.15,895,2986
980,980,F10,*MANUAL*,57,619,72, 8.00, 1.35, 1.48,895,1206
