0,0,*NOUSE*,*NOUSE*,0,0,0,0,0,0,0,0
1,1,*NOUSE*,*NOUSE*,0,0,0,0,0,0,0,0
2,2,*NOUSE*,*NOUSE*,0,0,0,0,0,0,0,0
3,3,OLLSHL,,37,1643,74,190.00,65.91,42.34,4796,316101
4,4,*NOUSE*,*NOUSE*,0,0,0,0,0,0,0,0
5,5,*NOUSE*,*NOUSE*,0,0,0,0,0,0,0,0
6,6,*NOUSE*,*NOUSE*,0,0,0,0,0,0,0,0
7,7,*NOUSE*,*NOUSE*,0,0,0,0,0,0,0,0
8,8,*NOUSE*,*NOUSE*,0,0,0,0,0,0,0,0
9,9,*NOUSE*,*NOUSE*,0,0,0,0,0,0,0,0
10,10,*NOUSE*,*NOUSE*,0,0,0,0,0,0,0,0
11,11,RMDVL,,41,1534,68,154.00,56.28,33.74,5278,297026
12,12,*NOUSE*,*NOUSE*,0,0,0,0,0,0,0,0
13,13,*NOUSE*,*NOUSE*,0,0,0,0,0,0,0,0
14,14,*NOUSE*,*NOUSE*,0,0,0,0,0,0,0,0
15,15,*NOUSE*,*NOUSE*,0,0,0,0,0,0,0,0
16,16,AVAL,,42,1511,68,184.00,71.14,44.23,5031,357899
17,17,*NOUSE*,*NOUSE*,0,0,0,0,0,0,0,0
18,18,*NOUSE*,*NOUSE*,0,0,0,0,0,0,0,0
19,19,*NOUSE*,*NOUSE*,0,0,0,0,0,0,0,0
20,20,*NOUSE*,*NOUSE*,0,0,0,0,0,0,0,0
21,21,*NOUSE*,*NOUSE*,0,0,0,0,0,0,0,0
22,22,HYP2L,,41,1719,76,153.00,50.09,26.37,3763,188493
23,23,*NOUSE*,*NOUSE*,0,0,0,0,0,0,0,0
24,24,AUAL,,43,1462,85,202.00,74.83,47.95,4331,324079
25,25,ADAL,,43,1359,88,187.00,59.17,39.18,5144,304358
26,26,ARCPDL,,44,1704,65,152.00,56.98,32.77,4832,275347
27,27,*NOUSE*,*NOUSE*,0,0,0,0,0,0,0,0
28,28,*NOUSE*,*NOUSE*,0,0,0,0,0,0,0,0
29,29,*NOUSE*,*NOUSE*,0,0,0,0,0,0,0,0
30,30,IL1L,,44,1595,83,178.00,74.13,42.56,3692,273673
31,31,ASJL,,43,1441,85,151.00,60.48,30.82,4958,299838
32,32,*NOUSE*,*NOUSE*,0,0,0,0,0,0,0,0
33,33,*NOUSE*,*NOUSE*,0,0,0,0,0,0,0,0
34,34,*NOUSE*,*NOUSE*,0,0,0,0,0,0,0,0
35,35,*NOUSE*,*NOUSE*,0,0,0,0,0,0,0,0
36,36,RICL,,44,1412,87,214.00,82.21,48.70,3868,318002
37,37,*NOUSE*,*NOUSE*,0,0,0,0,0,0,0,0
38,38,*NOUSE*,*NOUSE*,0,0,0,0,0,0,0,0
39,39,RIML,,44,1424,77,185.00,75.18,40.57,3943,296452
40,40,ARCADL,,44,1742,78,139.00,50.74,28.65,4418,224179
41,41,RMDL,,44,1515,85,205.00,78.91,45.77,3958,312318
42,42,SIBDL,,44,1496,86,245.00,85.28,51.53,4068,346908
43,43,RMGL,,45,1316,85,160.00,56.66,37.40,5302,300387
44,44,*NOUSE*,*NOUSE*,0,0,0,0,0,0,0,0
45,45,CEPSODL,,45,1604,55,242.00,85.71,50.60,4086,350192
46,46,*NOUSE*,*NOUSE*,0,0,0,0,0,0,0,0
47,47,AMSOL,,46,1684,63,187.00,61.56,38.87,4706,289703
48,48,*NOUSE*,*NOUSE*,0,0,0,0,0,0,0,0
49,49,*NOUSE*,*NOUSE*,0,0,0,0,0,0,0,0
50,50,*NOUSE*,*NOUSE*,0,0,0,0,0,0,0,0
51,51,*NOUSE*,*NOUSE*,0,0,0,0,0,0,0,0
52,52,*NOUSE*,*NOUSE*,0,0,0,0,0,0,0,0
53,53,*NOUSE*,*NOUSE*,0,0,0,0,0,0,0,0
54,54,*NOUSE*,*NOUSE*,0,0,0,0,0,0,0,0
55,55,*NOUSE*,*NOUSE*,0,0,0,0,0,0,0,0
56,56,*NOUSE*,*NOUSE*,0,0,0,0,0,0,0,0
57,57,CEPSHDL,,46,1558,59,198.00,69.93,40.25,4129,288738
58,58,*NOUSE*,*NOUSE*,0,0,0,0,0,0,0,0
59,59,*NOUSE*,*NOUSE*,0,0,0,0,0,0,0,0
60,60,ADESHL,,47,1312,67,185.00,54.60,40.67,4893,267181
61,61,*NOUSE*,*NOUSE*,0,0,0,0,0,0,0,0
62,62,BDUL,,47,1219,76,188.00,57.51,45.29,4816,276950
63,63,canl,,46,873,80,159.00,48.09,33.76,5662,272300
64,64,*NOUSE*,*NOUSE*,0,0,0,0,0,0,0,0
65,65,*NOUSE*,*NOUSE*,0,0,0,0,0,0,0,0
66,66,*NOUSE*,*NOUSE*,0,0,0,0,0,0,0,0
67,67,VL4,,44,1618,103,129.00,56.83,26.06,4306,244730
68,68,*NOUSE*,*NOUSE*,0,0,0,0,0,0,0,0
69,69,AWBL,,47,1457,50,207.00,77.19,45.25,4390,338858
70,70,SMdVL,,47,1503,52,210.00,88.39,48.29,3774,333589
71,71,*NOUSE*,*NOUSE*,0,0,0,0,0,0,0,0
72,72,HYP7ABLD,,46,1278,62,92.00,33.01,15.37,7044,232535
73,73,*NOUSE*,*NOUSE*,0,0,0,0,0,0,0,0
74,74,*NOUSE*,*NOUSE*,0,0,0,0,0,0,0,0
75,75,*NOUSE*,*NOUSE*,0,0,0,0,0,0,0,0
76,76,URYVL,,47,1584,94,199.00,81.57,44.61,3596,293319
77,77,*NOUSE*,*NOUSE*,0,0,0,0,0,0,0,0
78,78,*NOUSE*,*NOUSE*,0,0,0,0,0,0,0,0
79,79,*NOUSE*,*NOUSE*,0,0,0,0,0,0,0,0
80,80,*NOUSE*,*NOUSE*,0,0,0,0,0,0,0,0
81,81,HYP7LC3,,46,885,64,86.00,30.65,14.36,6063,185847
82,82,*NOUSE*,*NOUSE*,0,0,0,0,0,0,0,0
83,83,*NOUSE*,*NOUSE*,0,0,0,0,0,0,0,0
84,84,V2L,,47,1065,84,93.00,33.40,17.45,7619,254511
85,85,*NOUSE*,*NOUSE*,0,0,0,0,0,0,0,0
86,86,P5/6L,,47,862,99,115.00,40.48,22.20,6412,259529
87,87,*NOUSE*,*NOUSE*,0,0,0,0,0,0,0,0
88,88,VL3,,48,1665,108,145.00,50.86,27.93,4597,233813
89,89,*NOUSE*,*NOUSE*,0,0,0,0,0,0,0,0
90,90,ASGL,,50,1438,48,199.00,82.45,44.21,4291,353800
91,91,URYDL,,50,1576,56,208.00,91.88,47.40,4231,388738
92,92,*NOUSE*,*NOUSE*,0,0,0,0,0,0,0,0
93,93,*NOUSE*,*NOUSE*,0,0,0,0,0,0,0,0
94,94,*NOUSE*,*NOUSE*,0,0,0,0,0,0,0,0
95,95,HYP5L,,48,1789,74,82.00,33.02,13.83,5711,188555
96,96,*NOUSE*,*NOUSE*,0,0,0,0,0,0,0,0
97,97,hsnl,,50,806,92,196.00,62.25,46.85,5053,314555
98,98,*NOUSE*,*NOUSE*,0,0,0,0,0,0,0,0
99,99,*NOUSE*,*NOUSE*,0,0,0,0,0,0,0,0
100,100,*NOUSE*,*NOUSE*,0,0,0,0,0,0,0,0
101,101,*NOUSE*,*NOUSE*,0,0,0,0,0,0,0,0
102,102,*NOUSE*,*NOUSE*,0,0,0,0,0,0,0,0
103,103,*NOUSE*,*NOUSE*,0,0,0,0,0,0,0,0
104,104,*NOUSE*,*NOUSE*,0,0,0,0,0,0,0,0
105,105,CEPSOVL,,49,1598,100,205.00,76.20,43.14,3614,275402
106,106,*NOUSE*,*NOUSE*,0,0,0,0,0,0,0,0
107,107,*NOUSE*,*NOUSE*,0,0,0,0,0,0,0,0
108,108,RIPL,,51,1577,72,238.00,84.27,44.40,3922,330489
109,109,AVEL,,51,1500,72,195.00,86.87,42.94,3386,294125
110,110,*NOUSE*,*NOUSE*,0,0,0,0,0,0,0,0
111,111,*NOUSE*,*NOUSE*,0,0,0,0,0,0,0,0
112,112,*NOUSE*,*NOUSE*,0,0,0,0,0,0,0,0
113,113,*NOUSE*,*NOUSE*,0,0,0,0,0,0,0,0
114,114,VL2,,50,1705,105,115.00,49.79,21.82,2776,138224
115,115,*NOUSE*,*NOUSE*,0,0,0,0,0,0,0,0
116,116,*NOUSE*,*NOUSE*,0,0,0,0,0,0,0,0
117,117,CEPDL,,54,1516,44,233.00,89.03,51.41,4551,405183
118,118,URADL,,52,1593,51,246.00,104.84,55.70,3323,348367
119,119,MC3DL,,53,1339,60,159.00,57.52,36.85,5031,289378
120,120,PM3L,,53,1694,78,134.00,51.74,24.77,4880,252476
121,121,*NOUSE*,*NOUSE*,0,0,0,0,0,0,0,0
122,122,QL,,52,656,83,110.00,40.15,22.65,6083,244232
123,123,*NOUSE*,*NOUSE*,0,0,0,0,0,0,0,0
124,124,EXC GL L,,52,1318,100,176.00,58.22,37.95,5944,346085
125,125,*NOUSE*,*NOUSE*,0,0,0,0,0,0,0,0
126,126,DL8,,53,1329,33,161.00,50.51,32.91,5534,279497
127,127,G1AL,,54,1371,57,193.00,70.36,37.18,4271,300498
128,128,*NOUSE*,*NOUSE*,0,0,0,0,0,0,0,0
129,129,*NOUSE*,*NOUSE*,0,0,0,0,0,0,0,0
130,130,*NOUSE*,*NOUSE*,0,0,0,0,0,0,0,0
131,131,*NOUSE*,*NOUSE*,0,0,0,0,0,0,0,0
132,132,*NOUSE*,*NOUSE*,0,0,0,0,0,0,0,0
133,133,*NOUSE*,*NOUSE*,0,0,0,0,0,0,0,0
134,134,*NOUSE*,*NOUSE*,0,0,0,0,0,0,0,0
135,135,*NOUSE*,*NOUSE*,0,0,0,0,0,0,0,0
136,136,SIAVL,,53,1453,100,239.00,82.17,52.10,3848,316171
137,137,SMDDL,,52,1490,102,211.00,92.68,48.47,3311,306868
138,138,VL8,,52,1358,102,198.00,62.58,38.17,5051,316084
139,139,*NOUSE*,*NOUSE*,0,0,0,0,0,0,0,0
140,140,*NOUSE*,*NOUSE*,0,0,0,0,0,0,0,0
141,141,*NOUSE*,*NOUSE*,0,0,0,0,0,0,0,0
142,142,*NOUSE*,*NOUSE*,0,0,0,0,0,0,0,0
143,143,*NOUSE*,*NOUSE*,0,0,0,0,0,0,0,0
144,144,*NOUSE*,*NOUSE*,0,0,0,0,0,0,0,0
145,145,*NOUSE*,*NOUSE*,0,0,0,0,0,0,0,0
146,146,*NOUSE*,*NOUSE*,0,0,0,0,0,0,0,0
147,147,*NOUSE*,*NOUSE*,0,0,0,0,0,0,0,0
148,148,*NOUSE*,*NOUSE*,0,0,0,0,0,0,0,0
149,149,*NOUSE*,*NOUSE*,0,0,0,0,0,0,0,0
150,150,PHBL,,56,341,74,171.00,61.34,40.74,4932,302545
151,151,AIBL,,53,1473,74,183.00,76.25,40.16,4021,306609
152,152,*NOUSE*,*NOUSE*,0,0,0,0,0,0,0,0
153,153,*NOUSE*,*NOUSE*,0,0,0,0,0,0,0,0
154,154,*NOUSE*,*NOUSE*,0,0,0,0,0,0,0,0
155,155,RIVL,,54,1405,44,236.00,95.72,53.30,3550,339805
156,156,*NOUSE*,*NOUSE*,0,0,0,0,0,0,0,0
157,157,*NOUSE*,*NOUSE*,0,0,0,0,0,0,0,0
158,158,*NOUSE*,*NOUSE*,0,0,0,0,0,0,0,0
159,159,*NOUSE*,*NOUSE*,0,0,0,0,0,0,0,0
160,160,AWAL,,55,1452,57,194.00,81.58,44.52,3999,326234
161,161,*NOUSE*,*NOUSE*,0,0,0,0,0,0,0,0
162,162,*NOUSE*,*NOUSE*,0,0,0,0,0,0,0,0
163,163,LUAL,,57,326,69,210.00,68.57,46.20,4373,299860
164,164,PVQL,,56,361,77,145.00,54.49,35.14,5098,277773
165,165,*NOUSE*,*NOUSE*,0,0,0,0,0,0,0,0
166,166,PVCL,,59,322,81,184.00,62.32,44.72,4993,311163
167,167,*NOUSE*,*NOUSE*,0,0,0,0,0,0,0,0
168,168,*NOUSE*,*NOUSE*,0,0,0,0,0,0,0,0
169,169,*NOUSE*,*NOUSE*,0,0,0,0,0,0,0,0
170,170,P9/10L,,54,566,92,113.00,41.87,24.45,5741,240364
171,171,*NOUSE*,*NOUSE*,0,0,0,0,0,0,0,0
172,172,*NOUSE*,*NOUSE*,0,0,0,0,0,0,0,0
173,173,*NOUSE*,*NOUSE*,0,0,0,0,0,0,0,0
174,174,*NOUSE*,*NOUSE*,0,0,0,0,0,0,0,0
175,175,*NOUSE*,*NOUSE*,0,0,0,0,0,0,0,0
176,176,I6,,57,1364,43,248.00,83.66,53.07,4199,351284
177,177,DL16,,56,797,46,168.00,52.69,36.76,4921,259310
178,178,*NOUSE*,*NOUSE*,0,0,0,0,0,0,0,0
179,179,*NOUSE*,*NOUSE*,0,0,0,0,0,0,0,0
180,180,PM6VL,,58,1360,79,143.00,59.29,30.41,4946,293246
181,181,*NOUSE*,*NOUSE*,0,0,0,0,0,0,0,0
182,182,*NOUSE*,*NOUSE*,0,0,0,0,0,0,0,0
183,183,SIBVL,,55,1488,87,247.00,98.67,50.90,3040,299965
184,184,*NOUSE*,*NOUSE*,0,0,0,0,0,0,0,0
185,185,*NOUSE*,*NOUSE*,0,0,0,0,0,0,0,0
186,186,*NOUSE*,*NOUSE*,0,0,0,0,0,0,0,0
187,187,INVL1,,57,1238,95,91.00,35.40,15.35,8384,296763
188,188,PM4VL,,55,1628,97,164.00,65.44,31.46,4608,301534
189,189,*NOUSE*,*NOUSE*,0,0,0,0,0,0,0,0
190,190,*NOUSE*,*NOUSE*,0,0,0,0,0,0,0,0
191,191,*NOUSE*,*NOUSE*,0,0,0,0,0,0,0,0
192,192,IL2DL,,56,1610,45,192.00,79.25,42.72,4349,344652
193,193,M5,,58,1330,47,222.00,74.68,51.14,4291,320473
194,194,*NOUSE*,*NOUSE*,0,0,0,0,0,0,0,0
195,195,*NOUSE*,*NOUSE*,0,0,0,0,0,0,0,0
196,196,*NOUSE*,*NOUSE*,0,0,0,0,0,0,0,0
197,197,*NOUSE*,*NOUSE*,0,0,0,0,0,0,0,0
198,198,*NOUSE*,*NOUSE*,0,0,0,0,0,0,0,0
199,199,*NOUSE*,*NOUSE*,0,0,0,0,0,0,0,0
200,200,GLRL,,55,1508,82,233.00,100.39,50.77,3190,320254
201,201,*NOUSE*,*NOUSE*,0,0,0,0,0,0,0,0
202,202,*NOUSE*,*NOUSE*,0,0,0,0,0,0,0,0
203,203,AVKL,,58,1393,94,228.00,94.62,47.60,3376,319424
204,204,*NOUSE*,*NOUSE*,0,0,0,0,0,0,0,0
205,205,*NOUSE*,*NOUSE*,0,0,0,0,0,0,0,0
206,206,VL12,,58,1078,105,181.00,53.72,37.62,6462,347134
207,207,*NOUSE*,*NOUSE*,0,0,0,0,0,0,0,0
208,208,*NOUSE*,*NOUSE*,0,0,0,0,0,0,0,0
209,209,*NOUSE*,*NOUSE*,0,0,0,0,0,0,0,0
210,210,*NOUSE*,*NOUSE*,0,0,0,0,0,0,0,0
211,211,*NOUSE*,*NOUSE*,0,0,0,0,0,0,0,0
212,212,*NOUSE*,*NOUSE*,0,0,0,0,0,0,0,0
213,213,*NOUSE*,*NOUSE*,0,0,0,0,0,0,0,0
214,214,OLQDL,,57,1565,48,209.00,96.64,51.72,2870,277363
215,215,DL20,,58,415,54,138.00,44.71,28.25,4556,203710
216,216,*NOUSE*,*NOUSE*,0,0,0,0,0,0,0,0
217,217,*NOUSE*,*NOUSE*,0,0,0,0,0,0,0,0
218,218,*NOUSE*,*NOUSE*,0,0,0,0,0,0,0,0
219,219,M2L,,57,1381,76,250.00,111.33,57.26,2885,321174
220,220,*NOUSE*,*NOUSE*,0,0,0,0,0,0,0,0
221,221,REPVL,,59,384,77,179.00,57.03,40.32,4943,281902
222,222,M3L,,57,1586,85,249.00,87.65,54.33,3671,321774
223,223,PHAL,,60,346,85,162.00,64.40,40.82,4368,281298
224,224,*NOUSE*,*NOUSE*,0,0,0,0,0,0,0,0
225,225,IL2VL,,57,1600,108,205.00,76.56,42.56,3869,296192
226,226,*NOUSE*,*NOUSE*,0,0,0,0,0,0,0,0
227,227,DL9,,60,1295,36,168.00,54.71,36.99,5160,282295
228,228,*NOUSE*,*NOUSE*,0,0,0,0,0,0,0,0
229,229,*NOUSE*,*NOUSE*,0,0,0,0,0,0,0,0
230,230,*NOUSE*,*NOUSE*,0,0,0,0,0,0,0,0
231,231,*NOUSE*,*NOUSE*,0,0,0,0,0,0,0,0
232,232,*NOUSE*,*NOUSE*,0,0,0,0,0,0,0,0
233,233,INV5,,58,854,81,55.00,26.99, 8.97,7880,212687
234,234,*NOUSE*,*NOUSE*,0,0,0,0,0,0,0,0
235,235,*NOUSE*,*NOUSE*,0,0,0,0,0,0,0,0
236,236,*NOUSE*,*NOUSE*,0,0,0,0,0,0,0,0
237,237,*NOUSE*,*NOUSE*,0,0,0,0,0,0,0,0
238,238,*NOUSE*,*NOUSE*,0,0,0,0,0,0,0,0
239,239,*NOUSE*,*NOUSE*,0,0,0,0,0,0,0,0
240,240,*NOUSE*,*NOUSE*,0,0,0,0,0,0,0,0
241,241,*NOUSE*,*NOUSE*,0,0,0,0,0,0,0,0
242,242,VPI2DL,,61,1299,54,231.00,76.37,52.32,4185,319628
243,243,*NOUSE*,*NOUSE*,0,0,0,0,0,0,0,0
244,244,PLML,,62,280,82,183.00,59.87,43.07,5362,321040
245,245,Z4,,61,779,95,160.00,48.47,29.90,6171,299080
246,246,*NOUSE*,*NOUSE*,0,0,0,0,0,0,0,0
247,247,*NOUSE*,*NOUSE*,0,0,0,0,0,0,0,0
248,248,VL9,,61,1298,106,211.00,67.41,47.00,5198,350415
249,249,VL15,,61,855,107,181.00,59.45,43.30,6136,364782
250,250,*NOUSE*,*NOUSE*,0,0,0,0,0,0,0,0
251,251,DD1,,62,1345,108,254.00,90.04,58.65,4222,380150
252,252,*NOUSE*,*NOUSE*,0,0,0,0,0,0,0,0
253,253,*NOUSE*,*NOUSE*,0,0,0,0,0,0,0,0
254,254,*NOUSE*,*NOUSE*,0,0,0,0,0,0,0,0
255,255,VIRL,,64,399,65,180.00,63.04,40.73,4620,291267
256,256,PHSHL,,63,299,74,224.00,71.92,50.61,4644,333997
257,257,E2VL,,60,1824,87,102.00,36.96,19.73,5114,189006
258,258,*NOUSE*,*NOUSE*,0,0,0,0,0,0,0,0
259,259,CEPVL,,60,1555,103,220.00,92.11,48.70,3855,355086
260,260,*NOUSE*,*NOUSE*,0,0,0,0,0,0,0,0
261,261,*NOUSE*,*NOUSE*,0,0,0,0,0,0,0,0
262,262,*NOUSE*,*NOUSE*,0,0,0,0,0,0,0,0
263,263,ADLL,,62,1445,41,162.00,64.94,35.18,5292,343661
264,264,*NOUSE*,*NOUSE*,0,0,0,0,0,0,0,0
265,265,*NOUSE*,*NOUSE*,0,0,0,0,0,0,0,0
266,266,*NOUSE*,*NOUSE*,0,0,0,0,0,0,0,0
267,267,*NOUSE*,*NOUSE*,0,0,0,0,0,0,0,0
268,268,INV2,,63,1161,96,85.00,31.60,12.46,9859,311535
269,269,*NOUSE*,*NOUSE*,0,0,0,0,0,0,0,0
270,270,*NOUSE*,*NOUSE*,0,0,0,0,0,0,0,0
271,271,VL18,,62,489,99,157.00,51.99,34.89,4135,214964
272,272,*NOUSE*,*NOUSE*,0,0,0,0,0,0,0,0
273,273,*NOUSE*,*NOUSE*,0,0,0,0,0,0,0,0
274,274,*NOUSE*,*NOUSE*,0,0,0,0,0,0,0,0
275,275,*NOUSE*,*NOUSE*,0,0,0,0,0,0,0,0
276,276,*NOUSE*,*NOUSE*,0,0,0,0,0,0,0,0
277,277,*NOUSE*,*NOUSE*,0,0,0,0,0,0,0,0
278,278,*NOUSE*,*NOUSE*,0,0,0,0,0,0,0,0
279,279,HYP6D2,,63,1684,47,164.00,58.58,31.59,5012,293622
280,280,*NOUSE*,*NOUSE*,0,0,0,0,0,0,0,0
281,281,PM5L,,58,1391,65,198.00,87.31,42.33,3274,285840
282,282,*NOUSE*,*NOUSE*,0,0,0,0,0,0,0,0
283,283,G2L,,63,1317,88,240.00,90.50,56.69,4080,369244
284,284,*NOUSE*,*NOUSE*,0,0,0,0,0,0,0,0
285,285,*NOUSE*,*NOUSE*,0,0,0,0,0,0,0,0
286,286,*NOUSE*,*NOUSE*,0,0,0,0,0,0,0,0
287,287,MC1V,,61,1648,99,181.00,64.83,34.25,2199,142566
288,288,RIGL,,62,1368,107,214.00,95.92,55.08,3558,341287
289,289,CCLA,,64,918,109,238.00,67.41,53.65,4816,324629
290,290,*NOUSE*,*NOUSE*,0,0,0,0,0,0,0,0
291,291,*NOUSE*,*NOUSE*,0,0,0,0,0,0,0,0
292,292,HYP6D4,,65,1622,39,177.00,67.67,36.83,4841,327589
293,293,*NOUSE*,*NOUSE*,0,0,0,0,0,0,0,0
294,294,*NOUSE*,*NOUSE*,0,0,0,0,0,0,0,0
295,295,*NOUSE*,*NOUSE*,0,0,0,0,0,0,0,0
296,296,*NOUSE*,*NOUSE*,0,0,0,0,0,0,0,0
297,297,IND4,,63,997,54,66.00,27.86,10.51,8209,228743
298,298,*NOUSE*,*NOUSE*,0,0,0,0,0,0,0,0
299,299,*NOUSE*,*NOUSE*,0,0,0,0,0,0,0,0
300,300,*NOUSE*,*NOUSE*,0,0,0,0,0,0,0,0
301,301,*NOUSE*,*NOUSE*,0,0,0,0,0,0,0,0
302,302,*NOUSE*,*NOUSE*,0,0,0,0,0,0,0,0
303,303,*NOUSE*,*NOUSE*,0,0,0,0,0,0,0,0
304,304,*NOUSE*,*NOUSE*,0,0,0,0,0,0,0,0
305,305,*NOUSE*,*NOUSE*,0,0,0,0,0,0,0,0
306,306,*NOUSE*,*NOUSE*,0,0,0,0,0,0,0,0
307,307,*NOUSE*,*NOUSE*,0,0,0,0,0,0,0,0
308,308,MC2DL,,63,1411,58,181.00,72.52,34.82,5290,383611
309,309,IND6,,66,731,60,62.00,27.73,10.27,9129,253181
310,310,*NOUSE*,*NOUSE*,0,0,0,0,0,0,0,0
311,311,*NOUSE*,*NOUSE*,0,0,0,0,0,0,0,0
312,312,DA8,,66,381,92,196.00,75.61,46.60,3920,296405
313,313,*NOUSE*,*NOUSE*,0,0,0,0,0,0,0,0
314,314,*NOUSE*,*NOUSE*,0,0,0,0,0,0,0,0
315,315,RIFL,,65,1386,104,251.00,116.05,60.92,3150,365545
316,316,*NOUSE*,*NOUSE*,0,0,0,0,0,0,0,0
317,317,*NOUSE*,*NOUSE*,0,0,0,0,0,0,0,0
318,318,*NOUSE*,*NOUSE*,0,0,0,0,0,0,0,0
319,319,*NOUSE*,*NOUSE*,0,0,0,0,0,0,0,0
320,320,*NOUSE*,*NOUSE*,0,0,0,0,0,0,0,0
321,321,VPI3D,,73,1289,51,199.00,71.04,46.80,4497,319475
322,322,*NOUSE*,*NOUSE*,0,0,0,0,0,0,0,0
323,323,I3,,66,1615,56,209.00,83.91,46.73,4130,346564
324,324,*NOUSE*,*NOUSE*,0,0,0,0,0,0,0,0
325,325,*NOUSE*,*NOUSE*,0,0,0,0,0,0,0,0
326,326,*NOUSE*,*NOUSE*,0,0,0,0,0,0,0,0
327,327,*NOUSE*,*NOUSE*,0,0,0,0,0,0,0,0
328,328,*NOUSE*,*NOUSE*,0,0,0,0,0,0,0,0
329,329,HYP7V2,,65,1562,119,131.00,54.46,27.16,2574,140168
330,330,*NOUSE*,*NOUSE*,0,0,0,0,0,0,0,0
331,331,HYP6V1,,65,1737,119,109.00,46.29,18.51,2273,105222
332,332,*NOUSE*,*NOUSE*,0,0,0,0,0,0,0,0
333,333,*NOUSE*,*NOUSE*,0,0,0,0,0,0,0,0
334,334,*NOUSE*,*NOUSE*,0,0,0,0,0,0,0,0
335,335,IND8,,70,506,61,84.00,33.21,12.95,7617,252935
336,336,DL21,,68,286,60,166.00,51.97,32.81,4602,239150
337,337,*NOUSE*,*NOUSE*,0,0,0,0,0,0,0,0
338,338,M4,,66,1576,68,173.00,59.24,30.15,4746,281161
339,339,*NOUSE*,*NOUSE*,0,0,0,0,0,0,0,0
340,340,*NOUSE*,*NOUSE*,0,0,0,0,0,0,0,0
341,341,*NOUSE*,*NOUSE*,0,0,0,0,0,0,0,0
342,342,DB7,,71,535,100,181.00,51.41,37.53,6436,330896
343,343,*NOUSE*,*NOUSE*,0,0,0,0,0,0,0,0
344,344,*NOUSE*,*NOUSE*,0,0,0,0,0,0,0,0
345,345,*NOUSE*,*NOUSE*,0,0,0,0,0,0,0,0
346,346,ILSHVR,,67,1691,109,199.00,64.35,41.38,3867,248857
347,347,G1,,67,1483,113,196.00,67.22,38.42,4579,307779
348,348,*NOUSE*,*NOUSE*,0,0,0,0,0,0,0,0
349,349,*NOUSE*,*NOUSE*,0,0,0,0,0,0,0,0
350,350,*NOUSE*,*NOUSE*,0,0,0,0,0,0,0,0
351,351,*NOUSE*,*NOUSE*,0,0,0,0,0,0,0,0
352,352,*NOUSE*,*NOUSE*,0,0,0,0,0,0,0,0
353,353,HYP101,,68,104,73,193.00,58.07,43.95,5208,302440
354,354,HYP102,,68,72,73,178.00,52.90,38.67,5527,292367
355,355,*NOUSE*,*NOUSE*,0,0,0,0,0,0,0,0
356,356,*NOUSE*,*NOUSE*,0,0,0,0,0,0,0,0
357,357,W,,67,1425,107,197.00,72.17,38.39,4660,336320
358,358,DD5,,70,571,102,211.00,57.71,45.54,4941,285141
359,359,*NOUSE*,*NOUSE*,0,0,0,0,0,0,0,0
360,360,RIGR,,69,1320,112,194.00,63.55,45.72,5522,350917
361,361,DB2,,67,1407,115,238.00,87.36,52.92,3447,301132
362,362,*NOUSE*,*NOUSE*,0,0,0,0,0,0,0,0
363,363,*NOUSE*,*NOUSE*,0,0,0,0,0,0,0,0
364,364,*NOUSE*,*NOUSE*,0,0,0,0,0,0,0,0
365,365,*NOUSE*,*NOUSE*,0,0,0,0,0,0,0,0
366,366,*NOUSE*,*NOUSE*,0,0,0,0,0,0,0,0
367,367,*NOUSE*,*NOUSE*,0,0,0,0,0,0,0,0
368,368,*NOUSE*,*NOUSE*,0,0,0,0,0,0,0,0
369,369,*NOUSE*,*NOUSE*,0,0,0,0,0,0,0,0
370,370,DVA,,70,336,64,167.00,65.68,35.70,4610,302792
371,371,MC2V,,70,1411,76,208.00,80.56,38.13,4584,369299
372,372,*NOUSE*,*NOUSE*,0,0,0,0,0,0,0,0
373,373,U,,70,373,81,202.00,73.34,39.55,3966,290849
374,374,INV7,,70,654,88,69.00,28.72,10.53,8160,234389
375,375,INV3,,72,1070,91,64.00,29.00,11.09,8777,254503
376,376,MC3V,,71,1338,95,209.00,73.78,47.06,4824,355922
377,377,HYP4V1,,70,1839,102,124.00,40.67,24.01,4564,185613
378,378,HYP4V2,,69,1819,104,129.00,43.11,26.01,4444,191591
379,379,DD3,,70,958,110,226.00,65.30,50.98,6003,391971
380,380,*NOUSE*,*NOUSE*,0,0,0,0,0,0,0,0
381,381,*NOUSE*,*NOUSE*,0,0,0,0,0,0,0,0
382,382,*NOUSE*,*NOUSE*,0,0,0,0,0,0,0,0
383,383,RID,,68,1537,36,185.00,64.18,38.97,6093,391063
384,384,*NOUSE*,*NOUSE*,0,0,0,0,0,0,0,0
385,385,IND2,,70,1160,44,61.00,28.66,10.08,8761,251066
386,386,I4,,69,1381,41,231.00,86.95,51.70,3937,342309
387,387,*NOUSE*,*NOUSE*,0,0,0,0,0,0,0,0
388,388,F,,71,351,72,181.00,78.32,35.88,4060,317977
389,389,*NOUSE*,*NOUSE*,0,0,0,0,0,0,0,0
390,390,PM8,,72,1309,80,239.00,82.55,50.88,3228,266477
391,391,HYP72,,71,216,80,168.00,55.96,40.11,4963,277710
392,392,*NOUSE*,*NOUSE*,0,0,0,0,0,0,0,0
393,393,*NOUSE*,*NOUSE*,0,0,0,0,0,0,0,0
394,394,INV4,,70,970,94,75.00,29.69,11.25,9402,279189
395,395,RMEV,,67,1537,108,223.00,79.97,49.67,3951,315943
396,396,DA2,,70,1213,107,239.00,68.39,53.36,5298,362354
397,397,DA6,,72,657,105,241.00,57.05,47.21,6066,346085
398,398,DA3,,71,1113,108,208.00,62.22,48.38,5368,334020
399,399,DB6,,72,689,107,183.00,56.80,42.93,5381,305633
400,400,DA5,,71,829,109,236.00,67.84,54.01,4414,299460
401,401,DA4,,71,987,112,215.00,60.07,48.02,6595,396143
402,402,*NOUSE*,*NOUSE*,0,0,0,0,0,0,0,0
403,403,*NOUSE*,*NOUSE*,0,0,0,0,0,0,0,0
404,404,RMED,,68,1566,47,233.00,100.06,51.90,4305,430751
405,405,IND5,,71,906,57,60.00,26.25, 8.96,9457,248259
406,406,*NOUSE*,*NOUSE*,0,0,0,0,0,0,0,0
407,407,*NOUSE*,*NOUSE*,0,0,0,0,0,0,0,0
408,408,*NOUSE*,*NOUSE*,0,0,0,0,0,0,0,0
409,409,PVR,,71,241,67,158.00,50.65,36.16,5319,269410
410,410,*NOUSE*,*NOUSE*,0,0,0,0,0,0,0,0
411,411,*NOUSE*,*NOUSE*,0,0,0,0,0,0,0,0
412,412,B,,71,330,87,166.00,51.92,27.35,5570,289181
413,413,I5,,70,1372,90,228.00,95.67,50.25,3365,321919
414,414,*NOUSE*,*NOUSE*,0,0,0,0,0,0,0,0
415,415,DB4,,71,1082,107,209.00,57.90,43.00,7050,408211
416,416,*NOUSE*,*NOUSE*,0,0,0,0,0,0,0,0
417,417,CEPVR,,72,1556,107,239.00,97.93,52.14,4637,454116
418,418,*NOUSE*,*NOUSE*,0,0,0,0,0,0,0,0
419,419,*NOUSE*,*NOUSE*,0,0,0,0,0,0,0,0
420,420,*NOUSE*,*NOUSE*,0,0,0,0,0,0,0,0
421,421,PM6D,,70,1361,43,173.00,71.98,40.08,4439,319539
422,422,*NOUSE*,*NOUSE*,0,0,0,0,0,0,0,0
423,423,*NOUSE*,*NOUSE*,0,0,0,0,0,0,0,0
424,424,*NOUSE*,*NOUSE*,0,0,0,0,0,0,0,0
425,425,*NOUSE*,*NOUSE*,0,0,0,0,0,0,0,0
426,426,*NOUSE*,*NOUSE*,0,0,0,0,0,0,0,0
427,427,*NOUSE*,*NOUSE*,0,0,0,0,0,0,0,0
428,428,*NOUSE*,*NOUSE*,0,0,0,0,0,0,0,0
429,429,I1R,,73,1675,90,192.00,68.80,41.12,4579,315031
430,430,*NOUSE*,*NOUSE*,0,0,0,0,0,0,0,0
431,431,*NOUSE*,*NOUSE*,0,0,0,0,0,0,0,0
432,432,DD2,,72,1156,108,209.00,59.06,45.71,5903,348620
433,433,DD4,,70,743,106,208.00,68.40,47.77,5220,357050
434,434,DB3,,72,1243,110,200.00,61.36,44.56,5924,363480
435,435,DB5,,71,887,111,244.00,73.99,53.37,5943,439693
436,436,*NOUSE*,*NOUSE*,0,0,0,0,0,0,0,0
437,437,*NOUSE*,*NOUSE*,0,0,0,0,0,0,0,0
438,438,HMC,,72,1402,34,207.00,73.34,41.89,5031,368984
439,439,*NOUSE*,*NOUSE*,0,0,0,0,0,0,0,0
440,440,*NOUSE*,*NOUSE*,0,0,0,0,0,0,0,0
441,441,*NOUSE*,*NOUSE*,0,0,0,0,0,0,0,0
442,442,*NOUSE*,*NOUSE*,0,0,0,0,0,0,0,0
443,443,*NOUSE*,*NOUSE*,0,0,0,0,0,0,0,0
444,444,*NOUSE*,*NOUSE*,0,0,0,0,0,0,0,0
445,445,*NOUSE*,*NOUSE*,0,0,0,0,0,0,0,0
446,446,PM3R,,75,1706,83,150.00,55.62,30.76,3315,184368
447,447,*NOUSE*,*NOUSE*,0,0,0,0,0,0,0,0
448,448,*NOUSE*,*NOUSE*,0,0,0,0,0,0,0,0
449,449,DR11,,77,1204,34,184.00,54.41,40.55,5098,277406
450,450,DR17,,75,750,45,195.00,55.41,42.62,4687,259707
451,451,VPI1,,75,1302,46,227.00,74.24,43.03,3980,295495
452,452,*NOUSE*,*NOUSE*,0,0,0,0,0,0,0,0
453,453,*NOUSE*,*NOUSE*,0,0,0,0,0,0,0,0
454,454,*NOUSE*,*NOUSE*,0,0,0,0,0,0,0,0
455,455,*NOUSE*,*NOUSE*,0,0,0,0,0,0,0,0
456,456,*NOUSE*,*NOUSE*,0,0,0,0,0,0,0,0
457,457,DR7,,76,1420,35,177.00,69.91,37.62,5268,368265
458,458,ADLR,,76,1457,44,171.00,67.87,37.52,5617,381229
459,459,*NOUSE*,*NOUSE*,0,0,0,0,0,0,0,0
460,460,*NOUSE*,*NOUSE*,0,0,0,0,0,0,0,0
461,461,*NOUSE*,*NOUSE*,0,0,0,0,0,0,0,0
462,462,*NOUSE*,*NOUSE*,0,0,0,0,0,0,0,0
463,463,*NOUSE*,*NOUSE*,0,0,0,0,0,0,0,0
464,464,*NOUSE*,*NOUSE*,0,0,0,0,0,0,0,0
465,465,*NOUSE*,*NOUSE*,0,0,0,0,0,0,0,0
466,466,M3R,,73,1586,86,249.00,95.02,56.09,3977,377881
467,467,*NOUSE*,*NOUSE*,0,0,0,0,0,0,0,0
468,468,PVT,,76,422,93,165.00,58.50,38.95,5429,317583
469,469,*NOUSE*,*NOUSE*,0,0,0,0,0,0,0,0
470,470,*NOUSE*,*NOUSE*,0,0,0,0,0,0,0,0
471,471,SMBVR,,73,1476,100,250.00,119.50,55.77,3086,368788
472,472,*NOUSE*,*NOUSE*,0,0,0,0,0,0,0,0
473,473,AVG,,73,1364,108,215.00,96.20,50.59,3473,334089
474,474,*NOUSE*,*NOUSE*,0,0,0,0,0,0,0,0
475,475,*NOUSE*,*NOUSE*,0,0,0,0,0,0,0,0
476,476,*NOUSE*,*NOUSE*,0,0,0,0,0,0,0,0
477,477,*NOUSE*,*NOUSE*,0,0,0,0,0,0,0,0
478,478,ASKR,,79,1483,45,190.00,75.40,41.98,5235,394714
479,479,*NOUSE*,*NOUSE*,0,0,0,0,0,0,0,0
480,480,*NOUSE*,*NOUSE*,0,0,0,0,0,0,0,0
481,481,*NOUSE*,*NOUSE*,0,0,0,0,0,0,0,0
482,482,*NOUSE*,*NOUSE*,0,0,0,0,0,0,0,0
483,483,*NOUSE*,*NOUSE*,0,0,0,0,0,0,0,0
484,484,*NOUSE*,*NOUSE*,0,0,0,0,0,0,0,0
485,485,*NOUSE*,*NOUSE*,0,0,0,0,0,0,0,0
486,486,*NOUSE*,*NOUSE*,0,0,0,0,0,0,0,0
487,487,*NOUSE*,*NOUSE*,0,0,0,0,0,0,0,0
488,488,DA1,,72,1300,107,240.00,87.63,55.06,4161,364628
489,489,*NOUSE*,*NOUSE*,0,0,0,0,0,0,0,0
490,490,IL2DR,,78,1605,46,192.00,71.30,39.91,3464,246986
491,491,GLRDR,,73,1525,54,254.00,109.18,62.88,3633,396652
492,492,*NOUSE*,*NOUSE*,0,0,0,0,0,0,0,0
493,493,*NOUSE*,*NOUSE*,0,0,0,0,0,0,0,0
494,494,*NOUSE*,*NOUSE*,0,0,0,0,0,0,0,0
495,495,*NOUSE*,*NOUSE*,0,0,0,0,0,0,0,0
496,496,*NOUSE*,*NOUSE*,0,0,0,0,0,0,0,0
497,497,NSMR,,78,1617,90,253.00,92.93,57.23,3930,365222
498,498,*NOUSE*,*NOUSE*,0,0,0,0,0,0,0,0
499,499,*NOUSE*,*NOUSE*,0,0,0,0,0,0,0,0
500,500,*NOUSE*,*NOUSE*,0,0,0,0,0,0,0,0
501,501,*NOUSE*,*NOUSE*,0,0,0,0,0,0,0,0
502,502,URXR,,76,1504,45,237.00,95.21,49.03,4077,388159
503,503,*NOUSE*,*NOUSE*,0,0,0,0,0,0,0,0
504,504,*NOUSE*,*NOUSE*,0,0,0,0,0,0,0,0
505,505,ILSODR,,78,1758,54,183.00,58.55,38.21,4853,284120
506,506,ALNR,,78,307,62,213.00,78.19,53.22,3607,282049
507,507,*NOUSE*,*NOUSE*,0,0,0,0,0,0,0,0
508,508,PLMR,,76,283,79,183.00,64.88,44.78,4566,296255
509,509,*NOUSE*,*NOUSE*,0,0,0,0,0,0,0,0
510,510,PM2VR1,,80,1799,87,168.00,50.10,35.27,4648,232869
511,511,G2R,,78,1321,88,248.00,93.96,62.73,3658,343698
512,512,PM2VR2,,80,1776,90,167.00,46.52,31.92,5470,254490
513,513,URAVR,,76,1577,105,248.00,112.77,58.76,2767,312034
514,514,RIFR,,77,1379,104,253.00,121.91,59.72,3198,389874
515,515,*NOUSE*,*NOUSE*,0,0,0,0,0,0,0,0
516,516,*NOUSE*,*NOUSE*,0,0,0,0,0,0,0,0
517,517,*NOUSE*,*NOUSE*,0,0,0,0,0,0,0,0
518,518,*NOUSE*,*NOUSE*,0,0,0,0,0,0,0,0
519,519,INDR1,,80,1217,50,99.00,40.24,18.83,7269,292531
520,520,RIAR,,81,1497,58,221.00,97.37,50.55,4161,405165
521,521,PHSHR,,75,297,70,187.00,73.63,46.42,3859,284146
522,522,*NOUSE*,*NOUSE*,0,0,0,0,0,0,0,0
523,523,MC2DR,,77,1408,60,218.00,81.75,37.29,4471,365511
524,524,PM4R,,80,1634,78,231.00,88.39,48.46,2904,256692
525,525,*NOUSE*,*NOUSE*,0,0,0,0,0,0,0,0
526,526,AVKR,,81,1398,91,253.00,115.15,57.36,3253,374589
527,527,*NOUSE*,*NOUSE*,0,0,0,0,0,0,0,0
528,528,*NOUSE*,*NOUSE*,0,0,0,0,0,0,0,0
529,529,*NOUSE*,*NOUSE*,0,0,0,0,0,0,0,0
530,530,*NOUSE*,*NOUSE*,0,0,0,0,0,0,0,0
531,531,*NOUSE*,*NOUSE*,0,0,0,0,0,0,0,0
532,532,*NOUSE*,*NOUSE*,0,0,0,0,0,0,0,0
533,533,*NOUSE*,*NOUSE*,0,0,0,0,0,0,0,0
534,534,*NOUSE*,*NOUSE*,0,0,0,0,0,0,0,0
535,535,*NOUSE*,*NOUSE*,0,0,0,0,0,0,0,0
536,536,SIAVR,,81,1447,98,249.00,102.85,59.26,3356,345157
537,537,*NOUSE*,*NOUSE*,0,0,0,0,0,0,0,0
538,538,*NOUSE*,*NOUSE*,0,0,0,0,0,0,0,0
539,539,CEPDR,,82,1526,44,233.00,85.80,52.75,4466,383196
540,540,*NOUSE*,*NOUSE*,0,0,0,0,0,0,0,0
541,541,*NOUSE*,*NOUSE*,0,0,0,0,0,0,0,0
542,542,*NOUSE*,*NOUSE*,0,0,0,0,0,0,0,0
543,543,PM5R,,82,1390,65,217.00,93.38,48.14,4193,391527
544,544,OLLR,,82,1593,69,219.00,92.40,48.40,3830,353886
545,545,LUAR,,82,325,62,241.00,72.66,51.41,4196,304869
546,546,*NOUSE*,*NOUSE*,0,0,0,0,0,0,0,0
547,547,RIPR,,81,1576,75,240.00,90.10,45.97,4137,372750
548,548,*NOUSE*,*NOUSE*,0,0,0,0,0,0,0,0
549,549,PHAR,,82,344,80,212.00,72.83,49.43,4220,307324
550,550,*NOUSE*,*NOUSE*,0,0,0,0,0,0,0,0
551,551,Z1,,82,880,94,214.00,58.55,40.23,7520,440317
552,552,OLQSOVR,,81,1684,97,227.00,72.73,44.74,3834,278840
553,553,VR15,,83,910,99,241.00,58.14,44.80,6766,393353
554,554,*NOUSE*,*NOUSE*,0,0,0,0,0,0,0,0
555,555,RIVR,,83,1413,47,247.00,103.04,56.85,3809,392472
556,556,*NOUSE*,*NOUSE*,0,0,0,0,0,0,0,0
557,557,*NOUSE*,*NOUSE*,0,0,0,0,0,0,0,0
558,558,DR2,,82,1713,59,134.00,56.71,25.71,5176,293531
559,559,*NOUSE*,*NOUSE*,0,0,0,0,0,0,0,0
560,560,ARCPDR,,84,1687,69,211.00,68.83,46.56,4335,298391
561,561,*NOUSE*,*NOUSE*,0,0,0,0,0,0,0,0
562,562,PM7VR,,85,1334,80,200.00,63.74,43.33,5577,355455
563,563,PM6VR,,83,1359,78,180.00,64.62,38.86,5644,364725
564,564,*NOUSE*,*NOUSE*,0,0,0,0,0,0,0,0
565,565,*NOUSE*,*NOUSE*,0,0,0,0,0,0,0,0
566,566,*NOUSE*,*NOUSE*,0,0,0,0,0,0,0,0
567,567,ILSHR,,83,1666,96,226.00,81.33,48.31,3874,315059
568,568,SMDDR,,82,1488,104,235.00,93.94,51.11,3298,309819
569,569,*NOUSE*,*NOUSE*,0,0,0,0,0,0,0,0
570,570,*NOUSE*,*NOUSE*,0,0,0,0,0,0,0,0
571,571,AVER,,84,1507,74,249.00,114.59,58.52,3218,368744
572,572,*NOUSE*,*NOUSE*,0,0,0,0,0,0,0,0
573,573,*NOUSE*,*NOUSE*,0,0,0,0,0,0,0,0
574,574,RIS,,83,1411,95,211.00,104.89,49.47,3110,326219
575,575,*NOUSE*,*NOUSE*,0,0,0,0,0,0,0,0
576,576,URYVR,,83,1584,94,226.00,102.54,52.70,3066,314375
577,577,CEPSHVR,,85,1549,96,216.00,74.52,48.28,4306,320880
578,578,SMBDR,,82,1463,103,251.00,103.09,57.90,3364,346805
579,579,*NOUSE*,*NOUSE*,0,0,0,0,0,0,0,0
580,580,*NOUSE*,*NOUSE*,0,0,0,0,0,0,0,0
581,581,*NOUSE*,*NOUSE*,0,0,0,0,0,0,0,0
582,582,DR8,,84,1357,31,146.00,48.87,29.74,6567,320939
583,583,DR10,,85,1265,37,184.00,50.64,35.04,5861,296803
584,584,*NOUSE*,*NOUSE*,0,0,0,0,0,0,0,0
585,585,ADFR,,84,1482,60,218.00,103.49,49.72,3435,355495
586,586,*NOUSE*,*NOUSE*,0,0,0,0,0,0,0,0
587,587,AIBR,,84,1484,75,237.00,112.04,55.08,3355,375902
588,588,M2R,,83,1380,77,255.00,118.06,66.63,3252,383922
589,589,*NOUSE*,*NOUSE*,0,0,0,0,0,0,0,0
590,590,*NOUSE*,*NOUSE*,0,0,0,0,0,0,0,0
591,591,VR17,,85,707,96,182.00,50.46,37.25,6941,350227
592,592,*NOUSE*,*NOUSE*,0,0,0,0,0,0,0,0
593,593,*NOUSE*,*NOUSE*,0,0,0,0,0,0,0,0
594,594,VR9,,86,1307,104,201.00,68.36,46.44,5579,381360
595,595,*NOUSE*,*NOUSE*,0,0,0,0,0,0,0,0
596,596,VR7,,82,1423,108,213.00,71.03,39.85,4701,333917
597,597,M1,,83,1360,46,238.00,81.09,55.17,4482,363444
598,598,*NOUSE*,*NOUSE*,0,0,0,0,0,0,0,0
599,599,*NOUSE*,*NOUSE*,0,0,0,0,0,0,0,0
600,600,VPI2DR,,86,1301,59,241.00,73.93,50.80,4676,345713
601,601,MC3DR,,86,1332,59,219.00,71.56,48.08,3862,276382
602,602,HYP1R,,86,1669,67,206.00,71.14,45.32,4455,316909
603,603,*NOUSE*,*NOUSE*,0,0,0,0,0,0,0,0
604,604,REPVR,,85,385,67,173.00,57.46,37.93,5378,309002
605,605,PHBR,,84,341,65,181.00,65.95,42.04,4482,295606
606,606,DR1,,86,1748,67,117.00,44.19,22.54,5862,259044
607,607,*NOUSE*,*NOUSE*,0,0,0,0,0,0,0,0
608,608,*NOUSE*,*NOUSE*,0,0,0,0,0,0,0,0
609,609,PVQR,,86,359,70,187.00,60.83,41.48,5107,310675
610,610,*NOUSE*,*NOUSE*,0,0,0,0,0,0,0,0
611,611,DA9,,83,379,83,196.00,70.47,46.81,4646,327386
612,612,*NOUSE*,*NOUSE*,0,0,0,0,0,0,0,0
613,613,*NOUSE*,*NOUSE*,0,0,0,0,0,0,0,0
614,614,*NOUSE*,*NOUSE*,0,0,0,0,0,0,0,0
615,615,*NOUSE*,*NOUSE*,0,0,0,0,0,0,0,0
616,616,*NOUSE*,*NOUSE*,0,0,0,0,0,0,0,0
617,617,*NOUSE*,*NOUSE*,0,0,0,0,0,0,0,0
618,618,*NOUSE*,*NOUSE*,0,0,0,0,0,0,0,0
619,619,*NOUSE*,*NOUSE*,0,0,0,0,0,0,0,0
620,620,*NOUSE*,*NOUSE*,0,0,0,0,0,0,0,0
621,621,AMSOR,,87,1705,71,175.00,57.75,36.16,5225,301755
622,622,IL1R,,86,1600,87,230.00,94.51,53.40,3631,343181
623,623,VR12,,88,1120,96,230.00,58.07,45.68,6378,370370
624,624,VR6,,86,1526,101,190.00,63.36,40.27,4852,307419
625,625,G1AR,,87,1374,57,209.00,75.40,43.35,4730,356651
626,626,CEPSHDR,,87,1564,64,205.00,83.08,41.05,3137,260635
627,627,*NOUSE*,*NOUSE*,0,0,0,0,0,0,0,0
628,628,CANR,,88,917,67,226.00,66.55,51.68,4905,326410
629,629,*NOUSE*,*NOUSE*,0,0,0,0,0,0,0,0
630,630,*NOUSE*,*NOUSE*,0,0,0,0,0,0,0,0
631,631,*NOUSE*,*NOUSE*,0,0,0,0,0,0,0,0
632,632,*NOUSE*,*NOUSE*,0,0,0,0,0,0,0,0
633,633,*NOUSE*,*NOUSE*,0,0,0,0,0,0,0,0
634,634,*NOUSE*,*NOUSE*,0,0,0,0,0,0,0,0
635,635,*NOUSE*,*NOUSE*,0,0,0,0,0,0,0,0
636,636,*NOUSE*,*NOUSE*,0,0,0,0,0,0,0,0
637,637,ASGR,,89,1447,52,229.00,91.50,50.80,4216,385781
638,638,*NOUSE*,*NOUSE*,0,0,0,0,0,0,0,0
639,639,*NOUSE*,*NOUSE*,0,0,0,0,0,0,0,0
640,640,HYP7RC5,,87,570,58,101.00,35.95,17.25,4086,146888
641,641,*NOUSE*,*NOUSE*,0,0,0,0,0,0,0,0
642,642,V6R,,88,507,69,114.00,36.56,20.55,7709,281842
643,643,*NOUSE*,*NOUSE*,0,0,0,0,0,0,0,0
644,644,*NOUSE*,*NOUSE*,0,0,0,0,0,0,0,0
645,645,*NOUSE*,*NOUSE*,0,0,0,0,0,0,0,0
646,646,*NOUSE*,*NOUSE*,0,0,0,0,0,0,0,0
647,647,*NOUSE*,*NOUSE*,0,0,0,0,0,0,0,0
648,648,*NOUSE*,*NOUSE*,0,0,0,0,0,0,0,0
649,649,*NOUSE*,*NOUSE*,0,0,0,0,0,0,0,0
650,650,*NOUSE*,*NOUSE*,0,0,0,0,0,0,0,0
651,651,*NOUSE*,*NOUSE*,0,0,0,0,0,0,0,0
652,652,URBR,,90,1590,78,246.00,102.18,61.28,3451,352630
653,653,V5R,,89,610,77,130.00,42.29,24.54,6828,288785
654,654,OLLSHR,,90,1642,81,253.00,94.47,57.00,4439,419362
655,655,CCRP,,90,1154,93,246.00,75.60,59.79,4763,360091
656,656,*NOUSE*,*NOUSE*,0,0,0,0,0,0,0,0
657,657,*NOUSE*,*NOUSE*,0,0,0,0,0,0,0,0
658,658,*NOUSE*,*NOUSE*,0,0,0,0,0,0,0,0
659,659,HSNR,,91,836,73,249.00,77.37,60.46,4341,335843
660,660,ARCADR,,90,1728,77,166.00,54.81,33.57,5189,284400
661,661,H0R,,90,1670,84,163.00,59.28,33.92,4834,286538
662,662,*NOUSE*,*NOUSE*,0,0,0,0,0,0,0,0
663,663,*NOUSE*,*NOUSE*,0,0,0,0,0,0,0,0
664,664,*NOUSE*,*NOUSE*,0,0,0,0,0,0,0,0
665,665,*NOUSE*,*NOUSE*,0,0,0,0,0,0,0,0
666,666,*NOUSE*,*NOUSE*,0,0,0,0,0,0,0,0
667,667,*NOUSE*,*NOUSE*,0,0,0,0,0,0,0,0
668,668,*NOUSE*,*NOUSE*,0,0,0,0,0,0,0,0
669,669,RIMR,,91,1432,79,242.00,101.93,56.72,3665,373567
670,670,*NOUSE*,*NOUSE*,0,0,0,0,0,0,0,0
671,671,*NOUSE*,*NOUSE*,0,0,0,0,0,0,0,0
672,672,CCRA,,92,1185,95,246.00,75.80,56.31,4996,378686
673,673,*NOUSE*,*NOUSE*,0,0,0,0,0,0,0,0
674,674,*NOUSE*,*NOUSE*,0,0,0,0,0,0,0,0
675,675,*NOUSE*,*NOUSE*,0,0,0,0,0,0,0,0
676,676,AVJR,,91,1415,59,253.00,107.82,59.66,3511,378548
677,677,*NOUSE*,*NOUSE*,0,0,0,0,0,0,0,0
678,678,*NOUSE*,*NOUSE*,0,0,0,0,0,0,0,0
679,679,*NOUSE*,*NOUSE*,0,0,0,0,0,0,0,0
680,680,IL2R,,92,1614,77,212.00,76.11,48.35,4410,335628
681,681,*NOUSE*,*NOUSE*,0,0,0,0,0,0,0,0
682,682,HYP5R,,91,1787,79,100.00,38.24,17.88,5860,224090
683,683,*NOUSE*,*NOUSE*,0,0,0,0,0,0,0,0
684,684,XXXR,,89,1615,89,244.00,101.55,60.04,3024,307078
685,685,*NOUSE*,*NOUSE*,0,0,0,0,0,0,0,0
686,686,*NOUSE*,*NOUSE*,0,0,0,0,0,0,0,0
687,687,*NOUSE*,*NOUSE*,0,0,0,0,0,0,0,0
688,688,*NOUSE*,*NOUSE*,0,0,0,0,0,0,0,0
689,689,*NOUSE*,*NOUSE*,0,0,0,0,0,0,0,0
690,690,*NOUSE*,*NOUSE*,0,0,0,0,0,0,0,0
691,691,RMDVR,,93,1541,70,238.00,71.02,48.43,4911,348759
692,692,AINR,,93,1401,65,254.00,99.63,63.88,3905,389071
693,693,*NOUSE*,*NOUSE*,0,0,0,0,0,0,0,0
694,694,AFDR,,93,1498,67,201.00,81.32,48.62,4603,374302
695,695,BDUR,,94,1236,72,243.00,78.12,60.64,4288,334979
696,696,AVAR,,93,1520,72,235.00,89.12,56.55,4120,367170
697,697,*NOUSE*,*NOUSE*,0,0,0,0,0,0,0,0
698,698,*NOUSE*,*NOUSE*,0,0,0,0,0,0,0,0
699,699,*NOUSE*,*NOUSE*,0,0,0,0,0,0,0,0
700,700,*NOUSE*,*NOUSE*,0,0,0,0,0,0,0,0
701,701,*NOUSE*,*NOUSE*,0,0,0,0,0,0,0,0
702,702,*NOUSE*,*NOUSE*,0,0,0,0,0,0,0,0
703,703,*NOUSE*,*NOUSE*,0,0,0,0,0,0,0,0
704,704,OLQSHVR,,91,1635,90,245.00,95.16,57.63,3240,308324
705,705,SIBDR,,93,1503,87,254.00,102.83,67.05,3393,348903
706,706,RMDR,,90,1519,88,245.00,101.42,60.09,3241,328704
707,707,*NOUSE*,*NOUSE*,0,0,0,0,0,0,0,0
708,708,AMSHR,,92,1388,48,150.00,60.76,29.52,6048,367494
709,709,*NOUSE*,*NOUSE*,0,0,0,0,0,0,0,0
710,710,*NOUSE*,*NOUSE*,0,0,0,0,0,0,0,0
711,711,*NOUSE*,*NOUSE*,0,0,0,0,0,0,0,0
712,712,*NOUSE*,*NOUSE*,0,0,0,0,0,0,0,0
713,713,ADESHR,,96,1311,66,222.00,71.80,53.17,4850,348216
714,714,*NOUSE*,*NOUSE*,0,0,0,0,0,0,0,0
715,715,*NOUSE*,*NOUSE*,0,0,0,0,0,0,0,0
716,716,*NOUSE*,*NOUSE*,0,0,0,0,0,0,0,0
717,717,*NOUSE*,*NOUSE*,0,0,0,0,0,0,0,0
718,718,*NOUSE*,*NOUSE*,0,0,0,0,0,0,0,0
719,719,ASJR,,94,1449,87,185.00,75.90,42.12,4890,371136
720,720,RICR,,94,1417,88,246.00,110.81,64.03,3696,409557
721,721,*NOUSE*,*NOUSE*,0,0,0,0,0,0,0,0
722,722,*NOUSE*,*NOUSE*,0,0,0,0,0,0,0,0
723,723,*NOUSE*,*NOUSE*,0,0,0,0,0,0,0,0
724,724,ASHR,,94,1471,70,208.00,76.14,43.28,4822,367146
725,725,*NOUSE*,*NOUSE*,0,0,0,0,0,0,0,0
726,726,*NOUSE*,*NOUSE*,0,0,0,0,0,0,0,0
727,727,FLPR,,95,1402,85,254.00,104.88,65.58,3519,369060
728,728,*NOUSE*,*NOUSE*,0,0,0,0,0,0,0,0
729,729,*NOUSE*,*NOUSE*,0,0,0,0,0,0,0,0
730,730,V2R,,96,1066,74,134.00,43.86,26.02,7702,337800
731,731,*NOUSE*,*NOUSE*,0,0,0,0,0,0,0,0
732,732,AUAR,,95,1470,87,252.00,98.56,63.98,3844,378871
733,733,ADAR,,97,1376,87,248.00,90.25,61.70,4265,384917
734,734,RMGR,,96,1354,85,238.00,75.59,54.64,4866,367823
735,735,*NOUSE*,*NOUSE*,0,0,0,0,0,0,0,0
736,736,HYP7ABRD,,98,1279,56,137.00,42.71,22.88,8579,366386
737,737,AWCR,,96,1488,81,202.00,80.77,49.13,4599,371477
738,738,*NOUSE*,*NOUSE*,0,0,0,0,0,0,0,0
739,739,*NOUSE*,*NOUSE*,0,0,0,0,0,0,0,0
740,740,*NOUSE*,*NOUSE*,0,0,0,0,0,0,0,0
741,741,*NOUSE*,*NOUSE*,0,0,0,0,0,0,0,0
742,742,*NOUSE*,*NOUSE*,0,0,0,0,0,0,0,0
743,743,*NOUSE*,*NOUSE*,0,0,0,0,0,0,0,0
744,744,HYP7ABRV,,100,1276,76,133.00,41.36,22.02,8089,334542
745,745,*NOUSE*,*NOUSE*,0,0,0,0,0,0,0,0
746,746,*NOUSE*,*NOUSE*,0,0,0,0,0,0,0,0
747,747,*NOUSE*,*NOUSE*,0,0,0,0,0,0,0,0
748,748,*NOUSE*,*NOUSE*,0,0,0,0,0,0,0,0
749,749,*NOUSE*,*NOUSE*,0,0,0,0,0,0,0,0
750,750,*NOUSE*,*NOUSE*,0,0,0,0,0,0,0,0
751,751,*NOUSE*,*NOUSE*,0,0,0,0,0,0,0,0
752,752,DA7,*MANUAL*,70,503,102,205.00,116.53,34.21,1365,159064
753,753,*NOUSE*,*NOUSE*,0,0,0,0,0,0,0,0
754,754,HYP7ABR3,*MANUAL*$753$728,93,1205,48,132.00,43.85,24.99,6999,306936
755,755,V1R,*MANUAL*$729$712,96,1196,67,163.00,48.47,31.06,6861,332582
756,756,V3R,*MANUAL*$699$714$716,92,939,80,150.00,43.44,24.97,7610,330551
757,757,V4R,*MANUAL*$693$697,92,796,72,134.00,42.45,24.90,7317,310591
758,758,QR,*MANUAL*$683$700,92,683,80,162.00,47.27,30.33,6582,311118
759,759,HYP7RC1,*MANUAL*$690$709,93,1137,58,120.00,37.05,18.92,8403,311322
760,760,*NOUSE*,*NOUSE*,0,0,0,0,0,0,0,0
761,761,HYP7RC3,*MANUAL*$665$675$677,90,886,60,140.00,38.68,21.66,7338,283831
762,762,HYP7RC2,*MANUAL*$678$760,93,1005,61,133.00,40.24,22.15,6729,270790
763,763,*NOUSE*,*NOUSE*,0,0,0,0,0,0,0,0
764,764,*NOUSE*,*NOUSE*,0,0,0,0,0,0,0,0
765,765,HYP7RC4,*MANUAL*$639$764,89,731,55,119.00,37.73,21.65,7653,288723
766,766,*NOUSE*,*NOUSE*,0,0,0,0,0,0,0,0
767,767,HYP7RC6,*MANUAL*$710$766,86,420,54,84.00,30.28,12.05,4864,147290
768,768,P1/2R,*MANUAL*$725$715,94,1123,79,184.00,54.04,37.72,6422,347050
769,769,P3/4R,*MANUAL*$718$702,93,1003,86,196.00,50.49,34.20,6786,342618
770,770,P5/6R,*MANUAL*$721$701,93,893,88,197.00,56.96,37.02,6703,381785
771,771,P7/8R,*MANUAL*$750$703,93,730,87,161.00,48.05,32.46,7284,350007
772,772,P9/10R,*MANUAL*$671$662,89,581,86,149.00,46.90,28.60,5693,267015
773,773,P11/12R,*MANUAL*,90,408,77,147.00,74.63,28.52,1365,101875
774,774,IMR,*MANUAL*,89,444,82,155.00,84.70,33.97,776,65726
775,775,ALMR,*MANUAL*,86,1013,47,211.00,136.94,34.29,895,122561
776,776,M,*MANUAL*$620$603,84,662,64,102.00,33.45,15.85,8255,276120
777,777,hyp7ablv,*MANUAL*$64$52,44,1257,74,95.00,32.14,14.24,6997,224850
778,778,V1L,*MANUAL*$51$38,44,1179,71,107.00,38.85,19.61,6088,236533
779,779,P1/2L,*MANUAL*$75$65,46,1127,90,115.00,42.51,23.29,6135,260793
780,780,*NOUSE*,*NOUSE*,0,0,0,0,0,0,0,0
781,781,HYP7LC1,*MANUAL*$94$780,45,1136,62,112.00,33.66,16.64,6882,231650
782,782,HYP7LC2,*MANUAL*$103$82$73,46,1021,68,110.00,33.62,17.82,5287,177754
783,783,*NOUSE*,*NOUSE*,0,0,0,0,0,0,0,0
784,784,P3/4L,*MANUAL*$139$783,49,1019,96,117.00,40.40,21.85,6512,263074
785,785,V3L,*MANUAL*$85$74,46,940,90,105.00,35.20,19.04,7304,257066
786,786,V4L,*MANUAL*$104$110,49,751,85,98.00,34.24,17.44,7584,259679
787,787,*NOUSE*,*NOUSE*,0,0,0,0,0,0,0,0
788,788,HYP7LC4,*MANUAL*$148$787$128,51,707,63,85.00,30.44,13.64,6425,195552
789,789,*NOUSE*,*NOUSE*,0,0,0,0,0,0,0,0
790,790,HYP7LC5,*MANUAL*$789$130,52,572,63,80.00,30.47,13.09,6493,197833
791,791,V5L,*MANUAL*$152$167,53,601,84,94.00,36.63,18.97,6922,253536
792,792,V6L,*MANUAL*$132$149$121,51,510,83,108.00,33.82,17.86,6698,226545
793,793,HYP7LC6,*MANUAL*,54,374,61,87.00,35.91,14.40,1365,49022
794,794,P11/12L,*MANUAL*,53,409,87,141.00,65.40,27.31,1365,89265
795,795,INDL1,*MANUAL*$143$158,55,1223,53,95.00,34.35,14.74,7302,250816
796,796,INVR1,*MANUAL*$612$615,86,1225,91,107.00,39.64,18.95,9045,358511
797,797,INV6,*MANUAL*$542$561,80,778,74,70.00,29.85,11.92,9799,292467
798,798,INV8,*MANUAL*$328$341,67,537,88,82.00,34.15,14.27,6577,224573
799,799,INV9,*MANUAL*,82,450,80,156.00,56.31,25.69,2103,118424
800,800,IND7,*MANUAL*$424$408,73,603,62,64.00,29.22, 9.53,6127,179024
801,801,*NOUSE*,*NOUSE*,0,0,0,0,0,0,0,0
802,802,IND9,*MANUAL*$232$801,56,443,67,80.00,33.04,13.85,6442,212847
803,803,*NOUSE*,*NOUSE*,0,0,0,0,0,0,0,0
804,804,Z3,*MANUAL*$285$269$327$325,65,810,93,206.00,56.16,35.33,10961,615614
805,805,DL1,*MANUAL*$92$93,49,1738,62,104.00,46.27,18.53,5362,248075
806,806,DL3,*MANUAL*$101$116,51,1671,47,149.00,58.86,29.43,4633,272697
807,807,DL4,*MANUAL*$89$68,46,1623,45,147.00,67.99,29.00,3696,251290
808,808,DL2,*MANUAL*,50,1709,53,154.00,91.18,24.93,891,81239
809,809,DL5,*MANUAL*,48,1548,49,167.00,83.51,24.17,895,74744
810,810,DL6,*MANUAL*,55,1537,39,154.00,96.17,20.54,895,86068
811,811,DL7,*MANUAL*$262$261,60,1390,30,164.00,66.32,33.88,4531,300508
812,812,DL10,*MANUAL*$211$190,56,1251,37,152.00,46.33,29.07,5185,240231
813,813,DL11,*MANUAL*$208$209,58,1193,37,160.00,50.47,35.07,4946,249623
814,814,DL12,*MANUAL*$156$210$141,54,1101,41,164.00,50.69,33.74,4957,251263
815,815,DL13,*MANUAL*$212$213,58,1035,42,170.00,54.17,38.54,4474,242348
816,816,DL14,*MANUAL*$142$157,54,952,49,125.00,42.18,26.53,5000,210900
817,817,DL15,*MANUAL*$194$195,56,892,50,133.00,46.04,29.62,4226,194572
818,818,DL17,*MANUAL*$252$277,61,697,47,160.00,45.23,29.69,4901,221692
819,819,DL18,*MANUAL*,60,607,53,136.00,75.41,27.59,1365,102932
820,820,DL19,*MANUAL*$239$228,59,527,50,164.00,50.10,33.40,4636,232277
821,821,VL1,*MANUAL*,47,1746,96,114.00,56.69,20.10,1331,75460
822,822,VL5,*MANUAL*$237$154,54,1540,110,192.00,67.29,39.24,4250,285965
823,823,VL6,*MANUAL*$87$100,47,1544,103,181.00,58.64,33.41,4737,277756
824,824,VL7,*MANUAL*$226$207,57,1407,108,205.00,77.56,40.76,4159,322573
825,825,VL10,*MANUAL*$236$235,59,1252,109,174.00,54.17,36.54,5759,311951
826,826,VL11,*MANUAL*$273$290,63,1134,108,192.00,58.87,43.95,5662,333347
827,827,VL13,*MANUAL*$317$274,63,1017,109,206.00,54.47,40.95,6195,337418
828,828,VL14,*MANUAL*$172$173,56,946,106,173.00,54.87,39.38,5863,321694
829,829,VL16,*MANUAL*,60,747,102,194.00,92.97,31.83,1365,126908
830,830,VL17,*MANUAL*$302$301,64,622,103,139.00,45.90,29.38,6433,295300
831,831,VL19,*MANUAL*,65,302,90,194.00,102.17,33.49,1337,136603
832,832,VR20,*MANUAL*,76,303,88,197.00,103.05,44.87,895,92226
833,833,VR1,*MANUAL*,87,1744,96,134.00,67.81,21.46,1279,86728
834,834,VR2,*MANUAL*,79,1714,107,149.00,82.14,20.05,889,73026
835,835,VR3,*MANUAL*$472$487,75,1671,109,179.00,59.53,32.85,4345,258640
836,836,VR4,*MANUAL*$579$580,82,1618,105,176.00,61.55,33.11,4630,284977
837,837,VR5,*MANUAL*$634$537,78,1541,110,191.00,70.06,41.57,3688,258391
838,838,VR8,*MANUAL*$722$656,87,1375,102,231.00,73.50,43.66,4398,323258
839,839,EXC GL R,*MANUAL*,88,1345,101,228.00,124.17,48.23,1365,169486
840,840,VR10,*MANUAL*$645$646,89,1269,103,217.00,62.41,48.16,6029,376283
841,841,VR11,*MANUAL*$595$581,84,1189,105,218.00,62.08,44.79,6154,382061
842,842,VR13,*MANUAL*$632$630,88,1053,101,198.00,55.17,41.54,6512,359239
843,843,VR14,*MANUAL*$631$575,85,971,101,196.00,56.86,43.03,7841,445858
844,844,VR16,*MANUAL*$613$573,85,797,93,188.00,56.33,41.36,6326,356338
845,845,VR19,*MANUAL*$566$572,82,504,90,151.00,50.57,33.04,6068,306874
846,846,DR3,*MANUAL*$531$530,80,1669,50,132.00,53.10,25.09,5698,302572
847,847,DR4,*MANUAL*,87,1627,52,167.00,95.81,27.77,895,85748
848,848,DR6,*MANUAL*$554$529,80,1555,42,174.00,65.74,34.92,5422,356425
849,849,DR5,*MANUAL*,88,1559,52,167.00,98.37,26.07,895,88040
850,850,DR9,*MANUAL*$516$501,79,1306,31,192.00,58.42,38.74,4927,287851
851,851,DR12,*MANUAL*$528$517,80,1122,36,178.00,50.83,34.44,5487,278908
852,852,DR13,*MANUAL*$350$448,73,1075,35,201.00,53.03,39.50,5925,314224
853,853,DR14,*MANUAL*$441$459,76,985,44,199.00,53.99,38.89,5413,292267
854,854,DR15,*MANUAL*$419$349,69,937,41,151.00,49.73,33.00,4851,241258
855,855,DR18,*MANUAL*$460$477,76,659,47,165.00,50.10,33.40,5185,259769
856,856,DR20,*MANUAL*$442$422,73,495,48,148.00,46.75,28.28,5393,252146
857,857,DR19,*MANUAL*,74,582,49,174.00,79.79,34.05,1365,108914
858,858,DR21,*MANUAL*$503$493,76,355,52,165.00,64.30,35.98,4272,274706
859,859,*NOUSE*,*NOUSE*,0,0,0,0,0,0,0,0
860,860,*NOUSE*,*NOUSE*,0,0,0,0,0,0,0,0
861,861,SPH,*MANUAL*,62,403,81,192.00,131.89,24.02,895,118041
862,862,PVPL,*MANUAL*,63,402,94,201.00,128.45,30.09,895,114960
863,863,VIRR,*MANUAL*,75,397,63,162.00,108.70,26.58,895,97284
864,864,IML,*MANUAL*,60,431,93,171.00,99.00,32.04,895,88603
865,865,PVPR,*MANUAL*,83,400,84,199.00,131.10,38.34,895,117334
866,866,DD6,*MANUAL*,73,393,84,217.00,152.97,35.35,895,136910
867,867,YPDA,*MANUAL*$470$454,74,363,96,170.00,59.57,35.69,4590,273409
868,868,PVCR,*MANUAL*,82,318,75,191.00,132.03,29.32,895,118165
869,869,K',*MANUAL*$522$494,79,368,59,174.00,66.69,39.76,4375,291782
870,870,ALNL,*MANUAL*,61,312,65,215.00,146.64,24.85,852,124940
871,871,K,*MANUAL*,64,352,59,178.00,102.22,27.80,1365,139531
872,872,REPD,*MANUAL*,65,373,55,204.00,123.46,31.60,895,110494
873,873,DVC,*MANUAL*,69,315,78,163.00,120.91,20.37,895,108212
874,874,DEP,*MANUAL*,69,316,61,197.00,129.97,22.73,895,116327
875,875,TR,*MANUAL*,77,264,69,93.00,50.38,16.30,2103,105959
876,876,TL,*MANUAL*,59,262,70,82.00,41.39,12.66,1365,56502
877,877,HYP71,*MANUAL*$393$392,70,239,86,167.00,50.31,33.93,5526,278039
878,878,*NOUSE*,*NOUSE*,0,0,0,0,0,0,0,0
879,879,HYP11,*MANUAL*$339$878,64,184,68,156.00,49.20,30.58,5588,274904
880,880,HYP8,*MANUAL*,71,182,76,155.00,93.45,19.13,1365,127555
881,881,HYP9,*MANUAL*$389$372,70,127,77,185.00,53.70,36.68,5465,293492
882,882,VPI3V,*MANUAL*,77,1293,82,204.00,119.13,38.82,839,99947
883,883,VPI2V,*MANUAL*,74,1300,86,254.00,173.81,46.94,895,155557
884,884,G1P,*MANUAL*$476$479,78,1322,49,174.00,53.77,32.11,6040,324773
885,885,PM7D,*MANUAL*$368$387,69,1336,41,162.00,56.72,35.27,5441,308640
886,886,PM7VL,*MANUAL*$182$181,57,1333,83,160.00,57.36,35.02,5367,307873
887,887,PM5DL,*MANUAL*,62,1390,48,192.00,112.30,27.75,1365,153296
888,888,PM5DR,*MANUAL*,76,1392,50,208.00,108.87,38.72,895,97440
889,889,PM5VL,*MANUAL*,65,1386,83,233.00,168.52,24.69,865,145768
890,890,PM5VR,*MANUAL*,75,1386,84,242.00,167.37,33.03,895,149792
891,891,NSML,*MANUAL*,52,1615,87,201.00,125.09,45.14,895,111958
892,892,MI,*MANUAL*,66,1632,54,231.00,178.42,19.61,482,85999
893,893,PM4DL,*MANUAL*,58,1630,58,195.00,124.33,31.13,485,60298
894,894,PM4DR,*MANUAL*,75,1630,59,225.00,140.92,31.53,485,68344
895,895,PM4VR,*MANUAL*$431$447,69,1629,99,194.00,70.65,37.71,4493,317448
896,896,MCL,*MANUAL*,56,1637,82,248.00,184.62,30.71,483,89172
897,897,I2L,*MANUAL*,47,1635,87,252.00,153.07,41.99,895,137002
898,898,MCR,*MANUAL*,73,1640,88,248.00,179.40,27.81,483,86649
899,899,I2R,*MANUAL*,80,1636,93,237.00,178.91,21.74,485,86772
900,900,MC1DL,*MANUAL*,52,1649,66,153.00,97.74,20.13,895,87473
901,901,MC1DR,*MANUAL*,76,1653,68,173.00,110.77,21.46,893,98917
902,902,PM1DL,*MANUAL*,61,1651,59,236.00,165.04,23.72,423,69814
903,903,PM1DR,*MANUAL*,69,1651,59,252.00,164.33,44.19,895,147075
904,904,PM1L,*MANUAL*,51,1657,74,230.00,140.29,40.93,485,68041
905,905,PM1R,*MANUAL*,79,1659,82,242.00,162.62,40.53,485,78871
906,906,PM1VL,*MANUAL*,53,1652,91,204.00,112.12,41.90,895,100348
907,907,PM1VR,*MANUAL*,72,1654,90,242.00,155.25,38.41,895,138947
908,908,I1L,*MANUAL*,52,1671,85,196.00,117.01,32.69,895,104725
909,909,PM2VL1,*MANUAL*,58,1786,87,161.00,92.59,24.79,853,78980
910,910,PM2VL2,*MANUAL*,58,1770,88,160.00,83.98,28.38,895,75162
911,911,E1VL,*MANUAL*,53,1743,88,181.00,101.50,33.88,799,81098
912,912,E3VL,*MANUAL*,51,1707,88,181.00,103.99,26.22,701,72894
913,913,PM3VL,*MANUAL*,59,1739,90,173.00,78.82,27.18,865,68181
914,914,PM3VR,*MANUAL*,70,1738,91,118.00,59.01,15.48,895,52810
915,915,E2VR,*MANUAL*$550$534,79,1831,87,109.00,38.42,21.01,5157,198135
916,916,E1VR,*MANUAL*,79,1748,92,199.00,132.37,27.45,895,118475
917,917,E3VR,*MANUAL*,76,1708,92,141.00,83.81,22.76,895,75014
918,918,E2D,*MANUAL*$423$406,70,1807,63,107.00,37.93,19.05,4876,184932
919,919,PM2D1,*MANUAL*$407$369,69,1775,62,137.00,49.31,28.64,5045,248776
920,920,PM2D2,*MANUAL*$337$324,67,1753,63,147.00,57.44,31.31,4903,281607
921,921,E1D,*MANUAL*,67,1728,61,165.00,109.16,26.13,745,81326
922,922,E3D,*MANUAL*,66,1671,59,123.00,66.61,24.63,1365,90924
923,923,PM3DR,*MANUAL*,70,1705,65,93.00,52.05,15.35,1365,71044
924,924,PM3DL,*MANUAL*,60,1729,65,105.00,49.49,18.97,895,44293
925,925,EXC,*MANUAL*,59,1430,93,128.00,53.57,17.30,1365,73124
926,926,AIML,*MANUAL*,63,1410,89,252.00,179.76,31.43,881,158366
927,927,AIYL,*MANUAL*,54,1407,94,248.00,173.80,34.44,895,155550
928,928,AIMR,*MANUAL*,72,1422,90,251.00,182.62,38.83,843,153945
929,929,AIYR,*MANUAL*,80,1427,91,252.00,185.19,32.57,895,165742
930,930,G2,*MANUAL*$345$359,67,1458,107,213.00,82.11,46.22,3888,319248
931,931,SABVL,*MANUAL*,70,1401,103,254.00,193.60,35.65,887,171724
932,932,SABVR,*MANUAL*,75,1392,107,253.00,181.98,45.93,895,162868
933,933,SABD,*MANUAL*,77,1345,108,253.00,168.49,53.46,813,136984
934,934,DB1,*MANUAL*,70,1343,114,244.00,152.44,35.48,895,136430
935,935,FLPL,*MANUAL*,45,1393,85,193.00,131.87,25.46,895,118024
936,936,AWCL,*MANUAL*,42,1482,78,162.00,106.32,21.22,1365,145131
937,937,ASHL,*MANUAL*,44,1462,66,152.00,98.47,20.33,1365,134418
938,938,ASEL,*MANUAL*,44,1439,64,163.00,108.34,17.64,1288,139546
939,939,AVDL,*MANUAL*,44,1412,67,222.00,147.50,28.15,895,132009
940,940,AVJL,*MANUAL*,47,1404,57,218.00,149.72,26.87,895,133999
941,941,AVHL,*MANUAL*,47,1418,47,233.00,161.34,28.98,895,144396
942,942,AFDL,*MANUAL*,45,1486,65,172.00,109.96,24.11,1365,150089
943,943,ADFL,*MANUAL*,50,1472,53,188.00,128.82,26.25,895,115290
944,944,AVBL,*MANUAL*,53,1419,64,215.00,139.23,34.36,895,124608
945,945,RIBL,*MANUAL*,53,1436,67,199.00,135.08,23.52,895,120894
946,946,AIZL,*MANUAL*,51,1407,77,202.00,148.82,22.87,895,133192
947,947,ASIL,*MANUAL*,58,1421,44,192.00,115.84,30.65,1365,158122
948,948,ASKL,*MANUAL*,59,1471,42,160.00,99.45,25.00,2103,209139
949,949,URXL,*MANUAL*,62,1498,45,211.00,150.24,22.25,895,134462
950,950,ASIR,*MANUAL*,80,1431,47,210.00,122.08,38.16,1365,166636
951,951,ADER,*MANUAL*,92,1389,81,254.00,194.81,36.65,895,174353
952,952,ASER,*MANUAL*,97,1445,66,213.00,124.67,29.44,1365,170169
953,953,AVDR,*MANUAL*,97,1417,71,252.00,187.98,35.33,865,162605
954,954,AVHR,*MANUAL*,93,1428,51,252.00,182.39,36.95,895,163235
955,955,AWBR,*MANUAL*,92,1472,52,248.00,153.24,42.10,1365,209173
956,956,AWAR,*MANUAL*,84,1463,58,228.00,163.17,26.06,895,146038
957,957,AVBR,*MANUAL*,88,1434,64,222.00,165.78,24.11,895,148371
958,958,RIBR,*MANUAL*,86,1450,71,248.00,181.79,36.35,895,162698
959,959,AIZR,*MANUAL*,88,1415,75,253.00,197.53,27.24,895,176785
960,960,SMDVR,*MANUAL*,88,1511,54,227.00,162.95,30.48,895,145838
961,961,ALA,*MANUAL*$403$367,69,1513,39,200.00,86.58,45.21,4501,389712
962,962,SAAVR,*MANUAL*,82,1520,61,248.00,177.46,30.12,895,158828
963,963,GLRDL,*MANUAL*,60,1522,53,254.00,187.19,41.43,895,167531
964,964,SAAVL,*MANUAL*,53,1514,60,229.00,156.98,32.62,895,140497
965,965,RIAL,*MANUAL*,53,1490,56,209.00,148.26,25.33,895,132696
966,966,GLRVL,*MANUAL*,59,1516,89,249.00,174.20,33.34,895,155912
967,967,GLRVR,*MANUAL*,74,1518,90,253.00,188.40,36.70,839,158071
968,968,GLRR,*MANUAL*,79,1514,83,254.00,195.33,33.76,895,174817
969,969,RMDDR,*MANUAL*,83,1506,101,251.00,165.87,42.81,895,148454
970,970,RMDDL,*MANUAL*,51,1507,99,227.00,147.30,35.13,839,123583
971,971,SAADR,*MANUAL*,74,1501,96,247.00,191.43,24.28,445,85186
972,972,SAADL,*MANUAL*,58,1501,97,248.00,174.26,32.60,875,152476
973,973,RIH,*MANUAL*,67,1496,95,235.00,176.72,23.15,895,158165
974,974,SIBVR,*MANUAL*,85,1495,89,254.00,190.84,43.63,895,170804
975,975,SMBDL,*MANUAL*,55,1476,104,216.00,143.28,29.12,895,128239
976,976,RIR,*MANUAL*,76,1484,87,236.00,174.15,26.26,895,155864
977,977,SMBVL,*MANUAL*,62,1475,92,227.00,169.46,23.87,895,151671
978,978,AIAR,*MANUAL*,72,1459,91,244.00,189.38,25.46,891,168740
979,979,AVL,*MANUAL*,81,1458,84,244.00,159.93,27.21,895,143141
980,980,AIAL,*MANUAL*,61,1461,90,246.00,182.45,28.16,895,163294
981,981,SIADL,*MANUAL*,51,1469,91,233.00,153.28,34.31,895,137187
982,982,EXC DUCT,*MANUAL*,56,1443,87,206.00,126.18,26.49,895,112930
983,983,SIADR,*MANUAL*,85,1474,95,245.00,166.83,49.59,895,149317
984,984,VR18,*MANUAL*$592$593,85,624,95,169.00,48.87,34.52,6685,326666
985,985,P7/8L,*MANUAL*$134$133,52,699,92,131.00,41.68,23.47,5682,236801
986,986,IND3,*MANUAL*$295$293,64,1073,49,65.00,27.21, 9.79,7914,215376
987,987,DR16,*MANUAL*$440$439,74,842,42,182.00,55.29,39.13,5096,281775
988,988,IL2L,*MANUAL*,37,1614,72,159.00,102.65,24.87,895,91872
989,989,URBL,*MANUAL*,40,1590,72,207.00,133.46,35.44,895,119443
990,990,BAGL,*MANUAL*,42,1570,85,168.00,109.01,21.97,895,97561
991,991,OLQVL,*MANUAL*,53,1569,93,199.00,113.39,46.06,895,101484
992,992,OLLL,*MANUAL*,50,1597,64,186.00,123.17,29.68,895,110240
993,993,RMEL,*MANUAL*,47,1562,74,239.00,122.19,32.70,895,109363
994,994,CEPSHVL,*MANUAL*,44,1550,90,200.00,99.40,31.64,869,86378
995,995,URAVL,*MANUAL*,54,1576,106,243.00,135.52,49.44,895,121287
996,996,IL1VL,*MANUAL*,64,1586,103,222.00,156.03,29.33,895,139648
997,997,IL1VR,*MANUAL*,65,1570,104,247.00,160.14,40.11,895,143321
998,998,OLQVR,*MANUAL*,78,1568,94,248.00,151.61,47.29,895,135690
999,999,BAGR,*MANUAL*,88,1567,90,243.00,168.73,27.18,895,151011
1000,1000,RMER,*MANUAL*,85,1557,81,237.00,166.57,35.20,882,146914
1001,1001,URADR,*MANUAL*,84,1595,55,254.00,166.17,48.06,895,148724
1002,1002,URYDR,*MANUAL*,85,1578,61,254.00,166.79,42.25,891,148614
1003,1003,IL2VR,*MANUAL*,71,1594,109,230.00,161.78,34.78,895,144794
1004,1004,CEPSOVR,*MANUAL*,79,1597,100,240.00,157.32,36.96,895,140797
1005,1005,OLQDR,*MANUAL*,78,1574,53,242.00,170.92,32.45,895,152976
1006,1006,IL1DL,*MANUAL*,61,1585,53,243.00,173.51,31.49,895,155292
1007,1007,IL1DR,*MANUAL*,74,1590,53,253.00,179.87,33.17,895,160980
1008,1008,CEPSODR,*MANUAL*,85,1610,61,236.00,143.30,46.70,895,128257
1009,1009,OLLSOR,*MANUAL*,87,1624,64,235.00,150.49,48.06,895,134689
1010,1010,OLLSOL,*MANUAL*,43,1623,58,206.00,119.47,40.49,895,106922
1011,1011,OLQSHDL,*MANUAL*,36,1633,62,197.00,118.80,38.11,895,106322
1012,1012,ILSHDL,*MANUAL*,43,1648,56,232.00,139.13,37.73,895,124521
1013,1013,HYP1L,*MANUAL*,43,1666,60,190.00,117.01,26.58,895,104723
1014,1014,ARCPVL,*MANUAL*,45,1711,91,160.00,111.51,22.16,895,99802
1015,1015,ILSOL,*MANUAL*,44,1695,90,162.00,113.22,21.61,895,101328
1016,1016,OLQSOVL,*MANUAL*,44,1678,93,155.00,105.36,23.17,895,94300
1017,1017,ILSHL,*MANUAL*,40,1667,82,201.00,133.93,27.43,885,118526
1018,1018,OLQSHVL,*MANUAL*,38,1652,84,198.00,107.53,41.76,895,96236
1019,1019,XXXL,*MANUAL*,42,1612,85,211.00,138.74,29.29,895,124171
1020,1020,OLQSHDR,*MANUAL*,92,1642,66,244.00,153.45,35.90,895,137342
1021,1021,ILSHDR,*MANUAL*,87,1654,63,202.00,135.58,31.54,895,121342
1022,1022,ARCPVR,*MANUAL*,86,1721,92,187.00,116.37,39.35,895,104154
1023,1023,ILSOR,*MANUAL*,86,1700,89,211.00,115.36,41.99,895,103244
1024,1024,H1R,*MANUAL*,95,1562,78,192.00,80.67,35.63,2103,169649
1025,1025,*NOUSE*,*NOUSE*,0,0,0,0,0,0,0,0
1026,1026,*NOUSE*,*NOUSE*,0,0,0,0,0,0,0,0
1027,1027,H2R,*MANUAL*$751$1026,100,1379,71,166.00,54.24,30.58,5726,310559
1028,1028,H0L,*MANUAL*,35,1676,76,114.00,70.23,19.14,1365,95862
1029,1029,H1L,*MANUAL*,38,1547,84,116.00,51.66,20.90,895,46234
1030,1030,ADEL,*MANUAL*,45,1377,85,207.00,119.44,44.41,895,106901
1031,1031,H2L,*MANUAL*$28$27,41,1369,71,95.00,41.84,14.96,5197,217443
1032,1032,*NOUSE*,*NOUSE*,0,0,0,0,0,0,0,0
1033,1033,AinL,*MANUAL*,44,1389,68,217.00,122.95,47.13,895,110037
1034,1034,AMSHL,*MANUAL*,43,1376,50,129.00,68.18,19.70,1365,93063
1035,1035,*NOUSE*,*NOUSE*,0,0,0,0,0,0,0,0
1036,1036,HYP4D,*MANUAL*$1035$504,73,1863,53,90.00,31.35,12.87,4747,148829
1037,1037,HYP31,*MANUAL*,68,1797,51,155.00,83.04,31.07,895,74321
1038,1038,HYP32,*MANUAL*,78,1791,54,151.00,91.85,24.53,895,82206
1039,1039,ARCPD,*MANUAL*,61,1764,53,172.00,96.48,30.30,895,86349
1040,1040,ILSODL,*MANUAL*,61,1734,50,180.00,114.19,32.83,895,102200
1041,1041,OLQSODL,*MANUAL*,59,1714,51,207.00,133.36,32.06,895,119361
1042,1042,OLQSODR,*MANUAL*,75,1731,51,179.00,113.63,32.17,895,101695
1043,1043,HYP6D1,*MANUAL*,69,1757,47,150.00,89.42,23.02,895,80030
1044,1044,HYP6D3,*MANUAL*$320$306,65,1644,39,171.00,64.05,32.42,4774,305798
1045,1045,*NOUSE*,*NOUSE*,0,0,0,0,0,0,0,0
1046,1046,HYP7D1,*MANUAL*$384$1045,66,1583,38,145.00,58.01,23.44,3697,214479
1047,1047,HYP7D2,*MANUAL*$366$382,67,1477,32,140.00,53.13,23.52,5108,271406
1048,1048,ARCAV,*MANUAL*,70,1791,105,140.00,80.36,20.33,895,71920
1049,1049,HYP2V,*MANUAL*,63,1775,108,124.00,77.55,20.62,895,69405
1050,1050,ARCPV,*MANUAL*,71,1764,108,158.00,107.29,20.86,895,96024
1051,1051,ILSOVL,*MANUAL*,60,1751,109,170.00,97.74,26.19,1365,133418
1052,1052,ILSHVL,*MANUAL*,60,1725,107,205.00,113.88,31.04,895,101926
1053,1053,HYP1V,*MANUAL*,69,1739,107,166.00,101.32,25.33,895,90677
1054,1054,ILSOVR,*MANUAL*,69,1709,108,194.00,121.40,25.37,895,108653
1055,1055,HYP7V1,*MANUAL*$362$330$318,63,1599,120,133.00,51.63,24.18,3637,187767
1056,1056,pm4l,*MANUAL*,48,1629,73,158.00,105.95,28.14,895,94827
1057,1057,alml,*MANUAL*,50,1012,54,163.00,106.35,30.05,895,95182
1058,1058,z2,*MANUAL*,82,850,90,225.00,86.85,41.82,2969,257871
1059,1059,cclp,*MANUAL*,57,889,107,236.00,138.70,41.69,1365,189323
1060,1060,HYP6V2,*MANUAL*$304$303,62,1641,115,133.00,50.90,22.62,4436,225801
1061,1061,f1,*MANUAL*,64,1786,82,95.00,17.77,18.02,895,15902
1062,1062,f2,*MANUAL*,65,1724,79,26.00, 7.54, 3.68,895,6747
1063,1063,f3,*MANUAL*,66,1652,81,131.00,42.14,18.97,895,37717
1064,1064,f4,*MANUAL*,65,1538,79, 8.00, 3.73, 1.44,895,3336
1065,1065,f5,*MANUAL*,64,1448,80,132.00,25.80,19.97,895,23095
1066,1066,f6,*MANUAL*,72,1350,71,19.00, 7.04, 3.08,895,6303
1067,1067,f7,*MANUAL*,72,1165,70, 5.00, 1.12, 1.02,895,998
1068,1068,f8,*MANUAL*,72,1060,71, 5.00, 1.25, 0.93,895,1120
1069,1069,f9,*MANUAL*,72,956,70, 5.00, 0.76, 0.80,895,678
1070,1070,f10,*MANUAL*,71,566,73, 8.00, 1.58, 1.30,895,1411
