0,0,*NOUSE*,*NOUSE*,0,0,0,0,0,0,0,0
1,1,*NOUSE*,*NOUSE*,0,0,0,0,0,0,0,0
2,2,AUAR,,44,1271,56,183.00,68.07,45.02,3733,254123
3,3,ADAR,,44,1200,54,172.00,66.31,41.24,3602,238861
4,4,AWCR,,43,1288,60,151.00,61.33,37.29,4145,254195
5,5,*NOUSE*,*NOUSE*,0,0,0,0,0,0,0,0
6,6,*NOUSE*,*NOUSE*,0,0,0,0,0,0,0,0
7,7,RMDVR,,44,1335,69,162.00,57.79,38.22,3829,221282
8,8,AVAR,,44,1317,71,162.00,64.78,40.80,4089,264900
9,9,*NOUSE*,*NOUSE*,0,0,0,0,0,0,0,0
10,10,RICR,,45,1233,55,185.00,76.55,45.25,2636,201787
11,11,RMGR,,44,1186,58,158.00,61.33,39.22,3774,231447
12,12,RMDR,,44,1318,57,196.00,72.01,45.85,3423,246506
13,13,*NOUSE*,*NOUSE*,0,0,0,0,0,0,0,0
14,14,*NOUSE*,*NOUSE*,0,0,0,0,0,0,0,0
15,15,OLLSHR,,44,1414,60,244.00,78.88,55.19,3183,251078
16,16,*NOUSE*,*NOUSE*,0,0,0,0,0,0,0,0
17,17,*NOUSE*,*NOUSE*,0,0,0,0,0,0,0,0
18,18,*NOUSE*,*NOUSE*,0,0,0,0,0,0,0,0
19,19,*NOUSE*,*NOUSE*,0,0,0,0,0,0,0,0
20,20,*NOUSE*,*NOUSE*,0,0,0,0,0,0,0,0
21,21,*NOUSE*,*NOUSE*,0,0,0,0,0,0,0,0
22,22,H1R,,42,1358,68,119.00,47.55,25.02,3653,173689
23,23,ASHR,,45,1276,71,147.00,64.20,34.60,3719,238760
24,24,*NOUSE*,*NOUSE*,0,0,0,0,0,0,0,0
25,25,ASER,,45,1255,73,132.00,59.34,29.28,3867,229464
26,26,*NOUSE*,*NOUSE*,0,0,0,0,0,0,0,0
27,27,*NOUSE*,*NOUSE*,0,0,0,0,0,0,0,0
28,28,ASJR,,45,1252,56,149.00,63.34,34.67,3528,223461
29,29,AINR,,46,1215,76,188.00,66.38,41.08,3978,264054
30,30,V1R,,44,1003,73,84.00,34.12,15.39,4634,158110
31,31,*NOUSE*,*NOUSE*,0,0,0,0,0,0,0,0
32,32,VPI2DR,,51,1128,82,184.00,59.51,38.47,5095,303197
33,33,*NOUSE*,*NOUSE*,0,0,0,0,0,0,0,0
34,34,BDUR,,46,1034,72,164.00,54.32,38.71,3521,191251
35,35,AFDR,,46,1298,76,168.00,66.87,37.98,4004,267765
36,36,QR,,48,640,78,125.00,44.75,25.35,9299,416134
37,37,*NOUSE*,*NOUSE*,0,0,0,0,0,0,0,0
38,38,*NOUSE*,*NOUSE*,0,0,0,0,0,0,0,0
39,39,*NOUSE*,*NOUSE*,0,0,0,0,0,0,0,0
40,40,*NOUSE*,*NOUSE*,0,0,0,0,0,0,0,0
41,41,*NOUSE*,*NOUSE*,0,0,0,0,0,0,0,0
42,42,AVJR,,48,1230,81,201.00,75.98,46.97,3396,258016
43,43,*NOUSE*,*NOUSE*,0,0,0,0,0,0,0,0
44,44,BAGR,,49,1368,53,174.00,72.05,39.75,3439,247779
45,45,*NOUSE*,*NOUSE*,0,0,0,0,0,0,0,0
46,46,*NOUSE*,*NOUSE*,0,0,0,0,0,0,0,0
47,47,ARCADR,,47,1506,70,151.00,55.25,33.54,4084,225656
48,48,*NOUSE*,*NOUSE*,0,0,0,0,0,0,0,0
49,49,*NOUSE*,*NOUSE*,0,0,0,0,0,0,0,0
50,50,*NOUSE*,*NOUSE*,0,0,0,0,0,0,0,0
51,51,AMSHR,,46,1202,91,101.00,45.72,18.83,4550,208046
52,52,*NOUSE*,*NOUSE*,0,0,0,0,0,0,0,0
53,53,*NOUSE*,*NOUSE*,0,0,0,0,0,0,0,0
54,54,*NOUSE*,*NOUSE*,0,0,0,0,0,0,0,0
55,55,HYP7RC3,,46,727,80,70.00,27.37,11.20,5095,139436
56,56,*NOUSE*,*NOUSE*,0,0,0,0,0,0,0,0
57,57,*NOUSE*,*NOUSE*,0,0,0,0,0,0,0,0
58,58,*NOUSE*,*NOUSE*,0,0,0,0,0,0,0,0
59,59,VR6,,49,1315,42,132.00,59.95,27.82,3231,193712
60,60,*NOUSE*,*NOUSE*,0,0,0,0,0,0,0,0
61,61,*NOUSE*,*NOUSE*,0,0,0,0,0,0,0,0
62,62,*NOUSE*,*NOUSE*,0,0,0,0,0,0,0,0
63,63,*NOUSE*,*NOUSE*,0,0,0,0,0,0,0,0
64,64,*NOUSE*,*NOUSE*,0,0,0,0,0,0,0,0
65,65,HYP5R,,48,1557,67,119.00,43.13,23.07,5411,233394
66,66,*NOUSE*,*NOUSE*,0,0,0,0,0,0,0,0
67,67,CEPSHVR,,51,1348,46,226.00,67.17,45.49,3379,226970
68,68,*NOUSE*,*NOUSE*,0,0,0,0,0,0,0,0
69,69,*NOUSE*,*NOUSE*,0,0,0,0,0,0,0,0
70,70,*NOUSE*,*NOUSE*,0,0,0,0,0,0,0,0
71,71,HSNR,,50,700,57,148.00,47.25,31.82,4243,200475
72,72,*NOUSE*,*NOUSE*,0,0,0,0,0,0,0,0
73,73,*NOUSE*,*NOUSE*,0,0,0,0,0,0,0,0
74,74,*NOUSE*,*NOUSE*,0,0,0,0,0,0,0,0
75,75,*NOUSE*,*NOUSE*,0,0,0,0,0,0,0,0
76,76,*NOUSE*,*NOUSE*,0,0,0,0,0,0,0,0
77,77,CANR,,50,762,72,133.00,46.05,28.56,3633,167285
78,78,AMSOR,,51,1490,75,151.00,60.39,34.15,4393,265302
79,79,*NOUSE*,*NOUSE*,0,0,0,0,0,0,0,0
80,80,*NOUSE*,*NOUSE*,0,0,0,0,0,0,0,0
81,81,*NOUSE*,*NOUSE*,0,0,0,0,0,0,0,0
82,82,*NOUSE*,*NOUSE*,0,0,0,0,0,0,0,0
83,83,AVHR,,50,1244,88,202.00,82.02,45.39,2998,245895
84,84,*NOUSE*,*NOUSE*,0,0,0,0,0,0,0,0
85,85,EXC GL R,,52,1158,41,156.00,55.40,35.60,4634,256726
86,86,*NOUSE*,*NOUSE*,0,0,0,0,0,0,0,0
87,87,*NOUSE*,*NOUSE*,0,0,0,0,0,0,0,0
88,88,*NOUSE*,*NOUSE*,0,0,0,0,0,0,0,0
89,89,*NOUSE*,*NOUSE*,0,0,0,0,0,0,0,0
90,90,*NOUSE*,*NOUSE*,0,0,0,0,0,0,0,0
91,91,*NOUSE*,*NOUSE*,0,0,0,0,0,0,0,0
92,92,*NOUSE*,,48,748,62,24.00,19.29, 3.99,7,135
93,93,REPVR,,53,311,68,147.00,51.85,36.01,5420,281045
94,94,*NOUSE*,*NOUSE*,0,0,0,0,0,0,0,0
95,95,*NOUSE*,*NOUSE*,0,0,0,0,0,0,0,0
96,96,MC3DR,,52,1161,85,138.00,51.06,28.20,4512,230369
97,97,*NOUSE*,*NOUSE*,0,0,0,0,0,0,0,0
98,98,ALMR,,53,870,90,135.00,42.06,29.04,4549,191327
99,99,*NOUSE*,*NOUSE*,0,0,0,0,0,0,0,0
100,100,*NOUSE*,*NOUSE*,0,0,0,0,0,0,0,0
101,101,*NOUSE*,*NOUSE*,0,0,0,0,0,0,0,0
102,102,IMR,,53,366,55,130.00,46.30,26.15,5535,256252
103,103,V3R,,52,794,57,69.00,29.62,12.64,5122,151722
104,104,PVQR,,54,291,64,155.00,54.73,37.25,5030,275317
105,105,*NOUSE*,*NOUSE*,0,0,0,0,0,0,0,0
106,106,PM7VR,,52,1158,64,137.00,53.98,26.85,4592,247895
107,107,*NOUSE*,*NOUSE*,0,0,0,0,0,0,0,0
108,108,RIPR,,54,1369,66,194.00,86.88,43.08,2898,251785
109,109,ARCPDR,,53,1471,80,211.00,70.76,43.10,3770,266778
110,110,CEPSHDR,,52,1356,78,200.00,70.82,40.08,3571,252886
111,111,*NOUSE*,*NOUSE*,0,0,0,0,0,0,0,0
112,112,*NOUSE*,*NOUSE*,0,0,0,0,0,0,0,0
113,113,RMDDR,,53,1300,38,194.00,81.87,46.97,1926,157685
114,114,*NOUSE*,*NOUSE*,0,0,0,0,0,0,0,0
115,115,*NOUSE*,*NOUSE*,0,0,0,0,0,0,0,0
116,116,CCRA,,54,1002,47,174.00,52.25,40.55,4817,251695
117,117,*NOUSE*,*NOUSE*,0,0,0,0,0,0,0,0
118,118,SMDDR,,53,1284,46,183.00,90.97,40.11,2709,246429
119,119,*NOUSE*,*NOUSE*,0,0,0,0,0,0,0,0
120,120,AVKR,,53,1209,50,183.00,91.98,38.17,2658,244488
121,121,*NOUSE*,*NOUSE*,0,0,0,0,0,0,0,0
122,122,P9/10R,,53,478,49,121.00,39.27,23.06,5302,208228
123,123,*NOUSE*,*NOUSE*,0,0,0,0,0,0,0,0
124,124,*NOUSE*,*NOUSE*,0,0,0,0,0,0,0,0
125,125,*NOUSE*,*NOUSE*,0,0,0,0,0,0,0,0
126,126,AVER,,54,1307,66,188.00,89.29,45.39,2674,238772
127,127,*NOUSE*,*NOUSE*,0,0,0,0,0,0,0,0
128,128,DR1,,53,1532,79,126.00,47.53,24.41,5646,268360
129,129,*NOUSE*,*NOUSE*,0,0,0,0,0,0,0,0
130,130,*NOUSE*,*NOUSE*,0,0,0,0,0,0,0,0
131,131,DR20,,55,411,89,148.00,46.84,30.16,5915,277044
132,132,*NOUSE*,*NOUSE*,0,0,0,0,0,0,0,0
133,133,DR18,,53,557,95,124.00,43.20,24.84,4778,206388
134,134,*NOUSE*,*NOUSE*,0,0,0,0,0,0,0,0
135,135,*NOUSE*,*NOUSE*,0,0,0,0,0,0,0,0
136,136,RIS,,55,1214,37,195.00,81.43,42.55,3095,252020
137,137,*NOUSE*,*NOUSE*,0,0,0,0,0,0,0,0
138,138,*NOUSE*,*NOUSE*,0,0,0,0,0,0,0,0
139,139,*NOUSE*,*NOUSE*,0,0,0,0,0,0,0,0
140,140,LUAR,,58,259,63,223.00,77.29,53.26,4230,326952
141,141,RIBR,,55,1259,65,186.00,79.50,41.00,3178,252659
142,142,*NOUSE*,*NOUSE*,0,0,0,0,0,0,0,0
143,143,*NOUSE*,*NOUSE*,0,0,0,0,0,0,0,0
144,144,K',,57,297,79,163.00,57.04,38.07,5286,301519
145,145,*NOUSE*,*NOUSE*,0,0,0,0,0,0,0,0
146,146,*NOUSE*,*NOUSE*,0,0,0,0,0,0,0,0
147,147,DR17,,56,644,96,123.00,44.20,26.31,4096,181046
148,148,*NOUSE*,*NOUSE*,0,0,0,0,0,0,0,0
149,149,*NOUSE*,*NOUSE*,0,0,0,0,0,0,0,0
150,150,*NOUSE*,*NOUSE*,0,0,0,0,0,0,0,0
151,151,*NOUSE*,*NOUSE*,0,0,0,0,0,0,0,0
152,152,*NOUSE*,*NOUSE*,0,0,0,0,0,0,0,0
153,153,VR3,,55,1434,36,162.00,60.54,33.79,3016,182600
154,154,*NOUSE*,*NOUSE*,0,0,0,0,0,0,0,0
155,155,*NOUSE*,*NOUSE*,0,0,0,0,0,0,0,0
156,156,*NOUSE*,*NOUSE*,0,0,0,0,0,0,0,0
157,157,*NOUSE*,*NOUSE*,0,0,0,0,0,0,0,0
158,158,*NOUSE*,*NOUSE*,0,0,0,0,0,0,0,0
159,159,RIMR,,55,1243,60,202.00,83.85,40.47,2923,245099
160,160,PVCR,,59,246,64,183.00,68.05,44.45,4738,322436
161,161,PM6VR,,55,1185,64,147.00,63.27,31.28,3394,214733
162,162,AVBR,,55,1240,76,197.00,96.84,40.05,2534,245396
163,163,*NOUSE*,*NOUSE*,0,0,0,0,0,0,0,0
164,164,VIRR,,61,328,74,154.00,53.71,34.58,5747,308680
165,165,*NOUSE*,*NOUSE*,0,0,0,0,0,0,0,0
166,166,*NOUSE*,*NOUSE*,0,0,0,0,0,0,0,0
167,167,*NOUSE*,*NOUSE*,0,0,0,0,0,0,0,0
168,168,SMBDR,,57,1272,39,200.00,96.07,49.19,2442,234610
169,169,VR9,,56,1133,41,152.00,55.97,29.85,5467,305967
170,170,*NOUSE*,*NOUSE*,0,0,0,0,0,0,0,0
171,171,VR12,,58,954,43,133.00,44.65,25.27,5387,240524
172,172,*NOUSE*,*NOUSE*,0,0,0,0,0,0,0,0
173,173,*NOUSE*,*NOUSE*,0,0,0,0,0,0,0,0
174,174,*NOUSE*,*NOUSE*,0,0,0,0,0,0,0,0
175,175,*NOUSE*,*NOUSE*,0,0,0,0,0,0,0,0
176,176,*NOUSE*,*NOUSE*,0,0,0,0,0,0,0,0
177,177,*NOUSE*,*NOUSE*,0,0,0,0,0,0,0,0
178,178,*NOUSE*,*NOUSE*,0,0,0,0,0,0,0,0
179,179,AIBR,,55,1285,63,187.00,81.40,42.07,3086,251185
180,180,*NOUSE*,*NOUSE*,0,0,0,0,0,0,0,0
181,181,*NOUSE*,*NOUSE*,0,0,0,0,0,0,0,0
182,182,DR13,,57,911,103,139.00,45.38,27.64,4057,184122
183,183,*NOUSE*,*NOUSE*,0,0,0,0,0,0,0,0
184,184,*NOUSE*,*NOUSE*,0,0,0,0,0,0,0,0
185,185,*NOUSE*,*NOUSE*,0,0,0,0,0,0,0,0
186,186,*NOUSE*,*NOUSE*,0,0,0,0,0,0,0,0
187,187,*NOUSE*,*NOUSE*,0,0,0,0,0,0,0,0
188,188,OLQVR,,57,1362,44,200.00,93.50,47.68,2245,209898
189,189,*NOUSE*,*NOUSE*,0,0,0,0,0,0,0,0
190,190,*NOUSE*,*NOUSE*,0,0,0,0,0,0,0,0
191,191,VR17,,58,589,49,127.00,48.36,28.26,3382,163568
192,192,*NOUSE*,*NOUSE*,0,0,0,0,0,0,0,0
193,193,*NOUSE*,*NOUSE*,0,0,0,0,0,0,0,0
194,194,*NOUSE*,*NOUSE*,0,0,0,0,0,0,0,0
195,195,*NOUSE*,*NOUSE*,0,0,0,0,0,0,0,0
196,196,*NOUSE*,*NOUSE*,0,0,0,0,0,0,0,0
197,197,G1AR,,56,1200,85,181.00,69.77,33.24,4030,281187
198,198,*NOUSE*,*NOUSE*,0,0,0,0,0,0,0,0
199,199,*NOUSE*,*NOUSE*,0,0,0,0,0,0,0,0
200,200,M1,,59,1188,94,214.00,70.18,46.67,4104,288022
201,201,*NOUSE*,*NOUSE*,0,0,0,0,0,0,0,0
202,202,*NOUSE*,*NOUSE*,0,0,0,0,0,0,0,0
203,203,IND2,,59,1006,97,52.00,25.01, 7.46,5704,142677
204,204,*NOUSE*,*NOUSE*,0,0,0,0,0,0,0,0
205,205,*NOUSE*,*NOUSE*,0,0,0,0,0,0,0,0
206,206,*NOUSE*,*NOUSE*,0,0,0,0,0,0,0,0
207,207,*NOUSE*,*NOUSE*,0,0,0,0,0,0,0,0
208,208,CCRP,,60,986,43,167.00,52.05,37.42,4654,242251
209,209,*NOUSE*,*NOUSE*,0,0,0,0,0,0,0,0
210,210,*NOUSE*,*NOUSE*,0,0,0,0,0,0,0,0
211,211,VR15,,60,770,47,121.00,46.28,25.75,5170,239291
212,212,*NOUSE*,*NOUSE*,0,0,0,0,0,0,0,0
213,213,NSMR,,54,1413,57,210.00,86.32,48.66,2776,239617
214,214,G2R,,61,1148,54,192.00,71.42,45.31,4454,318110
215,215,*NOUSE*,*NOUSE*,0,0,0,0,0,0,0,0
216,216,*NOUSE*,*NOUSE*,0,0,0,0,0,0,0,0
217,217,*NOUSE*,*NOUSE*,0,0,0,0,0,0,0,0
218,218,*NOUSE*,*NOUSE*,0,0,0,0,0,0,0,0
219,219,RIVR,,57,1231,91,206.00,90.84,43.39,2946,267628
220,220,*NOUSE*,*NOUSE*,0,0,0,0,0,0,0,0
221,221,DR11,,59,1033,105,155.00,53.83,32.76,3114,167614
222,222,*NOUSE*,*NOUSE*,0,0,0,0,0,0,0,0
223,223,*NOUSE*,*NOUSE*,0,0,0,0,0,0,0,0
224,224,*NOUSE*,*NOUSE*,0,0,0,0,0,0,0,0
225,225,AVL,,58,1273,54,189.00,95.50,43.84,2491,237886
226,226,*NOUSE*,*NOUSE*,0,0,0,0,0,0,0,0
227,227,*NOUSE*,*NOUSE*,0,0,0,0,0,0,0,0
228,228,ALNR,,63,236,75,194.00,67.83,45.32,4769,323502
229,229,*NOUSE*,*NOUSE*,0,0,0,0,0,0,0,0
230,230,MC1DR,,58,1444,81,159.00,80.95,30.95,2606,210950
231,231,*NOUSE*,*NOUSE*,0,0,0,0,0,0,0,0
232,232,G1P,,62,1147,92,143.00,50.08,29.80,5550,277924
233,233,*NOUSE*,*NOUSE*,0,0,0,0,0,0,0,0
234,234,*NOUSE*,*NOUSE*,0,0,0,0,0,0,0,0
235,235,*NOUSE*,*NOUSE*,0,0,0,0,0,0,0,0
236,236,E2VR,,60,1603,56,140.00,45.42,30.59,4362,198127
237,237,VPI2V,,63,1129,56,230.00,80.88,51.02,4233,342363
238,238,I1R,,58,1462,60,195.00,76.00,43.33,3547,269573
239,239,*NOUSE*,*NOUSE*,0,0,0,0,0,0,0,0
240,240,*NOUSE*,*NOUSE*,0,0,0,0,0,0,0,0
241,241,*NOUSE*,*NOUSE*,0,0,0,0,0,0,0,0
242,242,ILSODR,,60,1543,89,214.00,75.85,50.38,4154,315070
243,243,*NOUSE*,*NOUSE*,0,0,0,0,0,0,0,0
244,244,*NOUSE*,*NOUSE*,0,0,0,0,0,0,0,0
245,245,*NOUSE*,*NOUSE*,0,0,0,0,0,0,0,0
246,246,*NOUSE*,*NOUSE*,0,0,0,0,0,0,0,0
247,247,*NOUSE*,*NOUSE*,0,0,0,0,0,0,0,0
248,248,*NOUSE*,*NOUSE*,0,0,0,0,0,0,0,0
249,249,*NOUSE*,*NOUSE*,0,0,0,0,0,0,0,0
250,250,*NOUSE*,*NOUSE*,0,0,0,0,0,0,0,0
251,251,*NOUSE*,*NOUSE*,0,0,0,0,0,0,0,0
252,252,*NOUSE*,*NOUSE*,0,0,0,0,0,0,0,0
253,253,*NOUSE*,*NOUSE*,0,0,0,0,0,0,0,0
254,254,*NOUSE*,*NOUSE*,0,0,0,0,0,0,0,0
255,255,*NOUSE*,*NOUSE*,0,0,0,0,0,0,0,0
256,256,*NOUSE*,*NOUSE*,0,0,0,0,0,0,0,0
257,257,*NOUSE*,*NOUSE*,0,0,0,0,0,0,0,0
258,258,*NOUSE*,*NOUSE*,0,0,0,0,0,0,0,0
259,259,*NOUSE*,*NOUSE*,0,0,0,0,0,0,0,0
260,260,*NOUSE*,*NOUSE*,0,0,0,0,0,0,0,0
261,261,*NOUSE*,*NOUSE*,0,0,0,0,0,0,0,0
262,262,HYP32,,64,1582,92,207.00,58.45,41.16,5572,325696
263,263,ASKR,,63,1289,94,171.00,74.37,37.58,4575,340245
264,264,VPI1,,64,1130,93,163.00,68.79,36.09,3858,265374
265,265,*NOUSE*,*NOUSE*,0,0,0,0,0,0,0,0
266,266,*NOUSE*,*NOUSE*,0,0,0,0,0,0,0,0
267,267,*NOUSE*,*NOUSE*,0,0,0,0,0,0,0,0
268,268,DA7,,70,432,44,199.00,67.32,44.97,4946,332943
269,269,INV6,,63,671,60,49.00,23.94, 7.24,7040,168517
270,270,DR15,,65,808,101,112.00,43.69,24.75,3586,156663
271,271,*NOUSE*,*NOUSE*,0,0,0,0,0,0,0,0
272,272,INV7,,66,569,59,56.00,25.43, 8.32,7288,185357
273,273,IND6,,67,631,88,53.00,23.62, 7.45,5885,139016
274,274,VPI3D,,70,1121,90,189.00,69.11,43.06,4303,297378
275,275,*NOUSE*,*NOUSE*,0,0,0,0,0,0,0,0
276,276,*NOUSE*,*NOUSE*,0,0,0,0,0,0,0,0
277,277,*NOUSE*,*NOUSE*,0,0,0,0,0,0,0,0
278,278,ADLR,,65,1268,95,166.00,72.80,34.80,4449,323905
279,279,*NOUSE*,*NOUSE*,0,0,0,0,0,0,0,0
280,280,*NOUSE*,*NOUSE*,0,0,0,0,0,0,0,0
281,281,*NOUSE*,*NOUSE*,0,0,0,0,0,0,0,0
282,282,SABVR,,65,1207,36,246.00,112.21,56.34,2397,268961
283,283,*NOUSE*,*NOUSE*,0,0,0,0,0,0,0,0
284,284,*NOUSE*,*NOUSE*,0,0,0,0,0,0,0,0
285,285,*NOUSE*,*NOUSE*,0,0,0,0,0,0,0,0
286,286,*NOUSE*,*NOUSE*,0,0,0,0,0,0,0,0
287,287,*NOUSE*,*NOUSE*,0,0,0,0,0,0,0,0
288,288,*NOUSE*,*NOUSE*,0,0,0,0,0,0,0,0
289,289,PVR,,68,167,75,156.00,52.54,37.03,4767,250451
290,290,MC2DR,,65,1233,75,160.00,71.34,29.67,4050,288924
291,291,*NOUSE*,*NOUSE*,0,0,0,0,0,0,0,0
292,292,IND8,,70,423,81,72.00,31.82,11.72,8056,256309
293,293,IND5,,67,784,90,54.00,24.36, 7.69,5089,123968
294,294,DB1,,68,1151,32,170.00,67.13,42.10,3962,265985
295,295,*NOUSE*,*NOUSE*,0,0,0,0,0,0,0,0
296,296,DB3,,68,1075,35,189.00,56.53,41.73,5238,296100
297,297,DA1,,68,1119,36,191.00,72.69,46.00,4279,311048
298,298,DA6,,68,568,43,190.00,53.26,43.06,5570,296643
299,299,*NOUSE*,*NOUSE*,0,0,0,0,0,0,0,0
300,300,*NOUSE*,*NOUSE*,0,0,0,0,0,0,0,0
301,301,*NOUSE*,*NOUSE*,0,0,0,0,0,0,0,0
302,302,*NOUSE*,*NOUSE*,0,0,0,0,0,0,0,0
303,303,MC1V,,68,1438,48,160.00,72.23,35.63,2107,152190
304,304,I5,,66,1192,51,186.00,77.91,39.55,3322,258822
305,305,*NOUSE*,*NOUSE*,0,0,0,0,0,0,0,0
306,306,HYP102,,67,64,67,114.00,40.93,23.17,4476,183193
307,307,*NOUSE*,*NOUSE*,0,0,0,0,0,0,0,0
308,308,*NOUSE*,*NOUSE*,0,0,0,0,0,0,0,0
309,309,PM5DR,,65,1219,87,180.00,81.27,37.33,4356,354017
310,310,PM1DR,,66,1439,89,240.00,96.39,50.20,3546,341804
311,311,RID,,69,1344,98,200.00,67.19,42.89,5051,339392
312,312,*NOUSE*,*NOUSE*,0,0,0,0,0,0,0,0
313,313,DB2,,66,1222,35,240.00,104.91,53.43,2480,260183
314,314,*NOUSE*,*NOUSE*,0,0,0,0,0,0,0,0
315,315,*NOUSE*,*NOUSE*,0,0,0,0,0,0,0,0
316,316,*NOUSE*,*NOUSE*,0,0,0,0,0,0,0,0
317,317,HYP72,,71,163,61,156.00,50.81,35.56,4964,252228
318,318,HYP9,,68,107,64,124.00,40.58,23.79,4859,197177
319,319,HYP101,,69,91,71,143.00,47.18,31.35,4698,221664
320,320,F,,69,288,70,182.00,80.17,38.96,4423,354601
321,321,*NOUSE*,*NOUSE*,0,0,0,0,0,0,0,0
322,322,*NOUSE*,*NOUSE*,0,0,0,0,0,0,0,0
323,323,HYP6D2,,69,1529,94,180.00,71.33,38.43,4291,306070
324,324,DA2,,69,1054,40,183.00,62.38,45.51,4886,304800
325,325,DD2,,71,1009,39,181.00,51.74,36.60,7490,387525
326,326,*NOUSE*,*NOUSE*,0,0,0,0,0,0,0,0
327,327,*NOUSE*,*NOUSE*,0,0,0,0,0,0,0,0
328,328,SMBVR,,64,1284,46,205.00,102.15,47.79,2770,282949
329,329,DD5,,71,485,41,201.00,55.35,44.46,5385,298082
330,330,DB7,,71,457,42,198.00,54.42,39.70,5651,307543
331,331,*NOUSE*,*NOUSE*,0,0,0,0,0,0,0,0
332,332,*NOUSE*,*NOUSE*,0,0,0,0,0,0,0,0
333,333,HYP71,,71,185,56,158.00,47.89,31.88,5036,241154
334,334,PM8,,70,1137,61,194.00,75.26,40.86,3273,246327
335,335,*NOUSE*,*NOUSE*,0,0,0,0,0,0,0,0
336,336,*NOUSE*,*NOUSE*,0,0,0,0,0,0,0,0
337,337,DVA,,71,270,74,207.00,75.62,37.53,3980,300977
338,338,DEP,,70,251,78,172.00,74.51,40.71,4289,319583
339,339,*NOUSE*,*NOUSE*,0,0,0,0,0,0,0,0
340,340,I3,,68,1404,84,236.00,89.56,53.06,3961,354749
341,341,E2D,,67,1593,83,155.00,50.59,31.53,4143,209586
342,342,HYP31,,71,1601,91,191.00,57.46,40.28,4331,248862
343,343,*NOUSE*,*NOUSE*,0,0,0,0,0,0,0,0
344,344,*NOUSE*,*NOUSE*,0,0,0,0,0,0,0,0
345,345,*NOUSE*,*NOUSE*,0,0,0,0,0,0,0,0
346,346,G1,,69,1287,31,178.00,65.76,40.60,3462,227654
347,347,HYP2V,,70,1587,42,188.00,54.43,37.63,3712,202056
348,348,*NOUSE*,*NOUSE*,0,0,0,0,0,0,0,0
349,349,*NOUSE*,*NOUSE*,0,0,0,0,0,0,0,0
350,350,MC2V,,70,1228,58,166.00,68.86,31.69,4207,289686
351,351,HYP8,,71,139,65,140.00,49.43,29.93,5816,287509
352,352,M4,,69,1378,70,202.00,77.83,42.75,4394,341988
353,353,*NOUSE*,*NOUSE*,0,0,0,0,0,0,0,0
354,354,*NOUSE*,*NOUSE*,0,0,0,0,0,0,0,0
355,355,IND4,,69,870,89,43.00,22.67, 5.63,5615,127266
356,356,*NOUSE*,*NOUSE*,0,0,0,0,0,0,0,0
357,357,*NOUSE*,*NOUSE*,0,0,0,0,0,0,0,0
358,358,*NOUSE*,*NOUSE*,0,0,0,0,0,0,0,0
359,359,*NOUSE*,*NOUSE*,0,0,0,0,0,0,0,0
360,360,*NOUSE*,*NOUSE*,0,0,0,0,0,0,0,0
361,361,*NOUSE*,*NOUSE*,0,0,0,0,0,0,0,0
362,362,*NOUSE*,*NOUSE*,0,0,0,0,0,0,0,0
363,363,DL11,,72,1036,105,145.00,54.14,32.11,4002,216661
364,364,*NOUSE*,*NOUSE*,0,0,0,0,0,0,0,0
365,365,*NOUSE*,*NOUSE*,0,0,0,0,0,0,0,0
366,366,DA5,,70,717,38,178.00,53.25,40.17,4060,216210
367,367,DD4,,70,635,39,166.00,55.22,39.86,5098,281488
368,368,DB6,,71,595,42,186.00,57.89,41.67,3938,227961
369,369,YPDA,,72,297,46,154.00,57.95,35.32,4559,264213
370,370,CCLA,,73,762,48,202.00,67.52,45.95,3809,257179
371,371,*NOUSE*,*NOUSE*,0,0,0,0,0,0,0,0
372,372,G2,,71,1271,34,205.00,88.42,45.99,2733,241647
373,373,*NOUSE*,*NOUSE*,0,0,0,0,0,0,0,0
374,374,RIGR,,70,1136,38,185.00,74.60,43.25,4078,304234
375,375,DA3,,72,958,36,169.00,55.89,38.26,4820,269392
376,376,*NOUSE*,*NOUSE*,0,0,0,0,0,0,0,0
377,377,*NOUSE*,*NOUSE*,0,0,0,0,0,0,0,0
378,378,*NOUSE*,*NOUSE*,0,0,0,0,0,0,0,0
379,379,*NOUSE*,*NOUSE*,0,0,0,0,0,0,0,0
380,380,*NOUSE*,*NOUSE*,0,0,0,0,0,0,0,0
381,381,*NOUSE*,*NOUSE*,0,0,0,0,0,0,0,0
382,382,*NOUSE*,*NOUSE*,0,0,0,0,0,0,0,0
383,383,*NOUSE*,*NOUSE*,0,0,0,0,0,0,0,0
384,384,PM6D,,72,1190,98,175.00,70.82,38.80,4387,310666
385,385,*NOUSE*,*NOUSE*,0,0,0,0,0,0,0,0
386,386,*NOUSE*,*NOUSE*,0,0,0,0,0,0,0,0
387,387,*NOUSE*,*NOUSE*,0,0,0,0,0,0,0,0
388,388,DA4,,74,841,37,174.00,51.01,38.32,5394,275122
389,389,DB5,,74,777,39,162.00,60.17,39.81,4480,269546
390,390,HYP4V1,,72,1647,45,175.00,48.04,32.89,4331,208053
391,391,*NOUSE*,*NOUSE*,0,0,0,0,0,0,0,0
392,392,*NOUSE*,*NOUSE*,0,0,0,0,0,0,0,0
393,393,I4,,72,1209,94,213.00,86.30,46.57,3449,297649
394,394,*NOUSE*,*NOUSE*,0,0,0,0,0,0,0,0
395,395,*NOUSE*,*NOUSE*,0,0,0,0,0,0,0,0
396,396,*NOUSE*,*NOUSE*,0,0,0,0,0,0,0,0
397,397,ALA,,71,1324,98,195.00,96.79,47.34,3115,301506
398,398,DD3,,75,815,37,195.00,51.36,39.87,5611,288202
399,399,*NOUSE*,*NOUSE*,0,0,0,0,0,0,0,0
400,400,ILSOVL,,76,1537,41,208.00,65.65,47.37,3399,223159
401,401,*NOUSE*,*NOUSE*,0,0,0,0,0,0,0,0
402,402,*NOUSE*,*NOUSE*,0,0,0,0,0,0,0,0
403,403,*NOUSE*,*NOUSE*,0,0,0,0,0,0,0,0
404,404,*NOUSE*,*NOUSE*,0,0,0,0,0,0,0,0
405,405,U,,75,307,63,187.00,73.78,42.06,4013,296079
406,406,*NOUSE*,*NOUSE*,0,0,0,0,0,0,0,0
407,407,*NOUSE*,*NOUSE*,0,0,0,0,0,0,0,0
408,408,DL19,,75,454,93,164.00,49.43,33.35,5287,261353
409,409,*NOUSE*,*NOUSE*,0,0,0,0,0,0,0,0
410,410,DL12,,79,966,103,131.00,38.81,21.94,5276,204748
411,411,*NOUSE*,*NOUSE*,0,0,0,0,0,0,0,0
412,412,*NOUSE*,*NOUSE*,0,0,0,0,0,0,0,0
413,413,*NOUSE*,*NOUSE*,0,0,0,0,0,0,0,0
414,414,*NOUSE*,*NOUSE*,0,0,0,0,0,0,0,0
415,415,INV2,,76,1001,50,79.00,27.79,10.36,5547,154151
416,416,*NOUSE*,*NOUSE*,0,0,0,0,0,0,0,0
417,417,*NOUSE*,*NOUSE*,0,0,0,0,0,0,0,0
418,418,*NOUSE*,*NOUSE*,0,0,0,0,0,0,0,0
419,419,IND3,,72,950,95,52.00,23.42, 6.49,5086,119118
420,420,*NOUSE*,*NOUSE*,0,0,0,0,0,0,0,0
421,421,*NOUSE*,*NOUSE*,0,0,0,0,0,0,0,0
422,422,HYP7D2,,72,1287,105,157.00,61.35,26.24,2949,180909
423,423,*NOUSE*,*NOUSE*,0,0,0,0,0,0,0,0
424,424,*NOUSE*,*NOUSE*,0,0,0,0,0,0,0,0
425,425,*NOUSE*,*NOUSE*,0,0,0,0,0,0,0,0
426,426,*NOUSE*,*NOUSE*,0,0,0,0,0,0,0,0
427,427,*NOUSE*,*NOUSE*,0,0,0,0,0,0,0,0
428,428,*NOUSE*,*NOUSE*,0,0,0,0,0,0,0,0
429,429,Z4,,80,677,54,125.00,41.51,26.30,6197,257253
430,430,VPI3V,,75,1124,59,179.00,70.71,43.50,3366,237999
431,431,*NOUSE*,*NOUSE*,0,0,0,0,0,0,0,0
432,432,*NOUSE*,*NOUSE*,0,0,0,0,0,0,0,0
433,433,*NOUSE*,*NOUSE*,0,0,0,0,0,0,0,0
434,434,*NOUSE*,*NOUSE*,0,0,0,0,0,0,0,0
435,435,*NOUSE*,*NOUSE*,0,0,0,0,0,0,0,0
436,436,*NOUSE*,*NOUSE*,0,0,0,0,0,0,0,0
437,437,VL11,,76,1028,39,130.00,50.11,27.95,5626,281941
438,438,*NOUSE*,*NOUSE*,0,0,0,0,0,0,0,0
439,439,*NOUSE*,*NOUSE*,0,0,0,0,0,0,0,0
440,440,*NOUSE*,*NOUSE*,0,0,0,0,0,0,0,0
441,441,*NOUSE*,*NOUSE*,0,0,0,0,0,0,0,0
442,442,ASKL,,77,1292,90,185.00,82.38,38.18,4217,347393
443,443,*NOUSE*,*NOUSE*,0,0,0,0,0,0,0,0
444,444,*NOUSE*,*NOUSE*,0,0,0,0,0,0,0,0
445,445,*NOUSE*,*NOUSE*,0,0,0,0,0,0,0,0
446,446,*NOUSE*,*NOUSE*,0,0,0,0,0,0,0,0
447,447,*NOUSE*,*NOUSE*,0,0,0,0,0,0,0,0
448,448,*NOUSE*,*NOUSE*,0,0,0,0,0,0,0,0
449,449,G2L,,75,1147,52,216.00,87.12,50.51,3352,292022
450,450,GLRVL,,76,1317,52,250.00,108.49,61.18,2537,275234
451,451,*NOUSE*,*NOUSE*,0,0,0,0,0,0,0,0
452,452,*NOUSE*,*NOUSE*,0,0,0,0,0,0,0,0
453,453,*NOUSE*,*NOUSE*,0,0,0,0,0,0,0,0
454,454,*NOUSE*,*NOUSE*,0,0,0,0,0,0,0,0
455,455,E2VL,,77,1596,59,186.00,49.17,36.86,4612,226794
456,456,I1L,,78,1466,60,231.00,84.96,49.40,3134,266250
457,457,*NOUSE*,*NOUSE*,0,0,0,0,0,0,0,0
458,458,*NOUSE*,*NOUSE*,0,0,0,0,0,0,0,0
459,459,*NOUSE*,*NOUSE*,0,0,0,0,0,0,0,0
460,460,HYP11,,77,128,76,126.00,42.94,25.38,3920,168321
461,461,QL,,83,555,75,158.00,53.32,34.79,8975,478523
462,462,*NOUSE*,*NOUSE*,0,0,0,0,0,0,0,0
463,463,ADLL,,76,1272,96,163.00,80.81,35.35,3601,291006
464,464,*NOUSE*,*NOUSE*,0,0,0,0,0,0,0,0
465,465,VL16,,79,652,48,136.00,46.58,29.24,6197,288683
466,466,PM3VL,,75,1523,52,135.00,61.65,26.64,2331,143698
467,467,DA8,,78,314,53,215.00,82.34,51.77,3109,255986
468,468,M3L,,77,1386,54,255.00,102.64,63.32,3090,317146
469,469,E1VL,,81,1530,57,190.00,66.66,41.27,5462,364115
470,470,*NOUSE*,*NOUSE*,0,0,0,0,0,0,0,0
471,471,*NOUSE*,*NOUSE*,0,0,0,0,0,0,0,0
472,472,REPVL,,82,318,71,182.00,59.61,40.19,4596,273984
473,473,*NOUSE*,*NOUSE*,0,0,0,0,0,0,0,0
474,474,INDL1,,80,1061,93,85.00,34.37,14.53,5755,197817
475,475,*NOUSE*,*NOUSE*,0,0,0,0,0,0,0,0
476,476,*NOUSE*,*NOUSE*,0,0,0,0,0,0,0,0
477,477,SMBVL,,76,1285,47,238.00,111.83,51.87,2629,293988
478,478,*NOUSE*,*NOUSE*,0,0,0,0,0,0,0,0
479,479,*NOUSE*,*NOUSE*,0,0,0,0,0,0,0,0
480,480,*NOUSE*,*NOUSE*,0,0,0,0,0,0,0,0
481,481,PM5L,,80,1214,71,207.00,86.91,42.43,3372,293071
482,482,*NOUSE*,*NOUSE*,0,0,0,0,0,0,0,0
483,483,*NOUSE*,*NOUSE*,0,0,0,0,0,0,0,0
484,484,*NOUSE*,*NOUSE*,0,0,0,0,0,0,0,0
485,485,*NOUSE*,*NOUSE*,0,0,0,0,0,0,0,0
486,486,*NOUSE*,*NOUSE*,0,0,0,0,0,0,0,0
487,487,ASIL,,77,1251,91,182.00,87.36,40.16,3757,328199
488,488,M5,,81,1155,90,233.00,71.99,52.27,3691,265698
489,489,*NOUSE*,*NOUSE*,0,0,0,0,0,0,0,0
490,490,*NOUSE*,*NOUSE*,0,0,0,0,0,0,0,0
491,491,*NOUSE*,*NOUSE*,0,0,0,0,0,0,0,0
492,492,VL12,,81,917,46,139.00,47.11,28.48,4941,232752
493,493,PM6VL,,80,1184,61,165.00,63.75,34.57,4238,270176
494,494,PHAL,,82,282,61,184.00,68.62,45.33,4134,283665
495,495,*NOUSE*,*NOUSE*,0,0,0,0,0,0,0,0
496,496,*NOUSE*,*NOUSE*,0,0,0,0,0,0,0,0
497,497,*NOUSE*,*NOUSE*,0,0,0,0,0,0,0,0
498,498,*NOUSE*,*NOUSE*,0,0,0,0,0,0,0,0
499,499,*NOUSE*,*NOUSE*,0,0,0,0,0,0,0,0
500,500,VPI2DL,,82,1129,77,203.00,63.96,43.05,4216,269663
501,501,*NOUSE*,*NOUSE*,0,0,0,0,0,0,0,0
502,502,ALML,,82,883,94,160.00,47.95,34.48,3680,176471
503,503,*NOUSE*,*NOUSE*,0,0,0,0,0,0,0,0
504,504,*NOUSE*,*NOUSE*,0,0,0,0,0,0,0,0
505,505,OLQVL,,82,1363,48,218.00,94.85,50.86,2647,251064
506,506,*NOUSE*,*NOUSE*,0,0,0,0,0,0,0,0
507,507,*NOUSE*,*NOUSE*,0,0,0,0,0,0,0,0
508,508,PM7VL,,83,1161,58,195.00,55.20,35.14,4718,260452
509,509,*NOUSE*,*NOUSE*,0,0,0,0,0,0,0,0
510,510,ALNL,,78,237,78,187.00,72.92,47.03,3480,253766
511,511,LUAL,,82,259,76,218.00,78.66,53.06,3486,274193
512,512,*NOUSE*,*NOUSE*,0,0,0,0,0,0,0,0
513,513,*NOUSE*,*NOUSE*,0,0,0,0,0,0,0,0
514,514,AVBL,,85,1241,79,218.00,106.69,43.72,2527,269598
515,515,PM5DL,,78,1220,86,197.00,93.57,38.81,3037,284178
516,516,*NOUSE*,*NOUSE*,0,0,0,0,0,0,0,0
517,517,RIVL,,82,1233,91,235.00,119.33,52.37,2555,304881
518,518,*NOUSE*,*NOUSE*,0,0,0,0,0,0,0,0
519,519,*NOUSE*,*NOUSE*,0,0,0,0,0,0,0,0
520,520,*NOUSE*,*NOUSE*,0,0,0,0,0,0,0,0
521,521,RMDDL,,83,1309,39,225.00,83.63,51.38,2586,216276
522,522,*NOUSE*,*NOUSE*,0,0,0,0,0,0,0,0
523,523,*NOUSE*,*NOUSE*,0,0,0,0,0,0,0,0
524,524,OLQSOVL,,83,1463,49,228.00,81.94,50.57,2881,236082
525,525,*NOUSE*,*NOUSE*,0,0,0,0,0,0,0,0
526,526,*NOUSE*,*NOUSE*,0,0,0,0,0,0,0,0
527,527,M2L,,82,1202,62,245.00,101.53,55.51,2888,293213
528,528,*NOUSE*,*NOUSE*,0,0,0,0,0,0,0,0
529,529,PM4L,,84,1423,72,231.00,83.83,45.77,3325,278720
530,530,*NOUSE*,*NOUSE*,0,0,0,0,0,0,0,0
531,531,I6,,83,1188,91,213.00,82.38,52.32,3684,303501
532,532,*NOUSE*,*NOUSE*,0,0,0,0,0,0,0,0
533,533,DL8,,83,1191,106,146.00,52.87,28.86,5058,267413
534,534,AVKL,,83,1201,42,184.00,77.14,43.10,3191,246163
535,535,*NOUSE*,*NOUSE*,0,0,0,0,0,0,0,0
536,536,URYVL,,85,1378,47,238.00,105.36,57.31,2039,214830
537,537,*NOUSE*,*NOUSE*,0,0,0,0,0,0,0,0
538,538,*NOUSE*,*NOUSE*,0,0,0,0,0,0,0,0
539,539,NSML,,83,1412,59,245.00,92.73,56.99,2785,258248
540,540,RIPL,,83,1369,68,231.00,93.49,49.13,3044,284594
541,541,*NOUSE*,*NOUSE*,0,0,0,0,0,0,0,0
542,542,CEPDL,,83,1327,93,237.00,92.24,56.06,3227,297643
543,543,DL3,,81,1467,94,145.00,64.21,25.08,4247,272696
544,544,*NOUSE*,*NOUSE*,0,0,0,0,0,0,0,0
545,545,*NOUSE*,*NOUSE*,0,0,0,0,0,0,0,0
546,546,*NOUSE*,*NOUSE*,0,0,0,0,0,0,0,0
547,547,*NOUSE*,*NOUSE*,0,0,0,0,0,0,0,0
548,548,SMDDL,,84,1291,42,210.00,97.41,53.39,2139,208355
549,549,SIAVL,,86,1260,41,237.00,94.40,53.62,2396,226187
550,550,*NOUSE*,*NOUSE*,0,0,0,0,0,0,0,0
551,551,CEPSHVL,,86,1349,48,240.00,85.22,52.84,2854,243215
552,552,*NOUSE*,*NOUSE*,0,0,0,0,0,0,0,0
553,553,*NOUSE*,*NOUSE*,0,0,0,0,0,0,0,0
554,554,*NOUSE*,*NOUSE*,0,0,0,0,0,0,0,0
555,555,AVEL,,85,1306,67,228.00,111.36,51.31,2273,253132
556,556,PHBL,,83,273,70,178.00,66.83,41.44,4266,285088
557,557,AIBL,,84,1285,67,197.00,91.74,44.41,3058,280528
558,558,OLLL,,84,1387,72,226.00,106.53,50.55,2249,239580
559,559,*NOUSE*,*NOUSE*,0,0,0,0,0,0,0,0
560,560,SMBDL,,83,1275,39,205.00,99.13,50.52,2242,222243
561,561,EXC GL L,,85,1140,46,181.00,62.58,41.79,4437,277665
562,562,*NOUSE*,*NOUSE*,0,0,0,0,0,0,0,0
563,563,*NOUSE*,*NOUSE*,0,0,0,0,0,0,0,0
564,564,AMSOL,,86,1475,80,238.00,75.45,49.10,3955,298394
565,565,G1AL,,85,1199,82,206.00,80.63,38.69,4021,324195
566,566,*NOUSE*,*NOUSE*,0,0,0,0,0,0,0,0
567,567,HYP7LC4,,86,623,86,83.00,28.80,13.05,6418,184817
568,568,*NOUSE*,*NOUSE*,0,0,0,0,0,0,0,0
569,569,*NOUSE*,*NOUSE*,0,0,0,0,0,0,0,0
570,570,*NOUSE*,*NOUSE*,0,0,0,0,0,0,0,0
571,571,V4L,,88,655,64,110.00,37.89,20.69,3718,140880
572,572,HSNL,,88,689,68,163.00,52.54,38.78,4505,236709
573,573,RIBL,,86,1258,71,208.00,88.00,47.71,3246,285647
574,574,*NOUSE*,*NOUSE*,0,0,0,0,0,0,0,0
575,575,MC3DL,,87,1164,80,159.00,58.44,36.46,4254,248591
576,576,*NOUSE*,*NOUSE*,0,0,0,0,0,0,0,0
577,577,*NOUSE*,*NOUSE*,0,0,0,0,0,0,0,0
578,578,*NOUSE*,*NOUSE*,0,0,0,0,0,0,0,0
579,579,*NOUSE*,*NOUSE*,0,0,0,0,0,0,0,0
580,580,ADESHL,,87,1139,93,229.00,69.41,53.15,3589,249114
581,581,*NOUSE*,*NOUSE*,0,0,0,0,0,0,0,0
582,582,XXXL,,87,1395,50,241.00,98.88,53.45,2467,243936
583,583,P9/10L,,89,487,57,132.00,43.08,25.58,5734,247007
584,584,*NOUSE*,*NOUSE*,0,0,0,0,0,0,0,0
585,585,*NOUSE*,*NOUSE*,0,0,0,0,0,0,0,0
586,586,HYP2L,,89,1511,75,221.00,66.84,46.86,4489,300065
587,587,CEPSHDL,,87,1356,78,212.00,83.99,49.50,3273,274895
588,588,ARCPDL,,88,1492,78,168.00,63.18,39.34,4460,281777
589,589,*NOUSE*,*NOUSE*,0,0,0,0,0,0,0,0
590,590,*NOUSE*,*NOUSE*,0,0,0,0,0,0,0,0
591,591,VL1,,86,1516,49,125.00,56.06,27.50,4005,224530
592,592,*NOUSE*,*NOUSE*,0,0,0,0,0,0,0,0
593,593,HYP5L,,87,1571,69,109.00,41.26,21.90,5334,220071
594,594,*NOUSE*,*NOUSE*,0,0,0,0,0,0,0,0
595,595,*NOUSE*,*NOUSE*,0,0,0,0,0,0,0,0
596,596,HYP1L,,89,1457,79,229.00,84.00,53.85,3534,296839
597,597,*NOUSE*,*NOUSE*,0,0,0,0,0,0,0,0
598,598,*NOUSE*,*NOUSE*,0,0,0,0,0,0,0,0
599,599,*NOUSE*,*NOUSE*,0,0,0,0,0,0,0,0
600,600,ILSHL,,88,1447,52,216.00,78.70,51.67,3057,240596
601,601,*NOUSE*,*NOUSE*,0,0,0,0,0,0,0,0
602,602,BAGL,,90,1369,56,198.00,76.50,47.72,3456,264396
603,603,V2L,,89,923,63,107.00,34.49,17.42,5305,182977
604,604,*NOUSE*,*NOUSE*,0,0,0,0,0,0,0,0
605,605,*NOUSE*,*NOUSE*,0,0,0,0,0,0,0,0
606,606,RIML,,88,1238,65,198.00,91.58,44.67,3078,281886
607,607,*NOUSE*,*NOUSE*,0,0,0,0,0,0,0,0
608,608,*NOUSE*,*NOUSE*,0,0,0,0,0,0,0,0
609,609,ASGL,,87,1257,89,215.00,96.43,46.65,3048,293932
610,610,*NOUSE*,*NOUSE*,0,0,0,0,0,0,0,0
611,611,*NOUSE*,*NOUSE*,0,0,0,0,0,0,0,0
612,612,*NOUSE*,*NOUSE*,0,0,0,0,0,0,0,0
613,613,ARCADL,,91,1523,67,186.00,60.55,42.54,4769,288786
614,614,BDUL,,92,1061,73,194.00,62.05,48.55,3904,242239
615,615,OLLSOL,,91,1410,80,250.00,92.91,60.93,3346,310882
616,616,*NOUSE*,*NOUSE*,0,0,0,0,0,0,0,0
617,617,*NOUSE*,*NOUSE*,0,0,0,0,0,0,0,0
618,618,*NOUSE*,*NOUSE*,0,0,0,0,0,0,0,0
619,619,RMDVL,,92,1335,68,211.00,69.31,47.76,3918,271562
620,620,*NOUSE*,*NOUSE*,0,0,0,0,0,0,0,0
621,621,*NOUSE*,*NOUSE*,0,0,0,0,0,0,0,0
622,622,*NOUSE*,*NOUSE*,0,0,0,0,0,0,0,0
623,623,*NOUSE*,*NOUSE*,0,0,0,0,0,0,0,0
624,624,*NOUSE*,*NOUSE*,0,0,0,0,0,0,0,0
625,625,*NOUSE*,*NOUSE*,0,0,0,0,0,0,0,0
626,626,AVJL,,90,1225,84,219.00,92.02,53.54,3127,287739
627,627,OLQSHDL,,94,1429,80,238.00,83.58,58.36,3836,320608
628,628,*NOUSE*,*NOUSE*,0,0,0,0,0,0,0,0
629,629,*NOUSE*,*NOUSE*,0,0,0,0,0,0,0,0
630,630,*NOUSE*,*NOUSE*,0,0,0,0,0,0,0,0
631,631,AVHL,,90,1241,91,234.00,96.73,55.03,2953,285635
632,632,*NOUSE*,*NOUSE*,0,0,0,0,0,0,0,0
633,633,ADAL,,94,1192,53,210.00,74.75,48.75,3568,266710
634,634,RMGL,,94,1177,56,182.00,64.03,43.61,4087,261673
635,635,FLPL,,93,1208,56,216.00,78.50,49.77,3615,283762
636,636,*NOUSE*,*NOUSE*,0,0,0,0,0,0,0,0
637,637,*NOUSE*,*NOUSE*,0,0,0,0,0,0,0,0
638,638,AUAL,,94,1265,54,226.00,82.81,52.50,3604,298433
639,639,P3/4L,,92,867,60,102.00,36.78,19.57,5620,206685
640,640,IL2L,,94,1401,62,209.00,76.63,50.70,3577,274100
641,641,*NOUSE*,*NOUSE*,0,0,0,0,0,0,0,0
642,642,ASHL,,93,1271,70,154.00,70.32,36.16,3881,272904
643,643,*NOUSE*,*NOUSE*,0,0,0,0,0,0,0,0
644,644,HYP7LC1,,92,986,87,82.00,30.37,13.51,6028,183090
645,645,RMDL,,91,1318,56,250.00,91.14,57.07,2783,253634
646,646,*NOUSE*,*NOUSE*,0,0,0,0,0,0,0,0
647,647,*NOUSE*,*NOUSE*,0,0,0,0,0,0,0,0
648,648,SIBDL,,94,1302,58,253.00,88.69,59.86,3195,283366
649,649,*NOUSE*,*NOUSE*,0,0,0,0,0,0,0,0
650,650,AFDL,,93,1297,73,184.00,72.81,45.65,3929,286053
651,651,*NOUSE*,*NOUSE*,0,0,0,0,0,0,0,0
652,652,*NOUSE*,*NOUSE*,0,0,0,0,0,0,0,0
653,653,AINL,,94,1211,75,226.00,81.20,52.60,3948,320564
654,654,*NOUSE*,*NOUSE*,0,0,0,0,0,0,0,0
655,655,OLQSHVL,,93,1438,63,229.00,75.12,53.51,3504,263215
656,656,ASJL,,94,1250,56,175.00,68.86,38.05,3839,264359
657,657,*NOUSE*,*NOUSE*,0,0,0,0,0,0,0,0
658,658,*NOUSE*,*NOUSE*,0,0,0,0,0,0,0,0
659,659,*NOUSE*,*NOUSE*,0,0,0,0,0,0,0,0
660,660,OLLSHL,,94,1420,62,251.00,86.00,58.49,3168,272436
661,661,AVAL,,94,1317,70,204.00,79.74,51.60,3645,290642
662,662,*NOUSE*,*NOUSE*,0,0,0,0,0,0,0,0
663,663,ADEL,,95,1197,66,223.00,81.84,54.81,3600,294623
664,664,AMSHL,,94,1198,88,138.00,53.26,28.89,4381,233338
665,665,*NOUSE*,*NOUSE*,0,0,0,0,0,0,0,0
666,666,AWCL,,95,1285,59,181.00,70.36,41.99,4037,284046
667,667,*NOUSE*,*NOUSE*,0,0,0,0,0,0,0,0
668,668,ASEL,,96,1249,76,196.00,70.61,43.08,4119,290855
669,669,*NOUSE*,*NOUSE*,0,0,0,0,0,0,0,0
670,670,*NOUSE*,*NOUSE*,0,0,0,0,0,0,0,0
671,671,*NOUSE*,*NOUSE*,0,0,0,0,0,0,0,0
672,672,*NOUSE*,,96,1468,76,47.00,21.87, 7.72,95,2078
673,673,*NOUSE*,*NOUSE*,0,0,0,0,0,0,0,0
674,674,*NOUSE*,*NOUSE*,0,0,0,0,0,0,0,0
675,675,*NOUSE*,*NOUSE*,0,0,0,0,0,0,0,0
676,676,PM7D,*MANUAL*$382$385,71,1163,100,146.00,51.94,30.25,5527,287086
677,677,PM5VL,*MANUAL*,73,1206,55,204.00,129.83,31.74,1185,153854
678,678,PM5VR,*MANUAL*,65,1206,57,214.00,135.13,35.20,1287,173907
679,679,PM5R,*MANUAL*$260$336,60,1216,72,195.00,79.40,37.36,3576,283946
680,680,*NOUSE*,*NOUSE*,0,0,0,0,0,0,0,0
681,681,MC2DL,*MANUAL*,79,1232,76,197.00,105.56,26.27,1365,144093
682,682,M3R,*MANUAL*,61,1385,54,231.00,140.23,48.65,1319,184962
683,683,MI,*MANUAL*,68,1418,88,239.00,161.85,36.52,425,68787
684,684,PM4DL,*MANUAL*,74,1418,86,201.00,114.93,32.77,1365,156883
685,685,PM4DR,*MANUAL*,60,1418,87,229.00,141.09,36.44,1365,192587
686,686,PM4VL,*MANUAL*,74,1419,53,185.00,92.90,36.38,1365,126810
687,687,PM4VR,*MANUAL*,61,1418,50,155.00,81.18,25.61,895,72656
688,688,*NOUSE*,*NOUSE*,0,0,0,0,0,0,0,0
689,689,PM1DL,*MANUAL*,76,1447,83,254.00,175.31,44.39,1204,211075
690,690,PM1VR,*MANUAL*,61,1447,53,225.00,135.17,46.27,1326,179231
691,691,PM1VL,*MANUAL*,75,1446,54,255.00,147.97,58.45,1349,199612
692,692,PM1L,*MANUAL*,81,1447,65,255.00,168.75,52.69,1365,230345
693,693,PM1R,*MANUAL*,56,1448,68,237.00,101.97,52.99,1365,139184
694,694,PM3R,*MANUAL*$216$217,58,1482,64,148.00,62.44,29.55,3761,234846
695,695,PM3L,*MANUAL*$440$471,79,1483,64,174.00,68.96,33.16,3756,259001
696,696,E3D,*MANUAL*,70,1465,87,175.00,82.53,34.67,1365,112656
697,697,PM3DR,*MANUAL*,66,1482,80,119.00,57.15,19.47,1365,78012
698,698,E3VR,*MANUAL*,58,1503,59,192.00,92.99,47.41,1353,125818
699,699,E3VL,*MANUAL*,80,1503,59,191.00,92.22,45.77,1365,125884
700,700,E1D,*MANUAL*,68,1503,84,201.00,112.13,36.66,1365,153056
701,701,E1VR,*MANUAL*,57,1524,59,213.00,116.02,45.06,612,71002
702,702,PM3VR,*MANUAL*,61,1527,54,199.00,81.76,35.19,1365,111603
703,703,PM2D2,*MANUAL*,70,1535,83,227.00,113.45,37.12,1183,134211
704,704,PM3DL,*MANUAL*,74,1527,79,152.00,77.04,28.65,1365,105156
705,705,PM2D1,*MANUAL*,67,1562,84,216.00,101.17,46.42,1171,118466
706,706,PM2VR1,*MANUAL*,58,1565,60,184.00,85.82,47.95,1365,117144
707,707,PM2VR2,*MANUAL*,58,1549,59,196.00,79.61,51.48,1365,108666
708,708,PM2VL1,*MANUAL*,79,1568,60,240.00,94.14,57.80,1365,128497
709,709,PM2VL2,*MANUAL*,79,1553,59,225.00,89.78,66.47,1365,122544
710,710,DB4,*MANUAL*,70,923,37,160.00,87.39,31.48,1365,119287
711,711,INVL1,*MANUAL*$506$525$553,82,1073,54,96.00,37.16,17.58,6480,240800
712,712,INVR1,*MANUAL*$190$174,56,1068,52,84.00,33.41,13.69,7141,238564
713,713,INDR1,*MANUAL*$204$148,56,1059,98,80.00,32.70,13.14,5703,186473
714,714,INV3,*MANUAL*$286$288,65,933,54,52.00,24.71, 7.51,6055,149636
715,715,INV4,*MANUAL*$402$403,72,826,55,49.00,24.64, 7.08,4365,107555
716,716,*NOUSE*,*NOUSE*,0,0,0,0,0,0,0,0
717,717,INV5,*MANUAL*$501$716,78,735,79,61.00,26.41, 8.89,4255,112388
718,718,*NOUSE*,*NOUSE*,0,0,0,0,0,0,0,0
719,719,IND7,*MANUAL*,64,515,89,83.00,26.54,14.04,2914,77333
720,720,INV8,*MANUAL*,69,463,57,80.00,35.34,14.20,2969,104936
721,721,INV9,*MANUAL*$331$381,69,372,53,101.00,39.91,17.73,7172,286250
722,722,IND9,*MANUAL*$407$462,76,359,85,112.00,36.90,17.19,6488,239430
723,723,Z2,*MANUAL*,62,723,55,141.00,53.27,20.51,4139,220500
724,724,Z3,*MANUAL*$416$404,78,703,57,141.00,42.80,24.80,10735,459498
725,725,CANL,*MANUAL*,88,724,79,165.00,84.95,25.96,1365,115955
726,726,HYP7RC1,*MANUAL*$66$49,46,950,81,79.00,27.28,11.26,4769,130097
727,727,HYP7RC2,*MANUAL*$95$143,50,830,78,82.00,28.28,12.02,4326,122344
728,728,HYP7RC4,*MANUAL*$79$124,49,561,73,79.00,28.34,13.03,6304,178673
729,729,*NOUSE*,*NOUSE*,0,0,0,0,0,0,0,0
730,730,HYP7RC6,*MANUAL*,56,259,77,75.00,31.30,12.51,2103,65816
731,731,P1/2R,*MANUAL*$62$87,49,961,54,99.00,38.08,18.71,4886,186051
732,732,V2R,*MANUAL*$41$40,45,907,61,90.00,31.94,15.16,5802,185336
733,733,P3/4R,*MANUAL*$70$90,50,855,55,100.00,37.28,18.13,4651,173386
734,734,Z1,*MANUAL*,60,747,54,128.00,59.58,21.84,1807,107655
735,735,*NOUSE*,*NOUSE*,0,0,0,0,0,0,0,0
736,736,V4R,*MANUAL*$38$52,47,648,58,77.00,32.23,14.82,6097,196512
737,737,P7/8R,*MANUAL*$69$89,51,603,53,104.00,39.86,20.65,5664,225745
738,738,V5R,*MANUAL*$53$54,48,508,61,106.00,39.76,20.94,6099,242509
739,739,*NOUSE*,*NOUSE*,0,0,0,0,0,0,0,0
740,740,P11/12R,*MANUAL*,51,332,56,111.00,59.22,21.77,2103,124546
741,741,M,*MANUAL*$50$81$112,45,667,84,71.00,30.27,12.09,3857,116742
742,742,V1L,*MANUAL*$643$651,93,1025,75,111.00,38.78,20.31,5402,209509
743,743,HYP7LC3,*MANUAL*$623$621$624,90,769,89,74.00,29.71,12.70,5296,157362
744,744,HYP7LC5,*MANUAL*$589$578,87,483,83,117.00,34.37,18.73,7122,244776
745,745,HYP7LC6,*MANUAL*,86,286,80,109.00,39.32,21.20,1353,53195
746,746,P1/2L,*MANUAL*$637$636,93,969,59,119.00,42.85,23.37,5556,238052
747,747,V3L,*MANUAL*$647$659,93,790,65,89.00,32.91,15.69,6067,199643
748,748,P7/8L,*MANUAL*$592$604,89,599,61,120.00,40.20,22.91,6572,264201
749,749,V5L,*MANUAL*$513$509,84,521,69,134.00,41.78,22.57,8277,345850
750,750,V6L,*MANUAL*$594$574,88,427,70,111.00,38.39,21.29,6576,252469
751,751,P11/12L,*MANUAL*,86,345,60,160.00,61.02,31.86,2043,124674
752,752,*NOUSE*,*NOUSE*,0,0,0,0,0,0,0,0
753,753,DL2,*MANUAL*,83,1511,88,156.00,77.54,31.94,2012,156016
754,754,*NOUSE*,*NOUSE*,0,0,0,0,0,0,0,0
755,755,DL4,*MANUAL*,90,1417,89,171.00,82.59,35.16,1365,112737
756,756,DL5,*MANUAL*,81,1361,97,146.00,69.28,28.49,1365,94564
757,757,DL6,*MANUAL*,86,1345,87,165.00,88.50,29.36,1365,120809
758,758,VL2,*MANUAL*$535$550,82,1485,43,130.00,58.79,26.03,3772,221753
759,759,VL3,*MANUAL*,83,1448,41,160.00,89.02,27.90,1365,121512
760,760,VL4,*MANUAL*,88,1408,43,192.00,75.01,36.20,1119,83939
761,761,VL5,*MANUAL*,83,1353,38,209.00,93.82,43.29,1365,128059
762,762,VL6,*MANUAL*$581$598,87,1325,42,142.00,56.43,31.44,4138,233511
763,763,DR2,*MANUAL*$198$218$244,56,1509,89,130.00,54.78,22.68,5562,304704
764,764,DR3,*MANUAL*,56,1468,94,148.00,56.21,30.37,2103,118210
765,765,DR4,*MANUAL*,51,1407,91,161.00,79.08,24.17,1339,105885
766,766,DR5,*MANUAL*,57,1360,94,166.00,74.48,32.21,1359,101222
767,767,DR6,*MANUAL*,53,1343,89,149.00,69.22,24.66,1365,94490
768,768,VR1,*MANUAL*$86$121,53,1504,45,123.00,56.72,23.68,3643,206613
769,769,VR2,*MANUAL*$207$222,58,1472,39,128.00,60.89,25.17,3448,209962
770,770,VR4,*MANUAL*$117$84,51,1402,42,153.00,62.09,28.30,3073,190807
771,771,VR5,*MANUAL*,53,1349,36,226.00,88.99,47.73,1365,121470
772,772,VL7,*MANUAL*,83,1232,35,161.00,68.14,36.01,2101,143169
773,773,VL8,*MANUAL*,84,1169,37,164.00,66.05,40.83,2012,132890
774,774,VL9,*MANUAL*$479$546,80,1122,39,166.00,63.21,35.55,4241,268066
775,775,VL10,*MANUAL*$448$547,79,1062,40,183.00,61.45,40.04,4537,278821
776,776,VL13,*MANUAL*$491$476,80,875,42,132.00,47.62,30.24,5017,238925
777,777,VL14,*MANUAL*$562$569,85,784,47,149.00,51.10,32.62,4430,226359
778,778,*NOUSE*,*NOUSE*,0,0,0,0,0,0,0,0
779,779,VL17,*MANUAL*$379$451,74,532,47,150.00,46.32,28.88,6079,281553
780,780,*NOUSE*,*NOUSE*,0,0,0,0,0,0,0,0
781,781,VL18,*MANUAL*$780$480,80,422,50,132.00,53.07,33.60,3506,186048
782,782,VR7,*MANUAL*$166$184,56,1240,35,157.00,63.69,29.57,4045,257611
783,783,VR8,*MANUAL*,53,1183,42,135.00,64.60,26.55,2103,135849
784,784,VR10,*MANUAL*$137$114,53,1106,40,143.00,45.87,25.87,5193,238212
785,785,VR11,*MANUAL*$185$186,58,1030,41,135.00,50.11,29.57,5674,284349
786,786,VR13,*MANUAL*$156$187,55,901,41,118.00,39.61,20.77,5912,234187
787,787,VR14,*MANUAL*$223$224,60,830,45,117.00,38.21,19.96,7020,268203
788,788,VR16,*MANUAL*$172$209,58,693,47,127.00,42.50,24.77,5442,231263
789,789,VR18,*MANUAL*$173$175$210,56,520,47,135.00,41.07,23.55,5991,246069
790,790,VR19,*MANUAL*$212$226,59,422,49,143.00,51.31,29.01,5256,269661
791,791,DR7,*MANUAL*,60,1232,103,180.00,67.77,36.01,1365,92510
792,792,DR8,*MANUAL*$134$152,53,1149,104,134.00,46.18,23.73,5342,246715
793,793,DR10,*MANUAL*$135$151,53,1113,101,164.00,48.80,28.11,4474,218347
794,794,DR9,*MANUAL*$266$265,62,1128,107,149.00,58.47,30.80,4260,249084
795,795,DR12,*MANUAL*$150$183,55,951,100,129.00,41.37,25.41,4350,179938
796,796,DR14,*MANUAL*$202$220,56,844,97,100.00,37.27,18.30,4051,150965
797,797,DR16,*MANUAL*$149$165$205,54,703,98,119.00,42.02,22.99,3994,167830
798,798,HYP7RC5,*MANUAL*,48,465,77,85.00,25.58,18.04,4133,105706
799,799,DR19,*MANUAL*,56,473,90,151.00,65.32,30.77,2103,137371
800,800,DL7,*MANUAL*$312$568,77,1231,102,187.00,79.97,38.51,4731,378333
801,801,DL9,*MANUAL*,76,1135,104,175.00,83.09,32.38,2089,173580
802,802,DL10,*MANUAL*,82,1122,100,149.00,81.19,26.85,2103,170740
803,803,DL13,*MANUAL*$396$411,73,897,103,132.00,43.14,24.66,3815,164596
804,804,DL14,*MANUAL*$520$519,82,831,99,122.00,42.96,23.98,3994,171564
805,805,DL15,*MANUAL*$434$444,76,765,103,120.00,43.25,25.20,3975,171936
806,806,DL16,*MANUAL*$412$420,75,691,101,111.00,41.82,23.64,4289,179362
807,807,DL17,*MANUAL*$433$421,75,609,100,125.00,44.13,26.38,5155,227471
808,808,DL18,*MANUAL*,75,515,94,134.00,67.41,30.20,2103,141767
809,809,DL20,*MANUAL*$358$383,73,398,91,155.00,51.62,32.94,5369,277160
810,810,HYP7ABLV,*MANUAL*$662$667,93,1101,71,99.00,34.26,15.65,5930,203138
811,811,HYP7ABLD,*MANUAL*$630$629,92,1119,85,113.00,41.74,20.71,5954,248492
812,812,H2L,*MANUAL*$625$649,94,1140,66,123.00,41.70,21.04,6415,267478
813,813,TL,*MANUAL*,78,188,74,85.00,40.21,15.93,2103,84571
814,814,*NOUSE*,*NOUSE*,0,0,0,0,0,0,0,0
815,815,PLML,*MANUAL*,77,210,62,183.00,89.86,40.81,1365,122659
816,816,PHSHL,*MANUAL*,77,227,68,198.00,120.09,35.24,1365,163921
817,817,PVCL,*MANUAL*,81,249,68,191.00,127.84,23.73,1353,172973
818,818,PVQL,*MANUAL*,83,298,70,175.00,110.18,29.04,1365,150401
819,819,VIRL,*MANUAL*,79,332,82,175.00,95.22,38.21,895,85220
820,820,SPH,*MANUAL*,80,335,67,176.00,106.34,34.34,1365,145148
821,821,PVPL,*MANUAL*,78,341,52,198.00,123.92,36.81,1365,169150
822,822,DD6,*MANUAL*,75,324,56,223.00,145.70,35.29,1365,198878
823,823,K,*MANUAL*,76,291,84,177.00,91.02,37.37,1365,124247
824,824,REPD,*MANUAL*$322$343,68,303,87,177.00,66.70,38.96,4379,292081
825,825,B,*MANUAL*$349$426,72,266,52,152.00,56.99,33.19,4726,269312
826,826,DVC,*MANUAL*,70,253,63,185.00,125.41,19.69,1365,171179
827,827,PLMR,*MANUAL*,63,214,59,169.00,92.48,38.37,1365,126229
828,828,PHSHR,*MANUAL*,63,226,66,187.00,110.73,41.56,1365,151153
829,829,PHBR,*MANUAL*,58,274,68,164.00,94.34,32.55,1319,124434
830,830,PHAR,*MANUAL*,61,277,57,196.00,125.68,28.65,1365,171559
831,831,PVPR,*MANUAL*,62,322,56,205.00,139.90,28.77,1365,190964
832,832,DA9,*MANUAL*,63,308,54,177.00,110.73,32.04,2103,232871
833,833,DR21,*MANUAL*,64,275,85,187.00,83.22,41.28,2103,175017
834,834,DL21,*MANUAL*$307$339,69,220,81,167.00,50.50,33.70,5202,262714
835,835,VL19,*MANUAL*,76,240,53,163.00,94.04,34.10,1365,128366
836,836,VR20,*MANUAL*,64,236,52,165.00,93.19,36.59,1365,127206
837,837,H1L,*MANUAL*,95,1350,60,168.00,75.78,28.41,1903,144215
838,838,*NOUSE*,*NOUSE*,0,0,0,0,0,0,0,0
839,839,H2R,*MANUAL*,41,1146,65,95.00,42.81,18.81,2096,89737
840,840,HYP7ABRV,*MANUAL*$24$48,42,1104,69,89.00,31.84,13.84,5198,165518
841,841,HYP7ABRD,*MANUAL*$37$27$33,42,1119,88,110.00,37.73,18.12,3975,149979
842,842,H0R,*MANUAL*$39$46,46,1459,61,131.00,54.75,25.93,4034,220866
843,843,ADESHR,*MANUAL*,46,1133,64,191.00,96.96,36.03,1365,132355
844,844,M2R,*MANUAL*,56,1203,66,219.00,128.87,44.31,1351,174100
845,845,ADER,*MANUAL*,46,1206,67,206.00,115.55,45.84,1365,157724
846,846,FLPR,*MANUAL*,45,1219,59,177.00,127.31,24.27,894,113813
847,847,AVDR,*MANUAL*,45,1233,70,200.00,123.08,36.30,1303,160379
848,848,SIBDR,*MANUAL*,45,1303,58,210.00,107.51,42.43,1745,187602
849,849,AVDL,*MANUAL*,94,1227,73,217.00,133.92,40.69,1359,181996
850,850,RICL,*MANUAL*,94,1225,54,220.00,110.68,43.24,2069,228996
851,851,AIZR,*MANUAL*,53,1226,66,193.00,130.90,29.51,1365,178679
852,852,AIZL,*MANUAL*,87,1222,64,225.00,138.64,42.29,1365,189250
853,853,GLRL,*MANUAL*,81,1318,62,239.00,145.06,46.94,1365,198011
854,854,AWBL,*MANUAL*,90,1272,88,222.00,153.89,34.92,750,115418
855,855,ADFL,*MANUAL*,89,1288,82,185.00,123.10,32.44,1365,168038
856,856,ASGR,*MANUAL*,54,1260,86,190.00,110.07,35.93,1297,142758
857,857,AWBR,*MANUAL*,49,1276,85,187.00,127.16,27.45,1116,141915
858,858,ADFR,*MANUAL*$163$229,56,1288,80,160.00,78.98,35.92,3247,256457
859,859,URXL,*MANUAL*,77,1312,91,204.00,142.97,26.06,1365,195149
860,860,ASIR,*MANUAL*,61,1248,91,200.00,112.11,33.58,2103,235771
861,861,URXR,*MANUAL*,64,1309,94,201.00,124.24,40.76,1259,156423
862,862,CEPDR,*MANUAL*,57,1323,95,241.00,147.66,37.39,1313,193879
863,863,AWAL,*MANUAL*,82,1274,83,218.00,146.67,31.81,1365,200205
864,864,AWAR,*MANUAL*,57,1270,80,186.00,110.76,32.00,2103,232935
865,865,SMDVR,*MANUAL*,50,1315,86,237.00,118.40,46.35,1267,150011
866,866,SAAVL,*MANUAL*,82,1320,78,234.00,143.02,48.19,1285,183781
867,867,SMDVL,*MANUAL*,89,1310,86,213.00,114.19,52.33,1345,153582
868,868,RIAL,*MANUAL*,82,1302,81,228.00,138.50,35.99,1365,189050
869,869,GLRDL,*MANUAL*,76,1327,84,254.00,160.88,57.07,1365,219597
870,870,SAAVR,*MANUAL*,56,1319,78,236.00,148.21,38.40,1363,202011
871,871,RIAR,*MANUAL*,56,1304,85,203.00,117.40,42.17,2103,246891
872,872,GLRDR,*MANUAL*,63,1326,86,250.00,159.91,51.14,1365,218276
873,873,SIADR,*MANUAL*,53,1262,44,207.00,120.56,36.67,1240,149493
874,874,SIAVR,*MANUAL*,56,1256,51,206.00,113.94,48.30,1365,155529
875,875,GLRR,*MANUAL*,54,1317,60,234.00,130.91,44.95,1107,144917
876,876,GLRVR,*MANUAL*,58,1317,51,239.00,145.96,48.44,1365,199235
877,877,RIH,*MANUAL*,69,1301,46,227.00,175.85,25.97,721,126789
878,878,SAADR,*MANUAL*,60,1303,47,247.00,175.19,39.31,895,156798
879,879,SAADL,*MANUAL*,77,1302,47,246.00,176.65,38.57,789,139375
880,880,EXC,*MANUAL*,73,1239,45,125.00,60.79,17.81,2916,177268
881,881,EXC DUCT,*MANUAL*,82,1255,52,189.00,99.56,38.62,2103,209367
882,882,W,*MANUAL*,72,1242,31,161.00,86.14,27.75,1365,117578
883,883,AIAL,*MANUAL*,78,1271,49,223.00,164.24,28.98,839,137801
884,884,AIAR,*MANUAL*,66,1267,48,218.00,137.29,48.08,895,122876
885,885,SIADL,*MANUAL*,85,1277,52,227.00,137.41,46.27,1365,187559
886,886,RIR,*MANUAL*,84,1293,53,252.00,144.82,49.46,1365,197678
887,887,SIBVL,*MANUAL*,84,1307,52,249.00,161.11,42.88,1365,219912
888,888,SIBVR,*MANUAL*,52,1297,55,225.00,137.05,43.49,1365,187071
889,889,AIML,*MANUAL*,75,1218,43,248.00,154.28,41.84,1231,189917
890,890,AIMR,*MANUAL*,63,1229,46,225.00,149.45,37.28,1327,198325
891,891,AIYR,*MANUAL*,53,1225,47,217.00,125.69,42.69,1365,171572
892,892,AIYL,*MANUAL*,85,1215,47,241.00,145.71,42.09,1365,198890
893,893,DD1,*MANUAL*,74,1165,35,208.00,131.26,37.40,1365,179168
894,894,SABVL,*MANUAL*,73,1214,32,219.00,127.60,44.52,1365,174171
895,895,RIFL,*MANUAL*,74,1199,35,228.00,157.82,36.97,895,141253
896,896,RIFR,*MANUAL*,61,1194,35,226.00,130.34,39.34,1365,177920
897,897,RIGL,*MANUAL*,75,1186,34,211.00,122.95,43.22,1326,163027
898,898,AVG,*MANUAL*,66,1180,34,193.00,110.66,43.69,895,99044
899,899,SABD,*MANUAL*,60,1167,35,208.00,123.54,38.26,1365,168634
900,900,URBR,*MANUAL*,45,1383,66,201.00,117.01,43.50,1288,150705
901,901,IL2R,*MANUAL*,44,1399,65,182.00,94.82,44.20,1185,112357
902,902,IL1R,*MANUAL*,50,1386,55,217.00,153.67,33.39,895,137531
903,903,*NOUSE*,*NOUSE*,0,0,0,0,0,0,0,0
904,904,XXXR,*MANUAL*,48,1399,56,215.00,125.15,42.69,1365,170831
905,905,URBL,*MANUAL*,93,1386,67,218.00,141.39,39.89,1147,162178
906,906,IL1L,*MANUAL*,89,1387,58,234.00,152.69,44.85,1365,208427
907,907,RMEL,*MANUAL*,87,1356,63,207.00,136.94,38.76,1365,186927
908,908,URYDL,*MANUAL*,86,1372,82,249.00,153.13,56.99,1180,180694
909,909,URADL,*MANUAL*,93,1389,84,253.00,118.20,74.62,1226,144913
910,910,RMEV,*MANUAL*$295$314,67,1335,36,213.00,71.44,48.53,3140,224329
911,911,*NOUSE*,*NOUSE*,0,0,0,0,0,0,0,0
912,912,CEPVL,*MANUAL*,73,1349,37,247.00,173.79,40.19,778,135211
913,913,CEPVR,*MANUAL*,64,1351,37,253.00,187.41,41.22,895,167729
914,914,URAVL,*MANUAL*,79,1374,40,245.00,153.83,50.92,895,137677
915,915,URAVR,*MANUAL*,61,1371,37,237.00,137.67,50.06,1164,160252
916,916,IL1VL,*MANUAL*,69,1364,37,246.00,147.57,48.14,1365,201429
917,917,IL1VR,*MANUAL*,68,1383,37,240.00,141.61,53.98,1333,188767
918,918,IL2VL,*MANUAL*,82,1403,43,244.00,119.44,55.35,1339,159925
919,919,CEPSOVR,*MANUAL*,57,1389,39,236.00,126.05,46.94,1307,164751
920,920,IL2VR,*MANUAL*,66,1397,37,222.00,122.64,53.11,1297,159068
921,921,CEPSOVL,*MANUAL*,79,1388,38,215.00,129.38,44.60,1365,176597
922,922,RMER,*MANUAL*,51,1356,60,193.00,114.82,33.85,1365,156733
923,923,OLQDR,*MANUAL*,62,1368,85,246.00,168.21,38.38,1155,194284
924,924,RMED,*MANUAL*,70,1361,89,245.00,156.08,42.15,1287,200881
925,925,OLQDL,*MANUAL*,78,1368,85,233.00,159.44,43.62,1365,217630
926,926,URYVR,*MANUAL*,56,1378,45,211.00,125.06,38.37,1365,170702
927,927,URYDR,*MANUAL*,54,1371,81,249.00,140.36,48.96,1365,191591
928,928,URADR,*MANUAL*,55,1386,82,244.00,155.32,42.94,1304,202541
929,929,OLLR,*MANUAL*,54,1386,69,195.00,113.28,42.77,1365,154626
930,930,IL1DR,*MANUAL*,64,1382,85,241.00,186.17,28.30,895,166626
931,931,IL1DL,*MANUAL*,77,1380,84,254.00,177.12,53.36,889,157463
932,932,IL2DL,*MANUAL*,84,1389,85,253.00,191.06,44.74,876,167370
933,933,*NOUSE*,*NOUSE*,0,0,0,0,0,0,0,0
934,934,IL2DR,*MANUAL*,60,1396,92,204.00,123.09,35.94,1345,165557
935,935,CEPSODL,*MANUAL*,86,1400,87,225.00,141.42,43.55,1365,193035
936,936,ILSHDL,*MANUAL*,90,1444,84,249.00,134.08,59.59,1365,183015
937,937,CEPSODR,*MANUAL*,54,1398,80,249.00,135.63,56.91,1309,177534
938,938,OLLSOR,*MANUAL*,47,1406,80,239.00,118.00,50.23,1365,161076
939,939,OLQSHDR,*MANUAL*,44,1422,79,197.00,120.70,37.14,895,108024
940,940,ILSHDR,*MANUAL*,47,1435,86,201.00,95.69,46.69,1365,130617
941,941,I2R,*MANUAL*,49,1430,57,213.00,108.27,49.40,1213,131337
942,942,OLQSHVR,*MANUAL*,51,1445,47,208.00,108.21,39.59,1365,147708
943,943,ARCPVL,*MANUAL*,89,1490,58,205.00,97.54,48.35,1365,133141
944,944,ILSOL,*MANUAL*,88,1471,56,221.00,127.30,36.70,1274,162183
945,945,*NOUSE*,*NOUSE*,0,0,0,0,0,0,0,0
946,946,HYP1R,*MANUAL*,48,1453,83,189.00,102.10,42.14,1365,139373
947,947,ARCPVR,*MANUAL*,48,1509,58,194.00,101.78,44.70,1365,138929
948,948,ILSOR,*MANUAL*,49,1487,55,188.00,104.74,39.21,1365,142964
949,949,OLQSOVR,*MANUAL*,50,1471,53,200.00,101.60,39.94,1357,137875
950,950,ILSHR,*MANUAL*,53,1460,47,219.00,110.90,47.34,1365,151378
951,951,HYP4D,*MANUAL*$353$406,70,1647,81,140.00,46.15,28.85,4484,206937
952,952,HYP4V2,*MANUAL*$299$376,68,1615,42,164.00,50.71,35.85,4263,216179
953,953,ARCAV,*MANUAL*,65,1569,42,196.00,90.34,46.33,1354,122326
954,954,HYP1V,*MANUAL*,73,1559,41,199.00,114.97,41.73,1365,156929
955,955,ARCPV,*MANUAL*,63,1545,41,203.00,114.78,47.07,1365,156676
956,956,ILSHVL,*MANUAL*,74,1510,41,231.00,108.48,50.85,1351,146554
957,957,ILSOVR,*MANUAL*,63,1516,40,213.00,110.30,49.32,1365,150557
958,958,ILSHVR,*MANUAL*,64,1493,40,232.00,101.19,54.64,1226,124053
959,959,*NOUSE*,*NOUSE*,0,0,0,0,0,0,0,0
960,960,HYP6V2,*MANUAL*,71,1493,36,169.00,85.61,31.10,1365,116859
961,961,HYP7V1,*MANUAL*$364$365,69,1435,33,119.00,50.49,20.48,4031,203536
962,962,HYP7V2,*MANUAL*,72,1406,34,171.00,68.93,24.44,2103,144958
963,963,ARCPD,*MANUAL*,75,1563,89,196.00,109.55,38.04,1171,128282
964,964,ILSODL,*MANUAL*,78,1539,89,230.00,112.59,58.42,1240,139610
965,965,DL1,*MANUAL*,85,1537,82,162.00,85.98,26.22,1365,117363
966,966,OLQSODR,*MANUAL*,73,1513,92,252.00,155.11,44.46,1365,211725
967,967,OLQSODL,*MANUAL*,76,1494,92,233.00,128.62,50.06,1280,164640
968,968,HMC,*MANUAL*,69,1220,106,178.00,95.72,42.55,1365,130664
969,969,HYP6D1,*MANUAL*,69,1564,96,168.00,88.65,32.79,1365,121009
970,970,HYP6D3,*MANUAL*,69,1485,95,207.00,89.52,35.79,2103,188253
971,971,HYP6D4,*MANUAL*$360$361,69,1428,102,170.00,66.70,35.47,4571,304871
972,972,HYP7D1,*MANUAL*,70,1388,98,184.00,62.65,32.86,2969,186013
973,973,PVT,*MANUAL*,65,343,50,180.00,109.47,29.02,1365,149422
974,974,MCL,*MANUAL*,78,1435,63,253.00,150.14,55.37,789,118463
975,975,I2L,*MANUAL*,85,1430,60,254.00,167.73,47.34,1365,228954
976,976,MCR,*MANUAL*,58,1431,61,233.00,132.29,52.63,1365,180578
977,977,VL15,*MANUAL*,78,748,48,145.00,82.82,21.60,1345,111399
978,978,CCLP,*MANUAL*,84,756,55,186.00,106.53,40.04,1365,145409
979,979,PM4R,*MANUAL*,53,1422,71,180.00,99.34,43.69,895,88913
980,980,MC3V,*MANUAL*$348$380,70,1164,48,156.00,58.20,31.32,4548,264700
981,981,*NOUSE*,*NOUSE*,0,0,0,0,0,0,0,0
982,982,P5/6R,*MANUAL*,47,739,55,86.00,39.34,17.51,2103,82728
983,983,IML,*MANUAL*$570$526,84,389,60,175.00,44.63,29.00,5658,252502
984,984,P5/6L,*MANUAL*$618$605,90,729,63,115.00,38.50,21.28,5534,213072
985,985,V6R,*MANUAL*$76$739,49,430,61,109.00,35.69,18.76,5331,190279
986,986,H0L,*MANUAL*,92,1467,66,149.00,77.91,30.46,1365,106352
987,987,TR,*MANUAL*,63,196,69,104.00,47.62,20.47,1365,65006
988,988,MC1DL,*MANUAL*,80,1439,80,217.00,125.32,32.96,895,112163
989,989,HYP6V1,*MANUAL*,71,1529,35,161.00,87.23,25.99,895,78067
990,990,HYP7ABR3,*MANUAL*$80$31,43,1056,79,83.00,31.12,14.62,5315,165387
991,991,HYP7LC2,*MANUAL*$611$610,88,901,87,86.00,29.37,12.91,5220,153326
992,992,f1,*MANUAL*,67,1345,67,17.00, 7.86, 2.43,895,7031
993,993,f2,*MANUAL*,67,1316,68,41.00,23.78, 3.93,895,21286
994,994,f3,*MANUAL*,67,1272,67,34.00,13.72, 3.15,895,12275
995,995,f4,*MANUAL*,67,1188,63,59.00,23.52, 7.39,895,21050
996,996,f5,*MANUAL*,67,1073,61,36.00,10.15, 5.44,895,9083
997,997,f6,*MANUAL*,67,968,63, 5.00, 1.94, 1.10,895,1738
998,998,f7,*MANUAL*,67,894,61, 5.00, 1.32, 0.97,895,1182
999,999,f8,*MANUAL*,66,861,61, 7.00, 1.99, 1.15,895,1783
1000,1000,f9,*MANUAL*,67,508,62,13.00, 5.02, 2.26,895,4492
1001,1001,f10,*MANUAL*,68,396,61,14.00, 3.78, 2.70,895,3385
