0,0,*NOUSE*,*NOUSE*,0,0,0,0,0,0,0,0
1,1,*NOUSE*,*NOUSE*,0,0,0,0,0,0,0,0
2,2,ADAL,,41,1286,83,144.00,44.56,29.30,4001,178300
3,3,AVDL,,41,1332,65,195.00,55.64,35.91,3680,204763
4,4,H2L,,39,1258,68,96.00,29.69,14.23,4658,138318
5,5,V1L,,42,1119,71,98.00,31.64,17.53,5496,173906
6,6,*NOUSE*,*NOUSE*,0,0,0,0,0,0,0,0
7,7,*NOUSE*,*NOUSE*,0,0,0,0,0,0,0,0
8,8,*NOUSE*,*NOUSE*,0,0,0,0,0,0,0,0
9,9,AINL,,44,1313,61,175.00,56.41,33.13,3867,218142
10,10,AWCL,,43,1394,72,159.00,47.87,27.33,3493,167224
11,11,*NOUSE*,*NOUSE*,0,0,0,0,0,0,0,0
12,12,*NOUSE*,*NOUSE*,0,0,0,0,0,0,0,0
13,13,AUAL,,42,1379,81,172.00,48.70,30.70,4007,195150
14,14,ADEL,,43,1302,78,161.00,51.81,32.20,3439,178186
15,15,P1/2L,,42,1062,90,126.00,35.01,22.46,4761,166704
16,16,*NOUSE*,*NOUSE*,0,0,0,0,0,0,0,0
17,17,*NOUSE*,*NOUSE*,0,0,0,0,0,0,0,0
18,18,*NOUSE*,*NOUSE*,0,0,0,0,0,0,0,0
19,19,ADEshL,,44,1232,75,153.00,41.13,30.48,5409,222481
20,20,*NOUSE*,*NOUSE*,0,0,0,0,0,0,0,0
21,21,*NOUSE*,*NOUSE*,0,0,0,0,0,0,0,0
22,22,hyp7LC1,,44,1081,56,121.00,28.20,16.35,6765,190803
23,23,*NOUSE*,*NOUSE*,0,0,0,0,0,0,0,0
24,24,*NOUSE*,*NOUSE*,0,0,0,0,0,0,0,0
25,25,*NOUSE*,*NOUSE*,0,0,0,0,0,0,0,0
26,26,IL2L,,44,1513,68,120.00,41.31,22.70,4193,173210
27,27,*NOUSE*,*NOUSE*,0,0,0,0,0,0,0,0
28,28,*NOUSE*,*NOUSE*,0,0,0,0,0,0,0,0
29,29,*NOUSE*,*NOUSE*,0,0,0,0,0,0,0,0
30,30,OLQshVL,,46,1519,79,148.00,52.26,30.48,3507,183275
31,31,ASJL,,43,1358,79,153.00,44.74,24.19,4030,180301
32,32,V2L,,44,997,81,144.00,30.29,17.56,6818,206520
33,33,V3L,,45,876,83,142.00,35.36,21.40,8059,284988
34,34,HSNL,,44,764,83,182.00,45.81,36.52,4202,192507
35,35,AMsHL,,45,1274,46,111.00,34.73,18.41,3840,133351
36,36,*NOUSE*,*NOUSE*,0,0,0,0,0,0,0,0
37,37,*NOUSE*,*NOUSE*,0,0,0,0,0,0,0,0
38,38,*NOUSE*,*NOUSE*,0,0,0,0,0,0,0,0
39,39,AVAL,,46,1414,61,161.00,55.18,31.16,3177,175312
40,40,*NOUSE*,*NOUSE*,0,0,0,0,0,0,0,0
41,41,BDUL,,45,1143,73,179.00,50.94,39.17,3707,188840
42,42,sibdl,,46,1409,77,178.00,60.27,37.19,3584,216007
43,43,ILsHDL,,46,1550,56,150.00,47.74,27.16,4089,195198
44,44,*NOUSE*,*NOUSE*,0,0,0,0,0,0,0,0
45,45,*NOUSE*,*NOUSE*,0,0,0,0,0,0,0,0
46,46,*NOUSE*,*NOUSE*,0,0,0,0,0,0,0,0
47,47,*NOUSE*,*NOUSE*,0,0,0,0,0,0,0,0
48,48,*NOUSE*,*NOUSE*,0,0,0,0,0,0,0,0
49,49,*NOUSE*,*NOUSE*,0,0,0,0,0,0,0,0
50,50,*NOUSE*,*NOUSE*,0,0,0,0,0,0,0,0
51,51,*NOUSE*,*NOUSE*,0,0,0,0,0,0,0,0
52,52,*NOUSE*,*NOUSE*,0,0,0,0,0,0,0,0
53,53,*NOUSE*,*NOUSE*,0,0,0,0,0,0,0,0
54,54,*NOUSE*,*NOUSE*,0,0,0,0,0,0,0,0
55,55,*NOUSE*,*NOUSE*,0,0,0,0,0,0,0,0
56,56,*NOUSE*,*NOUSE*,0,0,0,0,0,0,0,0
57,57,RMDVL,,46,1433,60,167.00,51.23,27.55,3417,175056
58,58,*NOUSE*,*NOUSE*,0,0,0,0,0,0,0,0
59,59,*NOUSE*,*NOUSE*,0,0,0,0,0,0,0,0
60,60,ILsoL,,49,1597,77,145.00,49.47,29.29,4264,210949
61,61,VL16,,52,724,97,189.00,44.78,33.83,7186,321759
62,62,V5L,,48,567,88,117.00,32.82,19.46,7362,241593
63,63,*NOUSE*,*NOUSE*,0,0,0,0,0,0,0,0
64,64,P3/4L,,48,946,89,120.00,34.13,22.19,5127,174965
65,65,*NOUSE*,*NOUSE*,0,0,0,0,0,0,0,0
66,66,EXC GL L,,48,1264,97,168.00,42.50,29.72,4894,208006
67,67,*NOUSE*,*NOUSE*,0,0,0,0,0,0,0,0
68,68,ARCpDL,,53,1582,57,151.00,50.67,30.54,4515,228792
69,69,*NOUSE*,*NOUSE*,0,0,0,0,0,0,0,0
70,70,ARCaDL,,47,1629,68,124.00,40.16,24.43,4422,177586
71,71,*NOUSE*,*NOUSE*,0,0,0,0,0,0,0,0
72,72,*NOUSE*,*NOUSE*,0,0,0,0,0,0,0,0
73,73,*NOUSE*,*NOUSE*,0,0,0,0,0,0,0,0
74,74,hyp5L,,46,1678,70,97.00,30.72,15.97,5526,169761
75,75,RMEL,,50,1463,65,166.00,48.67,27.64,4066,197890
76,76,V6L,,46,470,81,93.00,23.79,12.27,4840,115126
77,77,*NOUSE*,*NOUSE*,0,0,0,0,0,0,0,0
78,78,*NOUSE*,*NOUSE*,0,0,0,0,0,0,0,0
79,79,*NOUSE*,*NOUSE*,0,0,0,0,0,0,0,0
80,80,VL4,,47,1532,94,110.00,42.23,19.69,4166,175949
81,81,VL10,,50,1160,104,193.00,42.55,31.28,6090,259134
82,82,hyp2L,,51,1619,60,165.00,45.29,28.10,4501,203862
83,83,*NOUSE*,*NOUSE*,0,0,0,0,0,0,0,0
84,84,*NOUSE*,*NOUSE*,0,0,0,0,0,0,0,0
85,85,*NOUSE*,*NOUSE*,0,0,0,0,0,0,0,0
86,86,*NOUSE*,*NOUSE*,0,0,0,0,0,0,0,0
87,87,XXXL,,48,1502,88,157.00,56.08,32.30,2958,165887
88,88,P9/10L,,48,527,94,112.00,28.87,17.14,4037,116556
89,89,*NOUSE*,*NOUSE*,0,0,0,0,0,0,0,0
90,90,*NOUSE*,*NOUSE*,0,0,0,0,0,0,0,0
91,91,AWBL,,50,1366,46,174.00,58.44,33.88,4015,234646
92,92,CEPsoDL,,52,1509,53,182.00,68.35,39.87,3772,257813
93,93,*NOUSE*,*NOUSE*,0,0,0,0,0,0,0,0
94,94,*NOUSE*,*NOUSE*,0,0,0,0,0,0,0,0
95,95,*NOUSE*,*NOUSE*,0,0,0,0,0,0,0,0
96,96,*NOUSE*,*NOUSE*,0,0,0,0,0,0,0,0
97,97,*NOUSE*,*NOUSE*,0,0,0,0,0,0,0,0
98,98,*NOUSE*,*NOUSE*,0,0,0,0,0,0,0,0
99,99,*NOUSE*,*NOUSE*,0,0,0,0,0,0,0,0
100,100,*NOUSE*,*NOUSE*,0,0,0,0,0,0,0,0
101,101,AVKL,,50,1310,92,178.00,62.14,33.20,3263,202775
102,102,*NOUSE*,*NOUSE*,0,0,0,0,0,0,0,0
103,103,*NOUSE*,*NOUSE*,0,0,0,0,0,0,0,0
104,104,*NOUSE*,*NOUSE*,0,0,0,0,0,0,0,0
105,105,*NOUSE*,*NOUSE*,0,0,0,0,0,0,0,0
106,106,*NOUSE*,*NOUSE*,0,0,0,0,0,0,0,0
107,107,ALML,,52,922,51,170.00,46.45,36.26,4320,200655
108,108,*NOUSE*,*NOUSE*,0,0,0,0,0,0,0,0
109,109,URYVL,,51,1486,87,161.00,57.04,31.57,3223,183833
110,110,AIYL,,52,1325,94,207.00,68.41,39.72,4128,282408
111,111,*NOUSE*,*NOUSE*,0,0,0,0,0,0,0,0
112,112,*NOUSE*,*NOUSE*,0,0,0,0,0,0,0,0
113,113,imL,,52,407,91,137.00,34.62,21.51,5546,192009
114,114,*NOUSE*,*NOUSE*,0,0,0,0,0,0,0,0
115,115,SIAVL,,52,1373,96,213.00,61.26,37.57,2887,176844
116,116,CCLA,,53,974,95,221.00,57.85,45.47,3740,216369
117,117,*NOUSE*,*NOUSE*,0,0,0,0,0,0,0,0
118,118,*NOUSE*,*NOUSE*,0,0,0,0,0,0,0,0
119,119,*NOUSE*,*NOUSE*,0,0,0,0,0,0,0,0
120,120,*NOUSE*,*NOUSE*,0,0,0,0,0,0,0,0
121,121,*NOUSE*,*NOUSE*,0,0,0,0,0,0,0,0
122,122,SMDVL,,52,1408,48,222.00,74.24,35.60,2436,180860
123,123,inDL1,,54,1156,53,162.00,35.18,22.67,6890,242401
124,124,hyp1L,,55,1562,52,202.00,58.09,31.10,4318,250842
125,125,AVBL,,52,1335,60,214.00,84.96,38.83,2757,234227
126,126,AMsoL,,54,1601,56,132.00,45.85,26.22,3858,176893
127,127,*NOUSE*,*NOUSE*,0,0,0,0,0,0,0,0
128,128,*NOUSE*,*NOUSE*,0,0,0,0,0,0,0,0
129,129,*NOUSE*,*NOUSE*,0,0,0,0,0,0,0,0
130,130,CEPshVL,,52,1458,90,159.00,51.71,30.80,3376,174577
131,131,*NOUSE*,*NOUSE*,0,0,0,0,0,0,0,0
132,132,*NOUSE*,*NOUSE*,0,0,0,0,0,0,0,0
133,133,*NOUSE*,*NOUSE*,0,0,0,0,0,0,0,0
134,134,*NOUSE*,*NOUSE*,0,0,0,0,0,0,0,0
135,135,*NOUSE*,*NOUSE*,0,0,0,0,0,0,0,0
136,136,*NOUSE*,*NOUSE*,0,0,0,0,0,0,0,0
137,137,*NOUSE*,*NOUSE*,0,0,0,0,0,0,0,0
138,138,*NOUSE*,*NOUSE*,0,0,0,0,0,0,0,0
139,139,DL16,,54,742,48,182.00,48.46,37.71,5558,269322
140,140,*NOUSE*,*NOUSE*,0,0,0,0,0,0,0,0
141,141,*NOUSE*,*NOUSE*,0,0,0,0,0,0,0,0
142,142,vpi2DL,,55,1231,62,203.00,57.21,39.42,4129,236237
143,143,*NOUSE*,*NOUSE*,0,0,0,0,0,0,0,0
144,144,EXC DUCT,,55,1366,85,153.00,52.12,30.69,3925,204567
145,145,*NOUSE*,*NOUSE*,0,0,0,0,0,0,0,0
146,146,*NOUSE*,*NOUSE*,0,0,0,0,0,0,0,0
147,147,*NOUSE*,*NOUSE*,0,0,0,0,0,0,0,0
148,148,VL17,,56,601,103,163.00,42.67,31.97,5624,239982
149,149,*NOUSE*,*NOUSE*,0,0,0,0,0,0,0,0
150,150,*NOUSE*,*NOUSE*,0,0,0,0,0,0,0,0
151,151,*NOUSE*,*NOUSE*,0,0,0,0,0,0,0,0
152,152,*NOUSE*,*NOUSE*,0,0,0,0,0,0,0,0
153,153,DL6,,55,1439,43,169.00,45.84,29.85,4022,184374
154,154,*NOUSE*,*NOUSE*,0,0,0,0,0,0,0,0
155,155,*NOUSE*,*NOUSE*,0,0,0,0,0,0,0,0
156,156,*NOUSE*,*NOUSE*,0,0,0,0,0,0,0,0
157,157,*NOUSE*,*NOUSE*,0,0,0,0,0,0,0,0
158,158,*NOUSE*,*NOUSE*,0,0,0,0,0,0,0,0
159,159,DL1,,55,1654,54,124.00,40.14,23.05,5915,237448
160,160,*NOUSE*,*NOUSE*,0,0,0,0,0,0,0,0
161,161,*NOUSE*,*NOUSE*,0,0,0,0,0,0,0,0
162,162,*NOUSE*,*NOUSE*,0,0,0,0,0,0,0,0
163,163,M2L,,55,1307,76,228.00,77.52,41.11,2863,221941
164,164,pm6VL,,54,1290,81,147.00,53.16,28.14,3674,195315
165,165,pm2VL1,,55,1684,81,156.00,41.94,30.41,5618,235613
166,166,*NOUSE*,*NOUSE*,0,0,0,0,0,0,0,0
167,167,*NOUSE*,*NOUSE*,0,0,0,0,0,0,0,0
168,168,*NOUSE*,*NOUSE*,0,0,0,0,0,0,0,0
169,169,VL15,,56,841,103,181.00,50.36,38.47,5336,268730
170,170,*NOUSE*,*NOUSE*,0,0,0,0,0,0,0,0
171,171,*NOUSE*,*NOUSE*,0,0,0,0,0,0,0,0
172,172,DL8,,56,1270,35,143.00,40.97,28.29,5771,236465
173,173,DL17,,58,673,49,175.00,44.26,33.82,7369,326152
174,174,DL18,,57,573,52,158.00,40.78,28.10,6576,268184
175,175,*NOUSE*,*NOUSE*,0,0,0,0,0,0,0,0
176,176,DL19,,57,507,52,138.00,40.01,28.12,5768,230770
177,177,*NOUSE*,*NOUSE*,0,0,0,0,0,0,0,0
178,178,g1AL,,55,1302,60,169.00,55.03,31.35,3737,205646
179,179,*NOUSE*,*NOUSE*,0,0,0,0,0,0,0,0
180,180,*NOUSE*,*NOUSE*,0,0,0,0,0,0,0,0
181,181,*NOUSE*,*NOUSE*,0,0,0,0,0,0,0,0
182,182,*NOUSE*,*NOUSE*,0,0,0,0,0,0,0,0
183,183,*NOUSE*,*NOUSE*,0,0,0,0,0,0,0,0
184,184,AVEL,,55,1407,68,169.00,62.12,33.37,3216,199765
185,185,PVQL,,56,341,75,124.00,41.55,24.22,3953,164246
186,186,pm1L,,57,1569,72,185.00,57.59,33.01,3516,202490
187,187,*NOUSE*,*NOUSE*,0,0,0,0,0,0,0,0
188,188,*NOUSE*,*NOUSE*,0,0,0,0,0,0,0,0
189,189,*NOUSE*,*NOUSE*,0,0,0,0,0,0,0,0
190,190,*NOUSE*,*NOUSE*,0,0,0,0,0,0,0,0
191,191,pm2VL2,,57,1666,81,168.00,51.94,35.11,2525,131138
192,192,NSML,,56,1530,80,159.00,52.22,30.20,3436,179413
193,193,Z4,,57,750,100,157.00,39.32,27.44,5872,230858
194,194,*NOUSE*,*NOUSE*,0,0,0,0,0,0,0,0
195,195,*NOUSE*,*NOUSE*,0,0,0,0,0,0,0,0
196,196,*NOUSE*,*NOUSE*,0,0,0,0,0,0,0,0
197,197,*NOUSE*,*NOUSE*,0,0,0,0,0,0,0,0
198,198,*NOUSE*,*NOUSE*,0,0,0,0,0,0,0,0
199,199,*NOUSE*,*NOUSE*,0,0,0,0,0,0,0,0
200,200,*NOUSE*,*NOUSE*,0,0,0,0,0,0,0,0
201,201,*NOUSE*,*NOUSE*,0,0,0,0,0,0,0,0
202,202,I6,,58,1290,49,190.00,59.81,40.59,4099,245165
203,203,*NOUSE*,*NOUSE*,0,0,0,0,0,0,0,0
204,204,virL,,60,378,64,147.00,43.19,26.36,3928,169632
205,205,ALNL,,59,292,65,176.00,48.42,31.93,4055,196350
206,206,*NOUSE*,*NOUSE*,0,0,0,0,0,0,0,0
207,207,*NOUSE*,*NOUSE*,0,0,0,0,0,0,0,0
208,208,vpi3V,,58,1227,88,193.00,52.49,37.25,3979,208838
209,209,EXC,,58,1348,93,123.00,39.29,16.54,5164,202918
210,210,CEPsoVL,,56,1498,102,158.00,55.10,32.47,3452,190203
211,211,VL13,,58,962,103,200.00,56.69,42.92,3826,216896
212,212,CCLP,,59,898,105,211.00,61.82,47.44,3439,212603
213,213,*NOUSE*,*NOUSE*,0,0,0,0,0,0,0,0
214,214,DL2,,59,1618,48,140.00,50.34,26.38,4719,237574
215,215,*NOUSE*,*NOUSE*,0,0,0,0,0,0,0,0
216,216,*NOUSE*,*NOUSE*,0,0,0,0,0,0,0,0
217,217,*NOUSE*,*NOUSE*,0,0,0,0,0,0,0,0
218,218,*NOUSE*,*NOUSE*,0,0,0,0,0,0,0,0
219,219,*NOUSE*,*NOUSE*,0,0,0,0,0,0,0,0
220,220,*NOUSE*,*NOUSE*,0,0,0,0,0,0,0,0
221,221,*NOUSE*,*NOUSE*,0,0,0,0,0,0,0,0
222,222,IL2VL,,58,1536,110,169.00,45.28,32.38,3494,158221
223,223,*NOUSE*,*NOUSE*,0,0,0,0,0,0,0,0
224,224,*NOUSE*,*NOUSE*,0,0,0,0,0,0,0,0
225,225,*NOUSE*,*NOUSE*,0,0,0,0,0,0,0,0
226,226,*NOUSE*,*NOUSE*,0,0,0,0,0,0,0,0
227,227,*NOUSE*,*NOUSE*,0,0,0,0,0,0,0,0
228,228,*NOUSE*,*NOUSE*,0,0,0,0,0,0,0,0
229,229,*NOUSE*,*NOUSE*,0,0,0,0,0,0,0,0
230,230,ILsoVL,,60,1660,101,191.00,52.09,37.09,4772,248594
231,231,DB4,,60,1026,112,199.00,48.81,39.60,4165,203311
232,232,DA2,,59,1152,114,214.00,56.44,44.24,3628,204756
233,233,*NOUSE*,*NOUSE*,0,0,0,0,0,0,0,0
234,234,*NOUSE*,*NOUSE*,0,0,0,0,0,0,0,0
235,235,*NOUSE*,*NOUSE*,0,0,0,0,0,0,0,0
236,236,vpi3D,,65,1219,62,206.00,64.58,44.62,3746,241924
237,237,PM5L,,59,1318,69,197.00,69.17,37.17,3626,250828
238,238,*NOUSE*,*NOUSE*,0,0,0,0,0,0,0,0
239,239,*NOUSE*,*NOUSE*,0,0,0,0,0,0,0,0
240,240,*NOUSE*,*NOUSE*,0,0,0,0,0,0,0,0
241,241,GLRVL,,61,1430,88,209.00,72.96,42.52,2793,203783
242,242,pm1VL,,60,1567,88,193.00,73.23,40.27,2602,190537
243,243,PM4VL,,59,1540,93,155.00,51.10,26.87,3507,179191
244,244,*NOUSE*,*NOUSE*,0,0,0,0,0,0,0,0
245,245,mc1V,,63,1553,96,130.00,47.30,23.71,2287,108177
246,246,*NOUSE*,*NOUSE*,0,0,0,0,0,0,0,0
247,247,DA6,,61,628,108,161.00,42.35,34.17,4650,196943
248,248,DA3,,60,1056,113,207.00,56.20,44.53,3697,207766
249,249,DA5,,61,767,111,191.00,54.87,42.63,3553,194963
250,250,SABVL,,60,1329,112,197.00,72.42,39.61,2457,177930
251,251,RIGR,,61,1252,111,184.00,56.31,38.35,3562,200579
252,252,DB5,,62,855,110,182.00,53.07,38.95,4020,213354
253,253,DB3,,61,1186,115,166.00,46.66,35.91,4075,190129
254,254,*NOUSE*,*NOUSE*,0,0,0,0,0,0,0,0
255,255,*NOUSE*,*NOUSE*,0,0,0,0,0,0,0,0
256,256,inD3,,63,1047,51,140.00,31.42,18.73,9306,292362
257,257,*NOUSE*,*NOUSE*,0,0,0,0,0,0,0,0
258,258,g2L,,62,1252,93,196.00,60.31,41.41,4042,243768
259,259,PVPL,,61,391,97,135.00,44.82,28.12,3647,163476
260,260,DD4,,61,718,109,172.00,52.53,39.28,3263,171402
261,261,*NOUSE*,*NOUSE*,0,0,0,0,0,0,0,0
262,262,*NOUSE*,*NOUSE*,0,0,0,0,0,0,0,0
263,263,*NOUSE*,*NOUSE*,0,0,0,0,0,0,0,0
264,264,*NOUSE*,*NOUSE*,0,0,0,0,0,0,0,0
265,265,*NOUSE*,*NOUSE*,0,0,0,0,0,0,0,0
266,266,*NOUSE*,*NOUSE*,0,0,0,0,0,0,0,0
267,267,hyp102,,60,95,75,97.00,28.00,15.55,3004,84117
268,268,*NOUSE*,*NOUSE*,0,0,0,0,0,0,0,0
269,269,inV9,,63,435,98,102.00,29.27,15.55,5405,158193
270,270,*NOUSE*,*NOUSE*,0,0,0,0,0,0,0,0
271,271,AIML,,60,1328,99,207.00,83.15,43.38,1445,120152
272,272,DB7,,63,522,107,135.00,36.15,26.11,3736,135069
273,273,ILshVL,,62,1634,102,189.00,55.98,39.10,3622,202761
274,274,DB6,,62,652,110,155.00,43.76,33.18,3701,161955
275,275,DD3,,63,922,109,181.00,51.92,40.58,3825,198587
276,276,DD2,,62,1093,111,219.00,59.98,44.91,3324,199367
277,277,*NOUSE*,*NOUSE*,0,0,0,0,0,0,0,0
278,278,*NOUSE*,*NOUSE*,0,0,0,0,0,0,0,0
279,279,*NOUSE*,*NOUSE*,0,0,0,0,0,0,0,0
280,280,IL2DL,,63,1512,44,176.00,56.61,33.39,4531,256493
281,281,*NOUSE*,*NOUSE*,0,0,0,0,0,0,0,0
282,282,inD4,,67,963,56,122.00,29.42,17.62,9150,269159
283,283,DL21,,64,272,61,133.00,39.21,24.23,4457,174760
284,284,*NOUSE*,*NOUSE*,0,0,0,0,0,0,0,0
285,285,*NOUSE*,*NOUSE*,0,0,0,0,0,0,0,0
286,286,*NOUSE*,*NOUSE*,0,0,0,0,0,0,0,0
287,287,inV3,,65,1029,94,107.00,31.01,17.54,8520,264194
288,288,hyp4V2,,63,1756,95,144.00,39.71,29.03,4144,164560
289,289,*NOUSE*,*NOUSE*,0,0,0,0,0,0,0,0
290,290,W,,63,1358,108,178.00,50.86,28.45,3589,182551
291,291,DD5,,63,552,108,157.00,41.82,33.18,3409,142576
292,292,SABVR,,63,1319,113,206.00,78.74,45.31,2091,164649
293,293,*NOUSE*,*NOUSE*,0,0,0,0,0,0,0,0
294,294,*NOUSE*,*NOUSE*,0,0,0,0,0,0,0,0
295,295,*NOUSE*,*NOUSE*,0,0,0,0,0,0,0,0
296,296,DB2,,63,1343,115,194.00,58.83,35.70,2912,171325
297,297,G1,,63,1412,113,176.00,50.07,31.73,3547,177611
298,298,ADLL,,64,1357,45,174.00,59.51,32.95,4435,263913
299,299,hyp31,,66,1719,48,163.00,46.59,35.92,4003,186515
300,300,hyp32,,66,1703,47,195.00,49.69,37.06,3543,176039
301,301,*NOUSE*,*NOUSE*,0,0,0,0,0,0,0,0
302,302,*NOUSE*,*NOUSE*,0,0,0,0,0,0,0,0
303,303,mc2DL,,62,1331,64,187.00,73.83,33.01,2687,198371
304,304,*NOUSE*,*NOUSE*,0,0,0,0,0,0,0,0
305,305,*NOUSE*,*NOUSE*,0,0,0,0,0,0,0,0
306,306,*NOUSE*,*NOUSE*,0,0,0,0,0,0,0,0
307,307,*NOUSE*,*NOUSE*,0,0,0,0,0,0,0,0
308,308,*NOUSE*,*NOUSE*,0,0,0,0,0,0,0,0
309,309,*NOUSE*,*NOUSE*,0,0,0,0,0,0,0,0
310,310,RMEV,,65,1447,108,186.00,54.79,36.79,3221,176488
311,311,G2,,63,1388,107,188.00,70.97,38.90,2648,187934
312,312,*NOUSE*,*NOUSE*,0,0,0,0,0,0,0,0
313,313,*NOUSE*,*NOUSE*,0,0,0,0,0,0,0,0
314,314,*NOUSE*,*NOUSE*,0,0,0,0,0,0,0,0
315,315,*NOUSE*,*NOUSE*,0,0,0,0,0,0,0,0
316,316,inD7,,69,581,61,83.00,27.70,14.34,7332,203096
317,317,inD6,,68,677,63,107.00,30.55,16.47,7510,229451
318,318,*NOUSE*,*NOUSE*,0,0,0,0,0,0,0,0
319,319,*NOUSE*,*NOUSE*,0,0,0,0,0,0,0,0
320,320,*NOUSE*,*NOUSE*,0,0,0,0,0,0,0,0
321,321,*NOUSE*,*NOUSE*,0,0,0,0,0,0,0,0
322,322,*NOUSE*,*NOUSE*,0,0,0,0,0,0,0,0
323,323,*NOUSE*,*NOUSE*,0,0,0,0,0,0,0,0
324,324,vpi2V,,68,1234,95,224.00,78.22,53.04,3180,248738
325,325,*NOUSE*,*NOUSE*,0,0,0,0,0,0,0,0
326,326,DA4,,65,941,110,211.00,59.17,46.80,3555,210357
327,327,*NOUSE*,*NOUSE*,0,0,0,0,0,0,0,0
328,328,*NOUSE*,*NOUSE*,0,0,0,0,0,0,0,0
329,329,*NOUSE*,*NOUSE*,0,0,0,0,0,0,0,0
330,330,DEP,,67,306,62,168.00,54.26,31.92,3503,190059
331,331,mc2V,,67,1337,83,165.00,56.61,31.77,4325,244830
332,332,inV4,,67,918,91,96.00,30.13,15.23,7770,234135
333,333,*NOUSE*,*NOUSE*,0,0,0,0,0,0,0,0
334,334,*NOUSE*,*NOUSE*,0,0,0,0,0,0,0,0
335,335,*NOUSE*,*NOUSE*,0,0,0,0,0,0,0,0
336,336,*NOUSE*,*NOUSE*,0,0,0,0,0,0,0,0
337,337,pm7D,,68,1263,47,175.00,46.19,31.55,5753,265721
338,338,*NOUSE*,*NOUSE*,0,0,0,0,0,0,0,0
339,339,e2D,,67,1708,59,161.00,39.45,27.63,4733,186738
340,340,PLMR,,68,267,83,137.00,40.37,25.74,3385,136669
341,341,*NOUSE*,*NOUSE*,0,0,0,0,0,0,0,0
342,342,*NOUSE*,*NOUSE*,0,0,0,0,0,0,0,0
343,343,mc3V,,68,1268,99,171.00,56.28,36.22,4107,231128
344,344,inV8,,71,519,95,97.00,27.13,13.94,5807,157518
345,345,*NOUSE*,*NOUSE*,0,0,0,0,0,0,0,0
346,346,*NOUSE*,*NOUSE*,0,0,0,0,0,0,0,0
347,347,PVT,,68,408,99,123.00,37.79,25.50,3982,150488
348,348,*NOUSE*,*NOUSE*,0,0,0,0,0,0,0,0
349,349,inD2,,70,1111,54,132.00,33.95,19.89,8072,274041
350,350,*NOUSE*,*NOUSE*,0,0,0,0,0,0,0,0
351,351,repD,,68,354,56,188.00,55.58,30.37,3447,191569
352,352,*NOUSE*,*NOUSE*,0,0,0,0,0,0,0,0
353,353,*NOUSE*,*NOUSE*,0,0,0,0,0,0,0,0
354,354,*NOUSE*,*NOUSE*,0,0,0,0,0,0,0,0
355,355,*NOUSE*,*NOUSE*,0,0,0,0,0,0,0,0
356,356,YPDA,,69,354,97,110.00,39.88,20.83,2860,114068
357,357,vpi1,,69,1229,55,176.00,61.21,38.52,3208,196354
358,358,inD5,,71,855,59,96.00,29.07,15.88,9408,273515
359,359,M4,,69,1500,63,183.00,56.33,32.41,4634,261051
360,360,DVA,,69,320,69,146.00,56.88,28.39,3297,187537
361,361,inV6,,70,745,82,110.00,30.06,16.23,8488,255137
362,362,*NOUSE*,*NOUSE*,0,0,0,0,0,0,0,0
363,363,AIAR,,68,1377,96,227.00,83.77,47.36,2668,223502
364,364,ILsoVR,,69,1650,105,184.00,53.47,36.47,4325,231259
365,365,*NOUSE*,*NOUSE*,0,0,0,0,0,0,0,0
366,366,*NOUSE*,*NOUSE*,0,0,0,0,0,0,0,0
367,367,pm6D,,69,1289,48,180.00,63.28,36.54,3624,229309
368,368,I4,,70,1309,49,228.00,77.64,48.03,3058,237414
369,369,*NOUSE*,*NOUSE*,0,0,0,0,0,0,0,0
370,370,virR,,71,381,72,150.00,44.79,25.97,3771,168902
371,371,*NOUSE*,*NOUSE*,0,0,0,0,0,0,0,0
372,372,*NOUSE*,*NOUSE*,0,0,0,0,0,0,0,0
373,373,*NOUSE*,*NOUSE*,0,0,0,0,0,0,0,0
374,374,inVR1,,73,1169,97,135.00,38.22,23.98,7100,271341
375,375,AIMR,,69,1332,100,228.00,87.08,47.75,2743,238854
376,376,ILsHVR,,71,1620,107,181.00,55.10,38.60,3269,180123
377,377,*NOUSE*,*NOUSE*,0,0,0,0,0,0,0,0
378,378,hyp6D2,,70,1621,43,170.00,57.24,31.56,2763,158155
379,379,*NOUSE*,*NOUSE*,0,0,0,0,0,0,0,0
380,380,*NOUSE*,*NOUSE*,0,0,0,0,0,0,0,0
381,381,I3,,71,1524,54,208.00,63.59,39.58,3600,228909
382,382,*NOUSE*,*NOUSE*,0,0,0,0,0,0,0,0
383,383,e3D,,72,1579,56,153.00,44.44,28.50,5350,237728
384,384,*NOUSE*,*NOUSE*,0,0,0,0,0,0,0,0
385,385,Z1,,73,835,99,200.00,46.52,34.39,5460,254015
386,386,VR16,,72,764,102,205.00,53.23,38.46,5282,281168
387,387,PM4VR,,71,1542,98,163.00,51.03,28.35,3443,175687
388,388,*NOUSE*,*NOUSE*,0,0,0,0,0,0,0,0
389,389,*NOUSE*,*NOUSE*,0,0,0,0,0,0,0,0
390,390,*NOUSE*,*NOUSE*,0,0,0,0,0,0,0,0
391,391,*NOUSE*,*NOUSE*,0,0,0,0,0,0,0,0
392,392,*NOUSE*,*NOUSE*,0,0,0,0,0,0,0,0
393,393,*NOUSE*,*NOUSE*,0,0,0,0,0,0,0,0
394,394,*NOUSE*,*NOUSE*,0,0,0,0,0,0,0,0
395,395,*NOUSE*,*NOUSE*,0,0,0,0,0,0,0,0
396,396,*NOUSE*,*NOUSE*,0,0,0,0,0,0,0,0
397,397,DR18,,73,638,52,180.00,52.37,39.75,5012,262486
398,398,*NOUSE*,*NOUSE*,0,0,0,0,0,0,0,0
399,399,*NOUSE*,*NOUSE*,0,0,0,0,0,0,0,0
400,400,*NOUSE*,*NOUSE*,0,0,0,0,0,0,0,0
401,401,*NOUSE*,*NOUSE*,0,0,0,0,0,0,0,0
402,402,*NOUSE*,*NOUSE*,0,0,0,0,0,0,0,0
403,403,*NOUSE*,*NOUSE*,0,0,0,0,0,0,0,0
404,404,VR15,,73,862,104,201.00,61.67,44.39,4371,269543
405,405,VR12,,73,1051,107,212.00,59.71,44.88,4799,286551
406,406,*NOUSE*,*NOUSE*,0,0,0,0,0,0,0,0
407,407,*NOUSE*,*NOUSE*,0,0,0,0,0,0,0,0
408,408,*NOUSE*,*NOUSE*,0,0,0,0,0,0,0,0
409,409,*NOUSE*,*NOUSE*,0,0,0,0,0,0,0,0
410,410,*NOUSE*,*NOUSE*,0,0,0,0,0,0,0,0
411,411,*NOUSE*,*NOUSE*,0,0,0,0,0,0,0,0
412,412,DR19,,74,539,53,159.00,43.12,33.23,5536,238704
413,413,DR20,,73,472,58,141.00,44.43,29.95,5808,258048
414,414,M3R,,74,1497,85,224.00,72.71,46.49,3383,245982
415,415,pm2VR1,,74,1688,87,159.00,40.96,32.14,3571,146284
416,416,*NOUSE*,*NOUSE*,0,0,0,0,0,0,0,0
417,417,*NOUSE*,*NOUSE*,0,0,0,0,0,0,0,0
418,418,*NOUSE*,*NOUSE*,0,0,0,0,0,0,0,0
419,419,VR18,,73,579,101,160.00,41.38,29.98,5430,224702
420,420,*NOUSE*,*NOUSE*,0,0,0,0,0,0,0,0
421,421,*NOUSE*,*NOUSE*,0,0,0,0,0,0,0,0
422,422,g1p,,76,1246,58,165.00,49.69,35.74,5318,264226
423,423,*NOUSE*,*NOUSE*,0,0,0,0,0,0,0,0
424,424,ALNR,,72,289,64,153.00,53.11,32.65,2822,149876
425,425,*NOUSE*,*NOUSE*,0,0,0,0,0,0,0,0
426,426,pm2VR2,,75,1669,87,223.00,52.92,40.90,4666,246909
427,427,*NOUSE*,*NOUSE*,0,0,0,0,0,0,0,0
428,428,*NOUSE*,*NOUSE*,0,0,0,0,0,0,0,0
429,429,CCRP,,74,1092,106,247.00,65.29,52.06,3586,234137
430,430,*NOUSE*,*NOUSE*,0,0,0,0,0,0,0,0
431,431,*NOUSE*,*NOUSE*,0,0,0,0,0,0,0,0
432,432,*NOUSE*,*NOUSE*,0,0,0,0,0,0,0,0
433,433,DR16,,76,792,50,203.00,55.69,42.74,5487,305575
434,434,DR17,,76,710,52,171.00,46.85,35.62,6298,295090
435,435,*NOUSE*,*NOUSE*,0,0,0,0,0,0,0,0
436,436,*NOUSE*,*NOUSE*,0,0,0,0,0,0,0,0
437,437,VR9,,74,1245,110,189.00,54.34,36.71,4329,235255
438,438,*NOUSE*,*NOUSE*,0,0,0,0,0,0,0,0
439,439,*NOUSE*,*NOUSE*,0,0,0,0,0,0,0,0
440,440,DR15,,77,884,48,217.00,57.07,45.57,5317,303431
441,441,ASIR,,77,1345,54,182.00,72.08,36.92,3196,230370
442,442,mc2DR,,74,1336,66,202.00,69.92,36.25,3466,242353
443,443,*NOUSE*,*NOUSE*,0,0,0,0,0,0,0,0
444,444,I1R,,77,1577,88,169.00,54.68,34.68,4213,230385
445,445,AVKR,,75,1311,104,199.00,75.59,42.98,2857,215947
446,446,CCRA,,77,1125,104,209.00,71.57,51.96,3407,243838
447,447,*NOUSE*,*NOUSE*,0,0,0,0,0,0,0,0
448,448,*NOUSE*,*NOUSE*,0,0,0,0,0,0,0,0
449,449,DR11,,78,1130,43,218.00,60.21,45.95,4934,297067
450,450,ADLR,,77,1361,48,198.00,64.01,35.39,4149,265597
451,451,*NOUSE*,*NOUSE*,0,0,0,0,0,0,0,0
452,452,*NOUSE*,*NOUSE*,0,0,0,0,0,0,0,0
453,453,PM5R,,77,1319,73,211.00,77.06,42.37,3259,251129
454,454,LUAR,,78,312,74,179.00,52.80,34.86,3561,188015
455,455,GLRVR,,74,1430,91,210.00,84.30,46.41,2662,224397
456,456,GLRR,,78,1423,84,218.00,92.73,47.89,2561,237485
457,457,g2R,,76,1249,91,222.00,72.06,49.05,3394,244558
458,458,NSMR,,77,1526,89,186.00,62.15,40.20,3223,200316
459,459,VR14,,77,938,104,194.00,53.03,39.11,4876,258597
460,460,*NOUSE*,*NOUSE*,0,0,0,0,0,0,0,0
461,461,inDR1,,79,1176,56,137.00,40.98,26.72,6505,266591
462,462,*NOUSE*,*NOUSE*,0,0,0,0,0,0,0,0
463,463,M,,77,633,76,93.00,27.72,16.06,7548,209205
464,464,repVR,,79,372,75,149.00,43.25,28.47,3705,160257
465,465,*NOUSE*,*NOUSE*,0,0,0,0,0,0,0,0
466,466,*NOUSE*,*NOUSE*,0,0,0,0,0,0,0,0
467,467,*NOUSE*,*NOUSE*,0,0,0,0,0,0,0,0
468,468,*NOUSE*,*NOUSE*,0,0,0,0,0,0,0,0
469,469,*NOUSE*,*NOUSE*,0,0,0,0,0,0,0,0
470,470,DA9,,76,366,89,160.00,49.43,30.95,3099,153172
471,471,imR,,77,423,92,117.00,32.11,19.15,4364,140114
472,472,OLQVR,,79,1472,92,218.00,80.19,43.72,2964,237689
473,473,HSNR,,80,778,94,239.00,61.52,49.96,3225,198407
474,474,AIYR,,77,1341,100,209.00,76.13,43.35,2577,196189
475,475,RIS,,78,1325,103,185.00,71.60,37.83,2724,195046
476,476,VR8,,79,1273,108,168.00,53.03,35.77,4776,253286
477,477,*NOUSE*,*NOUSE*,0,0,0,0,0,0,0,0
478,478,*NOUSE*,*NOUSE*,0,0,0,0,0,0,0,0
479,479,DR9,,79,1246,39,213.00,57.45,42.40,4881,280392
480,480,DR12,,80,1057,49,233.00,63.84,49.00,5025,320779
481,481,IL2DR,,79,1510,48,170.00,56.65,33.61,4028,228174
482,482,*NOUSE*,*NOUSE*,0,0,0,0,0,0,0,0
483,483,*NOUSE*,*NOUSE*,0,0,0,0,0,0,0,0
484,484,AVL,,78,1382,90,203.00,84.78,39.09,2345,198807
485,485,V5R,,80,594,88,160.00,41.11,27.80,8533,350806
486,486,EXC GL R,,79,1293,103,184.00,60.25,39.61,3623,218303
487,487,*NOUSE*,*NOUSE*,0,0,0,0,0,0,0,0
488,488,*NOUSE*,*NOUSE*,0,0,0,0,0,0,0,0
489,489,URXR,,77,1404,48,187.00,73.52,39.96,3199,235191
490,490,ASKR,,79,1380,47,176.00,60.86,35.74,4045,246197
491,491,*NOUSE*,*NOUSE*,0,0,0,0,0,0,0,0
492,492,*NOUSE*,*NOUSE*,0,0,0,0,0,0,0,0
493,493,PVQR,,80,344,78,146.00,43.73,26.92,3456,151139
494,494,*NOUSE*,*NOUSE*,0,0,0,0,0,0,0,0
495,495,*NOUSE*,*NOUSE*,0,0,0,0,0,0,0,0
496,496,*NOUSE*,*NOUSE*,0,0,0,0,0,0,0,0
497,497,CEPsOVR,,78,1497,101,187.00,69.53,35.73,2591,180149
498,498,*NOUSE*,*NOUSE*,0,0,0,0,0,0,0,0
499,499,*NOUSE*,*NOUSE*,0,0,0,0,0,0,0,0
500,500,DR3,,83,1578,50,163.00,51.87,31.65,4809,249440
501,501,DR14,,82,942,49,225.00,57.22,43.93,5242,299961
502,502,vpi2DR,,80,1231,73,225.00,67.79,49.51,3517,238405
503,503,M2R,,80,1308,82,245.00,95.85,53.25,2503,239911
504,504,*NOUSE*,*NOUSE*,0,0,0,0,0,0,0,0
505,505,pm7VR,,81,1265,85,178.00,57.64,37.26,3563,205382
506,506,V4R,,81,714,93,134.00,38.35,24.27,7322,280794
507,507,URYVR,,82,1484,94,171.00,75.75,39.74,2452,185750
508,508,*NOUSE*,*NOUSE*,0,0,0,0,0,0,0,0
509,509,*NOUSE*,*NOUSE*,0,0,0,0,0,0,0,0
510,510,M1,,81,1289,53,222.00,71.21,49.37,3570,254230
511,511,*NOUSE*,*NOUSE*,0,0,0,0,0,0,0,0
512,512,*NOUSE*,*NOUSE*,0,0,0,0,0,0,0,0
513,513,*NOUSE*,*NOUSE*,0,0,0,0,0,0,0,0
514,514,RIMR,,82,1347,85,209.00,76.05,40.91,3042,231339
515,515,*NOUSE*,*NOUSE*,0,0,0,0,0,0,0,0
516,516,V2R,,83,1005,93,142.00,38.23,24.85,6417,245337
517,517,*NOUSE*,*NOUSE*,0,0,0,0,0,0,0,0
518,518,*NOUSE*,*NOUSE*,0,0,0,0,0,0,0,0
519,519,P1/2R,,82,1069,99,198.00,45.52,34.31,4562,207640
520,520,*NOUSE*,*NOUSE*,0,0,0,0,0,0,0,0
521,521,*NOUSE*,*NOUSE*,0,0,0,0,0,0,0,0
522,522,mc3DR,,84,1265,65,192.00,63.34,41.78,4205,266333
523,523,*NOUSE*,*NOUSE*,0,0,0,0,0,0,0,0
524,524,*NOUSE*,*NOUSE*,0,0,0,0,0,0,0,0
525,525,*NOUSE*,*NOUSE*,0,0,0,0,0,0,0,0
526,526,OLLR,,83,1494,69,192.00,80.14,39.80,2390,191524
527,527,AVER,,82,1411,76,212.00,80.95,42.35,2750,222616
528,528,CANR,,82,848,77,226.00,62.92,48.17,3586,225649
529,529,*NOUSE*,*NOUSE*,0,0,0,0,0,0,0,0
530,530,AIBR,,82,1389,78,202.00,79.90,41.62,2832,226288
531,531,*NOUSE*,*NOUSE*,0,0,0,0,0,0,0,0
532,532,*NOUSE*,*NOUSE*,0,0,0,0,0,0,0,0
533,533,*NOUSE*,*NOUSE*,0,0,0,0,0,0,0,0
534,534,XXXR,,84,1505,92,220.00,78.15,45.60,2368,185067
535,535,*NOUSE*,*NOUSE*,0,0,0,0,0,0,0,0
536,536,*NOUSE*,*NOUSE*,0,0,0,0,0,0,0,0
537,537,VR1,,83,1641,98,122.00,40.90,20.39,4402,180044
538,538,VR2,,81,1604,104,135.00,42.13,22.88,3718,156631
539,539,VR6,,83,1432,104,163.00,53.68,30.12,3735,200506
540,540,DR8,,84,1282,42,173.00,48.15,35.33,5878,283045
541,541,DR10,,85,1226,50,201.00,60.64,44.22,5024,304663
542,542,*NOUSE*,*NOUSE*,0,0,0,0,0,0,0,0
543,543,g1AR,,83,1302,63,201.00,61.92,38.48,3630,224770
544,544,*NOUSE*,*NOUSE*,0,0,0,0,0,0,0,0
545,545,DR4,,86,1530,57,190.00,57.51,34.39,5231,300827
546,546,*NOUSE*,*NOUSE*,0,0,0,0,0,0,0,0
547,547,*NOUSE*,*NOUSE*,0,0,0,0,0,0,0,0
548,548,hyp5R,,83,1691,78,116.00,34.69,20.62,5057,175444
549,549,BDUR,,84,1154,87,244.00,69.53,56.03,3188,221671
550,550,*NOUSE*,*NOUSE*,0,0,0,0,0,0,0,0
551,551,VR4,,83,1518,104,138.00,47.75,26.78,4116,196546
552,552,ALMR,,84,909,59,216.00,61.94,47.96,3813,236172
553,553,ADFR,,84,1385,62,189.00,73.04,39.68,2800,204503
554,554,*NOUSE*,*NOUSE*,0,0,0,0,0,0,0,0
555,555,ADEshR,,87,1256,92,208.00,68.49,49.06,3255,222932
556,556,*NOUSE*,*NOUSE*,0,0,0,0,0,0,0,0
557,557,*NOUSE*,*NOUSE*,0,0,0,0,0,0,0,0
558,558,*NOUSE*,*NOUSE*,0,0,0,0,0,0,0,0
559,559,*NOUSE*,*NOUSE*,0,0,0,0,0,0,0,0
560,560,URYDR,,85,1477,60,202.00,79.88,46.08,2592,207057
561,561,DR1,,84,1651,61,121.00,38.78,20.64,5376,208506
562,562,*NOUSE*,*NOUSE*,0,0,0,0,0,0,0,0
563,563,*NOUSE*,*NOUSE*,0,0,0,0,0,0,0,0
564,564,*NOUSE*,*NOUSE*,0,0,0,0,0,0,0,0
565,565,*NOUSE*,*NOUSE*,0,0,0,0,0,0,0,0
566,566,V1R,,86,1136,83,142.00,41.40,27.87,5131,212436
567,567,*NOUSE*,*NOUSE*,0,0,0,0,0,0,0,0
568,568,P3/4R,,85,949,96,168.00,46.33,33.38,4872,225730
569,569,OLQsOVR,,85,1577,97,153.00,55.70,34.08,3244,180706
570,570,*NOUSE*,*NOUSE*,0,0,0,0,0,0,0,0
571,571,*NOUSE*,*NOUSE*,0,0,0,0,0,0,0,0
572,572,*NOUSE*,*NOUSE*,0,0,0,0,0,0,0,0
573,573,ARCpDR,,87,1592,65,182.00,49.37,33.76,4144,204590
574,574,hyp7RC2,,87,913,75,137.00,35.64,23.26,6632,236383
575,575,*NOUSE*,*NOUSE*,0,0,0,0,0,0,0,0
576,576,*NOUSE*,*NOUSE*,0,0,0,0,0,0,0,0
577,577,*NOUSE*,*NOUSE*,0,0,0,0,0,0,0,0
578,578,*NOUSE*,*NOUSE*,0,0,0,0,0,0,0,0
579,579,*NOUSE*,*NOUSE*,0,0,0,0,0,0,0,0
580,580,*NOUSE*,*NOUSE*,0,0,0,0,0,0,0,0
581,581,*NOUSE*,*NOUSE*,0,0,0,0,0,0,0,0
582,582,ASGR,,87,1354,57,230.00,83.22,47.88,2718,226185
583,583,*NOUSE*,*NOUSE*,0,0,0,0,0,0,0,0
584,584,hyp1R,,89,1569,64,209.00,61.29,41.37,3398,208268
585,585,AMsOR,,88,1615,69,180.00,48.82,33.16,4143,202277
586,586,ARCaDR,,87,1643,74,166.00,46.99,32.52,4036,189668
587,587,*NOUSE*,*NOUSE*,0,0,0,0,0,0,0,0
588,588,RMGR,,89,1274,96,189.00,55.07,39.40,3524,194078
589,589,*NOUSE*,*NOUSE*,0,0,0,0,0,0,0,0
590,590,*NOUSE*,*NOUSE*,0,0,0,0,0,0,0,0
591,591,hyp7ABR3,,89,1232,90,136.00,34.25,19.61,5967,204343
592,592,*NOUSE*,*NOUSE*,0,0,0,0,0,0,0,0
593,593,*NOUSE*,*NOUSE*,0,0,0,0,0,0,0,0
594,594,*NOUSE*,*NOUSE*,0,0,0,0,0,0,0,0
595,595,IL2R,,90,1506,80,182.00,57.17,38.14,3329,190303
596,596,BAGR,,89,1470,87,187.00,62.54,39.46,2786,174242
597,597,*NOUSE*,*NOUSE*,0,0,0,0,0,0,0,0
598,598,RMDR,,87,1428,89,199.00,71.10,42.73,2761,196301
599,599,ILsHR,,89,1560,92,192.00,58.11,38.94,3235,187988
600,600,AUAR,,89,1382,94,202.00,72.76,44.56,2626,191072
601,601,*NOUSE*,*NOUSE*,0,0,0,0,0,0,0,0
602,602,ASHR,,91,1378,76,206.00,56.12,35.92,3512,197106
603,603,AVAR,,91,1421,74,198.00,64.60,42.73,3191,206142
604,604,AWCR,,90,1396,88,168.00,56.94,34.87,3246,184814
605,605,*NOUSE*,*NOUSE*,0,0,0,0,0,0,0,0
606,606,RMDVR,,91,1440,74,177.00,55.69,38.10,3545,197428
607,607,*NOUSE*,*NOUSE*,0,0,0,0,0,0,0,0
608,608,*NOUSE*,*NOUSE*,0,0,0,0,0,0,0,0
609,609,H0R,,92,1581,76,153.00,41.55,24.70,4525,187999
610,610,*NOUSE*,*NOUSE*,0,0,0,0,0,0,0,0
611,611,*NOUSE*,*NOUSE*,0,0,0,0,0,0,0,0
612,612,*NOUSE*,*NOUSE*,0,0,0,0,0,0,0,0
613,613,H2R,,93,1313,81,127.00,45.17,24.16,3494,157821
614,614,*NOUSE*,*NOUSE*,0,0,0,0,0,0,0,0
615,615,ADAR,*MANUAL*,89,1299,96,198.00,114.78,33.72,895,102732
616,616,ADER,*MANUAL*,86,1312,91,195.00,99.49,31.44,895,89043
617,617,FLPR,*MANUAL*,89,1324,95,218.00,125.90,33.97,895,112678
618,618,RICR,*MANUAL*,89,1339,95,216.00,117.19,37.78,895,104887
619,619,ASJR,*MANUAL*,87,1364,93,168.00,80.57,27.45,1365,109975
620,620,ASER,*MANUAL*$610$611$607,91,1356,75,161.00,57.90,32.92,3422,198146
621,621,AVDR,*MANUAL*,89,1335,80,229.00,129.89,32.99,879,114171
622,622,AINR,*MANUAL*,89,1320,70,216.00,123.88,36.67,889,110128
623,623,AVJR,*MANUAL*,91,1330,66,232.00,122.72,46.74,892,109469
624,624,AVHR,*MANUAL*,90,1338,58,233.00,144.01,34.85,895,128889
625,625,SIBDR,*MANUAL*,86,1413,89,218.00,122.40,32.64,889,108818
626,626,AWBR,*MANUAL*,90,1371,59,233.00,125.35,35.00,861,107930
627,627,AWAR,*MANUAL*,83,1369,66,200.00,122.11,29.76,895,109286
628,628,AIZR,*MANUAL*,82,1331,87,217.00,138.33,34.42,895,123809
629,629,RIBR,*MANUAL*,82,1364,81,231.00,122.24,34.71,895,109401
630,630,SMDVR,*MANUAL*,87,1415,57,217.00,114.13,36.56,895,102148
631,631,AFDR,*MANUAL*,89,1400,68,187.00,88.68,32.05,1307,115906
632,632,RIAR,*MANUAL*,82,1402,60,206.00,122.99,30.45,887,109089
633,633,SAAVR,*MANUAL*,82,1424,65,202.00,117.92,33.26,895,105538
634,634,CEPDR,*MANUAL*,81,1422,47,224.00,126.72,33.85,861,109106
635,635,GLRDR,*MANUAL*,77,1428,54,238.00,139.24,38.51,895,124623
636,636,AVBR,*MANUAL*,83,1342,69,236.00,138.94,33.85,895,124354
637,637,RIVR,*MANUAL*,85,1327,56,235.00,150.09,34.49,891,133727
638,638,ALA,*MANUAL*,70,1423,41,219.00,115.53,23.77,895,103400
639,639,RID,*MANUAL*$365$392,71,1445,39,182.00,52.18,34.29,4351,227020
640,640,RMGL,*MANUAL*,42,1268,83,141.00,80.57,20.17,895,72112
641,641,FLPL,*MANUAL*,41,1316,82,162.00,88.51,24.97,895,79216
642,642,RICL,*MANUAL*,41,1336,82,182.00,89.51,26.13,880,78765
643,643,AVJL,*MANUAL*,47,1326,53,222.00,117.33,26.74,857,100555
644,644,ASHL,*MANUAL*,44,1375,62,140.00,66.28,23.20,1365,90478
645,645,ASEL,*MANUAL*,44,1353,59,161.00,69.88,23.60,1365,95381
646,646,*NOUSE*,*NOUSE*,0,0,0,0,0,0,0,0
647,647,AFDL,*MANUAL*$646$94,49,1391,56,176.00,78.74,31.54,1436,113067
648,648,AVHL,*MANUAL*,48,1331,44,193.00,111.88,31.37,885,99016
649,649,ASGL,*MANUAL*,52,1350,48,185.00,107.54,25.95,889,95600
650,650,ADFL,*MANUAL*,55,1378,52,188.00,101.38,23.43,870,88204
651,651,AWAL,*MANUAL*,55,1366,59,180.00,99.37,26.34,895,88937
652,652,AIZL,*MANUAL*,49,1322,73,189.00,106.64,23.97,895,95441
653,653,RIML,*MANUAL*,49,1340,76,201.00,101.68,25.41,895,91001
654,654,RIBL,*MANUAL*,53,1355,69,203.00,100.41,27.53,893,89662
655,655,AIBL,*MANUAL*,53,1386,70,175.00,92.23,24.70,895,82545
656,656,RIAL,*MANUAL*,57,1398,52,202.00,102.97,27.91,895,92162
657,657,SAAVL,*MANUAL*,57,1422,57,222.00,116.12,27.46,832,96609
658,658,CEPDL,*MANUAL*,59,1419,41,211.00,114.34,36.66,895,102337
659,659,GLRDL,*MANUAL*,63,1428,53,230.00,130.10,32.80,895,116439
660,660,GLRL,*MANUAL*,58,1422,79,203.00,114.23,35.43,895,102239
661,661,RIVL,*MANUAL*,54,1322,46,219.00,130.77,28.43,895,117035
662,662,ASIL,*MANUAL*,59,1340,48,205.00,104.17,25.94,1365,142198
663,663,ASKL,*MANUAL*,63,1379,44,193.00,102.58,27.78,1365,140028
664,664,URXL,*MANUAL*,64,1405,44,208.00,116.33,25.66,895,104111
665,665,DA1,*MANUAL*,62,1236,111,180.00,107.86,26.58,895,96534
666,666,*NOUSE*,*NOUSE*,0,0,0,0,0,0,0,0
667,667,DB1,*MANUAL*$666$295,63,1269,116,175.00,62.52,37.58,1847,115475
668,668,DD1,*MANUAL*,59,1274,108,198.00,115.17,24.30,895,103075
669,669,SABD,*MANUAL*,66,1290,109,187.00,115.30,24.80,853,98349
670,670,RIGL,*MANUAL*,57,1292,106,179.00,119.14,22.53,885,105440
671,671,AVG,*MANUAL*,60,1299,115,177.00,97.25,27.27,895,87043
672,672,RIFR,*MANUAL*,66,1307,108,225.00,124.04,27.68,745,92407
673,673,RIFL,*MANUAL*,58,1310,107,230.00,137.75,26.97,895,123285
674,674,SMBDL,*MANUAL*,53,1391,99,191.00,112.32,28.21,889,99854
675,675,SMDDL,*MANUAL*,52,1405,98,191.00,102.51,26.21,889,91127
676,676,RMDDL,*MANUAL*,52,1417,91,218.00,120.48,29.10,631,76023
677,677,SAADL,*MANUAL*,57,1414,94,224.00,138.58,25.21,699,96869
678,678,RIH,*MANUAL*,64,1414,94,220.00,143.43,26.19,797,114314
679,679,SMBVL,*MANUAL*,60,1398,94,216.00,122.97,27.20,885,108828
680,680,AIAL,*MANUAL*,60,1383,90,207.00,124.71,26.63,871,108620
681,681,SIADL,*MANUAL*,51,1386,86,203.00,119.63,25.45,895,107072
682,682,SMBDR,*MANUAL*,75,1385,104,209.00,113.42,29.08,895,101511
683,683,SMDDR,*MANUAL*,78,1398,104,219.00,127.44,28.40,821,104627
684,684,RMDDR,*MANUAL*,78,1416,103,216.00,116.51,38.18,769,89596
685,685,SAADR,*MANUAL*,73,1414,97,235.00,160.96,25.59,895,144056
686,686,SMBVR,*MANUAL*,70,1397,100,217.00,131.58,28.35,895,117768
687,687,SIAVR,*MANUAL*,74,1365,98,216.00,120.95,32.09,893,108008
688,688,SIADR,*MANUAL*,81,1374,100,236.00,129.93,33.33,895,116291
689,689,RIR,*MANUAL*,72,1398,88,214.00,128.42,36.65,880,113013
690,690,SIBVR,*MANUAL*,80,1404,92,228.00,132.75,30.29,895,118814
691,691,H1R,*MANUAL*$614$594$612,91,1451,90,151.00,44.79,24.04,4014,179771
692,692,URBR,*MANUAL*,90,1485,78,217.00,116.35,36.27,865,100641
693,693,IL1R,*MANUAL*,84,1493,83,224.00,130.60,31.44,895,116888
694,694,CEPshVR,*MANUAL*,81,1458,99,215.00,95.03,38.63,875,83153
695,695,URAVR,*MANUAL*,73,1477,104,223.00,134.48,29.48,758,101934
696,696,CEPVR,*MANUAL*,72,1460,104,233.00,127.29,28.07,895,113926
697,697,IL1VR,*MANUAL*,66,1472,101,212.00,130.07,29.04,895,116412
698,698,IL2VR,*MANUAL*,70,1503,107,200.00,102.09,28.88,759,77490
699,699,OLQsHVR,*MANUAL*,87,1518,90,183.00,106.63,32.95,895,95431
700,700,OLLshR,*MANUAL*,91,1529,85,198.00,105.68,37.09,895,94580
701,701,ILsOR,*MANUAL*,88,1598,89,198.00,97.77,31.22,895,87503
702,702,ARCpVR,*MANUAL*,88,1623,87,172.00,82.70,32.04,895,74017
703,703,ILshDR,*MANUAL*,91,1546,69,199.00,99.78,34.97,895,89304
704,704,OLQshDR,*MANUAL*,92,1531,72,192.00,101.92,34.64,895,91217
705,705,OLLsoR,*MANUAL*,88,1517,67,205.00,103.37,44.69,895,92514
706,706,CEPsoDR,*MANUAL*,86,1504,61,217.00,108.57,42.56,895,97168
707,707,RMER,*MANUAL*,86,1462,77,212.00,101.69,33.28,895,91016
708,708,RIPR,*MANUAL*,82,1479,75,190.00,122.21,26.49,895,109375
709,709,CEPshDR,*MANUAL*,86,1459,61,213.00,98.77,35.46,895,88396
710,710,URADR,*MANUAL*,82,1494,57,217.00,137.93,31.15,847,116823
711,711,IL1DR,*MANUAL*,76,1487,54,216.00,142.95,30.15,895,127936
712,712,OLQDR,*MANUAL*,77,1472,50,227.00,149.38,25.46,611,91272
713,713,RMED,*MANUAL*,70,1467,47,237.00,140.69,40.63,891,125352
714,714,H0L,*MANUAL*$46$45,45,1584,66,109.00,34.87,18.03,4347,151587
715,715,URBL,*MANUAL*,46,1490,67,157.00,99.42,21.64,892,88685
716,716,IL1L,*MANUAL*,50,1495,77,160.00,90.04,30.92,877,78969
717,717,BAGL,*MANUAL*,47,1471,77,139.00,73.11,20.99,1344,98262
718,718,OLQVL,*MANUAL*,54,1472,86,149.00,92.31,21.43,895,82615
719,719,URAVL,*MANUAL*,57,1480,99,195.00,126.35,25.34,889,112322
720,720,CEPVL,*MANUAL*,58,1460,102,178.00,102.25,22.40,895,91518
721,721,IL1VL,*MANUAL*,65,1490,101,226.00,116.84,26.34,895,104568
722,722,OLLshL,*MANUAL*,44,1539,74,157.00,82.66,21.50,889,73487
723,723,ILshL,*MANUAL*,46,1566,79,154.00,81.76,23.68,895,73171
724,724,OLQsoVL,*MANUAL*,49,1580,85,145.00,86.40,24.50,892,77067
725,725,ARCpVL,*MANUAL*,49,1612,80,162.00,85.48,28.06,831,71031
726,726,OLQshDL,*MANUAL*,44,1529,58,176.00,84.80,27.42,871,73862
727,727,OLLsoL,*MANUAL*,50,1521,55,181.00,110.09,25.12,895,98528
728,728,RIPL,*MANUAL*,54,1480,66,140.00,90.24,19.35,895,80766
729,729,OLLL,*MANUAL*,54,1496,61,185.00,102.09,24.01,885,90346
730,730,CEPshDL,*MANUAL*$157$160,54,1459,51,177.00,52.63,33.17,3858,203043
731,731,URYDL,*MANUAL*,54,1477,50,226.00,116.88,29.90,895,104604
732,732,URADL,*MANUAL*,57,1493,51,218.00,133.17,26.76,778,103608
733,733,IL1DL,*MANUAL*,65,1491,51,230.00,144.86,24.45,895,129654
734,734,OLQDL,*MANUAL*,65,1477,49,220.00,131.12,26.71,895,117353
735,735,hyp4D,*MANUAL*$315$328,65,1783,55,117.00,32.15,19.65,4909,157809
736,736,ARCpD,*MANUAL*,73,1675,47,176.00,99.07,32.90,889,88077
737,737,ILsoDR,*MANUAL*,76,1638,47,213.00,101.96,39.47,895,91254
738,738,OLQsoDR,*MANUAL*,77,1612,47,191.00,105.32,37.36,895,94264
739,739,ILsoDL,*MANUAL*,63,1670,47,178.00,104.67,31.05,832,87089
740,740,OLQsoDL,*MANUAL*,65,1644,46,194.00,107.07,35.61,895,95830
741,741,hyp7D2,*MANUAL*$407$408$406,71,1390,33,130.00,44.34,21.82,3701,164096
742,742,hyp7D1,*MANUAL*$393$394,71,1495,39,112.00,46.39,20.80,3110,144263
743,743,hyp6D4,*MANUAL*$366$379,71,1538,39,181.00,46.20,28.78,4169,192597
744,744,hyp6D3,*MANUAL*$431$396,73,1565,41,178.00,50.02,30.49,4010,200578
745,745,*NOUSE*,*NOUSE*,0,0,0,0,0,0,0,0
746,746,hyp6D1,*MANUAL*$745$409,69,1662,43,154.00,59.07,31.64,1544,91205
747,747,hyp4V1,*MANUAL*$307$309$322,63,1785,91,152.00,36.92,25.09,4574,168858
748,748,ARCaV,*MANUAL*,61,1727,97,150.00,90.86,27.23,895,81322
749,749,hyp2V,*MANUAL*,66,1711,99,159.00,76.06,26.94,895,68075
750,750,ARCpV,*MANUAL*,59,1690,98,190.00,91.12,34.77,885,80640
751,751,hyp1V,*MANUAL*,67,1683,101,170.00,99.21,27.48,895,88789
752,752,hyp7V2,*MANUAL*$294$313,64,1462,116,145.00,42.00,21.81,2020,84846
753,753,*NOUSE*,*NOUSE*,0,0,0,0,0,0,0,0
754,754,*NOUSE*,*NOUSE*,0,0,0,0,0,0,0,0
755,755,hyp6V2,*MANUAL*$327$348,65,1584,107,124.00,42.22,22.55,4541,191708
756,756,*NOUSE*,*NOUSE*,0,0,0,0,0,0,0,0
757,757,hyp6V1,*MANUAL*$756$335,65,1672,108,168.00,44.50,25.73,1351,60123
758,758,pm8,*MANUAL*$306$268,66,1240,86,220.00,65.31,41.36,3467,226430
759,759,M5,*MANUAL*,55,1258,52,202.00,122.29,28.41,895,109450
760,760,pm7VL,*MANUAL*,53,1264,80,140.00,82.24,20.12,895,73608
761,761,mc3DL,*MANUAL*,51,1265,62,149.00,80.00,24.62,895,71601
762,762,pm6VR,*MANUAL*$496$495,79,1285,85,181.00,51.12,34.91,4538,231989
763,763,I5,*MANUAL*$342$334,66,1297,94,179.00,65.30,36.62,3224,210518
764,764,PM5VR,*MANUAL*,72,1314,87,208.00,121.95,27.42,713,86952
765,765,PM5DR,*MANUAL*,76,1320,57,201.00,117.40,26.40,895,105069
766,766,PM5DL,*MANUAL*,64,1318,54,209.00,106.75,24.78,895,95544
767,767,PM5VL,*MANUAL*,64,1312,87,213.00,129.47,28.47,895,115875
768,768,M3L,*MANUAL*,58,1502,79,186.00,94.75,35.63,1365,129330
769,769,MI,*MANUAL*,72,1541,52,211.00,128.76,25.64,769,99020
770,770,PM4DR,*MANUAL*,79,1541,57,216.00,94.12,32.46,895,84234
771,771,PM4DL,*MANUAL*,64,1540,53,195.00,86.22,30.89,895,77170
772,772,PM4L,*MANUAL*,53,1542,68,154.00,82.13,23.42,895,73509
773,773,PM4R,*MANUAL*,83,1537,78,192.00,99.63,23.82,895,89167
774,774,I2L,*MANUAL*,52,1553,82,191.00,105.57,26.37,699,73796
775,775,MCL,*MANUAL*,60,1553,81,201.00,117.75,36.39,895,105383
776,776,MCR,*MANUAL*,75,1549,85,210.00,102.29,35.37,803,82142
777,777,I2R,*MANUAL*,80,1545,92,209.00,119.15,30.42,895,106640
778,778,pm1dr,*MANUAL*,78,1563,62,221.00,130.22,34.49,812,105739
779,779,pm1DL,*MANUAL*,72,1556,57,234.00,145.93,34.66,895,130606
780,780,pm1R,*MANUAL*,82,1562,82,227.00,113.91,43.93,895,101951
781,781,pm1VR,*MANUAL*,74,1563,95,227.00,103.49,42.95,895,92623
782,782,mc1DL,*MANUAL*$225$239,58,1559,61,132.00,53.23,23.37,1986,105710
783,783,mc1DR,*MANUAL*,82,1557,68,186.00,87.95,25.37,895,78713
784,784,I1L,*MANUAL*,59,1584,81,181.00,92.91,29.81,895,83152
785,785,PM3R,*MANUAL*$465$466,79,1602,80,160.00,43.17,25.70,4270,184320
786,786,PM3L,*MANUAL*$240$266,60,1601,73,134.00,43.23,23.92,3966,171445
787,787,*NOUSE*,*NOUSE*,0,0,0,0,0,0,0,0
788,788,PM3DR,*MANUAL*$787$452,75,1611,64,127.00,40.18,19.29,3985,160126
789,789,E3VL,*MANUAL*,58,1614,80,152.00,85.60,29.09,895,76609
790,790,E3VR,*MANUAL*,79,1611,90,147.00,61.42,25.32,895,54972
791,791,E1D,*MANUAL*,73,1633,57,167.00,94.39,25.12,713,67299
792,792,pm3dl,*MANUAL*,66,1633,59,164.00,59.25,28.16,895,53033
793,793,e1VL,*MANUAL*,56,1643,80,195.00,89.69,25.72,839,75252
794,794,e1VR,*MANUAL*,79,1639,87,193.00,91.65,34.71,705,64616
795,795,*NOUSE*,*NOUSE*,0,0,0,0,0,0,0,0
796,796,pm3VR,*MANUAL*$795$427,74,1648,88,159.00,49.50,28.15,3527,174596
797,797,*NOUSE*,*NOUSE*,0,0,0,0,0,0,0,0
798,798,pm3VL,*MANUAL*$797$321,62,1631,85,141.00,46.34,21.40,2403,111357
799,799,e2VL,*MANUAL*$189$190,55,1721,80,142.00,35.56,23.84,4674,166186
800,800,pm2D2,*MANUAL*,69,1659,58,177.00,82.14,28.50,895,73514
801,801,pm2D1,*MANUAL*,69,1680,58,150.00,75.22,29.01,895,67318
802,802,e2VR,*MANUAL*$371$400,71,1715,85,160.00,36.87,26.76,5357,197490
803,803,DR2,*MANUAL*$558$572,84,1623,55,166.00,53.96,30.47,3392,183037
804,804,*NOUSE*,*NOUSE*,0,0,0,0,0,0,0,0
805,805,DR5,*MANUAL*$804$542,83,1462,46,220.00,83.08,46.20,2661,221088
806,806,*NOUSE*,*NOUSE*,0,0,0,0,0,0,0,0
807,807,DR6,*MANUAL*$806$581,88,1444,53,205.00,66.43,38.23,2599,172660
808,808,DR7,*MANUAL*,81,1334,41,196.00,112.25,34.04,860,96534
809,809,DR13,*MANUAL*$421$432,76,1007,45,210.00,60.21,47.62,5175,311590
810,810,DR21,*MANUAL*,74,334,56,138.00,79.60,20.89,872,69415
811,811,DL15,*MANUAL*$201$203,58,837,45,203.00,55.69,42.56,5203,289760
812,812,DL14,*MANUAL*$154$156,56,891,46,211.00,56.62,44.41,5625,318499
813,813,DL13,*MANUAL*$213$223,60,964,43,201.00,54.82,42.74,6202,339993
814,814,DL12,*MANUAL*$120$121,55,1018,42,203.00,55.58,42.91,5711,317390
815,815,DL11,*MANUAL*$199$254,58,1090,38,195.00,57.09,44.33,5180,295706
816,816,DL10,*MANUAL*$196$197,58,1168,37,220.00,51.01,40.13,5573,284288
817,817,DL9,*MANUAL*$200$198,58,1229,39,183.00,54.85,39.73,5424,297510
818,818,DL7,*MANUAL*$261$278,62,1324,35,215.00,69.46,42.17,4820,334776
819,819,HMC,*MANUAL*,73,1328,41,232.00,136.28,24.51,895,121969
820,820,DL5,*MANUAL*$233$234,59,1464,38,159.00,52.05,32.62,5230,272212
821,821,DL4,*MANUAL*$140$138,54,1530,45,151.00,54.75,27.07,4111,225092
822,822,DL3,*MANUAL*$255$279,62,1578,43,160.00,50.83,29.37,4801,244051
823,823,*NOUSE*,*NOUSE*,0,0,0,0,0,0,0,0
824,824,VL1,*MANUAL*$823$100,49,1652,86,155.00,53.74,25.10,1790,96189
825,825,VL2,*MANUAL*$134$145,53,1628,95,128.00,40.06,21.10,5060,202689
826,826,VL3,*MANUAL*$167$147,54,1587,100,124.00,43.06,23.03,4484,193072
827,827,VL5,*MANUAL*,51,1472,104,146.00,76.23,21.15,895,68224
828,828,VL6,*MANUAL*$102$89,49,1427,96,163.00,51.02,28.27,4448,226946
829,829,VL7,*MANUAL*$170$150$151,52,1341,105,178.00,51.40,26.94,4398,226043
830,830,*NOUSE*,*NOUSE*,0,0,0,0,0,0,0,0
831,831,VL8,*MANUAL*$830$103,49,1285,100,152.00,52.28,28.52,2677,139955
832,832,VL9,*MANUAL*,52,1239,105,199.00,94.26,26.85,895,84366
833,833,VL11,*MANUAL*$137$152,55,1081,107,193.00,52.22,39.43,5055,263988
834,834,VL12,*MANUAL*$171$90,50,1009,99,185.00,45.39,35.35,5790,262786
835,835,*NOUSE*,*NOUSE*,0,0,0,0,0,0,0,0
836,836,VL14,*MANUAL*$835$119,53,912,99,216.00,57.43,39.91,3151,180968
837,837,*NOUSE*,*NOUSE*,0,0,0,0,0,0,0,0
838,838,VL18,*MANUAL*$837$195,56,488,101,132.00,44.08,28.96,3477,153279
839,839,*NOUSE*,*NOUSE*,0,0,0,0,0,0,0,0
840,840,VL19,*MANUAL*$839$257,61,287,88,145.00,53.31,28.93,2127,113396
841,841,VR20,*MANUAL*,71,291,90,139.00,80.85,24.24,895,72361
842,842,VR19,*MANUAL*$401$403,72,482,99,139.00,34.01,21.28,5663,192599
843,843,VR17,*MANUAL*,73,680,102,189.00,108.33,26.95,879,95226
844,844,VR13,*MANUAL*$390$388,72,1002,107,192.00,49.89,38.95,5673,283028
845,845,VR11,*MANUAL*$377$391,71,1134,110,196.00,60.91,45.32,4317,262934
846,846,VR10,*MANUAL*$430$438,74,1193,111,208.00,48.59,35.66,5269,256012
847,847,VR7,*MANUAL*$477$448,75,1351,111,183.00,53.22,29.83,4117,219119
848,848,*NOUSE*,*NOUSE*,0,0,0,0,0,0,0,0
849,849,VR5,*MANUAL*$848$499$478,77,1475,112,185.00,61.45,29.40,2131,130956
850,850,VR3,*MANUAL*$498$487,78,1575,108,144.00,46.30,25.63,4293,198759
851,851,hyp101,*MANUAL*,63,129,76,101.00,40.48,19.88,895,36230
852,852,hyp9,*MANUAL*,65,143,83,97.00,46.20,14.45,895,41351
853,853,*NOUSE*,*NOUSE*,0,0,0,0,0,0,0,0
854,854,hyp11,*MANUAL*$853$318,63,188,74,114.00,38.66,18.95,1535,59339
855,855,hyp8,*MANUAL*,66,179,84,110.00,51.75,16.89,895,46320
856,856,*NOUSE*,*NOUSE*,0,0,0,0,0,0,0,0
857,857,hyp72,*MANUAL*$856$362$399,67,215,86,112.00,40.12,20.37,2306,92523
858,858,hyp71,*MANUAL*$285$308,64,242,91,118.00,31.39,19.26,3731,117105
859,859,PVR,*MANUAL*,69,217,72,118.00,65.31,18.54,855,55843
860,860,TR,*MANUAL*,70,250,76,86.00,31.56,15.08,1746,55105
861,861,PHsHR,*MANUAL*,70,278,72,144.00,87.51,21.15,865,75694
862,862,PVCR,*MANUAL*,74,297,77,150.00,93.04,19.99,769,71547
863,863,PHBR,*MANUAL*,80,327,74,146.00,82.56,21.14,871,71907
864,864,PHAR,*MANUAL*,77,329,84,184.00,80.85,22.52,895,72365
865,865,K',*MANUAL*,77,352,66,153.00,80.32,21.49,892,71644
866,866,K,*MANUAL*,63,339,63,147.00,81.04,19.58,811,65725
867,867,DVC,*MANUAL*,67,293,77,155.00,95.63,20.99,895,85586
868,868,B,*MANUAL*$372$354,68,316,87,132.00,39.54,21.70,3280,129701
869,869,F,*MANUAL*,70,336,74,157.00,89.54,17.44,895,80141
870,870,PLML,*MANUAL*,61,214,77,126.00,77.72,15.19,895,69557
871,871,TL,*MANUAL*,60,253,76,85.00,38.44,13.36,2103,80845
872,872,PHsHL,*MANUAL*,60,278,73,163.00,87.53,20.39,895,78341
873,873,PVCL,*MANUAL*,58,301,78,137.00,84.85,19.44,895,75939
874,874,LUAL,*MANUAL*,58,309,69,155.00,92.63,19.13,895,82908
875,875,PHBL,*MANUAL*,59,322,75,123.00,75.42,17.88,891,67197
876,876,PHAL,*MANUAL*,60,329,84,135.00,81.91,20.11,895,73312
877,877,repVL,*MANUAL*,57,362,76,159.00,82.41,19.78,847,69802
878,878,SPH,*MANUAL*,57,378,85,158.00,86.47,17.81,879,76007
879,879,U,*MANUAL*,63,359,83,141.00,80.30,17.95,895,71872
880,880,DA8,*MANUAL*,62,370,95,143.00,86.23,22.17,478,41216
881,881,DD6,*MANUAL*,68,374,88,171.00,106.04,21.65,895,94903
882,882,PVPR,*MANUAL*,73,387,92,164.00,96.90,22.14,847,82076
883,883,hyp7ABLV,*MANUAL*$11$12$21,41,1211,72,82.00,27.87,13.52,4312,120188
884,884,hyp7ABLD,*MANUAL*$25$29,43,1174,68,97.00,27.75,15.67,6255,173573
885,885,hyp7LC2,*MANUAL*$56$67,46,988,58,121.00,28.68,15.92,6338,181799
886,886,hyp7LC3,*MANUAL*$69$44$58,46,852,62,91.00,29.74,16.39,6195,184222
887,887,P5/6L,*MANUAL*$63$79,45,822,91,124.00,32.15,19.31,4738,152317
888,888,CANL,*MANUAL*$28$47,45,806,72,136.00,40.69,26.01,5335,217079
889,889,V4L,*MANUAL*$51$53,45,721,84,98.00,29.47,16.39,4679,137901
890,890,P7/8L,*MANUAL*$65$104,46,667,93,97.00,28.46,15.85,4411,125548
891,891,hyp7LC4,*MANUAL*$84$98$83,47,653,66,117.00,24.31,13.25,6141,149261
892,892,QL,*MANUAL*$73$72,49,545,66,125.00,38.61,23.57,8178,315775
893,893,*NOUSE*,*NOUSE*,0,0,0,0,0,0,0,0
894,894,hyp7LC5,*MANUAL*$108$893,48,504,63,86.00,25.43,12.37,5243,133336
895,895,*NOUSE*,*NOUSE*,0,0,0,0,0,0,0,0
896,896,P11/12L,*MANUAL*$895$112$132,50,389,88,99.00,33.45,15.48,1860,62222
897,897,*NOUSE*,*NOUSE*,0,0,0,0,0,0,0,0
898,898,hyp7LC6,*MANUAL*$897$180,53,350,61,97.00,31.94,15.53,3312,105772
899,899,Z3,*MANUAL*$219$131$166,57,774,91,151.00,42.43,27.70,11298,479397
900,900,Z2,*MANUAL*$341$323$346$355,69,809,95,190.00,45.73,30.62,11273,515519
901,901,AMshR,*MANUAL*$608$605,92,1257,67,145.00,46.48,28.89,3957,183931
902,902,*NOUSE*,*NOUSE*,0,0,0,0,0,0,0,0
903,903,hyp7ABRV,*MANUAL*$902$579,87,1187,88,141.00,40.88,24.27,3975,162498
904,904,hyp7ABRD,*MANUAL*,89,1175,73,137.00,50.28,25.29,2103,105745
905,905,hyp7RC1,*MANUAL*$576$562,86,1059,73,173.00,35.48,24.25,6777,240416
906,906,V3R,*MANUAL*$533$550,83,872,92,131.00,38.92,24.25,6619,257584
907,907,hyp7RC3,*MANUAL*$563$565$575,85,808,75,137.00,35.35,22.99,6237,220456
908,908,P5/6R,*MANUAL*$570$589,84,812,98,149.00,41.91,27.11,4507,188902
909,909,QR,*MANUAL*$491$492,81,732,71,220.00,57.58,41.31,8082,465322
910,910,*NOUSE*,*NOUSE*,0,0,0,0,0,0,0,0
911,911,P7/8R,*MANUAL*$910$535,81,670,99,166.00,53.27,33.84,2621,139624
912,912,hyp7RC4,*MANUAL*$546$547,84,680,70,135.00,35.23,22.51,5758,202826
913,913,P9/10R,*MANUAL*$536$508$518,81,552,96,122.00,34.22,21.26,4088,139885
914,914,hyp7RC5,*MANUAL*$525$564$524,81,523,68,103.00,27.20,14.27,5925,161180
915,915,V6R,*MANUAL*$554$531,80,485,86,86.00,22.06,10.57,2383,52577
916,916,*NOUSE*,*NOUSE*,0,0,0,0,0,0,0,0
917,917,*NOUSE*,*NOUSE*,0,0,0,0,0,0,0,0
918,918,hyp7RC6,*MANUAL*$917$916$583,81,336,62,119.00,42.22,21.83,2837,119789
919,919,*NOUSE*,*NOUSE*,0,0,0,0,0,0,0,0
920,920,P11/12R,*MANUAL*$919$515,80,396,91,124.00,38.41,20.22,1862,71514
921,921,inVL1,*MANUAL*$135$133,54,1177,93,124.00,32.78,19.00,7501,245870
922,922,inV2,*MANUAL*$218$270,60,1111,93,105.00,31.10,16.71,8170,254072
923,923,inV5,*MANUAL*$181$161,55,799,66,102.00,31.42,16.63,6695,210356
924,924,inV7,*MANUAL*$228$244,62,623,94,107.00,28.10,14.11,6344,178267
925,925,inD8,*MANUAL*$238$264,63,482,61,99.00,30.10,16.30,5610,168861
926,926,inD9,*MANUAL*$141$182,54,408,60,83.00,24.63,11.05,4924,121267
927,927,DA7,*MANUAL*,63,496,108,142.00,83.26,25.02,895,74521
928,928,*NOUSE*,*NOUSE*,0,0,0,0,0,0,0,0
929,929,DL20,*MANUAL*$928$263,59,362,52,118.00,45.95,22.30,2026,93089
930,930,h1l,*MANUAL*,42,1443,73,85.00,34.39,16.45,1365,46941
931,931,rmdl,*MANUAL*,48,1424,77,184.00,91.52,27.85,895,81906
932,932,hyp7V1,*MANUAL*,63,1500,112,183.00,68.10,28.19,1365,92959
933,933,SIBVL,*MANUAL*,55,1402,85,183.00,103.66,29.61,895,92778
934,934,F1,*MANUAL*,55,1657,68,25.00, 5.35, 3.55,895,4789
935,935,F2,*MANUAL*,79,1397,69,173.00,28.72,20.19,895,25700
936,936,F3,*MANUAL*,79,1356,68,81.00,19.19,10.64,895,17176
937,937,F4,*MANUAL*,50,1374,73,77.00,16.33,13.18,895,14615
938,938,F5,*MANUAL*,46,1383,47,72.00,15.29, 9.96,895,13681
939,939,F6,*MANUAL*,57,1352,60,123.00,25.52,20.86,895,22836
940,940,F7,*MANUAL*,69,1398,59,56.00,16.14, 8.46,895,14444
941,941,F8,*MANUAL*,58,1284,97,50.00,13.83, 8.02,895,12378
942,942,F9,*MANUAL*,58,1518,80,109.00,14.78,14.43,895,13226
943,943,F10,*MANUAL*,66,1542,80,100.00,21.31,12.39,895,19075
