0,0,*NOUSE*,*NOUSE*,0,0,0,0,0,0,0,0
1,1,IL2L,,37,1391,70,226.00,75.31,52.55,3898,293563
2,2,H2L,,37,1186,72,171.00,56.52,33.40,4108,232175
3,3,AVDL,,38,1236,66,239.00,95.32,58.67,3245,309320
4,4,*NOUSE*,*NOUSE*,0,0,0,0,0,0,0,0
5,5,H1L,,37,1345,77,162.00,61.37,34.88,2556,156849
6,6,RICL,,39,1240,77,225.00,92.65,55.41,3096,286847
7,7,ASJL,,40,1256,78,197.00,77.79,42.93,3814,296685
8,8,*NOUSE*,*NOUSE*,0,0,0,0,0,0,0,0
9,9,*NOUSE*,*NOUSE*,0,0,0,0,0,0,0,0
10,10,ASHL,,40,1272,63,179.00,73.30,43.39,3838,281308
11,11,URBL,,39,1371,68,234.00,80.91,54.95,3496,282873
12,12,*NOUSE*,*NOUSE*,0,0,0,0,0,0,0,0
13,13,*NOUSE*,*NOUSE*,0,0,0,0,0,0,0,0
14,14,H0L,,39,1442,76,176.00,58.14,38.31,3939,229015
15,15,*NOUSE*,*NOUSE*,0,0,0,0,0,0,0,0
16,16,RMDVL,,40,1331,62,202.00,65.85,45.52,3994,263010
17,17,*NOUSE*,*NOUSE*,0,0,0,0,0,0,0,0
18,18,HYP7ABLD,,38,1134,60,131.00,47.76,26.98,4643,221730
19,19,*NOUSE*,*NOUSE*,0,0,0,0,0,0,0,0
20,20,*NOUSE*,*NOUSE*,0,0,0,0,0,0,0,0
21,21,*NOUSE*,*NOUSE*,0,0,0,0,0,0,0,0
22,22,V1L,,40,1052,72,144.00,44.61,27.23,5821,259699
23,23,*NOUSE*,*NOUSE*,0,0,0,0,0,0,0,0
24,24,OLLshL,,40,1404,76,246.00,86.04,56.59,3385,291236
25,25,*NOUSE*,*NOUSE*,0,0,0,0,0,0,0,0
26,26,*NOUSE*,*NOUSE*,0,0,0,0,0,0,0,0
27,27,OLLsoL,,41,1404,60,230.00,75.07,49.24,3734,280310
28,28,ARCADL,,41,1494,76,211.00,64.53,46.14,4359,281271
29,29,*NOUSE*,*NOUSE*,0,0,0,0,0,0,0,0
30,30,*NOUSE*,*NOUSE*,0,0,0,0,0,0,0,0
31,31,AMshl,,42,1211,50,147.00,57.08,28.44,4131,235811
32,32,AVJL,,42,1234,54,223.00,88.43,51.77,2733,241688
33,33,HYP1L,,44,1441,59,212.00,73.66,45.95,3960,291706
34,34,*NOUSE*,*NOUSE*,0,0,0,0,0,0,0,0
35,35,*NOUSE*,*NOUSE*,0,0,0,0,0,0,0,0
36,36,BDUL,,42,1082,72,234.00,69.72,54.26,3882,270668
37,37,*NOUSE*,*NOUSE*,0,0,0,0,0,0,0,0
38,38,P1/2L,,41,986,86,176.00,46.09,32.05,5934,273521
39,39,*NOUSE*,*NOUSE*,0,0,0,0,0,0,0,0
40,40,*NOUSE*,*NOUSE*,0,0,0,0,0,0,0,0
41,41,AINL,,43,1223,60,244.00,94.66,54.45,2836,268464
42,42,*NOUSE*,*NOUSE*,0,0,0,0,0,0,0,0
43,43,*NOUSE*,*NOUSE*,0,0,0,0,0,0,0,0
44,44,HYP5L,,43,1535,69,155.00,49.15,29.53,4721,232040
45,45,OLQshVL,,41,1424,77,246.00,81.87,55.10,3298,269992
46,46,*NOUSE*,*NOUSE*,0,0,0,0,0,0,0,0
47,47,ADEshL,,42,1143,77,233.00,65.96,48.70,4426,291938
48,48,IL1L,,44,1380,77,221.00,101.60,54.58,2497,253694
49,49,*NOUSE*,*NOUSE*,0,0,0,0,0,0,0,0
50,50,RMDL,,43,1315,77,209.00,83.63,50.13,2903,242791
51,51,*NOUSE*,*NOUSE*,0,0,0,0,0,0,0,0
52,52,*NOUSE*,*NOUSE*,0,0,0,0,0,0,0,0
53,53,*NOUSE*,*NOUSE*,0,0,0,0,0,0,0,0
54,54,*NOUSE*,*NOUSE*,0,0,0,0,0,0,0,0
55,55,*NOUSE*,*NOUSE*,0,0,0,0,0,0,0,0
56,56,*NOUSE*,*NOUSE*,0,0,0,0,0,0,0,0
57,57,*NOUSE*,*NOUSE*,0,0,0,0,0,0,0,0
58,58,*NOUSE*,*NOUSE*,0,0,0,0,0,0,0,0
59,59,*NOUSE*,*NOUSE*,0,0,0,0,0,0,0,0
60,60,SIBDL,,43,1301,80,252.00,110.92,60.85,2674,296598
61,61,*NOUSE*,*NOUSE*,0,0,0,0,0,0,0,0
62,62,*NOUSE*,*NOUSE*,0,0,0,0,0,0,0,0
63,63,*NOUSE*,*NOUSE*,0,0,0,0,0,0,0,0
64,64,XXXL,,45,1388,84,250.00,103.95,60.11,2787,289713
65,65,*NOUSE*,*NOUSE*,0,0,0,0,0,0,0,0
66,66,*NOUSE*,*NOUSE*,0,0,0,0,0,0,0,0
67,67,CEPshDL,,46,1349,54,190.00,73.22,39.01,2810,205753
68,68,P5/6L,,44,750,87,135.00,43.57,26.71,6598,287481
69,69,*NOUSE*,*NOUSE*,0,0,0,0,0,0,0,0
70,70,*NOUSE*,*NOUSE*,0,0,0,0,0,0,0,0
71,71,DL4,,45,1401,49,162.00,69.62,30.92,2016,140347
72,72,*NOUSE*,*NOUSE*,0,0,0,0,0,0,0,0
73,73,MC3DL,,47,1159,62,200.00,63.21,43.10,4084,258165
74,74,DL6,,45,1334,46,164.00,59.22,31.98,3692,218650
75,75,CEPsoDL,,47,1387,57,201.00,75.20,43.95,3455,259826
76,76,DL1,,46,1506,61,140.00,47.26,23.86,4638,219200
77,77,*NOUSE*,*NOUSE*,0,0,0,0,0,0,0,0
78,78,V4L,,46,665,82,127.00,42.17,26.17,6073,256118
79,79,VL1,,46,1517,85,153.00,55.25,31.47,3068,169504
80,80,P7/8L,,46,613,87,152.00,43.88,28.98,6273,275237
81,81,*NOUSE*,*NOUSE*,0,0,0,0,0,0,0,0
82,82,*NOUSE*,*NOUSE*,0,0,0,0,0,0,0,0
83,83,*NOUSE*,*NOUSE*,0,0,0,0,0,0,0,0
84,84,*NOUSE*,*NOUSE*,0,0,0,0,0,0,0,0
85,85,URYVL,,48,1373,86,221.00,103.73,49.58,2853,295949
86,86,VL6,,45,1327,93,167.00,57.00,32.71,2321,132305
87,87,*NOUSE*,*NOUSE*,0,0,0,0,0,0,0,0
88,88,*NOUSE*,*NOUSE*,0,0,0,0,0,0,0,0
89,89,*NOUSE*,*NOUSE*,0,0,0,0,0,0,0,0
90,90,ALML,,49,879,51,189.00,54.57,42.04,4902,267511
91,91,M5,,49,1153,52,242.00,76.08,52.47,3256,247715
92,92,*NOUSE*,*NOUSE*,0,0,0,0,0,0,0,0
93,93,*NOUSE*,*NOUSE*,0,0,0,0,0,0,0,0
94,94,*NOUSE*,*NOUSE*,0,0,0,0,0,0,0,0
95,95,G1AL,,49,1192,62,195.00,71.27,40.06,3861,275186
96,96,*NOUSE*,*NOUSE*,0,0,0,0,0,0,0,0
97,97,*NOUSE*,*NOUSE*,0,0,0,0,0,0,0,0
98,98,QL,,50,561,69,161.00,46.44,31.62,6531,303308
99,99,*NOUSE*,*NOUSE*,0,0,0,0,0,0,0,0
100,100,*NOUSE*,*NOUSE*,0,0,0,0,0,0,0,0
101,101,PM7VL,,50,1157,80,196.00,62.93,40.27,4636,291755
102,102,HSNL,,49,705,87,231.00,75.84,56.14,4553,345289
103,103,*NOUSE*,*NOUSE*,0,0,0,0,0,0,0,0
104,104,VL8,,48,1183,95,200.00,71.18,43.32,4019,286068
105,105,*NOUSE*,*NOUSE*,0,0,0,0,0,0,0,0
106,106,I6,,50,1183,50,231.00,75.16,49.71,3620,272087
107,107,*NOUSE*,*NOUSE*,0,0,0,0,0,0,0,0
108,108,RIBL,,50,1264,67,223.00,97.27,45.95,3032,294933
109,109,*NOUSE*,*NOUSE*,0,0,0,0,0,0,0,0
110,110,*NOUSE*,*NOUSE*,0,0,0,0,0,0,0,0
111,111,*NOUSE*,*NOUSE*,0,0,0,0,0,0,0,0
112,112,P9/10L,,48,504,85,175.00,50.55,33.17,3314,167534
113,113,*NOUSE*,*NOUSE*,0,0,0,0,0,0,0,0
114,114,*NOUSE*,*NOUSE*,0,0,0,0,0,0,0,0
115,115,*NOUSE*,*NOUSE*,0,0,0,0,0,0,0,0
116,116,*NOUSE*,*NOUSE*,0,0,0,0,0,0,0,0
117,117,VL12,,50,954,98,180.00,48.48,35.32,5903,286180
118,118,*NOUSE*,*NOUSE*,0,0,0,0,0,0,0,0
119,119,*NOUSE*,*NOUSE*,0,0,0,0,0,0,0,0
120,120,DL10,,50,1088,39,170.00,49.05,33.51,3962,194323
121,121,DL3,,49,1442,46,159.00,61.53,30.37,2810,172907
122,122,DL12,,50,944,43,166.00,47.33,33.50,4706,222756
123,123,*NOUSE*,*NOUSE*,0,0,0,0,0,0,0,0
124,124,INDL1,,53,1074,53,105.00,37.55,18.81,6537,245456
125,125,*NOUSE*,*NOUSE*,0,0,0,0,0,0,0,0
126,126,VPI2DL,,49,1130,56,218.00,66.57,44.24,4450,296238
127,127,HYP7LC6,,48,331,58,123.00,45.16,25.17,3138,141725
128,128,*NOUSE*,*NOUSE*,0,0,0,0,0,0,0,0
129,129,PVQL,,51,317,74,217.00,70.24,48.99,4035,283408
130,130,*NOUSE*,*NOUSE*,0,0,0,0,0,0,0,0
131,131,*NOUSE*,*NOUSE*,0,0,0,0,0,0,0,0
132,132,*NOUSE*,*NOUSE*,0,0,0,0,0,0,0,0
133,133,*NOUSE*,*NOUSE*,0,0,0,0,0,0,0,0
134,134,*NOUSE*,*NOUSE*,0,0,0,0,0,0,0,0
135,135,CCLP,,51,772,95,221.00,62.78,47.17,4608,289313
136,136,SMDDL,,50,1286,96,223.00,99.17,50.56,2622,260028
137,137,*NOUSE*,*NOUSE*,0,0,0,0,0,0,0,0
138,138,DL9,,52,1138,36,176.00,56.70,37.40,3792,215025
139,139,DL14,,51,829,45,147.00,46.81,31.14,4638,217085
140,140,*NOUSE*,*NOUSE*,0,0,0,0,0,0,0,0
141,141,*NOUSE*,*NOUSE*,0,0,0,0,0,0,0,0
142,142,*NOUSE*,*NOUSE*,0,0,0,0,0,0,0,0
143,143,*NOUSE*,*NOUSE*,0,0,0,0,0,0,0,0
144,144,PHBL,,52,303,69,210.00,84.86,52.56,3065,260085
145,145,REPVL,,52,338,71,205.00,71.68,50.63,3930,281695
146,146,*NOUSE*,*NOUSE*,0,0,0,0,0,0,0,0
147,147,*NOUSE*,*NOUSE*,0,0,0,0,0,0,0,0
148,148,INVL1,,53,1078,89,120.00,40.78,20.39,6652,271274
149,149,VL14,,52,830,98,177.00,59.77,42.16,3873,231483
150,150,VL7,,52,1228,99,205.00,81.89,42.68,3703,303245
151,151,*NOUSE*,*NOUSE*,0,0,0,0,0,0,0,0
152,152,*NOUSE*,*NOUSE*,0,0,0,0,0,0,0,0
153,153,DL13,,54,900,41,167.00,49.35,34.01,4113,202972
154,154,*NOUSE*,*NOUSE*,0,0,0,0,0,0,0,0
155,155,AIBL,,52,1283,69,207.00,94.97,42.00,3133,297529
156,156,*NOUSE*,*NOUSE*,0,0,0,0,0,0,0,0
157,157,PM6VL,,53,1184,78,190.00,67.36,35.94,4224,284546
158,158,*NOUSE*,*NOUSE*,0,0,0,0,0,0,0,0
159,159,SIAVL,,52,1256,92,240.00,97.96,49.76,2990,292909
160,160,AVKL,,53,1209,91,211.00,101.87,45.05,3158,321709
161,161,VL3,,52,1442,98,178.00,63.89,34.22,2978,190265
162,162,VL10,,53,1070,101,204.00,62.69,40.81,4139,259466
163,163,ASKL,,55,1287,38,154.00,64.77,30.53,3510,227344
164,164,*NOUSE*,*NOUSE*,0,0,0,0,0,0,0,0
165,165,DL15,,54,787,42,179.00,50.81,35.31,3622,184027
166,166,PM5L,,53,1210,64,239.00,99.62,45.78,2845,283411
167,167,LUAL,,54,291,65,247.00,92.47,62.77,3089,285644
168,168,PVCL,,53,281,73,231.00,75.54,54.50,3611,272781
169,169,PM3L,,55,1468,73,143.00,57.59,26.63,3084,177616
170,170,*NOUSE*,*NOUSE*,0,0,0,0,0,0,0,0
171,171,*NOUSE*,*NOUSE*,0,0,0,0,0,0,0,0
172,172,VL9,,52,1129,96,205.00,72.36,45.73,3394,245601
173,173,*NOUSE*,*NOUSE*,0,0,0,0,0,0,0,0
174,174,*NOUSE*,*NOUSE*,0,0,0,0,0,0,0,0
175,175,*NOUSE*,*NOUSE*,0,0,0,0,0,0,0,0
176,176,*NOUSE*,*NOUSE*,0,0,0,0,0,0,0,0
177,177,*NOUSE*,*NOUSE*,0,0,0,0,0,0,0,0
178,178,*NOUSE*,*NOUSE*,0,0,0,0,0,0,0,0
179,179,*NOUSE*,*NOUSE*,0,0,0,0,0,0,0,0
180,180,M2L,,52,1201,74,247.00,115.55,58.57,2431,280905
181,181,NSML,,53,1394,80,226.00,86.01,45.47,3338,287101
182,182,PHAL,,55,303,79,208.00,86.55,55.01,2905,251421
183,183,SMBDL,,53,1271,96,235.00,109.95,49.07,2439,268156
184,184,VL16,,55,672,94,195.00,53.02,37.53,5257,278714
185,185,CCLA,,55,793,98,229.00,71.13,52.71,4077,289993
186,186,VL5,,52,1355,103,154.00,72.73,33.30,2009,146119
187,187,*NOUSE*,*NOUSE*,0,0,0,0,0,0,0,0
188,188,RIVL,,56,1236,38,211.00,78.63,45.63,2813,221184
189,189,DL16,,55,704,48,164.00,45.89,32.01,4485,205830
190,190,*NOUSE*,*NOUSE*,0,0,0,0,0,0,0,0
191,191,*NOUSE*,*NOUSE*,0,0,0,0,0,0,0,0
192,192,DL20,,55,367,52,189.00,55.53,38.63,3457,191979
193,193,IND9,,57,388,58,103.00,40.58,20.24,5431,220372
194,194,ALNL,,56,271,63,230.00,83.25,53.43,3254,270889
195,195,PHshL,,56,258,70,227.00,78.11,53.97,3590,280406
196,196,VPI3V,,62,1118,75,183.00,59.84,39.54,4686,280428
197,197,*NOUSE*,*NOUSE*,0,0,0,0,0,0,0,0
198,198,EXC DUCT,,57,1252,79,192.00,83.51,35.05,4017,335466
199,199,*NOUSE*,*NOUSE*,0,0,0,0,0,0,0,0
200,200,VL18,,55,450,92,185.00,58.31,42.13,3230,188354
201,201,*NOUSE*,*NOUSE*,0,0,0,0,0,0,0,0
202,202,*NOUSE*,*NOUSE*,0,0,0,0,0,0,0,0
203,203,*NOUSE*,*NOUSE*,0,0,0,0,0,0,0,0
204,204,*NOUSE*,*NOUSE*,0,0,0,0,0,0,0,0
205,205,ADLL,,56,1266,36,146.00,62.80,29.53,3447,216478
206,206,*NOUSE*,*NOUSE*,0,0,0,0,0,0,0,0
207,207,IL2DL,,55,1384,45,161.00,71.13,35.80,3276,233027
208,208,*NOUSE*,*NOUSE*,0,0,0,0,0,0,0,0
209,209,*NOUSE*,*NOUSE*,0,0,0,0,0,0,0,0
210,210,*NOUSE*,*NOUSE*,0,0,0,0,0,0,0,0
211,211,*NOUSE*,*NOUSE*,0,0,0,0,0,0,0,0
212,212,DL19,,57,480,49,192.00,52.76,39.18,4325,228167
213,213,*NOUSE*,*NOUSE*,0,0,0,0,0,0,0,0
214,214,*NOUSE*,*NOUSE*,0,0,0,0,0,0,0,0
215,215,virl,,57,354,63,218.00,74.08,47.08,3265,241868
216,216,*NOUSE*,*NOUSE*,0,0,0,0,0,0,0,0
217,217,E2VL,,56,1574,77,133.00,42.42,27.46,5468,231934
218,218,*NOUSE*,*NOUSE*,0,0,0,0,0,0,0,0
219,219,*NOUSE*,*NOUSE*,0,0,0,0,0,0,0,0
220,220,VL11,,58,1033,105,186.00,53.38,40.62,4598,245459
221,221,ASIL,,58,1249,35,164.00,66.70,34.59,3437,229240
222,222,URXL,,58,1304,39,180.00,76.21,37.10,3361,256155
223,223,HYP31,,58,1555,45,165.00,56.52,34.84,4762,269154
224,224,PM5DL,,57,1208,48,197.00,80.45,38.36,2858,229930
225,225,*NOUSE*,*NOUSE*,0,0,0,0,0,0,0,0
226,226,TL,,57,227,70,134.00,43.92,25.97,5244,230317
227,227,M3L,,57,1367,76,238.00,89.63,50.43,3650,327137
228,228,VL19,,58,272,83,177.00,66.91,43.02,2700,180663
229,229,*NOUSE*,*NOUSE*,0,0,0,0,0,0,0,0
230,230,*NOUSE*,*NOUSE*,0,0,0,0,0,0,0,0
231,231,G2l,,59,1144,87,239.00,87.27,53.74,3628,316610
232,232,INV2,,60,1018,90,76.00,32.48,13.55,8012,260253
233,233,CEPsoVL,,56,1382,95,216.00,88.79,49.78,3090,274357
234,234,*NOUSE*,*NOUSE*,0,0,0,0,0,0,0,0
235,235,*NOUSE*,*NOUSE*,0,0,0,0,0,0,0,0
236,236,VL15,,59,754,99,187.00,55.25,37.45,5302,292952
237,237,*NOUSE*,*NOUSE*,0,0,0,0,0,0,0,0
238,238,*NOUSE*,*NOUSE*,0,0,0,0,0,0,0,0
239,239,MC2DL,,56,1222,56,190.00,73.52,29.49,2717,199755
240,240,PLML,,59,245,77,216.00,61.23,44.69,4426,271019
241,241,*NOUSE*,*NOUSE*,0,0,0,0,0,0,0,0
242,242,Z3,,63,721,90,169.00,53.82,31.99,8387,451349
243,243,*NOUSE*,*NOUSE*,0,0,0,0,0,0,0,0
244,244,*NOUSE*,*NOUSE*,0,0,0,0,0,0,0,0
245,245,*NOUSE*,*NOUSE*,0,0,0,0,0,0,0,0
246,246,*NOUSE*,*NOUSE*,0,0,0,0,0,0,0,0
247,247,*NOUSE*,*NOUSE*,0,0,0,0,0,0,0,0
248,248,*NOUSE*,*NOUSE*,0,0,0,0,0,0,0,0
249,249,HYP6D2,,60,1451,43,162.00,61.74,30.93,4899,302479
250,250,VPI3D,,64,1120,49,185.00,66.85,40.58,3967,265202
251,251,PM8,,62,1133,77,194.00,72.33,41.63,3257,235577
252,252,*NOUSE*,*NOUSE*,0,0,0,0,0,0,0,0
253,253,*NOUSE*,*NOUSE*,0,0,0,0,0,0,0,0
254,254,*NOUSE*,*NOUSE*,0,0,0,0,0,0,0,0
255,255,*NOUSE*,*NOUSE*,0,0,0,0,0,0,0,0
256,256,Z4,,58,697,92,193.00,52.65,36.38,4082,214931
257,257,*NOUSE*,*NOUSE*,0,0,0,0,0,0,0,0
258,258,*NOUSE*,*NOUSE*,0,0,0,0,0,0,0,0
259,259,ALA,,60,1319,33,193.00,79.62,39.38,2609,207725
260,260,IND6,,62,650,57,79.00,27.81,11.23,7449,207123
261,261,*NOUSE*,*NOUSE*,0,0,0,0,0,0,0,0
262,262,*NOUSE*,*NOUSE*,0,0,0,0,0,0,0,0
263,263,*NOUSE*,*NOUSE*,0,0,0,0,0,0,0,0
264,264,RID,,61,1334,32,175.00,59.89,36.50,3158,189146
265,265,*NOUSE*,*NOUSE*,0,0,0,0,0,0,0,0
266,266,*NOUSE*,*NOUSE*,0,0,0,0,0,0,0,0
267,267,IND3,,61,967,51,61.00,25.51, 9.54,7814,199326
268,268,*NOUSE*,*NOUSE*,0,0,0,0,0,0,0,0
269,269,*NOUSE*,*NOUSE*,0,0,0,0,0,0,0,0
270,270,*NOUSE*,*NOUSE*,0,0,0,0,0,0,0,0
271,271,*NOUSE*,*NOUSE*,0,0,0,0,0,0,0,0
272,272,HYP2V,,61,1550,89,170.00,61.15,38.65,3307,202209
273,273,HYP7D2,,60,1294,25,135.00,53.60,21.93,2049,109836
274,274,HYP6D3,,63,1421,34,159.00,57.23,30.34,3848,220214
275,275,PM7D,,62,1156,44,155.00,50.50,32.02,4852,245025
276,276,I4,,62,1196,42,210.00,76.37,45.71,3052,233086
277,277,PM6D,,62,1179,44,155.00,61.91,34.44,4037,249915
278,278,*NOUSE*,*NOUSE*,0,0,0,0,0,0,0,0
279,279,*NOUSE*,*NOUSE*,0,0,0,0,0,0,0,0
280,280,*NOUSE*,*NOUSE*,0,0,0,0,0,0,0,0
281,281,*NOUSE*,*NOUSE*,0,0,0,0,0,0,0,0
282,282,DL21,,64,255,59,173.00,64.18,40.28,2778,178283
283,283,U,,62,334,75,205.00,86.64,48.16,3386,293370
284,284,*NOUSE*,*NOUSE*,0,0,0,0,0,0,0,0
285,285,*NOUSE*,*NOUSE*,0,0,0,0,0,0,0,0
286,286,DD5,,63,506,98,220.00,66.60,51.59,4483,298580
287,287,*NOUSE*,*NOUSE*,0,0,0,0,0,0,0,0
288,288,HYP7D1,,62,1378,34,106.00,49.73,18.96,2116,105227
289,289,*NOUSE*,*NOUSE*,0,0,0,0,0,0,0,0
290,290,*NOUSE*,*NOUSE*,0,0,0,0,0,0,0,0
291,291,REPD,,62,330,52,222.00,78.34,50.93,3290,257738
292,292,*NOUSE*,*NOUSE*,0,0,0,0,0,0,0,0
293,293,*NOUSE*,*NOUSE*,0,0,0,0,0,0,0,0
294,294,TR,,69,238,64,138.00,46.45,28.11,6427,298541
295,295,*NOUSE*,*NOUSE*,0,0,0,0,0,0,0,0
296,296,*NOUSE*,*NOUSE*,0,0,0,0,0,0,0,0
297,297,*NOUSE*,*NOUSE*,0,0,0,0,0,0,0,0
298,298,*NOUSE*,*NOUSE*,0,0,0,0,0,0,0,0
299,299,*NOUSE*,*NOUSE*,0,0,0,0,0,0,0,0
300,300,DB6,,64,605,101,210.00,60.41,47.44,4567,275900
301,301,DD4,,64,659,102,195.00,59.02,44.59,4720,278563
302,302,*NOUSE*,*NOUSE*,0,0,0,0,0,0,0,0
303,303,HYP6D4,,64,1401,34,158.00,63.56,30.55,3382,214944
304,304,VPI1,,65,1129,43,186.00,66.48,37.69,3308,219904
305,305,*NOUSE*,*NOUSE*,0,0,0,0,0,0,0,0
306,306,IND2,,64,1022,54,65.00,28.46,10.53,4444,126459
307,307,*NOUSE*,*NOUSE*,0,0,0,0,0,0,0,0
308,308,DEP,,66,282,59,201.00,75.90,44.75,3372,255930
309,309,*NOUSE*,*NOUSE*,0,0,0,0,0,0,0,0
310,310,*NOUSE*,*NOUSE*,0,0,0,0,0,0,0,0
311,311,VPI2V,,68,1125,83,239.00,87.55,51.74,3580,313430
312,312,MC3V,,67,1156,92,175.00,68.63,38.73,4455,305759
313,313,W,,63,1247,98,194.00,75.26,35.08,3958,297873
314,314,DA7,,65,457,96,226.00,77.28,53.63,4000,309102
315,315,RIGR,,63,1128,99,218.00,89.71,50.56,4594,412123
316,316,DA3,,65,968,105,192.00,57.04,45.20,4789,273141
317,317,DB5,,65,781,100,210.00,63.32,45.66,4695,297278
318,318,DA2,,65,1061,104,224.00,72.53,50.70,4484,325227
319,319,*NOUSE*,*NOUSE*,0,0,0,0,0,0,0,0
320,320,E2D,,63,1575,52,98.00,38.62,18.81,2007,77513
321,321,*NOUSE*,*NOUSE*,0,0,0,0,0,0,0,0
322,322,*NOUSE*,*NOUSE*,0,0,0,0,0,0,0,0
323,323,M4,,66,1362,60,174.00,70.45,38.06,3805,268057
324,324,IND7,,68,550,55,75.00,30.59,12.41,6810,208300
325,325,DVA,,64,297,64,185.00,94.23,44.10,2821,265809
326,326,*NOUSE*,*NOUSE*,0,0,0,0,0,0,0,0
327,327,F,,65,313,68,227.00,97.12,48.20,3150,305930
328,328,*NOUSE*,*NOUSE*,0,0,0,0,0,0,0,0
329,329,HYP72,,65,194,79,157.00,49.44,35.91,4518,223385
330,330,HYP71,,65,208,81,181.00,48.17,35.45,3869,186387
331,331,I5,,65,1190,88,187.00,88.31,40.35,2997,264652
332,332,*NOUSE*,*NOUSE*,0,0,0,0,0,0,0,0
333,333,YPDA,,64,327,92,164.00,61.82,37.51,4217,260682
334,334,DA4,,65,861,103,207.00,57.11,44.33,5348,305446
335,335,*NOUSE*,*NOUSE*,0,0,0,0,0,0,0,0
336,336,DA1,,66,1110,102,199.00,64.28,45.12,4409,283393
337,337,DD3,,63,832,103,236.00,69.17,52.83,4500,311255
338,338,DB2,,65,1232,105,217.00,87.62,47.17,3836,336123
339,339,ARCPD,,67,1520,41,187.00,62.63,38.09,3804,238258
340,340,HYP4D,,65,1621,55,106.00,38.65,22.11,3529,136387
341,341,I3,,66,1391,49,195.00,78.64,43.12,3513,276247
342,342,*NOUSE*,*NOUSE*,0,0,0,0,0,0,0,0
343,343,HYP101,,65,114,72,146.00,45.13,30.12,4276,192989
344,344,*NOUSE*,*NOUSE*,0,0,0,0,0,0,0,0
345,345,HYP9,,66,135,77,134.00,47.10,30.85,2788,131325
346,346,*NOUSE*,*NOUSE*,0,0,0,0,0,0,0,0
347,347,PLMR,,68,230,79,193.00,57.00,44.10,4862,277118
348,348,*NOUSE*,*NOUSE*,0,0,0,0,0,0,0,0
349,349,*NOUSE*,*NOUSE*,0,0,0,0,0,0,0,0
350,350,*NOUSE*,*NOUSE*,0,0,0,0,0,0,0,0
351,351,*NOUSE*,*NOUSE*,0,0,0,0,0,0,0,0
352,352,DD2,,66,1004,104,208.00,59.29,44.45,4910,291126
353,353,G1,,66,1291,98,204.00,80.78,43.51,3655,295261
354,354,*NOUSE*,*NOUSE*,0,0,0,0,0,0,0,0
355,355,*NOUSE*,*NOUSE*,0,0,0,0,0,0,0,0
356,356,DR15,,70,832,40,165.00,48.35,33.35,4496,217395
357,357,*NOUSE*,*NOUSE*,0,0,0,0,0,0,0,0
358,358,DR19,,69,515,46,157.00,51.84,37.40,4100,212547
359,359,IND5,,67,803,55,63.00,26.96, 9.65,7371,198718
360,360,*NOUSE*,*NOUSE*,0,0,0,0,0,0,0,0
361,361,*NOUSE*,*NOUSE*,0,0,0,0,0,0,0,0
362,362,*NOUSE*,*NOUSE*,0,0,0,0,0,0,0,0
363,363,PVR,,68,217,65,171.00,52.75,39.65,4724,249176
364,364,*NOUSE*,*NOUSE*,0,0,0,0,0,0,0,0
365,365,*NOUSE*,*NOUSE*,0,0,0,0,0,0,0,0
366,366,ARCAV,,69,1560,89,186.00,57.00,38.18,3427,195327
367,367,*NOUSE*,*NOUSE*,0,0,0,0,0,0,0,0
368,368,*NOUSE*,*NOUSE*,0,0,0,0,0,0,0,0
369,369,*NOUSE*,*NOUSE*,0,0,0,0,0,0,0,0
370,370,*NOUSE*,*NOUSE*,0,0,0,0,0,0,0,0
371,371,ASKR,,69,1291,36,170.00,74.33,38.70,3394,252290
372,372,DR13,,70,946,37,161.00,47.25,32.42,4491,212199
373,373,*NOUSE*,*NOUSE*,0,0,0,0,0,0,0,0
374,374,HYP102,,66,70,71,111.00,37.86,21.72,3284,124346
375,375,*NOUSE*,*NOUSE*,0,0,0,0,0,0,0,0
376,376,HYP4V2,,68,1586,89,147.00,43.49,29.22,4489,195215
377,377,INV3,,71,949,87,70.00,28.38,11.86,7236,205341
378,378,*NOUSE*,*NOUSE*,0,0,0,0,0,0,0,0
379,379,DR7,,69,1240,32,175.00,69.19,36.99,3117,215671
380,380,ADLR,,69,1269,35,149.00,65.98,32.63,3696,243845
381,381,DR11,,71,1068,36,180.00,50.28,33.72,4116,206949
382,382,*NOUSE*,*NOUSE*,0,0,0,0,0,0,0,0
383,383,*NOUSE*,*NOUSE*,0,0,0,0,0,0,0,0
384,384,*NOUSE*,*NOUSE*,0,0,0,0,0,0,0,0
385,385,*NOUSE*,*NOUSE*,0,0,0,0,0,0,0,0
386,386,HYP4V1,,68,1619,85,140.00,40.13,24.85,4360,174973
387,387,ILshVR,,69,1494,93,238.00,82.31,47.62,3534,290870
388,388,*NOUSE*,*NOUSE*,0,0,0,0,0,0,0,0
389,389,*NOUSE*,*NOUSE*,0,0,0,0,0,0,0,0
390,390,*NOUSE*,*NOUSE*,0,0,0,0,0,0,0,0
391,391,*NOUSE*,*NOUSE*,0,0,0,0,0,0,0,0
392,392,*NOUSE*,*NOUSE*,0,0,0,0,0,0,0,0
393,393,PM5DR,,69,1206,46,178.00,78.29,35.13,3470,271670
394,394,*NOUSE*,*NOUSE*,0,0,0,0,0,0,0,0
395,395,MC2DR,,69,1224,50,160.00,67.05,28.35,3495,234344
396,396,K',,70,313,54,183.00,66.76,43.69,3739,249613
397,397,*NOUSE*,*NOUSE*,0,0,0,0,0,0,0,0
398,398,VR20,,68,263,82,194.00,70.62,47.35,4299,303578
399,399,ARCPV,,70,1538,89,202.00,65.59,45.10,3923,257293
400,400,*NOUSE*,*NOUSE*,0,0,0,0,0,0,0,0
401,401,*NOUSE*,*NOUSE*,0,0,0,0,0,0,0,0
402,402,PVT,,71,373,90,190.00,63.55,43.13,4882,310264
403,403,*NOUSE*,*NOUSE*,0,0,0,0,0,0,0,0
404,404,*NOUSE*,*NOUSE*,0,0,0,0,0,0,0,0
405,405,*NOUSE*,*NOUSE*,0,0,0,0,0,0,0,0
406,406,*NOUSE*,*NOUSE*,0,0,0,0,0,0,0,0
407,407,*NOUSE*,*NOUSE*,0,0,0,0,0,0,0,0
408,408,*NOUSE*,*NOUSE*,0,0,0,0,0,0,0,0
409,409,*NOUSE*,*NOUSE*,0,0,0,0,0,0,0,0
410,410,*NOUSE*,*NOUSE*,0,0,0,0,0,0,0,0
411,411,*NOUSE*,*NOUSE*,0,0,0,0,0,0,0,0
412,412,*NOUSE*,*NOUSE*,0,0,0,0,0,0,0,0
413,413,RIS,,69,1219,87,200.00,102.67,41.09,3232,331842
414,414,*NOUSE*,*NOUSE*,0,0,0,0,0,0,0,0
415,415,*NOUSE*,*NOUSE*,0,0,0,0,0,0,0,0
416,416,DR5,,73,1370,33,135.00,64.25,25.89,993,63796
417,417,*NOUSE*,*NOUSE*,0,0,0,0,0,0,0,0
418,418,DR18,,72,599,45,153.00,47.22,30.81,4662,220136
419,419,G1P,,75,1142,52,145.00,51.16,28.28,5020,256841
420,420,*NOUSE*,*NOUSE*,0,0,0,0,0,0,0,0
421,421,ALNR,,71,269,60,240.00,71.27,51.37,3884,276812
422,422,DR21,,74,329,57,196.00,60.92,44.46,3880,236351
423,423,PHshR,,71,256,71,219.00,71.99,50.51,4244,305514
424,424,*NOUSE*,*NOUSE*,0,0,0,0,0,0,0,0
425,425,*NOUSE*,*NOUSE*,0,0,0,0,0,0,0,0
426,426,*NOUSE*,*NOUSE*,0,0,0,0,0,0,0,0
427,427,INVR1,,74,1066,86,81.00,33.60,14.47,7118,239160
428,428,*NOUSE*,*NOUSE*,0,0,0,0,0,0,0,0
429,429,*NOUSE*,*NOUSE*,0,0,0,0,0,0,0,0
430,430,SABD,,73,1169,101,212.00,75.12,46.92,4333,325476
431,431,*NOUSE*,*NOUSE*,0,0,0,0,0,0,0,0
432,432,*NOUSE*,*NOUSE*,0,0,0,0,0,0,0,0
433,433,DR17,,74,681,46,137.00,43.78,26.78,3797,166220
434,434,*NOUSE*,*NOUSE*,0,0,0,0,0,0,0,0
435,435,*NOUSE*,*NOUSE*,0,0,0,0,0,0,0,0
436,436,*NOUSE*,*NOUSE*,0,0,0,0,0,0,0,0
437,437,E2VR,,75,1573,74,145.00,46.03,30.83,4170,191925
438,438,*NOUSE*,*NOUSE*,0,0,0,0,0,0,0,0
439,439,*NOUSE*,*NOUSE*,0,0,0,0,0,0,0,0
440,440,INV6,,74,695,77,77.00,28.83,12.70,8024,231311
441,441,*NOUSE*,*NOUSE*,0,0,0,0,0,0,0,0
442,442,DR3,,73,1451,39,142.00,56.81,25.80,2680,152259
443,443,*NOUSE*,*NOUSE*,0,0,0,0,0,0,0,0
444,444,*NOUSE*,*NOUSE*,0,0,0,0,0,0,0,0
445,445,PM5R,,74,1210,60,194.00,81.33,35.95,3053,248300
446,446,*NOUSE*,*NOUSE*,0,0,0,0,0,0,0,0
447,447,*NOUSE*,*NOUSE*,0,0,0,0,0,0,0,0
448,448,*NOUSE*,*NOUSE*,0,0,0,0,0,0,0,0
449,449,*NOUSE*,*NOUSE*,0,0,0,0,0,0,0,0
450,450,G2R,,73,1141,84,217.00,72.06,46.64,4407,317577
451,451,DA9,,73,339,82,212.00,78.79,51.04,3959,311945
452,452,*NOUSE*,*NOUSE*,0,0,0,0,0,0,0,0
453,453,IL2VR,,74,1377,94,202.00,78.79,43.65,3502,275906
454,454,IL2DR,,75,1391,39,188.00,80.89,41.41,2930,237008
455,455,*NOUSE*,*NOUSE*,0,0,0,0,0,0,0,0
456,456,*NOUSE*,*NOUSE*,0,0,0,0,0,0,0,0
457,457,*NOUSE*,*NOUSE*,0,0,0,0,0,0,0,0
458,458,*NOUSE*,*NOUSE*,0,0,0,0,0,0,0,0
459,459,LUAR,,75,294,65,233.00,78.86,56.24,3977,313642
460,460,*NOUSE*,*NOUSE*,0,0,0,0,0,0,0,0
461,461,Z1,,75,779,90,123.00,46.53,24.50,2129,99060
462,462,VR3,,77,1445,93,136.00,51.66,26.01,3250,167888
463,463,RIFR,,75,1193,97,225.00,97.28,50.85,3658,355850
464,464,VR17,,76,619,95,152.00,45.69,31.32,5647,257994
465,465,DR8,,76,1197,32,165.00,51.14,29.80,2617,133824
466,466,DR10,,77,1127,37,177.00,52.80,33.39,4158,219545
467,467,*NOUSE*,*NOUSE*,0,0,0,0,0,0,0,0
468,468,*NOUSE*,*NOUSE*,0,0,0,0,0,0,0,0
469,469,*NOUSE*,*NOUSE*,0,0,0,0,0,0,0,0
470,470,G1AR,,77,1191,54,196.00,65.39,33.73,3639,237938
471,471,REPVR,,77,344,68,185.00,55.78,40.81,5155,287540
472,472,M,,77,592,63,91.00,31.66,16.21,6867,217385
473,473,PVQR,,78,321,71,202.00,57.67,41.71,4723,272380
474,474,*NOUSE*,*NOUSE*,0,0,0,0,0,0,0,0
475,475,*NOUSE*,*NOUSE*,0,0,0,0,0,0,0,0
476,476,VR19,,76,455,89,168.00,54.29,36.84,3407,184974
477,477,*NOUSE*,*NOUSE*,0,0,0,0,0,0,0,0
478,478,*NOUSE*,*NOUSE*,0,0,0,0,0,0,0,0
479,479,CCRP,,79,1002,96,185.00,51.41,39.61,5275,271192
480,480,VR15,,78,803,93,152.00,47.05,29.66,5136,241666
481,481,*NOUSE*,*NOUSE*,0,0,0,0,0,0,0,0
482,482,CEPDR,,76,1322,35,197.00,72.10,42.91,3070,221356
483,483,M1,,75,1177,46,211.00,65.73,44.11,3770,247805
484,484,*NOUSE*,*NOUSE*,0,0,0,0,0,0,0,0
485,485,*NOUSE*,*NOUSE*,0,0,0,0,0,0,0,0
486,486,PHBR,,76,306,67,188.00,72.92,48.00,3737,272492
487,487,*NOUSE*,*NOUSE*,0,0,0,0,0,0,0,0
488,488,PM6VR,,77,1183,73,152.00,65.21,27.44,3174,206971
489,489,SIAVR,,77,1251,85,189.00,79.91,38.44,3232,258281
490,490,*NOUSE*,*NOUSE*,0,0,0,0,0,0,0,0
491,491,*NOUSE*,*NOUSE*,0,0,0,0,0,0,0,0
492,492,*NOUSE*,*NOUSE*,0,0,0,0,0,0,0,0
493,493,VR11,,78,1051,101,151.00,47.60,31.82,6389,304095
494,494,*NOUSE*,*NOUSE*,0,0,0,0,0,0,0,0
495,495,ALMR,,80,876,51,165.00,52.16,38.09,4859,253430
496,496,AVBR,,78,1246,55,171.00,79.80,35.09,2826,225528
497,497,MC3DR,,80,1157,57,157.00,49.70,31.11,3728,185292
498,498,*NOUSE*,*NOUSE*,0,0,0,0,0,0,0,0
499,499,AIBR,,78,1285,63,170.00,77.80,35.47,3223,250763
500,500,M2R,,78,1199,69,235.00,98.16,48.38,2577,252966
501,501,*NOUSE*,*NOUSE*,0,0,0,0,0,0,0,0
502,502,*NOUSE*,*NOUSE*,0,0,0,0,0,0,0,0
503,503,VR9,,79,1128,95,173.00,56.05,35.49,5410,303240
504,504,VR13,,79,914,95,145.00,46.22,29.69,4675,216072
505,505,VR12,,80,981,95,148.00,44.31,29.98,5718,253378
506,506,*NOUSE*,*NOUSE*,0,0,0,0,0,0,0,0
507,507,*NOUSE*,*NOUSE*,0,0,0,0,0,0,0,0
508,508,*NOUSE*,*NOUSE*,0,0,0,0,0,0,0,0
509,509,*NOUSE*,*NOUSE*,0,0,0,0,0,0,0,0
510,510,RIBR,,80,1264,62,189.00,77.82,35.96,3121,242874
511,511,*NOUSE*,*NOUSE*,0,0,0,0,0,0,0,0
512,512,PM7VR,,81,1155,75,142.00,48.21,29.67,4955,238894
513,513,*NOUSE*,*NOUSE*,0,0,0,0,0,0,0,0
514,514,*NOUSE*,*NOUSE*,0,0,0,0,0,0,0,0
515,515,VR10,,80,1105,95,147.00,47.53,29.95,5428,257991
516,516,*NOUSE*,*NOUSE*,0,0,0,0,0,0,0,0
517,517,VR16,,80,707,94,160.00,49.37,33.00,6038,298116
518,518,DR4,,81,1415,38,150.00,59.70,27.20,3387,202212
519,519,AMshR,,82,1211,44,143.00,54.14,24.68,4195,227125
520,520,ADFR,,80,1288,45,166.00,78.49,32.67,2931,230049
521,521,*NOUSE*,*NOUSE*,0,0,0,0,0,0,0,0
522,522,AINR,,80,1226,56,197.00,93.53,40.42,2477,231683
523,523,AIZR,,78,1231,68,205.00,112.60,41.63,2384,268449
524,524,RIMR,,79,1247,70,196.00,86.80,39.85,2680,232617
525,525,*NOUSE*,*NOUSE*,0,0,0,0,0,0,0,0
526,526,CCRA,,83,1027,92,176.00,50.97,40.09,5318,271041
527,527,*NOUSE*,*NOUSE*,0,0,0,0,0,0,0,0
528,528,*NOUSE*,*NOUSE*,0,0,0,0,0,0,0,0
529,529,ARCPDR,,80,1462,54,199.00,69.98,41.66,3483,243746
530,530,DR1,,79,1517,54,108.00,44.48,19.89,2028,90214
531,531,*NOUSE*,*NOUSE*,0,0,0,0,0,0,0,0
532,532,*NOUSE*,*NOUSE*,0,0,0,0,0,0,0,0
533,533,*NOUSE*,*NOUSE*,0,0,0,0,0,0,0,0
534,534,*NOUSE*,*NOUSE*,0,0,0,0,0,0,0,0
535,535,P9/10R,,81,512,82,113.00,41.05,23.54,5954,244397
536,536,VR2,,80,1488,90,141.00,53.69,24.70,3630,194884
537,537,*NOUSE*,*NOUSE*,0,0,0,0,0,0,0,0
538,538,CEPshDR,,82,1347,49,183.00,71.25,36.74,2715,193432
539,539,*NOUSE*,*NOUSE*,0,0,0,0,0,0,0,0
540,540,*NOUSE*,*NOUSE*,0,0,0,0,0,0,0,0
541,541,HYP5R,,82,1558,61,112.00,36.29,18.62,4421,160418
542,542,*NOUSE*,*NOUSE*,0,0,0,0,0,0,0,0
543,543,*NOUSE*,*NOUSE*,0,0,0,0,0,0,0,0
544,544,CANR,,84,783,70,182.00,52.09,37.11,4496,234201
545,545,V5R,,82,541,75,107.00,38.46,22.21,4874,187458
546,546,V6R,,82,462,73,114.00,36.76,19.99,6378,234475
547,547,QR,,84,607,80,133.00,39.62,23.88,5348,211913
548,548,AVKR,,81,1213,87,196.00,79.83,40.69,3798,303196
549,549,EXC GL R,,83,1167,92,154.00,53.24,32.04,5315,282969
550,550,AMsoR,,82,1482,57,157.00,60.26,34.08,3908,235502
551,551,*NOUSE*,*NOUSE*,0,0,0,0,0,0,0,0
552,552,*NOUSE*,*NOUSE*,0,0,0,0,0,0,0,0
553,553,CEPsoVR,,83,1376,85,162.00,72.62,32.40,3272,237613
554,554,*NOUSE*,*NOUSE*,0,0,0,0,0,0,0,0
555,555,HSNR,,86,718,85,166.00,47.32,35.05,5509,260673
556,556,*NOUSE*,*NOUSE*,0,0,0,0,0,0,0,0
557,557,HYP7RC2,,86,899,56,91.00,32.57,16.26,5045,164294
558,558,HYP7RC3,,85,758,59,72.00,28.68,12.02,6672,191386
559,559,*NOUSE*,*NOUSE*,0,0,0,0,0,0,0,0
560,560,*NOUSE*,*NOUSE*,0,0,0,0,0,0,0,0
561,561,*NOUSE*,*NOUSE*,0,0,0,0,0,0,0,0
562,562,*NOUSE*,*NOUSE*,0,0,0,0,0,0,0,0
563,563,*NOUSE*,*NOUSE*,0,0,0,0,0,0,0,0
564,564,*NOUSE*,*NOUSE*,0,0,0,0,0,0,0,0
565,565,*NOUSE*,*NOUSE*,0,0,0,0,0,0,0,0
566,566,*NOUSE*,*NOUSE*,0,0,0,0,0,0,0,0
567,567,*NOUSE*,*NOUSE*,0,0,0,0,0,0,0,0
568,568,HYP7RC1,,86,1002,60,84.00,30.09,13.13,6806,204779
569,569,HYP7ABR3,,88,1085,61,106.00,37.10,19.26,5076,188330
570,570,*NOUSE*,*NOUSE*,0,0,0,0,0,0,0,0
571,571,*NOUSE*,*NOUSE*,0,0,0,0,0,0,0,0
572,572,*NOUSE*,*NOUSE*,0,0,0,0,0,0,0,0
573,573,*NOUSE*,*NOUSE*,0,0,0,0,0,0,0,0
574,574,ilSHr,,88,1440,73,156.00,61.39,35.48,3896,239170
575,575,*NOUSE*,*NOUSE*,0,0,0,0,0,0,0,0
576,576,*NOUSE*,*NOUSE*,0,0,0,0,0,0,0,0
577,577,*NOUSE*,*NOUSE*,0,0,0,0,0,0,0,0
578,578,VR8,,85,1190,91,152.00,57.05,29.65,3656,208567
579,579,*NOUSE*,*NOUSE*,0,0,0,0,0,0,0,0
580,580,*NOUSE*,*NOUSE*,0,0,0,0,0,0,0,0
581,581,*NOUSE*,*NOUSE*,0,0,0,0,0,0,0,0
582,582,*NOUSE*,*NOUSE*,0,0,0,0,0,0,0,0
583,583,*NOUSE*,*NOUSE*,0,0,0,0,0,0,0,0
584,584,*NOUSE*,*NOUSE*,0,0,0,0,0,0,0,0
585,585,V4R,,87,678,76,91.00,34.38,18.26,6672,229407
586,586,RMGR,,87,1200,78,190.00,77.87,42.69,3653,284444
587,587,*NOUSE*,*NOUSE*,0,0,0,0,0,0,0,0
588,588,*NOUSE*,*NOUSE*,0,0,0,0,0,0,0,0
589,589,*NOUSE*,*NOUSE*,0,0,0,0,0,0,0,0
590,590,V1R,,89,1045,70,108.00,36.39,18.37,5769,209942
591,591,*NOUSE*,*NOUSE*,0,0,0,0,0,0,0,0
592,592,P1/2R,,89,980,82,123.00,40.27,23.87,5452,219567
593,593,*NOUSE*,*NOUSE*,0,0,0,0,0,0,0,0
594,594,RMDVR,,91,1335,55,164.00,57.38,36.06,3933,225674
595,595,ASER,,91,1254,55,129.00,57.12,29.65,4000,228471
596,596,*NOUSE*,*NOUSE*,0,0,0,0,0,0,0,0
597,597,H0R,,91,1456,64,149.00,48.02,27.57,4808,230892
598,598,*NOUSE*,*NOUSE*,0,0,0,0,0,0,0,0
599,599,*NOUSE*,*NOUSE*,0,0,0,0,0,0,0,0
600,600,ASHR,,89,1278,58,150.00,69.84,34.74,3390,236751
601,601,*NOUSE*,*NOUSE*,0,0,0,0,0,0,0,0
602,602,*NOUSE*,*NOUSE*,0,0,0,0,0,0,0,0
603,603,asjr,,92,1254,69,172.00,59.66,34.23,4768,284441
604,604,HYP7ABRV,,90,1119,70,92.00,33.64,15.12,5996,201682
605,605,*NOUSE*,*NOUSE*,0,0,0,0,0,0,0,0
606,606,*NOUSE*,*NOUSE*,0,0,0,0,0,0,0,0
607,607,*NOUSE*,*NOUSE*,0,0,0,0,0,0,0,0
608,608,RICR,,91,1236,71,201.00,76.66,48.31,4024,308493
609,609,*NOUSE*,*NOUSE*,0,0,0,0,0,0,0,0
610,610,*NOUSE*,*NOUSE*,0,0,0,0,0,0,0,0
611,611,IL1R,,93,1387,62,167.00,59.67,37.01,4167,248625
612,612,OLlSHR,,94,1422,65,164.00,55.30,35.94,4955,273996
613,613,*NOUSE*,*NOUSE*,0,0,0,0,0,0,0,0
614,614,HYP7ABRD,,90,1143,52,85.00,38.66,16.51,2734,105702
615,615,*NOUSE*,*NOUSE*,0,0,0,0,0,0,0,0
616,616,*NOUSE*,*NOUSE*,0,0,0,0,0,0,0,0
617,617,*NOUSE*,*NOUSE*,0,0,0,0,0,0,0,0
618,618,ADEshR,,91,1184,72,190.00,57.64,37.84,4529,261039
619,619,*NOUSE*,*NOUSE*,0,0,0,0,0,0,0,0
620,620,*NOUSE*,*NOUSE*,0,0,0,0,0,0,0,0
621,621,*NOUSE*,*NOUSE*,0,0,0,0,0,0,0,0
622,622,RMED,*MANUAL*,63,1348,40,215.00,114.56,45.12,1076,123265
623,623,OLQDL,*MANUAL*,56,1354,45,221.00,136.36,32.00,1061,144679
624,624,IL1DL,*MANUAL*,58,1366,49,224.00,146.21,37.09,1215,177642
625,625,OLQDR,*MANUAL*,70,1354,40,216.00,138.44,28.75,1361,188420
626,626,IL1DR,*MANUAL*,68,1367,44,234.00,152.97,34.50,1195,182803
627,627,URYDL,*MANUAL*,48,1362,52,221.00,133.54,36.61,1335,178271
628,628,URADL,*MANUAL*,50,1373,52,222.00,121.87,46.17,1291,157329
629,629,RMEL,*MANUAL*,45,1349,68,230.00,134.13,39.31,1355,181744
630,630,RIPL,*MANUAL*,48,1361,65,222.00,132.72,34.62,1362,180763
631,631,OLLL,*MANUAL*,48,1374,63,219.00,139.91,32.05,1365,190974
632,632,OLQshDL,*MANUAL*,40,1421,61,249.00,141.95,56.90,1219,173036
633,633,ILshDL,*MANUAL*,44,1428,56,251.00,146.47,48.10,1150,168444
634,634,ARCPDL,*MANUAL*,41,1455,61,185.00,84.38,38.35,2101,177279
635,635,AMsoL,*MANUAL*,48,1467,60,192.00,106.76,35.11,1365,145723
636,636,HYP2L,*MANUAL*,40,1477,71,193.00,109.31,38.33,1365,149204
637,637,ARCPVL,*MANUAL*,44,1476,83,232.00,134.36,45.84,1213,162984
638,638,ILsoL,*MANUAL*,44,1459,83,219.00,131.55,41.59,1317,173249
639,639,OLQsoVL,*MANUAL*,47,1449,88,234.00,143.46,43.52,1354,194243
640,640,ILshL,*MANUAL*,46,1434,88,247.00,126.93,52.70,1327,168440
641,641,BAGL,*MANUAL*,43,1361,78,211.00,118.44,44.25,1973,233688
642,642,CEPshVL,*MANUAL*,47,1341,86,243.00,122.57,49.98,1365,167309
643,643,OLQVL,*MANUAL*,50,1357,85,247.00,160.53,35.49,1323,212385
644,644,URYDR,*MANUAL*,77,1364,47,237.00,148.50,42.08,1161,172411
645,645,URADR,*MANUAL*,76,1376,45,222.00,138.47,40.95,1277,176823
646,646,RMER,*MANUAL*,82,1350,61,188.00,94.73,41.57,1220,115575
647,647,RIPR,*MANUAL*,81,1361,57,188.00,123.85,29.55,1355,167820
648,648,OLLR,*MANUAL*,82,1376,54,218.00,133.22,37.90,1243,165591
649,649,CEPsoDR,*MANUAL*,84,1390,47,234.00,125.00,43.66,1365,170631
650,650,OLLsoR,*MANUAL*,85,1411,48,207.00,117.83,44.77,1353,159419
651,651,OLQshDR,*MANUAL*,91,1425,52,205.00,103.78,39.13,1365,141666
652,652,ILshDR,*MANUAL*,82,1434,49,223.00,128.60,46.73,1147,147499
653,653,HYP1R,*MANUAL*,84,1444,52,211.00,105.70,44.40,1365,144280
654,654,ARCPVR,*MANUAL*,86,1483,77,162.00,83.87,34.09,1908,160019
655,655,ILsoR,*MANUAL*,86,1465,79,160.00,87.00,31.08,1349,117369
656,656,OLQsoVR,*MANUAL*,84,1453,80,191.00,107.10,30.99,1239,132703
657,657,XXXR,*MANUAL*,94,1401,66,196.00,110.83,39.75,1354,150065
658,658,BAGR,*MANUAL*,88,1364,68,166.00,86.40,27.81,2024,174868
659,659,URBR,*MANUAL*,91,1374,55,205.00,116.92,45.07,1365,159601
660,660,IL2R,*MANUAL*,93,1401,53,182.00,102.27,35.09,1365,139595
661,661,URYVR,*MANUAL*,88,1378,73,181.00,105.10,32.30,1365,143462
662,662,OLQVR,*MANUAL*,85,1360,79,186.00,107.02,36.79,1327,142020
663,663,CEPsHVR,*MANUAL*,86,1340,74,151.00,93.05,25.69,1345,125154
664,664,OLQsHVR,*MANUAL*,85,1430,81,195.00,91.17,45.81,1359,123896
665,665,RMEV,*MANUAL*,68,1330,94,207.00,130.06,34.68,1365,177528
666,666,CEPVL,*MANUAL*,59,1340,94,232.00,159.80,30.40,1365,218125
667,667,CEPVR,*MANUAL*,80,1343,86,193.00,113.14,29.03,1365,154439
668,668,URAVR,*MANUAL*,81,1359,90,211.00,123.54,42.83,1365,168631
669,669,IL1VR,*MANUAL*,71,1350,94,244.00,158.94,33.97,1360,216164
670,670,URAVL,*MANUAL*,57,1360,94,246.00,170.71,45.77,1321,225506
671,671,IL1VL,*MANUAL*,65,1369,93,243.00,160.68,38.44,1322,212425
672,672,IL2VL,*MANUAL*,55,1407,98,234.00,112.89,50.20,1281,144607
673,673,M3R,*MANUAL*,73,1363,77,211.00,120.16,40.38,1365,164013
674,674,NSMR,*MANUAL*,78,1391,77,196.00,107.91,41.91,1365,147291
675,675,MI,*MANUAL*,66,1409,46,217.00,135.62,34.63,1115,151219
676,676,PM4DL,*MANUAL*,58,1407,52,189.00,106.96,39.83,1365,146007
677,677,PM4DR,*MANUAL*,73,1407,52,175.00,90.41,32.84,1357,122693
678,678,PM4L,*MANUAL*,51,1404,68,219.00,97.71,41.52,2059,201181
679,679,PM4R,*MANUAL*,82,1405,65,168.00,80.07,34.12,2079,166458
680,680,PM4VR,*MANUAL*,72,1404,83,158.00,92.08,26.85,1313,120900
681,681,PM4VL,*MANUAL*,59,1407,84,170.00,89.58,28.27,1287,115289
682,682,MCL,*MANUAL*,58,1413,75,216.00,130.50,37.76,1251,163260
683,683,I2L,*MANUAL*,49,1414,80,237.00,151.26,39.47,1365,206470
684,684,MCR,*MANUAL*,75,1415,72,225.00,124.91,46.42,1297,162005
685,685,I2R,*MANUAL*,82,1410,78,211.00,120.88,39.74,1228,148445
686,686,*NOUSE*,*NOUSE*,0,0,0,0,0,0,0,0
687,687,PM1DR,*MANUAL*,71,1430,51,248.00,152.09,50.34,624,94907
688,688,PM1Dl,*MANUAL*,63,1428,51,254.00,141.05,53.91,1233,173909
689,689,PM1L,*MANUAL*,50,1429,72,242.00,123.16,55.68,1258,154934
690,690,PM1VL,*MANUAL*,55,1429,84,240.00,136.81,49.27,1024,140089
691,691,PM1R,*MANUAL*,77,1431,67,212.00,112.72,49.41,1071,120722
692,692,PM1VR,*MANUAL*,75,1429,77,220.00,123.89,43.06,1241,153746
693,693,MC1V,*MANUAL*,64,1429,84,240.00,115.38,41.43,2103,242653
694,694,MC1DR,*MANUAL*,77,1427,57,221.00,113.35,34.48,2103,238378
695,695,MC1DL,*MANUAL*,54,1427,61,225.00,102.90,42.14,2969,305506
696,696,I1R,*MANUAL*,75,1451,75,204.00,88.39,45.12,2103,185884
697,697,I1L,*MANUAL*,54,1449,78,222.00,101.55,39.89,1365,138620
698,698,PM2D1,*MANUAL*,64,1538,51,173.00,86.55,41.62,1227,106194
699,699,PM2D2,*MANUAL*,64,1523,52,175.00,78.88,40.96,1365,107667
700,700,E1D,*MANUAL*,64,1498,51,176.00,110.20,32.94,1013,111633
701,701,E3D,*MANUAL*,65,1461,52,145.00,71.49,31.19,1365,97586
702,702,PM2VL1,*MANUAL*,55,1541,76,180.00,93.63,41.60,1365,127808
703,703,PM2VL2,*MANUAL*,54,1528,78,196.00,99.78,41.85,1365,136197
704,704,E1VL,*MANUAL*,54,1506,80,200.00,113.56,37.13,1219,138429
705,705,E3VL,*MANUAL*,54,1485,81,195.00,92.72,37.60,1355,125635
706,706,PM2VR1,*MANUAL*,75,1547,73,205.00,91.22,51.68,1361,124145
707,707,PM2VR2,*MANUAL*,77,1533,75,185.00,77.92,46.19,1365,106365
708,708,E1VR,*MANUAL*,77,1517,75,204.00,100.09,44.26,1136,113699
709,709,E3VR,*MANUAL*,77,1489,79,160.00,87.60,30.25,1354,118616
710,710,PM3R,*MANUAL*$447$449,75,1469,71,131.00,55.47,25.57,2887,160137
711,711,PM3VR,*MANUAL*,74,1502,80,140.00,72.65,21.30,1863,135345
712,712,PM3VL,*MANUAL*,62,1502,81,147.00,68.70,22.44,1365,93778
713,713,PM3DL,*MANUAL*,59,1497,57,152.00,63.38,27.55,1333,84481
714,714,PM3DR,*MANUAL*,70,1474,56,127.00,56.60,19.38,1365,77259
715,715,HYP32,*MANUAL*,57,1534,45,179.00,108.17,29.44,1365,147656
716,716,ILsoDL,*MANUAL*,56,1511,46,187.00,109.80,40.17,1365,149876
717,717,OLQsoDL,*MANUAL*,53,1494,48,206.00,121.72,33.94,1354,164806
718,718,ILsoDR,*MANUAL*,67,1498,41,204.00,114.90,51.76,1326,152358
719,719,OLQsoDR,*MANUAL*,67,1479,41,231.00,122.02,49.91,1311,159966
720,720,HYP1V,*MANUAL*,59,1529,92,188.00,92.19,39.00,1365,125846
721,721,ILsoVR,*MANUAL*,70,1516,91,208.00,109.85,40.48,1229,135004
722,722,ILshVL,*MANUAL*,58,1486,95,225.00,130.01,37.07,1211,157441
723,723,HYP6D1,*MANUAL*,60,1488,38,194.00,74.28,41.40,2103,156209
724,724,ILsoVL,*MANUAL*,59,1507,94,203.00,113.78,38.29,1347,153257
725,725,HYP6V1,*MANUAL*,65,1516,99,137.00,48.07,30.94,2103,101097
726,726,HYP6V2,*MANUAL*$332$298,64,1465,95,137.00,52.01,23.11,4786,248896
727,727,HYP7V1,*MANUAL*$403$369,66,1409,100,139.00,53.62,25.07,4209,225695
728,728,HYP7V2,*MANUAL*,67,1361,103,182.00,63.49,30.86,2969,188491
729,729,RMGL,*MANUAL*,41,1200,79,240.00,131.02,51.42,1365,178848
730,730,ADAL,*MANUAL*,40,1212,83,246.00,155.53,46.98,1346,209343
731,731,FLPL,*MANUAL*,40,1225,76,236.00,153.17,53.22,1283,196518
732,732,AIZL,*MANUAL*,49,1230,72,238.00,160.12,35.67,1364,218400
733,733,AWCL,*MANUAL*,39,1289,72,189.00,105.30,34.92,1365,143736
734,734,AUAL,*MANUAL*,39,1273,80,250.00,137.87,52.49,1259,173582
735,735,ASEL,*MANUAL*,39,1254,63,217.00,122.44,28.87,1365,167124
736,736,AVHL,*MANUAL*,41,1246,49,225.00,131.71,44.76,1243,163710
737,737,ASGL,*MANUAL*,48,1258,48,197.00,123.66,31.45,1269,156926
738,738,AWBL,*MANUAL*,41,1266,47,218.00,119.11,37.48,1365,162581
739,739,ADFL,*MANUAL*,43,1284,49,187.00,112.80,32.68,1287,145169
740,740,AFDL,*MANUAL*,42,1296,61,197.00,119.96,33.68,1361,163268
741,741,AVAL,*MANUAL*,42,1312,60,202.00,126.13,36.55,1249,157542
742,742,SMDVL,*MANUAL*,44,1306,48,227.00,123.07,41.48,1227,151006
743,743,ADER,*MANUAL*,83,1214,69,209.00,142.76,30.72,1210,172740
744,744,ADAR,*MANUAL*,91,1208,73,217.00,127.93,34.48,1365,174619
745,745,ADEL,*MANUAL*,43,1213,70,240.00,134.67,43.35,2103,283206
746,746,RMDR,*MANUAL*,92,1318,71,154.00,94.06,26.91,1339,125950
747,747,SIBDR,*MANUAL*,89,1305,72,209.00,115.30,43.79,1365,157384
748,748,AWCR,*MANUAL*,93,1295,64,147.00,95.03,18.92,1365,129710
749,749,AUAR,*MANUAL*,91,1274,71,182.00,107.10,23.00,1353,144909
750,750,FLPR,*MANUAL*,89,1224,69,207.00,132.81,28.35,1365,181283
751,751,AFDR,*MANUAL*,87,1298,52,159.00,107.44,23.26,1365,146657
752,752,AWBR,*MANUAL*,86,1275,43,181.00,111.42,33.69,1309,145853
753,753,ASGR,*MANUAL*,82,1259,43,179.00,102.61,35.23,2064,211784
754,754,AVHR,*MANUAL*,83,1246,42,218.00,128.01,34.88,1299,166281
755,755,AVDR,*MANUAL*,87,1237,59,219.00,125.94,30.57,1365,171910
756,756,AVJR,*MANUAL*,85,1234,46,215.00,122.67,36.55,1249,153216
757,757,CEPDL,*MANUAL*,50,1316,39,202.00,103.78,41.04,2085,216389
758,758,GLRDR,*MANUAL*,68,1323,45,235.00,132.43,51.42,1259,166727
759,759,GLRDL,*MANUAL*,57,1322,49,225.00,130.48,38.88,1320,172232
760,760,SAAVL,*MANUAL*,51,1316,57,215.00,134.13,34.54,1365,183089
761,761,SAAVR,*MANUAL*,77,1318,52,213.00,126.39,35.90,1335,168725
762,762,SMDVR,*MANUAL*,85,1314,45,197.00,109.33,41.19,1339,146397
763,763,AVAR,*MANUAL*,91,1315,56,164.00,104.72,24.64,1365,142944
764,764,URXR,*MANUAL*,70,1310,38,190.00,122.60,30.59,1315,161216
765,765,RIAR,*MANUAL*,77,1303,44,196.00,117.67,25.97,1365,160614
766,766,ASIR,*MANUAL*,72,1252,40,178.00,104.41,36.29,1365,142514
767,767,RIVR,*MANUAL*,76,1237,42,216.00,129.58,39.89,1365,176882
768,768,AVBL,*MANUAL*,50,1244,50,230.00,123.33,47.25,1365,168352
769,769,AWAL,*MANUAL*,50,1277,52,191.00,118.51,33.68,1365,161772
770,770,RIAL,*MANUAL*,51,1299,52,214.00,134.29,35.22,1365,183300
771,771,GLRL,*MANUAL*,56,1307,76,244.00,154.51,54.12,969,149719
772,772,GLRVL,*MANUAL*,56,1312,83,252.00,154.44,57.76,1365,210812
773,773,GLRVR,*MANUAL*,70,1312,80,236.00,133.63,47.33,1229,164228
774,774,GLRR,*MANUAL*,76,1313,72,215.00,122.90,37.24,1345,165301
775,775,G2,*MANUAL*,65,1266,93,232.00,122.13,43.11,1966,240114
776,776,AVEL,*MANUAL*,50,1305,69,243.00,148.11,38.32,1365,202175
777,777,RIML,*MANUAL*,49,1246,69,229.00,145.30,34.48,1365,198337
778,778,AVER,*MANUAL*,79,1306,62,181.00,113.50,32.28,1365,154927
779,779,AWAR,*MANUAL*,77,1274,50,180.00,108.85,28.18,1365,148580
780,780,RMDDL,*MANUAL*,50,1302,94,245.00,145.59,43.34,1303,189698
781,781,SIADL,*MANUAL*,48,1271,85,254.00,176.61,42.89,1341,236840
782,782,RMDDR,*MANUAL*,83,1301,85,206.00,109.68,39.16,1127,123614
783,783,SMBDR,*MANUAL*,77,1264,92,205.00,120.20,40.56,1365,164075
784,784,SIADR,*MANUAL*,83,1270,80,215.00,132.77,36.42,1347,178847
785,785,AVL,*MANUAL*,75,1265,73,204.00,125.99,29.45,1205,151823
786,786,AIAR,*MANUAL*,67,1263,79,241.00,140.13,48.53,1333,186797
787,787,AIAL,*MANUAL*,58,1270,78,233.00,160.58,34.56,1365,219194
788,788,RIH,*MANUAL*,66,1297,84,245.00,163.67,30.11,895,146489
789,789,SAADL,*MANUAL*,58,1298,87,250.00,180.33,31.13,1321,238221
790,790,SAADR,*MANUAL*,75,1298,83,250.00,175.96,30.15,1356,238599
791,791,SMDDR,*MANUAL*,84,1282,88,201.00,102.39,45.80,1365,139764
792,792,SMBVR,*MANUAL*,72,1279,89,219.00,139.78,35.99,1365,190794
793,793,SMBVL,*MANUAL*,59,1282,86,237.00,153.01,37.09,1363,208555
794,794,SIBVL,*MANUAL*,50,1291,82,238.00,158.94,40.90,1365,216953
795,795,RIR,*MANUAL*,70,1281,75,212.00,132.73,38.26,1365,181174
796,796,SIBVR,*MANUAL*,80,1290,75,219.00,129.93,38.29,1365,177361
797,797,EXC,*MANUAL*,58,1239,82,160.00,66.28,23.75,4063,269292
798,798,MC2V,*MANUAL*$326$342,64,1227,67,164.00,79.90,30.55,3460,276440
799,799,*NOUSE*,*NOUSE*,0,0,0,0,0,0,0,0
800,800,PM5VL,*MANUAL*,61,1206,77,226.00,141.77,27.50,1222,173241
801,801,PM5VR,*MANUAL*,70,1206,77,236.00,135.56,34.49,1365,185046
802,802,VPI2DR,*MANUAL*,78,1127,56,209.00,101.27,38.49,1365,138235
803,803,HYP7LC1,*MANUAL*$57$42,42,1019,60,111.00,34.16,16.81,6680,228157
804,804,SABVL,*MANUAL*,61,1216,102,244.00,166.66,42.02,1345,224156
805,805,SABVR,*MANUAL*,67,1206,100,252.00,152.09,50.19,1365,207606
806,806,AVG,*MANUAL*,66,1187,104,222.00,135.84,39.97,1365,185427
807,807,RIFL,*MANUAL*,58,1197,100,252.00,160.90,47.67,1365,219630
808,808,AIMR,*MANUAL*,69,1233,78,230.00,155.03,32.44,1153,178744
809,809,AIYR,*MANUAL*,78,1230,81,232.00,147.75,34.84,1365,201685
810,810,AIML,*MANUAL*,60,1222,83,244.00,163.98,34.73,1153,189066
811,811,AIYL,*MANUAL*,50,1221,83,252.00,181.72,34.95,1365,248043
812,812,RIGL,*MANUAL*,60,1175,102,235.00,142.31,41.47,1365,194256
813,813,DD1,*MANUAL*,60,1153,103,248.00,145.43,56.89,1339,194736
814,814,DB1,*MANUAL*,67,1141,104,221.00,118.56,36.80,1365,161838
815,815,DB3,*MANUAL*,65,1084,104,214.00,126.27,33.32,1365,172359
816,816,DB4,*MANUAL*,65,935,105,178.00,94.69,42.23,1365,129247
817,817,DA5,*MANUAL*,68,714,105,196.00,91.77,45.68,2103,193001
818,818,DA6,*MANUAL*,65,581,100,248.00,117.17,53.12,1365,159943
819,819,DB7,*MANUAL*,64,480,98,187.00,116.86,37.01,1365,159515
820,820,INDR1,*MANUAL*$409$408,73,1075,50,94.00,35.94,16.54,5977,214802
821,821,INV4,*MANUAL*,65,852,87,58.00,27.53, 9.57,4139,113928
822,822,IND4,*MANUAL*,64,886,50,74.00,30.96,11.99,4139,128135
823,823,INV5,*MANUAL*,55,756,73,98.00,31.45,13.44,4025,126568
824,824,INV7,*MANUAL*,64,591,87,80.00,29.79,13.42,4139,123285
825,825,INV8,*MANUAL*,62,489,85,109.00,45.10,18.33,2969,133898
826,826,INV9,*MANUAL*,68,401,88,109.00,38.94,21.35,3922,152717
827,827,IND8,*MANUAL*,63,454,55,131.00,43.81,21.08,4110,180062
828,828,HYP7ABLV,*MANUAL*$23$21,38,1112,75,119.00,39.44,20.77,6970,274931
829,829,V2L,*MANUAL*$61$51,42,930,81,135.00,40.58,24.09,5716,231936
830,830,P3/4L,*MANUAL*$69$65,44,874,86,145.00,45.46,29.42,5973,271557
831,831,V3L,*MANUAL*$62$63,43,817,83,145.00,40.71,24.54,6637,270189
832,832,V5L,*MANUAL*$110$111,50,531,79,146.00,40.09,22.93,6747,270493
833,833,V6L,*MANUAL*$99$100,48,449,75,140.00,40.06,25.35,5742,230021
834,834,CANL,*MANUAL*,45,745,70,189.00,95.03,39.11,1365,129710
835,835,*NOUSE*,*NOUSE*,0,0,0,0,0,0,0,0
836,836,HYP7LC2,*MANUAL*$43$835,42,895,60,114.00,34.99,18.91,6960,243501
837,837,HYP7LC3,*MANUAL*$54$55,42,780,56,115.00,34.88,18.77,6152,214594
838,838,HYP7LC4,*MANUAL*$92$83,46,618,62,107.00,34.51,17.33,6715,231751
839,839,HYP7LC5,*MANUAL*$96$107,48,499,61,132.00,38.95,23.13,6022,234551
840,840,H1R,*MANUAL*,93,1348,65,174.00,73.49,32.28,2969,218202
841,841,H2R,*MANUAL*$616$610,91,1200,57,112.00,46.31,20.41,5205,241060
842,842,BDUR,*MANUAL*,87,1071,75,180.00,101.69,36.52,1365,138813
843,843,V2R,*MANUAL*$598$599,89,937,77,105.00,34.19,18.18,5484,187476
844,844,P3/4R,*MANUAL*$591$577,87,885,80,115.00,40.58,23.71,5462,221628
845,845,V3R,*MANUAL*$576$575,86,825,78,105.00,34.50,17.72,6240,215279
846,846,P5/6R,*MANUAL*,87,776,82,142.00,64.07,25.44,2103,134748
847,847,P7/8R,*MANUAL*$566$565,84,640,86,120.00,40.95,23.28,5443,222898
848,848,HYP7RC4,*MANUAL*$552$563$540,83,637,57,85.00,29.89,13.95,6126,183095
849,849,HYP7RC5,*MANUAL*$543$533,81,498,60,99.00,34.87,17.77,5937,207006
850,850,HYP7RC6,*MANUAL*,80,360,57,116.00,34.18,22.70,2968,101440
851,851,HYP8,*MANUAL*,69,168,76,137.00,65.90,30.68,1827,120395
852,852,HYP11,*MANUAL*,64,165,68,139.00,59.76,32.99,2969,177424
853,853,SPH,*MANUAL*,54,354,78,243.00,145.09,42.24,1319,191370
854,854,PVCR,*MANUAL*,74,280,72,209.00,93.11,42.41,1949,181472
855,855,PHAR,*MANUAL*,74,304,80,229.00,120.11,50.42,1308,157099
856,856,K,*MANUAL*,56,317,58,206.00,96.18,37.21,2969,285544
857,857,B,*MANUAL*,65,297,82,205.00,108.12,45.80,2103,227382
858,858,DVC,*MANUAL*,65,273,73,213.00,123.45,30.99,2103,259609
859,859,DA8,*MANUAL*,56,342,87,227.00,141.95,43.17,1287,182689
860,860,PVPL,*MANUAL*,57,364,91,223.00,127.91,50.45,1266,161931
861,861,IML,*MANUAL*,55,384,88,204.00,87.31,42.84,2103,183616
862,862,DD6,*MANUAL*,63,350,84,235.00,162.91,40.98,1091,177739
863,863,PVPR,*MANUAL*,71,354,83,235.00,135.05,51.69,1808,244165
864,864,IMR,*MANUAL*,79,399,84,167.00,71.29,35.00,2103,149929
865,865,P11/12R,*MANUAL*,80,360,79,188.00,59.69,36.31,2969,177211
866,866,P11/12L,*MANUAL*,48,365,82,192.00,57.30,32.70,2969,170109
867,867,DL2,*MANUAL*,46,1482,54,149.00,69.39,31.30,2103,145921
868,868,DL5,*MANUAL*,50,1356,40,193.00,81.31,43.01,1365,110989
869,869,DL7,*MANUAL*,52,1221,34,198.00,66.86,37.35,2019,134988
870,870,HMC,*MANUAL*,62,1213,32,161.00,75.05,32.97,2103,157837
871,871,DL8,*MANUAL*$89$88,47,1177,37,143.00,48.65,27.22,4428,215425
872,872,DL11,*MANUAL*$175$176,54,1034,39,167.00,50.67,33.84,4003,202820
873,873,DL17,*MANUAL*$190$211,55,625,48,183.00,51.40,34.17,4566,234683
874,874,DL18,*MANUAL*$191$210,56,543,49,168.00,52.05,34.51,4712,245240
875,875,ARCADR,*MANUAL*,86,1501,62,150.00,72.44,31.14,2103,152339
876,876,DR2,*MANUAL*,77,1490,45,158.00,62.18,34.83,2103,130770
877,877,DR6,*MANUAL*,81,1361,39,198.00,90.59,38.57,1365,123653
878,878,DR9,*MANUAL*$407$391,70,1156,29,174.00,52.78,34.94,3654,192861
879,879,DR12,*MANUAL*$468$467,76,1004,40,141.00,45.09,29.98,4564,205801
880,880,DR14,*MANUAL*$383$444,73,879,39,157.00,48.80,29.90,4565,222766
881,881,DR16,*MANUAL*$431$432,73,753,43,138.00,42.09,24.30,3900,164136
882,882,DR20,*MANUAL*,71,453,46,192.00,50.70,46.63,2103,106613
883,883,VL2,*MANUAL*,49,1480,93,203.00,85.06,33.07,2103,178885
884,884,VL4,*MANUAL*,46,1404,93,191.00,72.67,43.43,2103,152830
885,885,EXC GL L,*MANUAL*,50,1156,97,237.00,108.05,59.15,2103,227228
886,886,VL13,*MANUAL*$246$235,58,891,101,193.00,55.17,41.14,4975,274486
887,887,VL17,*MANUAL*$219$234,57,539,95,168.00,48.51,34.37,6054,293703
888,888,VR1,*MANUAL*,83,1515,80,191.00,66.83,36.94,2103,140536
889,889,VR4,*MANUAL*,86,1404,86,163.00,65.29,30.82,2103,137306
890,890,VR5,*MANUAL*,84,1337,98,135.00,44.76,29.49,2103,94139
891,891,VR6,*MANUAL*,88,1323,85,140.00,54.65,26.08,2969,162259
892,892,VR7,*MANUAL*$516$506,79,1230,95,169.00,69.61,32.70,4228,294327
893,893,VR14,*MANUAL*,80,863,94,144.00,53.51,33.79,2969,158866
894,894,VR18,*MANUAL*$492$478,76,549,93,132.00,41.38,26.09,6245,258440
895,895,Z2,*MANUAL*,75,751,88,163.00,74.14,23.26,4139,306867
896,896,virr,*MANUAL*,68,356,65,198.00,98.22,41.16,2103,206558
897,897,F1,*MANUAL*,65,1552,70,75.00,16.66,11.84,895,14908
898,898,F2,*MANUAL*,65,1500,69,60.00,15.54, 8.29,895,13907
899,899,F3,*MANUAL*,65,1444,67,44.00,19.46, 6.10,895,17419
900,900,F4,*MANUAL*,66,1387,67,38.00,14.09, 3.95,895,12608
901,901,F5,*MANUAL*,63,1187,69,48.00,20.16, 6.13,895,18044
902,902,F6,*MANUAL*,63,1152,67,28.00,12.74, 3.82,895,11398
903,903,F7,*MANUAL*,63,1104,65,17.00, 5.20, 2.77,895,4658
904,904,F8,*MANUAL*,69,906,99,32.00, 7.09, 4.23,895,6350
905,905,F9,*MANUAL*,68,686,99,17.00, 6.03, 2.70,895,5399
906,906,F10,*MANUAL*,67,524,98,26.00, 6.68, 3.31,895,5983
