0,0,*NOUSE*,*NOUSE*,0,0,0,0,0,0,0,0
1,1,*NOUSE*,*NOUSE*,0,0,0,0,0,0,0,0
2,2,*NOUSE*,*NOUSE*,0,0,0,0,0,0,0,0
3,3,MC3DR,,49,1078,81,149.00,85.26,23.95,1355,115533.00
4,4,*NOUSE*,*NOUSE*,0,0,0,0,0,0,0,0
5,5,M2R,,56,1119,64,237.00,181.17,29.14,347,62866.00
6,6,*NOUSE*,*NOUSE*,0,0,0,0,0,0,0,0
7,7,M3R,,59,1292,55,221.00,160.41,27.12,220,35290.00
8,8,*NOUSE*,*NOUSE*,0,0,0,0,0,0,0,0
9,9,*NOUSE*,*NOUSE*,0,0,0,0,0,0,0,0
10,10,*NOUSE*,*NOUSE*,0,0,0,0,0,0,0,0
11,11,M3L,,77,1297,61,233.00,146.13,40.95,878,128305.00
12,12,VPI3V,*MANUAL*,62,1043,52,203.00,120.13,48.11,895,107513.00
13,13,VPI3D,*MANUAL*,63,1034,80,176.00,114.99,26.72,895,102918.00
14,14,VPI1,*MANUAL*,66,1041,93,187.00,105.98,32.21,1365,144663.00
15,15,VPI2V,*MANUAL*,62,1053,49,241.00,161.99,51.02,485,78564.00
16,16,PM8,*MANUAL*,64,1055,59,182.00,119.96,28.73,895,107360.00
17,17,VPI2DL,*MANUAL*,80,1042,81,230.00,130.19,50.28,1346,175233.00
18,18,VPI2DR,*MANUAL*,48,1048,73,177.00,89.70,36.06,1365,122443.00
19,19,G1P,*MANUAL*,58,1063,91,190.00,64.94,37.52,1365,88646.00
20,20,M5,*MANUAL*,79,1064,96,228.00,147.59,40.59,1349,199094.00
21,21,G2R,*MANUAL*,59,1065,53,228.00,129.74,51.18,1365,177098.00
22,22,G2L,*MANUAL*,73,1062,55,249.00,120.19,58.30,1362,163692.00
23,23,MC3V,*MANUAL*,69,1075,50,186.00,97.43,33.14,1364,132899.00
24,24,MC3DL,*MANUAL*,83,1072,88,200.00,116.59,37.76,1365,159141.00
25,25,PM7VR,*MANUAL*,49,1078,58,140.00,86.58,24.48,1365,118177.00
26,26,PM7VL,*MANUAL*,81,1075,67,166.00,96.81,23.93,1365,132141.00
27,27,PM7D,*MANUAL*,68,1075,101,163.00,93.48,28.20,1365,127601.00
28,28,I5,*MANUAL*,68,1105,54,185.00,115.24,31.83,1365,157304.00
29,29,M1,*MANUAL*,55,1104,93,205.00,120.75,37.42,1365,164824.00
30,30,I6,*MANUAL*,81,1100,98,242.00,137.09,45.24,1365,187134.00
31,31,PM6VR,*MANUAL*,53,1100,62,156.00,81.30,27.56,1365,110977.00
32,32,PM6vl,*MANUAL*,81,1100,70,185.00,109.58,31.90,1365,149571.00
33,33,PM6D,*MANUAL*,68,1106,102,157.00,87.17,24.91,2103,183318.00
34,34,G1AR,*MANUAL*,55,1121,82,161.00,104.08,25.03,1365,142073.00
35,35,G1AL,*MANUAL*,80,1113,88,205.00,118.60,30.83,1365,161883.00
36,36,M2L,*MANUAL*,80,1117,72,254.00,168.61,50.18,895,150902.00
37,37,PM5VR,*MANUAL*,61,1120,58,217.00,150.56,23.69,485,73023.00
38,38,PM5VL,*MANUAL*,71,1117,60,231.00,161.06,25.62,485,78114.00
39,39,PM5R,*MANUAL*,57,1132,72,193.00,118.73,26.76,895,106261.00
40,40,PM5L,*MANUAL*,79,1130,76,240.00,139.97,40.03,1299,181815.00
41,41,PM5DR,*MANUAL*,60,1134,86,183.00,118.54,25.54,1361,161330.00
42,42,PM5DL,*MANUAL*,73,1136,89,222.00,134.31,29.69,895,120211.00
43,43,MC2V,*MANUAL*,69,1141,59,180.00,90.23,37.39,1337,120637.00
44,44,MC2DR,*MANUAL*,60,1152,71,150.00,92.71,29.06,1361,126172.00
45,45,MC2DL,*MANUAL*,73,1148,76,156.00,101.75,24.88,1361,138484.00
46,46,M4,*MANUAL*,67,1292,81,198.00,117.13,29.74,1365,159888.00
47,47,I3,*MANUAL*,64,1318,90,231.00,151.11,35.70,895,135247.00
48,48,NSMR,*MANUAL*,54,1319,57,185.00,122.71,24.95,895,109826.00
49,49,NSML,*MANUAL*,74,1325,63,209.00,117.82,45.67,895,105445.00
50,50,PM4VR,*MANUAL*,57,1333,49,158.00,106.98,18.80,485,51884.00
51,51,PM4VL,*MANUAL*,72,1335,53,203.00,113.65,23.07,485,55120.00
52,52,PM4R,*MANUAL*,50,1327,69,169.00,101.49,26.05,895,90831.00
53,53,PM4L,*MANUAL*,78,1333,76,190.00,118.55,34.99,895,106098.00
54,54,PM4DR,*MANUAL*,56,1328,90,167.00,113.62,22.09,483,54879.00
55,55,PM4DL,*MANUAL*,72,1331,92,179.00,133.83,22.09,430,57547.00
56,56,MI,*MANUAL*,64,1335,94,225.00,145.35,33.06,1365,198397.00
57,57,MCL,*MANUAL*,73,1345,66,252.00,194.85,31.68,406,79108.00
58,58,I2L,*MANUAL*,80,1345,63,253.00,173.17,44.23,895,154989.00
59,59,MCR,*MANUAL*,56,1341,63,213.00,132.52,29.54,889,117812.00
60,60,I2R,*MANUAL*,49,1336,56,197.00,130.49,30.86,895,116788.00
61,61,MC1V,*MANUAL*,65,1352,49,157.00,90.84,26.21,847,76943.00
62,62,MC1DR,*MANUAL*,53,1348,79,166.00,100.17,24.97,881,88249.00
63,63,MC1DL,*MANUAL*,74,1357,84,170.00,112.76,17.39,885,99793.00
64,64,PM1VR,*MANUAL*,57,1353,54,225.00,124.26,49.92,895,111209.00
65,65,PM1VL,*MANUAL*,74,1358,57,210.00,111.32,42.72,895,99627.00
66,66,PM1R,*MANUAL*,53,1356,71,199.00,105.71,40.72,895,94612.00
67,67,PM1L,*MANUAL*,77,1365,74,245.00,148.80,42.29,895,133173.00
68,68,PM1DR,*MANUAL*,56,1355,88,239.00,139.84,45.65,831,116209.00
69,69,PM1DL,*MANUAL*,65,1355,90,252.00,167.98,43.68,895,150338.00
70,70,I1R,*MANUAL*,55,1371,57,173.00,92.05,32.77,1243,114419.00
71,71,I1L,*MANUAL*,75,1378,61,199.00,126.54,37.84,876,110845.00
72,72,E2VL,*MANUAL*,74,1501,66,132.00,53.56,29.57,1365,73106.00
73,73,PM2VL1,*MANUAL*,75,1472,61,208.00,93.20,46.15,1365,127214.00
74,74,PM2VL2,*MANUAL*,75,1458,59,204.00,97.97,45.93,1365,133723.00
75,75,E1VL,*MANUAL*,78,1437,61,197.00,110.48,49.43,851,94017.00
76,76,E3VL,*MANUAL*,78,1411,60,178.00,89.02,33.42,895,79674.00
77,77,E2VR,*MANUAL*,55,1515,72,144.00,69.99,33.60,1365,95534.00
78,78,PM2VR1,*MANUAL*,53,1488,69,116.00,47.09,27.73,1365,64282.00
79,79,*NOUSE*,*NOUSE*,0,0,0,0,0,0,0,0
80,80,PM2VR2,*MANUAL*,53,1453,64,165.00,94.29,31.25,895,84386.00
81,81,E3VR,*MANUAL*,52,1406,60,152.00,76.38,29.99,879,67138.00
82,82,E1VR,*MANUAL*,52,1433,62,178.00,117.18,30.92,754,88357.00
83,83,E2D,*MANUAL*,65,1491,94,129.00,64.33,28.66,895,57572.00
84,84,PM2D1,*MANUAL*,65,1465,91,159.00,85.60,32.37,1365,116849.00
85,85,PM2D2,*MANUAL*,65,1449,90,172.00,101.84,27.52,875,89109.00
86,86,E1D,*MANUAL*,64,1421,90,212.00,121.52,40.51,799,97096.00
87,87,E3D,*MANUAL*,66,1390,86,153.00,76.85,25.26,847,65090.00
88,88,PM3DL,*MANUAL*,70,1424,86,168.00,85.26,29.45,895,76307.00
89,89,PM3DR,*MANUAL*,59,1395,84,136.00,70.29,22.51,895,62911.00
90,90,PM3VR,*MANUAL*,57,1426,57,141.00,69.26,18.10,1365,94545.00
91,91,PM3VL,*MANUAL*,72,1432,56,137.00,73.14,18.77,895,65459.00
92,92,PM3L,*MANUAL*,77,1395,66,165.00,87.30,22.84,895,78130.00
93,93,PM3R,*MANUAL*,53,1389,66,137.00,78.78,19.39,811,63888.00
94,94,EXC,*MANUAL*,63,1158,46,109.00,63.15,17.22,1365,86204.00
95,95,AIMR,*MANUAL*,59,1139,47,228.00,164.98,26.84,888,146502.00
96,96,AIYR,*MANUAL*,51,1147,49,204.00,137.34,28.45,873,119900.00
97,97,RIS,*MANUAL*,51,1132,43,201.00,130.28,27.59,895,116601.00
98,98,AVKR,*MANUAL*,51,1119,46,199.00,124.52,25.92,895,111445.00
99,99,EXC GL R,*MANUAL*,45,1085,45,184.00,106.03,35.93,895,94896.00
100,100,AIML,*MANUAL*,70,1137,47,241.00,171.69,32.34,877,150576.00
101,101,AIYL,*MANUAL*,78,1138,54,233.00,159.54,37.64,895,142784.00
102,102,AVKL,*MANUAL*,79,1123,48,218.00,115.09,40.97,1365,157101.00
103,103,EXC GL L,*MANUAL*,81,1077,45,215.00,116.14,42.77,1365,158525.00
104,104,G1,*MANUAL*,67,1206,37,188.00,109.88,36.50,895,98347.00
105,105,G2,*MANUAL*,67,1188,39,221.00,142.58,35.00,889,126755.00
106,106,W,*MANUAL*,67,1149,36,174.00,103.58,29.07,1354,140251.00
107,107,DB2,*MANUAL*,65,1133,32,209.00,123.06,36.13,895,110138.00
108,108,SABVR,*MANUAL*,60,1116,37,254.00,170.24,42.26,719,122402.00
109,109,SABVL,*MANUAL*,68,1117,35,254.00,171.14,53.58,895,153171.00
110,110,RIFL,*MANUAL*,71,1104,36,243.00,157.90,43.34,895,141317.00
111,111,RIFR,*MANUAL*,58,1103,37,220.00,156.93,31.98,885,138886.00
112,112,AVG,*MANUAL*,63,1091,33,213.00,131.49,28.44,895,117680.00
113,113,RIGL,*MANUAL*,71,1083,36,239.00,136.96,42.48,895,122581.00
114,114,SABD,*MANUAL*,56,1076,36,211.00,134.49,35.38,895,120370.00
115,115,DD1,*MANUAL*,65,1067,33,229.00,138.54,41.49,895,123992.00
116,116,DB1,*MANUAL*,64,1049,33,199.00,120.08,34.42,895,107470.00
117,117,RIGR,*MANUAL*,63,1033,31,190.00,111.28,33.02,895,99592.00
118,118,DA1,*MANUAL*,64,1017,34,202.00,114.69,42.85,895,102648.00
119,119,ADESHR,*MANUAL*,41,1045,55,202.00,127.09,37.64,895,113747.00
120,120,RMGR,*MANUAL*,40,1100,54,180.00,95.33,36.65,1365,130130.00
121,121,ADAR,*MANUAL*,40,1116,53,211.00,138.10,27.04,889,122769.00
122,122,ADER,*MANUAL*,45,1123,59,217.00,142.48,41.95,875,124668.00
123,123,FLPR,*MANUAL*,40,1133,57,232.00,142.40,34.78,895,127445.00
124,124,RICR,*MANUAL*,42,1146,54,191.00,138.43,24.36,895,123898.00
125,125,ASJR,*MANUAL*,40,1163,57,131.00,83.95,22.87,1365,114591.00
126,126,AUAR,*MANUAL*,44,1179,53,165.00,114.20,21.59,895,102206.00
127,127,AWCR,*MANUAL*,39,1194,60,154.00,99.67,20.93,1365,136048.00
128,128,SIBDR,*MANUAL*,40,1213,56,210.00,130.26,37.67,893,116319.00
129,129,RMDR,*MANUAL*,43,1227,55,189.00,125.72,32.31,895,112521.00
130,130,ASHR,*MANUAL*,40,1180,69,144.00,95.16,23.22,1365,129887.00
131,131,ASER,*MANUAL*,41,1163,75,138.00,82.61,23.86,1365,112764.00
132,132,AVDR,*MANUAL*,40,1145,67,187.00,134.24,24.65,895,120144.00
133,133,AINR,*MANUAL*,42,1129,72,184.00,120.52,29.96,895,107863.00
134,134,AVJR,*MANUAL*,43,1139,82,211.00,129.08,33.90,1365,176196.00
135,135,AVHR,*MANUAL*,46,1152,87,227.00,146.82,37.01,825,121130.00
136,136,ASGR,*MANUAL*,51,1166,87,187.00,141.02,23.02,895,126211.00
137,137,ADFR,*MANUAL*,44,1194,84,177.00,116.58,26.25,895,104337.00
138,138,AWBR,*MANUAL*,47,1183,90,208.00,136.07,31.70,779,105998.00
139,139,AFDR,*MANUAL*,41,1208,71,179.00,117.29,27.51,895,104977.00
140,140,AVAR,*MANUAL*,42,1224,71,181.00,113.85,27.71,1365,155405.00
141,141,RMDVR,*MANUAL*,41,1241,69,167.00,100.15,30.10,895,89636.00
142,142,AWAR,*MANUAL*,53,1182,83,209.00,116.91,27.23,1365,159576.00
143,143,RIVR,*MANUAL*,53,1141,93,238.00,160.09,38.40,895,143278.00
144,144,ASIR,*MANUAL*,61,1158,87,183.00,127.07,27.21,895,113729.00
145,145,ADLR,*MANUAL*,62,1175,96,170.00,116.46,22.99,1365,158962.00
146,146,ASKR,*MANUAL*,59,1197,96,168.00,119.08,21.78,895,106581.00
147,147,URXR,*MANUAL*,58,1218,94,201.00,135.73,27.36,895,121475.00
148,148,RIAR,*MANUAL*,53,1207,82,193.00,133.41,26.57,895,119401.00
149,149,SAAVR,*MANUAL*,52,1227,80,209.00,147.26,29.14,895,131800.00
150,150,AVBR,*MANUAL*,51,1149,80,222.00,149.79,29.74,895,134061.00
151,151,AVER,*MANUAL*,51,1216,67,202.00,136.88,32.78,881,120593.00
152,152,AIBR,*MANUAL*,51,1196,68,209.00,114.80,31.43,1365,156706.00
153,153,RIBR,*MANUAL*,51,1174,66,185.00,121.20,33.25,895,108476.00
154,154,RIMR,*MANUAL*,51,1157,66,190.00,124.77,26.28,895,111669.00
155,155,AIZR,*MANUAL*,49,1139,61,203.00,131.74,35.74,895,117905.00
156,156,ADESHL,*MANUAL*,89,1030,63,250.00,150.48,47.58,895,134683.00
157,157,RMGL,*MANUAL*,89,1046,62,233.00,152.07,36.54,895,136106.00
158,158,ADAL,*MANUAL*,90,1093,61,234.00,138.76,40.21,895,124187.00
159,159,ADEL,*MANUAL*,92,1107,66,239.00,148.18,51.11,895,132622.00
160,160,FLPL,*MANUAL*,91,1120,62,221.00,153.68,36.43,895,137545.00
161,161,RICL,*MANUAL*,90,1137,63,222.00,140.35,42.96,895,125614.00
162,162,ASJL,*MANUAL*,91,1156,64,171.00,100.86,27.01,1349,136060.00
163,163,AUAL,*MANUAL*,91,1176,63,194.00,135.49,33.64,895,121261.00
164,164,AWCL,*MANUAL*,92,1195,72,185.00,132.03,24.64,467,61660.00
165,165,SIBDL,*MANUAL*,92,1213,69,243.00,157.11,45.20,865,135902.00
166,166,RMDL,*MANUAL*,91,1228,67,205.00,129.79,44.48,895,116165.00
167,167,ASHL,*MANUAL*,92,1178,83,184.00,109.40,35.16,1365,149332.00
168,168,ASEL,*MANUAL*,92,1158,84,179.00,113.38,30.77,1365,154759.00
169,169,AVDL,*MANUAL*,94,1141,79,220.00,145.33,43.67,895,130068.00
170,170,AINL,*MANUAL*,93,1114,83,231.00,137.55,44.85,1365,187755.00
171,171,AVJL,*MANUAL*,91,1128,93,250.00,170.30,43.27,895,152415.00
172,172,AVHL,*MANUAL*,89,1145,98,249.00,170.14,38.21,895,152271.00
173,173,AWBL,*MANUAL*,87,1175,97,218.00,137.05,51.61,895,122656.00
174,174,ADFL,*MANUAL*,86,1191,94,202.00,125.16,40.18,895,112018.00
175,175,AFDL,*MANUAL*,88,1205,84,208.00,120.83,37.63,1365,164934.00
176,176,AVAL,*MANUAL*,91,1226,82,239.00,149.40,31.57,895,133709.00
177,177,RMDVL,*MANUAL*,91,1240,81,222.00,142.14,34.48,895,127214.00
178,178,asgl,*MANUAL*,83,1162,92,221.00,164.73,27.23,891,146774.00
179,179,AVBL,*MANUAL*,85,1145,87,234.00,179.72,26.61,895,160850.00
180,180,SMDVL,*MANUAL*,86,1219,95,250.00,154.24,42.28,893,137735.00
181,181,SMDVR,*MANUAL*,46,1217,84,212.00,133.42,29.85,895,119412.00
182,182,RIVL,*MANUAL*,84,1133,101,245.00,174.63,39.56,877,153147.00
183,183,ASIL,*MANUAL*,75,1151,96,202.00,139.99,27.05,1365,191091.00
184,184,ADLL,*MANUAL*,75,1169,98,203.00,127.28,21.72,1365,173734.00
185,185,ASKL,*MANUAL*,74,1191,99,204.00,121.74,37.10,1365,166177.00
186,186,URXL,*MANUAL*,71,1212,98,217.00,159.95,22.56,847,135475.00
187,187,RID,*MANUAL*,65,1247,103,195.00,117.03,35.47,1365,159742.00
188,188,ALA,*MANUAL*,66,1228,103,217.00,138.94,33.86,1365,189659.00
189,189,CEPDR,*MANUAL*,54,1232,95,246.00,169.31,35.50,891,150855.00
190,190,CEPDL,*MANUAL*,77,1229,103,252.00,165.53,43.77,895,148145.00
191,191,GLRDL,*MANUAL*,73,1236,91,253.00,174.77,38.03,889,155374.00
192,192,GLRDR,*MANUAL*,62,1236,88,241.00,138.64,47.16,895,124081.00
193,193,SAAVL,*MANUAL*,80,1231,84,236.00,165.01,35.17,895,147688.00
194,194,RIAL,*MANUAL*,79,1210,93,241.00,164.78,31.89,895,147474.00
195,195,AVEL,*MANUAL*,83,1215,73,231.00,160.97,31.64,895,144065.00
196,196,AIBL,*MANUAL*,83,1193,72,209.00,153.13,23.97,895,137052.00
197,197,ribl,*MANUAL*,83,1170,72,215.00,126.91,39.94,895,113587.00
198,198,awal,*MANUAL*,80,1181,87,232.00,153.09,30.75,895,137020.00
199,199,riml,*MANUAL*,84,1150,71,227.00,157.33,27.02,895,140808.00
200,200,GLRVR,*MANUAL*,59,1228,53,222.00,150.95,39.17,881,132990.00
201,201,GLRVL,*MANUAL*,74,1228,55,245.00,163.05,44.46,895,145933.00
202,202,GLRL,*MANUAL*,80,1227,66,238.00,165.07,35.82,895,147740.00
203,203,GLRR,*MANUAL*,54,1225,62,222.00,130.12,40.01,895,116457.00
204,204,RMDDL,*MANUAL*,81,1218,51,231.00,158.01,32.18,819,129410.00
205,205,SMDDL,*MANUAL*,81,1204,49,208.00,146.85,28.81,894,131281.00
206,206,SMBDL,*MANUAL*,79,1189,45,232.00,139.78,43.15,891,124546.00
207,207,RMDDR,*MANUAL*,49,1221,43,219.00,129.13,38.43,895,115574.00
208,208,SMDDR,*MANUAL*,50,1205,40,201.00,121.26,36.45,895,108529.00
209,209,SIADR,*MANUAL*,50,1194,45,223.00,143.14,31.25,895,128106.00
210,210,SAADR,*MANUAL*,56,1214,47,235.00,183.13,21.84,485,88817.00
211,211,SAADL,*MANUAL*,74,1215,50,248.00,203.93,24.97,465,94828.00
212,212,RIH,*MANUAL*,66,1214,50,238.00,183.64,17.05,485,89063.00
213,213,SIBVL,*MANUAL*,80,1207,61,243.00,172.98,31.95,485,83896.00
214,214,SIBVR,*MANUAL*,48,1206,54,218.00,152.53,29.67,895,136514.00
215,215,SMBVL,*MANUAL*,73,1198,55,219.00,154.91,32.14,895,138644.00
216,216,SMBVR,*MANUAL*,62,1194,47,229.00,155.33,37.57,895,139020.00
217,217,RIR,*MANUAL*,59,1203,55,222.00,147.08,36.90,895,131635.00
218,218,AIAL,*MANUAL*,72,1185,50,249.00,203.66,25.03,485,98773.00
219,219,AIAR,*MANUAL*,64,1180,48,228.00,176.69,23.65,485,85697.00
220,220,AVL,*MANUAL*,54,1187,56,178.00,125.47,24.05,895,112300.00
221,221,SIADL,*MANUAL*,82,1187,58,234.00,152.06,33.40,895,136095.00
222,222,SIAVL,*MANUAL*,81,1174,48,232.00,132.59,41.07,893,118407.00
223,223,SMBDR,*MANUAL*,54,1185,37,207.00,147.22,27.05,895,131760.00
224,224,SIAVR,*MANUAL*,50,1173,44,215.00,140.26,33.13,895,125530.00
225,225,CEPSHVR,*MANUAL*,43,1247,55,178.00,99.92,33.07,895,89430.00
226,226,RMER,*MANUAL*,46,1261,64,194.00,140.91,24.93,779,109765.00
227,227,RIPR,*MANUAL*,51,1271,68,199.00,126.01,33.61,895,112781.00
228,228,OLLR,*MANUAL*,52,1287,72,190.00,126.72,32.08,865,109610.00
229,229,CEPSHDR,*MANUAL*,47,1260,80,173.00,111.19,24.75,895,99511.00
230,230,URYDR,*MANUAL*,48,1275,82,211.00,132.63,33.58,895,118700.00
231,231,URADR,*MANUAL*,51,1289,82,248.00,178.45,29.52,811,144722.00
232,232,BAGR,*MANUAL*,44,1264,55,171.00,125.42,20.30,893,111999.00
233,233,URAVR,*MANUAL*,57,1281,41,233.00,141.71,41.02,873,123713.00
234,234,URYVR,*MANUAL*,46,1280,50,211.00,128.57,37.14,895,115067.00
235,235,IL1R,*MANUAL*,46,1292,56,196.00,133.03,29.30,893,118799.00
236,236,IL2R,*MANUAL*,39,1299,62,163.00,100.70,27.86,895,90124.00
237,237,URBR,*MANUAL*,43,1283,66,187.00,130.52,27.55,895,116815.00
238,238,OLQVR,*MANUAL*,53,1270,51,179.00,122.50,33.27,895,109639.00
239,239,IL2L,*MANUAL*,90,1319,79,200.00,120.45,37.20,895,107803.00
240,240,IL1L,*MANUAL*,87,1301,73,207.00,141.17,32.56,889,125497.00
241,241,URYVL,*MANUAL*,85,1291,62,222.00,130.70,45.13,895,116979.00
242,242,URBL,*MANUAL*,89,1291,82,245.00,154.91,42.00,861,133380.00
243,243,BAGL,*MANUAL*,85,1276,65,193.00,123.72,29.81,895,110732.00
244,244,CEPSHVL,*MANUAL*,82,1261,55,188.00,96.71,40.07,895,86554.00
245,245,RMEL,*MANUAL*,85,1265,73,223.00,141.89,41.40,892,126564.00
246,246,RIPL,*MANUAL*,81,1280,77,247.00,154.00,32.75,895,137828.00
247,247,OLLL,*MANUAL*,81,1297,83,238.00,170.41,31.31,895,152516.00
248,248,CEPSHDL,*MANUAL*,85,1263,88,227.00,140.33,36.13,895,125599.00
249,249,URYDL,*MANUAL*,85,1278,91,247.00,153.03,47.87,839,128396.00
250,250,URADL,*MANUAL*,81,1293,94,250.00,175.83,38.35,895,157369.00
251,251,OLQVL,*MANUAL*,78,1278,54,181.00,109.88,32.71,895,98342.00
252,252,URAVL,*MANUAL*,74,1289,43,210.00,113.92,51.24,839,95581.00
253,253,RMEV,*MANUAL*,67,1248,38,189.00,107.83,32.78,895,96510.00
254,254,CEPVR,*MANUAL*,61,1259,40,225.00,162.51,32.10,859,139597.00
255,255,CEPVL,*MANUAL*,71,1263,42,221.00,163.59,33.22,835,136595.00
256,256,IL1VR,*MANUAL*,66,1276,42,215.00,145.87,33.97,873,127341.00
257,257,IL1VL,*MANUAL*,66,1295,42,198.00,139.24,28.43,873,121557.00
258,258,IL2VL,*MANUAL*,70,1311,39,192.00,116.16,27.85,895,103967.00
259,259,IL2VR,*MANUAL*,52,1292,42,202.00,124.07,39.50,895,111041.00
260,260,CEPSoVR,*MANUAL*,53,1308,40,200.00,107.92,38.67,839,90543.00
261,261,CEPSoVL,*MANUAL*,78,1304,49,206.00,115.98,40.38,895,103804.00
262,262,RMED,*MANUAL*,64,1268,96,248.00,170.86,34.51,861,147110.00
263,263,OLQDR,*MANUAL*,56,1269,90,242.00,176.60,26.99,847,149584.00
264,264,OLQDl,*MANUAL*,77,1274,94,240.00,183.69,31.16,895,164403.00
265,265,IL1DL,*MANUAL*,70,1286,93,254.00,171.26,38.92,895,153274.00
266,266,IL1DR,*MANUAL*,58,1282,89,230.00,153.45,29.06,895,137338.00
267,267,IL2DL,*MANUAL*,77,1304,99,217.00,133.90,40.16,895,119837.00
268,268,IL2DR,*MANUAL*,50,1304,93,186.00,123.16,24.86,891,109739.00
269,269,OLLSOR,*MANUAL*,44,1287,79,251.00,146.27,43.18,895,130915.00
270,270,CEPSODR,*MANUAL*,46,1308,81,195.00,126.87,32.46,833,105685.00
271,271,OLQSHDR,*MANUAL*,40,1315,75,176.00,112.40,32.12,895,100598.00
272,272,ILSHDR,*MANUAL*,41,1332,81,179.00,110.04,30.33,895,98483.00
273,273,HYP1R,*MANUAL*,43,1350,82,182.00,122.67,26.20,895,109788.00
274,274,ARCPDR,*MANUAL*,47,1369,85,161.00,102.13,24.11,895,91402.00
275,275,AMSOR,*MANUAL*,45,1389,82,148.00,88.16,20.92,895,78904.00
276,276,ARCADR,*MANUAL*,44,1417,77,127.00,79.88,20.72,895,71496.00
277,277,ARCPVR,*MANUAL*,44,1408,67,179.00,109.36,28.76,895,97879.00
278,278,ILSOR,*MANUAL*,45,1391,69,172.00,108.47,29.81,889,96434.00
279,279,OLQSOVR,*MANUAL*,44,1383,61,177.00,115.46,28.38,895,103337.00
280,280,ILSHR,*MANUAL*,47,1369,52,182.00,111.34,31.70,892,99317.00
281,281,XXXR,*MANUAL*,41,1313,60,200.00,112.18,44.06,895,100398.00
282,282,OLLSHR,*MANUAL*,40,1327,59,208.00,129.58,33.73,895,115973.00
283,283,OLQSHVR,*MANUAL*,45,1353,56,172.00,116.76,21.44,895,104496.00
284,284,XXXL,*MANUAL*,87,1310,66,229.00,127.85,43.73,895,114425.00
285,285,OLLSHL,*MANUAL*,90,1332,73,214.00,140.91,32.07,895,126111.00
286,286,OLQSHVL,*MANUAL*,90,1349,72,231.00,131.88,48.58,895,118034.00
287,287,ILSHL,*MANUAL*,86,1362,59,201.00,123.18,38.61,895,110246.00
288,288,OLQSOVL,*MANUAL*,85,1376,59,219.00,131.40,42.49,895,117599.00
289,289,ILSOL,*MANUAL*,87,1388,71,216.00,113.43,41.19,895,101523.00
290,290,ARCPVL,*MANUAL*,87,1405,69,206.00,120.78,36.03,895,108095.00
291,291,ARCADL,*MANUAL*,87,1439,72,194.00,107.26,34.31,895,95997.00
292,292,HYP2L,*MANUAL*,87,1420,78,181.00,113.52,25.85,895,101598.00
293,293,ARCPDL,*MANUAL*,86,1400,83,190.00,118.74,33.86,895,106271.00
294,294,AMSOL,*MANUAL*,84,1384,87,211.00,132.48,38.98,895,118574.00
295,295,HYP1L,*MANUAL*,84,1367,89,223.00,130.87,32.93,895,117128.00
296,296,ILSHDL,*MANUAL*,83,1351,92,254.00,173.94,43.12,895,155679.00
297,297,OLQSHDL,*MANUAL*,90,1341,89,253.00,157.83,51.48,895,141255.00
298,298,OLLSOL,*MANUAL*,88,1326,92,248.00,158.10,44.97,887,140234.00
299,299,HYP4V1,*MANUAL*,64,1531,59,146.00,56.07,35.05,1365,76539.00
300,300,HYP4V2,*MANUAL*,64,1502,54,135.00,64.29,30.64,1365,87756.00
301,301,ARCAV,*MANUAL*,60,1471,48,162.00,92.29,31.70,895,82598.00
302,302,HYP2V,*MANUAL*,68,1459,43,158.00,90.17,28.13,895,80699.00
303,303,HYP1V,*MANUAL*,68,1432,41,154.00,86.34,31.76,895,77277.00
304,304,ARCPV,*MANUAL*,62,1442,43,173.00,109.72,31.14,895,98196.00
305,305,ILSOVR,*MANUAL*,62,1418,42,194.00,126.36,32.02,737,93125.00
306,306,ILSHVR,*MANUAL*,61,1398,40,235.00,131.96,38.12,853,112561.00
307,307,ILSOVL,*MANUAL*,69,1415,42,205.00,120.72,38.55,895,108041.00
308,308,ILSHVL,*MANUAL*,70,1400,43,236.00,124.36,37.47,895,111303.00
309,309,HYP4D,*MANUAL*,66,1552,95,133.00,52.00,23.64,1365,70978.00
310,310,HYP31,*MANUAL*,61,1483,104,193.00,109.08,42.14,895,97625.00
311,311,HYP32,*MANUAL*,68,1471,101,192.00,113.07,47.26,895,101196.00
312,312,ARCPD,*MANUAL*,58,1450,101,189.00,119.31,31.56,813,96996.00
313,313,ILSODR,*MANUAL*,59,1419,101,227.00,156.62,32.41,895,140176.00
314,314,OLQSODR,*MANUAL*,59,1397,100,210.00,138.59,35.57,895,124038.00
315,315,ILSODL,*MANUAL*,72,1444,96,210.00,133.87,35.55,857,114727.00
316,316,OLQSODL,*MANUAL*,71,1420,99,225.00,131.86,46.30,895,118017.00
317,317,HYP6D1,*MANUAL*,65,1445,103,195.00,119.07,33.11,895,106571.00
318,318,HYP6D2,*MANUAL*,64,1373,101,166.00,106.23,27.63,1365,145009.00
319,319,HYP6D3,*MANUAL*,66,1329,107,186.00,107.76,35.62,1365,147091.00
320,320,HYP6D4,*MANUAL*,62,1303,103,176.00,101.12,27.70,1365,138024.00
321,321,HYP7D1,*MANUAL*,63,1279,106,155.00,75.67,26.53,1365,103293.00
322,322,HYP7D2,*MANUAL*,67,1195,110,129.00,54.44,24.99,1365,74307.00
323,323,HYP6V1,*MANUAL*,66,1379,39,138.00,71.41,22.97,1365,97468.00
324,324,HYP6V2,*MANUAL*,65,1336,36,128.00,74.72,20.25,895,66874.00
325,325,HYP7V1,*MANUAL*,65,1300,33,129.00,73.41,18.01,895,65702.00
326,326,HYP7V2,*MANUAL*,65,1274,33,155.00,62.53,24.46,895,55966.00
327,327,HYP5R,*MANUAL*,44,1469,82,99.00,47.12,17.92,1365,64322.00
328,328,VR1,*MANUAL*,45,1427,63,158.00,76.34,28.09,895,68323.00
329,329,VR2,*MANUAL*,49,1407,48,119.00,62.74,19.90,895,56149.00
330,330,VR3,*MANUAL*,51,1365,42,133.00,66.18,27.10,895,59230.00
331,331,VR4,*MANUAL*,46,1312,45,161.00,89.35,26.32,895,79969.00
332,332,VR5,*MANUAL*,53,1259,37,181.00,90.77,40.56,895,81237.00
333,333,VR6,*MANUAL*,46,1242,42,128.00,67.95,20.17,895,60814.00
334,334,VR7,*MANUAL*,54,1158,34,163.00,86.47,32.25,895,77387.00
335,335,VR8,*MANUAL*,48,1099,38,189.00,108.16,24.04,895,96803.00
336,336,VR9,*MANUAL*,50,1057,38,175.00,103.03,27.54,1365,140635.00
337,337,VR10,*MANUAL*,48,1033,35,160.00,89.02,26.15,1365,121512.00
338,338,VR11,*MANUAL*,54,970,33,190.00,109.28,38.34,895,97808.00
339,339,CCRA,*MANUAL*,47,951,40,214.00,131.48,35.00,895,117671.00
340,340,CCRP,*MANUAL*,47,935,39,211.00,125.68,35.10,895,112485.00
341,341,VR12,*MANUAL*,49,894,38,174.00,116.16,21.67,894,103848.00
342,342,VR13,*MANUAL*,49,844,40,165.00,80.89,32.47,1365,110415.00
343,343,VR14,*MANUAL*,49,783,45,148.00,78.91,31.38,1365,107712.00
344,344,VR15,*MANUAL*,50,728,47,167.00,86.45,30.52,1365,118009.00
345,345,VR16,*MANUAL*,50,643,54,176.00,96.69,27.06,1309,126565.00
346,346,VR17,*MANUAL*,52,563,53,151.00,84.28,26.80,1069,90094.00
347,347,VR18,*MANUAL*,49,488,54,114.00,57.46,21.39,1365,78430.00
348,348,VR19,*MANUAL*,53,403,54,125.00,75.93,22.74,895,67956.00
349,349,IMR,*MANUAL*,48,339,62,81.00,43.96,16.41,1365,60004.00
350,350,VR20,*MANUAL*,59,215,62,109.00,56.46,19.18,895,50530.00
351,351,DR1,*MANUAL*,45,1429,88,96.00,52.55,17.42,895,47028.00
352,352,DR2,*MANUAL*,49,1404,95,127.00,78.02,17.49,895,69824.00
353,353,DR3,*MANUAL*,50,1370,98,120.00,79.64,15.91,895,71281.00
354,354,DR4,*MANUAL*,43,1311,88,170.00,77.12,27.03,895,69018.00
355,355,DR5,*MANUAL*,49,1272,96,182.00,96.00,25.32,895,85924.00
356,356,DR6,*MANUAL*,45,1242,88,138.00,85.13,23.11,895,76193.00
357,357,DR7,*MANUAL*,58,1154,103,202.00,123.69,30.44,895,110704.00
358,358,HMC,*MANUAL*,67,1141,105,217.00,148.27,32.97,895,132705.00
359,359,DR8,*MANUAL*,55,1121,104,194.00,99.58,32.53,895,89123.00
360,360,DR9,*MANUAL*,54,1061,106,159.00,77.07,26.50,895,68980.00
361,361,DR10,*MANUAL*,50,1037,96,169.00,93.11,29.37,895,83337.00
362,362,DR11,*MANUAL*,61,973,107,176.00,94.07,38.51,1365,128403.00
363,363,DR12,*MANUAL*,52,920,101,172.00,73.67,28.70,1365,100559.00
364,364,DR13,*MANUAL*,54,858,103,175.00,87.55,30.69,1365,119502.00
365,365,DR14,*MANUAL*,50,806,100,158.00,81.64,28.79,1359,110942.00
366,366,DR15,*MANUAL*,57,751,105,156.00,104.59,25.74,895,93611.00
367,367,DR16,*MANUAL*,57,672,105,154.00,81.92,28.94,895,73316.00
368,368,DR17,*MANUAL*,59,603,102,155.00,85.85,27.74,1365,117190.00
369,369,DR18,*MANUAL*,59,540,104,139.00,77.25,22.38,1365,105446.00
370,370,DR19,*MANUAL*,56,464,99,114.00,57.58,22.30,1365,78595.00
371,371,DR20,*MANUAL*,53,388,96,89.00,44.61,16.81,895,39927.00
372,372,DR21,*MANUAL*,57,279,97,97.00,51.13,18.87,895,45758.00
373,373,HYP5L,*MANUAL*,85,1480,74,126.00,62.99,26.48,1365,85980.00
374,374,VL1,*MANUAL*,86,1430,59,168.00,82.08,32.18,895,73466.00
375,375,VL2,*MANUAL*,81,1408,48,133.00,71.69,23.84,895,64165.00
376,376,VL3,*MANUAL*,78,1369,44,143.00,79.70,23.28,895,71333.00
377,377,VL4,*MANUAL*,85,1316,55,160.00,92.40,24.37,895,82695.00
378,378,VL5,*MANUAL*,80,1265,44,179.00,90.26,44.30,895,80785.00
379,379,VL6,*MANUAL*,85,1236,52,205.00,99.09,36.22,895,88690.00
380,380,VL7,*MANUAL*,78,1149,40,174.00,89.31,36.76,1365,121907.00
381,381,VL8,*MANUAL*,80,1099,46,215.00,110.13,34.39,895,98569.00
382,382,VL9,*MANUAL*,76,1051,39,187.00,102.49,33.73,895,91725.00
383,383,VL10,*MANUAL*,79,991,44,188.00,115.37,32.62,872,100606.00
384,384,VL11,*MANUAL*,68,904,37,213.00,122.07,33.20,895,109250.00
385,385,VL12,*MANUAL*,77,872,42,190.00,93.85,35.95,1365,128107.00
386,386,VL13,*MANUAL*,69,800,39,167.00,83.88,30.66,1365,114491.00
387,387,VL14,*MANUAL*,75,768,44,187.00,100.94,35.49,1365,137787.00
388,388,CCLA,*MANUAL*,78,720,47,229.00,127.78,45.78,1365,174426.00
389,389,CCLP,*MANUAL*,78,700,47,214.00,116.79,38.79,1365,159425.00
390,390,VL15,*MANUAL*,73,676,46,164.00,93.34,28.56,1365,127406.00
391,391,VL16,*MANUAL*,74,600,50,160.00,92.75,24.67,1201,111397.00
392,392,VL17,*MANUAL*,72,497,56,125.00,73.67,22.47,895,65933.00
393,393,VL18,*MANUAL*,73,406,59,137.00,56.96,27.55,1240,70628.00
394,394,VL19,*MANUAL*,73,219,66,149.00,67.77,21.51,895,60650.00
395,395,DL1,*MANUAL*,83,1436,84,154.00,83.04,30.14,895,74320.00
396,396,DL2,*MANUAL*,78,1404,94,159.00,84.82,27.62,1365,115779.00
397,397,DL3,*MANUAL*,76,1372,101,174.00,104.92,27.00,895,93907.00
398,398,DL4,*MANUAL*,83,1322,101,164.00,96.69,29.90,895,86534.00
399,399,DL5,*MANUAL*,77,1263,105,153.00,78.41,27.06,1365,107023.00
400,400,DL6,*MANUAL*,84,1245,97,200.00,102.94,34.77,1365,140509.00
401,401,DL7,*MANUAL*,77,1133,109,200.00,133.07,27.91,895,119098.00
402,402,DL8,*MANUAL*,85,1059,106,168.00,87.41,39.96,1365,119313.00
403,403,DL9,*MANUAL*,79,1034,105,194.00,100.73,33.33,1365,137493.00
404,404,DL10,*MANUAL*,81,993,107,178.00,90.25,42.80,1365,123193.00
405,405,DL11,*MANUAL*,76,937,106,214.00,117.15,41.97,1365,159914.00
406,406,DL12,*MANUAL*,78,882,102,207.00,113.21,40.76,1364,154421.00
407,407,DL13,*MANUAL*,76,810,103,204.00,100.15,25.21,895,89634.00
408,408,DL14,*MANUAL*,79,753,99,169.00,97.05,40.24,1365,132471.00
409,409,DL15,*MANUAL*,79,707,101,190.00,95.25,36.79,1365,130020.00
410,410,DL16,*MANUAL*,78,642,100,174.00,83.85,43.55,1365,114451.00
411,411,DL17,*MANUAL*,74,574,101,163.00,72.81,32.36,1365,99387.00
412,412,DL18,*MANUAL*,72,490,101,135.00,66.52,24.39,1365,90806.00
413,413,DL19,*MANUAL*,70,435,101,144.00,71.45,29.06,1343,95958.00
414,414,DL20,*MANUAL*,71,379,96,123.00,52.15,19.17,1365,71189.00
415,415,DL21,*MANUAL*,65,204,88,112.00,54.95,20.46,1312,72092.00
416,416,Z1,*MANUAL*,52,700,56,154.00,97.86,24.50,1297,126925.00
417,417,Z2,*MANUAL*,52,678,61,153.00,68.98,23.90,2103,145065.00
418,418,Z3,*MANUAL*,66,643,56,133.00,72.92,20.83,2969,216490.00
419,419,Z4,*MANUAL*,72,621,56,158.00,88.34,26.72,1365,120581.00
420,420,DA7,*MANUAL*,65,404,53,148.00,90.43,26.66,1365,123440.00
421,421,DB7,*MANUAL*,65,429,52,139.00,78.68,27.40,1365,107394.00
422,422,DD5,*MANUAL*,65,459,49,157.00,83.61,34.64,1365,114134.00
423,423,DA6,*MANUAL*,62,522,50,160.00,84.77,36.72,1365,115711.00
424,424,DB6,*MANUAL*,63,547,48,175.00,91.16,41.14,1365,124436.00
425,425,DD4,*MANUAL*,65,598,45,196.00,115.60,33.68,1365,157795.00
426,426,DA5,*MANUAL*,64,662,43,175.00,96.61,35.43,1365,131873.00
427,427,DB5,*MANUAL*,64,699,41,197.00,112.42,36.91,1365,153459.00
428,428,DD3,*MANUAL*,63,765,40,208.00,126.45,40.28,1365,172605.00
429,429,DA4,*MANUAL*,61,787,38,209.00,113.13,42.29,1365,154419.00
430,430,DB4,*MANUAL*,62,858,33,189.00,98.56,38.09,1365,134530.00
431,431,DA3,*MANUAL*,62,886,32,209.00,107.07,41.32,1365,146150.00
432,432,DD2,*MANUAL*,62,915,32,204.00,117.57,40.42,895,105223.00
433,433,DA2,*MANUAL*,65,968,34,224.00,120.68,39.51,1365,164723.00
434,434,DB3,*MANUAL*,66,988,33,208.00,125.43,37.06,895,112263.00
435,435,H0L,*MANUAL*,90,1365,74,148.00,98.25,23.58,1365,134110.00
436,436,H1L,*MANUAL*,93,1271,77,183.00,74.30,32.82,1365,101413.00
437,437,H2L,*MANUAL*,94,1060,71,161.00,64.51,29.17,2103,135674.00
438,438,AMSHL,*MANUAL*,91,1042,89,135.00,65.70,23.83,2103,138162.00
439,439,HYP7ABLD,*MANUAL*,91,1011,72,139.00,63.52,23.05,2103,133581.00
440,440,HYP7ABLV,*MANUAL*,91,991,71,136.00,57.59,22.34,2103,121108.00
441,441,BDUL,*MANUAL*,87,958,67,242.00,136.24,49.79,1365,185967.00
442,442,ALML,*MANUAL*,84,780,92,223.00,141.02,39.30,895,126213.00
443,443,CANL,*MANUAL*,87,670,70,202.00,101.17,36.72,1365,138092.00
444,444,HSNL,*MANUAL*,82,631,55,226.00,113.08,41.35,1365,154351.00
445,445,V1L,*MANUAL*,88,934,67,156.00,75.03,29.78,2103,157789.00
446,446,V2L,*MANUAL*,85,848,57,139.00,61.82,25.65,2103,130010.00
447,447,V3L,*MANUAL*,87,744,59,135.00,43.11,22.40,2103,90659.00
448,448,V4L,*MANUAL*,85,596,64,156.00,50.42,26.67,2103,106031.00
449,449,QL,*MANUAL*,81,504,81,108.00,50.54,18.18,1365,68981.00
450,450,V5L,*MANUAL*,80,477,74,104.00,52.48,18.68,1365,71631.00
451,451,V6L,*MANUAL*,81,401,78,79.00,28.19,16.84,2969,83691.00
452,452,HYP7LC1,*MANUAL*,88,908,77,121.00,43.09,19.88,2969,127949.00
453,453,HYP7LC2,*MANUAL*,88,817,79,131.00,50.46,22.95,2103,106123.00
454,454,HYP7LC3,*MANUAL*,88,706,81,130.00,40.32,22.31,2103,84797.00
455,455,HYP7LC4,*MANUAL*,86,551,80,87.00,30.29,15.51,2969,89934.00
456,456,HYP7LC5,*MANUAL*,81,437,93,68.00,23.83,13.51,2969,70752.00
457,457,HYP7LC6,*MANUAL*,80,275,93,85.00,32.46,14.62,1365,44314.00
458,458,P1/2L,*MANUAL*,84,890,49,148.00,71.19,28.30,2103,149719.00
459,459,P3/4L,*MANUAL*,85,803,51,148.00,65.27,31.35,2103,137272.00
460,460,P5/6L,*MANUAL*,86,675,55,144.00,59.99,26.87,2103,126155.00
461,461,P7/8L,*MANUAL*,83,556,57,135.00,50.62,22.77,2103,106461.00
462,462,P9/10L,*MANUAL*,81,447,64,136.00,49.44,25.10,1365,67488.00
463,463,P11/12L,*MANUAL*,83,320,74,85.00,35.96,13.67,1365,49079.00
464,464,IML,*MANUAL*,77,336,63,139.00,69.71,28.26,895,62389.00
465,465,H0R,*MANUAL*,39,1359,66,151.00,76.89,31.78,1365,104956.00
466,466,H1R,*MANUAL*,37,1261,65,179.00,81.19,30.79,1365,110827.00
467,467,H2R,*MANUAL*,38,1060,59,113.00,54.67,21.74,2103,114976.00
468,468,AMSHR,*MANUAL*,38,1102,75,102.00,39.24,17.23,2103,82512.00
469,469,HYP7ABRD,*MANUAL*,38,1038,73,105.00,44.59,18.75,2103,93778.00
470,470,HYP7ABRV,*MANUAL*,40,1013,70,101.00,48.25,17.07,2103,101474.00
471,471,HYP7ABR3,*MANUAL*,39,994,60,110.00,42.60,19.38,2103,89588.00
472,472,BDUR,*MANUAL*,43,975,66,206.00,112.93,42.36,1365,154149.00
473,473,ALMR,*MANUAL*,45,832,94,158.00,93.83,27.23,1365,128078.00
474,474,CANr,*MANUAL*,46,698,77,186.00,92.06,30.21,1365,125659.00
475,475,HSNR,*MANUAL*,44,648,61,191.00,122.40,30.83,895,109546.00
476,476,V1R,*MANUAL*,40,952,63,106.00,56.23,19.44,2103,118252.00
477,477,V2R,*MANUAL*,38,848,56,104.00,36.75,14.97,2103,77280.00
478,478,V3R,*MANUAL*,39,747,61,118.00,42.49,20.75,2103,89362.00
479,479,V4R,*MANUAL*,42,606,66,82.00,28.89,15.02,2103,60750.00
480,480,QR,*MANUAL*,43,562,88,90.00,33.27,16.33,2103,69961.00
481,481,V5R,*MANUAL*,43,489,70,91.00,34.61,16.09,2103,72787.00
482,482,V6R,*MANUAL*,43,399,71,59.00,27.08,10.36,1365,36961.00
483,483,HYP7RC1,*MANUAL*,40,929,78,93.00,35.24,18.27,2969,104613.00
484,484,HYP7RC2,*MANUAL*,39,799,79,95.00,34.64,16.47,2103,72842.00
485,485,HYP7RC3,*MANUAL*,42,674,85,80.00,32.69,15.80,2969,97068.00
486,486,HYP7RC4,*MANUAL*,45,600,89,137.00,58.41,27.09,2969,173408.00
487,487,M,*MANUAL*,48,536,84,71.00,20.21,12.86,2969,60012.00
488,488,HYP7RC5,*MANUAL*,46,445,84,58.00,20.13, 9.11,2969,59768.00
489,489,HYP7RC6,*MANUAL*,50,253,87,58.00,20.87, 9.14,1365,28488.00
490,490,P1/2R,*MANUAL*,38,898,44,134.00,63.98,28.61,2103,134540.00
491,491,P3/4R,*MANUAL*,38,803,54,124.00,63.88,19.02,1365,87198.00
492,492,P5/6R,*MANUAL*,42,702,56,152.00,75.15,32.39,1365,102584.00
493,493,P7/8R,*MANUAL*,44,566,58,144.00,68.85,26.91,2103,144801.00
494,494,P9/10R,*MANUAL*,44,458,57,98.00,48.65,18.12,1365,66412.00
495,495,P11/12R,*MANUAL*,46,307,67,77.00,36.63,13.51,1237,45310.00
496,496,INVR1,*MANUAL*,53,982,48,108.00,53.24,17.66,2103,111956.00
497,497,INVL1,*MANUAL*,72,984,48,131.00,50.03,20.59,1365,68293.00
498,498,INDL1,*MANUAL*,81,977,94,106.00,45.37,17.17,2969,134700.00
499,499,INDR1,*MANUAL*,54,991,94,98.00,45.96,18.62,2103,96647.00
500,500,IND2,*MANUAL*,66,937,94,88.00,39.69,12.21,2969,117829.00
501,501,IND3,*MANUAL*,64,881,95,83.00,32.71,13.67,4139,135399.00
502,502,IND4,*MANUAL*,64,807,92,84.00,33.34,13.39,4139,137991.00
503,503,IND5,*MANUAL*,64,726,85,58.00,26.35,10.92,2969,78220.00
504,504,IND6,*MANUAL*,68,591,85,56.00,24.03, 9.79,2969,71357.00
505,505,IND7,*MANUAL*,63,494,92,52.00,23.76, 7.38,1365,32439.00
506,506,IND8,*MANUAL*,63,401,89,50.00,22.25, 7.79,2103,46797.00
507,507,IND9,*MANUAL*,77,336,88,69.00,25.26, 9.60,2103,53131.00
508,508,INV2,*MANUAL*,69,931,45,88.00,35.17,13.49,2969,104422.00
509,509,INV3,*MANUAL*,57,865,51,60.00,23.39, 9.36,4139,96809.00
510,510,INV4,*MANUAL*,62,769,61,59.00,25.59, 9.85,2969,75967.00
511,511,INV5,*MANUAL*,74,677,75,87.00,33.03,11.79,2969,98062.00
512,512,INV6,*MANUAL*,55,636,81,69.00,28.97,11.72,2969,86022.00
513,513,INV7,*MANUAL*,62,536,66,52.00,22.22, 7.48,2103,46731.00
514,514,INV8,*MANUAL*,62,437,65,75.00,31.35, 9.71,2103,65936.00
515,515,INV9,*MANUAL*,54,355,65,62.00,27.51,11.75,1365,37545.00
516,516,PVPR,*MANUAL*,53,304,61,121.00,75.56,19.08,785,59316.00
517,517,DA9,*MANUAL*,54,285,62,109.00,68.23,19.44,895,61067.00
518,518,REPVR,*MANUAL*,51,286,78,91.00,58.96,11.08,895,52773.00
519,519,K',*MANUAL*,58,269,85,123.00,85.94,13.75,895,76919.00
520,520,PVQR,*MANUAL*,51,267,74,123.00,71.90,15.15,895,64354.00
521,521,PHBR,*MANUAL*,54,245,71,115.00,72.61,15.62,885,64260.00
522,522,PHAR,*MANUAL*,55,255,67,117.00,74.31,15.11,895,66510.00
523,523,LUAR,*MANUAL*,55,234,80,153.00,97.76,19.22,895,87498.00
524,524,PVCR,*MANUAL*,56,224,71,150.00,84.85,23.16,713,60501.00
525,525,ALNR,*MANUAL*,60,220,85,148.00,89.21,21.56,895,79842.00
526,526,PHSHR,*MANUAL*,60,205,79,155.00,92.33,23.59,895,82632.00
527,527,PLMR,*MANUAL*,60,193,73,140.00,81.18,18.41,895,72657.00
528,528,PVT,*MANUAL*,63,325,56,121.00,73.52,16.55,1365,100361.00
529,529,DD6,*MANUAL*,60,300,63,161.00,107.62,19.80,895,96321.00
530,530,U,*MANUAL*,70,287,69,117.00,69.34,16.15,895,62058.00
531,531,YPDA,*MANUAL*,67,278,56,116.00,62.84,18.22,895,56243.00
532,532,VIRL,*MANUAL*,72,303,87,99.00,56.27,15.17,895,50360.00
533,533,SPH,*MANUAL*,76,309,72,143.00,86.27,24.01,895,77212.00
534,534,REPVL,*MANUAL*,78,294,77,129.00,81.95,20.96,895,73345.00
535,535,PVPL,*MANUAL*,71,314,59,131.00,87.56,16.55,895,78364.00
536,536,DA8,*MANUAL*,71,296,59,152.00,94.73,23.59,895,84783.00
537,537,PVQL,*MANUAL*,78,270,79,126.00,71.35,15.97,895,63857.00
538,538,PHBL,*MANUAL*,78,252,82,130.00,78.00,16.01,895,69812.00
539,539,PHAL,*MANUAL*,78,256,69,117.00,75.17,16.76,895,67280.00
540,540,LUAL,*MANUAL*,77,239,86,163.00,87.79,29.11,893,78399.00
541,541,PVCL,*MANUAL*,75,232,77,138.00,92.29,19.37,895,82601.00
542,542,ALNL,*MANUAL*,72,222,87,139.00,80.46,26.79,895,72014.00
543,543,PHSHL,*MANUAL*,72,210,77,143.00,88.51,20.51,895,79220.00
544,544,PLML,*MANUAL*,72,194,72,145.00,74.06,23.44,1365,101086.00
545,545,K,*MANUAL*,72,265,91,115.00,68.93,14.98,895,61695.00
546,546,REPD,*MANUAL*,69,282,96,118.00,71.63,14.37,895,64109.00
547,547,F,*MANUAL*,66,261,77,143.00,95.65,16.02,895,85604.00
548,548,B,*MANUAL*,66,240,64,105.00,57.47,16.95,1365,78451.00
549,549,DVA,*MANUAL*,66,248,85,120.00,71.34,17.80,895,63845.00
550,550,DEP,*MANUAL*,66,235,90,121.00,64.39,17.51,895,57625.00
551,551,DVC,*MANUAL*,64,224,73,142.00,95.19,15.41,895,85196.00
552,552,PVR,*MANUAL*,64,161,85,98.00,51.96,16.87,1365,70932.00
553,553,TL,*MANUAL*,70,180,84,77.00,36.51,13.42,1365,49837.00
554,554,TR,*MANUAL*,57,178,78,78.00,40.46,15.84,1365,55226.00
555,555,HYP71,*MANUAL*,66,165,67,97.00,51.71,15.61,1365,70582.00
556,556,HYP72,*MANUAL*,66,145,70,98.00,55.98,15.93,1365,76412.00
557,557,HYP8,*MANUAL*,63,125,74,111.00,70.37,14.66,861,60589.00
558,558,HYP11,*MANUAL*,70,127,81,100.00,61.66,16.07,895,55184.00
559,559,HYP9,*MANUAL*,66,100,75,89.00,50.13,16.56,895,44863.00
560,560,HYP101,*MANUAL*,65,85,79,111.00,55.95,22.03,895,50079.00
561,561,HYP102,*MANUAL*,64,63,77,84.00,39.98,14.03,1365,54573.00
562,562,cepsodl,*MANUAL*,83,1314,89,236.00,144.35,42.03,895,129189.00
563,563,virr,*MANUAL*,55,301,83,113.00,65.52,18.90,895,58636.00
564,564,i4,*MANUAL*,68,1123,99,212.00,144.28,27.45,895,129129.00
565,565,aizl,*MANUAL*,89,1128,76,224.00,166.00,25.43,895,148566.00
566,566,exc duct,*MANUAL*,77,1169,57,172.00,103.43,30.60,895,92573.00
567,567,f1,*MANUAL*,68,1110,81,57.00,23.81, 8.88,895,21313.00
568,568,f2,*MANUAL*,66,1092,75,18.00, 8.87, 2.81,895,7941.00
569,569,f3,*MANUAL*,66,1053,74,18.00, 7.62, 2.44,895,6818.00
570,570,f4,*MANUAL*,66,1018,65,22.00, 8.23, 2.63,895,7370.00
571,571,f5,*MANUAL*,66,989,66,36.00, 7.88, 3.11,895,7049.00
572,572,f6,*MANUAL*,66,953,64,16.00, 8.44, 2.33,895,7553.00
573,573,f7,*MANUAL*,66,928,66,15.00, 6.71, 2.34,895,6002.00
574,574,f8,*MANUAL*,66,881,64, 8.00, 2.80, 1.51,895,2510.00
575,575,f9,*MANUAL*,66,840,63, 8.00, 2.38, 1.44,895,2134.00
576,576,f10,*MANUAL*,66,793,64, 9.00, 1.76, 1.40,895,1579.00
