0,0,*NOUSE*,*NOUSE*,0,0,0,0,0,0,0,0
1,1,I2L,,61,1370,88,186.00,81.85,34.71,3065,250863
2,2,*NOUSE*,*NOUSE*,0,0,0,0,0,0,0,0
3,3,ADFR,,90,1245,54,220.00,152.28,24.60,178,27105
4,4,ADEshR,*MANUAL*,93,1133,81,245.00,135.67,44.70,895,121422
5,5,RMGR,*MANUAL*,90,1150,82,237.00,142.38,31.05,869,123724
6,6,ADAR,*MANUAL*,94,1162,88,234.00,159.51,32.64,875,139574
7,7,ADER,*MANUAL*,89,1169,82,238.00,165.79,29.35,884,146559
8,8,FLPR,*MANUAL*,95,1181,86,228.00,137.38,39.09,895,122952
9,9,RICR,*MANUAL*,96,1196,88,219.00,144.82,27.54,895,129613
10,10,AWCR,*MANUAL*,97,1251,80,217.00,120.75,23.78,895,108075
11,11,AUAR,*MANUAL*,97,1234,84,193.00,129.14,29.91,895,115578
12,12,ASJR,*MANUAL*,97,1217,87,188.00,112.18,29.05,895,100399
13,13,AVDR,*MANUAL*,96,1192,71,244.00,144.09,48.70,881,126943
14,14,AINR,*MANUAL*,93,1173,68,252.00,155.45,36.15,889,138197
15,15,AVJR,*MANUAL*,93,1185,59,244.00,166.92,34.85,889,148392
16,16,AVHR,*MANUAL*,91,1194,50,242.00,159.61,31.22,895,142849
17,17,ASHR,*MANUAL*,97,1233,68,182.00,112.14,28.66,895,100363
18,18,ASER,*MANUAL*,96,1213,65,180.00,90.89,27.44,1365,124069
19,19,SIBDR,*MANUAL*,94,1263,80,232.00,151.22,29.72,873,132011
20,20,RMDR,*MANUAL*,92,1278,82,207.00,133.74,25.56,873,116751
21,21,AVAR,*MANUAL*,93,1272,66,189.00,127.97,24.47,893,114278
22,22,RMDVR,*MANUAL*,94,1290,65,234.00,137.05,26.85,895,122659
23,23,AFDR,*MANUAL*,93,1254,64,204.00,128.53,26.43,895,115030
24,24,smdvr,*MANUAL*,91,1268,52,234.00,131.11,42.90,895,117343
25,25,awbr,*MANUAL*,92,1225,50,222.00,146.34,31.49,895,130976
26,26,ASGR,*MANUAL*,88,1211,52,233.00,151.36,29.94,895,135468
27,27,RIAR,*MANUAL*,84,1257,56,220.00,138.69,29.70,895,124129
28,28,SAAVR,*MANUAL*,85,1274,59,240.00,171.45,31.10,733,125673
29,29,CEPDR,*MANUAL*,81,1271,43,234.00,153.62,28.61,895,137494
30,30,GLRDR,*MANUAL*,77,1276,57,246.00,184.51,30.75,895,165134
31,31,GLRR,*MANUAL*,83,1273,82,225.00,147.25,30.11,895,131792
32,32,GLRVR,*MANUAL*,80,1280,92,220.00,145.31,29.19,857,124532
33,33,AVBR,*MANUAL*,86,1200,62,232.00,141.30,28.21,895,126465
34,34,RIVR,*MANUAL*,83,1184,54,247.00,155.98,36.39,895,139600
35,35,ASIR,*MANUAL*,79,1198,50,219.00,137.28,23.36,895,122866
36,36,ADLR,*MANUAL*,79,1217,44,174.00,114.48,18.32,895,102463
37,37,ASKR,*MANUAL*,78,1238,45,197.00,117.00,27.89,1365,159705
38,38,URXR,*MANUAL*,75,1257,44,217.00,124.23,26.00,895,111187
39,39,AIZR,*MANUAL*,88,1189,76,230.00,153.65,29.93,895,137518
40,40,RIMR,*MANUAL*,88,1207,80,199.00,117.32,26.93,895,104999
41,41,RIBR,*MANUAL*,87,1224,78,221.00,137.43,29.72,895,123002
42,42,AIBR,*MANUAL*,86,1243,73,226.00,128.87,28.34,895,115338
43,43,AVER,*MANUAL*,86,1262,73,224.00,146.65,26.95,895,131248
44,44,ADEshL,*MANUAL*,43,1122,79,161.00,91.84,23.57,895,82200
45,45,RMGL,*MANUAL*,43,1140,84,143.00,89.48,18.10,895,80081
46,46,ADAL,*MANUAL*,43,1157,89,153.00,103.31,17.96,886,91532
47,47,ADEL,*MANUAL*,49,1166,80,172.00,113.40,20.94,895,101489
48,48,FLPL,*MANUAL*,45,1176,87,152.00,101.18,17.86,895,90560
49,49,RICL,*MANUAL*,46,1193,89,178.00,100.45,21.92,895,89899
50,50,AVDL,*MANUAL*,46,1189,70,178.00,109.75,18.73,893,98008
51,51,AINL,*MANUAL*,48,1170,66,174.00,99.46,28.45,895,89020
52,52,AVJL,*MANUAL*,49,1180,55,197.00,122.40,25.02,883,108077
53,53,AVHL,*MANUAL*,51,1193,51,199.00,127.64,22.15,895,114239
54,54,AWCL,*MANUAL*,41,1249,79,139.00,81.62,18.97,895,73049
55,55,AUAL,*MANUAL*,44,1235,89,164.00,105.21,21.38,895,94161
56,56,ASJL,*MANUAL*,45,1215,88,114.00,73.82,15.09,895,66068
57,57,ASHL,*MANUAL*,44,1230,68,133.00,87.24,15.83,895,78077
58,58,ASEL,*MANUAL*,44,1209,66,147.00,81.21,21.70,1365,110853
59,59,AFDL,*MANUAL*,47,1251,66,165.00,92.46,19.75,1365,126209
60,60,SIBDL,*MANUAL*,46,1264,85,197.00,118.14,21.34,895,105732
61,61,RMDL,*MANUAL*,48,1280,88,161.00,101.04,20.66,895,90432
62,62,AVAL,*MANUAL*,44,1273,69,165.00,103.76,22.20,895,92868
63,63,RMDVL,*MANUAL*,44,1291,69,153.00,91.91,20.56,895,82257
64,64,SMDVL,*MANUAL*,47,1267,54,180.00,111.88,24.89,895,100131
65,65,RIAL,*MANUAL*,56,1255,58,187.00,118.37,19.45,895,105944
66,66,SAAVL,*MANUAL*,56,1274,64,209.00,142.98,23.31,828,118386
67,67,CEPDL,*MANUAL*,56,1274,49,195.00,138.53,23.38,895,123988
68,68,GLRDL,*MANUAL*,64,1276,60,215.00,140.26,31.28,895,125537
69,69,GLRL,*MANUAL*,58,1273,81,172.00,112.03,26.03,895,100266
70,70,GLRVL,*MANUAL*,60,1279,92,186.00,131.62,25.33,885,116488
71,71,AVBL,*MANUAL*,56,1190,64,176.00,115.80,23.86,895,103644
72,72,AIZL,*MANUAL*,54,1185,79,167.00,110.53,19.76,895,98920
73,73,RIML,*MANUAL*,52,1203,78,155.00,96.58,17.34,895,86443
74,74,RIBL,*MANUAL*,57,1213,70,214.00,111.67,27.68,895,99946
75,75,AIBL,*MANUAL*,55,1242,70,154.00,102.99,17.38,895,92172
76,76,AVEL,*MANUAL*,53,1262,75,178.00,113.36,21.59,895,101457
77,77,AWBL,*MANUAL*,53,1223,48,184.00,114.05,21.27,895,102074
78,78,ASGL,*MANUAL*,54,1209,53,181.00,117.30,20.22,895,104984
79,79,AWAL,*MANUAL*,56,1227,63,177.00,112.74,21.15,895,100903
80,80,ADFL,*MANUAL*,50,1240,48,170.00,101.25,20.76,1365,138204
81,81,RIVL,*MANUAL*,58,1181,49,209.00,137.50,26.90,895,123062
82,82,ASIL,*MANUAL*,64,1198,52,176.00,113.90,19.26,895,101944
83,83,ADLL,*MANUAL*,64,1217,49,153.00,104.41,17.61,895,93450
84,84,ASKL,*MANUAL*,64,1239,48,163.00,96.46,21.77,1365,131670
85,85,URXL,*MANUAL*,63,1261,49,174.00,123.06,17.30,895,110137
86,86,DA1,*MANUAL*,66,1111,108,170.00,105.00,24.17,895,93972
87,87,RIGR,*MANUAL*,66,1126,106,159.00,94.79,26.18,895,84837
88,88,DB1,*MANUAL*,68,1140,111,185.00,106.28,26.05,891,94699
89,89,DD1,*MANUAL*,63,1142,101,199.00,128.32,28.87,889,114074
90,90,SABD,*MANUAL*,74,1149,102,189.00,113.58,28.83,895,101653
91,91,RIGL,*MANUAL*,62,1157,105,212.00,133.83,25.03,879,117638
92,92,AVG,*MANUAL*,69,1161,112,193.00,110.23,27.20,895,98659
93,93,RIFR,*MANUAL*,74,1174,105,224.00,136.76,32.84,847,115832
94,94,RIFL,*MANUAL*,66,1176,110,207.00,149.68,24.34,895,133961
95,95,SABVR,*MANUAL*,75,1187,109,238.00,141.73,35.25,803,113808
96,96,SABVL,*MANUAL*,69,1191,114,234.00,153.97,37.25,895,137807
97,97,DB2,*MANUAL*,71,1207,115,205.00,98.08,30.04,895,87781
98,98,W,*MANUAL*,68,1228,111,165.00,76.46,29.73,1365,104373
99,99,G2,*MANUAL*,71,1245,104,229.00,127.84,29.07,875,111862
100,100,G1,*MANUAL*,71,1270,112,182.00,89.71,28.44,895,80294
101,101,EXC,*MANUAL*,66,1207,97,137.00,57.39,17.06,2103,120689
102,102,AIML,*MANUAL*,66,1186,96,227.00,143.60,29.81,873,125363
103,103,AIYL,*MANUAL*,56,1185,98,208.00,138.26,24.00,895,123746
104,104,AVKL,*MANUAL*,58,1172,93,176.00,117.77,20.95,895,105405
105,105,AIMR,*MANUAL*,75,1195,96,210.00,148.69,27.57,821,122071
106,106,AIYR,*MANUAL*,83,1199,95,219.00,144.33,24.28,895,129179
107,107,RIS,*MANUAL*,85,1183,97,213.00,124.81,24.56,895,111701
108,108,AVKR,*MANUAL*,81,1169,96,208.00,128.29,28.66,895,114823
109,109,SIAVL,*MANUAL*,54,1223,101,185.00,107.39,23.59,895,96118
110,110,SMBDL,*MANUAL*,54,1241,104,165.00,101.00,29.00,889,89791
111,111,SMDDL,*MANUAL*,55,1257,104,176.00,106.23,20.93,880,93481
112,112,RMDDL,*MANUAL*,53,1271,95,195.00,128.24,26.17,819,105028
113,113,SAADL,*MANUAL*,59,1265,98,209.00,143.18,27.24,895,128147
114,114,SMBVL,*MANUAL*,62,1247,99,202.00,134.43,24.78,895,120319
115,115,SIADL,*MANUAL*,55,1235,89,208.00,129.81,22.46,879,114107
116,116,AIAL,*MANUAL*,65,1235,92,197.00,134.08,28.44,881,118124
117,117,SIBVL,*MANUAL*,55,1253,89,191.00,127.66,22.30,895,114253
118,118,RIR,*MANUAL*,65,1247,86,183.00,119.23,23.85,895,106714
119,119,AVL,*MANUAL*,83,1245,85,180.00,113.47,22.67,895,101556
120,120,RMDDR,*MANUAL*,87,1275,97,210.00,144.76,24.86,877,126957
121,121,SMDDR,*MANUAL*,88,1256,100,204.00,122.53,31.84,895,109663
122,122,SMBDR,*MANUAL*,83,1242,100,209.00,135.50,25.91,893,120999
123,123,SIAVR,*MANUAL*,83,1225,94,215.00,137.44,27.95,889,122186
124,124,SIADR,*MANUAL*,90,1235,94,241.00,134.53,31.34,895,120404
125,125,AIAR,*MANUAL*,75,1233,95,230.00,139.32,31.14,895,124689
126,126,SMBVR,*MANUAL*,77,1252,95,220.00,138.15,25.08,895,123640
127,127,SIBVR,*MANUAL*,87,1262,89,228.00,158.85,28.90,889,141222
128,128,RIH,*MANUAL*,70,1267,96,200.00,143.52,20.89,858,123139
129,129,SAADR,*MANUAL*,80,1267,96,232.00,157.13,26.50,895,140635
130,130,vpi3D,*MANUAL*,69,1061,59,178.00,104.36,29.33,895,93399
131,131,vpi3V,*MANUAL*,65,1073,91,189.00,113.01,27.74,719,81256
132,132,vpi2DL,*MANUAL*,53,1076,66,169.00,98.27,25.57,893,87759
133,133,vpi2DR,*MANUAL*,81,1073,69,229.00,122.32,37.74,895,109480
134,134,vpi1,*MANUAL*,70,1070,48,180.00,99.04,21.90,895,88644
135,135,vpi2V,*MANUAL*,66,1081,93,221.00,136.78,34.34,895,122416
136,136,pm8,*MANUAL*,66,1086,82,186.00,101.80,31.30,895,91113
137,137,g1p,*MANUAL*,79,1087,53,168.00,92.12,22.11,1365,125748
138,138,g2L,*MANUAL*,58,1096,85,189.00,125.27,27.92,895,112118
139,139,g2R,*MANUAL*,78,1093,87,230.00,130.49,41.70,895,116787
140,140,M5,*MANUAL*,58,1098,48,185.00,125.80,22.35,895,112595
141,141,pm7D,*MANUAL*,71,1106,43,151.00,78.26,25.85,1365,106820
142,142,pm7VL,*MANUAL*,53,1111,77,132.00,78.07,19.96,895,69876
143,143,pm7VR,*MANUAL*,81,1109,81,172.00,97.44,24.80,895,87210
144,144,mc3V,*MANUAL*,67,1112,92,169.00,109.02,20.81,895,97570
145,145,mc3DL,*MANUAL*,53,1106,57,154.00,91.91,20.43,895,82259
146,146,mc3DR,*MANUAL*,87,1107,61,205.00,117.69,30.57,636,74851
147,147,pm6D,*MANUAL*,72,1135,43,202.00,114.02,24.59,895,102048
148,148,pm6VL,*MANUAL*,54,1134,74,137.00,81.67,20.32,895,73098
149,149,pm6VR,*MANUAL*,81,1133,75,182.00,104.93,22.13,895,93915
150,150,I6,*MANUAL*,61,1135,44,217.00,132.28,25.75,895,118389
151,151,M1,*MANUAL*,83,1126,49,229.00,138.37,34.41,895,123843
152,152,I5,*MANUAL*,68,1139,87,183.00,122.50,20.24,895,109639
153,153,g1aL,*MANUAL*,57,1149,59,154.00,97.91,21.50,895,87625
154,154,g1aR,*MANUAL*,84,1142,61,198.00,126.60,23.36,895,113304
155,155,I4,*MANUAL*,71,1155,44,205.00,138.11,28.42,895,123609
156,156,pm5DR,*MANUAL*,79,1163,55,195.00,115.58,28.38,895,103441
157,157,pm5R,*MANUAL*,83,1161,69,187.00,117.70,32.80,895,105339
158,158,pm5VR,*MANUAL*,74,1153,83,219.00,136.29,25.06,858,116936
159,159,pm5VL,*MANUAL*,64,1153,83,195.00,127.23,25.87,893,113617
160,160,pm5L,*MANUAL*,57,1163,66,195.00,122.09,20.25,895,109273
161,161,pm5DL,*MANUAL*,65,1165,53,176.00,112.14,21.96,895,100361
162,162,mc2V,*MANUAL*,71,1174,82,166.00,96.19,20.19,895,86091
163,163,mc2DR,*MANUAL*,79,1184,66,185.00,103.66,24.64,889,92154
164,164,mc2DL,*MANUAL*,64,1180,65,157.00,92.83,19.71,880,81689
165,165,H1R,*MANUAL*,100,1298,74,167.00,62.13,28.56,1365,84814
166,166,URBR,*MANUAL*,95,1330,69,237.00,143.71,40.29,841,120862
167,167,IL1R,*MANUAL*,91,1338,76,223.00,144.70,29.62,895,129505
168,168,URYVR,*MANUAL*,91,1329,86,237.00,145.08,33.15,894,129704
169,169,BAGR,*MANUAL*,91,1310,83,184.00,110.96,32.27,895,99310
170,170,CEPshVR,*MANUAL*,92,1295,86,227.00,118.93,39.18,895,106443
171,171,OLQVR,*MANUAL*,86,1322,94,208.00,140.02,26.15,891,124757
172,172,URAVR,*MANUAL*,77,1327,106,218.00,150.02,25.72,705,105762
173,173,CEPVR,*MANUAL*,78,1313,105,194.00,119.82,29.21,895,107243
174,174,IL2VR,*MANUAL*,78,1351,110,179.00,98.19,30.19,891,87484
175,175,IL1VR,*MANUAL*,72,1340,107,208.00,136.96,30.95,781,106963
176,176,CEPsoVR,*MANUAL*,89,1341,93,193.00,112.28,35.75,895,100493
177,177,XXXR,*MANUAL*,96,1350,81,246.00,132.34,40.32,895,118442
178,178,IL2R,*MANUAL*,96,1350,67,200.00,123.65,29.04,895,110665
179,179,OLQshVR,*MANUAL*,97,1373,78,234.00,123.85,49.43,895,110847
180,180,OLLshR,*MANUAL*,97,1393,71,239.00,144.03,41.68,895,128906
181,181,ILshR,*MANUAL*,94,1402,78,225.00,132.75,38.87,895,118808
182,182,OLQsoVR,*MANUAL*,90,1413,86,187.00,107.25,34.38,895,95986
183,183,ILsoR,*MANUAL*,90,1430,81,216.00,133.85,34.46,873,116851
184,184,ARCpVR,*MANUAL*,89,1448,79,229.00,122.28,30.93,895,109445
185,185,*NOUSE*,*NOUSE*,0,0,0,0,0,0,0,0
186,186,ARCpDR,*MANUAL*,87,1448,59,193.00,121.07,31.21,895,108358
187,187,hyp1R,*MANUAL*,85,1426,58,217.00,126.25,32.07,895,112998
188,188,ILshDR,*MANUAL*,93,1404,59,229.00,131.99,44.07,803,105988
189,189,ILsHDL,*MANUAL*WRONG,88,1398,55,235.00,143.51,37.34,895,128445
190,190,OLQshDR,*MANUAL*,93,1374,58,238.00,146.23,41.16,895,130874
191,191,OLLsOR,*MANUAL*,91,1354,57,246.00,149.25,41.46,895,133579
192,192,CEPsoDR,*MANUAL*,87,1342,57,246.00,163.66,39.38,895,146475
193,193,ARCaDR,*MANUAL*,91,1467,67,213.00,131.24,38.62,821,107752
194,194,AMsOR,*MANUAL*,91,1458,67,236.00,133.43,43.16,895,119422
195,195,OLLR,*MANUAL*,86,1330,66,231.00,155.82,23.26,879,136967
196,196,RMER,*MANUAL*,85,1312,72,212.00,136.84,30.01,895,122475
197,197,CEPSHDR,*MANUAL*,87,1299,57,233.00,127.84,37.29,895,114418
198,198,URYDR,*MANUAL*,83,1316,57,243.00,159.25,26.41,895,142527
199,199,URADR,*MANUAL*,83,1329,56,247.00,172.17,30.81,865,148925
200,200,IL2DR,*MANUAL*,77,1338,45,214.00,134.85,29.50,895,120688
201,201,IL1DR,*MANUAL*,74,1325,58,229.00,168.63,22.07,895,150921
202,202,OLQDR,*MANUAL*,76,1313,48,232.00,148.24,28.55,894,132530
203,203,RMED,*MANUAL*,66,1315,54,239.00,159.11,25.95,799,127128
204,204,ALA,*MANUAL*,68,1275,42,183.00,124.80,21.04,895,111697
205,205,RID,*MANUAL*,68,1295,40,169.00,115.93,21.24,895,103753
206,206,H0R,*MANUAL*,94,1429,67,175.00,94.56,31.23,895,84631
207,207,URBL,*MANUAL*,42,1348,74,181.00,111.42,25.53,843,93924
208,208,IL1L,*MANUAL*,47,1349,82,159.00,102.66,22.51,895,91883
209,209,URYVL,*MANUAL*,46,1336,90,179.00,111.59,19.64,895,99876
210,210,BAGL,*MANUAL*,44,1324,79,158.00,103.68,18.63,821,85122
211,211,OLQVL,*MANUAL*,51,1322,90,171.00,106.29,19.47,893,94916
212,212,CEPshVL,*MANUAL*,47,1300,91,163.00,90.09,26.90,880,79280
213,213,URAVL,*MANUAL*,53,1333,102,171.00,107.07,23.33,895,95826
214,214,CEPVL,*MANUAL*,64,1309,106,202.00,125.14,28.52,895,111999
215,215,IL1VL,*MANUAL*,67,1322,108,215.00,134.41,26.28,895,120300
216,216,IL2VL,*MANUAL*,64,1338,108,213.00,141.93,24.63,895,127030
217,217,CEPsoVL,*MANUAL*,51,1350,97,202.00,109.21,26.44,867,94681
218,218,IL2L,*MANUAL*,43,1370,76,138.00,98.56,15.28,895,88211
219,219,XXXL,*MANUAL*,44,1365,87,188.00,109.03,26.56,895,97578
220,220,OLQshVL,*MANUAL*,46,1380,85,201.00,121.22,24.16,861,104370
221,221,OLLshL,*MANUAL*,42,1389,84,194.00,121.61,32.65,885,107624
222,222,ILsHL,*MANUAL*,49,1397,87,190.00,119.45,28.53,895,106909
223,223,OLQsoVL,*MANUAL*,52,1408,91,172.00,103.53,23.41,895,92659
224,224,ILsoL,*MANUAL*,51,1423,87,198.00,115.34,26.48,894,103111
225,225,ARCpVL,*MANUAL*,48,1440,85,158.00,102.40,21.66,895,91652
226,226,ARCaDL,*MANUAL*,45,1451,75,147.00,92.36,19.85,895,82661
227,227,hyp2L,*MANUAL*,45,1428,70,149.00,87.28,19.69,895,78120
228,228,ARCpDL,*MANUAL*,52,1414,66,169.00,101.44,21.97,895,90787
229,229,AMSOL,*MANUAL*,43,1401,67,163.00,96.43,24.73,894,86209
230,230,hyp1L,*MANUAL*,49,1391,65,208.00,126.94,29.64,889,112848
231,231,OLQshDL,*MANUAL*,42,1386,72,196.00,109.96,25.73,895,98415
232,232,OLLsoL,*MANUAL*,48,1377,64,175.00,121.92,26.65,879,107171
233,233,CEPsoDL,*MANUAL*,47,1360,63,192.00,114.03,29.55,895,102061
234,234,RMEL,*MANUAL*,48,1310,79,170.00,106.00,21.82,888,94126
235,235,RIPL,*MANUAL*,52,1325,75,191.00,128.28,21.76,895,114814
236,236,OLLL,*MANUAL*,52,1342,68,162.00,97.87,23.29,895,87593
237,237,CEPshDL,*MANUAL*,48,1302,63,176.00,98.33,23.68,895,88005
238,238,URYDL,*MANUAL*,49,1317,61,194.00,122.64,26.59,895,109762
239,239,URADL,*MANUAL*,48,1333,60,217.00,134.79,29.48,893,120371
240,240,IL2DL,*MANUAL*,52,1349,52,156.00,98.23,24.02,895,87915
241,241,IL1DL,*MANUAL*,58,1327,59,213.00,141.97,25.18,895,127059
242,242,OLQDL,*MANUAL*,58,1312,55,208.00,136.43,25.37,895,122106
243,243,H0L,*MANUAL*,43,1416,80,160.00,81.06,21.90,1365,110653
244,244,M4,*MANUAL*,65,1325,75,187.00,109.56,22.84,895,98055
245,245,M3L,*MANUAL*,60,1329,92,194.00,130.27,27.73,895,116594
246,246,M3R,*MANUAL*,77,1328,90,233.00,151.03,31.90,895,135170
247,247,I3,*MANUAL*,67,1347,61,220.00,147.53,26.83,895,132043
248,248,NSML,*MANUAL*,59,1354,92,195.00,119.31,27.98,893,106542
249,249,NSMR,*MANUAL*,85,1351,87,212.00,139.73,28.94,895,125058
250,250,MI,*MANUAL*,69,1358,54,218.00,160.31,25.49,852,136588
251,251,pm4DR,*MANUAL*,77,1354,59,202.00,121.45,33.46,895,108696
252,252,pm4R,*MANUAL*,85,1362,74,214.00,120.65,36.69,895,107982
253,253,pm4VR,*MANUAL*,79,1361,95,171.00,97.78,27.33,895,87510
254,254,pm4VL,*MANUAL*,66,1366,96,168.00,99.95,20.68,895,89453
255,255,pm4L,*MANUAL*,56,1365,79,175.00,109.08,23.69,895,97623
256,256,pm4DL,*MANUAL*,61,1362,60,188.00,122.56,26.58,895,109693
257,257,MCL,*MANUAL*,60,1382,89,194.00,138.29,25.06,803,111046
258,258,I2R,*MANUAL*,88,1368,85,248.00,135.47,42.82,1093,148072
259,259,mc1V,*MANUAL*,74,1380,94,155.00,104.11,19.47,845,87975
260,260,pm1VR,*MANUAL*,81,1389,88,217.00,139.15,33.59,895,124540
261,261,pm1R,*MANUAL*,85,1387,77,237.00,166.08,34.26,895,148639
262,262,mc1DR,*MANUAL*,82,1380,61,197.00,128.89,24.69,785,101181
263,263,pm1DR,*MANUAL*,77,1383,55,237.00,151.61,35.19,895,135691
264,264,pm1DL,*MANUAL*,69,1373,57,227.00,154.15,31.90,895,137963
265,265,mc1DL,*MANUAL*,59,1381,68,130.00,91.15,13.30,895,81579
266,266,pm1L,*MANUAL*,58,1389,78,232.00,124.66,39.17,895,111567
267,267,pm1VL,*MANUAL*,67,1387,90,227.00,146.89,31.98,895,131471
268,268,e3D,*MANUAL*,69,1402,56,158.00,87.86,25.23,895,78636
269,269,I1L,*MANUAL*,63,1402,86,205.00,110.92,34.99,895,99275
270,270,I1R,*MANUAL*,81,1404,82,252.00,150.34,33.43,895,134554
271,271,pm3R,*MANUAL*,80,1419,75,169.00,92.97,20.91,895,83210
272,272,pm3L,*MANUAL*,59,1418,79,142.00,77.39,23.33,895,69260
273,273,pm3DR,*MANUAL*,73,1425,61,121.00,61.21,18.10,1365,83548
274,274,e1D,*MANUAL*,66,1451,58,179.00,106.19,28.10,803,85271
275,275,e3VL,*MANUAL*,59,1436,86,149.00,87.91,26.18,895,78676
276,276,e3VR,*MANUAL*,81,1431,83,204.00,113.78,38.14,873,99327
277,277,pm3DL,*MANUAL*,62,1445,62,177.00,82.74,25.50,895,74048
278,278,pm3VR,*MANUAL*,76,1447,83,157.00,72.71,22.62,895,65079
279,279,pm3VL,*MANUAL*,64,1460,90,135.00,58.88,22.03,861,50699
280,280,e1VL,*MANUAL*,57,1464,89,213.00,116.30,30.08,821,95486
281,281,e1VR,*MANUAL*,82,1464,81,227.00,125.88,34.67,883,111151
282,282,pm2D2,*MANUAL*,64,1479,58,205.00,114.90,34.05,895,102839
283,283,pm2D1,*MANUAL*,64,1495,59,229.00,106.49,42.37,895,95305
284,284,e2D,*MANUAL*,64,1522,58,162.00,85.24,32.87,895,76288
285,285,pm2VL2,*MANUAL*,56,1489,88,225.00,112.89,34.34,895,101040
286,286,pm2VL1,*MANUAL*,56,1503,88,205.00,119.59,38.35,895,107031
287,287,E2VL,*MANUAL*,56,1525,85,177.00,88.45,39.40,895,79165
288,288,pm2VR2,*MANUAL*,80,1480,82,228.00,145.21,30.72,877,127348
289,289,pm2VR1,*MANUAL*,79,1496,79,221.00,113.51,47.98,895,101591
290,290,e2VR,*MANUAL*,76,1528,78,166.00,73.97,34.20,895,66206
291,291,hyp5R,*MANUAL*,87,1509,64,150.00,78.42,24.39,895,70182
292,292,hyp5L,*MANUAL*,46,1503,75,129.00,63.25,20.64,895,56610
293,293,hyp4D,*MANUAL*,63,1570,54,149.00,76.70,24.80,895,68650
294,294,hyp31,*MANUAL*,66,1523,46,199.00,115.53,31.87,895,103395
295,295,hyp32,*MANUAL*,61,1511,48,227.00,116.12,36.09,895,103927
296,296,ARCpD,*MANUAL*,71,1489,48,228.00,123.28,35.72,879,108363
297,297,ILsoDR,*MANUAL*,71,1466,47,232.00,146.60,33.17,773,113324
298,298,OLQsoDR,*MANUAL*,71,1447,46,207.00,131.77,34.03,895,117933
299,299,ILsoDL,*MANUAL*,57,1472,49,205.00,120.66,30.48,895,107992
300,300,OLQsoDL,*MANUAL*,59,1442,48,230.00,130.85,30.85,895,117107
301,301,hyp7D2,*MANUAL*,66,1261,31,128.00,51.08,22.64,1365,69731
302,302,hyp7D1,*MANUAL*,65,1322,38,142.00,64.09,19.89,1365,87482
303,303,hyp6D4,*MANUAL*,68,1356,39,164.00,94.28,23.44,895,84383
304,304,hyp6D3,*MANUAL*,67,1385,42,186.00,93.12,29.44,895,83339
305,305,hyp6D2,*MANUAL*,66,1431,45,179.00,108.18,24.47,895,96824
306,306,hyp6D1,*MANUAL*,64,1493,41,178.00,89.59,28.39,895,80186
307,307,hyp4V1,*MANUAL*,67,1576,93,171.00,91.71,29.02,895,82077
308,308,hyp4V2,*MANUAL*,67,1547,96,172.00,87.41,27.42,895,78228
309,309,ARCaV,*MANUAL*,70,1516,96,170.00,84.47,33.15,895,75602
310,310,hyp2V,*MANUAL*,70,1490,99,144.00,75.59,26.76,895,67650
311,311,ARCpV,*MANUAL*,76,1469,101,194.00,106.30,30.73,895,95140
312,312,hyp1V,*MANUAL*,70,1457,102,204.00,108.80,29.90,895,97376
313,313,ILsoVL,*MANUAL*,69,1438,103,214.00,119.31,31.85,895,106786
314,314,ILsHVL,*MANUAL*,68,1419,103,192.00,109.78,33.17,895,98252
315,315,ILsoVR,*MANUAL*,78,1446,101,224.00,126.06,37.29,895,112825
316,316,ILshVR,*MANUAL*,78,1429,102,233.00,126.06,45.02,895,112823
317,317,hyp7V2,*MANUAL*,71,1332,116,141.00,81.45,24.58,895,72902
318,318,hyp7V1,*MANUAL*,70,1355,117,132.00,68.39,19.79,895,61206
319,319,hyp6V2,*MANUAL*,71,1392,108,152.00,67.62,19.83,895,60521
320,320,hyp6V1,*MANUAL*,74,1408,105,150.00,80.65,16.61,895,72180
321,321,DR1,*MANUAL*,82,1486,55,168.00,92.37,24.68,895,82669
322,322,DR2,*MANUAL*,80,1465,48,180.00,103.43,27.14,895,92567
323,323,DR3,*MANUAL*,80,1428,44,167.00,89.63,24.02,895,80216
324,324,DR4,*MANUAL*,87,1354,46,169.00,73.97,29.56,895,66200
325,325,DR5,*MANUAL*,80,1310,36,146.00,82.46,25.54,895,73800
326,326,DR6,*MANUAL*,87,1288,43,202.00,96.03,32.67,895,85944
327,327,DR7,*MANUAL*,76,1202,35,170.00,92.39,26.84,895,82687
328,328,DR8,*MANUAL*,84,1168,37,197.00,104.49,30.54,895,93521
329,329,DR9,*MANUAL*,83,1141,32,205.00,94.19,33.26,895,84299
330,330,DR10,*MANUAL*,85,1074,44,177.00,77.71,33.11,895,69553
331,331,DR11,*MANUAL*,76,1023,33,214.00,98.29,33.67,895,87966
332,332,DR12,*MANUAL*,82,956,42,170.00,95.42,26.32,895,85397
333,333,DR13,*MANUAL*,75,900,41,196.00,96.05,35.93,895,85969
334,334,DR14,*MANUAL*,82,842,40,244.00,121.80,48.07,895,109007
335,335,DR15,*MANUAL*,80,792,36,233.00,117.36,47.06,895,105041
336,336,DR16,*MANUAL*,80,702,45,202.00,102.58,36.45,895,91807
337,337,DR17,*MANUAL*,80,623,47,200.00,96.14,29.24,895,86049
338,338,DR18,*MANUAL*,78,562,49,203.00,99.33,37.87,895,88897
339,339,DR19,*MANUAL*,77,485,50,205.00,99.44,35.30,895,89001
340,340,DR20,*MANUAL*,77,415,48,178.00,91.33,34.80,862,78724
341,341,DR21,*MANUAL*,74,291,54,182.00,102.79,27.76,895,91999
342,342,DL21,*MANUAL*,68,238,54,163.00,98.76,27.39,895,88391
343,343,DL20,*MANUAL*,62,394,46,151.00,69.04,26.44,895,61795
344,344,DL19,*MANUAL*,63,448,46,173.00,92.37,34.27,895,82672
345,345,DL18,*MANUAL*,61,506,49,189.00,78.41,33.10,895,70180
346,346,DL17,*MANUAL*,60,587,44,168.00,80.69,25.59,895,72219
347,347,DL16,*MANUAL*,59,663,44,188.00,91.12,33.51,895,81550
348,348,DL15,*MANUAL*,58,735,41,179.00,107.62,25.87,895,96324
349,349,DL14,*MANUAL*,56,799,35,154.00,91.34,28.80,895,81749
350,350,DL13,*MANUAL*,57,865,36,198.00,92.83,30.17,895,83079
351,351,DL12,*MANUAL*,48,930,40,159.00,76.00,25.15,895,68016
352,352,DL11,*MANUAL*,54,979,35,210.00,80.28,35.28,895,71854
353,353,DL10,*MANUAL*,50,1064,39,174.00,79.81,27.44,895,71426
354,354,DL9,*MANUAL*,53,1092,38,131.00,80.52,22.64,895,72062
355,355,DL8,*MANUAL*,53,1152,35,143.00,76.30,23.68,895,68285
356,356,HMC,*MANUAL*,68,1183,41,173.00,107.09,20.65,895,95842
357,357,DL7,*MANUAL*,61,1192,37,162.00,99.46,20.45,895,89013
358,358,DL6,*MANUAL*,48,1291,48,138.00,69.51,18.09,885,61516
359,359,DL5,*MANUAL*,55,1294,40,144.00,76.44,17.79,895,68418
360,360,DL4,*MANUAL*,47,1374,54,122.00,80.52,14.80,895,72069
361,361,DL3,*MANUAL*,54,1405,52,141.00,80.45,17.05,895,72002
362,362,DL2,*MANUAL*,51,1437,57,147.00,83.63,21.73,895,74847
363,363,DL1,*MANUAL*,47,1466,62,129.00,67.99,18.44,895,60852
364,364,VL1,*MANUAL*,48,1464,90,143.00,66.88,23.54,895,59854
365,365,VL2,*MANUAL*,56,1434,99,105.00,57.71,14.90,895,51653
366,366,VL3,*MANUAL*,59,1399,103,155.00,74.13,24.83,895,66345
367,367,VL4,*MANUAL*,51,1376,98,131.00,68.53,19.12,895,61338
368,368,VL5,*MANUAL*,56,1317,110,150.00,81.12,25.43,895,72598
369,369,VL6,*MANUAL*,51,1288,103,137.00,62.92,23.04,895,56312
370,370,VL7,*MANUAL*,60,1198,111,201.00,96.20,25.18,895,86100
371,371,EXC GL L,*MANUAL*,53,1155,93,186.00,115.10,22.13,895,103016
372,372,VL8,*MANUAL*,53,1137,101,156.00,90.65,18.72,895,81128
373,373,VL9,*MANUAL*,58,1102,105,150.00,79.56,23.52,895,71207
374,374,VL10,*MANUAL*,51,1045,98,151.00,68.50,23.37,895,61310
375,375,VL11,*MANUAL*,59,977,101,133.00,67.57,23.06,895,60479
376,376,VL13,*MANUAL*,57,847,98,206.00,100.83,28.25,895,90242
377,377,VL14,*MANUAL*,53,804,89,181.00,97.72,24.94,895,87463
378,378,DB4,*MANUAL*,60,921,109,49.00,22.29, 6.80,895,19951
379,379,VL15,*MANUAL*,60,722,94,187.00,115.66,24.98,895,103517
380,380,CCLA,*MANUAL*,60,768,93,241.00,138.91,39.78,895,124323
381,381,CCLP,*MANUAL*,57,748,92,209.00,137.01,28.96,895,122622
382,382,VL16,*MANUAL*,57,627,92,207.00,104.39,31.48,895,93428
383,383,VL17,*MANUAL*,57,502,94,166.00,90.57,29.78,895,81058
384,384,VL18,*MANUAL*,57,415,86,163.00,77.51,29.30,895,69374
385,385,VL19,*MANUAL*,58,249,81,175.00,95.66,33.13,881,84278
386,386,VR20,*MANUAL*,71,248,84,177.00,100.15,33.36,895,89633
387,387,VR19,*MANUAL*,78,419,89,172.00,82.69,30.04,895,74006
388,388,VR18,*MANUAL*,78,503,96,170.00,73.86,32.34,895,66105
389,389,VR17,*MANUAL*,78,580,93,180.00,100.82,32.75,895,90233
390,390,VR16,*MANUAL*,80,659,92,213.00,115.46,29.47,895,103341
391,391,VR15,*MANUAL*,78,754,92,200.00,123.81,30.06,895,110806
392,392,VR14,*MANUAL*,78,814,93,208.00,90.80,36.85,895,81270
393,393,VR13,*MANUAL*,74,883,101,155.00,65.84,24.85,895,58928
394,394,VR12,*MANUAL*,79,936,98,138.00,56.49,24.46,895,50563
395,395,VR11,*MANUAL*,78,994,101,187.00,94.89,29.15,895,84923
396,396,CCRA,*MANUAL*,84,1005,93,229.00,125.40,39.09,895,112233
397,397,CCRP,*MANUAL*,83,970,89,220.00,125.42,34.12,885,111001
398,398,VR10,*MANUAL*,84,1068,97,184.00,92.36,31.41,895,82662
399,399,VR9,*MANUAL*,82,1116,102,178.00,95.18,28.68,895,85183
400,400,EXC GL R,*MANUAL*,84,1134,93,207.00,113.06,39.23,895,101187
401,401,VR8,*MANUAL*,85,1153,101,217.00,104.27,33.33,895,93320
402,402,VR7,*MANUAL*,84,1212,107,163.00,91.79,26.61,895,82152
403,403,VR6,*MANUAL*,92,1313,98,173.00,66.07,29.58,895,59131
404,404,VR5,*MANUAL*,84,1326,105,229.00,104.03,37.87,895,93109
405,405,VR4,*MANUAL*,92,1383,93,185.00,85.09,28.12,889,75649
406,406,VR3,*MANUAL*,85,1408,101,169.00,85.13,28.96,895,76187
407,407,VR2,*MANUAL*,87,1447,93,157.00,83.83,26.35,895,75030
408,408,VR1,*MANUAL*,88,1473,82,205.00,107.44,27.65,895,96162
409,409,hyp102,*MANUAL*,65,81,72,155.00,75.21,25.79,895,67314
410,410,hyp101,*MANUAL*,67,109,67,164.00,90.60,25.95,895,81091
411,411,hyp9,*MANUAL*,66,126,72,152.00,82.59,20.19,895,73917
412,412,hyp11,*MANUAL*,61,153,61,172.00,82.04,23.42,895,73427
413,413,hyp8,*MANUAL*,67,153,72,175.00,88.48,20.84,895,79194
414,414,hyp72,*MANUAL*,64,175,71,165.00,101.87,23.53,895,91173
415,415,hyp71,*MANUAL*,64,195,78,175.00,93.90,27.00,895,84038
416,416,PVR,*MANUAL*,66,201,60,158.00,95.59,22.88,895,85554
417,417,TR,*MANUAL*,73,216,64,168.00,67.05,27.22,1365,91523
418,418,PLMR,*MANUAL*,69,230,74,184.00,115.22,21.25,895,103118
419,419,PHshR,*MANUAL*,73,242,68,200.00,127.05,28.21,895,113714
420,420,ALNR,*MANUAL*,73,254,61,209.00,137.50,22.94,895,123060
421,421,LUAR,*MANUAL*,78,266,67,244.00,159.63,33.86,885,141274
422,422,PVCR,*MANUAL*,76,260,76,212.00,132.94,34.40,895,118983
423,423,PHBR,*MANUAL*,79,279,73,234.00,133.59,23.56,895,119566
424,424,PHAR,*MANUAL*,76,282,84,208.00,133.52,28.72,889,118702
425,425,PVQR,*MANUAL*,81,298,77,198.00,112.32,30.42,895,100530
426,426,repVR,*MANUAL*,82,321,73,208.00,116.97,34.84,895,104684
427,427,K',*MANUAL*,78,308,62,200.00,117.35,29.63,895,105028
428,428,repD,*MANUAL*,71,312,52,199.00,114.79,29.09,895,102740
429,429,DVC,*MANUAL*,64,257,75,205.00,117.12,25.30,1353,158465
430,430,DEP,*MANUAL*,65,265,58,188.00,127.90,21.90,860,109994
431,431,DVA,*MANUAL*,68,281,62,204.00,102.35,25.35,1365,139707
432,432,B,*MANUAL*,65,277,84,184.00,93.80,28.70,1365,128033
433,433,F,*MANUAL*,68,296,69,207.00,127.60,33.41,895,114206
434,434,K,*MANUAL*,62,301,58,209.00,109.79,23.93,874,95959
435,435,TL,*MANUAL*,58,223,60,112.00,62.06,18.67,1365,84715
436,436,PLML,*MANUAL*,59,215,73,173.00,107.36,24.64,895,96084
437,437,PHshL,*MANUAL*,58,242,67,200.00,124.68,28.04,895,111590
438,438,ALNL,*MANUAL*,58,254,57,209.00,130.07,29.91,895,116417
439,439,LUAL,*MANUAL*,57,271,58,222.00,149.55,26.84,895,133843
440,440,PVCL,*MANUAL*,56,264,70,195.00,125.88,22.12,895,112667
441,441,PHBL,*MANUAL*,54,281,65,195.00,120.21,24.69,895,107591
442,442,PHAL,*MANUAL*,57,286,77,200.00,125.05,27.57,895,111923
443,443,PVQL,*MANUAL*,55,296,68,178.00,117.73,19.73,895,105364
444,444,repVL,*MANUAL*,57,320,68,179.00,118.22,25.33,895,105803
445,445,SPH,*MANUAL*,59,340,75,219.00,136.28,30.72,673,91716
446,446,virL,*MANUAL*,65,337,59,183.00,115.63,22.31,895,103490
447,447,virR,*MANUAL*,77,337,63,196.00,117.15,26.00,895,104848
448,448,YPDA,*MANUAL*,67,306,94,193.00,103.93,32.68,895,93017
449,449,U,*MANUAL*,61,317,79,185.00,110.90,26.68,877,97255
450,450,DA9,*MANUAL*,79,315,88,198.00,122.95,28.01,895,110043
451,451,DA8,*MANUAL*,60,324,87,229.00,128.97,31.27,895,115430
452,452,DD6,*MANUAL*,69,332,82,229.00,145.34,26.78,861,125141
453,453,PVPR,*MANUAL*,78,335,85,237.00,159.31,25.37,837,133339
454,454,PVPL,*MANUAL*,62,344,88,200.00,129.84,24.91,895,116205
455,455,PVT,*MANUAL*,77,350,91,219.00,121.56,26.51,895,108798
456,456,iMR,*MANUAL*,83,377,86,191.00,104.01,30.69,895,93091
457,457,iML,*MANUAL*,54,372,83,167.00,84.99,27.49,895,76065
458,458,H2R,*MANUAL*,98,1163,75,166.00,80.40,28.94,2103,169081
459,459,AMshR,*MANUAL*,95,1156,57,144.00,67.70,30.11,1365,92415
460,460,hyp7ABRV,*MANUAL*,94,1077,79,148.00,58.18,25.02,2103,122345
461,461,hyp7ABRD,*MANUAL*,94,1062,59,136.00,53.57,27.23,2103,112662
462,462,hyp7ABR3,*MANUAL*,94,1107,66,174.00,65.98,29.72,2103,138751
463,463,BDUR,*MANUAL*,91,1036,72,237.00,132.50,47.07,895,118587
464,464,V1R,*MANUAL*,92,1009,77,157.00,84.50,24.29,1365,115347
465,465,P1/2R,*MANUAL*,89,962,92,161.00,80.97,28.87,895,72465
466,466,hyp7RC1,*MANUAL*,89,940,66,126.00,36.43,20.83,2969,108174
467,467,V2R,*MANUAL*,86,911,90,160.00,61.53,29.19,1365,83983
468,468,P3/4R,*MANUAL*,87,857,90,197.00,101.86,31.75,895,91168
469,469,ALMR,*MANUAL*,86,875,53,218.00,135.39,31.30,895,121173
470,470,hyp7RC2,*MANUAL*,88,817,55,197.00,39.80,26.40,2103,83698
471,471,V3R,*MANUAL*,87,798,77,168.00,70.11,32.07,1365,95694
472,472,P5/6R,*MANUAL*,88,740,87,195.00,82.05,33.06,1365,111995
473,473,CANR,*MANUAL*,88,745,70,215.00,136.69,30.64,895,122335
474,474,hyp7RC3,*MANUAL*,90,705,67,141.00,57.59,27.25,1365,78605
475,475,HSNR,*MANUAL*,86,695,93,246.00,134.54,44.29,895,120417
476,476,V4R,*MANUAL*,90,665,82,148.00,67.93,30.77,1365,92720
477,477,P7/8R,*MANUAL*,86,612,88,166.00,90.03,30.19,895,80574
478,478,hyp7RC4,*MANUAL*,89,601,62,130.00,45.93,24.81,2103,96598
479,479,QR,*MANUAL*,89,580,80,177.00,74.64,33.64,1365,101877
480,480,V5R,*MANUAL*,87,504,81,174.00,62.83,29.94,2103,132128
481,481,P9/10R,*MANUAL*,86,471,87,184.00,70.20,32.27,1365,95822
482,482,hyp7RC5,*MANUAL*,87,467,65,140.00,49.28,24.93,2103,103635
483,483,V6R,*MANUAL*,86,416,75,142.00,61.45,25.29,1365,83878
484,484,P11/12R,*MANUAL*,86,330,86,201.00,79.01,38.40,1365,107854
485,485,hyp7RC6,*MANUAL*,84,289,62,128.00,46.61,22.38,1365,63623
486,486,H2L,*MANUAL*,40,1154,73,111.00,48.97,14.81,1365,66839
487,487,AMshL,*MANUAL*,43,1146,53,94.00,51.11,13.26,1365,69764
488,488,hyp7ABLV,*MANUAL*,42,1080,78,95.00,37.08,16.33,2103,77970
489,489,BDUL,*MANUAL*,43,1052,68,145.00,94.47,20.41,895,84554
490,490,V1L,*MANUAL*,38,1019,74,94.00,43.62,15.99,1365,59543
491,491,P1/2L,*MANUAL*,42,969,91,86.00,39.73,13.60,1365,54230
492,492,hyp7LC1,*MANUAL*,42,965,56,130.00,31.39,16.30,2103,66021
493,493,ALML,*MANUAL*,46,875,45,164.00,98.18,21.84,895,87868
494,494,V2L,*MANUAL*,39,913,83,73.00,31.98,13.05,1365,43651
495,495,P3/4L,*MANUAL*,42,854,85,119.00,55.70,16.75,1365,76032
496,496,hyp7LC2,*MANUAL*,42,845,56,96.00,37.36,17.49,2103,78573
497,497,V3L,*MANUAL*,43,798,76,120.00,45.56,20.41,1365,62190
498,498,P5/6L,*MANUAL*,45,742,85,136.00,66.31,24.78,1365,90508
499,499,CANL,*MANUAL*,46,727,68,177.00,96.33,24.43,895,86215
500,500,HSNL,*MANUAL*,47,685,86,172.00,92.83,29.43,895,83087
501,501,V4L,*MANUAL*,49,641,80,146.00,60.69,23.60,2103,127638
502,502,P7/8L,*MANUAL*,49,595,84,140.00,74.39,21.63,1365,101540
503,503,hyp7LC4,*MANUAL*,49,575,57,108.00,41.08,18.52,2103,86399
504,504,hyp7LC3,*MANUAL*,46,750,51,102.00,35.34,19.36,2103,74322
505,505,QL,*MANUAL*,47,559,78,130.00,67.06,23.10,1365,91539
506,506,V5L,*MANUAL*,49,510,77,109.00,45.54,20.12,1365,62162
507,507,P9/10L,*MANUAL*,50,473,81,152.00,70.62,24.27,1365,96403
508,508,V6L,*MANUAL*,50,409,69,114.00,52.94,22.90,1365,72266
509,509,hyp7LC5,*MANUAL*,51,468,60,106.00,33.62,16.41,2103,70694
510,510,hyp7LC6,*MANUAL*,55,310,57,148.00,63.01,21.00,1365,86006
511,511,P11/12L,*MANUAL*,53,336,79,185.00,76.38,29.66,1365,104265
512,512,inDL1,*MANUAL*,54,1024,42,114.00,39.97,20.25,2103,84056
513,513,inDR1,*MANUAL*,83,1013,51,128.00,47.56,21.36,2103,100022
514,514,inVR1,*MANUAL*,73,1014,90,125.00,49.90,20.74,2103,104930
515,515,inVL1,*MANUAL*,52,1011,88,106.00,36.11,14.91,2103,75947
516,516,inV2,*MANUAL*,58,955,91,52.00,20.77, 8.20,2103,43685
517,517,inD2,*MANUAL*,64,962,46,83.00,28.92,11.07,2103,60809
518,518,inD3,*MANUAL*,65,910,52,56.00,20.24, 9.11,2103,42557
519,519,inV3,*MANUAL*,63,893,92,63.00,20.01, 9.45,2103,42076
520,520,inD4,*MANUAL*,65,850,49,67.00,22.66,10.62,2103,47652
521,521,inV4,*MANUAL*,65,801,82,96.00,32.33,14.01,2103,67981
522,522,inD5,*MANUAL*,70,765,48,74.00,21.66,10.87,2103,45542
523,523,inV5,*MANUAL*,63,717,68,94.00,26.47,13.54,2103,55676
524,524,inv6,*MANUAL*,77,653,67,96.00,29.73,18.94,2103,62516
525,525,inD6,*MANUAL*,70,609,58,62.00,25.15,10.50,2103,52889
526,526,inV7,*MANUAL*,68,553,84,87.00,28.09,13.71,2103,59065
527,527,inV8,*MANUAL*,69,450,82,99.00,39.91,15.69,1365,54471
528,528,inV9,*MANUAL*,69,370,87,118.00,50.24,17.37,1365,68576
529,529,inD7,*MANUAL*,69,510,55,79.00,27.51,13.57,1365,37548
530,530,inD8,*MANUAL*,70,409,56,100.00,44.60,15.28,2103,93789
531,531,inD9,*MANUAL*,69,361,52,115.00,49.19,21.34,1365,67138
532,532,DB3,*MANUAL*,67,1065,106,175.00,103.72,25.55,895,92829
533,533,DA2,*MANUAL*,65,1033,105,179.00,108.65,23.89,895,97242
534,534,DD2,*MANUAL*,66,985,107,181.00,99.44,24.97,895,89002
535,535,DA3,*MANUAL*,65,950,109,80.00,46.23,14.46,895,41380
536,536,VL12,*MANUAL*,45,922,96,74.00,39.03,10.38,895,34929
537,537,DA4,*MANUAL*,66,837,104,229.00,122.46,40.94,895,109599
538,538,DD3,*MANUAL*,63,817,102,231.00,134.50,36.87,895,120381
539,539,DB5,*MANUAL*,66,743,100,241.00,135.31,30.87,895,121106
540,540,DA5,*MANUAL*,66,703,104,228.00,143.51,36.23,895,128439
541,541,DD4,*MANUAL*,66,637,99,226.00,134.59,31.91,895,120456
542,542,DB6,*MANUAL*,64,593,99,206.00,117.81,33.83,895,105436
543,543,DA6,*MANUAL*,64,570,99,222.00,132.20,30.42,895,118320
544,544,DD5,*MANUAL*,65,485,97,194.00,127.81,29.65,895,114387
545,545,DB7,*MANUAL*,65,450,96,219.00,124.28,29.54,895,111227
546,546,DA7,*MANUAL*,65,430,94,184.00,115.75,27.58,895,103593
547,547,Z4,*MANUAL*,64,649,90,222.00,94.47,27.44,895,84547
548,548,Z3,*MANUAL*,64,668,90,178.00,69.45,29.20,2103,146061
549,549,Z2,*MANUAL*,74,696,86,214.00,76.90,35.37,2103,161725
550,550,Z1,*MANUAL*,78,717,90,199.00,106.29,29.07,895,95130
551,551,AWAR,*MANUAL*,83,1225,59,225.00,135.73,31.72,895,121482
552,552,EXC DUCT,*MANUAL*,61,1219,88,167.00,99.42,20.41,895,88979
553,553,H1L,*MANUAL*,40,1303,83,120.00,53.08,18.82,1365,72456
554,554,M,*MANUAL*,81,554,69,135.00,39.02,22.89,2103,82050
555,555,hyp7ABLD,*MANUAL*,41,1074,60,96.00,43.99,13.19,2103,92517
556,556,M2R,*MANUAL*,83,1147,75,242.00,159.37,34.00,895,142636
557,557,M2L,*MANUAL*,55,1151,76,208.00,129.13,26.28,895,115575
558,558,MCR,*MANUAL*,81,1374,82,236.00,127.18,38.11,1365,173594
559,559,RMEV,*MANUAL*,70,1299,111,199.00,101.31,30.03,895,90671
560,560,RIPR,*MANUAL*,83,1323,80,217.00,142.65,30.64,895,127673
561,561,F1,*MANUAL*,68,1374,72,59.00,21.28, 7.69,895,19043
562,562,F2,*MANUAL*,83,1377,96,109.00,37.55,17.74,895,33606
563,563,F3,*MANUAL*,68,1356,86,83.00,23.21,11.45,895,20772
564,564,F4,*MANUAL*,70,1430,81,72.00,23.37, 8.77,895,20913
565,565,F5,*MANUAL*,70,1184,72,102.00,33.17,17.19,895,29691
566,566,F6,*MANUAL*,71,1074,75,56.00,13.46, 8.44,895,12046
567,567,F7,*MANUAL*,72,1311,74,52.00,15.85, 7.66,895,14185
568,568,F8,*MANUAL*,69,1140,74,53.00,21.30, 6.85,895,19064
569,569,F9,*MANUAL*,69,314,68,83.00,22.17, 8.22,895,19844
570,570,F10,*MANUAL*,65,362,73,19.00, 3.62, 2.65,895,3239
