0,0,*NOUSE*,*NOUSE*,0,0,0,0,0,0,0,0
1,1,H2R,,48,1110,66,129.00,46.75,27.62,4875,227898
2,2,*NOUSE*,*NOUSE*,0,0,0,0,0,0,0,0
3,3,*NOUSE*,*NOUSE*,0,0,0,0,0,0,0,0
4,4,*NOUSE*,*NOUSE*,0,0,0,0,0,0,0,0
5,5,*NOUSE*,*NOUSE*,0,0,0,0,0,0,0,0
6,6,*NOUSE*,*NOUSE*,0,0,0,0,0,0,0,0
7,7,AVJR,,51,1160,76,226.00,84.58,53.88,3615,305755
8,8,OLLshR,,51,1372,75,219.00,72.36,45.68,3556,257303
9,9,AMshR,,50,1128,84,141.00,48.36,26.80,4095,198044
10,10,FLPR,,52,1151,56,232.00,79.23,50.28,3268,258913
11,11,OLQshVR,,52,1358,63,213.00,71.18,45.03,3448,245429
12,12,V1R,,53,961,63,150.00,41.47,26.91,5978,247883
13,13,*NOUSE*,*NOUSE*,0,0,0,0,0,0,0,0
14,14,IL2R,,52,1346,71,192.00,62.49,39.36,3688,230451
15,15,RMDVR,,53,1278,73,201.00,66.78,45.45,4127,275613
16,16,H0R,,52,1399,74,155.00,49.85,31.34,4684,233503
17,17,AFDR,,52,1245,75,212.00,70.31,44.86,3889,273421
18,18,*NOUSE*,*NOUSE*,0,0,0,0,0,0,0,0
19,19,HYP7ABR3,,51,955,84,123.00,34.99,20.08,6338,221740
20,20,*NOUSE*,*NOUSE*,0,0,0,0,0,0,0,0
21,21,ADAR,,53,1126,54,222.00,75.17,50.84,3780,284151
22,22,AUAR,,53,1208,60,236.00,76.75,52.69,3435,263642
23,23,RMGR,,54,1105,54,186.00,64.72,42.53,4339,280806
24,24,*NOUSE*,*NOUSE*,0,0,0,0,0,0,0,0
25,25,AVAR,,53,1262,71,186.00,73.09,46.44,3586,262092
26,26,*NOUSE*,*NOUSE*,0,0,0,0,0,0,0,0
27,27,*NOUSE*,*NOUSE*,0,0,0,0,0,0,0,0
28,28,ILshR,,53,1376,64,235.00,75.86,50.76,3034,230161
29,29,*NOUSE*,*NOUSE*,0,0,0,0,0,0,0,0
30,30,*NOUSE*,*NOUSE*,0,0,0,0,0,0,0,0
31,31,*NOUSE*,*NOUSE*,0,0,0,0,0,0,0,0
32,32,*NOUSE*,*NOUSE*,0,0,0,0,0,0,0,0
33,33,ASJR,,55,1188,57,169.00,64.98,38.60,3693,239975
34,34,RMDR,,55,1259,58,213.00,74.10,48.12,3170,234885
35,35,*NOUSE*,*NOUSE*,0,0,0,0,0,0,0,0
36,36,*NOUSE*,*NOUSE*,0,0,0,0,0,0,0,0
37,37,*NOUSE*,*NOUSE*,0,0,0,0,0,0,0,0
38,38,*NOUSE*,*NOUSE*,0,0,0,0,0,0,0,0
39,39,*NOUSE*,*NOUSE*,0,0,0,0,0,0,0,0
40,40,*NOUSE*,*NOUSE*,0,0,0,0,0,0,0,0
41,41,*NOUSE*,*NOUSE*,0,0,0,0,0,0,0,0
42,42,HYP7ABRD,,55,1048,79,136.00,37.19,22.72,6114,227377
43,43,*NOUSE*,*NOUSE*,0,0,0,0,0,0,0,0
44,44,*NOUSE*,*NOUSE*,0,0,0,0,0,0,0,0
45,45,*NOUSE*,*NOUSE*,0,0,0,0,0,0,0,0
46,46,AWBR,,56,1218,88,212.00,77.60,47.70,4135,320873
47,47,P1/2R,,57,906,52,167.00,45.90,32.36,4517,207352
48,48,*NOUSE*,*NOUSE*,0,0,0,0,0,0,0,0
49,49,IL1R,,58,1329,62,217.00,82.95,46.97,2692,223298
50,50,P3/4R,,56,809,61,113.00,37.90,22.93,5015,190077
51,51,BDUR,,57,986,64,216.00,65.89,51.67,3779,248994
52,52,OLQsoVR,,58,1392,61,215.00,65.96,41.03,3481,229619
53,53,*NOUSE*,*NOUSE*,0,0,0,0,0,0,0,0
54,54,ARCPVR,,58,1424,67,220.00,65.10,43.36,3936,256249
55,55,*NOUSE*,*NOUSE*,0,0,0,0,0,0,0,0
56,56,*NOUSE*,*NOUSE*,0,0,0,0,0,0,0,0
57,57,HYP7RC1,,57,901,80,97.00,31.65,17.19,6132,194107
58,58,*NOUSE*,*NOUSE*,0,0,0,0,0,0,0,0
59,59,CANR,,57,707,83,146.00,43.68,30.43,4277,186807
60,60,*NOUSE*,*NOUSE*,0,0,0,0,0,0,0,0
61,61,V4R,,57,618,60,90.00,30.60,15.81,6024,184330
62,62,*NOUSE*,*NOUSE*,0,0,0,0,0,0,0,0
63,63,*NOUSE*,*NOUSE*,0,0,0,0,0,0,0,0
64,64,*NOUSE*,*NOUSE*,0,0,0,0,0,0,0,0
65,65,V5R,,58,483,72,88.00,32.30,17.50,3988,128811
66,66,ADFR,,58,1233,80,193.00,82.78,42.53,3368,278816
67,67,CEPshDR,,58,1297,84,190.00,73.03,40.79,4299,313971
68,68,*NOUSE*,*NOUSE*,0,0,0,0,0,0,0,0
69,69,HYP7RC3,,56,674,88,73.00,27.27,12.46,4876,132968
70,70,*NOUSE*,*NOUSE*,0,0,0,0,0,0,0,0
71,71,URYVR,,59,1317,54,232.00,92.45,53.23,2442,225762
72,72,HYP5R,,56,1489,74,103.00,37.18,20.52,4693,174496
73,73,MC3DR,,59,1100,80,191.00,56.95,39.91,4731,269447
74,74,DR6,,57,1283,90,167.00,57.49,30.53,2412,138668
75,75,RIVR,,59,1162,90,213.00,90.37,49.06,3724,336533
76,76,*NOUSE*,*NOUSE*,0,0,0,0,0,0,0,0
77,77,*NOUSE*,*NOUSE*,0,0,0,0,0,0,0,0
78,78,ADEshR,,60,1071,60,227.00,65.53,50.29,3726,244177
79,79,ILsoR,,60,1407,60,193.00,64.44,40.81,3481,224306
80,80,ALMR,,61,780,93,147.00,45.17,31.58,4056,183197
81,81,*NOUSE*,*NOUSE*,0,0,0,0,0,0,0,0
82,82,VR1,,59,1441,58,112.00,50.24,25.11,3258,163681
83,83,P7/8R,,61,572,56,116.00,36.65,20.63,3919,143649
84,84,URYDR,,61,1312,89,224.00,95.68,51.44,2665,254986
85,85,HYP7RC4,,59,556,89,78.00,26.32,12.31,3268,86015
86,86,*NOUSE*,*NOUSE*,0,0,0,0,0,0,0,0
87,87,CEPDR,,63,1269,97,222.00,74.48,49.16,4112,306279
88,88,DR8,,60,1099,103,154.00,45.44,30.04,5987,272027
89,89,CCRA,,62,943,47,198.00,54.02,44.46,4130,223123
90,90,*NOUSE*,*NOUSE*,0,0,0,0,0,0,0,0
91,91,VR6,,61,1273,47,164.00,49.16,31.43,4351,213886
92,92,CEPshVR,,64,1289,52,208.00,77.09,46.25,3016,232499
93,93,*NOUSE*,*NOUSE*,0,0,0,0,0,0,0,0
94,94,RIMR,,61,1181,66,203.00,87.54,41.90,3067,268490
95,95,G1AR,,63,1137,82,198.00,73.21,41.63,3902,285667
96,96,DR1,,62,1450,87,144.00,45.80,25.07,2671,122335
97,97,*NOUSE*,*NOUSE*,0,0,0,0,0,0,0,0
98,98,DR12,,62,906,101,167.00,43.54,29.51,3529,153652
99,99,EXC GL R,,63,1097,41,201.00,55.71,39.30,4372,243566
100,100,*NOUSE*,*NOUSE*,0,0,0,0,0,0,0,0
101,101,*NOUSE*,*NOUSE*,0,0,0,0,0,0,0,0
102,102,*NOUSE*,*NOUSE*,0,0,0,0,0,0,0,0
103,103,PM7VR,,64,1099,60,189.00,57.98,37.51,4523,262252
104,104,PM4R,,62,1357,71,216.00,80.56,44.68,3228,260047
105,105,RIPR,,63,1310,76,229.00,83.78,42.15,3068,257039
106,106,HYP7RC5,,61,450,86,79.00,28.48,13.37,4354,124006
107,107,*NOUSE*,*NOUSE*,0,0,0,0,0,0,0,0
108,108,*NOUSE*,*NOUSE*,0,0,0,0,0,0,0,0
109,109,*NOUSE*,*NOUSE*,0,0,0,0,0,0,0,0
110,110,M1,,63,1124,92,224.00,79.59,48.85,3937,313335
111,111,*NOUSE*,*NOUSE*,0,0,0,0,0,0,0,0
112,112,AVKR,,64,1144,47,237.00,89.20,50.60,2569,229143
113,113,RIS,,64,1156,48,191.00,84.66,42.21,2787,235960
114,114,*NOUSE*,*NOUSE*,0,0,0,0,0,0,0,0
115,115,V6R,,63,416,70,103.00,34.02,19.17,4292,146002
116,116,PVQR,,64,298,70,139.00,47.41,32.65,4110,194861
117,117,PM1R,,65,1383,74,205.00,73.98,39.89,3652,270158
118,118,*NOUSE*,*NOUSE*,0,0,0,0,0,0,0,0
119,119,*NOUSE*,*NOUSE*,0,0,0,0,0,0,0,0
120,120,*NOUSE*,*NOUSE*,0,0,0,0,0,0,0,0
121,121,DR10,,64,1049,103,157.00,44.96,30.97,5318,239092
122,122,VR8,,63,1125,42,167.00,60.84,34.49,3788,230443
123,123,AIYR,,64,1169,51,220.00,86.44,48.16,2676,231305
124,124,VR14,,65,787,50,144.00,38.79,23.54,4633,179699
125,125,VR15,,66,734,53,131.00,43.74,29.13,4878,213343
126,126,*NOUSE*,*NOUSE*,0,0,0,0,0,0,0,0
127,127,VR18,,66,482,57,116.00,35.86,21.24,4460,159922
128,128,*NOUSE*,*NOUSE*,0,0,0,0,0,0,0,0
129,129,PM6VR,,65,1124,62,199.00,65.07,37.75,4225,274932
130,130,*NOUSE*,*NOUSE*,0,0,0,0,0,0,0,0
131,131,LUAR,,65,264,81,192.00,55.90,40.19,3604,201464
132,132,IL2DR,,66,1340,100,213.00,76.22,45.23,3158,240708
133,133,*NOUSE*,*NOUSE*,0,0,0,0,0,0,0,0
134,134,P11/12R,,64,342,62,141.00,44.21,26.11,3740,165328
135,135,*NOUSE*,*NOUSE*,0,0,0,0,0,0,0,0
136,136,DR2,,63,1430,97,136.00,55.48,29.78,1871,103807
137,137,*NOUSE*,*NOUSE*,0,0,0,0,0,0,0,0
138,138,DR14,,65,795,103,109.00,35.23,20.68,1837,64709
139,139,*NOUSE*,*NOUSE*,0,0,0,0,0,0,0,0
140,140,DR11,,66,977,104,156.00,48.58,34.54,2859,138884
141,141,VR11,,68,980,40,166.00,47.78,34.25,4872,232784
142,142,RMDDR,,66,1247,42,208.00,75.74,49.26,1677,127009
143,143,*NOUSE*,*NOUSE*,0,0,0,0,0,0,0,0
144,144,*NOUSE*,*NOUSE*,0,0,0,0,0,0,0,0
145,145,VR16,,67,664,51,127.00,41.54,24.97,3576,148560
146,146,*NOUSE*,*NOUSE*,0,0,0,0,0,0,0,0
147,147,*NOUSE*,*NOUSE*,0,0,0,0,0,0,0,0
148,148,VPI2DR,,67,1064,71,199.00,64.46,46.00,3782,243798
149,149,*NOUSE*,*NOUSE*,0,0,0,0,0,0,0,0
150,150,*NOUSE*,*NOUSE*,0,0,0,0,0,0,0,0
151,151,*NOUSE*,*NOUSE*,0,0,0,0,0,0,0,0
152,152,DR7,,67,1177,101,181.00,68.86,36.43,3368,231907
153,153,DR3,,66,1393,102,150.00,54.47,28.67,2517,137102
154,154,*NOUSE*,*NOUSE*,0,0,0,0,0,0,0,0
155,155,*NOUSE*,*NOUSE*,0,0,0,0,0,0,0,0
156,156,VR10,,67,1027,42,156.00,44.02,29.44,4504,198258
157,157,*NOUSE*,*NOUSE*,0,0,0,0,0,0,0,0
158,158,CCRP,,68,919,46,215.00,57.93,44.96,3672,212704
159,159,*NOUSE*,*NOUSE*,0,0,0,0,0,0,0,0
160,160,*NOUSE*,*NOUSE*,0,0,0,0,0,0,0,0
161,161,*NOUSE*,*NOUSE*,0,0,0,0,0,0,0,0
162,162,I1R,,68,1403,67,234.00,78.99,42.76,3305,261065
163,163,*NOUSE*,*NOUSE*,0,0,0,0,0,0,0,0
164,164,*NOUSE*,*NOUSE*,0,0,0,0,0,0,0,0
165,165,*NOUSE*,*NOUSE*,0,0,0,0,0,0,0,0
166,166,G1P,,69,1080,83,167.00,47.04,33.17,3944,185523
167,167,ASKR,,67,1233,93,167.00,65.39,34.42,4549,297451
168,168,ADLR,,67,1210,94,158.00,61.58,30.96,5016,308874
169,169,DR16,,67,665,99,117.00,36.48,23.04,3311,120774
170,170,*NOUSE*,*NOUSE*,0,0,0,0,0,0,0,0
171,171,*NOUSE*,*NOUSE*,0,0,0,0,0,0,0,0
172,172,*NOUSE*,*NOUSE*,0,0,0,0,0,0,0,0
173,173,DR15,,68,756,105,136.00,39.99,26.59,3599,143934
174,174,VR3,,68,1401,46,160.00,53.08,29.49,3317,176082
175,175,SMBDR,,68,1211,45,231.00,94.23,48.47,2141,201738
176,176,VR12,,70,888,45,149.00,42.71,28.78,5687,242913
177,177,*NOUSE*,*NOUSE*,0,0,0,0,0,0,0,0
178,178,*NOUSE*,*NOUSE*,0,0,0,0,0,0,0,0
179,179,VR17,,69,555,52,121.00,39.44,24.28,4402,173604
180,180,*NOUSE*,*NOUSE*,0,0,0,0,0,0,0,0
181,181,E2VR,,68,1524,67,130.00,37.00,26.03,4646,171905
182,182,ALNR,,69,244,81,185.00,56.35,38.49,3296,185724
183,183,DR17,,69,618,94,106.00,37.60,22.06,3371,126741
184,184,IND2,,72,949,93,73.00,28.21,11.94,7215,203564
185,185,*NOUSE*,*NOUSE*,0,0,0,0,0,0,0,0
186,186,VR7,,69,1183,41,170.00,58.76,35.41,3603,211718
187,187,*NOUSE*,*NOUSE*,0,0,0,0,0,0,0,0
188,188,*NOUSE*,*NOUSE*,0,0,0,0,0,0,0,0
189,189,*NOUSE*,*NOUSE*,0,0,0,0,0,0,0,0
190,190,M3R,,69,1318,61,229.00,82.06,51.85,3697,303375
191,191,*NOUSE*,*NOUSE*,0,0,0,0,0,0,0,0
192,192,*NOUSE*,*NOUSE*,0,0,0,0,0,0,0,0
193,193,*NOUSE*,*NOUSE*,0,0,0,0,0,0,0,0
194,194,*NOUSE*,*NOUSE*,0,0,0,0,0,0,0,0
195,195,DR18,,70,547,99,103.00,36.33,21.41,3739,135851
196,196,DR13,,70,856,103,131.00,42.47,28.45,3136,133186
197,197,*NOUSE*,*NOUSE*,0,0,0,0,0,0,0,0
198,198,*NOUSE*,*NOUSE*,0,0,0,0,0,0,0,0
199,199,VR13,,71,840,43,148.00,44.80,30.02,3174,142185
200,200,G2R,,73,1084,52,216.00,70.09,48.59,3518,246574
201,201,*NOUSE*,*NOUSE*,0,0,0,0,0,0,0,0
202,202,VR19,,70,394,54,168.00,47.59,30.37,2138,101743
203,203,*NOUSE*,*NOUSE*,0,0,0,0,0,0,0,0
204,204,*NOUSE*,*NOUSE*,0,0,0,0,0,0,0,0
205,205,*NOUSE*,*NOUSE*,0,0,0,0,0,0,0,0
206,206,*NOUSE*,*NOUSE*,0,0,0,0,0,0,0,0
207,207,DR19,,71,464,101,122.00,38.98,24.11,3269,127416
208,208,DR9,,71,1068,103,158.00,49.38,33.33,5256,259559
209,209,*NOUSE*,*NOUSE*,0,0,0,0,0,0,0,0
210,210,VR9,,71,1069,40,154.00,54.52,34.55,4014,218837
211,211,*NOUSE*,*NOUSE*,0,0,0,0,0,0,0,0
212,212,*NOUSE*,*NOUSE*,0,0,0,0,0,0,0,0
213,213,GLRVR,,73,1256,54,246.00,99.76,57.47,2614,260766
214,214,*NOUSE*,*NOUSE*,0,0,0,0,0,0,0,0
215,215,*NOUSE*,*NOUSE*,0,0,0,0,0,0,0,0
216,216,PHshR,,72,233,73,171.00,52.79,37.16,3308,174617
217,217,*NOUSE*,*NOUSE*,0,0,0,0,0,0,0,0
218,218,*NOUSE*,*NOUSE*,0,0,0,0,0,0,0,0
219,219,*NOUSE*,*NOUSE*,0,0,0,0,0,0,0,0
220,220,*NOUSE*,*NOUSE*,0,0,0,0,0,0,0,0
221,221,*NOUSE*,*NOUSE*,0,0,0,0,0,0,0,0
222,222,*NOUSE*,*NOUSE*,0,0,0,0,0,0,0,0
223,223,*NOUSE*,*NOUSE*,0,0,0,0,0,0,0,0
224,224,*NOUSE*,*NOUSE*,0,0,0,0,0,0,0,0
225,225,*NOUSE*,*NOUSE*,0,0,0,0,0,0,0,0
226,226,MC2DR,,71,1173,73,191.00,82.22,36.28,2679,220254
227,227,*NOUSE*,*NOUSE*,0,0,0,0,0,0,0,0
228,228,*NOUSE*,*NOUSE*,0,0,0,0,0,0,0,0
229,229,*NOUSE*,*NOUSE*,0,0,0,0,0,0,0,0
230,230,*NOUSE*,*NOUSE*,0,0,0,0,0,0,0,0
231,231,DR21,,71,287,91,126.00,49.76,25.62,2480,123411
232,232,*NOUSE*,*NOUSE*,0,0,0,0,0,0,0,0
233,233,*NOUSE*,*NOUSE*,0,0,0,0,0,0,0,0
234,234,*NOUSE*,*NOUSE*,0,0,0,0,0,0,0,0
235,235,*NOUSE*,*NOUSE*,0,0,0,0,0,0,0,0
236,236,*NOUSE*,*NOUSE*,0,0,0,0,0,0,0,0
237,237,PLMR,,74,198,67,140.00,44.65,33.07,3740,166977
238,238,VPI3D,,80,1055,79,208.00,61.75,43.30,4156,256627
239,239,PM4DR,,67,1347,85,176.00,86.39,38.66,1007,86999
240,240,IND3,,75,895,94,72.00,24.63,10.97,7438,183193
241,241,SABD,,73,1116,36,232.00,80.77,49.37,3114,251511
242,242,*NOUSE*,*NOUSE*,0,0,0,0,0,0,0,0
243,243,*NOUSE*,*NOUSE*,0,0,0,0,0,0,0,0
244,244,*NOUSE*,*NOUSE*,0,0,0,0,0,0,0,0
245,245,*NOUSE*,*NOUSE*,0,0,0,0,0,0,0,0
246,246,*NOUSE*,*NOUSE*,0,0,0,0,0,0,0,0
247,247,VIRR,,75,326,79,154.00,48.22,28.98,4318,208195
248,248,PVR,,74,184,82,133.00,42.75,28.01,3596,153717
249,249,*NOUSE*,*NOUSE*,0,0,0,0,0,0,0,0
250,250,*NOUSE*,*NOUSE*,0,0,0,0,0,0,0,0
251,251,*NOUSE*,*NOUSE*,0,0,0,0,0,0,0,0
252,252,HYP32,,75,1480,101,167.00,46.41,31.34,3813,176966
253,253,*NOUSE*,*NOUSE*,0,0,0,0,0,0,0,0
254,254,HMC,,74,1161,107,182.00,57.01,33.41,6183,352498
255,255,*NOUSE*,*NOUSE*,0,0,0,0,0,0,0,0
256,256,I5,,78,1130,51,223.00,79.75,46.15,3092,246597
257,257,*NOUSE*,*NOUSE*,0,0,0,0,0,0,0,0
258,258,*NOUSE*,*NOUSE*,0,0,0,0,0,0,0,0
259,259,*NOUSE*,*NOUSE*,0,0,0,0,0,0,0,0
260,260,I3,,76,1340,89,237.00,76.47,48.35,3310,253112
261,261,*NOUSE*,*NOUSE*,0,0,0,0,0,0,0,0
262,262,*NOUSE*,*NOUSE*,0,0,0,0,0,0,0,0
263,263,I4,,75,1145,94,212.00,81.65,45.68,3790,309458
264,264,*NOUSE*,*NOUSE*,0,0,0,0,0,0,0,0
265,265,PM6D,,75,1127,97,175.00,69.53,36.32,4074,283250
266,266,DD2,,77,929,40,193.00,57.77,42.93,3444,198966
267,267,*NOUSE*,*NOUSE*,0,0,0,0,0,0,0,0
268,268,PVT,,77,344,56,161.00,55.00,37.42,3432,188762
269,269,*NOUSE*,*NOUSE*,0,0,0,0,0,0,0,0
270,270,*NOUSE*,*NOUSE*,0,0,0,0,0,0,0,0
271,271,MC2V,,77,1162,59,181.00,73.39,34.36,2894,212399
272,272,*NOUSE*,*NOUSE*,0,0,0,0,0,0,0,0
273,273,*NOUSE*,*NOUSE*,0,0,0,0,0,0,0,0
274,274,DVA,,77,273,84,129.00,55.36,28.02,3225,178551
275,275,*NOUSE*,*NOUSE*,0,0,0,0,0,0,0,0
276,276,*NOUSE*,*NOUSE*,0,0,0,0,0,0,0,0
277,277,HYP6D4,,77,1347,107,164.00,54.95,32.90,3865,212375
278,278,DB5,,79,720,50,141.00,46.63,30.52,4745,221276
279,279,MC3V,,81,1099,47,185.00,61.07,40.02,4157,253875
280,280,DD5,,79,458,50,145.00,44.47,33.38,4281,190395
281,281,M4,,77,1313,79,182.00,61.99,36.27,4976,308466
282,282,VPI1,,80,1063,87,173.00,64.41,39.50,3960,255052
283,283,PM2D1,,78,1491,91,143.00,45.05,29.96,4068,183252
284,284,PM2D2,,78,1470,91,146.00,47.44,29.01,4943,234509
285,285,*NOUSE*,*NOUSE*,0,0,0,0,0,0,0,0
286,286,REPD,,80,304,91,171.00,58.22,33.15,3599,209518
287,287,PM7D,,77,1097,99,166.00,55.01,34.88,4962,272950
288,288,HYP31,,79,1498,101,164.00,47.23,33.32,3693,174418
289,289,RID,,79,1278,106,179.00,57.55,36.40,3613,207915
290,290,*NOUSE*,*NOUSE*,0,0,0,0,0,0,0,0
291,291,*NOUSE*,*NOUSE*,0,0,0,0,0,0,0,0
292,292,*NOUSE*,*NOUSE*,0,0,0,0,0,0,0,0
293,293,DA4,,81,799,41,165.00,44.17,33.59,4325,191022
294,294,DB7,,79,432,47,150.00,46.04,34.05,3988,183594
295,295,HYP4V2,,79,1522,52,144.00,41.13,28.97,3667,150817
296,296,*NOUSE*,*NOUSE*,0,0,0,0,0,0,0,0
297,297,HYP4V1,,79,1544,54,137.00,37.77,24.56,3703,139870
298,298,VPI3V,,86,1062,54,173.00,58.12,41.32,4013,233242
299,299,*NOUSE*,*NOUSE*,0,0,0,0,0,0,0,0
300,300,*NOUSE*,*NOUSE*,0,0,0,0,0,0,0,0
301,301,HYP72,,78,157,70,130.00,43.10,28.96,3646,157160
302,302,*NOUSE*,*NOUSE*,0,0,0,0,0,0,0,0
303,303,*NOUSE*,*NOUSE*,0,0,0,0,0,0,0,0
304,304,*NOUSE*,*NOUSE*,0,0,0,0,0,0,0,0
305,305,*NOUSE*,*NOUSE*,0,0,0,0,0,0,0,0
306,306,HYP7D2,,78,1226,102,136.00,51.51,23.65,5472,281870
307,307,*NOUSE*,*NOUSE*,0,0,0,0,0,0,0,0
308,308,HYP6D3,,78,1371,107,167.00,53.21,31.73,3671,195323
309,309,HYP6D2,,78,1397,106,171.00,58.85,31.17,3624,213283
310,310,*NOUSE*,*NOUSE*,0,0,0,0,0,0,0,0
311,311,*NOUSE*,*NOUSE*,0,0,0,0,0,0,0,0
312,312,*NOUSE*,*NOUSE*,0,0,0,0,0,0,0,0
313,313,DD4,,80,594,39,144.00,44.31,31.74,4284,189828
314,314,*NOUSE*,*NOUSE*,0,0,0,0,0,0,0,0
315,315,DA7,,79,410,47,150.00,47.10,33.63,3820,179921
316,316,DA5,,80,677,45,141.00,42.72,28.08,4063,173576
317,317,VPI2V,,83,1070,48,238.00,86.57,53.43,3017,261178
318,318,PM8,,82,1076,57,209.00,64.64,40.33,3708,239672
319,319,*NOUSE*,*NOUSE*,0,0,0,0,0,0,0,0
320,320,HYP71,,78,177,62,128.00,39.40,25.97,3878,152810
321,321,*NOUSE*,*NOUSE*,0,0,0,0,0,0,0,0
322,322,*NOUSE*,*NOUSE*,0,0,0,0,0,0,0,0
323,323,E2D,,78,1522,92,119.00,38.54,23.86,2556,98515
324,324,*NOUSE*,*NOUSE*,0,0,0,0,0,0,0,0
325,325,DA2,,81,998,38,184.00,50.05,40.51,4121,206249
326,326,DB6,,81,546,44,145.00,44.30,30.92,4349,192639
327,327,*NOUSE*,*NOUSE*,0,0,0,0,0,0,0,0
328,328,YPDA,,79,288,50,146.00,47.43,30.39,3044,144378
329,329,*NOUSE*,*NOUSE*,0,0,0,0,0,0,0,0
330,330,INV3,,83,877,53,68.00,24.76,10.31,5779,143094
331,331,*NOUSE*,*NOUSE*,0,0,0,0,0,0,0,0
332,332,PLML,,81,218,70,145.00,43.52,32.82,4087,177881
333,333,*NOUSE*,*NOUSE*,0,0,0,0,0,0,0,0
334,334,*NOUSE*,*NOUSE*,0,0,0,0,0,0,0,0
335,335,*NOUSE*,*NOUSE*,0,0,0,0,0,0,0,0
336,336,*NOUSE*,*NOUSE*,0,0,0,0,0,0,0,0
337,337,*NOUSE*,*NOUSE*,0,0,0,0,0,0,0,0
338,338,*NOUSE*,*NOUSE*,0,0,0,0,0,0,0,0
339,339,DB2,,81,1166,33,206.00,68.24,43.25,2556,174417
340,340,DB3,,82,1018,37,167.00,48.98,37.36,4334,212277
341,341,HYP6V2,,80,1377,40,127.00,50.25,22.44,3501,175940
342,342,*NOUSE*,*NOUSE*,0,0,0,0,0,0,0,0
343,343,*NOUSE*,*NOUSE*,0,0,0,0,0,0,0,0
344,344,INV2,,83,953,50,68.00,26.83,11.18,7209,193418
345,345,Z4,,85,649,49,133.00,39.64,24.72,6996,277312
346,346,HYP9,,79,101,71,109.00,38.25,23.03,3854,147411
347,347,*NOUSE*,*NOUSE*,0,0,0,0,0,0,0,0
348,348,*NOUSE*,*NOUSE*,0,0,0,0,0,0,0,0
349,349,DA3,,84,890,37,174.00,48.32,37.56,4266,206135
350,350,VL17,,83,485,55,120.00,37.68,22.99,4166,156973
351,351,*NOUSE*,*NOUSE*,0,0,0,0,0,0,0,0
352,352,*NOUSE*,*NOUSE*,0,0,0,0,0,0,0,0
353,353,*NOUSE*,*NOUSE*,0,0,0,0,0,0,0,0
354,354,*NOUSE*,*NOUSE*,0,0,0,0,0,0,0,0
355,355,G1,,83,1223,34,180.00,60.18,38.13,2993,180111
356,356,W,,82,1183,36,180.00,59.57,34.82,3242,193118
357,357,G2,,82,1209,39,224.00,80.62,46.22,2208,178014
358,358,*NOUSE*,*NOUSE*,0,0,0,0,0,0,0,0
359,359,*NOUSE*,*NOUSE*,0,0,0,0,0,0,0,0
360,360,DA8,,83,313,53,168.00,57.51,36.85,2890,166192
361,361,PVPL,,84,336,54,174.00,63.11,39.97,2501,157848
362,362,*NOUSE*,*NOUSE*,0,0,0,0,0,0,0,0
363,363,*NOUSE*,*NOUSE*,0,0,0,0,0,0,0,0
364,364,TL,,84,203,80,112.00,34.77,19.69,4061,141188
365,365,VIRL,,83,323,87,146.00,48.89,31.07,3602,176101
366,366,INDL1,,86,1000,95,99.00,34.25,17.52,5958,204061
367,367,*NOUSE*,*NOUSE*,0,0,0,0,0,0,0,0
368,368,*NOUSE*,*NOUSE*,0,0,0,0,0,0,0,0
369,369,DB4,,85,864,37,164.00,47.29,34.58,4222,199678
370,370,*NOUSE*,*NOUSE*,0,0,0,0,0,0,0,0
371,371,*NOUSE*,*NOUSE*,0,0,0,0,0,0,0,0
372,372,*NOUSE*,*NOUSE*,0,0,0,0,0,0,0,0
373,373,*NOUSE*,*NOUSE*,0,0,0,0,0,0,0,0
374,374,PHshL,,83,237,78,168.00,51.77,36.24,3787,196052
375,375,*NOUSE*,*NOUSE*,0,0,0,0,0,0,0,0
376,376,*NOUSE*,*NOUSE*,0,0,0,0,0,0,0,0
377,377,RIGR,,84,1076,35,210.00,64.27,43.06,3385,217538
378,378,*NOUSE*,*NOUSE*,0,0,0,0,0,0,0,0
379,379,*NOUSE*,*NOUSE*,0,0,0,0,0,0,0,0
380,380,*NOUSE*,*NOUSE*,0,0,0,0,0,0,0,0
381,381,PM5L,,86,1152,73,200.00,80.09,38.78,3240,259494
382,382,*NOUSE*,*NOUSE*,0,0,0,0,0,0,0,0
383,383,URXL,,85,1249,96,188.00,73.08,39.37,4169,304670
384,384,*NOUSE*,*NOUSE*,0,0,0,0,0,0,0,0
385,385,DL19,,85,435,98,116.00,37.11,23.36,3241,120272
386,386,DL17,,86,554,102,117.00,37.23,22.61,3555,132362
387,387,*NOUSE*,*NOUSE*,0,0,0,0,0,0,0,0
388,388,VL16,,87,616,45,122.00,37.68,23.42,5260,198189
389,389,VL18,,85,393,54,134.00,42.86,27.66,3831,164186
390,390,VL15,,87,698,58,134.00,39.41,24.99,4284,168816
391,391,E2VL,,86,1518,64,126.00,35.90,25.04,4645,166776
392,392,*NOUSE*,*NOUSE*,0,0,0,0,0,0,0,0
393,393,*NOUSE*,*NOUSE*,0,0,0,0,0,0,0,0
394,394,*NOUSE*,*NOUSE*,0,0,0,0,0,0,0,0
395,395,MC2DL,,83,1177,75,165.00,63.64,31.27,2056,130835
396,396,*NOUSE*,*NOUSE*,0,0,0,0,0,0,0,0
397,397,DL20,,87,397,97,136.00,36.59,22.27,3804,139171
398,398,DL11,,86,947,106,129.00,42.15,29.05,4472,188497
399,399,DL13,,87,813,105,127.00,38.91,25.27,2287,88994
400,400,INVL1,,88,1005,55,102.00,33.14,18.25,6026,199715
401,401,M3L,,85,1317,62,200.00,73.26,46.59,3401,249151
402,402,*NOUSE*,*NOUSE*,0,0,0,0,0,0,0,0
403,403,NSML,,89,1346,62,191.00,64.33,38.21,3360,216136
404,404,PVCL,,87,258,72,164.00,49.72,35.82,3438,170937
405,405,*NOUSE*,*NOUSE*,0,0,0,0,0,0,0,0
406,406,LUAL,,89,262,83,186.00,58.09,41.14,3494,202965
407,407,*NOUSE*,*NOUSE*,0,0,0,0,0,0,0,0
408,408,DL16,,85,617,95,115.00,37.59,21.40,3081,115819
409,409,ADLL,,87,1193,96,128.00,52.24,24.39,5228,273134
410,410,DL15,,87,718,107,128.00,36.49,21.76,3206,116987
411,411,*NOUSE*,*NOUSE*,0,0,0,0,0,0,0,0
412,412,VL11,,88,921,44,160.00,49.25,34.93,3120,153675
413,413,PM4VL,,86,1355,50,160.00,57.60,28.58,4402,253547
414,414,*NOUSE*,*NOUSE*,0,0,0,0,0,0,0,0
415,415,G2L,,90,1088,56,216.00,67.33,46.48,3467,233438
416,416,CCLP,,91,714,58,155.00,46.78,34.37,3354,156894
417,417,*NOUSE*,*NOUSE*,0,0,0,0,0,0,0,0
418,418,QL,,88,515,71,101.00,32.82,17.65,3346,109831
419,419,PM3L,,89,1430,72,115.00,46.69,22.52,2427,113318
420,420,*NOUSE*,*NOUSE*,0,0,0,0,0,0,0,0
421,421,PM1L,,90,1386,77,188.00,57.96,33.47,3195,185197
422,422,*NOUSE*,*NOUSE*,0,0,0,0,0,0,0,0
423,423,*NOUSE*,*NOUSE*,0,0,0,0,0,0,0,0
424,424,*NOUSE*,*NOUSE*,0,0,0,0,0,0,0,0
425,425,*NOUSE*,*NOUSE*,0,0,0,0,0,0,0,0
426,426,*NOUSE*,*NOUSE*,0,0,0,0,0,0,0,0
427,427,DL9,,90,1061,105,155.00,45.65,32.71,5463,249401
428,428,DL7,,88,1135,107,170.00,50.80,30.97,5290,268757
429,429,*NOUSE*,*NOUSE*,0,0,0,0,0,0,0,0
430,430,*NOUSE*,*NOUSE*,0,0,0,0,0,0,0,0
431,431,CCLA,,91,729,56,168.00,47.45,34.15,4596,218070
432,432,EXC DUCT,,91,1191,59,159.00,63.44,34.68,3198,202866
433,433,E3VL,,89,1436,62,137.00,45.72,26.71,4627,211557
434,434,M2L,,89,1139,66,220.00,88.17,47.75,2240,197502
435,435,*NOUSE*,*NOUSE*,0,0,0,0,0,0,0,0
436,436,*NOUSE*,*NOUSE*,0,0,0,0,0,0,0,0
437,437,*NOUSE*,*NOUSE*,0,0,0,0,0,0,0,0
438,438,M5,,89,1093,93,196.00,71.56,46.08,3727,266697
439,439,*NOUSE*,*NOUSE*,0,0,0,0,0,0,0,0
440,440,DL14,,89,761,102,136.00,37.36,23.29,3872,144665
441,441,DL12,,91,869,104,138.00,39.68,26.38,4226,167682
442,442,*NOUSE*,*NOUSE*,0,0,0,0,0,0,0,0
443,443,VL14,,91,762,49,160.00,38.33,25.90,4488,172029
444,444,HSNL,,94,637,50,154.00,46.64,32.24,6281,292923
445,445,PM6VL,,90,1124,63,159.00,62.37,31.81,3155,196793
446,446,*NOUSE*,*NOUSE*,0,0,0,0,0,0,0,0
447,447,*NOUSE*,*NOUSE*,0,0,0,0,0,0,0,0
448,448,*NOUSE*,*NOUSE*,0,0,0,0,0,0,0,0
449,449,*NOUSE*,*NOUSE*,0,0,0,0,0,0,0,0
450,450,*NOUSE*,*NOUSE*,0,0,0,0,0,0,0,0
451,451,I6,,88,1124,96,195.00,69.92,42.34,4027,281565
452,452,*NOUSE*,*NOUSE*,0,0,0,0,0,0,0,0
453,453,CEPDL,,92,1266,101,188.00,61.30,38.31,4441,272220
454,454,*NOUSE*,*NOUSE*,0,0,0,0,0,0,0,0
455,455,DL5,,88,1293,106,153.00,62.28,35.38,2340,145732
456,456,VL3,,90,1401,45,133.00,50.94,26.15,3479,177229
457,457,SMBVL,,88,1220,50,205.00,93.91,44.89,2354,221069
458,458,OLQsoVL,,92,1388,51,194.00,64.76,36.14,3246,210212
459,459,*NOUSE*,*NOUSE*,0,0,0,0,0,0,0,0
460,460,*NOUSE*,*NOUSE*,0,0,0,0,0,0,0,0
461,461,*NOUSE*,*NOUSE*,0,0,0,0,0,0,0,0
462,462,*NOUSE*,*NOUSE*,0,0,0,0,0,0,0,0
463,463,*NOUSE*,*NOUSE*,0,0,0,0,0,0,0,0
464,464,ALML,,92,793,99,124.00,42.88,28.66,3617,155115
465,465,DL3,,89,1392,104,147.00,52.34,25.96,2618,137039
466,466,DL10,,92,1004,106,151.00,44.17,30.01,3691,163027
467,467,VL13,,92,816,44,124.00,40.77,26.72,4174,170163
468,468,VL7,,92,1173,39,178.00,58.36,29.59,2826,164912
469,469,AVKL,,92,1141,47,168.00,70.74,37.71,2789,197283
470,470,SIBVL,,93,1231,57,199.00,83.91,44.09,2385,200125
471,471,*NOUSE*,*NOUSE*,0,0,0,0,0,0,0,0
472,472,*NOUSE*,*NOUSE*,0,0,0,0,0,0,0,0
473,473,URYDL,,95,1311,90,176.00,74.92,39.29,2687,201305
474,474,*NOUSE*,*NOUSE*,0,0,0,0,0,0,0,0
475,475,*NOUSE*,*NOUSE*,0,0,0,0,0,0,0,0
476,476,*NOUSE*,*NOUSE*,0,0,0,0,0,0,0,0
477,477,CEPshVL,,94,1286,54,195.00,58.26,39.10,3092,180155
478,478,ARCPVL,,96,1414,62,143.00,53.39,30.66,4300,229572
479,479,PVQL,,90,289,73,157.00,50.05,32.31,3631,181724
480,480,*NOUSE*,*NOUSE*,0,0,0,0,0,0,0,0
481,481,*NOUSE*,*NOUSE*,0,0,0,0,0,0,0,0
482,482,*NOUSE*,*NOUSE*,0,0,0,0,0,0,0,0
483,483,*NOUSE*,*NOUSE*,0,0,0,0,0,0,0,0
484,484,*NOUSE*,*NOUSE*,0,0,0,0,0,0,0,0
485,485,*NOUSE*,*NOUSE*,0,0,0,0,0,0,0,0
486,486,*NOUSE*,*NOUSE*,0,0,0,0,0,0,0,0
487,487,*NOUSE*,*NOUSE*,0,0,0,0,0,0,0,0
488,488,*NOUSE*,*NOUSE*,0,0,0,0,0,0,0,0
489,489,AVEL,,94,1244,71,169.00,65.92,36.43,2977,196257
490,490,RIPL,,92,1311,75,158.00,66.09,31.81,2854,188617
491,491,*NOUSE*,*NOUSE*,0,0,0,0,0,0,0,0
492,492,VPI2DL,,94,1066,80,184.00,60.41,41.81,3982,240548
493,493,MC3DL,,95,1099,84,170.00,49.57,32.81,4023,199405
494,494,DL2,,93,1434,96,114.00,45.39,21.32,2466,111934
495,495,*NOUSE*,*NOUSE*,0,0,0,0,0,0,0,0
496,496,SMDDL,,95,1223,43,198.00,73.01,42.59,2558,186758
497,497,SMBDL,,94,1209,43,195.00,77.57,47.00,2344,181825
498,498,*NOUSE*,*NOUSE*,0,0,0,0,0,0,0,0
499,499,V6L,,94,406,72,88.00,33.79,18.05,3107,104985
500,500,*NOUSE*,*NOUSE*,0,0,0,0,0,0,0,0
501,501,*NOUSE*,*NOUSE*,0,0,0,0,0,0,0,0
502,502,DL4,,95,1359,99,145.00,55.62,25.86,2054,114248
503,503,VL9,,94,1068,40,154.00,52.18,34.16,2710,141406
504,504,EXC GL L,,98,1092,43,142.00,49.50,32.36,4045,200246
505,505,VL8,,95,1116,42,159.00,53.70,30.79,3124,167774
506,506,VL10,,96,1018,46,142.00,42.07,29.08,3642,153204
507,507,URYVL,,96,1315,56,176.00,73.65,38.21,2530,186340
508,508,P7/8L,,95,552,56,97.00,31.05,16.05,4914,152589
509,509,V4L,,95,608,60,85.00,30.06,14.82,3893,117011
510,510,BDUL,,96,985,67,203.00,49.01,40.48,3642,178482
511,511,*NOUSE*,*NOUSE*,0,0,0,0,0,0,0,0
512,512,VL12,,96,869,46,153.00,41.15,28.05,3581,147370
513,513,VL6,,97,1263,46,130.00,46.72,27.27,2785,130121
514,514,SIAVL,,97,1193,48,193.00,70.41,41.22,2532,178290
515,515,*NOUSE*,*NOUSE*,0,0,0,0,0,0,0,0
516,516,HYP5L,,96,1495,78,107.00,33.13,18.39,4498,149031
517,517,*NOUSE*,*NOUSE*,0,0,0,0,0,0,0,0
518,518,*NOUSE*,*NOUSE*,0,0,0,0,0,0,0,0
519,519,*NOUSE*,*NOUSE*,0,0,0,0,0,0,0,0
520,520,DL1,,95,1454,90,92.00,40.29,16.84,4043,162891
521,521,*NOUSE*,*NOUSE*,0,0,0,0,0,0,0,0
522,522,DL6,,96,1297,100,158.00,58.22,31.65,3895,226771
523,523,*NOUSE*,*NOUSE*,0,0,0,0,0,0,0,0
524,524,*NOUSE*,*NOUSE*,0,0,0,0,0,0,0,0
525,525,*NOUSE*,*NOUSE*,0,0,0,0,0,0,0,0
526,526,*NOUSE*,*NOUSE*,0,0,0,0,0,0,0,0
527,527,CEPshDL,,98,1289,86,178.00,55.28,34.28,3927,217069
528,528,*NOUSE*,*NOUSE*,0,0,0,0,0,0,0,0
529,529,*NOUSE*,*NOUSE*,0,0,0,0,0,0,0,0
530,530,*NOUSE*,*NOUSE*,0,0,0,0,0,0,0,0
531,531,*NOUSE*,*NOUSE*,0,0,0,0,0,0,0,0
532,532,*NOUSE*,*NOUSE*,0,0,0,0,0,0,0,0
533,533,*NOUSE*,*NOUSE*,0,0,0,0,0,0,0,0
534,534,V3L,,98,755,64,88.00,30.32,16.07,4612,139827
535,535,*NOUSE*,*NOUSE*,0,0,0,0,0,0,0,0
536,536,*NOUSE*,*NOUSE*,0,0,0,0,0,0,0,0
537,537,*NOUSE*,*NOUSE*,0,0,0,0,0,0,0,0
538,538,CANL,,99,666,81,116.00,35.91,20.89,3549,127458
539,539,RMDVL,,101,1277,77,143.00,48.08,30.47,4046,194542
540,540,HYP2L,,100,1427,77,140.00,46.08,26.15,3729,171824
541,541,*NOUSE*,*NOUSE*,0,0,0,0,0,0,0,0
542,542,HYP7LC2,,99,818,85,73.00,28.54,12.93,3739,106713
543,543,HYP7ABLD,,100,997,81,103.00,33.53,17.77,4694,157400
544,544,HYP7LC4,,98,566,88,82.00,24.88,10.57,3068,76333
545,545,AWBL,,99,1200,92,157.00,58.29,31.86,4415,257331
546,546,*NOUSE*,*NOUSE*,0,0,0,0,0,0,0,0
547,547,*NOUSE*,*NOUSE*,0,0,0,0,0,0,0,0
548,548,P1/2L,,102,916,56,105.00,36.86,21.29,4201,154859
549,549,*NOUSE*,*NOUSE*,0,0,0,0,0,0,0,0
550,550,P3/4L,,101,809,58,99.00,36.48,20.53,4035,147199
551,551,V1L,,101,966,66,116.00,36.38,21.23,4250,154615
552,552,P5/6L,,100,696,68,83.00,29.37,14.18,4538,133291
553,553,ADEL,,101,1129,67,161.00,59.92,33.07,3542,212237
554,554,*NOUSE*,*NOUSE*,0,0,0,0,0,0,0,0
555,555,*NOUSE*,*NOUSE*,0,0,0,0,0,0,0,0
556,556,*NOUSE*,*NOUSE*,0,0,0,0,0,0,0,0
557,557,*NOUSE*,*NOUSE*,0,0,0,0,0,0,0,0
558,558,*NOUSE*,*NOUSE*,0,0,0,0,0,0,0,0
559,559,AMshl,,102,1072,91,110.00,40.05,22.99,4482,179509
560,560,*NOUSE*,*NOUSE*,0,0,0,0,0,0,0,0
561,561,ADAL,,103,1120,55,174.00,53.69,37.26,3621,194404
562,562,ASJL,,102,1176,60,137.00,52.95,25.64,3531,186955
563,563,XXXL,,102,1340,62,177.00,57.69,37.03,3295,190095
564,564,*NOUSE*,*NOUSE*,0,0,0,0,0,0,0,0
565,565,*NOUSE*,*NOUSE*,0,0,0,0,0,0,0,0
566,566,*NOUSE*,*NOUSE*,0,0,0,0,0,0,0,0
567,567,*NOUSE*,*NOUSE*,0,0,0,0,0,0,0,0
568,568,FLPL,,103,1139,56,167.00,57.71,34.61,3450,199102
569,569,*NOUSE*,*NOUSE*,0,0,0,0,0,0,0,0
570,570,*NOUSE*,*NOUSE*,0,0,0,0,0,0,0,0
571,571,ADEshL,,104,1061,66,183.00,51.09,39.20,4096,209262
572,572,AVAL,,103,1261,74,152.00,53.56,32.68,3769,201857
573,573,H0L,,104,1393,76,124.00,44.95,25.38,3294,148062
574,574,AFDL,,103,1235,81,157.00,54.12,30.52,4090,221338
575,575,*NOUSE*,*NOUSE*,0,0,0,0,0,0,0,0
576,576,*NOUSE*,*NOUSE*,0,0,0,0,0,0,0,0
577,577,*NOUSE*,*NOUSE*,0,0,0,0,0,0,0,0
578,578,*NOUSE*,*NOUSE*,0,0,0,0,0,0,0,0
579,579,*NOUSE*,*NOUSE*,0,0,0,0,0,0,0,0
580,580,RMDL,,101,1256,59,194.00,67.77,42.56,2926,198293
581,581,*NOUSE*,*NOUSE*,0,0,0,0,0,0,0,0
582,582,HYP7ABLV,,106,1025,67,94.00,28.69,13.56,5439,156044
583,583,*NOUSE*,*NOUSE*,0,0,0,0,0,0,0,0
584,584,*NOUSE*,*NOUSE*,0,0,0,0,0,0,0,0
585,585,*NOUSE*,*NOUSE*,0,0,0,0,0,0,0,0
586,586,*NOUSE*,*NOUSE*,0,0,0,0,0,0,0,0
587,587,*NOUSE*,*NOUSE*,0,0,0,0,0,0,0,0
588,588,*NOUSE*,*NOUSE*,0,0,0,0,0,0,0,0
589,589,*NOUSE*,*NOUSE*,0,0,0,0,0,0,0,0
590,590,*NOUSE*,*NOUSE*,0,0,0,0,0,0,0,0
591,591,RMED,*MANUAL*,79,1297,99,216.00,117.04,36.49,1791,209620
592,592,OLQDR,*MANUAL*,71,1306,97,233.00,143.96,29.93,1551,223276
593,593,OLQDL,*MANUAL*,86,1306,96,210.00,125.13,27.47,2086,261021
594,594,IL1DR,*MANUAL*,72,1318,95,221.00,133.17,33.45,2029,270210
595,595,IL1DL,*MANUAL*,85,1319,92,221.00,118.03,40.10,1765,208327
596,596,URADL,*MANUAL*,93,1325,94,212.00,98.42,46.01,1947,191619
597,597,RMEL,*MANUAL*,94,1298,76,167.00,85.32,35.31,1713,146155
598,598,OLLL,*MANUAL*,93,1326,80,195.00,80.11,34.23,1916,153484
599,599,CEPsoDL,*MANUAL*,99,1336,90,194.00,94.66,39.93,2059,194895
600,600,IL2DL,*MANUAL*,91,1342,98,175.00,68.57,33.24,2103,144210
601,601,OLLsoL,*MANUAL*,99,1355,87,215.00,82.56,42.68,1861,153637
602,602,OLQshDL,*MANUAL*,101,1368,87,222.00,84.55,35.84,2047,173064
603,603,ILshDL,*MANUAL*,92,1383,92,171.00,79.66,34.60,1600,127458
604,604,HYP1L,*MANUAL*,99,1389,89,187.00,82.06,38.37,2103,172570
605,605,ARCPDL,*MANUAL*,94,1404,90,149.00,69.78,27.38,2100,146548
606,606,AMsoL,*MANUAL*,99,1418,88,141.00,58.30,28.25,2103,122603
607,607,ARCADL,*MANUAL*,99,1450,75,140.00,58.69,25.00,2103,123418
608,608,ILsoL,*MANUAL*,98,1399,63,166.00,82.92,34.41,1937,160622
609,609,ILshl,*MANUAL*,99,1383,65,186.00,90.78,35.37,1951,177117
610,610,OLLshl,*MANUAL*,102,1369,72,176.00,88.68,35.11,2023,179397
611,611,OLQshVL,*MANUAL*,102,1359,65,182.00,76.92,38.31,2096,161234
612,612,IL2L,*MANUAL*,103,1349,76,145.00,64.52,25.37,2103,135684
613,613,URBL,*MANUAL*,102,1330,76,167.00,77.98,39.39,1933,150742
614,614,BAGL,*MANUAL*,99,1298,61,158.00,75.30,31.33,1826,137503
615,615,IL1L,*MANUAL*,97,1327,65,177.00,86.19,31.36,2103,181266
616,616,OLQVL,*MANUAL*,91,1301,54,184.00,91.60,35.63,2017,184762
617,617,URADR,*MANUAL*,62,1325,93,240.00,98.66,60.46,1828,180342
618,618,RMER,*MANUAL*,60,1295,71,224.00,103.93,49.40,1977,205466
619,619,*NOUSE*,*NOUSE*,0,0,0,0,0,0,0,0
620,620,CEPsoDR,*MANUAL*,56,1345,84,246.00,106.21,55.25,1912,203070
621,621,ARCADR,*MANUAL*,55,1450,73,155.00,59.84,34.00,2969,177667
622,622,AMsoR,*MANUAL*,55,1432,79,154.00,72.03,33.20,2099,151188
623,623,ARCPDR,*MANUAL*,61,1422,87,205.00,83.02,39.19,1947,161636
624,624,HYP4D,*MANUAL*,76,1566,93,94.00,27.39,20.58,2969,81335
625,625,ILsoDL,*MANUAL*,83,1462,102,173.00,69.17,40.70,2047,141601
626,626,OLQsoDL,*MANUAL*,84,1434,103,200.00,96.65,34.79,1092,105538
627,627,ARCPD,*MANUAL*,73,1454,101,190.00,78.26,40.75,1990,155743
628,628,ILsoDR,*MANUAL*,74,1430,103,214.00,99.30,44.85,2001,198707
629,629,OLQsoDR,*MANUAL*,63,1403,91,199.00,83.29,42.73,1777,148008
630,630,HYP1R,*MANUAL*,56,1397,86,225.00,107.00,48.83,1909,204260
631,631,ILshDR,*MANUAL*,59,1386,88,222.00,94.59,51.97,1835,173564
632,632,OLLsoR,*MANUAL*,58,1375,89,231.00,98.46,55.88,1685,165910
633,633,OLQshDR,*MANUAL*,51,1359,83,227.00,85.79,52.63,2103,180413
634,634,XXXR,*MANUAL*,53,1342,59,250.00,97.23,61.23,2040,198357
635,635,URBR,*MANUAL*,54,1324,73,228.00,95.88,51.04,1901,182277
636,636,OLLR,*MANUAL*,60,1327,82,217.00,109.40,43.10,2103,230061
637,637,BAGR,*MANUAL*,57,1303,60,191.00,102.17,37.23,1802,184109
638,638,OLQVR,*MANUAL*,64,1305,53,206.00,109.42,40.31,1839,201216
639,639,RMEV,*MANUAL*,80,1268,40,184.00,77.67,41.33,1906,148045
640,640,*NOUSE*,*NOUSE*,0,0,0,0,0,0,0,0
641,641,CEPVR,*MANUAL*,75,1282,43,246.00,154.28,34.18,674,103988
642,642,CEPVL,*MANUAL*,82,1287,44,228.00,152.23,28.17,664,101078
643,643,URAVR,*MANUAL*,69,1310,44,231.00,112.46,55.56,1821,204790
644,644,IL1VR,*MANUAL*,75,1298,43,211.00,117.33,40.98,1615,189483
645,645,IL1VL,*MANUAL*,79,1313,45,235.00,124.06,43.71,1668,206932
646,646,URAVL,*MANUAL*,84,1303,43,204.00,112.72,48.75,2103,237047
647,647,IL2VL,*MANUAL*,85,1322,41,205.00,101.43,45.85,1476,149711
648,648,IL2VR,*MANUAL*,72,1324,43,199.00,104.74,39.15,1304,136584
649,649,HYP6D1,*MANUAL*,78,1442,108,167.00,54.53,35.17,2969,161890
650,650,HYP7D1,*MANUAL*,77,1312,110,134.00,44.59,28.57,2969,132384
651,651,ARCAV,*MANUAL*,75,1503,51,168.00,56.86,35.63,2103,119576
652,652,*NOUSE*,*NOUSE*,0,0,0,0,0,0,0,0
653,653,HYP2V,*MANUAL*,83,1488,49,146.00,79.28,28.43,640,50737
654,654,ARCPV,*MANUAL*,75,1482,49,189.00,94.80,41.01,2103,199360
655,655,HYP1V,*MANUAL*,75,1464,48,198.00,80.19,41.96,1921,154050
656,656,ILsoVR,*MANUAL*,76,1443,47,213.00,106.06,44.10,1894,200880
657,657,ILshVR,*MANUAL*,75,1426,50,212.00,99.02,48.68,1823,180511
658,658,ILsoVL,*MANUAL*,82,1457,46,219.00,105.99,42.65,1365,144679
659,659,ILshVL,*MANUAL*,83,1434,48,195.00,119.45,39.57,1197,142977
660,660,HYP6V1,*MANUAL*,79,1418,44,180.00,50.57,33.41,2103,106355
661,661,HYP7V1,*MANUAL*,77,1322,35,169.00,59.50,36.42,2969,176658
662,662,HYP7V2,*MANUAL*,81,1276,32,157.00,41.33,30.21,2969,122703
663,663,NSMR,*MANUAL*,64,1345,58,245.00,131.52,43.45,1365,179525
664,664,MI,*MANUAL*,75,1353,94,225.00,125.80,43.59,1183,148827
665,665,PM4DL,*MANUAL*,83,1354,88,218.00,95.11,42.24,2103,200007
666,666,PM4L,*MANUAL*,92,1360,72,192.00,87.09,40.63,1365,118873
667,667,PM4VR,*MANUAL*,71,1357,50,157.00,77.59,29.91,1793,139112
668,668,I2L,*MANUAL*,90,1378,61,210.00,119.23,32.72,1305,155589
669,669,MCL,*MANUAL*,87,1366,61,210.00,116.64,36.24,1356,158159
670,670,MCR,*MANUAL*,68,1365,62,233.00,109.41,46.47,1903,208210
671,671,I2R,*MANUAL*,62,1373,60,241.00,133.03,45.76,1365,181587
672,672,MC1V,*MANUAL*,78,1374,53,193.00,77.61,29.60,2099,162897
673,673,*NOUSE*,*NOUSE*,0,0,0,0,0,0,0,0
674,674,PM1DR,*MANUAL*,73,1370,91,236.00,127.82,40.59,679,86792
675,675,PM1DL,*MANUAL*,79,1374,91,244.00,134.72,57.17,1235,166378
676,676,PM1VR,*MANUAL*,73,1390,58,187.00,89.21,41.38,1299,115887
677,677,PM1VL,*MANUAL*,83,1385,56,236.00,115.17,40.70,1365,157201
678,678,MC1DL,*MANUAL*,88,1373,84,216.00,93.19,34.18,2088,194576
679,679,MC1DR,*MANUAL*,64,1371,82,218.00,104.81,31.67,2103,220414
680,680,I1L,*MANUAL*,88,1403,66,172.00,75.53,39.48,2103,158832
681,681,E1D,*MANUAL*,77,1447,93,165.00,72.53,35.84,1056,76589
682,682,E3D,*MANUAL*,78,1406,95,136.00,48.02,27.18,2103,100980
683,683,PM2VL1,*MANUAL*,87,1494,64,173.00,58.51,37.73,2017,118009
684,684,PM2VL2,*MANUAL*,88,1481,63,176.00,66.11,37.28,2103,139037
685,685,E1VL,*MANUAL*,91,1458,63,168.00,86.63,38.64,962,83341
686,686,PM2VR1,*MANUAL*,67,1497,66,177.00,74.23,43.78,2103,156106
687,687,PM2VR2,*MANUAL*,66,1481,66,189.00,69.57,47.17,2103,146296
688,688,E1VR,*MANUAL*,66,1461,65,194.00,82.54,47.08,1300,107304
689,689,E3VR,*MANUAL*,66,1433,65,185.00,78.32,39.41,1365,106911
690,690,PM3R,*MANUAL*$204$151,68,1415,73,163.00,53.17,29.67,4433,235695
691,691,PM3VR,*MANUAL*,71,1452,61,163.00,66.90,25.72,1582,105829
692,692,PM3VL,*MANUAL*,82,1456,61,151.00,63.08,23.82,2103,132655
693,693,PM3DL,*MANUAL*,83,1448,87,155.00,48.37,27.94,2103,101718
694,694,PM3DR,*MANUAL*,71,1429,88,142.00,58.91,20.70,2103,123894
695,695,RMGL,*MANUAL*,104,1101,57,150.00,76.96,28.45,1945,149691
696,696,RICL,*MANUAL*,102,1157,59,181.00,80.93,37.74,1826,147786
697,697,AIZL,*MANUAL*,96,1145,66,208.00,112.57,33.11,1829,205898
698,698,SIBDL,*MANUAL*,102,1240,60,183.00,76.85,41.13,2969,228154
699,699,AWCL,*MANUAL*,104,1222,64,127.00,74.84,18.63,1857,138972
700,700,AUAL,*MANUAL*,102,1200,60,167.00,81.42,37.13,2002,163012
701,701,ASHL,*MANUAL*,103,1197,76,127.00,70.56,23.02,1961,138362
702,702,ASEL,*MANUAL*,103,1173,77,157.00,75.73,26.66,1991,150772
703,703,AVDL,*MANUAL*,103,1152,72,198.00,94.09,35.47,2095,197126
704,704,AVJL,*MANUAL*,102,1142,84,163.00,86.19,31.11,1995,171955
705,705,AINL,*MANUAL*,102,1126,84,144.00,73.12,30.87,2103,153762
706,706,ASGL,*MANUAL*,98,1181,92,167.00,79.52,33.43,1929,153387
707,707,AVHL,*MANUAL*,101,1160,91,184.00,84.61,36.59,1841,155774
708,708,ADFL,*MANUAL*,97,1219,85,151.00,75.27,27.82,2016,151744
709,709,AWAL,*MANUAL*,93,1201,80,150.00,78.67,27.61,2103,165446
710,710,AVBL,*MANUAL*,96,1155,84,211.00,107.09,32.66,2033,217709
711,711,SMDVL,*MANUAL*,98,1253,92,194.00,81.74,37.86,2095,171252
712,712,ALA,*MANUAL*,78,1259,103,202.00,105.65,37.40,2079,219643
713,713,URXR,*MANUAL*,69,1252,96,198.00,100.36,38.88,2103,211055
714,714,ASKL,*MANUAL*,89,1222,97,158.00,72.03,28.99,2969,213843
715,715,ASIR,*MANUAL*,67,1188,89,189.00,97.90,39.16,1891,185120
716,716,ASIL,*MANUAL*,91,1172,92,189.00,88.82,30.60,2103,186778
717,717,RIVL,*MANUAL*,97,1139,95,170.00,84.09,33.75,2103,176831
718,718,RIAL,*MANUAL*,92,1241,87,163.00,95.66,28.68,2103,201171
719,719,SAAVL,*MANUAL*,93,1261,82,195.00,113.88,35.67,1191,135626
720,720,GLRDL,*MANUAL*,85,1266,88,221.00,117.56,43.10,2013,236652
721,721,GLRDR,*MANUAL*,73,1267,89,219.00,123.81,44.83,1763,218279
722,722,SAAVR,*MANUAL*,65,1264,81,233.00,128.31,49.00,1984,254558
723,723,SMDVR,*MANUAL*,58,1256,86,231.00,112.74,56.18,2056,231788
724,724,ADER,*MANUAL*,53,1139,61,234.00,123.05,49.81,1816,223451
725,725,RICR,*MANUAL*,52,1166,57,198.00,98.55,46.21,1913,188530
726,726,AIZR,*MANUAL*,57,1160,65,222.00,135.06,38.83,1805,243788
727,727,SIBDR,*MANUAL*,53,1244,57,223.00,91.06,60.97,2036,185400
728,728,AWCR,*MANUAL*,51,1230,61,176.00,91.38,37.99,1889,172625
729,729,ASHR,*MANUAL*,50,1220,73,194.00,98.14,36.56,1994,195686
730,730,ASER,*MANUAL*,53,1195,75,156.00,67.82,33.62,2646,179449
731,731,AVDR,*MANUAL*,50,1172,70,238.00,116.86,47.45,2103,245766
732,732,AINR,*MANUAL*,51,1146,73,213.00,104.98,50.66,2103,220776
733,733,ASGR,*MANUAL*,59,1195,88,202.00,101.59,39.83,2103,213647
734,734,AVHR,*MANUAL*,54,1177,88,234.00,106.27,53.20,1991,211593
735,735,AWAR,*MANUAL*,62,1218,77,198.00,116.12,32.27,2103,244202
736,736,AVBR,*MANUAL*,62,1175,80,235.00,137.36,43.95,2103,288871
737,737,RIAR,*MANUAL*,65,1248,81,222.00,133.26,28.29,1365,181897
738,738,AVER,*MANUAL*,61,1249,65,230.00,154.27,32.59,1069,164917
739,739,AIBR,*MANUAL*,62,1231,64,221.00,124.63,42.82,1918,239041
740,740,RIBR,*MANUAL*,62,1199,69,233.00,118.23,36.36,2103,248636
741,741,AIBL,*MANUAL*,94,1222,69,172.00,80.54,34.97,2103,169377
742,742,RIBL,*MANUAL*,94,1183,74,186.00,84.02,33.42,2103,176686
743,743,RIML,*MANUAL*,95,1166,70,168.00,89.62,34.76,2103,188475
744,744,RMDDL,*MANUAL*,95,1243,45,190.00,77.26,46.42,1801,139138
745,745,SIBVR,*MANUAL*,62,1238,53,240.00,134.08,54.05,1266,169740
746,746,SIADR,*MANUAL*,61,1204,51,219.00,124.60,40.89,1156,144035
747,747,SIAVR,*MANUAL*,68,1196,54,218.00,111.73,40.93,2095,234070
748,748,SIADL,*MANUAL*,96,1209,57,197.00,113.59,29.69,1301,147783
749,749,AIAL,*MANUAL*,87,1208,52,222.00,130.30,34.56,1183,154145
750,750,AIAR,*MANUAL*,77,1206,50,230.00,143.49,32.73,1365,195859
751,751,AVL,*MANUAL*,66,1214,59,192.00,114.62,29.25,1365,156455
752,752,SMDDR,*MANUAL*,67,1224,44,215.00,116.90,39.65,1297,151620
753,753,RIR,*MANUAL*,70,1229,56,227.00,143.54,36.94,1363,195650
754,754,SMBVR,*MANUAL*,77,1221,48,228.00,141.27,37.47,1365,192834
755,755,RIH,*MANUAL*,80,1235,46,203.00,120.19,37.77,1159,139306
756,756,SAADR,*MANUAL*,72,1241,49,245.00,163.90,41.41,1365,223725
757,757,SAADL,*MANUAL*,89,1239,50,208.00,141.00,29.37,1365,192468
758,758,GLRL,*MANUAL*,91,1253,63,222.00,108.31,45.06,1237,133980
759,759,GLRVL,*MANUAL*,87,1256,55,230.00,142.41,48.11,895,127456
760,760,GLRR,*MANUAL*,68,1254,63,250.00,129.85,53.85,1365,177249
761,761,EXC,*MANUAL*,86,1175,51,136.00,48.58,17.29,4136,200924
762,762,PM5VL,*MANUAL*,83,1145,58,220.00,124.42,30.11,1143,142207
763,763,PM5VR,*MANUAL*,73,1143,58,215.00,125.36,31.91,1891,237053
764,764,PM5R,*MANUAL*,66,1157,70,226.00,121.24,40.42,2103,254975
765,765,PM5DL,*MANUAL*,82,1157,90,192.00,95.76,34.62,2806,268708
766,766,PM5DR,*MANUAL*,69,1158,88,203.00,113.34,34.87,2103,238354
767,767,PM7VL,*MANUAL*,94,1100,64,157.00,69.05,35.97,2041,140939
768,768,G1AL,*MANUAL*$449$450,89,1134,81,157.00,60.32,29.96,3132,188909
769,769,M2R,*MANUAL*,63,1141,65,254.00,143.09,54.26,2103,300911
770,770,INVR1,*MANUAL*$189$180$159,68,1002,59,147.00,34.27,19.05,6083,208492
771,771,INDR1,*MANUAL*$172$120,64,1008,97,108.00,32.74,18.10,6074,198860
772,772,INV4,*MANUAL*,78,780,59,69.00,22.31, 9.31,4115,91814
773,773,IND4,*MANUAL*,72,812,92,97.00,26.83,12.58,4139,111044
774,774,IND5,*MANUAL*,72,730,97,56.00,21.02, 8.86,4139,87001
775,775,INV5,*MANUAL*,89,692,87,54.00,19.34, 9.50,4139,80042
776,776,INV6,*MANUAL*,70,642,66,90.00,24.46,14.38,4118,100721
777,777,INV7,*MANUAL*,72,530,65,55.00,19.29, 7.59,4120,79457
778,778,INV8,*MANUAL*,76,442,60,72.00,29.14,12.58,4139,120618
779,779,INV9,*MANUAL*,78,359,64,112.00,44.96,17.29,3606,162123
780,780,IND6,*MANUAL*,77,590,89,56.00,18.99, 8.26,4139,78597
781,781,IND7,*MANUAL*,76,486,95,77.00,21.52, 8.98,4035,86832
782,782,IND8,*MANUAL*,78,412,89,80.00,31.09,14.23,3856,119889
783,783,IND9,*MANUAL*$384$375,84,361,92,87.00,32.73,15.73,3364,110103
784,784,DA6,*MANUAL*,74,523,49,145.00,52.70,29.58,2969,156471
785,785,DD3,*MANUAL*,81,779,43,153.00,66.98,33.14,2103,140854
786,786,DA1,*MANUAL*,84,1058,36,196.00,86.40,36.31,2103,181691
787,787,DB1,*MANUAL*,80,1095,31,205.00,81.19,38.14,1763,143139
788,788,DD1,*MANUAL*,86,1103,34,222.00,102.65,46.20,2103,215878
789,789,RIGL,*MANUAL*,86,1117,35,199.00,104.14,40.12,1949,202963
790,790,AVG,*MANUAL*,80,1127,33,193.00,109.85,31.78,1349,148190
791,791,RIFL,*MANUAL*,84,1140,33,208.00,89.32,47.54,1959,174972
792,792,RIFR,*MANUAL*,74,1138,40,236.00,114.55,50.20,2028,232315
793,793,SABVR,*MANUAL*,74,1150,38,236.00,130.10,50.06,1327,172647
794,794,SABVL,*MANUAL*,83,1153,33,234.00,106.56,54.31,1365,145460
795,795,H1L,*MANUAL*,103,1299,74,163.00,58.87,29.23,2969,174791
796,796,H2L,*MANUAL*,106,1104,71,107.00,36.90,18.89,4139,152736
797,797,V2L,*MANUAL*$576$569,102,859,60,111.00,33.82,18.15,4476,151399
798,798,V5L,*MANUAL*$488$491,93,476,72,85.00,28.19,12.72,4625,130392
799,799,P9/10L,*MANUAL*$485$471,92,449,60,97.00,35.09,19.17,4707,165170
800,800,H1R,*MANUAL*,51,1291,65,181.00,66.64,35.98,2969,197852
801,801,HYP7ABRV,*MANUAL*,54,1021,67,140.00,43.49,21.35,4139,180019
802,802,V2R,*MANUAL*$77$62,58,857,60,140.00,36.54,21.69,5278,192835
803,803,V3R,*MANUAL*$30$29,54,749,67,123.00,34.53,19.03,5633,194516
804,804,P5/6R,*MANUAL*,55,709,64,111.00,35.29,24.80,4128,145695
805,805,QR,*MANUAL*,56,540,68,92.00,45.02,15.80,2103,94679
806,806,M,*MANUAL*,64,539,83,94.00,26.61,14.84,4139,110145
807,807,P9/10R,*MANUAL*$102$114,62,459,63,124.00,36.33,22.15,4355,158205
808,808,HYP7LC1,*MANUAL*$554$565,99,917,85,76.00,27.84,12.50,4687,130480
809,809,HYP7LC3,*MANUAL*,98,737,91,72.00,19.16,11.19,4139,79297
810,810,HYP7LC5,*MANUAL*$530$519,95,457,92,60.00,25.44,10.54,3794,96536
811,811,HYP7RC2,*MANUAL*$45$60,56,806,85,88.00,29.84,14.59,6012,179405
812,812,HYP7RC6,*MANUAL*,61,323,81,91.00,34.28,19.20,2099,71949
813,813,HYP7LC6,*MANUAL*,93,300,86,107.00,32.79,21.45,2532,83027
814,814,HYP101,*MANUAL*,80,80,74,148.00,57.12,30.19,2103,120126
815,815,HYP102,*MANUAL*,79,62,71,132.00,41.73,30.81,2103,87761
816,816,HYP8,*MANUAL*,76,129,72,122.00,49.53,26.15,2448,121255
817,817,HYP11,*MANUAL*,83,129,80,127.00,48.36,29.03,2969,143569
818,818,TR,*MANUAL*,70,213,78,112.00,39.67,22.69,4025,159674
819,819,ALNL,*MANUAL*,86,250,86,174.00,76.39,35.26,1707,130393
820,820,PHBL,*MANUAL*,87,275,80,159.00,77.35,24.68,2103,162675
821,821,PHAL,*MANUAL*,88,275,66,173.00,72.52,37.34,1725,125098
822,822,REPVL,*MANUAL*,87,314,70,141.00,66.69,28.52,2103,140240
823,823,SPH,*MANUAL*,88,337,69,159.00,81.47,30.67,1355,110395
824,824,PVCR,*MANUAL*,67,256,69,173.00,78.29,31.82,1913,149771
825,825,PHBR,*MANUAL*,65,282,79,172.00,75.54,28.11,2013,152065
826,826,PHAR,*MANUAL*,67,277,67,150.00,74.32,36.07,2047,152130
827,827,REPVR,*MANUAL*,66,318,70,159.00,75.04,33.70,2099,157504
828,828,K,*MANUAL*,86,292,87,152.00,80.75,22.49,2007,162065
829,829,F,*MANUAL*,77,288,78,161.00,89.99,28.31,1993,179344
830,830,B,*MANUAL*,78,267,64,145.00,51.49,31.75,4136,212950
831,831,DVC,*MANUAL*,78,252,72,155.00,87.14,27.45,2103,183259
832,832,DEP,*MANUAL*,77,254,88,178.00,77.67,35.41,2103,163342
833,833,K',*MANUAL*,70,299,82,169.00,78.24,32.06,2103,164549
834,834,AIML,*MANUAL*,84,1154,47,216.00,125.58,38.32,1125,141280
835,835,AIYL,*MANUAL*,93,1154,53,214.00,105.71,47.04,2103,222316
836,836,AIMR,*MANUAL*,75,1164,46,232.00,129.99,43.82,1365,177441
837,837,VL1,*MANUAL*,96,1463,59,129.00,60.87,21.60,895,54477
838,838,VL2,*MANUAL*,93,1438,48,162.00,57.27,34.59,2103,120432
839,839,VL4,*MANUAL*$547$524,97,1355,48,129.00,49.64,22.42,3493,173381
840,840,VL5,*MANUAL*,90,1288,41,211.00,77.12,44.34,2103,162189
841,841,DL8,*MANUAL*$476$484,94,1099,104,166.00,45.92,28.56,4816,221135
842,842,DL18,*MANUAL*,82,495,104,114.00,42.48,23.71,2103,89325
843,843,DL21,*MANUAL*,77,223,87,117.00,41.40,26.60,2103,87074
844,844,VR2,*MANUAL*,66,1438,48,146.00,61.09,37.19,2103,128482
845,845,VR4,*MANUAL*,61,1355,47,162.00,63.83,30.82,2103,134241
846,846,VR5,*MANUAL*,69,1288,40,237.00,79.45,49.55,2103,167088
847,847,DR4,*MANUAL*,59,1350,93,197.00,80.85,36.04,2103,170023
848,848,DR5,*MANUAL*,64,1304,102,186.00,67.16,47.17,2103,141241
849,849,DR20,*MANUAL*,69,408,95,120.00,48.31,25.94,2103,101589
850,850,U,*MANUAL*,79,301,63,169.00,68.12,33.61,1777,121049
851,851,DA9,*MANUAL*,72,307,58,169.00,78.08,35.15,2103,164194
852,852,PVPR,*MANUAL*,70,329,60,170.00,77.41,42.60,1949,150863
853,853,IMR,*MANUAL*,66,368,61,128.00,46.04,26.33,2103,96814
854,854,DD6,*MANUAL*,79,323,61,185.00,110.39,31.94,1365,150688
855,855,IML,*MANUAL*,89,361,60,137.00,56.30,32.25,2103,118403
856,856,P11/12L,*MANUAL*,92,331,60,140.00,47.88,27.71,2103,100699
857,857,VR20,*MANUAL*,72,235,60,137.00,42.62,29.27,1817,77446
858,858,*NOUSE*,*NOUSE*,0,0,0,0,0,0,0,0
859,859,VL19,*MANUAL*,80,241,60,135.00,64.32,33.12,2103,135263
860,860,Z1,*MANUAL*,65,718,64,125.00,59.88,25.13,2103,125929
861,861,Z2,*MANUAL*,69,698,69,140.00,55.97,18.06,4139,231663
862,862,Z3,*MANUAL*,85,670,60,120.00,55.81,18.48,4139,230996
863,863,HSNR,*MANUAL*,59,648,57,162.00,61.88,37.17,2103,130132
864,864,CEPsoVL,*MANUAL*,92,1326,48,191.00,101.41,32.61,1365,138431
865,865,CEPsoVR,*MANUAL*,64,1327,48,224.00,107.63,45.77,2103,226348
866,866,f1,*MANUAL*,79,1192,71,43.00,15.43, 5.21,895,13807
867,867,f2,*MANUAL*,75,1492,73,57.00, 8.36, 7.45,895,7480
868,868,f3,*MANUAL*,78,1373,75,69.00,23.96, 8.44,895,21444
869,869,f4,*MANUAL*,77,1330,75,33.00,10.11, 4.91,895,9051
870,870,f5,*MANUAL*,77,1042,75,19.00, 3.08, 2.84,895,2754
871,871,f6,*MANUAL*,76,749,75, 9.00, 1.16, 1.42,895,1038
872,872,f7,*MANUAL*,77,663,74,11.00, 1.26, 1.88,895,1128
873,873,f8,*MANUAL*,79,512,75,44.00, 5.05, 6.48,895,4524
874,874,f9,*MANUAL*,77,344,79,16.00, 1.76, 2.27,895,1573
875,875,f10,*MANUAL*,76,1127,76,48.00,17.03, 7.04,895,15244
