0,0,*NOUSE*,*NOUSE*,0,0,0,0,0,0,0,0
1,1,*NOUSE*,*NOUSE*,0,0,0,0,0,0,0,0
2,2,H2L,,32,1089,75,115.00,35.83,17.37,6615,236987.00
3,3,*NOUSE*,*NOUSE*,0,0,0,0,0,0,0,0
4,4,*NOUSE*,*NOUSE*,0,0,0,0,0,0,0,0
5,5,*NOUSE*,*NOUSE*,0,0,0,0,0,0,0,0
6,6,P1/2L,,34,939,90,143.00,41.90,26.06,7023,294259.00
7,7,*NOUSE*,*NOUSE*,0,0,0,0,0,0,0,0
8,8,HYP7LC1,,34,944,62,101.00,32.15,16.60,7164,230308.00
9,9,*NOUSE*,*NOUSE*,0,0,0,0,0,0,0,0
10,10,RMDVL,,36,1272,66,168.00,54.55,31.22,4362,237934.00
11,11,*NOUSE*,*NOUSE*,0,0,0,0,0,0,0,0
12,12,V1L,,36,983,74,117.00,40.40,22.33,5728,231389.00
13,13,*NOUSE*,*NOUSE*,0,0,0,0,0,0,0,0
14,14,*NOUSE*,*NOUSE*,0,0,0,0,0,0,0,0
15,15,*NOUSE*,*NOUSE*,0,0,0,0,0,0,0,0
16,16,*NOUSE*,*NOUSE*,0,0,0,0,0,0,0,0
17,17,*NOUSE*,*NOUSE*,0,0,0,0,0,0,0,0
18,18,ADESHL,,36,1108,85,209.00,58.29,42.58,4319,251739.00
19,19,*NOUSE*,*NOUSE*,0,0,0,0,0,0,0,0
20,20,*NOUSE*,*NOUSE*,0,0,0,0,0,0,0,0
21,21,ASEL,,36,1189,67,150.00,60.96,30.80,4461,271937.00
22,22,*NOUSE*,*NOUSE*,0,0,0,0,0,0,0,0
23,23,*NOUSE*,*NOUSE*,0,0,0,0,0,0,0,0
24,24,HYP7ABLD,,35,1052,70,99.00,34.14,16.32,6603,225428.00
25,25,*NOUSE*,*NOUSE*,0,0,0,0,0,0,0,0
26,26,*NOUSE*,*NOUSE*,0,0,0,0,0,0,0,0
27,27,*NOUSE*,*NOUSE*,0,0,0,0,0,0,0,0
28,28,*NOUSE*,*NOUSE*,0,0,0,0,0,0,0,0
29,29,*NOUSE*,*NOUSE*,0,0,0,0,0,0,0,0
30,30,*NOUSE*,*NOUSE*,0,0,0,0,0,0,0,0
31,31,*NOUSE*,*NOUSE*,0,0,0,0,0,0,0,0
32,32,*NOUSE*,*NOUSE*,0,0,0,0,0,0,0,0
33,33,*NOUSE*,*NOUSE*,0,0,0,0,0,0,0,0
34,34,*NOUSE*,*NOUSE*,0,0,0,0,0,0,0,0
35,35,*NOUSE*,*NOUSE*,0,0,0,0,0,0,0,0
36,36,*NOUSE*,*NOUSE*,0,0,0,0,0,0,0,0
37,37,*NOUSE*,*NOUSE*,0,0,0,0,0,0,0,0
38,38,*NOUSE*,*NOUSE*,0,0,0,0,0,0,0,0
39,39,*NOUSE*,*NOUSE*,0,0,0,0,0,0,0,0
40,40,*NOUSE*,*NOUSE*,0,0,0,0,0,0,0,0
41,41,*NOUSE*,*NOUSE*,0,0,0,0,0,0,0,0
42,42,*NOUSE*,*NOUSE*,0,0,0,0,0,0,0,0
43,43,*NOUSE*,*NOUSE*,0,0,0,0,0,0,0,0
44,44,*NOUSE*,*NOUSE*,0,0,0,0,0,0,0,0
45,45,*NOUSE*,*NOUSE*,0,0,0,0,0,0,0,0
46,46,*NOUSE*,*NOUSE*,0,0,0,0,0,0,0,0
47,47,*NOUSE*,*NOUSE*,0,0,0,0,0,0,0,0
48,48,*NOUSE*,*NOUSE*,0,0,0,0,0,0,0,0
49,49,*NOUSE*,*NOUSE*,0,0,0,0,0,0,0,0
50,50,HYP7LC3,,38,747,58,101.00,30.88,16.11,6085,187902.00
51,51,*NOUSE*,*NOUSE*,0,0,0,0,0,0,0,0
52,52,*NOUSE*,*NOUSE*,0,0,0,0,0,0,0,0
53,53,*NOUSE*,*NOUSE*,0,0,0,0,0,0,0,0
54,54,*NOUSE*,*NOUSE*,0,0,0,0,0,0,0,0
55,55,*NOUSE*,*NOUSE*,0,0,0,0,0,0,0,0
56,56,*NOUSE*,*NOUSE*,0,0,0,0,0,0,0,0
57,57,*NOUSE*,*NOUSE*,0,0,0,0,0,0,0,0
58,58,*NOUSE*,*NOUSE*,0,0,0,0,0,0,0,0
59,59,*NOUSE*,*NOUSE*,0,0,0,0,0,0,0,0
60,60,*NOUSE*,*NOUSE*,0,0,0,0,0,0,0,0
61,61,*NOUSE*,*NOUSE*,0,0,0,0,0,0,0,0
62,62,*NOUSE*,*NOUSE*,0,0,0,0,0,0,0,0
63,63,*NOUSE*,*NOUSE*,0,0,0,0,0,0,0,0
64,64,BDUL,,40,1006,75,218.00,63.60,50.57,3762,239255.00
65,65,*NOUSE*,*NOUSE*,0,0,0,0,0,0,0,0
66,66,*NOUSE*,*NOUSE*,0,0,0,0,0,0,0,0
67,67,P9/10L,,39,478,83,120.00,36.97,21.13,5070,187452.00
68,68,*NOUSE*,*NOUSE*,0,0,0,0,0,0,0,0
69,69,*NOUSE*,*NOUSE*,0,0,0,0,0,0,0,0
70,70,ASJL,,40,1191,83,143.00,63.26,26.32,3777,238944.00
71,71,*NOUSE*,*NOUSE*,0,0,0,0,0,0,0,0
72,72,*NOUSE*,*NOUSE*,0,0,0,0,0,0,0,0
73,73,*NOUSE*,*NOUSE*,0,0,0,0,0,0,0,0
74,74,*NOUSE*,*NOUSE*,0,0,0,0,0,0,0,0
75,75,*NOUSE*,*NOUSE*,0,0,0,0,0,0,0,0
76,76,*NOUSE*,*NOUSE*,0,0,0,0,0,0,0,0
77,77,*NOUSE*,*NOUSE*,0,0,0,0,0,0,0,0
78,78,*NOUSE*,*NOUSE*,0,0,0,0,0,0,0,0
79,79,*NOUSE*,*NOUSE*,0,0,0,0,0,0,0,0
80,80,HSNL,,41,681,92,169.00,48.06,34.89,5415,260254.00
81,81,*NOUSE*,*NOUSE*,0,0,0,0,0,0,0,0
82,82,*NOUSE*,*NOUSE*,0,0,0,0,0,0,0,0
83,83,*NOUSE*,*NOUSE*,0,0,0,0,0,0,0,0
84,84,*NOUSE*,*NOUSE*,0,0,0,0,0,0,0,0
85,85,*NOUSE*,*NOUSE*,0,0,0,0,0,0,0,0
86,86,*NOUSE*,*NOUSE*,0,0,0,0,0,0,0,0
87,87,VL12,,42,880,97,176.00,44.54,32.52,7090,315807.00
88,88,*NOUSE*,*NOUSE*,0,0,0,0,0,0,0,0
89,89,DL12,,43,919,43,165.00,46.66,33.07,4573,213356.00
90,90,*NOUSE*,*NOUSE*,0,0,0,0,0,0,0,0
91,91,*NOUSE*,*NOUSE*,0,0,0,0,0,0,0,0
92,92,*NOUSE*,*NOUSE*,0,0,0,0,0,0,0,0
93,93,*NOUSE*,*NOUSE*,0,0,0,0,0,0,0,0
94,94,HYP5L,,43,1480,67,116.00,36.07,17.39,5201,187582.00
95,95,*NOUSE*,*NOUSE*,0,0,0,0,0,0,0,0
96,96,*NOUSE*,*NOUSE*,0,0,0,0,0,0,0,0
97,97,*NOUSE*,*NOUSE*,0,0,0,0,0,0,0,0
98,98,*NOUSE*,*NOUSE*,0,0,0,0,0,0,0,0
99,99,*NOUSE*,*NOUSE*,0,0,0,0,0,0,0,0
100,100,*NOUSE*,*NOUSE*,0,0,0,0,0,0,0,0
101,101,*NOUSE*,*NOUSE*,0,0,0,0,0,0,0,0
102,102,*NOUSE*,*NOUSE*,0,0,0,0,0,0,0,0
103,103,*NOUSE*,*NOUSE*,0,0,0,0,0,0,0,0
104,104,*NOUSE*,*NOUSE*,0,0,0,0,0,0,0,0
105,105,*NOUSE*,*NOUSE*,0,0,0,0,0,0,0,0
106,106,*NOUSE*,*NOUSE*,0,0,0,0,0,0,0,0
107,107,*NOUSE*,*NOUSE*,0,0,0,0,0,0,0,0
108,108,*NOUSE*,*NOUSE*,0,0,0,0,0,0,0,0
109,109,*NOUSE*,*NOUSE*,0,0,0,0,0,0,0,0
110,110,*NOUSE*,*NOUSE*,0,0,0,0,0,0,0,0
111,111,VL14,,45,772,97,164.00,47.31,34.33,6299,297996.00
112,112,VL10,,45,1044,102,164.00,48.17,33.87,5621,270755.00
113,113,*NOUSE*,*NOUSE*,0,0,0,0,0,0,0,0
114,114,DL11,,46,981,39,221.00,56.50,43.39,3641,205704.00
115,115,*NOUSE*,*NOUSE*,0,0,0,0,0,0,0,0
116,116,*NOUSE*,*NOUSE*,0,0,0,0,0,0,0,0
117,117,*NOUSE*,*NOUSE*,0,0,0,0,0,0,0,0
118,118,V5L,,43,504,74,96.00,32.53,16.32,4976,161851.00
119,119,*NOUSE*,*NOUSE*,0,0,0,0,0,0,0,0
120,120,*NOUSE*,*NOUSE*,0,0,0,0,0,0,0,0
121,121,*NOUSE*,*NOUSE*,0,0,0,0,0,0,0,0
122,122,*NOUSE*,*NOUSE*,0,0,0,0,0,0,0,0
123,123,DL14,,46,800,41,180.00,50.18,38.08,4717,236716.00
124,124,DL3,,46,1377,40,132.00,50.92,23.42,4986,253876.00
125,125,*NOUSE*,*NOUSE*,0,0,0,0,0,0,0,0
126,126,*NOUSE*,*NOUSE*,0,0,0,0,0,0,0,0
127,127,*NOUSE*,*NOUSE*,0,0,0,0,0,0,0,0
128,128,*NOUSE*,*NOUSE*,0,0,0,0,0,0,0,0
129,129,*NOUSE*,*NOUSE*,0,0,0,0,0,0,0,0
130,130,*NOUSE*,*NOUSE*,0,0,0,0,0,0,0,0
131,131,*NOUSE*,*NOUSE*,0,0,0,0,0,0,0,0
132,132,*NOUSE*,*NOUSE*,0,0,0,0,0,0,0,0
133,133,*NOUSE*,*NOUSE*,0,0,0,0,0,0,0,0
134,134,VPI2DL,,46,1066,62,208.00,59.56,42.61,4788,285165.00
135,135,*NOUSE*,*NOUSE*,0,0,0,0,0,0,0,0
136,136,PM7VL,,47,1102,80,165.00,54.72,33.76,4573,250216.00
137,137,*NOUSE*,*NOUSE*,0,0,0,0,0,0,0,0
138,138,*NOUSE*,*NOUSE*,0,0,0,0,0,0,0,0
139,139,*NOUSE*,*NOUSE*,0,0,0,0,0,0,0,0
140,140,*NOUSE*,*NOUSE*,0,0,0,0,0,0,0,0
141,141,*NOUSE*,*NOUSE*,0,0,0,0,0,0,0,0
142,142,*NOUSE*,*NOUSE*,0,0,0,0,0,0,0,0
143,143,*NOUSE*,*NOUSE*,0,0,0,0,0,0,0,0
144,144,*NOUSE*,*NOUSE*,0,0,0,0,0,0,0,0
145,145,DL9,,48,1072,36,184.00,56.12,40.96,4997,280419.00
146,146,*NOUSE*,*NOUSE*,0,0,0,0,0,0,0,0
147,147,*NOUSE*,*NOUSE*,0,0,0,0,0,0,0,0
148,148,*NOUSE*,*NOUSE*,0,0,0,0,0,0,0,0
149,149,*NOUSE*,*NOUSE*,0,0,0,0,0,0,0,0
150,150,*NOUSE*,*NOUSE*,0,0,0,0,0,0,0,0
151,151,*NOUSE*,*NOUSE*,0,0,0,0,0,0,0,0
152,152,*NOUSE*,*NOUSE*,0,0,0,0,0,0,0,0
153,153,*NOUSE*,*NOUSE*,0,0,0,0,0,0,0,0
154,154,*NOUSE*,*NOUSE*,0,0,0,0,0,0,0,0
155,155,DL17,,48,590,43,150.00,45.25,31.11,4494,203338.00
156,156,*NOUSE*,*NOUSE*,0,0,0,0,0,0,0,0
157,157,*NOUSE*,*NOUSE*,0,0,0,0,0,0,0,0
158,158,*NOUSE*,*NOUSE*,0,0,0,0,0,0,0,0
159,159,G1AL,,49,1134,54,179.00,60.96,35.50,4394,267880.00
160,160,*NOUSE*,*NOUSE*,0,0,0,0,0,0,0,0
161,161,*NOUSE*,*NOUSE*,0,0,0,0,0,0,0,0
162,162,*NOUSE*,*NOUSE*,0,0,0,0,0,0,0,0
163,163,*NOUSE*,*NOUSE*,0,0,0,0,0,0,0,0
164,164,*NOUSE*,*NOUSE*,0,0,0,0,0,0,0,0
165,165,*NOUSE*,*NOUSE*,0,0,0,0,0,0,0,0
166,166,*NOUSE*,*NOUSE*,0,0,0,0,0,0,0,0
167,167,*NOUSE*,*NOUSE*,0,0,0,0,0,0,0,0
168,168,*NOUSE*,*NOUSE*,0,0,0,0,0,0,0,0
169,169,INVL1,,50,1014,94,101.00,38.14,18.46,7395,282029.00
170,170,*NOUSE*,*NOUSE*,0,0,0,0,0,0,0,0
171,171,*NOUSE*,*NOUSE*,0,0,0,0,0,0,0,0
172,172,*NOUSE*,*NOUSE*,0,0,0,0,0,0,0,0
173,173,*NOUSE*,*NOUSE*,0,0,0,0,0,0,0,0
174,174,DL13,,51,847,38,216.00,56.53,44.56,3849,217603.00
175,175,*NOUSE*,*NOUSE*,0,0,0,0,0,0,0,0
176,176,*NOUSE*,*NOUSE*,0,0,0,0,0,0,0,0
177,177,*NOUSE*,*NOUSE*,0,0,0,0,0,0,0,0
178,178,DL16,,49,666,47,206.00,48.19,33.70,4032,194298.00
179,179,*NOUSE*,*NOUSE*,0,0,0,0,0,0,0,0
180,180,IND9,,50,363,50,87.00,30.17,12.87,4171,125838.00
181,181,*NOUSE*,*NOUSE*,0,0,0,0,0,0,0,0
182,182,PM6VL,,50,1122,76,165.00,57.69,33.52,4284,247149.00
183,183,*NOUSE*,*NOUSE*,0,0,0,0,0,0,0,0
184,184,*NOUSE*,*NOUSE*,0,0,0,0,0,0,0,0
185,185,*NOUSE*,*NOUSE*,0,0,0,0,0,0,0,0
186,186,*NOUSE*,*NOUSE*,0,0,0,0,0,0,0,0
187,187,EXC GL L,,50,1075,103,200.00,58.01,39.72,4938,286454.00
188,188,*NOUSE*,*NOUSE*,0,0,0,0,0,0,0,0
189,189,*NOUSE*,*NOUSE*,0,0,0,0,0,0,0,0
190,190,*NOUSE*,*NOUSE*,0,0,0,0,0,0,0,0
191,191,*NOUSE*,*NOUSE*,0,0,0,0,0,0,0,0
192,192,*NOUSE*,*NOUSE*,0,0,0,0,0,0,0,0
193,193,*NOUSE*,*NOUSE*,0,0,0,0,0,0,0,0
194,194,*NOUSE*,*NOUSE*,0,0,0,0,0,0,0,0
195,195,*NOUSE*,*NOUSE*,0,0,0,0,0,0,0,0
196,196,*NOUSE*,*NOUSE*,0,0,0,0,0,0,0,0
197,197,*NOUSE*,*NOUSE*,0,0,0,0,0,0,0,0
198,198,*NOUSE*,*NOUSE*,0,0,0,0,0,0,0,0
199,199,*NOUSE*,*NOUSE*,0,0,0,0,0,0,0,0
200,200,*NOUSE*,*NOUSE*,0,0,0,0,0,0,0,0
201,201,*NOUSE*,*NOUSE*,0,0,0,0,0,0,0,0
202,202,*NOUSE*,*NOUSE*,0,0,0,0,0,0,0,0
203,203,*NOUSE*,*NOUSE*,0,0,0,0,0,0,0,0
204,204,*NOUSE*,*NOUSE*,0,0,0,0,0,0,0,0
205,205,*NOUSE*,*NOUSE*,0,0,0,0,0,0,0,0
206,206,*NOUSE*,*NOUSE*,0,0,0,0,0,0,0,0
207,207,*NOUSE*,*NOUSE*,0,0,0,0,0,0,0,0
208,208,*NOUSE*,*NOUSE*,0,0,0,0,0,0,0,0
209,209,*NOUSE*,*NOUSE*,0,0,0,0,0,0,0,0
210,210,*NOUSE*,*NOUSE*,0,0,0,0,0,0,0,0
211,211,*NOUSE*,*NOUSE*,0,0,0,0,0,0,0,0
212,212,*NOUSE*,*NOUSE*,0,0,0,0,0,0,0,0
213,213,*NOUSE*,*NOUSE*,0,0,0,0,0,0,0,0
214,214,*NOUSE*,*NOUSE*,0,0,0,0,0,0,0,0
215,215,*NOUSE*,*NOUSE*,0,0,0,0,0,0,0,0
216,216,*NOUSE*,*NOUSE*,0,0,0,0,0,0,0,0
217,217,*NOUSE*,*NOUSE*,0,0,0,0,0,0,0,0
218,218,*NOUSE*,*NOUSE*,0,0,0,0,0,0,0,0
219,219,*NOUSE*,*NOUSE*,0,0,0,0,0,0,0,0
220,220,*NOUSE*,*NOUSE*,0,0,0,0,0,0,0,0
221,221,*NOUSE*,*NOUSE*,0,0,0,0,0,0,0,0
222,222,VIRL,,53,337,61,140.00,48.21,26.19,3798,183099.00
223,223,*NOUSE*,*NOUSE*,0,0,0,0,0,0,0,0
224,224,*NOUSE*,*NOUSE*,0,0,0,0,0,0,0,0
225,225,*NOUSE*,*NOUSE*,0,0,0,0,0,0,0,0
226,226,*NOUSE*,*NOUSE*,0,0,0,0,0,0,0,0
227,227,*NOUSE*,*NOUSE*,0,0,0,0,0,0,0,0
228,228,*NOUSE*,*NOUSE*,0,0,0,0,0,0,0,0
229,229,*NOUSE*,*NOUSE*,0,0,0,0,0,0,0,0
230,230,*NOUSE*,*NOUSE*,0,0,0,0,0,0,0,0
231,231,*NOUSE*,*NOUSE*,0,0,0,0,0,0,0,0
232,232,*NOUSE*,*NOUSE*,0,0,0,0,0,0,0,0
233,233,IND6,,55,609,54,69.00,25.56,11.12,7375,188493.00
234,234,*NOUSE*,*NOUSE*,0,0,0,0,0,0,0,0
235,235,*NOUSE*,*NOUSE*,0,0,0,0,0,0,0,0
236,236,*NOUSE*,*NOUSE*,0,0,0,0,0,0,0,0
237,237,*NOUSE*,*NOUSE*,0,0,0,0,0,0,0,0
238,238,*NOUSE*,*NOUSE*,0,0,0,0,0,0,0,0
239,239,*NOUSE*,*NOUSE*,0,0,0,0,0,0,0,0
240,240,*NOUSE*,*NOUSE*,0,0,0,0,0,0,0,0
241,241,PM5DL,,53,1151,49,198.00,85.57,40.06,3061,261932.00
242,242,IND2,,57,952,47,85.00,32.81,15.18,7223,236952.00
243,243,*NOUSE*,*NOUSE*,0,0,0,0,0,0,0,0
244,244,*NOUSE*,*NOUSE*,0,0,0,0,0,0,0,0
245,245,*NOUSE*,*NOUSE*,0,0,0,0,0,0,0,0
246,246,*NOUSE*,*NOUSE*,0,0,0,0,0,0,0,0
247,247,*NOUSE*,*NOUSE*,0,0,0,0,0,0,0,0
248,248,IND3,,57,898,47,83.00,28.32,12.95,7646,216556.00
249,249,*NOUSE*,*NOUSE*,0,0,0,0,0,0,0,0
250,250,*NOUSE*,*NOUSE*,0,0,0,0,0,0,0,0
251,251,*NOUSE*,*NOUSE*,0,0,0,0,0,0,0,0
252,252,*NOUSE*,*NOUSE*,0,0,0,0,0,0,0,0
253,253,PM8,,58,1075,83,219.00,88.80,49.83,2646,234953.00
254,254,*NOUSE*,*NOUSE*,0,0,0,0,0,0,0,0
255,255,*NOUSE*,*NOUSE*,0,0,0,0,0,0,0,0
256,256,DB6,,56,582,100,215.00,62.10,47.15,4165,258638.00
257,257,*NOUSE*,*NOUSE*,0,0,0,0,0,0,0,0
258,258,VPI3D,,61,1057,59,236.00,76.04,50.00,3670,279077.00
259,259,*NOUSE*,*NOUSE*,0,0,0,0,0,0,0,0
260,260,*NOUSE*,*NOUSE*,0,0,0,0,0,0,0,0
261,261,INV4,,59,786,83,71.00,26.31,11.39,10198,268259.00
262,262,*NOUSE*,*NOUSE*,0,0,0,0,0,0,0,0
263,263,*NOUSE*,*NOUSE*,0,0,0,0,0,0,0,0
264,264,*NOUSE*,*NOUSE*,0,0,0,0,0,0,0,0
265,265,*NOUSE*,*NOUSE*,0,0,0,0,0,0,0,0
266,266,*NOUSE*,*NOUSE*,0,0,0,0,0,0,0,0
267,267,*NOUSE*,*NOUSE*,0,0,0,0,0,0,0,0
268,268,VPI1,,60,1066,48,215.00,69.04,42.91,3976,274516.00
269,269,*NOUSE*,*NOUSE*,0,0,0,0,0,0,0,0
270,270,*NOUSE*,*NOUSE*,0,0,0,0,0,0,0,0
271,271,*NOUSE*,*NOUSE*,0,0,0,0,0,0,0,0
272,272,*NOUSE*,*NOUSE*,0,0,0,0,0,0,0,0
273,273,*NOUSE*,*NOUSE*,0,0,0,0,0,0,0,0
274,274,*NOUSE*,*NOUSE*,0,0,0,0,0,0,0,0
275,275,*NOUSE*,*NOUSE*,0,0,0,0,0,0,0,0
276,276,*NOUSE*,*NOUSE*,0,0,0,0,0,0,0,0
277,277,*NOUSE*,*NOUSE*,0,0,0,0,0,0,0,0
278,278,DA6,,57,556,98,199.00,51.81,40.70,4459,231031.00
279,279,*NOUSE*,*NOUSE*,0,0,0,0,0,0,0,0
280,280,*NOUSE*,*NOUSE*,0,0,0,0,0,0,0,0
281,281,DD4,,58,617,102,208.00,62.92,45.71,4104,258213.00
282,282,*NOUSE*,*NOUSE*,0,0,0,0,0,0,0,0
283,283,*NOUSE*,*NOUSE*,0,0,0,0,0,0,0,0
284,284,*NOUSE*,*NOUSE*,0,0,0,0,0,0,0,0
285,285,INV3,,62,881,87,100.00,30.56,14.46,9843,300802.00
286,286,*NOUSE*,*NOUSE*,0,0,0,0,0,0,0,0
287,287,*NOUSE*,*NOUSE*,0,0,0,0,0,0,0,0
288,288,*NOUSE*,*NOUSE*,0,0,0,0,0,0,0,0
289,289,*NOUSE*,*NOUSE*,0,0,0,0,0,0,0,0
290,290,*NOUSE*,*NOUSE*,0,0,0,0,0,0,0,0
291,291,*NOUSE*,*NOUSE*,0,0,0,0,0,0,0,0
292,292,*NOUSE*,*NOUSE*,0,0,0,0,0,0,0,0
293,293,*NOUSE*,*NOUSE*,0,0,0,0,0,0,0,0
294,294,*NOUSE*,*NOUSE*,0,0,0,0,0,0,0,0
295,295,*NOUSE*,*NOUSE*,0,0,0,0,0,0,0,0
296,296,*NOUSE*,*NOUSE*,0,0,0,0,0,0,0,0
297,297,*NOUSE*,*NOUSE*,0,0,0,0,0,0,0,0
298,298,*NOUSE*,*NOUSE*,0,0,0,0,0,0,0,0
299,299,DB4,,60,899,107,226.00,63.88,50.82,5287,337749.00
300,300,DD2,,60,960,104,242.00,65.49,50.99,5064,331632.00
301,301,*NOUSE*,*NOUSE*,0,0,0,0,0,0,0,0
302,302,I4,,61,1142,41,231.00,80.77,49.32,3733,301512.00
303,303,*NOUSE*,*NOUSE*,0,0,0,0,0,0,0,0
304,304,*NOUSE*,*NOUSE*,0,0,0,0,0,0,0,0
305,305,*NOUSE*,*NOUSE*,0,0,0,0,0,0,0,0
306,306,*NOUSE*,*NOUSE*,0,0,0,0,0,0,0,0
307,307,*NOUSE*,*NOUSE*,0,0,0,0,0,0,0,0
308,308,*NOUSE*,*NOUSE*,0,0,0,0,0,0,0,0
309,309,*NOUSE*,*NOUSE*,0,0,0,0,0,0,0,0
310,310,*NOUSE*,*NOUSE*,0,0,0,0,0,0,0,0
311,311,*NOUSE*,*NOUSE*,0,0,0,0,0,0,0,0
312,312,*NOUSE*,*NOUSE*,0,0,0,0,0,0,0,0
313,313,*NOUSE*,*NOUSE*,0,0,0,0,0,0,0,0
314,314,*NOUSE*,*NOUSE*,0,0,0,0,0,0,0,0
315,315,*NOUSE*,*NOUSE*,0,0,0,0,0,0,0,0
316,316,*NOUSE*,*NOUSE*,0,0,0,0,0,0,0,0
317,317,I3,,62,1330,56,203.00,80.28,44.72,3766,302343.00
318,318,*NOUSE*,*NOUSE*,0,0,0,0,0,0,0,0
319,319,DD3,,61,807,100,251.00,70.73,55.90,4486,317293.00
320,320,*NOUSE*,*NOUSE*,0,0,0,0,0,0,0,0
321,321,DA2,,62,1013,106,223.00,68.27,51.50,5108,348735.00
322,322,DB3,,63,1037,108,200.00,57.37,44.96,5166,296362.00
323,323,*NOUSE*,*NOUSE*,0,0,0,0,0,0,0,0
324,324,*NOUSE*,*NOUSE*,0,0,0,0,0,0,0,0
325,325,*NOUSE*,*NOUSE*,0,0,0,0,0,0,0,0
326,326,*NOUSE*,*NOUSE*,0,0,0,0,0,0,0,0
327,327,*NOUSE*,*NOUSE*,0,0,0,0,0,0,0,0
328,328,*NOUSE*,*NOUSE*,0,0,0,0,0,0,0,0
329,329,*NOUSE*,*NOUSE*,0,0,0,0,0,0,0,0
330,330,*NOUSE*,*NOUSE*,0,0,0,0,0,0,0,0
331,331,*NOUSE*,*NOUSE*,0,0,0,0,0,0,0,0
332,332,*NOUSE*,*NOUSE*,0,0,0,0,0,0,0,0
333,333,MC2V,,64,1166,76,183.00,74.37,32.52,4148,308470.00
334,334,*NOUSE*,*NOUSE*,0,0,0,0,0,0,0,0
335,335,I5,,63,1130,87,205.00,81.79,42.16,3271,267538.00
336,336,*NOUSE*,*NOUSE*,0,0,0,0,0,0,0,0
337,337,*NOUSE*,*NOUSE*,0,0,0,0,0,0,0,0
338,338,*NOUSE*,*NOUSE*,0,0,0,0,0,0,0,0
339,339,PM6D,,60,1122,42,174.00,76.84,40.79,3364,258486.00
340,340,*NOUSE*,*NOUSE*,0,0,0,0,0,0,0,0
341,341,*NOUSE*,*NOUSE*,0,0,0,0,0,0,0,0
342,342,*NOUSE*,*NOUSE*,0,0,0,0,0,0,0,0
343,343,PVR,,63,190,57,128.00,38.77,24.62,4274,165685.00
344,344,*NOUSE*,*NOUSE*,0,0,0,0,0,0,0,0
345,345,*NOUSE*,*NOUSE*,0,0,0,0,0,0,0,0
346,346,*NOUSE*,*NOUSE*,0,0,0,0,0,0,0,0
347,347,*NOUSE*,*NOUSE*,0,0,0,0,0,0,0,0
348,348,*NOUSE*,*NOUSE*,0,0,0,0,0,0,0,0
349,349,*NOUSE*,*NOUSE*,0,0,0,0,0,0,0,0
350,350,*NOUSE*,*NOUSE*,0,0,0,0,0,0,0,0
351,351,*NOUSE*,*NOUSE*,0,0,0,0,0,0,0,0
352,352,*NOUSE*,*NOUSE*,0,0,0,0,0,0,0,0
353,353,*NOUSE*,*NOUSE*,0,0,0,0,0,0,0,0
354,354,E2D,,64,1509,54,132.00,42.66,25.86,4784,204094.00
355,355,PM5DR,,66,1153,47,215.00,82.44,39.48,4325,356565.00
356,356,*NOUSE*,*NOUSE*,0,0,0,0,0,0,0,0
357,357,HYP72,,65,186,73,125.00,40.91,25.59,3910,159949.00
358,358,*NOUSE*,*NOUSE*,0,0,0,0,0,0,0,0
359,359,*NOUSE*,*NOUSE*,0,0,0,0,0,0,0,0
360,360,*NOUSE*,*NOUSE*,0,0,0,0,0,0,0,0
361,361,DR15,,67,789,37,225.00,55.32,43.92,3745,207181.00
362,362,*NOUSE*,*NOUSE*,0,0,0,0,0,0,0,0
363,363,*NOUSE*,*NOUSE*,0,0,0,0,0,0,0,0
364,364,*NOUSE*,*NOUSE*,0,0,0,0,0,0,0,0
365,365,*NOUSE*,*NOUSE*,0,0,0,0,0,0,0,0
366,366,M4,,62,1306,66,199.00,73.74,39.89,3990,294204.00
367,367,*NOUSE*,*NOUSE*,0,0,0,0,0,0,0,0
368,368,PVT,,65,358,87,152.00,53.18,33.23,4160,221215.00
369,369,*NOUSE*,*NOUSE*,0,0,0,0,0,0,0,0
370,370,*NOUSE*,*NOUSE*,0,0,0,0,0,0,0,0
371,371,YPDA,,65,310,93,150.00,49.09,28.69,4225,207404.00
372,372,*NOUSE*,*NOUSE*,0,0,0,0,0,0,0,0
373,373,*NOUSE*,*NOUSE*,0,0,0,0,0,0,0,0
374,374,*NOUSE*,*NOUSE*,0,0,0,0,0,0,0,0
375,375,*NOUSE*,*NOUSE*,0,0,0,0,0,0,0,0
376,376,*NOUSE*,*NOUSE*,0,0,0,0,0,0,0,0
377,377,*NOUSE*,*NOUSE*,0,0,0,0,0,0,0,0
378,378,*NOUSE*,*NOUSE*,0,0,0,0,0,0,0,0
379,379,*NOUSE*,*NOUSE*,0,0,0,0,0,0,0,0
380,380,*NOUSE*,*NOUSE*,0,0,0,0,0,0,0,0
381,381,*NOUSE*,*NOUSE*,0,0,0,0,0,0,0,0
382,382,*NOUSE*,*NOUSE*,0,0,0,0,0,0,0,0
383,383,DR13,,69,882,36,220.00,63.03,50.02,3461,218134.00
384,384,IND5,,68,740,54,81.00,29.04,12.85,8033,233301.00
385,385,DR17,,68,627,46,183.00,52.18,38.71,4056,211658.00
386,386,*NOUSE*,*NOUSE*,0,0,0,0,0,0,0,0
387,387,*NOUSE*,*NOUSE*,0,0,0,0,0,0,0,0
388,388,INV6,,68,644,74,78.00,29.33,12.76,8121,238153.00
389,389,*NOUSE*,*NOUSE*,0,0,0,0,0,0,0,0
390,390,*NOUSE*,*NOUSE*,0,0,0,0,0,0,0,0
391,391,*NOUSE*,*NOUSE*,0,0,0,0,0,0,0,0
392,392,*NOUSE*,*NOUSE*,0,0,0,0,0,0,0,0
393,393,*NOUSE*,*NOUSE*,0,0,0,0,0,0,0,0
394,394,*NOUSE*,*NOUSE*,0,0,0,0,0,0,0,0
395,395,*NOUSE*,*NOUSE*,0,0,0,0,0,0,0,0
396,396,DR9,,69,1091,28,215.00,63.43,46.23,4509,286027.00
397,397,*NOUSE*,*NOUSE*,0,0,0,0,0,0,0,0
398,398,*NOUSE*,*NOUSE*,0,0,0,0,0,0,0,0
399,399,DR10,,70,1063,35,208.00,65.16,46.73,4027,262412.00
400,400,*NOUSE*,*NOUSE*,0,0,0,0,0,0,0,0
401,401,*NOUSE*,*NOUSE*,0,0,0,0,0,0,0,0
402,402,*NOUSE*,*NOUSE*,0,0,0,0,0,0,0,0
403,403,*NOUSE*,*NOUSE*,0,0,0,0,0,0,0,0
404,404,*NOUSE*,*NOUSE*,0,0,0,0,0,0,0,0
405,405,*NOUSE*,*NOUSE*,0,0,0,0,0,0,0,0
406,406,*NOUSE*,*NOUSE*,0,0,0,0,0,0,0,0
407,407,*NOUSE*,*NOUSE*,0,0,0,0,0,0,0,0
408,408,*NOUSE*,*NOUSE*,0,0,0,0,0,0,0,0
409,409,*NOUSE*,*NOUSE*,0,0,0,0,0,0,0,0
410,410,*NOUSE*,*NOUSE*,0,0,0,0,0,0,0,0
411,411,*NOUSE*,*NOUSE*,0,0,0,0,0,0,0,0
412,412,*NOUSE*,*NOUSE*,0,0,0,0,0,0,0,0
413,413,*NOUSE*,*NOUSE*,0,0,0,0,0,0,0,0
414,414,*NOUSE*,*NOUSE*,0,0,0,0,0,0,0,0
415,415,*NOUSE*,*NOUSE*,0,0,0,0,0,0,0,0
416,416,*NOUSE*,*NOUSE*,0,0,0,0,0,0,0,0
417,417,INVR1,,71,998,88,129.00,40.51,21.58,7830,317209.00
418,418,*NOUSE*,*NOUSE*,0,0,0,0,0,0,0,0
419,419,*NOUSE*,*NOUSE*,0,0,0,0,0,0,0,0
420,420,*NOUSE*,*NOUSE*,0,0,0,0,0,0,0,0
421,421,DR16,,71,697,45,210.00,53.90,42.04,3996,215384.00
422,422,*NOUSE*,*NOUSE*,0,0,0,0,0,0,0,0
423,423,*NOUSE*,*NOUSE*,0,0,0,0,0,0,0,0
424,424,REPVR,,73,322,67,149.00,51.31,33.57,4196,215309.00
425,425,*NOUSE*,*NOUSE*,0,0,0,0,0,0,0,0
426,426,VR17,,69,582,95,195.00,55.64,41.16,4505,250663.00
427,427,*NOUSE*,*NOUSE*,0,0,0,0,0,0,0,0
428,428,VPI2DR,,73,1067,63,241.00,76.48,54.29,3732,285429.00
429,429,*NOUSE*,*NOUSE*,0,0,0,0,0,0,0,0
430,430,*NOUSE*,*NOUSE*,0,0,0,0,0,0,0,0
431,431,*NOUSE*,*NOUSE*,0,0,0,0,0,0,0,0
432,432,*NOUSE*,*NOUSE*,0,0,0,0,0,0,0,0
433,433,*NOUSE*,*NOUSE*,0,0,0,0,0,0,0,0
434,434,*NOUSE*,*NOUSE*,0,0,0,0,0,0,0,0
435,435,*NOUSE*,*NOUSE*,0,0,0,0,0,0,0,0
436,436,*NOUSE*,*NOUSE*,0,0,0,0,0,0,0,0
437,437,*NOUSE*,*NOUSE*,0,0,0,0,0,0,0,0
438,438,*NOUSE*,*NOUSE*,0,0,0,0,0,0,0,0
439,439,*NOUSE*,*NOUSE*,0,0,0,0,0,0,0,0
440,440,*NOUSE*,*NOUSE*,0,0,0,0,0,0,0,0
441,441,M,,72,556,67,84.00,29.27,15.16,6656,194842.00
442,442,*NOUSE*,*NOUSE*,0,0,0,0,0,0,0,0
443,443,*NOUSE*,*NOUSE*,0,0,0,0,0,0,0,0
444,444,*NOUSE*,*NOUSE*,0,0,0,0,0,0,0,0
445,445,*NOUSE*,*NOUSE*,0,0,0,0,0,0,0,0
446,446,*NOUSE*,*NOUSE*,0,0,0,0,0,0,0,0
447,447,*NOUSE*,*NOUSE*,0,0,0,0,0,0,0,0
448,448,*NOUSE*,*NOUSE*,0,0,0,0,0,0,0,0
449,449,*NOUSE*,*NOUSE*,0,0,0,0,0,0,0,0
450,450,VR3,,72,1387,99,152.00,52.11,28.38,2987,155642.00
451,451,*NOUSE*,*NOUSE*,0,0,0,0,0,0,0,0
452,452,*NOUSE*,*NOUSE*,0,0,0,0,0,0,0,0
453,453,DR14,,74,830,40,220.00,58.90,44.76,3782,222766.00
454,454,*NOUSE*,*NOUSE*,0,0,0,0,0,0,0,0
455,455,*NOUSE*,*NOUSE*,0,0,0,0,0,0,0,0
456,456,*NOUSE*,*NOUSE*,0,0,0,0,0,0,0,0
457,457,*NOUSE*,*NOUSE*,0,0,0,0,0,0,0,0
458,458,*NOUSE*,*NOUSE*,0,0,0,0,0,0,0,0
459,459,*NOUSE*,*NOUSE*,0,0,0,0,0,0,0,0
460,460,*NOUSE*,*NOUSE*,0,0,0,0,0,0,0,0
461,461,*NOUSE*,*NOUSE*,0,0,0,0,0,0,0,0
462,462,*NOUSE*,*NOUSE*,0,0,0,0,0,0,0,0
463,463,*NOUSE*,*NOUSE*,0,0,0,0,0,0,0,0
464,464,*NOUSE*,*NOUSE*,0,0,0,0,0,0,0,0
465,465,*NOUSE*,*NOUSE*,0,0,0,0,0,0,0,0
466,466,*NOUSE*,*NOUSE*,0,0,0,0,0,0,0,0
467,467,*NOUSE*,*NOUSE*,0,0,0,0,0,0,0,0
468,468,*NOUSE*,*NOUSE*,0,0,0,0,0,0,0,0
469,469,*NOUSE*,*NOUSE*,0,0,0,0,0,0,0,0
470,470,*NOUSE*,*NOUSE*,0,0,0,0,0,0,0,0
471,471,*NOUSE*,*NOUSE*,0,0,0,0,0,0,0,0
472,472,*NOUSE*,*NOUSE*,0,0,0,0,0,0,0,0
473,473,M2R,,75,1141,70,252.00,111.87,59.05,2599,290744.00
474,474,PM6VR,,75,1124,73,183.00,65.29,36.75,4185,273218.00
475,475,PM7VR,,75,1097,78,175.00,58.96,38.22,4629,272925.00
476,476,*NOUSE*,*NOUSE*,0,0,0,0,0,0,0,0
477,477,VR9,,75,1088,100,187.00,58.64,39.26,4423,259364.00
478,478,*NOUSE*,*NOUSE*,0,0,0,0,0,0,0,0
479,479,*NOUSE*,*NOUSE*,0,0,0,0,0,0,0,0
480,480,*NOUSE*,*NOUSE*,0,0,0,0,0,0,0,0
481,481,*NOUSE*,*NOUSE*,0,0,0,0,0,0,0,0
482,482,*NOUSE*,*NOUSE*,0,0,0,0,0,0,0,0
483,483,*NOUSE*,*NOUSE*,0,0,0,0,0,0,0,0
484,484,*NOUSE*,*NOUSE*,0,0,0,0,0,0,0,0
485,485,G1AR,,75,1136,53,213.00,73.61,44.16,3839,282604.00
486,486,MC3DR,,76,1096,56,219.00,65.61,45.84,4790,314268.00
487,487,*NOUSE*,*NOUSE*,0,0,0,0,0,0,0,0
488,488,*NOUSE*,*NOUSE*,0,0,0,0,0,0,0,0
489,489,*NOUSE*,*NOUSE*,0,0,0,0,0,0,0,0
490,490,DR8,,76,1131,30,182.00,55.76,36.93,5335,297490.00
491,491,*NOUSE*,*NOUSE*,0,0,0,0,0,0,0,0
492,492,*NOUSE*,*NOUSE*,0,0,0,0,0,0,0,0
493,493,*NOUSE*,*NOUSE*,0,0,0,0,0,0,0,0
494,494,*NOUSE*,*NOUSE*,0,0,0,0,0,0,0,0
495,495,*NOUSE*,*NOUSE*,0,0,0,0,0,0,0,0
496,496,*NOUSE*,*NOUSE*,0,0,0,0,0,0,0,0
497,497,*NOUSE*,*NOUSE*,0,0,0,0,0,0,0,0
498,498,P9/10R,,76,476,82,149.00,42.96,27.67,5041,216538.00
499,499,*NOUSE*,*NOUSE*,0,0,0,0,0,0,0,0
500,500,CCRA,,77,970,94,244.00,76.26,58.68,4177,318518.00
501,501,*NOUSE*,*NOUSE*,0,0,0,0,0,0,0,0
502,502,*NOUSE*,*NOUSE*,0,0,0,0,0,0,0,0
503,503,*NOUSE*,*NOUSE*,0,0,0,0,0,0,0,0
504,504,*NOUSE*,*NOUSE*,0,0,0,0,0,0,0,0
505,505,*NOUSE*,*NOUSE*,0,0,0,0,0,0,0,0
506,506,*NOUSE*,*NOUSE*,0,0,0,0,0,0,0,0
507,507,*NOUSE*,*NOUSE*,0,0,0,0,0,0,0,0
508,508,*NOUSE*,*NOUSE*,0,0,0,0,0,0,0,0
509,509,*NOUSE*,*NOUSE*,0,0,0,0,0,0,0,0
510,510,*NOUSE*,*NOUSE*,0,0,0,0,0,0,0,0
511,511,*NOUSE*,*NOUSE*,0,0,0,0,0,0,0,0
512,512,VR10,,77,1060,97,218.00,57.48,42.88,4831,277668.00
513,513,*NOUSE*,*NOUSE*,0,0,0,0,0,0,0,0
514,514,*NOUSE*,*NOUSE*,0,0,0,0,0,0,0,0
515,515,*NOUSE*,*NOUSE*,0,0,0,0,0,0,0,0
516,516,*NOUSE*,*NOUSE*,0,0,0,0,0,0,0,0
517,517,*NOUSE*,*NOUSE*,0,0,0,0,0,0,0,0
518,518,*NOUSE*,*NOUSE*,0,0,0,0,0,0,0,0
519,519,*NOUSE*,*NOUSE*,0,0,0,0,0,0,0,0
520,520,*NOUSE*,*NOUSE*,0,0,0,0,0,0,0,0
521,521,HYP7RC1,,80,941,56,148.00,40.49,25.23,6323,256039.00
522,522,*NOUSE*,*NOUSE*,0,0,0,0,0,0,0,0
523,523,*NOUSE*,*NOUSE*,0,0,0,0,0,0,0,0
524,524,*NOUSE*,*NOUSE*,0,0,0,0,0,0,0,0
525,525,*NOUSE*,*NOUSE*,0,0,0,0,0,0,0,0
526,526,*NOUSE*,*NOUSE*,0,0,0,0,0,0,0,0
527,527,*NOUSE*,*NOUSE*,0,0,0,0,0,0,0,0
528,528,*NOUSE*,*NOUSE*,0,0,0,0,0,0,0,0
529,529,*NOUSE*,*NOUSE*,0,0,0,0,0,0,0,0
530,530,*NOUSE*,*NOUSE*,0,0,0,0,0,0,0,0
531,531,*NOUSE*,*NOUSE*,0,0,0,0,0,0,0,0
532,532,*NOUSE*,*NOUSE*,0,0,0,0,0,0,0,0
533,533,*NOUSE*,*NOUSE*,0,0,0,0,0,0,0,0
534,534,*NOUSE*,*NOUSE*,0,0,0,0,0,0,0,0
535,535,*NOUSE*,*NOUSE*,0,0,0,0,0,0,0,0
536,536,*NOUSE*,*NOUSE*,0,0,0,0,0,0,0,0
537,537,*NOUSE*,*NOUSE*,0,0,0,0,0,0,0,0
538,538,*NOUSE*,*NOUSE*,0,0,0,0,0,0,0,0
539,539,V1R,,82,980,68,168.00,49.60,32.33,5844,289842.00
540,540,*NOUSE*,*NOUSE*,0,0,0,0,0,0,0,0
541,541,*NOUSE*,*NOUSE*,0,0,0,0,0,0,0,0
542,542,V4R,,82,637,79,122.00,39.50,22.60,7065,279087.00
543,543,*NOUSE*,*NOUSE*,0,0,0,0,0,0,0,0
544,544,*NOUSE*,*NOUSE*,0,0,0,0,0,0,0,0
545,545,*NOUSE*,*NOUSE*,0,0,0,0,0,0,0,0
546,546,*NOUSE*,*NOUSE*,0,0,0,0,0,0,0,0
547,547,*NOUSE*,*NOUSE*,0,0,0,0,0,0,0,0
548,548,*NOUSE*,*NOUSE*,0,0,0,0,0,0,0,0
549,549,*NOUSE*,*NOUSE*,0,0,0,0,0,0,0,0
550,550,*NOUSE*,*NOUSE*,0,0,0,0,0,0,0,0
551,551,*NOUSE*,*NOUSE*,0,0,0,0,0,0,0,0
552,552,*NOUSE*,*NOUSE*,0,0,0,0,0,0,0,0
553,553,BDUR,,81,1009,73,244.00,79.24,60.94,3849,304995.00
554,554,*NOUSE*,*NOUSE*,0,0,0,0,0,0,0,0
555,555,*NOUSE*,*NOUSE*,0,0,0,0,0,0,0,0
556,556,P1/2R,,82,946,83,200.00,56.40,41.74,5037,284096.00
557,557,*NOUSE*,*NOUSE*,0,0,0,0,0,0,0,0
558,558,*NOUSE*,*NOUSE*,0,0,0,0,0,0,0,0
559,559,*NOUSE*,*NOUSE*,0,0,0,0,0,0,0,0
560,560,*NOUSE*,*NOUSE*,0,0,0,0,0,0,0,0
561,561,*NOUSE*,*NOUSE*,0,0,0,0,0,0,0,0
562,562,*NOUSE*,*NOUSE*,0,0,0,0,0,0,0,0
563,563,*NOUSE*,*NOUSE*,0,0,0,0,0,0,0,0
564,564,*NOUSE*,*NOUSE*,0,0,0,0,0,0,0,0
565,565,HYP7ABR3,,84,1036,62,159.00,47.15,30.11,5938,279972.00
566,566,*NOUSE*,*NOUSE*,0,0,0,0,0,0,0,0
567,567,*NOUSE*,*NOUSE*,0,0,0,0,0,0,0,0
568,568,V2R,,83,898,76,149.00,43.17,27.49,6679,288348.00
569,569,HSNR,,81,692,89,237.00,66.87,51.72,4750,317643.00
570,570,*NOUSE*,*NOUSE*,0,0,0,0,0,0,0,0
571,571,*NOUSE*,*NOUSE*,0,0,0,0,0,0,0,0
572,572,*NOUSE*,*NOUSE*,0,0,0,0,0,0,0,0
573,573,*NOUSE*,*NOUSE*,0,0,0,0,0,0,0,0
574,574,*NOUSE*,*NOUSE*,0,0,0,0,0,0,0,0
575,575,*NOUSE*,*NOUSE*,0,0,0,0,0,0,0,0
576,576,*NOUSE*,*NOUSE*,0,0,0,0,0,0,0,0
577,577,HYP5R,,82,1488,72,121.00,39.98,22.31,4832,193178.00
578,578,*NOUSE*,*NOUSE*,0,0,0,0,0,0,0,0
579,579,*NOUSE*,*NOUSE*,0,0,0,0,0,0,0,0
580,580,*NOUSE*,*NOUSE*,0,0,0,0,0,0,0,0
581,581,ADESHR,,83,1082,80,251.00,79.04,59.57,3366,266034.00
582,582,*NOUSE*,*NOUSE*,0,0,0,0,0,0,0,0
583,583,*NOUSE*,*NOUSE*,0,0,0,0,0,0,0,0
584,584,*NOUSE*,*NOUSE*,0,0,0,0,0,0,0,0
585,585,*NOUSE*,*NOUSE*,0,0,0,0,0,0,0,0
586,586,*NOUSE*,*NOUSE*,0,0,0,0,0,0,0,0
587,587,*NOUSE*,*NOUSE*,0,0,0,0,0,0,0,0
588,588,*NOUSE*,*NOUSE*,0,0,0,0,0,0,0,0
589,589,*NOUSE*,*NOUSE*,0,0,0,0,0,0,0,0
590,590,*NOUSE*,*NOUSE*,0,0,0,0,0,0,0,0
591,591,*NOUSE*,*NOUSE*,0,0,0,0,0,0,0,0
592,592,*NOUSE*,*NOUSE*,0,0,0,0,0,0,0,0
593,593,P3/4R,,85,848,81,193.00,53.34,39.71,6308,336463.00
594,594,*NOUSE*,*NOUSE*,0,0,0,0,0,0,0,0
595,595,*NOUSE*,*NOUSE*,0,0,0,0,0,0,0,0
596,596,*NOUSE*,*NOUSE*,0,0,0,0,0,0,0,0
597,597,*NOUSE*,*NOUSE*,0,0,0,0,0,0,0,0
598,598,*NOUSE*,*NOUSE*,0,0,0,0,0,0,0,0
599,599,*NOUSE*,*NOUSE*,0,0,0,0,0,0,0,0
600,600,*NOUSE*,*NOUSE*,0,0,0,0,0,0,0,0
601,601,*NOUSE*,*NOUSE*,0,0,0,0,0,0,0,0
602,602,*NOUSE*,*NOUSE*,0,0,0,0,0,0,0,0
603,603,*NOUSE*,*NOUSE*,0,0,0,0,0,0,0,0
604,604,*NOUSE*,*NOUSE*,0,0,0,0,0,0,0,0
605,605,*NOUSE*,*NOUSE*,0,0,0,0,0,0,0,0
606,606,*NOUSE*,*NOUSE*,0,0,0,0,0,0,0,0
607,607,*NOUSE*,*NOUSE*,0,0,0,0,0,0,0,0
608,608,*NOUSE*,*NOUSE*,0,0,0,0,0,0,0,0
609,609,*NOUSE*,*NOUSE*,0,0,0,0,0,0,0,0
610,610,*NOUSE*,*NOUSE*,0,0,0,0,0,0,0,0
611,611,*NOUSE*,*NOUSE*,0,0,0,0,0,0,0,0
612,612,*NOUSE*,*NOUSE*,0,0,0,0,0,0,0,0
613,613,*NOUSE*,*NOUSE*,0,0,0,0,0,0,0,0
614,614,*NOUSE*,*NOUSE*,0,0,0,0,0,0,0,0
615,615,*NOUSE*,*NOUSE*,0,0,0,0,0,0,0,0
616,616,*NOUSE*,*NOUSE*,0,0,0,0,0,0,0,0
617,617,*NOUSE*,*NOUSE*,0,0,0,0,0,0,0,0
618,618,*NOUSE*,*NOUSE*,0,0,0,0,0,0,0,0
619,619,AMSHR,,86,1111,48,158.00,46.44,27.85,5819,270260.00
620,620,*NOUSE*,*NOUSE*,0,0,0,0,0,0,0,0
621,621,*NOUSE*,*NOUSE*,0,0,0,0,0,0,0,0
622,622,*NOUSE*,*NOUSE*,0,0,0,0,0,0,0,0
623,623,*NOUSE*,*NOUSE*,0,0,0,0,0,0,0,0
624,624,*NOUSE*,*NOUSE*,0,0,0,0,0,0,0,0
625,625,*NOUSE*,*NOUSE*,0,0,0,0,0,0,0,0
626,626,*NOUSE*,*NOUSE*,0,0,0,0,0,0,0,0
627,627,*NOUSE*,*NOUSE*,0,0,0,0,0,0,0,0
628,628,*NOUSE*,*NOUSE*,0,0,0,0,0,0,0,0
629,629,*NOUSE*,*NOUSE*,0,0,0,0,0,0,0,0
630,630,*NOUSE*,*NOUSE*,0,0,0,0,0,0,0,0
631,631,*NOUSE*,*NOUSE*,0,0,0,0,0,0,0,0
632,632,*NOUSE*,*NOUSE*,0,0,0,0,0,0,0,0
633,633,*NOUSE*,*NOUSE*,0,0,0,0,0,0,0,0
634,634,*NOUSE*,*NOUSE*,0,0,0,0,0,0,0,0
635,635,*NOUSE*,*NOUSE*,0,0,0,0,0,0,0,0
636,636,*NOUSE*,*NOUSE*,0,0,0,0,0,0,0,0
637,637,*NOUSE*,*NOUSE*,0,0,0,0,0,0,0,0
638,638,*NOUSE*,*NOUSE*,0,0,0,0,0,0,0,0
639,639,*NOUSE*,*NOUSE*,0,0,0,0,0,0,0,0
640,640,*NOUSE*,*NOUSE*,0,0,0,0,0,0,0,0
641,641,*NOUSE*,*NOUSE*,0,0,0,0,0,0,0,0
642,642,DA7,*MANUAL*,53,439,95,187.00,116.42,26.95,895,104195.00
643,643,DB7,*MANUAL*,55,465,96,185.00,86.24,30.91,1365,117718.00
644,644,DD5,*MANUAL*,58,492,95,180.00,92.90,34.23,1365,126809.00
645,645,DA5,*MANUAL*,61,711,108,219.00,110.29,38.82,895,98706.00
646,646,DB5,*MANUAL*,60,762,103,232.00,117.25,50.05,1365,160049.00
647,647,DA4,*MANUAL*,61,831,103,251.00,163.70,45.12,833,136361.00
648,648,DA3,*MANUAL*,61,930,106,250.00,150.96,50.93,821,123940.00
649,649,INDR1,*MANUAL*$403$402,70,1007,48,127.00,39.76,21.79,6234,247835.00
650,650,INDL1,*MANUAL*$158$133,48,1006,49,113.00,35.70,18.63,6385,227925.00
651,651,INV2,*MANUAL*,52,946,90,96.00,41.28,13.33,2103,86821.00
652,652,IND4,*MANUAL*,61,823,49,64.00,29.19,10.45,2103,61382.00
653,653,*NOUSE*,*NOUSE*,0,0,0,0,0,0,0,0
654,654,INV7,*MANUAL*,58,545,81,55.00,23.00, 9.90,2103,48371.00
655,655,IND7,*MANUAL*,62,501,55,66.00,24.30,11.20,2084,50643.00
656,656,IND8,*MANUAL*,53,420,54,74.00,34.43,11.46,1303,44856.00
657,657,INV8,*MANUAL*,53,449,82,77.00,31.00,11.56,2103,65190.00
658,658,INV9,*MANUAL*,58,378,83,97.00,48.71,14.24,1365,66487.00
659,659,Z1,*MANUAL*,74,726,88,173.00,87.09,30.30,1356,118100.00
660,660,Z2,*MANUAL*,65,699,88,209.00,62.69,26.64,2103,131837.00
661,661,Z3,*MANUAL*,55,661,88,149.00,64.46,26.03,2103,135553.00
662,662,Z4,*MANUAL*,52,634,88,137.00,65.72,16.00,2103,138199.00
663,663,ALMR,*MANUAL*,79,862,46,212.00,121.50,43.64,1365,165850.00
664,664,CANR,*MANUAL*,81,720,72,237.00,123.66,41.36,1365,168793.00
665,665,ALML,*MANUAL*,44,827,47,177.00,102.11,29.07,1365,139375.00
666,666,CANL,*MANUAL*,39,717,71,162.00,90.43,25.02,1365,123437.00
667,667,HYP7RC2,*MANUAL*$591$599$590,85,843,61,158.00,40.29,25.28,6828,275085.00
668,668,V3R,*MANUAL*$543$583,82,783,80,185.00,42.14,29.65,6561,276454.00
669,669,P5/6R,*MANUAL*,84,730,86,193.00,90.27,41.21,1365,123216.00
670,670,HYP7RC3,*MANUAL*$574$575$608,83,736,61,145.00,41.06,24.02,6308,258990.00
671,671,P7/8R,*MANUAL*$544$558,80,603,87,150.00,42.83,28.69,5665,242606.00
672,672,QR,*MANUAL*$497$495,77,602,66,156.00,44.59,28.36,5985,266875.00
673,673,HYP7RC4,*MANUAL*,80,575,58,133.00,33.68,18.36,2103,70828.00
674,674,V5R,*MANUAL*$567$526,79,514,76,128.00,36.57,22.35,6654,243368.00
675,675,HYP7RC5,*MANUAL*$461$440,72,457,60,106.00,33.06,16.96,5086,168162.00
676,676,V6R,*MANUAL*$462$443$487$476,71,414,69,107.00,31.13,16.14,5423,168797.00
677,677,P11/12R,*MANUAL*,75,351,75,120.00,59.63,19.72,895,53370.00
678,678,IMR,*MANUAL*,72,379,78,138.00,58.84,27.48,1365,80319.00
679,679,HYP7ABRD,*MANUAL*,87,1083,62,181.00,72.62,32.29,1365,99131.00
680,680,H2R,*MANUAL*,89,1134,68,177.00,74.46,22.79,1365,101637.00
681,681,V2L,*MANUAL*$48$26$52$69,37,892,78,117.00,36.40,20.82,6678,243110.00
682,682,P3/4L,*MANUAL*$56$68,39,845,83,129.00,41.77,24.41,5464,228204.00
683,683,HYP7LC2,*MANUAL*$75$60$83,40,851,60,103.00,33.00,16.98,5740,189409.00
684,684,*NOUSE*,*NOUSE*,0,0,0,0,0,0,0,0
685,685,V3L,*MANUAL*$684$32,37,777,79,98.00,32.43,17.16,7131,231286.00
686,686,P5/6L,*MANUAL*,38,729,87,136.00,47.62,21.76,2103,100142.00
687,687,V4L,*MANUAL*$53$44,37,638,78,108.00,33.36,17.24,6202,206894.00
688,688,HYP7LC4,*MANUAL*$51$59,37,587,62,78.00,27.94,13.09,6431,179705.00
689,689,QL,*MANUAL*$117$95,43,535,65,92.00,32.08,14.87,5372,172325.00
690,690,HYP7LC5,*MANUAL*,38,461,62,72.00,26.73,13.10,2103,56208.00
691,691,V6L,*MANUAL*$43$47$55,35,417,76,77.00,27.93,12.62,5491,153388.00
692,692,P11/12L,*MANUAL*,43,347,84,136.00,58.85,19.42,880,51785.00
693,693,IML,*MANUAL*,46,368,86,155.00,91.27,23.71,895,81686.00
694,694,HYP7LC6,*MANUAL*,45,301,63,74.00,32.77,14.13,1352,44307.00
695,695,HYP7RC6,*MANUAL*,76,298,54,106.00,41.40,19.15,891,36884.00
696,696,DR1,*MANUAL*$548$563,81,1456,59,146.00,47.83,26.97,4579,219030.00
697,697,DR2,*MANUAL*$530$537,79,1427,48,136.00,53.25,26.31,3758,200122.00
698,698,DR3,*MANUAL*$502$517,76,1378,41,188.00,54.92,28.30,4772,262056.00
699,699,DR4,*MANUAL*,83,1329,48,175.00,91.70,25.94,825,75650.00
700,700,DR5,*MANUAL*,76,1277,39,178.00,92.92,28.72,895,83161.00
701,701,DR6,*MANUAL*,82,1260,42,189.00,93.79,36.48,839,78690.00
702,702,VR1,*MANUAL*$545$570,80,1448,90,142.00,50.71,25.31,3503,177634.00
703,703,VR2,*MANUAL*,76,1426,97,141.00,66.68,27.01,879,58608.00
704,704,VR4,*MANUAL*,82,1326,95,149.00,72.54,30.33,895,64924.00
705,705,VR5,*MANUAL*,76,1294,101,198.00,84.58,39.84,858,72567.00
706,706,VR6,*MANUAL*,82,1262,94,164.00,82.33,29.64,895,73687.00
707,707,DL1,*MANUAL*,46,1448,55,128.00,70.14,18.45,1365,95746.00
708,708,DL2,*MANUAL*,47,1423,45,101.00,54.62,14.90,895,48883.00
709,709,DL4,*MANUAL*,40,1317,48,164.00,85.05,28.48,867,73738.00
710,710,DL5,*MANUAL*,48,1280,39,162.00,89.02,20.67,895,79675.00
711,711,DL6,*MANUAL*,42,1247,42,170.00,83.62,26.44,895,74842.00
712,712,VL1,*MANUAL*,42,1445,88,109.00,67.46,17.95,895,60377.00
713,713,VL2,*MANUAL*,45,1419,94,114.00,60.01,17.68,895,53706.00
714,714,VL3,*MANUAL*,47,1389,99,144.00,84.23,23.83,895,75383.00
715,715,VL4,*MANUAL*,42,1335,95,141.00,81.50,21.48,895,72946.00
716,716,VL5,*MANUAL*,48,1293,102,169.00,101.29,26.64,895,90652.00
717,717,VL6,*MANUAL*,42,1253,95,181.00,101.64,34.99,773,78570.00
718,718,VL18,*MANUAL*,46,419,93,135.00,59.02,24.96,1365,80565.00
719,719,VL17,*MANUAL*$217$216,52,524,93,150.00,44.24,29.72,5351,236705.00
720,720,VL16,*MANUAL*,48,616,95,153.00,82.93,24.58,1365,113195.00
721,721,CCLP,*MANUAL*,48,714,95,193.00,126.20,28.99,813,102603.00
722,722,CCLA,*MANUAL*,49,741,97,200.00,105.56,36.69,1365,144088.00
723,723,VL15,*MANUAL*,55,719,100,201.00,110.96,31.49,1365,151462.00
724,724,VL13,*MANUAL*,52,830,101,224.00,125.44,43.95,1365,171228.00
725,725,VL11,*MANUAL*,51,930,105,234.00,134.27,42.12,1365,183275.00
726,726,VL9,*MANUAL*,47,1105,103,205.00,119.09,28.32,895,106588.00
727,727,VL8,*MANUAL*,47,1128,99,207.00,106.43,27.82,895,95253.00
728,728,VL7,*MANUAL*,51,1174,104,169.00,104.18,28.06,895,93240.00
729,729,VR19,*MANUAL*$348$377,64,431,89,148.00,44.83,28.81,4799,215121.00
730,730,VR18,*MANUAL*$431$436,71,511,91,159.00,44.45,30.40,5909,262660.00
731,731,VR16,*MANUAL*$451$449,74,658,97,180.00,51.87,38.17,6115,317168.00
732,732,VR15,*MANUAL*$446$467,73,755,94,195.00,54.85,41.02,5791,317651.00
733,733,VR14,*MANUAL*$468$510,75,800,95,215.00,60.94,46.39,5090,310208.00
734,734,VR13,*MANUAL*,74,875,100,213.00,102.88,44.57,1365,140425.00
735,735,VR12,*MANUAL*$513$529,78,909,94,228.00,55.93,43.74,6054,338608.00
736,736,CCRP,*MANUAL*,75,953,94,250.00,137.21,57.60,1365,187289.00
737,737,VR11,*MANUAL*$480$478,74,995,104,198.00,55.58,40.39,6243,346970.00
738,738,VR8,*MANUAL*,79,1116,98,193.00,119.87,28.92,757,90743.00
739,739,DR20,*MANUAL*,60,425,45,127.00,58.93,22.10,1365,80433.00
740,740,DR19,*MANUAL*$482$363,66,485,44,172.00,47.01,31.89,3599,169205.00
741,741,DR18,*MANUAL*$484$375,66,561,42,161.00,47.23,32.28,4181,197471.00
742,742,DR12,*MANUAL*$427$452,71,938,38,183.00,52.59,39.58,4607,242260.00
743,743,DR11,*MANUAL*$382$398,68,1017,35,204.00,54.99,41.59,4380,240855.00
744,744,DR7,*MANUAL*,73,1173,33,238.00,116.55,45.62,895,104310.00
745,745,DL20,*MANUAL*$125$116,44,405,47,102.00,33.24,17.11,4286,142475.00
746,746,DL19,*MANUAL*$131$132,47,451,45,129.00,40.55,24.35,3655,148197.00
747,747,DL18,*MANUAL*,49,511,46,106.00,54.62,17.64,1365,74558.00
748,748,DL10,*MANUAL*$88$113,43,1040,39,186.00,48.57,33.61,4618,224315.00
749,749,DL8,*MANUAL*$101$100,44,1112,33,189.00,47.52,32.11,6295,299118.00
750,750,DL7,*MANUAL*,52,1159,33,191.00,105.80,30.88,1365,144412.00
751,751,HMC,*MANUAL*,65,1159,33,190.00,111.59,30.44,1365,152324.00
752,752,TR,*MANUAL*,70,223,59,97.00,48.80,17.94,1365,66606.00
753,753,PLMR,*MANUAL*,70,207,68,157.00,97.43,25.41,895,87199.00
754,754,PHSHR,*MANUAL*,69,245,63,168.00,106.44,23.86,889,94629.00
755,755,ALNR,*MANUAL*,68,257,54,190.00,109.08,34.06,873,95227.00
756,756,LUAR,*MANUAL*,72,268,58,191.00,121.88,27.74,853,103967.00
757,757,PVCR,*MANUAL*,72,264,70,152.00,108.10,18.62,781,84423.00
758,758,PHBR,*MANUAL*,75,282,65,148.00,97.97,20.00,895,87680.00
759,759,PHAR,*MANUAL*,75,288,76,186.00,109.33,30.39,895,97854.00
760,760,PVQR,*MANUAL*,75,301,69,174.00,102.93,21.00,895,92123.00
761,761,TL,*MANUAL*,55,223,63,98.00,50.08,16.65,1365,68360.00
762,762,PLML,*MANUAL*,59,209,73,184.00,110.71,23.38,839,92882.00
763,763,PHSHL,*MANUAL*,60,242,69,163.00,109.24,19.33,895,97767.00
764,764,ALNL,*MANUAL*,59,256,59,195.00,122.77,23.32,895,109875.00
765,765,LUAL,*MANUAL*,53,273,67,187.00,118.67,22.92,895,106211.00
766,766,PVCL,*MANUAL*,54,262,73,175.00,108.72,20.11,872,94804.00
767,767,PHBL,*MANUAL*,51,285,70,156.00,101.25,19.70,895,90620.00
768,768,PHAL,*MANUAL*,55,286,83,180.00,109.16,26.54,895,97694.00
769,769,PVQL,*MANUAL*,50,301,77,151.00,88.09,19.38,895,78841.00
770,770,REPVL,*MANUAL*,50,326,73,148.00,86.73,21.45,1365,118381.00
771,771,SPH,*MANUAL*,50,343,78,174.00,111.69,26.98,895,99963.00
772,772,K,*MANUAL*,54,300,57,147.00,96.87,19.55,895,86702.00
773,773,K',*MANUAL*,68,304,58,181.00,106.03,23.47,895,94896.00
774,774,DR21,*MANUAL*,68,313,48,142.00,67.74,25.44,894,60557.00
775,775,REPD,*MANUAL*,58,319,50,175.00,96.87,24.74,895,86702.00
776,776,F,*MANUAL*,61,297,69,184.00,105.14,20.23,895,94102.00
777,777,B,*MANUAL*,64,277,82,128.00,79.13,16.44,895,70823.00
778,778,DVA,*MANUAL*,64,284,58,141.00,88.95,18.33,895,79609.00
779,779,DVC,*MANUAL*,64,262,71,167.00,116.16,16.29,895,103962.00
780,780,DEP,*MANUAL*,63,270,55,170.00,110.64,23.44,895,99020.00
781,781,VL19,*MANUAL*,61,246,80,139.00,93.99,18.54,884,83085.00
782,782,VR20,*MANUAL*,71,246,76,156.00,85.77,21.85,895,76764.00
783,783,HYP71,*MANUAL*,65,214,79,168.00,76.41,28.11,1365,104293.00
784,784,HYP8,*MANUAL*,65,159,70,131.00,68.58,19.85,1227,84152.00
785,785,HYP9,*MANUAL*,65,134,72,108.00,50.30,20.77,1365,68659.00
786,786,HYP101,*MANUAL*,63,114,72,117.00,55.00,21.90,1365,75079.00
787,787,HYP102,*MANUAL*,62,84,71,96.00,32.03,21.74,1365,43717.00
788,788,HYP11,*MANUAL*,58,155,64,142.00,62.10,21.92,1365,84773.00
789,789,*NOUSE*,*NOUSE*,0,0,0,0,0,0,0,0
790,790,U,*MANUAL*,60,318,77,172.00,107.21,18.81,895,95952.00
791,791,DD6,*MANUAL*,61,334,82,209.00,136.18,30.39,803,109356.00
792,792,DA9,*MANUAL*,72,323,83,167.00,105.15,26.30,895,94109.00
793,793,PVPR,*MANUAL*,72,341,81,205.00,125.56,30.84,895,112375.00
794,794,DA8,*MANUAL*,55,330,88,178.00,121.34,21.91,895,108598.00
795,795,PVPL,*MANUAL*,55,351,90,169.00,108.92,22.28,895,97487.00
796,796,VIRR,*MANUAL*,70,336,64,143.00,87.25,28.17,895,78086.00
797,797,VPI3V,*MANUAL*,63,1062,84,211.00,119.19,45.68,861,102621.00
798,798,VPI2V,*MANUAL*,62,1070,90,248.00,168.53,36.15,895,150832.00
799,799,G2R,*MANUAL*,69,1082,86,251.00,167.77,41.67,895,150150.00
800,800,G2L,*MANUAL*,50,1084,86,233.00,152.35,35.84,895,136355.00
801,801,G1P,*MANUAL*,68,1082,48,198.00,102.47,36.18,895,91709.00
802,802,M5,*MANUAL*,49,1092,48,233.00,146.59,32.24,895,131201.00
803,803,PM7D,*MANUAL*,61,1097,42,189.00,98.91,29.58,1365,135015.00
804,804,MC3V,*MANUAL*,60,1101,93,181.00,118.25,23.50,895,105832.00
805,805,MC3DL,*MANUAL*,43,1100,59,160.00,105.46,20.75,869,91646.00
806,806,M1,*MANUAL*,73,1122,43,246.00,162.14,32.67,895,145112.00
807,807,I6,*MANUAL*,49,1121,45,220.00,143.11,24.44,895,128085.00
808,808,M2L,*MANUAL*,49,1141,76,228.00,151.41,34.28,895,135515.00
809,809,PM5VR,*MANUAL*,69,1145,79,230.00,137.60,36.51,872,119989.00
810,810,PM5VL,*MANUAL*,59,1145,81,214.00,148.26,22.36,895,132697.00
811,811,PM5R,*MANUAL*,73,1151,61,239.00,142.36,33.77,895,127414.00
812,812,PM5L,*MANUAL*,51,1150,65,194.00,130.44,24.86,895,116741.00
813,813,MC2DR,*MANUAL*,70,1166,57,202.00,121.05,26.85,895,108336.00
814,814,MC2DL,*MANUAL*,55,1164,61,157.00,100.64,20.29,895,90077.00
815,815,M3R,*MANUAL*,70,1312,85,227.00,156.87,32.39,835,130984.00
816,816,M3L,*MANUAL*,55,1312,86,224.00,138.56,32.82,876,121381.00
817,817,NSMR,*MANUAL*,73,1342,84,214.00,129.51,27.23,895,115914.00
818,818,NSML,*MANUAL*,50,1342,84,200.00,115.31,28.37,895,103198.00
819,819,PM4R,*MANUAL*,74,1352,71,186.00,114.65,30.71,895,102610.00
820,820,PM4L,*MANUAL*,48,1348,68,160.00,99.06,24.41,895,88660.00
821,821,MI,*MANUAL*,62,1344,51,211.00,162.54,20.86,673,109389.00
822,822,PM4DR,*MANUAL*,70,1346,54,197.00,137.05,25.47,881,120737.00
823,823,PM4DL,*MANUAL*,55,1347,53,183.00,123.23,28.90,895,110291.00
824,824,MCL,*MANUAL*,54,1357,77,215.00,117.88,36.02,777,91589.00
825,825,MCR,*MANUAL*,69,1360,78,229.00,146.57,33.83,829,121504.00
826,826,I2R,*MANUAL*,76,1360,84,228.00,135.72,34.99,886,120246.00
827,827,I2L,*MANUAL*,47,1360,80,232.00,150.54,34.08,895,134737.00
828,828,MC1V,*MANUAL*,61,1372,90,169.00,109.94,26.60,695,76409.00
829,829,PM1VR,*MANUAL*,67,1375,86,234.00,151.01,36.56,891,134553.00
830,830,PM1VL,*MANUAL*,53,1375,86,214.00,137.03,39.25,894,122505.00
831,831,PM1R,*MANUAL*,74,1376,77,235.00,133.76,38.17,872,116638.00
832,832,PM1L,*MANUAL*,49,1375,68,171.00,92.20,32.19,895,82519.00
833,833,MC1DR,*MANUAL*,74,1368,60,199.00,110.12,29.67,893,98340.00
834,834,MC1DL,*MANUAL*,49,1368,56,148.00,94.04,17.15,895,84162.00
835,835,PM1DR,*MANUAL*,68,1372,51,239.00,144.25,33.06,895,129106.00
836,836,PM1DL,*MANUAL*,63,1360,49,237.00,144.04,31.08,895,128915.00
837,837,I1R,*MANUAL*,69,1388,78,202.00,112.95,36.66,895,101089.00
838,838,I1L,*MANUAL*,52,1389,78,177.00,97.76,28.19,895,87491.00
839,839,PM3L,*MANUAL*,52,1408,70,110.00,60.86,17.98,895,54466.00
840,840,PM3R,*MANUAL*,72,1407,74,149.00,72.67,30.65,895,65038.00
841,841,E3VR,*MANUAL*,72,1412,84,193.00,118.04,28.77,781,92190.00
842,842,E3VL,*MANUAL*,51,1415,82,144.00,85.08,22.67,891,75809.00
843,843,E3D,*MANUAL*,62,1386,50,118.00,67.79,20.70,895,60674.00
844,844,PM3DR,*MANUAL*,67,1417,58,115.00,65.48,17.29,895,58609.00
845,845,PM3DL,*MANUAL*,58,1442,56,148.00,71.99,21.23,773,55647.00
846,846,E1D,*MANUAL*,65,1438,55,166.00,92.80,28.88,895,83056.00
847,847,E1VR,*MANUAL*,73,1438,80,215.00,121.37,41.35,722,87627.00
848,848,E1VL,*MANUAL*,51,1442,79,157.00,91.10,27.65,797,72604.00
849,849,PM3VL,*MANUAL*,57,1441,85,141.00,70.32,17.84,895,62935.00
850,850,PM3VR,*MANUAL*,69,1441,87,155.00,66.57,19.76,895,59584.00
851,851,PM2D2,*MANUAL*,64,1464,54,173.00,92.19,24.89,895,82514.00
852,852,PM2D1,*MANUAL*,64,1483,55,142.00,83.36,26.04,895,74609.00
853,853,E2VR,*MANUAL*,73,1504,80,163.00,71.71,26.82,895,64178.00
854,854,PM2VR1,*MANUAL*,72,1472,81,196.00,102.14,38.83,895,91411.00
855,855,PM2VR2,*MANUAL*,72,1460,81,185.00,107.52,34.89,895,96229.00
856,856,E2VL,*MANUAL*,54,1501,79,136.00,63.78,24.45,895,57084.00
857,857,PM2VL1,*MANUAL*,52,1477,80,176.00,100.29,26.21,895,89756.00
858,858,PM2VL2,*MANUAL*,52,1464,79,174.00,101.40,27.96,895,90753.00
859,859,HYP7ABLV,*MANUAL*$35$31,36,1028,77,104.00,31.60,15.07,6845,216279.00
860,860,AMSHL,*MANUAL*,34,1094,53,142.00,63.81,19.22,2103,134187.00
861,861,RMGL,*MANUAL*,36,1131,85,172.00,112.36,22.02,895,100560.00
862,862,ADAL,*MANUAL*,38,1146,87,189.00,128.20,23.90,885,113460.00
863,863,ADEL,*MANUAL*,39,1150,77,202.00,139.87,27.43,895,125180.00
864,864,AINL,*MANUAL*,39,1154,63,197.00,136.57,23.52,895,122227.00
865,865,AVJL,*MANUAL*,39,1167,57,213.00,142.64,24.31,895,127664.00
866,866,FLPL,*MANUAL*,38,1160,84,189.00,138.62,18.00,895,124063.00
867,867,AVDL,*MANUAL*,37,1172,71,215.00,139.61,23.35,892,124536.00
868,868,RICL,*MANUAL*,40,1172,86,211.00,125.82,22.70,895,112612.00
869,869,AUAL,*MANUAL*,40,1210,85,199.00,132.58,23.27,773,102483.00
870,870,ASHL,*MANUAL*,39,1213,70,134.00,92.53,13.79,895,82810.00
871,871,AWCL,*MANUAL*,39,1231,78,158.00,100.35,17.73,895,89811.00
872,872,SIBDL,*MANUAL*,42,1247,81,199.00,133.07,31.90,895,119098.00
873,873,RMDL,*MANUAL*,42,1263,81,187.00,113.79,30.51,891,101385.00
874,874,AFDL,*MANUAL*,38,1233,63,174.00,112.76,17.99,895,100919.00
875,875,AVAL,*MANUAL*,39,1255,69,176.00,117.22,20.24,895,104911.00
876,876,SMDVL,*MANUAL*,41,1250,55,188.00,127.91,24.02,857,109622.00
877,877,AVHL,*MANUAL*,38,1182,51,215.00,136.45,33.02,895,122125.00
878,878,ASGL,*MANUAL*,42,1196,51,193.00,116.86,24.33,895,104588.00
879,879,AWBL,*MANUAL*,38,1212,54,173.00,124.21,21.15,861,106945.00
880,880,ADFL,*MANUAL*,46,1223,56,183.00,126.19,20.66,895,112939.00
881,881,RMGR,*MANUAL*,86,1139,82,228.00,153.94,36.55,895,137773.00
882,882,ADAR,*MANUAL*,87,1151,83,243.00,164.25,35.01,895,147005.00
883,883,ADER,*MANUAL*,84,1153,69,244.00,157.34,41.78,895,140821.00
884,884,AINR,*MANUAL*,86,1159,56,245.00,151.23,33.55,895,135349.00
885,885,AVJR,*MANUAL*,86,1174,53,249.00,170.22,36.41,893,152004.00
886,886,FLPR,*MANUAL*,83,1164,79,240.00,149.43,40.71,895,133739.00
887,887,AVDR,*MANUAL*,86,1177,67,248.00,167.02,37.53,829,138461.00
888,888,RICR,*MANUAL*,84,1179,81,237.00,136.59,36.43,895,122248.00
889,889,ASER,*MANUAL*,87,1198,64,213.00,120.76,20.70,885,106875.00
890,890,ASJR,*MANUAL*,87,1204,80,185.00,114.04,22.15,895,102065.00
891,891,RID,*MANUAL*,62,1274,38,198.00,129.87,22.28,895,116238.00
892,892,ALA,*MANUAL*,62,1255,38,198.00,137.51,24.43,895,123070.00
893,893,CEPDR,*MANUAL*,74,1255,41,248.00,169.15,26.15,895,151390.00
894,894,CEPDL,*MANUAL*,51,1257,45,213.00,154.15,25.74,895,137968.00
895,895,GLRDR,*MANUAL*,71,1257,53,252.00,178.19,36.42,895,159479.00
896,896,GLRDL,*MANUAL*,55,1262,55,241.00,162.63,29.22,889,144577.00
897,897,URXL,*MANUAL*,56,1242,48,198.00,150.25,18.65,895,134475.00
898,898,URXR,*MANUAL*,69,1242,45,214.00,144.82,28.73,895,129618.00
899,899,ASKR,*MANUAL*,73,1226,45,203.00,131.19,26.70,895,117412.00
900,900,ASKL,*MANUAL*,51,1223,43,175.00,109.95,19.40,895,98406.00
901,901,ADLL,*MANUAL*,52,1201,42,161.00,93.07,22.59,1365,127042.00
902,902,ADLR,*MANUAL*,69,1207,43,183.00,121.97,22.69,895,109163.00
903,903,ASIR,*MANUAL*,72,1186,43,222.00,148.23,30.32,895,132662.00
904,904,ASIL,*MANUAL*,52,1184,46,166.00,110.34,23.46,895,98755.00
905,905,RIVL,*MANUAL*,43,1158,46,235.00,141.73,27.07,895,126852.00
906,906,RIVR,*MANUAL*,77,1170,47,252.00,169.14,35.80,895,151382.00
907,907,ASHR,*MANUAL*,88,1220,65,184.00,121.00,26.83,895,108297.00
908,908,AUAR,*MANUAL*,88,1219,81,220.00,148.07,34.58,895,132521.00
909,909,AWCR,*MANUAL*,89,1236,75,181.00,121.54,26.01,895,108781.00
910,910,SIBDR,*MANUAL*,87,1253,79,241.00,150.01,39.25,895,134262.00
911,911,RMDR,*MANUAL*,86,1267,81,225.00,124.51,33.62,895,111439.00
912,912,AFDR,*MANUAL*,87,1243,65,221.00,134.63,27.09,895,120497.00
913,913,AVAR,*MANUAL*,87,1262,68,192.00,119.48,30.91,895,106934.00
914,914,RMDVR,*MANUAL*,87,1282,66,198.00,115.38,31.49,895,103266.00
915,915,SMDVR,*MANUAL*,85,1262,55,232.00,140.04,37.07,895,125332.00
916,916,AVHR,*MANUAL*,85,1187,46,242.00,143.00,49.18,895,127985.00
917,917,ASGR,*MANUAL*,83,1200,48,240.00,142.31,37.85,895,127371.00
918,918,AWBR,*MANUAL*,85,1217,49,241.00,145.39,37.36,894,129978.00
919,919,ADFR,*MANUAL*,85,1231,53,223.00,139.49,30.79,895,124846.00
920,920,SAAVR,*MANUAL*,81,1246,54,232.00,149.78,27.82,885,132552.00
921,921,RIAR,*MANUAL*,74,1238,57,242.00,166.12,29.67,895,148675.00
922,922,AWAR,*MANUAL*,75,1215,55,226.00,144.09,29.28,895,128963.00
923,923,AVBR,*MANUAL*,77,1184,58,221.00,141.44,34.68,895,126587.00
924,924,AVER,*MANUAL*,77,1248,70,239.00,150.49,29.32,895,134692.00
925,925,AIBR,*MANUAL*,77,1228,67,248.00,148.48,28.85,895,132889.00
926,926,RIBR,*MANUAL*,77,1201,61,241.00,157.49,28.35,895,140952.00
927,927,RIMR,*MANUAL*,77,1189,74,227.00,140.30,28.90,895,125567.00
928,928,*NOUSE*,*NOUSE*,0,0,0,0,0,0,0,0
929,929,SAAVL,*MANUAL*,48,1255,60,229.00,156.09,25.44,895,139697.00
930,930,RIAL,*MANUAL*,48,1237,55,201.00,136.35,21.50,895,122035.00
931,931,AWAL,*MANUAL*,47,1208,55,177.00,121.65,20.65,895,108873.00
932,932,AVBL,*MANUAL*,47,1174,52,205.00,125.26,33.03,895,112104.00
933,933,AVEL,*MANUAL*,48,1243,71,182.00,121.28,22.98,895,108549.00
934,934,AIBL,*MANUAL*,48,1221,75,195.00,120.37,22.81,895,107727.00
935,935,RIBL,*MANUAL*,48,1198,71,197.00,115.02,29.96,895,102942.00
936,936,RIML,*MANUAL*,47,1178,71,219.00,123.25,28.06,895,110310.00
937,937,AIZL,*MANUAL*,46,1165,77,222.00,136.89,27.19,895,122517.00
938,938,GLRL,*MANUAL*,51,1256,80,213.00,138.61,32.87,895,124057.00
939,939,GLRVL,*MANUAL*,56,1257,91,242.00,154.15,40.01,885,136427.00
940,940,GLRR,*MANUAL*,74,1260,65,244.00,155.68,34.87,895,139338.00
941,941,GLRVR,*MANUAL*,73,1259,87,235.00,163.85,31.61,873,143045.00
942,942,G1,*MANUAL*,63,1238,109,186.00,109.60,28.42,895,98091.00
943,943,G2,*MANUAL*,63,1214,105,177.00,100.31,37.95,895,89780.00
944,944,W,*MANUAL*,61,1176,106,209.00,97.52,29.70,895,87277.00
945,945,RIH,*MANUAL*,63,1244,95,215.00,164.30,21.86,656,107778.00
946,946,SAADR,*MANUAL*,71,1245,94,248.00,170.88,37.45,889,151909.00
947,947,SAADL,*MANUAL*,55,1244,97,244.00,172.12,25.92,785,135115.00
948,948,RMDDL,*MANUAL*,49,1249,94,230.00,163.72,24.67,895,146530.00
949,949,RMDDR,*MANUAL*,78,1250,87,229.00,145.52,33.76,895,130240.00
950,950,SMDDR,*MANUAL*,78,1235,98,211.00,124.51,33.18,895,111436.00
951,951,SMDDL,*MANUAL*,48,1231,96,219.00,131.29,32.23,858,112646.00
952,952,SMBVR,*MANUAL*,67,1225,95,230.00,152.37,38.42,839,127835.00
953,953,SMBVL,*MANUAL*,56,1225,94,232.00,154.41,25.18,889,137267.00
954,954,RIR,*MANUAL*,73,1225,84,220.00,149.34,31.57,895,133661.00
955,955,AVL,*MANUAL*,77,1212,82,217.00,142.80,29.04,895,127809.00
956,956,SMBDR,*MANUAL*,75,1220,99,234.00,142.38,31.09,895,127426.00
957,957,SMBDL,*MANUAL*,50,1219,101,213.00,131.84,25.53,895,118000.00
958,958,SIADL,*MANUAL*,47,1211,89,223.00,155.21,23.65,895,138910.00
959,959,AIAR,*MANUAL*,68,1211,92,234.00,170.19,26.71,852,145006.00
960,960,AIAL,*MANUAL*,58,1211,92,237.00,171.28,21.09,895,153299.00
961,961,SIADR,*MANUAL*,82,1204,93,248.00,154.39,39.83,845,130457.00
962,962,SIAVR,*MANUAL*,73,1201,93,244.00,167.67,35.52,895,150066.00
963,963,SIAVL,*MANUAL*,48,1198,97,229.00,128.53,26.52,895,115036.00
964,964,EXC DUCT,*MANUAL*,55,1193,86,196.00,115.48,26.40,895,103353.00
965,965,EXC,*MANUAL*,67,1183,89,106.00,54.29,15.28,1365,74100.00
966,966,SIBVL,*MANUAL*,52,1234,86,226.00,149.57,29.71,895,133865.00
967,967,SIBVR,*MANUAL*,78,1236,85,231.00,157.70,31.60,895,141143.00
968,968,AIMR,*MANUAL*,69,1163,86,247.00,170.96,30.61,892,152492.00
969,969,AIYR,*MANUAL*,78,1173,92,242.00,150.40,33.87,895,134612.00
970,970,RIS,*MANUAL*,78,1160,96,202.00,140.07,25.94,895,125362.00
971,971,AVKR,*MANUAL*,77,1146,95,230.00,137.48,39.67,895,123045.00
972,972,EXC GL R,*MANUAL*,77,1131,93,219.00,127.47,35.73,893,113827.00
973,973,AIML,*MANUAL*,59,1167,90,246.00,161.69,36.76,859,138891.00
974,974,AIYL,*MANUAL*,50,1163,90,246.00,169.40,30.47,895,151610.00
975,975,AVKL,*MANUAL*,50,1151,95,206.00,132.90,25.42,895,118946.00
976,976,DB2,*MANUAL*,63,1160,112,200.00,124.48,27.18,895,111411.00
977,977,SABVL,*MANUAL*,64,1160,98,235.00,160.21,29.38,895,143384.00
978,978,RIFL,*MANUAL*,59,1146,104,249.00,169.83,35.01,872,148095.00
979,979,SABVR,*MANUAL*,68,1148,104,253.00,159.80,46.55,895,143019.00
980,980,RIGL,*MANUAL*,58,1133,104,224.00,158.04,21.01,839,132596.00
981,981,AVG,*MANUAL*,65,1127,106,232.00,133.24,35.23,895,119249.00
982,982,RIFR,*MANUAL*,71,1136,102,247.00,137.48,51.62,895,123042.00
983,983,DB1,*MANUAL*,58,1115,104,219.00,145.34,25.15,895,130082.00
984,984,DA1,*MANUAL*,64,1079,104,228.00,130.40,34.04,895,116705.00
985,985,RIGR,*MANUAL*,58,1092,107,215.00,129.54,29.01,895,115941.00
986,986,DD1,*MANUAL*,64,1103,107,217.00,114.63,35.76,895,102595.00
987,987,SABD,*MANUAL*,72,1118,101,240.00,164.74,28.83,895,147440.00
988,988,H1R,*MANUAL*,89,1288,80,173.00,77.13,26.16,895,69029.00
989,989,H1L,*MANUAL*,36,1282,78,105.00,53.26,14.00,895,47669.00
990,990,H0L,*MANUAL*,35,1396,73,136.00,70.54,20.32,895,63133.00
991,991,H0R,*MANUAL*,85,1394,73,149.00,82.20,24.68,881,72419.00
992,992,IL2R,*MANUAL*,88,1351,68,191.00,117.11,30.41,895,104812.00
993,993,URBR,*MANUAL*,86,1331,72,223.00,137.76,30.92,895,123298.00
994,994,BAGR,*MANUAL*,83,1313,75,177.00,116.46,23.60,828,96427.00
995,995,RMER,*MANUAL*,81,1297,72,234.00,142.83,30.88,895,127829.00
996,996,CEPSHDR,*MANUAL*,81,1296,57,234.00,118.68,34.75,895,106223.00
997,997,CEPSHVR,*MANUAL*,80,1295,88,228.00,128.00,43.72,895,114559.00
998,998,OLQVR,*MANUAL*,79,1311,83,220.00,142.02,30.97,895,127109.00
999,999,IL1R,*MANUAL*,86,1343,79,192.00,133.38,29.13,895,119371.00
1000,1000,URYVR,*MANUAL*,82,1329,83,204.00,132.60,34.87,895,118681.00
1001,1001,RIPR,*MANUAL*,77,1307,65,215.00,144.39,28.35,895,129229.00
1002,1002,OLLR,*MANUAL*,79,1325,63,226.00,142.74,31.12,766,109341.00
1003,1003,URADR,*MANUAL*,76,1319,56,246.00,169.17,31.20,895,151406.00
1004,1004,CEPSODR,*MANUAL*,80,1344,57,234.00,143.94,39.52,895,128828.00
1005,1005,URAVR,*MANUAL*,77,1314,95,221.00,143.85,34.75,895,128750.00
1006,1006,IL2L,*MANUAL*,36,1353,71,162.00,106.89,20.74,895,95668.00
1007,1007,URBL,*MANUAL*,39,1322,71,182.00,121.48,25.93,895,108723.00
1008,1008,BAGL,*MANUAL*,40,1301,79,158.00,96.99,22.95,895,86805.00
1009,1009,RMEL,*MANUAL*,44,1296,66,187.00,117.19,21.13,895,104885.00
1010,1010,CEPSHVL,*MANUAL*,44,1292,89,181.00,89.24,29.89,895,79870.00
1011,1011,CEPSHDL,*MANUAL*,44,1289,54,162.00,92.82,26.81,895,83070.00
1012,1012,OLQVL,*MANUAL*,46,1310,88,194.00,126.57,32.79,895,113279.00
1013,1013,IL1L,*MANUAL*,39,1335,78,161.00,109.99,19.25,895,98439.00
1014,1014,URYVL,*MANUAL*,42,1322,83,192.00,114.85,27.97,895,102793.00
1015,1015,RIPL,*MANUAL*,47,1308,68,189.00,127.59,24.88,895,114195.00
1016,1016,OLLL,*MANUAL*,47,1320,62,197.00,120.89,22.33,895,108193.00
1017,1017,URYDL,*MANUAL*,46,1307,54,199.00,139.28,25.43,895,124655.00
1018,1018,URADL,*MANUAL*,48,1322,51,236.00,157.21,27.27,895,140700.00
1019,1019,URAVL,*MANUAL*,53,1313,99,227.00,135.73,43.04,881,119576.00
1020,1020,RMEV,*MANUAL*,62,1277,105,189.00,110.46,27.97,895,98861.00
1021,1021,CEPVR,*MANUAL*,67,1294,101,224.00,149.98,25.61,811,121632.00
1022,1022,CEPVL,*MANUAL*,59,1291,103,209.00,149.89,29.63,895,134152.00
1023,1023,IL1VL,*MANUAL*,62,1308,102,229.00,137.89,32.77,895,123408.00
1024,1024,IL1VR,*MANUAL*,68,1322,101,211.00,138.73,31.91,828,114868.00
1025,1025,IL2VR,*MANUAL*,71,1339,103,177.00,112.42,31.68,873,98141.00
1026,1026,IL2VL,*MANUAL*,52,1332,101,195.00,113.42,29.64,895,101513.00
1027,1027,PM4VR,*MANUAL*,66,1355,92,172.00,98.48,19.98,895,88143.00
1028,1028,PM4VL,*MANUAL*,52,1355,92,166.00,93.76,25.66,895,83915.00
1029,1029,CEPSOVL,*MANUAL*,43,1369,96,161.00,100.95,27.45,895,90346.00
1030,1030,CEPSOVR,*MANUAL*,78,1353,98,211.00,113.71,36.75,895,101771.00
1031,1031,RMED,*MANUAL*,62,1295,45,233.00,169.82,29.71,747,126859.00
1032,1032,OLQDL,*MANUAL*,54,1299,46,231.00,155.87,24.93,895,139507.00
1033,1033,OLQDR,*MANUAL*,71,1295,45,243.00,152.76,38.07,895,136717.00
1034,1034,IL1DR,*MANUAL*,68,1310,51,239.00,178.48,27.17,873,155816.00
1035,1035,IL1DL,*MANUAL*,56,1313,51,232.00,164.84,26.92,895,147534.00
1036,1036,IL2DL,*MANUAL*,50,1343,41,181.00,107.21,26.95,895,95953.00
1037,1037,CEPSODL,*MANUAL*,43,1335,55,197.00,119.32,29.70,895,106787.00
1038,1038,IL2DR,*MANUAL*,76,1332,43,188.00,122.03,30.98,895,109220.00
1039,1039,URYDR,*MANUAL*,76,1311,46,241.00,133.38,53.75,895,119374.00
1040,1040,OLQSHDR,*MANUAL*,85,1368,58,221.00,123.51,34.30,895,110545.00
1041,1041,XXXR,*MANUAL*,86,1362,80,246.00,135.76,42.69,895,121502.00
1042,1042,OLLSHR,*MANUAL*,83,1374,77,223.00,131.55,41.77,895,117737.00
1043,1043,OLQSHVR,*MANUAL*,79,1380,88,217.00,114.72,39.82,885,101529.00
1044,1044,ILSHR,*MANUAL*,81,1389,82,214.00,118.72,41.03,895,106250.00
1045,1045,ilshdr,*MANUAL*,80,1381,54,237.00,133.04,35.53,895,119074.00
1046,1046,hyp1r,*MANUAL*,80,1397,56,219.00,134.19,37.42,861,115536.00
1047,1047,arcpdr,*MANUAL*,84,1404,62,213.00,124.66,34.49,895,111570.00
1048,1048,ARCPD,*MANUAL*,79,1419,58,190.00,118.65,27.26,895,106192.00
1049,1049,AMSOR,*MANUAL*,83,1431,69,176.00,101.52,24.69,895,90857.00
1050,1050,ARCADR,*MANUAL*,83,1452,73,171.00,96.42,26.04,895,86298.00
1051,1051,OLQSOVR,*MANUAL*,78,1402,90,198.00,114.39,31.72,895,102383.00
1052,1052,ILSOR,*MANUAL*,80,1413,82,205.00,125.24,34.72,895,112088.00
1053,1053,ARCPVR,*MANUAL*,80,1434,80,199.00,106.25,39.39,895,95097.00
1054,1054,XXXL,*MANUAL*,37,1348,83,202.00,123.15,34.44,895,110223.00
1055,1055,OLQSHDL,*MANUAL*,37,1345,60,185.00,121.03,29.21,895,108319.00
1056,1056,OLLSOL,*MANUAL*,41,1355,50,195.00,115.83,27.63,895,103667.00
1057,1057,ILSHDL,*MANUAL*,38,1369,57,165.00,111.14,18.97,895,99467.00
1058,1058,OLLSHL,*MANUAL*,39,1380,76,200.00,112.25,28.12,895,100467.00
1059,1059,OLQSHVL,*MANUAL*,43,1381,88,188.00,114.74,24.56,895,102694.00
1060,1060,ILSHL,*MANUAL*,43,1394,86,191.00,111.64,28.37,895,99919.00
1061,1061,HYP1L,*MANUAL*,45,1385,51,181.00,116.00,26.21,895,103820.00
1062,1062,ARCPDL,*MANUAL*,38,1392,59,152.00,91.78,21.42,895,82144.00
1063,1063,AMSOL,*MANUAL*,45,1410,56,150.00,96.59,21.15,895,86450.00
1064,1064,HYP2L,*MANUAL*,41,1425,63,140.00,89.04,18.99,895,79689.00
1065,1065,ARCADL,*MANUAL*,41,1442,71,148.00,87.80,22.36,895,78585.00
1066,1066,ARCPVL,*MANUAL*,42,1425,79,186.00,97.66,29.69,895,87406.00
1067,1067,ILSOL,*MANUAL*,42,1408,81,194.00,112.23,25.46,895,100445.00
1068,1068,OLQSOVL,*MANUAL*,52,1405,98,193.00,102.45,33.44,895,91689.00
1069,1069,HYP4D,*MANUAL*,65,1558,50,134.00,63.85,22.11,1365,87161.00
1070,1070,HYP4V1,*MANUAL*,67,1556,85,130.00,61.74,25.22,1365,84281.00
1071,1071,HYP4V2,*MANUAL*,67,1516,93,144.00,74.04,23.91,895,66264.00
1072,1072,HYP2V,*MANUAL*,66,1488,96,160.00,95.32,26.14,895,85315.00
1073,1073,HYP1V,*MANUAL*,67,1469,98,175.00,101.58,28.03,889,90304.00
1074,1074,ILSOVR,*MANUAL*,66,1450,100,196.00,108.70,36.85,895,97284.00
1075,1075,ILSHVR,*MANUAL*,67,1426,100,197.00,112.85,33.62,895,101001.00
1076,1076,ARCAV,*MANUAL*,59,1500,96,176.00,88.92,27.60,895,79580.00
1077,1077,ARCPV,*MANUAL*,59,1477,97,208.00,118.40,24.95,895,105971.00
1078,1078,ILSOVL,*MANUAL*,59,1459,98,206.00,126.62,27.55,895,113322.00
1079,1079,ILSHVL,*MANUAL*,58,1441,99,204.00,126.22,26.69,825,104135.00
1080,1080,HYP6V1,*MANUAL*,61,1436,106,147.00,67.64,21.31,895,60539.00
1081,1081,HYP6V2,*MANUAL*,61,1379,103,127.00,75.31,15.80,895,67398.00
1082,1082,HYP7V1,*MANUAL*,62,1340,107,158.00,75.67,23.42,895,67727.00
1083,1083,*NOUSE*,*NOUSE*,0,0,0,0,0,0,0,0
1084,1084,HYP31,*MANUAL*,70,1510,45,160.00,83.89,28.84,895,75082.00
1085,1085,HYP32,*MANUAL*,65,1493,43,182.00,103.76,26.38,895,92868.00
1086,1086,HYP6D1,*MANUAL*,65,1438,40,189.00,87.85,32.07,895,78623.00
1087,1087,HYP6D2,*MANUAL*,65,1404,39,177.00,85.48,26.69,895,76504.00
1088,1088,HYP6D3,*MANUAL*,63,1355,36,170.00,99.99,23.77,895,89492.00
1089,1089,HYP6D4,*MANUAL*,63,1334,37,201.00,119.13,23.43,895,106622.00
1090,1090,HYP7D1,*MANUAL*,63,1309,35,130.00,54.35,21.83,895,48644.00
1091,1091,HYP7D2,*MANUAL*,62,1219,30,101.00,39.35,15.50,895,35218.00
1092,1092,ILSODR,*MANUAL*,72,1475,46,199.00,102.19,39.17,895,91459.00
1093,1093,OLQSODR,*MANUAL*,72,1451,47,223.00,115.17,46.00,895,103074.00
1094,1094,ILSODL,*MANUAL*,62,1468,42,227.00,122.14,35.43,895,109317.00
1095,1095,OLQSODL,*MANUAL*,58,1448,42,227.00,135.03,39.09,895,120849.00
1096,1096,VR7,*MANUAL*,74,1183,105,167.00,96.04,26.82,895,85952.00
1097,1097,DL15,*MANUAL*$188$175,50,749,40,188.00,50.29,38.47,4214,211932.00
1098,1098,DL21,*MANUAL*,60,238,51,137.00,64.16,24.00,1365,87575.00
1099,1099,AIZR,*MANUAL*,79,1171,67,246.00,160.66,35.46,895,143793.00
1100,1100,HYP7ABRV,*MANUAL*,85,1057,75,157.00,62.78,26.01,2103,132022.00
1101,1101,INV5,*MANUAL*,48,703,70,83.00,20.91,10.86,2103,43973.00
1102,1102,P7/8L,*MANUAL*$142$49,38,592,86,116.00,38.08,21.96,5382,204934.00
1103,1103,HYP7V2,*MANUAL*,62,1319,111,127.00,58.64,20.21,895,52480.00
1104,1104,f1,*MANUAL*,62,507,65,48.00, 5.32, 6.16,895,4761.00
1105,1105,f2,*MANUAL*,62,835,54,78.00,12.93,16.43,895,11569.00
1106,1106,f3,*MANUAL*,61,558,80,60.00,13.34,13.13,895,11939.00
1107,1107,f4,*MANUAL*,53,461,81,80.00,10.14,14.36,895,9072.00
1108,1108,f5,*MANUAL*,53,406,53,43.00, 5.15, 6.90,895,4608.00
1109,1109,f6,*MANUAL*,54,376,48,37.00, 1.96, 4.51,895,1751.00
1110,1110,f7,*MANUAL*,56,366,56,39.00, 6.39, 5.90,895,5716.00
1111,1111,f8,*MANUAL*,58,387,83,78.00,12.30,17.77,895,11011.00
1112,1112,f9,*MANUAL*,57,431,79,34.00, 3.67, 3.86,895,3282.00
1113,1113,f10,*MANUAL*,58,417,61,62.00,13.08,12.29,895,11710.00
1114,1114,ollsor,*MANUAL*,86,1330,60,235.00,131.48,51.86,1365,179473.00
