0,0,*NOUSE*,*NOUSE*,0,0,0,0,0,0,0,0
1,1,*NOUSE*,*NOUSE*,0,0,0,0,0,0,0,0
2,2,*NOUSE*,*NOUSE*,0,0,0,0,0,0,0,0
3,3,*NOUSE*,*NOUSE*,0,0,0,0,0,0,0,0
4,4,*NOUSE*,*NOUSE*,0,0,0,0,0,0,0,0
5,5,*NOUSE*,*NOUSE*,0,0,0,0,0,0,0,0
6,6,*NOUSE*,*NOUSE*,0,0,0,0,0,0,0,0
7,7,*NOUSE*,*NOUSE*,0,0,0,0,0,0,0,0
8,8,*NOUSE*,*NOUSE*,0,0,0,0,0,0,0,0
9,9,*NOUSE*,*NOUSE*,0,0,0,0,0,0,0,0
10,10,*NOUSE*,*NOUSE*,0,0,0,0,0,0,0,0
11,11,*NOUSE*,*NOUSE*,0,0,0,0,0,0,0,0
12,12,*NOUSE*,*NOUSE*,0,0,0,0,0,0,0,0
13,13,*NOUSE*,*NOUSE*,0,0,0,0,0,0,0,0
14,14,*NOUSE*,*NOUSE*,0,0,0,0,0,0,0,0
15,15,*NOUSE*,*NOUSE*,0,0,0,0,0,0,0,0
16,16,*NOUSE*,*NOUSE*,0,0,0,0,0,0,0,0
17,17,*NOUSE*,*NOUSE*,0,0,0,0,0,0,0,0
18,18,*NOUSE*,*NOUSE*,0,0,0,0,0,0,0,0
19,19,*NOUSE*,,50,642,82,17.00,14.67, 2.08,3,44.00
20,20,*NOUSE*,*NOUSE*,0,0,0,0,0,0,0,0
21,21,*NOUSE*,*NOUSE*,0,0,0,0,0,0,0,0
22,22,*NOUSE*,*NOUSE*,0,0,0,0,0,0,0,0
23,23,*NOUSE*,*NOUSE*,0,0,0,0,0,0,0,0
24,24,*NOUSE*,*NOUSE*,0,0,0,0,0,0,0,0
25,25,*NOUSE*,*NOUSE*,0,0,0,0,0,0,0,0
26,26,*NOUSE*,*NOUSE*,0,0,0,0,0,0,0,0
27,27,*NOUSE*,*NOUSE*,0,0,0,0,0,0,0,0
28,28,*NOUSE*,*NOUSE*,0,0,0,0,0,0,0,0
29,29,*NOUSE*,*NOUSE*,0,0,0,0,0,0,0,0
30,30,*NOUSE*,*NOUSE*,0,0,0,0,0,0,0,0
31,31,*NOUSE*,*NOUSE*,0,0,0,0,0,0,0,0
32,32,*NOUSE*,*NOUSE*,0,0,0,0,0,0,0,0
33,33,*NOUSE*,*NOUSE*,0,0,0,0,0,0,0,0
34,34,*NOUSE*,*NOUSE*,0,0,0,0,0,0,0,0
35,35,*NOUSE*,*NOUSE*,0,0,0,0,0,0,0,0
36,36,*NOUSE*,*NOUSE*,0,0,0,0,0,0,0,0
37,37,*NOUSE*,*NOUSE*,0,0,0,0,0,0,0,0
38,38,*NOUSE*,*NOUSE*,0,0,0,0,0,0,0,0
39,39,*NOUSE*,*NOUSE*,0,0,0,0,0,0,0,0
40,40,*NOUSE*,*NOUSE*,0,0,0,0,0,0,0,0
41,41,*NOUSE*,*NOUSE*,0,0,0,0,0,0,0,0
42,42,*NOUSE*,*NOUSE*,0,0,0,0,0,0,0,0
43,43,*NOUSE*,*NOUSE*,0,0,0,0,0,0,0,0
44,44,*NOUSE*,*NOUSE*,0,0,0,0,0,0,0,0
45,45,*NOUSE*,*NOUSE*,0,0,0,0,0,0,0,0
46,46,*NOUSE*,*NOUSE*,0,0,0,0,0,0,0,0
47,47,*NOUSE*,*NOUSE*,0,0,0,0,0,0,0,0
48,48,*NOUSE*,*NOUSE*,0,0,0,0,0,0,0,0
49,49,*NOUSE*,*NOUSE*,0,0,0,0,0,0,0,0
50,50,*NOUSE*,*NOUSE*,0,0,0,0,0,0,0,0
51,51,*NOUSE*,*NOUSE*,0,0,0,0,0,0,0,0
52,52,*NOUSE*,*NOUSE*,0,0,0,0,0,0,0,0
53,53,*NOUSE*,*NOUSE*,0,0,0,0,0,0,0,0
54,54,*NOUSE*,*NOUSE*,0,0,0,0,0,0,0,0
55,55,*NOUSE*,*NOUSE*,0,0,0,0,0,0,0,0
56,56,*NOUSE*,*NOUSE*,0,0,0,0,0,0,0,0
57,57,*NOUSE*,*NOUSE*,0,0,0,0,0,0,0,0
58,58,*NOUSE*,*NOUSE*,0,0,0,0,0,0,0,0
59,59,*NOUSE*,*NOUSE*,0,0,0,0,0,0,0,0
60,60,*NOUSE*,*NOUSE*,0,0,0,0,0,0,0,0
61,61,*NOUSE*,*NOUSE*,0,0,0,0,0,0,0,0
62,62,*NOUSE*,*NOUSE*,0,0,0,0,0,0,0,0
63,63,*NOUSE*,*NOUSE*,0,0,0,0,0,0,0,0
64,64,*NOUSE*,*NOUSE*,0,0,0,0,0,0,0,0
65,65,*NOUSE*,*NOUSE*,0,0,0,0,0,0,0,0
66,66,*NOUSE*,*NOUSE*,0,0,0,0,0,0,0,0
67,67,*NOUSE*,*NOUSE*,0,0,0,0,0,0,0,0
68,68,*NOUSE*,*NOUSE*,0,0,0,0,0,0,0,0
69,69,*NOUSE*,*NOUSE*,0,0,0,0,0,0,0,0
70,70,*NOUSE*,*NOUSE*,0,0,0,0,0,0,0,0
71,71,*NOUSE*,*NOUSE*,0,0,0,0,0,0,0,0
72,72,*NOUSE*,*NOUSE*,0,0,0,0,0,0,0,0
73,73,*NOUSE*,*NOUSE*,0,0,0,0,0,0,0,0
74,74,*NOUSE*,*NOUSE*,0,0,0,0,0,0,0,0
75,75,*NOUSE*,*NOUSE*,0,0,0,0,0,0,0,0
76,76,*NOUSE*,*NOUSE*,0,0,0,0,0,0,0,0
77,77,*NOUSE*,*NOUSE*,0,0,0,0,0,0,0,0
78,78,*NOUSE*,*NOUSE*,0,0,0,0,0,0,0,0
79,79,*NOUSE*,*NOUSE*,0,0,0,0,0,0,0,0
80,80,*NOUSE*,*NOUSE*,0,0,0,0,0,0,0,0
81,81,*NOUSE*,*NOUSE*,0,0,0,0,0,0,0,0
82,82,*NOUSE*,*NOUSE*,0,0,0,0,0,0,0,0
83,83,*NOUSE*,*NOUSE*,0,0,0,0,0,0,0,0
84,84,*NOUSE*,*NOUSE*,0,0,0,0,0,0,0,0
85,85,*NOUSE*,*NOUSE*,0,0,0,0,0,0,0,0
86,86,*NOUSE*,*NOUSE*,0,0,0,0,0,0,0,0
87,87,*NOUSE*,*NOUSE*,0,0,0,0,0,0,0,0
88,88,*NOUSE*,*NOUSE*,0,0,0,0,0,0,0,0
89,89,*NOUSE*,*NOUSE*,0,0,0,0,0,0,0,0
90,90,*NOUSE*,*NOUSE*,0,0,0,0,0,0,0,0
91,91,DA7,*MANUAL*,64,450,43,102.00,67.53,15.35,879,59361.00
92,92,DB7,*MANUAL*,63,480,42,116.00,54.91,17.51,895,49142.00
93,93,DD5,*MANUAL*,63,510,44,97.00,55.77,17.40,895,49916.00
94,94,DA6,*MANUAL*,62,589,39,109.00,62.19,15.91,895,55664.00
95,95,DB6,*MANUAL*,66,621,37,102.00,60.23,14.12,895,53903.00
96,96,DD4,*MANUAL*,70,673,39,119.00,58.19,20.55,895,52077.00
97,97,DA5,*MANUAL*,59,749,34,131.00,56.85,21.22,895,50879.00
98,98,DB5,*MANUAL*,64,794,37,105.00,61.32,15.90,895,54885.00
99,99,DD3,*MANUAL*,64,858,35,124.00,75.24,20.02,895,67344.00
100,100,DA4,*MANUAL*,60,884,35,137.00,79.18,20.13,895,70868.00
101,101,DB4,*MANUAL*,65,956,34,139.00,70.23,24.80,895,62856.00
102,102,DA3,*MANUAL*,64,1003,34,126.00,68.03,24.00,895,60886.00
103,103,DD2,*MANUAL*,64,1047,36,155.00,80.65,26.13,895,72186.00
104,104,DA2,*MANUAL*,66,1090,36,160.00,89.66,29.90,895,80244.00
105,105,DB3,*MANUAL*,66,1115,35,143.00,80.23,25.16,895,71806.00
106,106,INVL1,*MANUAL*,73,1118,53,89.00,36.02,15.71,1365,49171.00
107,107,INVR1,*MANUAL*,51,1126,51,81.00,31.70,12.71,2103,66664.00
108,108,INDL1,*MANUAL*,73,1117,90,81.00,34.19,13.13,2103,71904.00
109,109,INDR1,*MANUAL*,50,1125,88,76.00,32.18,11.74,2103,67671.00
110,110,INV2,*MANUAL*,73,1064,50,71.00,28.30,11.64,2103,59518.00
111,111,IND2,*MANUAL*,58,1069,90,63.00,25.28,10.29,2103,53157.00
112,112,INV3,*MANUAL*,65,992,50,54.00,17.86,10.37,2103,37568.00
113,113,IND3,*MANUAL*,65,1004,92,56.00,21.78, 9.58,2103,45804.00
114,114,IND4,*MANUAL*,64,920,84,41.00,13.72, 7.00,2103,28847.00
115,115,INV4,*MANUAL*,56,884,48,54.00,14.43, 7.99,1365,19700.00
116,116,IND5,*MANUAL*,56,828,82,44.00,15.37, 7.41,1365,20979.00
117,117,INV5,*MANUAL*,70,780,63,48.00,19.31, 6.81,2103,40616.00
118,118,Z1,*MANUAL*,52,790,47,92.00,49.00,14.02,895,43857.00
119,119,Z2,*MANUAL*,52,766,54,85.00,33.83,13.85,2103,71145.00
120,120,Z3,*MANUAL*,66,740,51,96.00,37.93,14.43,2103,79769.00
121,121,Z4,*MANUAL*,70,720,49,103.00,57.40,17.07,891,51143.00
122,122,INV6,*MANUAL*,56,709,60,49.00,18.04, 7.47,2103,37943.00
123,123,IND6,*MANUAL*,67,658,77,58.00,15.40, 7.62,1365,21018.00
124,124,INV7,*MANUAL*,60,585,53,40.00,16.32, 6.11,1365,22272.00
125,125,IND7,*MANUAL*,61,538,81,32.00,16.45, 4.88,1365,22458.00
126,126,INV8,*MANUAL*,61,469,54,39.00,17.65, 6.88,1365,24089.00
127,127,IND8,*MANUAL*,64,439,78,47.00,19.74, 7.62,1358,26806.00
128,128,INV9,*MANUAL*,65,383,56,47.00,22.96, 7.34,895,20553.00
129,129,IND9,*MANUAL*,71,377,85,53.00,25.53, 8.79,1365,34851.00
130,130,BDUL,*MANUAL*,84,1092,69,169.00,103.21,29.60,895,92369.00
131,131,CANL,*MANUAL*,84,782,69,106.00,61.24,18.67,895,54806.00
132,132,ALML,*MANUAL*,77,869,80,133.00,76.74,16.90,895,68685.00
133,133,HSNL,*MANUAL*,80,722,54,141.00,78.37,21.90,895,70143.00
134,134,BDUR,*MANUAL*,40,1103,68,132.00,84.95,18.53,895,76029.00
135,135,ALMR,*MANUAL*,42,890,82,102.00,51.62,15.66,1365,70458.00
136,136,CANR,*MANUAL*,45,812,66,100.00,49.66,13.83,895,44448.00
137,137,HSNR,*MANUAL*,43,716,58,95.00,55.40,13.96,895,49579.00
138,138,V1L,*MANUAL*,89,1069,70,122.00,54.03,23.74,1365,73751.00
139,139,P1/2L,*MANUAL*,87,1011,51,109.00,51.68,21.19,1365,70544.00
140,140,HYP7LC1,*MANUAL*,87,1014,77,68.00,27.57,12.55,1365,37636.00
141,141,V2L,*MANUAL*,87,965,58,98.00,32.42,19.18,1365,44247.00
142,142,P3/4L,*MANUAL*,83,911,51,104.00,47.52,17.32,1365,64858.00
143,143,HYP7LC2,*MANUAL*,83,883,77,64.00,24.85,11.70,1365,33922.00
144,144,V3L,*MANUAL*,85,853,57,86.00,31.34,16.10,1365,42773.00
145,145,CCLP,*MANUAL*,82,808,48,132.00,63.73,27.31,1365,86997.00
146,146,HYP7LC3,*MANUAL*,81,738,76,57.00,19.23,10.87,2103,40443.00
147,147,P5/6L,*MANUAL*,82,763,51,66.00,32.86,13.95,1365,44848.00
148,148,V4L,*MANUAL*,87,675,60,76.00,31.90,14.38,1365,43549.00
149,149,HYP7LC4,*MANUAL*,82,617,74,64.00,18.67,10.35,2103,39267.00
150,150,QL,*MANUAL*,78,552,73,62.00,30.64, 8.78,1365,41818.00
151,151,V5L,*MANUAL*,79,523,64,67.00,32.59,11.03,1365,44491.00
152,152,P9/10L,*MANUAL*,79,493,55,67.00,32.27,11.25,1365,44047.00
153,153,HYP7LC5,*MANUAL*,79,481,77,63.00,23.49,10.49,1365,32062.00
154,154,V6L,*MANUAL*,82,434,62,57.00,24.91,10.95,1365,33998.00
155,155,P11/12L,*MANUAL*,83,353,57,76.00,35.75,16.57,755,26992.00
156,156,IML,*MANUAL*,78,389,53,78.00,30.10,13.35,895,26938.00
157,157,HYP7LC6,*MANUAL*,81,299,81,64.00,28.58,10.28,823,23523.00
158,158,V1R,*MANUAL*,37,1073,70,92.00,42.44,15.89,1365,57932.00
159,159,P1/2R,*MANUAL*,40,1008,54,75.00,43.10,12.72,1365,58825.00
160,160,HYP7RC1,*MANUAL*,40,1058,85,62.00,25.55,10.91,2103,53739.00
161,161,V2R,*MANUAL*,39,962,58,72.00,32.84,12.77,1365,44827.00
162,162,P3/4R,*MANUAL*,38,908,55,71.00,33.10,14.25,1365,45180.00
163,163,HYP7RC2,*MANUAL*,41,966,80,59.00,21.22, 9.83,2103,44619.00
164,164,V3R,*MANUAL*,41,836,59,61.00,24.53,10.93,1365,33479.00
165,165,P5/6R,*MANUAL*,41,788,52,73.00,39.39, 9.42,895,35250.00
166,166,HYP7RC3,*MANUAL*,40,767,73,60.00,17.59, 9.48,2103,37001.00
167,167,V4R,*MANUAL*,44,694,60,58.00,28.63,12.44,895,25625.00
168,168,P7/8R,*MANUAL*,44,649,52,64.00,38.16,10.16,895,34152.00
169,169,HYP7RC4,*MANUAL*,46,647,79,49.00,21.98, 7.06,1365,30007.00
170,170,QR,*MANUAL*,44,625,59,53.00,24.36, 9.58,1365,33254.00
171,171,M,*MANUAL*,48,592,71,52.00,16.25,10.59,1365,22182.00
172,172,V5R,*MANUAL*,43,537,67,54.00,24.33, 9.98,1365,33216.00
173,173,P9/10R,*MANUAL*,43,499,59,67.00,31.15, 9.75,1365,42525.00
174,174,HYP7RC5,*MANUAL*,46,460,78,55.00,18.71, 8.41,1365,25542.00
175,175,V6R,*MANUAL*,46,425,68,60.00,22.55,10.04,1365,30777.00
176,176,P11/12R,*MANUAL*,49,357,63,92.00,39.85,14.41,1365,54391.00
177,177,HYP7RC6,*MANUAL*,51,301,82,61.00,23.66, 7.27,1365,32291.00
178,178,IMR,*MANUAL*,51,395,59,87.00,38.02,12.69,895,34030.00
179,179,VL1,*MANUAL*,83,1597,57,162.00,85.58,31.36,847,72484.00
180,180,VL2,*MANUAL*,81,1568,45,137.00,66.39,27.09,895,59421.00
181,181,VL3,*MANUAL*,79,1519,38,159.00,82.45,29.15,895,73793.00
182,182,VL4,*MANUAL*,88,1470,47,146.00,79.16,26.18,895,70850.00
183,183,VL5,*MANUAL*,80,1422,39,164.00,85.52,31.34,861,73633.00
184,184,VL6,*MANUAL*,86,1407,43,180.00,85.39,28.77,876,74801.00
185,185,DL1,*MANUAL*,80,1599,82,158.00,65.97,32.60,895,59045.00
186,186,DL2,*MANUAL*,80,1564,90,151.00,94.60,25.67,895,84667.00
187,187,DL3,*MANUAL*,80,1515,95,163.00,76.05,31.75,895,68066.00
188,188,DL4,*MANUAL*,86,1462,92,187.00,102.55,35.09,834,85528.00
189,189,DL5,*MANUAL*,78,1411,99,176.00,101.52,26.89,895,90863.00
190,190,DL6,*MANUAL*,85,1390,92,180.00,91.89,30.31,895,82239.00
191,191,VR1,*MANUAL*,46,1587,52,178.00,74.85,27.40,889,66543.00
192,192,VR2,*MANUAL*,49,1558,43,125.00,63.05,19.22,895,56431.00
193,193,VR3,*MANUAL*,52,1522,37,135.00,66.11,18.90,895,59166.00
194,194,VR4,*MANUAL*,46,1463,45,142.00,76.03,21.11,895,68048.00
195,195,VR5,*MANUAL*,56,1418,36,151.00,78.67,29.23,895,70407.00
196,196,VR6,*MANUAL*,48,1391,42,128.00,56.07,19.82,895,50187.00
197,197,DR1,*MANUAL*,44,1589,80,111.00,54.76,18.82,895,49012.00
198,198,DR2,*MANUAL*,47,1560,87,140.00,75.86,22.77,894,67820.00
199,199,DR3,*MANUAL*,51,1520,93,135.00,78.90,22.31,895,70614.00
200,200,DR4,*MANUAL*,44,1475,87,139.00,83.43,18.69,895,74666.00
201,201,DR5,*MANUAL*,52,1420,99,162.00,89.28,29.94,871,77759.00
202,202,DR6,*MANUAL*,46,1401,87,124.00,65.95,17.19,895,59025.00
203,203,VL18,*MANUAL*,73,449,46,89.00,40.22,18.91,895,35999.00
204,204,VL17,*MANUAL*,71,561,48,92.00,43.77,17.59,895,39178.00
205,205,VL16,*MANUAL*,78,690,46,91.00,42.78,14.62,895,38287.00
206,206,VL15,*MANUAL*,72,778,41,114.00,60.81,16.80,895,54425.00
207,207,P7/8L,*MANUAL*,84,620,51,74.00,31.55,13.70,1365,43061.00
208,208,CCLA,*MANUAL*,80,841,48,156.00,89.03,24.09,895,79682.00
209,209,VL14,*MANUAL*,74,870,42,117.00,58.38,18.74,895,52251.00
210,210,VL13,*MANUAL*,71,911,39,99.00,60.41,17.30,895,54065.00
211,211,VL12,*MANUAL*,77,972,40,133.00,53.05,25.74,1365,72414.00
212,212,VL11,*MANUAL*,73,1030,37,135.00,71.10,26.45,895,63633.00
213,213,VL10,*MANUAL*,80,1126,44,160.00,75.17,23.94,895,67279.00
214,214,VL9,*MANUAL*,77,1183,39,144.00,74.45,27.86,883,65740.00
215,215,VL8,*MANUAL*,82,1229,44,127.00,80.36,21.98,819,65814.00
216,216,VL7,*MANUAL*,80,1286,38,152.00,78.27,26.81,895,70053.00
217,217,VR19,*MANUAL*,51,437,50,74.00,34.98,12.60,1365,47743.00
218,218,VR18,*MANUAL*,48,538,51,66.00,30.88,10.87,1365,42147.00
219,219,VR17,*MANUAL*,54,628,43,88.00,47.62,14.07,895,42623.00
220,220,VR16,*MANUAL*,48,714,45,80.00,37.40,14.45,1365,51047.00
221,221,VR15,*MANUAL*,52,817,43,106.00,52.18,13.55,895,46699.00
222,222,VR14,*MANUAL*,45,876,41,111.00,52.91,17.05,895,47358.00
223,223,VR13,*MANUAL*,49,943,41,104.00,45.62,17.34,1365,62277.00
224,224,VR12,*MANUAL*,47,997,41,102.00,47.61,21.18,1365,64989.00
225,225,CCRP,*MANUAL*,47,1037,50,127.00,73.69,20.58,895,65953.00
226,226,CCRA,*MANUAL*,46,1054,49,144.00,83.23,22.90,895,74493.00
227,227,VR11,*MANUAL*,51,1080,39,104.00,57.47,20.56,1365,78452.00
228,228,VR10,*MANUAL*,47,1148,40,108.00,54.57,22.05,1365,74494.00
229,229,VR9,*MANUAL*,53,1193,35,164.00,72.29,24.15,895,64698.00
230,230,VR8,*MANUAL*,50,1238,38,154.00,80.40,23.90,885,71151.00
231,231,VR7,*MANUAL*,57,1298,36,137.00,72.80,20.75,1365,99374.00
232,232,DR20,*MANUAL*,59,442,88,74.00,39.52,12.04,895,35371.00
233,233,DR19,*MANUAL*,56,501,91,79.00,42.56,12.17,895,38091.00
234,234,DR18,*MANUAL*,56,591,89,69.00,34.09,11.53,1365,46532.00
235,235,DR17,*MANUAL*,57,677,90,85.00,38.64,13.80,1365,52748.00
236,236,DR16,*MANUAL*,51,755,90,93.00,39.89,15.00,1365,54456.00
237,237,DR15,*MANUAL*,56,850,96,103.00,53.58,16.73,895,47950.00
238,238,DR14,*MANUAL*,49,911,92,98.00,47.66,16.40,895,42659.00
239,239,DR13,*MANUAL*,57,967,99,105.00,51.08,18.68,1365,69729.00
240,240,DR12,*MANUAL*,50,1026,98,123.00,53.92,21.42,1365,73594.00
241,241,DR11,*MANUAL*,55,1093,105,133.00,63.69,20.63,1365,86933.00
242,242,DR10,*MANUAL*,47,1145,103,104.00,41.76,20.15,1365,56997.00
243,243,DR9,*MANUAL*,51,1179,101,170.00,69.61,24.21,1365,95011.00
244,244,DR8,*MANUAL*,47,1266,101,119.00,65.04,18.71,895,58207.00
245,245,DR7,*MANUAL*,54,1287,102,150.00,91.53,19.60,895,81921.00
246,246,DL20,*MANUAL*,75,421,85,71.00,35.42,11.37,895,31699.00
247,247,DL19,*MANUAL*,70,472,87,86.00,51.29,12.46,895,45905.00
248,248,DL18,*MANUAL*,71,526,89,74.00,37.93,10.79,895,33945.00
249,249,DL17,*MANUAL*,72,626,89,92.00,45.15,13.25,895,40409.00
250,250,DL16,*MANUAL*,73,709,90,83.00,46.70,11.57,895,41799.00
251,251,DL15,*MANUAL*,73,823,92,108.00,50.92,15.30,895,45575.00
252,252,DL14,*MANUAL*,72,865,93,101.00,46.44,17.26,895,41564.00
253,253,DL13,*MANUAL*,74,940,95,122.00,59.07,15.83,895,52870.00
254,254,DL12,*MANUAL*,78,996,94,124.00,66.72,17.46,895,59718.00
255,255,Dl11,*MANUAL*,75,1058,102,121.00,62.90,19.91,1365,85860.00
256,256,Dl10,*MANUAL*,77,1112,104,110.00,50.84,23.72,1365,69393.00
257,257,Dl9,*MANUAL*,72,1168,105,147.00,67.64,28.20,1365,92324.00
258,258,Dl8,*MANUAL*,81,1202,102,152.00,55.64,27.00,1365,75950.00
259,259,Dl7,*MANUAL*,70,1303,103,170.00,95.01,28.89,895,85033.00
260,260,HMC,*MANUAL*,68,1278,107,181.00,89.96,35.20,895,80511.00
261,261,TR,*MANUAL*,60,213,73,79.00,34.56,11.90,895,30927.00
262,262,PLMR,*MANUAL*,60,231,68,106.00,56.06,13.69,895,50173.00
263,263,PHSHR,*MANUAL*,59,244,74,99.00,63.79,13.77,895,57096.00
264,264,ALNR,*MANUAL*,60,258,81,109.00,60.95,17.02,895,54547.00
265,265,PVCR,*MANUAL*,56,268,70,99.00,61.11,11.52,889,54327.00
266,266,LUAR,*MANUAL*,56,277,77,120.00,72.28,13.37,895,64690.00
267,267,PHBR,*MANUAL*,55,290,73,99.00,61.96,10.44,895,55453.00
268,268,PHAR,*MANUAL*,57,294,62,104.00,63.10,12.49,895,56478.00
269,269,PVQR,*MANUAL*,55,311,70,82.00,51.78, 9.97,895,46339.00
270,270,REPVR,*MANUAL*,55,335,74,89.00,52.61,11.52,895,47086.00
271,271,K',*MANUAL*,59,320,82,100.00,62.00,15.69,895,55488.00
272,272,TL,*MANUAL*,74,224,73,72.00,35.60,12.33,895,31860.00
273,273,PLML,*MANUAL*,74,206,67,88.00,53.09,14.18,885,46982.00
274,274,PHSHL,*MANUAL*,75,245,70,100.00,60.10,16.11,895,53787.00
275,275,ALNL,*MANUAL*,75,258,78,101.00,60.89,14.45,895,54495.00
276,276,PVCL,*MANUAL*,77,270,68,108.00,61.08,14.22,895,54668.00
277,277,LUAL,*MANUAL*,78,283,71,118.00,75.62,15.92,865,65410.00
278,278,PHBL,*MANUAL*,78,295,71,102.00,66.10,12.70,895,59162.00
279,279,PHAL,*MANUAL*,77,298,59,104.00,57.75,16.00,895,51684.00
280,280,PVQL,*MANUAL*,80,312,66,84.00,51.33,12.65,895,45936.00
281,281,REPVL,*MANUAL*,79,334,67,92.00,56.11,13.38,889,49886.00
282,282,SPH,*MANUAL*,78,353,63,113.00,63.15,18.15,895,56516.00
283,283,K,*MANUAL*,74,305,81,98.00,58.83,12.49,895,52655.00
284,284,DR21,*MANUAL*,62,295,86,75.00,48.18, 9.31,895,43124.00
285,285,REPD,*MANUAL*,70,323,86,99.00,50.16,14.92,895,44891.00
286,286,F,*MANUAL*,66,307,70,121.00,63.09,12.14,895,56467.00
287,287,B,*MANUAL*,66,284,55,72.00,35.17,10.04,1365,48012.00
288,288,dva,*MANUAL*,67,283,72,98.00,56.39,11.04,1365,76974.00
289,289,dep,*MANUAL*,67,268,79,92.00,59.17,11.24,895,52959.00
290,290,DL21,*MANUAL*,68,236,82,82.00,46.92,13.21,895,41995.00
291,291,VL19,*MANUAL*,70,254,58,103.00,55.79,15.37,872,48653.00
292,292,VR20,*MANUAL*,60,256,58,96.00,53.57,14.49,895,47941.00
293,293,YPDA,*MANUAL*,65,320,48,90.00,43.22,13.07,895,38678.00
294,294,U,*MANUAL*,69,330,64,101.00,58.00,11.68,895,51910.00
295,295,DD6,*MANUAL*,66,346,59,126.00,79.12,13.30,841,66538.00
296,296,DA9,*MANUAL*,58,334,57,98.00,56.90,13.08,895,50923.00
297,297,PVPR,*MANUAL*,58,351,57,113.00,70.68,16.89,895,63261.00
298,298,DA8,*MANUAL*,71,339,53,112.00,56.21,18.42,895,50308.00
299,299,PVPL,*MANUAL*,71,360,51,110.00,62.19,17.37,895,55656.00
300,300,PVT,*MANUAL*,60,372,50,77.00,45.72,11.75,895,40922.00
301,301,VIRR,*MANUAL*,62,350,77,97.00,56.79,10.90,872,49519.00
302,302,VIRL,*MANUAL*,72,352,77,94.00,55.08,12.39,895,49294.00
303,303,dvc,*MANUAL*,67,254,70,96.00,64.07,10.36,895,57342.00
304,304,PVR,*MANUAL*,67,200,79,94.00,48.00,12.45,1365,65514.00
305,305,HYP71,*MANUAL*,67,203,59,95.00,47.07,12.63,895,42130.00
306,306,HYP72,*MANUAL*,68,185,64,82.00,44.66,13.23,895,39975.00
307,307,HYP8,*MANUAL*,67,155,65,73.00,36.94,11.53,895,33065.00
308,308,HYP9,*MANUAL*,67,112,63,75.00,34.11,11.95,893,30459.00
309,309,HYP101,*MANUAL*,65,103,70,70.00,40.20,11.22,895,35975.00
310,310,HYP102,*MANUAL*,65,80,67,68.00,31.91,11.37,895,28556.00
311,311,HYP11,*MANUAL*,71,146,74,63.00,37.24,10.36,895,33327.00
312,312,VPI3D,*MANUAL*,60,1174,81,182.00,93.42,24.57,839,78381.00
313,313,VPI3V,*MANUAL*,63,1178,52,171.00,78.92,33.86,811,64007.00
314,314,VPI1,*MANUAL*,64,1181,86,131.00,75.53,20.93,895,67600.00
315,315,VPI2V,*MANUAL*,65,1186,49,220.00,128.76,37.55,869,111895.00
316,316,VPI2DL,*MANUAL*,78,1181,74,227.00,109.29,39.80,895,97816.00
317,317,VPI2DR,*MANUAL*,49,1181,77,165.00,89.10,27.25,889,79213.00
318,318,PM8,*MANUAL*,62,1193,56,175.00,93.47,28.22,895,83658.00
319,319,G2L,*MANUAL*,77,1200,59,223.00,117.82,41.90,895,105450.00
320,320,G2R,*MANUAL*,56,1204,49,189.00,111.04,35.82,895,99384.00
321,321,G1P,*MANUAL*,53,1197,87,125.00,63.86,19.79,1365,87170.00
322,322,M5,*MANUAL*,76,1206,91,208.00,119.52,33.14,889,106252.00
323,323,MC3V,*MANUAL*,68,1208,47,166.00,84.43,27.09,1365,115249.00
324,324,MC3DL,*MANUAL*,81,1212,83,205.00,112.43,31.67,828,93088.00
325,325,MC3DR,*MANUAL*,45,1214,80,122.00,64.50,18.23,895,57730.00
326,326,PM7D,*MANUAL*,63,1215,101,158.00,75.10,24.80,1365,102509.00
327,327,PM7VL,*MANUAL*,79,1216,62,175.00,97.81,24.02,895,87544.00
328,328,PM7VR,*MANUAL*,47,1216,60,113.00,60.48,15.21,1365,82549.00
329,329,I6,*MANUAL*,77,1237,95,221.00,134.98,29.93,895,120803.00
330,330,M1,*MANUAL*,51,1240,94,165.00,107.10,20.40,895,95851.00
331,331,PM6D,*MANUAL*,64,1237,98,146.00,91.56,21.31,1365,124981.00
332,332,PM6VL,*MANUAL*,77,1239,63,160.00,103.59,22.15,895,92714.00
333,333,PM6VR,*MANUAL*,52,1239,62,123.00,75.94,18.76,895,67966.00
334,334,I5,*MANUAL*,65,1246,52,177.00,107.86,24.82,895,96531.00
335,335,G1AL,*MANUAL*,76,1248,84,169.00,109.68,25.09,895,98164.00
336,336,G1AR,*MANUAL*,47,1251,81,115.00,53.45,20.72,1365,72964.00
337,337,M2L,*MANUAL*,77,1254,66,226.00,138.16,36.33,891,123105.00
338,338,M2R,*MANUAL*,51,1255,66,183.00,119.54,26.54,891,106506.00
339,339,PM5VL,*MANUAL*,69,1258,59,191.00,119.66,25.69,799,95611.00
340,340,PM5VR,*MANUAL*,61,1261,58,201.00,128.84,26.89,895,115313.00
341,341,PM5L,*MANUAL*,77,1265,76,186.00,130.48,23.38,895,116778.00
342,342,PM5R,*MANUAL*,53,1264,76,155.00,91.72,24.33,895,82087.00
343,343,PM5DL,*MANUAL*,72,1264,90,183.00,102.54,27.89,895,91772.00
344,344,PM5DR,*MANUAL*,58,1271,92,174.00,103.20,23.24,895,92364.00
345,345,I4,*MANUAL*,64,1255,99,178.00,118.66,21.42,895,106200.00
346,346,MC2V,*MANUAL*,66,1276,62,176.00,93.69,29.67,895,83856.00
347,347,MC2DL,*MANUAL*,72,1276,83,171.00,102.51,25.31,895,91746.00
348,348,MC2DR,*MANUAL*,56,1278,80,164.00,85.03,20.64,879,74743.00
349,349,M4,*MANUAL*,66,1424,77,218.00,86.23,40.25,895,77173.00
350,350,M3L,*MANUAL*,74,1424,59,230.00,138.66,40.36,879,121883.00
351,351,M3R,*MANUAL*,62,1417,58,216.00,118.64,39.68,895,106183.00
352,352,NSML,*MANUAL*,80,1461,59,212.00,145.34,31.82,895,130081.00
353,353,NSMR,*MANUAL*,56,1460,51,180.00,106.46,33.40,895,95278.00
354,354,I3,*MANUAL*,63,1468,85,207.00,145.81,27.25,787,114753.00
355,355,PM4L,*MANUAL*,79,1474,70,213.00,111.45,47.37,895,99744.00
356,356,PM4R,*MANUAL*,52,1477,61,172.00,96.38,26.29,889,85681.00
357,357,PM4DL,*MANUAL*,71,1473,86,175.00,107.61,24.05,895,96315.00
358,358,PM4DR,*MANUAL*,55,1472,82,184.00,121.20,20.59,895,108476.00
359,359,PM4VL,*MANUAL*,74,1475,50,174.00,101.77,25.55,895,91084.00
360,360,PM4VR,*MANUAL*,61,1475,46,136.00,85.55,18.90,875,74858.00
361,361,MI,*MANUAL*,62,1484,83,235.00,150.69,38.03,879,132457.00
362,362,MCL,*MANUAL*,76,1484,62,243.00,156.03,47.39,825,128722.00
363,363,I2L,*MANUAL*,83,1481,57,242.00,150.58,38.17,895,134767.00
364,364,MCR,*MANUAL*,59,1484,56,234.00,134.06,36.92,891,119445.00
365,365,I2R,*MANUAL*,52,1480,48,218.00,130.22,30.72,895,116545.00
366,366,MC1V,*MANUAL*,68,1497,48,161.00,99.53,21.38,895,89083.00
367,367,PM1VL,*MANUAL*,78,1501,55,254.00,135.88,54.87,867,117810.00
368,368,PM1VR,*MANUAL*,57,1499,49,246.00,152.19,39.10,821,124947.00
369,369,PM1L,*MANUAL*,79,1500,65,254.00,153.38,57.21,895,137279.00
370,370,PM1R,*MANUAL*,54,1498,57,249.00,122.15,46.38,895,109323.00
371,371,MC1DL,*MANUAL*,76,1499,80,157.00,91.00,23.93,857,77983.00
372,372,MC1DR,*MANUAL*,52,1499,71,168.00,75.44,21.64,849,64045.00
373,373,PM1DR,*MANUAL*,55,1500,80,206.00,101.86,39.11,895,91167.00
374,374,PM1DL,*MANUAL*,68,1492,81,200.00,82.40,45.09,895,73744.00
375,375,I1L,*MANUAL*,78,1520,62,234.00,141.06,40.06,895,126253.00
376,376,I1R,*MANUAL*,55,1517,54,187.00,102.02,36.92,895,91306.00
377,377,E3D,*MANUAL*,63,1508,87,161.00,72.88,31.32,895,65228.00
378,378,PM3L,*MANUAL*,76,1537,67,132.00,76.20,25.20,895,68198.00
379,379,PM3R,*MANUAL*,54,1537,61,119.00,68.69,21.29,895,61477.00
380,380,E3VR,*MANUAL*,53,1547,52,167.00,80.92,33.38,895,72422.00
381,381,E3VL,*MANUAL*,79,1547,59,231.00,111.08,43.99,857,95197.00
382,382,E1D,*MANUAL*,62,1547,85,179.00,95.68,39.31,895,85638.00
383,383,PM3DR,*MANUAL*,58,1535,79,104.00,52.47,16.40,895,46958.00
384,384,PM3DL,*MANUAL*,68,1570,85,124.00,58.46,21.78,895,52325.00
385,385,PM3VL,*MANUAL*,72,1570,57,185.00,81.44,22.37,875,71257.00
386,386,PM3VR,*MANUAL*,56,1570,53,167.00,79.80,27.90,895,71425.00
387,387,E1VL,*MANUAL*,78,1577,62,220.00,120.04,48.11,895,107440.00
388,388,E1VR,*MANUAL*,52,1580,57,199.00,106.22,35.88,895,95067.00
389,389,PM2D2,*MANUAL*,63,1583,86,207.00,110.90,37.85,895,99252.00
390,390,PM2D1,*MANUAL*,62,1606,87,200.00,90.11,44.99,869,78304.00
391,391,E2D,*MANUAL*,62,1643,87,160.00,66.02,32.42,879,58032.00
392,392,E2VL,*MANUAL*,72,1645,62,196.00,85.22,42.38,895,76275.00
393,393,PM2VL1,*MANUAL*,74,1616,62,238.00,104.52,53.39,895,93541.00
394,394,PM2VL2,*MANUAL*,75,1599,62,240.00,139.71,43.44,895,125038.00
395,395,E2VR,*MANUAL*,53,1645,61,174.00,68.46,39.26,895,61275.00
396,396,PM2VR1,*MANUAL*,52,1619,59,208.00,100.08,42.21,895,89573.00
397,397,PM2VR2,*MANUAL*,52,1602,58,223.00,106.27,41.59,895,95110.00
398,398,HYP7ABLV,*MANUAL*,88,1149,70,107.00,36.12,17.65,2103,75960.00
399,399,HYP7ABLD,*MANUAL*,87,1134,81,94.00,37.27,17.90,2103,78376.00
400,400,AMSHL,*MANUAL*,88,1206,85,167.00,67.12,27.70,1365,91624.00
401,401,H2L,*MANUAL*,92,1235,75,121.00,61.19,24.76,1365,83524.00
402,402,HYP7ABR3,*MANUAL*,38,1141,66,76.00,34.78,15.32,1365,47470.00
403,403,HYP7ABRV,*MANUAL*,38,1163,62,75.00,34.08,12.96,2103,71667.00
404,404,HYP7ABRD,*MANUAL*,38,1176,80,98.00,46.98,15.58,1365,64126.00
405,405,H2R,*MANUAL*,36,1226,63,83.00,42.41,16.05,1365,57893.00
406,406,AMSHR,*MANUAL*,36,1237,82,86.00,40.35,14.85,1365,55082.00
407,407,ADESHL,*MANUAL*,88,1184,66,231.00,118.22,46.42,895,105810.00
408,408,RMGL,*MANUAL*,90,1209,62,181.00,108.79,27.72,895,97369.00
409,409,ADAL,*MANUAL*,90,1230,60,190.00,127.20,25.71,895,113841.00
410,410,ADEL,*MANUAL*,89,1247,63,198.00,128.44,32.74,895,114958.00
411,411,AINL,*MANUAL*,89,1257,77,197.00,125.36,32.10,895,112201.00
412,412,AVJL,*MANUAL*,89,1271,84,217.00,138.91,35.78,895,124326.00
413,413,FLPL,*MANUAL*,91,1260,62,208.00,126.24,34.73,895,112983.00
414,414,RICL,*MANUAL*,91,1275,59,190.00,128.70,26.78,885,113901.00
415,415,AVDL,*MANUAL*,91,1279,73,218.00,136.01,29.62,893,121453.00
416,416,ASJL,*MANUAL*,90,1294,60,167.00,82.17,24.69,1363,111997.00
417,417,ASEL,*MANUAL*,90,1302,77,151.00,90.94,28.11,1363,123945.00
418,418,ASHL,*MANUAL*,90,1325,75,153.00,97.71,26.67,1358,132689.00
419,419,AUAL,*MANUAL*,91,1319,59,202.00,126.39,27.56,895,113116.00
420,420,AWCL,*MANUAL*,92,1343,62,161.00,103.24,20.55,895,92400.00
421,421,SIBDL,*MANUAL*,91,1357,56,232.00,139.66,42.79,895,124995.00
422,422,RMDL,*MANUAL*,90,1371,56,224.00,128.33,33.70,895,114857.00
423,423,AFDL,*MANUAL*,90,1350,78,173.00,100.46,37.40,1359,136524.00
424,424,AVAL,*MANUAL*,91,1369,71,198.00,126.29,23.34,895,113029.00
425,425,RMDVL,*MANUAL*,91,1388,76,201.00,119.94,31.56,895,107346.00
426,426,SMDVL,*MANUAL*,86,1364,85,207.00,131.00,32.13,797,104409.00
427,427,AVHL,*MANUAL*,88,1290,88,191.00,119.78,33.79,889,106487.00
428,428,ASGL,*MANUAL*,84,1308,90,176.00,121.90,26.25,893,108857.00
429,429,AWBL,*MANUAL*,87,1331,89,193.00,114.79,36.02,895,102735.00
430,430,ADFL,*MANUAL*,82,1338,81,177.00,126.35,21.58,895,113079.00
431,431,SAAVL,*MANUAL*,81,1369,80,233.00,159.02,30.30,875,139145.00
432,432,RIAL,*MANUAL*,80,1353,82,229.00,145.33,29.64,895,130073.00
433,433,AVEL,*MANUAL*,83,1358,67,220.00,139.37,28.53,885,123340.00
434,434,AIBL,*MANUAL*,82,1336,66,191.00,129.98,25.65,895,116334.00
435,435,RIBL,*MANUAL*,82,1310,71,205.00,127.27,29.36,895,113905.00
436,436,RIML,*MANUAL*,82,1291,68,199.00,125.58,26.44,895,112397.00
437,437,AIZL,*MANUAL*,84,1272,67,196.00,131.64,27.72,895,117818.00
438,438,AWAL,*MANUAL*,81,1322,81,179.00,126.87,19.64,895,113553.00
439,439,AVBL,*MANUAL*,82,1283,82,213.00,139.87,22.58,895,125188.00
440,440,ADESHR,*MANUAL*,41,1194,58,146.00,77.77,26.99,895,69607.00
441,441,RMGR,*MANUAL*,40,1244,52,125.00,75.00,20.47,895,67121.00
442,442,ADAR,*MANUAL*,40,1259,52,152.00,98.52,19.66,895,88179.00
443,443,ADER,*MANUAL*,41,1260,64,168.00,112.77,21.63,895,100930.00
444,444,AINR,*MANUAL*,41,1271,74,145.00,100.80,15.85,895,90217.00
445,445,AVJR,*MANUAL*,41,1284,78,172.00,115.17,22.45,861,99159.00
446,446,FLPR,*MANUAL*,40,1272,58,152.00,104.67,17.88,895,93676.00
447,447,RICR,*MANUAL*,41,1285,51,149.00,101.50,19.73,895,90846.00
448,448,AVDR,*MANUAL*,40,1288,64,157.00,107.08,16.97,883,94550.00
449,449,ASJR,*MANUAL*,42,1308,51,115.00,71.16,17.94,1365,97130.00
450,450,ASER,*MANUAL*,40,1310,71,120.00,68.87,13.87,1363,93869.00
451,451,ASHR,*MANUAL*,40,1332,66,117.00,79.01,17.39,1365,107854.00
452,452,AUAR,*MANUAL*,41,1328,50,160.00,103.53,22.90,895,92657.00
453,453,AWCR,*MANUAL*,41,1348,54,137.00,95.43,13.71,895,85409.00
454,454,SIBDR,*MANUAL*,45,1361,53,179.00,122.61,23.96,895,109739.00
455,455,RMDR,*MANUAL*,43,1375,52,159.00,104.18,22.21,895,93244.00
456,456,AFDR,*MANUAL*,42,1357,68,149.00,97.82,16.18,881,86176.00
457,457,AVAR,*MANUAL*,42,1374,65,144.00,92.69,17.72,895,82957.00
458,458,RMDVR,*MANUAL*,42,1393,70,163.00,96.86,19.26,895,86692.00
459,459,SMDVR,*MANUAL*,44,1367,80,195.00,115.10,26.83,855,98411.00
460,460,AVHR,*MANUAL*,44,1297,86,169.00,116.65,20.48,895,104398.00
461,461,ASGR,*MANUAL*,46,1314,86,173.00,107.59,20.97,895,96292.00
462,462,AWBR,*MANUAL*,43,1333,83,166.00,101.85,20.49,879,89529.00
463,463,AIBR,*MANUAL*,48,1344,75,143.00,101.42,17.83,855,86714.00
464,464,SAAVR,*MANUAL*,52,1373,79,206.00,141.11,26.58,847,119521.00
465,465,RIAR,*MANUAL*,52,1359,79,188.00,123.68,22.12,895,110693.00
466,466,AWAR,*MANUAL*,51,1328,78,143.00,103.04,18.83,813,83774.00
467,467,AVBR,*MANUAL*,49,1299,74,146.00,98.34,22.64,895,88015.00
468,468,AVER,*MANUAL*,51,1362,65,178.00,119.76,23.96,895,107188.00
469,469,SIBVR,*MANUAL*,51,1339,62,150.00,104.12,21.33,889,92559.00
470,470,RIBR,*MANUAL*,51,1318,65,168.00,103.41,25.05,857,88620.00
471,471,RIMR,*MANUAL*,51,1298,56,137.00,95.63,21.72,895,85589.00
472,472,AIZR,*MANUAL*,48,1282,63,149.00,96.64,28.43,895,86495.00
473,473,GLRL,*MANUAL*,80,1366,60,236.00,153.37,36.86,867,132976.00
474,474,GLRVL,*MANUAL*,76,1370,52,247.00,150.18,47.26,895,134409.00
475,475,GLRVR,*MANUAL*,60,1373,50,204.00,129.93,35.64,895,116288.00
476,476,GLRR,*MANUAL*,53,1373,60,207.00,111.98,31.80,895,100226.00
477,477,CEPDR,*MANUAL*,50,1371,95,181.00,111.78,29.03,895,100046.00
478,478,CEPDL,*MANUAL*,80,1372,95,225.00,129.57,41.59,895,115961.00
479,479,RID,*MANUAL*,63,1388,105,171.00,95.39,26.80,895,85374.00
480,480,ALA,*MANUAL*,63,1368,102,180.00,114.44,25.08,895,102428.00
481,481,GLRDL,*MANUAL*,74,1375,85,248.00,152.45,38.89,895,136440.00
482,482,GLRDR,*MANUAL*,59,1376,85,230.00,146.24,33.41,895,130884.00
483,483,URXR,*MANUAL*,59,1359,93,191.00,127.73,24.15,895,114318.00
484,484,URXL,*MANUAL*,71,1358,93,202.00,133.54,24.26,895,119515.00
485,485,ASKL,*MANUAL*,77,1341,94,162.00,99.33,26.28,1365,135580.00
486,486,ASKR,*MANUAL*,65,1343,94,196.00,132.02,23.50,895,118158.00
487,487,ADLL,*MANUAL*,74,1316,94,182.00,93.73,23.39,1365,127947.00
488,488,ADLR,*MANUAL*,57,1324,93,135.00,87.60,16.58,861,75426.00
489,489,ASIR,*MANUAL*,54,1305,88,153.00,97.44,20.35,895,87211.00
490,490,RIVR,*MANUAL*,49,1285,84,178.00,120.92,26.13,895,108226.00
491,491,ASIL,*MANUAL*,77,1298,89,166.00,113.69,21.67,886,100729.00
492,492,RIVL,*MANUAL*,80,1276,96,204.00,126.14,37.92,895,112893.00
493,493,G1,*MANUAL*,71,1343,26,164.00,88.75,28.72,895,79430.00
494,494,G2,*MANUAL*,71,1326,35,218.00,104.81,30.12,895,93808.00
495,495,W,*MANUAL*,71,1295,35,160.00,86.72,28.32,895,77616.00
496,496,EXC,*MANUAL*,71,1295,49,111.00,47.19,16.88,1365,64421.00
497,497,RIH,*MANUAL*,69,1355,47,220.00,149.05,20.10,639,95243.00
498,498,SAADL,*MANUAL*,77,1355,47,221.00,158.00,28.79,823,130034.00
499,499,SAADR,*MANUAL*,61,1357,47,223.00,155.38,25.65,894,138914.00
500,500,RMDDR,*MANUAL*,53,1363,41,193.00,120.58,31.08,895,107918.00
501,501,RMDDL,*MANUAL*,83,1362,44,225.00,138.94,39.08,895,124354.00
502,502,SMDDL,*MANUAL*,83,1347,44,202.00,135.95,26.65,895,121674.00
503,503,SMDDR,*MANUAL*,55,1346,38,172.00,118.16,20.50,895,105752.00
504,504,SMBVR,*MANUAL*,63,1342,46,203.00,136.49,24.24,876,119566.00
505,505,SMBVL,*MANUAL*,73,1340,48,221.00,141.72,23.69,895,126840.00
506,506,AVL,*MANUAL*,53,1332,52,185.00,111.82,22.65,895,100082.00
507,507,SIADR,*MANUAL*,51,1317,45,206.00,115.56,26.28,839,96953.00
508,508,SMBDL,*MANUAL*,80,1333,41,199.00,122.20,29.89,895,109372.00
509,509,SMBDR,*MANUAL*,57,1331,39,197.00,124.53,27.21,895,111454.00
510,510,SIADL,*MANUAL*,83,1328,52,198.00,137.45,27.31,849,116693.00
511,511,SIAVR,*MANUAL*,58,1313,50,205.00,124.05,31.57,895,111027.00
512,512,AIAR,*MANUAL*,63,1326,48,225.00,147.70,25.75,895,132194.00
513,513,AIAL,*MANUAL*,74,1325,51,231.00,146.50,28.40,895,131115.00
514,514,EXC DUCT,*MANUAL*,76,1309,56,188.00,104.72,26.61,895,93720.00
515,515,SIAVL,*MANUAL*,83,1314,46,198.00,128.54,32.85,895,115046.00
516,516,RIR,*MANUAL*,53,1349,52,209.00,131.06,29.87,895,117299.00
517,517,SIBVL,*MANUAL*,81,1347,55,228.00,145.94,26.07,895,130614.00
518,518,ADFR,*MANUAL*,52,1344,90,151.00,102.69,16.74,895,91907.00
519,519,AIML,*MANUAL*,73,1274,50,211.00,136.68,31.32,839,114671.00
520,520,AIYL,*MANUAL*,81,1270,53,224.00,145.82,26.60,895,130512.00
521,521,AVKL,*MANUAL*,82,1255,50,175.00,108.32,28.30,895,96946.00
522,522,EXC GL L,*MANUAL*,84,1197,48,179.00,111.67,26.82,895,99945.00
523,523,AIMR,*MANUAL*,62,1279,50,195.00,125.76,29.30,871,109533.00
524,524,AIYR,*MANUAL*,53,1283,47,182.00,124.05,24.20,895,111028.00
525,525,AVKR,*MANUAL*,49,1266,49,143.00,101.48,17.78,895,90825.00
526,526,EXC GL R,*MANUAL*,45,1207,42,147.00,86.41,22.07,895,77338.00
527,527,RIS,*MANUAL*,55,1268,37,172.00,111.03,20.81,893,99149.00
528,528,DB2,*MANUAL*,70,1282,31,173.00,110.94,24.48,883,97963.00
529,529,SABVL,*MANUAL*,72,1268,33,214.00,125.89,34.92,837,105370.00
530,530,SABVR,*MANUAL*,64,1273,32,242.00,141.55,33.70,895,126689.00
531,531,RIFL,*MANUAL*,72,1258,38,207.00,119.67,32.16,889,106390.00
532,532,RIFR,*MANUAL*,63,1255,32,183.00,116.59,30.63,895,104348.00
533,533,AVG,*MANUAL*,68,1231,29,172.00,107.29,28.45,840,90123.00
534,534,RIGL,*MANUAL*,73,1245,39,162.00,102.34,28.96,895,91591.00
535,535,SABD,*MANUAL*,60,1235,35,194.00,119.80,23.40,895,107219.00
536,536,DD1,*MANUAL*,73,1228,37,199.00,126.15,26.85,895,112902.00
537,537,DB1,*MANUAL*,71,1211,33,173.00,95.48,27.36,895,85454.00
538,538,RIGR,*MANUAL*,65,1199,30,181.00,93.98,28.04,895,84116.00
539,539,DA1,*MANUAL*,69,1183,33,172.00,106.11,23.42,895,94965.00
540,540,H1L,*MANUAL*,93,1403,65,166.00,71.12,29.28,1309,93092.00
541,541,H0L,*MANUAL*,92,1532,67,166.00,89.40,32.83,894,79921.00
542,542,H1R,*MANUAL*,39,1409,59,138.00,70.79,24.21,873,61802.00
543,543,H0R,*MANUAL*,39,1530,61,137.00,80.19,18.46,895,71768.00
544,544,BAGR,*MANUAL*,46,1423,61,181.00,106.64,20.86,801,85415.00
545,545,URBR,*MANUAL*,41,1441,67,181.00,117.93,24.78,875,103193.00
546,546,IL2R,*MANUAL*,41,1461,67,137.00,86.35,18.75,895,77285.00
547,547,BAGL,*MANUAL*,90,1423,67,181.00,115.02,32.52,773,88910.00
548,548,URBL,*MANUAL*,91,1444,72,232.00,162.62,28.95,745,121150.00
549,549,IL1l,*MANUAL*,90,1459,67,217.00,140.49,33.51,861,120965.00
550,550,RMEL,*MANUAL*,85,1409,68,212.00,130.67,32.08,895,116946.00
551,551,CEPSHVL,*MANUAL*,84,1409,53,205.00,116.69,41.83,895,104441.00
552,552,CEPSHDL,*MANUAL*,85,1406,82,240.00,126.71,46.01,895,113401.00
553,553,URYVL,*MANUAL*,85,1438,59,209.00,140.63,30.23,895,125861.00
554,554,OLQVL,*MANUAL*,84,1424,56,206.00,132.64,36.64,895,118711.00
555,555,RIPL,*MANUAL*,83,1424,71,232.00,158.65,29.06,895,141992.00
556,556,OLLL,*MANUAL*,83,1443,75,220.00,151.86,29.55,895,135914.00
557,557,URYDL,*MANUAL*,83,1422,85,240.00,148.70,37.99,895,133088.00
558,558,URADL,*MANUAL*,81,1436,86,243.00,158.18,40.88,781,123539.00
559,559,XXXl,*MANUAL*,91,1451,61,240.00,153.51,43.75,895,137389.00
560,560,RMER,*MANUAL*,48,1409,64,188.00,114.47,26.41,895,102450.00
561,561,CEPSHVR,*MANUAL*,48,1406,52,189.00,94.79,34.63,895,84833.00
562,562,CEPSHDR,*MANUAL*,47,1409,78,185.00,98.50,29.07,895,88154.00
563,563,RIPR,*MANUAL*,51,1423,68,197.00,113.54,29.63,895,101620.00
564,564,OLLR,*MANUAL*,50,1439,72,184.00,106.69,29.31,895,95485.00
565,565,URYDR,*MANUAL*,51,1426,84,231.00,133.48,30.93,823,109850.00
566,566,URADR,*MANUAL*,51,1442,86,228.00,132.34,32.48,895,118441.00
567,567,OLQVR,*MANUAL*,53,1422,51,184.00,120.41,23.76,886,106685.00
568,568,URYVR,*MANUAL*,49,1432,53,229.00,117.19,25.65,895,104885.00
569,569,IL1R,*MANUAL*,48,1445,60,171.00,115.87,24.70,871,100924.00
570,570,RMEV,*MANUAL*,68,1390,33,159.00,99.04,23.23,895,88637.00
571,571,CEPVL,*MANUAL*,73,1405,41,216.00,124.76,36.09,797,99430.00
572,572,CEPVR,*MANUAL*,65,1405,38,217.00,144.03,26.58,895,128903.00
573,573,IL1VL,*MANUAL*,72,1418,38,201.00,134.63,26.25,877,118073.00
574,574,URAVL,*MANUAL*,77,1433,43,221.00,140.82,39.15,825,116176.00
575,575,URAVR,*MANUAL*,64,1425,39,230.00,147.78,29.96,877,129600.00
576,576,IL1VR,*MANUAL*,70,1438,40,232.00,143.39,30.69,839,120303.00
577,577,IL2VR,*MANUAL*,64,1443,36,226.00,119.61,37.32,895,107052.00
578,578,CEPSOVR,*MANUAL*,54,1442,44,177.00,102.41,28.96,895,91660.00
579,579,IL2VL,*MANUAL*,74,1451,37,191.00,117.93,33.64,895,105543.00
580,580,CEPSOVL,*MANUAL*,83,1450,47,222.00,112.53,40.36,895,100711.00
581,581,RMED,*MANUAL*,66,1408,98,217.00,131.90,29.45,895,118049.00
582,582,OLQDL,*MANUAL*,73,1418,91,214.00,146.58,26.74,895,131186.00
583,583,OLQDR,*MANUAL*,60,1417,93,235.00,147.98,24.47,895,132443.00
584,584,IL1DR,*MANUAL*,59,1429,87,221.00,146.19,32.85,895,130836.00
585,585,IL1DL,*MANUAL*,73,1434,87,241.00,155.27,37.91,895,138964.00
586,586,IL2DL,*MANUAL*,80,1452,90,215.00,133.15,26.09,895,119171.00
587,587,CEPSODL,*MANUAL*,85,1464,83,238.00,153.28,39.99,895,137190.00
588,588,IL2DR,*MANUAL*,49,1459,86,173.00,110.90,25.31,895,99257.00
589,589,CEPSODR,*MANUAL*,43,1447,79,174.00,104.08,30.35,895,93152.00
590,590,IL2L,*MANUAL*,92,1475,69,195.00,112.89,34.18,895,101038.00
591,591,OLLSHL,*MANUAL*,92,1503,66,245.00,161.50,45.03,806,130166.00
592,592,OLQSHDL,*MANUAL*,92,1495,77,244.00,141.45,48.20,895,126597.00
593,593,OLQSHVL,*MANUAL*,91,1489,60,238.00,155.52,43.36,895,139192.00
594,594,ILSHL,*MANUAL*,90,1509,60,246.00,156.97,46.13,895,140490.00
595,595,OLLSOL,*MANUAL*,88,1483,82,240.00,128.03,55.49,895,114585.00
596,596,ILSHDL,*MANUAL*,84,1508,83,243.00,141.69,48.41,895,126813.00
597,597,OLQSOVL,*MANUAL*,86,1518,53,222.00,129.58,42.42,895,115972.00
598,598,ILSOL,*MANUAL*,87,1534,57,209.00,124.63,42.87,895,111546.00
599,599,ARCPVL,*MANUAL*,85,1554,58,225.00,132.73,45.87,895,118791.00
600,600,ARCADL,*MANUAL*,87,1591,70,232.00,108.73,52.51,895,97309.00
601,601,HYP1L,*MANUAL*,87,1520,80,232.00,135.72,44.15,895,121466.00
602,602,ARCPDL,*MANUAL*,83,1538,81,229.00,137.46,43.11,895,123029.00
603,603,AMSOL,*MANUAL*,86,1554,78,184.00,106.51,32.79,895,95325.00
604,604,HYP2L,*MANUAL*,88,1571,69,193.00,104.55,38.82,895,93572.00
605,605,XXXR,*MANUAL*,42,1453,57,199.00,109.55,29.73,895,98047.00
606,606,OLQSHDR,*MANUAL*,38,1488,70,161.00,96.74,24.77,895,86583.00
607,607,OLLSHR,*MANUAL*,39,1501,60,187.00,114.29,28.75,895,102294.00
608,608,OLQSHVR,*MANUAL*,40,1475,59,176.00,111.80,27.91,895,100062.00
609,609,ILSHR,*MANUAL*,41,1490,56,192.00,116.89,29.23,895,104620.00
610,610,OLLSOR,*MANUAL*,42,1478,76,183.00,104.99,35.15,895,93963.00
611,611,ILSHDR,*MANUAL*,43,1504,77,188.00,104.01,36.14,895,93086.00
612,612,OLQSOVR,*MANUAL*,45,1516,53,178.00,104.50,25.68,895,93528.00
613,613,ILSOR,*MANUAL*,45,1537,52,175.00,104.17,27.19,895,93233.00
614,614,ARCPVR,*MANUAL*,43,1556,58,172.00,104.28,30.50,895,93335.00
615,615,ARCADR,*MANUAL*,41,1572,64,143.00,89.11,22.20,895,79752.00
616,616,HYP1R,*MANUAL*,42,1515,74,158.00,98.72,29.74,895,88358.00
617,617,ARCPDR,*MANUAL*,46,1535,75,168.00,92.15,28.57,895,82472.00
618,618,AMSOR,*MANUAL*,44,1553,73,152.00,89.05,25.22,895,79696.00
619,619,HYP5R,*MANUAL*,42,1625,69,103.00,49.80,21.17,1365,67978.00
620,620,HYP5L,*MANUAL*,82,1635,72,147.00,64.45,31.54,1365,87981.00
621,621,HYP4D,*MANUAL*,63,1708,85,155.00,63.02,30.67,1365,86028.00
622,622,HYP4V1,*MANUAL*,64,1691,51,151.00,54.49,31.64,895,48772.00
623,623,HYP4V2,*MANUAL*,64,1660,48,149.00,78.87,27.85,895,70593.00
624,624,ARCAV,*MANUAL*,67,1632,47,211.00,106.47,44.00,895,95291.00
625,625,ARCPV,*MANUAL*,68,1602,44,227.00,120.11,35.31,895,107501.00
626,626,ILSOVL,*MANUAL*,70,1577,41,209.00,114.82,34.75,895,102768.00
627,627,ILSHVL,*MANUAL*,70,1551,39,229.00,125.55,42.82,846,106217.00
628,628,HYP2V,*MANUAL*,60,1616,44,161.00,93.92,32.54,895,84061.00
629,629,HYP1V,*MANUAL*,62,1590,43,208.00,119.79,35.29,895,107209.00
630,630,ILSOVR,*MANUAL*,64,1561,37,229.00,122.81,40.78,895,109913.00
631,631,ILSHVR,*MANUAL*,64,1544,36,246.00,149.93,41.72,895,134184.00
632,632,HYP6V1,*MANUAL*,66,1585,34,143.00,67.42,28.06,895,60337.00
633,633,HYP6V2,*MANUAL*,68,1519,33,167.00,75.68,22.27,1365,103302.00
634,634,HYP7V1,*MANUAL*,68,1464,27,135.00,54.61,21.45,1365,74543.00
635,635,HYP7V2,*MANUAL*,68,1429,30,177.00,66.99,28.61,1365,91446.00
636,636,HYP31,*MANUAL*,63,1646,97,190.00,94.81,38.69,895,84856.00
637,637,HYP32,*MANUAL*,62,1626,96,215.00,113.35,45.51,895,101447.00
638,638,ARCPD,*MANUAL*,70,1603,94,224.00,114.06,42.99,895,102088.00
639,639,ILSODL,*MANUAL*,70,1573,96,225.00,126.27,40.18,895,113010.00
640,640,OLQSODL,*MANUAL*,71,1544,95,226.00,124.99,49.74,895,111870.00
641,641,ILSODR,*MANUAL*,55,1594,95,213.00,127.12,39.42,871,110722.00
642,642,OLQSODR,*MANUAL*,55,1566,93,234.00,119.71,40.23,895,107142.00
643,643,HYP6D1,*MANUAL*,63,1591,101,179.00,83.70,32.74,895,74911.00
644,644,HYP6D2,*MANUAL*,66,1524,98,168.00,88.39,28.00,895,79105.00
645,645,HYP6D3,*MANUAL*,63,1482,102,186.00,102.12,27.63,895,91395.00
646,646,HYP6D4,*MANUAL*,63,1459,100,185.00,97.95,25.64,895,87661.00
647,647,HYP7D1,*MANUAL*,66,1430,105,151.00,70.35,25.68,1365,96025.00
648,648,HYP7D2,*MANUAL*,66,1353,108,138.00,46.75,23.57,1365,63819.00
649,649,f1,*MANUAL*,35,1320,70,78.00,20.73,12.38,895,18550.00
650,650,f2,*MANUAL*,31,1300,70,31.00,12.11, 4.84,895,10837.00
651,651,f3,*MANUAL*,55,1312,69,104.00,14.45,15.95,895,12932.00
652,652,f4,*MANUAL*,55,1329,85,118.00,46.56,27.41,895,41667.00
653,653,f5,*MANUAL*,55,1339,71,120.00,31.12,23.35,895,27855.00
654,654,f6,*MANUAL*,69,1321,81,81.00,22.82,14.05,884,20172.00
655,655,f7,*MANUAL*,73,1331,81,127.00,32.03,22.73,895,28670.00
656,656,f8,*MANUAL*,77,1305,82,145.00,41.45,32.98,895,37096.00
657,657,f9,*MANUAL*,100,1308,78,28.00, 3.69, 4.22,895,3302.00
658,658,f10,*MANUAL*,87,1232,47,127.00,19.63,23.48,895,17568.00
