0,0,*NOUSE*,*NOUSE*,0,0,0,0,0,0,0,0
1,1,AVDR,,38,1212,65,161.00,60.29,37.79,4648,280228
2,2,AINR,,37,1192,70,147.00,52.23,33.98,5079,265252
3,3,AWCR,,38,1271,59,132.00,50.17,30.71,4624,231999
4,4,ASER,,38,1233,73,118.00,48.03,28.08,4863,233556
5,5,AUAR,,40,1253,53,164.00,59.79,39.13,4118,246205
6,6,*NOUSE*,*NOUSE*,0,0,0,0,0,0,0,0
7,7,ASHR,,40,1254,70,132.00,51.51,29.50,4699,242030
8,8,AFDR,,39,1279,75,135.00,51.43,31.54,5010,257668
9,9,*NOUSE*,*NOUSE*,0,0,0,0,0,0,0,0
10,10,ADAR,,41,1161,44,178.00,59.01,43.99,4154,245146
11,11,*NOUSE*,*NOUSE*,0,0,0,0,0,0,0,0
12,12,*NOUSE*,*NOUSE*,0,0,0,0,0,0,0,0
13,13,*NOUSE*,*NOUSE*,0,0,0,0,0,0,0,0
14,14,*NOUSE*,*NOUSE*,0,0,0,0,0,0,0,0
15,15,*NOUSE*,*NOUSE*,0,0,0,0,0,0,0,0
16,16,AVAR,,40,1300,67,145.00,50.55,32.18,4413,223075
17,17,RMDVR,,40,1319,67,129.00,43.04,27.67,4386,188763
18,18,*NOUSE*,*NOUSE*,0,0,0,0,0,0,0,0
19,19,ADER,,41,1176,49,182.00,58.89,41.16,4157,244826
20,20,SIBDR,,41,1284,52,179.00,66.77,41.97,3756,250799
21,21,RMGR,,42,1142,46,161.00,56.46,39.10,4600,259700
22,22,*NOUSE*,*NOUSE*,0,0,0,0,0,0,0,0
23,23,*NOUSE*,*NOUSE*,0,0,0,0,0,0,0,0
24,24,*NOUSE*,*NOUSE*,0,0,0,0,0,0,0,0
25,25,OLLSHR,,41,1419,59,182.00,56.11,38.68,4289,240641
26,26,*NOUSE*,*NOUSE*,0,0,0,0,0,0,0,0
27,27,IL2R,,41,1389,65,135.00,48.78,29.38,4308,210147
28,28,*NOUSE*,*NOUSE*,0,0,0,0,0,0,0,0
29,29,*NOUSE*,*NOUSE*,0,0,0,0,0,0,0,0
30,30,*NOUSE*,*NOUSE*,0,0,0,0,0,0,0,0
31,31,AVHR,,41,1218,87,170.00,71.86,41.70,4205,302169
32,32,RMDR,,43,1299,50,178.00,66.35,40.99,3330,220948
33,33,ADESHR,,42,1107,56,191.00,49.69,37.99,5151,255941
34,34,AIZR,,44,1201,61,177.00,83.48,37.86,3157,263534
35,35,H0R,,40,1443,67,97.00,35.77,18.77,3764,134624
36,36,*NOUSE*,*NOUSE*,0,0,0,0,0,0,0,0
37,37,*NOUSE*,*NOUSE*,0,0,0,0,0,0,0,0
38,38,HYP7RC1,,40,929,78,70.00,23.78,10.31,7627,181402
39,39,*NOUSE*,*NOUSE*,0,0,0,0,0,0,0,0
40,40,AWBR,,43,1251,88,174.00,65.17,38.38,4285,279239
41,41,*NOUSE*,*NOUSE*,0,0,0,0,0,0,0,0
42,42,P3/4R,,41,838,50,99.00,35.28,22.01,5676,200271
43,43,V2R,,41,886,56,64.00,25.57,11.54,6759,172804
44,44,OLQSHVR,,43,1401,57,158.00,57.56,34.60,4028,231841
45,45,*NOUSE*,*NOUSE*,0,0,0,0,0,0,0,0
46,46,*NOUSE*,*NOUSE*,0,0,0,0,0,0,0,0
47,47,*NOUSE*,*NOUSE*,0,0,0,0,0,0,0,0
48,48,*NOUSE*,*NOUSE*,0,0,0,0,0,0,0,0
49,49,*NOUSE*,*NOUSE*,0,0,0,0,0,0,0,0
50,50,*NOUSE*,*NOUSE*,0,0,0,0,0,0,0,0
51,51,*NOUSE*,*NOUSE*,0,0,0,0,0,0,0,0
52,52,*NOUSE*,*NOUSE*,0,0,0,0,0,0,0,0
53,53,*NOUSE*,*NOUSE*,0,0,0,0,0,0,0,0
54,54,ARCADR,,43,1482,73,99.00,38.95,20.83,3852,150027
55,55,*NOUSE*,*NOUSE*,0,0,0,0,0,0,0,0
56,56,HYP1R,,45,1426,83,140.00,47.31,28.54,5529,261600
57,57,G2R,,52,1131,52,229.00,62.58,42.07,4914,307521
58,58,XXXR,,46,1383,54,151.00,57.66,33.25,3798,219008
59,59,BDUR,,45,1014,63,193.00,62.99,47.46,3923,247098
60,60,*NOUSE*,*NOUSE*,0,0,0,0,0,0,0,0
61,61,*NOUSE*,*NOUSE*,0,0,0,0,0,0,0,0
62,62,*NOUSE*,*NOUSE*,0,0,0,0,0,0,0,0
63,63,*NOUSE*,*NOUSE*,0,0,0,0,0,0,0,0
64,64,*NOUSE*,*NOUSE*,0,0,0,0,0,0,0,0
65,65,*NOUSE*,*NOUSE*,0,0,0,0,0,0,0,0
66,66,*NOUSE*,*NOUSE*,0,0,0,0,0,0,0,0
67,67,*NOUSE*,*NOUSE*,0,0,0,0,0,0,0,0
68,68,P5/6R,,45,748,52,119.00,44.38,26.08,3676,163155
69,69,*NOUSE*,*NOUSE*,0,0,0,0,0,0,0,0
70,70,ILSOR,,45,1472,58,138.00,49.05,30.48,4474,219451
71,71,P7/8R,,43,589,60,99.00,36.86,21.11,4832,178104
72,72,*NOUSE*,*NOUSE*,0,0,0,0,0,0,0,0
73,73,*NOUSE*,*NOUSE*,0,0,0,0,0,0,0,0
74,74,V3R,,45,782,58,79.00,30.25,15.24,6105,184650
75,75,*NOUSE*,*NOUSE*,0,0,0,0,0,0,0,0
76,76,HYP7RC3,,44,737,81,69.00,25.81,12.28,7242,186917
77,77,*NOUSE*,*NOUSE*,0,0,0,0,0,0,0,0
78,78,ALMR,,46,850,95,153.00,45.33,35.32,5700,258385
79,79,*NOUSE*,*NOUSE*,0,0,0,0,0,0,0,0
80,80,HSNR,,46,680,58,155.00,45.02,34.66,4992,224763
81,81,RIMR,,47,1220,59,179.00,73.67,35.87,3121,229935
82,82,*NOUSE*,*NOUSE*,0,0,0,0,0,0,0,0
83,83,HYP5R,,45,1537,71,79.00,31.03,14.68,5427,168381
84,84,*NOUSE*,*NOUSE*,0,0,0,0,0,0,0,0
85,85,AVBR,,48,1219,75,176.00,83.96,35.84,3623,304170
86,86,ARCPDR,,47,1450,81,113.00,42.59,24.36,5358,228217
87,87,DR6,,46,1319,91,105.00,39.50,20.37,5348,211272
88,88,*NOUSE*,*NOUSE*,0,0,0,0,0,0,0,0
89,89,*NOUSE*,*NOUSE*,0,0,0,0,0,0,0,0
90,90,*NOUSE*,*NOUSE*,0,0,0,0,0,0,0,0
91,91,*NOUSE*,*NOUSE*,0,0,0,0,0,0,0,0
92,92,*NOUSE*,*NOUSE*,0,0,0,0,0,0,0,0
93,93,*NOUSE*,*NOUSE*,0,0,0,0,0,0,0,0
94,94,*NOUSE*,*NOUSE*,0,0,0,0,0,0,0,0
95,95,AVER,,49,1288,66,168.00,72.83,35.93,3012,219374
96,96,*NOUSE*,*NOUSE*,0,0,0,0,0,0,0,0
97,97,CEPSHDR,,48,1338,83,151.00,56.34,30.19,3350,188746
98,98,*NOUSE*,*NOUSE*,0,0,0,0,0,0,0,0
99,99,*NOUSE*,*NOUSE*,0,0,0,0,0,0,0,0
100,100,*NOUSE*,*NOUSE*,0,0,0,0,0,0,0,0
101,101,*NOUSE*,*NOUSE*,0,0,0,0,0,0,0,0
102,102,*NOUSE*,*NOUSE*,0,0,0,0,0,0,0,0
103,103,*NOUSE*,*NOUSE*,0,0,0,0,0,0,0,0
104,104,*NOUSE*,*NOUSE*,0,0,0,0,0,0,0,0
105,105,*NOUSE*,*NOUSE*,0,0,0,0,0,0,0,0
106,106,*NOUSE*,*NOUSE*,0,0,0,0,0,0,0,0
107,107,*NOUSE*,*NOUSE*,0,0,0,0,0,0,0,0
108,108,CCRA,,50,979,44,171.00,51.95,40.62,3943,204839
109,109,CCRP,,50,956,47,182.00,55.32,43.96,3704,204897
110,110,*NOUSE*,*NOUSE*,0,0,0,0,0,0,0,0
111,111,V6R,,48,410,70,65.00,24.31,10.58,6244,151799
112,112,EXC GL R,,51,1170,37,159.00,60.76,36.63,3658,222268
113,113,VR12,,53,917,41,146.00,41.64,29.54,5890,245281
114,114,RMDDR,,50,1290,40,167.00,73.30,38.95,2513,184191
115,115,VR4,,49,1390,42,113.00,47.50,19.76,2620,124446
116,116,*NOUSE*,*NOUSE*,0,0,0,0,0,0,0,0
117,117,PM7VR,,50,1150,57,114.00,43.61,23.27,5097,222288
118,118,VPI2DR,,51,1116,68,192.00,57.20,42.32,4215,241111
119,119,AIBR,,50,1268,67,158.00,65.88,32.81,3644,240073
120,120,*NOUSE*,*NOUSE*,0,0,0,0,0,0,0,0
121,121,AWAR,,51,1251,76,162.00,70.24,34.50,3725,261640
122,122,LUAR,,53,243,81,120.00,45.03,26.95,4813,216715
123,123,*NOUSE*,*NOUSE*,0,0,0,0,0,0,0,0
124,124,*NOUSE*,*NOUSE*,0,0,0,0,0,0,0,0
125,125,*NOUSE*,*NOUSE*,0,0,0,0,0,0,0,0
126,126,*NOUSE*,*NOUSE*,0,0,0,0,0,0,0,0
127,127,*NOUSE*,*NOUSE*,0,0,0,0,0,0,0,0
128,128,VR17,,52,574,48,135.00,42.79,28.64,5528,236560
129,129,*NOUSE*,*NOUSE*,0,0,0,0,0,0,0,0
130,130,*NOUSE*,*NOUSE*,0,0,0,0,0,0,0,0
131,131,*NOUSE*,*NOUSE*,0,0,0,0,0,0,0,0
132,132,PM6VR,,52,1177,61,141.00,57.88,31.30,4264,246811
133,133,*NOUSE*,*NOUSE*,0,0,0,0,0,0,0,0
134,134,*NOUSE*,*NOUSE*,0,0,0,0,0,0,0,0
135,135,PVQR,,50,271,66,84.00,32.87,16.44,4165,136907
136,136,*NOUSE*,*NOUSE*,0,0,0,0,0,0,0,0
137,137,PHBR,,52,255,74,103.00,44.47,23.51,4214,187394
138,138,*NOUSE*,*NOUSE*,0,0,0,0,0,0,0,0
139,139,*NOUSE*,*NOUSE*,0,0,0,0,0,0,0,0
140,140,M1,,52,1176,90,200.00,62.81,41.68,4623,290354
141,141,*NOUSE*,*NOUSE*,0,0,0,0,0,0,0,0
142,142,*NOUSE*,*NOUSE*,0,0,0,0,0,0,0,0
143,143,*NOUSE*,*NOUSE*,0,0,0,0,0,0,0,0
144,144,*NOUSE*,*NOUSE*,0,0,0,0,0,0,0,0
145,145,*NOUSE*,*NOUSE*,0,0,0,0,0,0,0,0
146,146,VR10,,52,1042,33,159.00,46.34,33.18,4934,228627
147,147,*NOUSE*,*NOUSE*,0,0,0,0,0,0,0,0
148,148,*NOUSE*,*NOUSE*,0,0,0,0,0,0,0,0
149,149,VR18,,50,490,48,107.00,34.15,20.63,2285,78033
150,150,*NOUSE*,*NOUSE*,0,0,0,0,0,0,0,0
151,151,*NOUSE*,*NOUSE*,0,0,0,0,0,0,0,0
152,152,GLRR,,52,1298,59,179.00,79.56,40.43,3280,260966
153,153,*NOUSE*,*NOUSE*,0,0,0,0,0,0,0,0
154,154,PM4R,,52,1414,62,141.00,63.06,31.02,3389,213715
155,155,*NOUSE*,*NOUSE*,0,0,0,0,0,0,0,0
156,156,ALNR,,52,223,80,120.00,41.98,24.61,4209,176673
157,157,*NOUSE*,*NOUSE*,0,0,0,0,0,0,0,0
158,158,*NOUSE*,*NOUSE*,0,0,0,0,0,0,0,0
159,159,*NOUSE*,*NOUSE*,0,0,0,0,0,0,0,0
160,160,SMDDR,,53,1271,37,165.00,73.82,37.28,2938,216891
161,161,*NOUSE*,*NOUSE*,0,0,0,0,0,0,0,0
162,162,*NOUSE*,*NOUSE*,0,0,0,0,0,0,0,0
163,163,*NOUSE*,*NOUSE*,0,0,0,0,0,0,0,0
164,164,*NOUSE*,*NOUSE*,0,0,0,0,0,0,0,0
165,165,AVL,,53,1248,53,153.00,65.92,31.69,3328,219388
166,166,IMR,,53,348,56,95.00,33.67,17.96,6487,218393
167,167,*NOUSE*,*NOUSE*,0,0,0,0,0,0,0,0
168,168,*NOUSE*,*NOUSE*,0,0,0,0,0,0,0,0
169,169,*NOUSE*,*NOUSE*,0,0,0,0,0,0,0,0
170,170,*NOUSE*,*NOUSE*,0,0,0,0,0,0,0,0
171,171,MC1DR,,56,1434,73,118.00,51.56,23.03,3353,172870
172,172,*NOUSE*,*NOUSE*,0,0,0,0,0,0,0,0
173,173,RIAR,,52,1281,80,171.00,75.65,37.38,3446,260682
174,174,*NOUSE*,*NOUSE*,0,0,0,0,0,0,0,0
175,175,*NOUSE*,*NOUSE*,0,0,0,0,0,0,0,0
176,176,*NOUSE*,*NOUSE*,0,0,0,0,0,0,0,0
177,177,*NOUSE*,*NOUSE*,0,0,0,0,0,0,0,0
178,178,*NOUSE*,*NOUSE*,0,0,0,0,0,0,0,0
179,179,*NOUSE*,*NOUSE*,0,0,0,0,0,0,0,0
180,180,*NOUSE*,*NOUSE*,0,0,0,0,0,0,0,0
181,181,*NOUSE*,*NOUSE*,0,0,0,0,0,0,0,0
182,182,*NOUSE*,*NOUSE*,44,1143,33,22.00,20.00, 1.10,6,120
183,183,SIAVR,,53,1237,40,169.00,73.00,38.76,2907,212207
184,184,INVR1,,54,1060,43,76.00,29.55,13.52,7347,217101
185,185,*NOUSE*,*NOUSE*,0,0,0,0,0,0,0,0
186,186,RIR,,54,1266,51,173.00,74.02,36.73,3212,237739
187,187,*NOUSE*,*NOUSE*,0,0,0,0,0,0,0,0
188,188,*NOUSE*,*NOUSE*,0,0,0,0,0,0,0,0
189,189,M2R,,54,1192,60,207.00,90.89,47.67,2935,266774
190,190,*NOUSE*,*NOUSE*,0,0,0,0,0,0,0,0
191,191,*NOUSE*,*NOUSE*,0,0,0,0,0,0,0,0
192,192,*NOUSE*,*NOUSE*,0,0,0,0,0,0,0,0
193,193,DR9,,54,1121,102,141.00,47.49,30.05,5903,280353
194,194,*NOUSE*,*NOUSE*,0,0,0,0,0,0,0,0
195,195,*NOUSE*,*NOUSE*,0,0,0,0,0,0,0,0
196,196,*NOUSE*,*NOUSE*,0,0,0,0,0,0,0,0
197,197,*NOUSE*,*NOUSE*,0,0,0,0,0,0,0,0
198,198,*NOUSE*,*NOUSE*,0,0,0,0,0,0,0,0
199,199,*NOUSE*,*NOUSE*,0,0,0,0,0,0,0,0
200,200,*NOUSE*,*NOUSE*,0,0,0,0,0,0,0,0
201,201,*NOUSE*,*NOUSE*,0,0,0,0,0,0,0,0
202,202,*NOUSE*,*NOUSE*,0,0,0,0,0,0,0,0
203,203,*NOUSE*,*NOUSE*,0,0,0,0,0,0,0,0
204,204,*NOUSE*,*NOUSE*,0,0,0,0,0,0,0,0
205,205,*NOUSE*,*NOUSE*,0,0,0,0,0,0,0,0
206,206,G1P,,56,1128,87,140.00,42.17,25.02,6435,271347
207,207,URADR,,54,1370,91,174.00,78.92,39.45,3318,261840
208,208,*NOUSE*,*NOUSE*,0,0,0,0,0,0,0,0
209,209,*NOUSE*,*NOUSE*,0,0,0,0,0,0,0,0
210,210,*NOUSE*,*NOUSE*,0,0,0,0,0,0,0,0
211,211,*NOUSE*,*NOUSE*,0,0,0,0,0,0,0,0
212,212,VR7,,57,1215,30,131.00,53.80,29.07,3695,198782
213,213,*NOUSE*,*NOUSE*,0,0,0,0,0,0,0,0
214,214,*NOUSE*,*NOUSE*,0,0,0,0,0,0,0,0
215,215,*NOUSE*,*NOUSE*,0,0,0,0,0,0,0,0
216,216,*NOUSE*,*NOUSE*,0,0,0,0,0,0,0,0
217,217,*NOUSE*,*NOUSE*,0,0,0,0,0,0,0,0
218,218,*NOUSE*,*NOUSE*,0,0,0,0,0,0,0,0
219,219,*NOUSE*,*NOUSE*,0,0,0,0,0,0,0,0
220,220,*NOUSE*,*NOUSE*,0,0,0,0,0,0,0,0
221,221,*NOUSE*,*NOUSE*,0,0,0,0,0,0,0,0
222,222,*NOUSE*,*NOUSE*,0,0,0,0,0,0,0,0
223,223,VR15,,57,753,45,152.00,49.33,33.57,5326,262743
224,224,*NOUSE*,*NOUSE*,0,0,0,0,0,0,0,0
225,225,*NOUSE*,*NOUSE*,0,0,0,0,0,0,0,0
226,226,*NOUSE*,*NOUSE*,0,0,0,0,0,0,0,0
227,227,*NOUSE*,*NOUSE*,0,0,0,0,0,0,0,0
228,228,INV6,,57,662,77,63.00,21.15, 8.49,8632,182545
229,229,*NOUSE*,*NOUSE*,0,0,0,0,0,0,0,0
230,230,*NOUSE*,*NOUSE*,0,0,0,0,0,0,0,0
231,231,*NOUSE*,*NOUSE*,0,0,0,0,0,0,0,0
232,232,*NOUSE*,*NOUSE*,0,0,0,0,0,0,0,0
233,233,*NOUSE*,*NOUSE*,0,0,0,0,0,0,0,0
234,234,SABD,,63,1141,30,194.00,76.01,46.81,3603,273878
235,235,*NOUSE*,*NOUSE*,0,0,0,0,0,0,0,0
236,236,*NOUSE*,*NOUSE*,0,0,0,0,0,0,0,0
237,237,*NOUSE*,*NOUSE*,0,0,0,0,0,0,0,0
238,238,*NOUSE*,*NOUSE*,0,0,0,0,0,0,0,0
239,239,*NOUSE*,*NOUSE*,0,0,0,0,0,0,0,0
240,240,*NOUSE*,*NOUSE*,0,0,0,0,0,0,0,0
241,241,ASIR,,55,1224,88,163.00,81.31,31.87,3676,298911
242,242,*NOUSE*,*NOUSE*,0,0,0,0,0,0,0,0
243,243,*NOUSE*,*NOUSE*,0,0,0,0,0,0,0,0
244,244,*NOUSE*,*NOUSE*,0,0,0,0,0,0,0,0
245,245,*NOUSE*,*NOUSE*,0,0,0,0,0,0,0,0
246,246,DR19,,58,459,96,131.00,42.23,28.14,4142,174913
247,247,*NOUSE*,*NOUSE*,0,0,0,0,0,0,0,0
248,248,*NOUSE*,*NOUSE*,0,0,0,0,0,0,0,0
249,249,*NOUSE*,*NOUSE*,0,0,0,0,0,0,0,0
250,250,*NOUSE*,*NOUSE*,0,0,0,0,0,0,0,0
251,251,*NOUSE*,*NOUSE*,0,0,0,0,0,0,0,0
252,252,*NOUSE*,*NOUSE*,0,0,0,0,0,0,0,0
253,253,*NOUSE*,*NOUSE*,0,0,0,0,0,0,0,0
254,254,IND5,,59,765,92,57.00,22.69, 8.79,6704,152132
255,255,*NOUSE*,*NOUSE*,0,0,0,0,0,0,0,0
256,256,*NOUSE*,*NOUSE*,0,0,0,0,0,0,0,0
257,257,*NOUSE*,*NOUSE*,0,0,0,0,0,0,0,0
258,258,*NOUSE*,*NOUSE*,0,0,0,0,0,0,0,0
259,259,*NOUSE*,*NOUSE*,0,0,0,0,0,0,0,0
260,260,*NOUSE*,*NOUSE*,0,0,0,0,0,0,0,0
261,261,*NOUSE*,*NOUSE*,0,0,0,0,0,0,0,0
262,262,VPI2V,,62,1119,46,253.00,82.45,55.90,3371,277929
263,263,INV4,,63,829,50,57.00,22.14, 9.21,8299,183732
264,264,NSMR,,57,1400,55,156.00,62.31,35.12,3891,242460
265,265,*NOUSE*,*NOUSE*,0,0,0,0,0,0,0,0
266,266,*NOUSE*,*NOUSE*,0,0,0,0,0,0,0,0
267,267,*NOUSE*,*NOUSE*,0,0,0,0,0,0,0,0
268,268,*NOUSE*,*NOUSE*,0,0,0,0,0,0,0,0
269,269,*NOUSE*,*NOUSE*,0,0,0,0,0,0,0,0
270,270,*NOUSE*,*NOUSE*,0,0,0,0,0,0,0,0
271,271,RIFR,,62,1162,31,212.00,83.28,51.69,3108,258830
272,272,*NOUSE*,*NOUSE*,0,0,0,0,0,0,0,0
273,273,*NOUSE*,*NOUSE*,0,0,0,0,0,0,0,0
274,274,GLRVR,,59,1299,48,205.00,81.86,44.80,2913,238457
275,275,*NOUSE*,*NOUSE*,0,0,0,0,0,0,0,0
276,276,*NOUSE*,*NOUSE*,0,0,0,0,0,0,0,0
277,277,*NOUSE*,*NOUSE*,0,0,0,0,0,0,0,0
278,278,PVR,,60,160,80,89.00,28.69,15.74,3887,111522
279,279,*NOUSE*,*NOUSE*,0,0,0,0,0,0,0,0
280,280,DVA,,61,253,86,90.00,39.91,19.08,1968,78539
281,281,*NOUSE*,*NOUSE*,0,0,0,0,0,0,0,0
282,282,*NOUSE*,*NOUSE*,0,0,0,0,0,0,0,0
283,283,*NOUSE*,*NOUSE*,0,0,0,0,0,0,0,0
284,284,*NOUSE*,*NOUSE*,0,0,0,0,0,0,0,0
285,285,*NOUSE*,*NOUSE*,0,0,0,0,0,0,0,0
286,286,*NOUSE*,*NOUSE*,0,0,0,0,0,0,0,0
287,287,DA4,,65,827,33,185.00,48.85,41.31,4874,238101
288,288,DD5,,63,460,45,164.00,53.49,39.14,4950,264783
289,289,VPI3V,,67,1111,50,184.00,65.11,44.69,3648,237519
290,290,M3R,,61,1373,53,193.00,74.06,44.33,3321,245951
291,291,PM8,,66,1124,56,162.00,66.47,37.78,3676,244356
292,292,*NOUSE*,*NOUSE*,0,0,0,0,0,0,0,0
293,293,RIS,,61,1196,38,179.00,76.56,42.72,2982,228308
294,294,DD4,,63,608,39,187.00,58.16,43.18,4705,273621
295,295,PM4VR,,63,1409,46,138.00,48.89,25.94,4119,201383
296,296,*NOUSE*,*NOUSE*,0,0,0,0,0,0,0,0
297,297,*NOUSE*,*NOUSE*,0,0,0,0,0,0,0,0
298,298,*NOUSE*,*NOUSE*,0,0,0,0,0,0,0,0
299,299,*NOUSE*,*NOUSE*,0,0,0,0,0,0,0,0
300,300,*NOUSE*,*NOUSE*,0,0,0,0,0,0,0,0
301,301,DB6,,63,568,36,160.00,49.16,36.74,4779,234928
302,302,DA6,,64,537,38,168.00,43.00,36.16,6098,262217
303,303,DA5,,64,689,35,195.00,56.36,43.87,4369,246235
304,304,*NOUSE*,*NOUSE*,0,0,0,0,0,0,0,0
305,305,*NOUSE*,*NOUSE*,0,0,0,0,0,0,0,0
306,306,I5,,65,1180,50,187.00,69.26,39.44,3618,250574
307,307,*NOUSE*,*NOUSE*,0,0,0,0,0,0,0,0
308,308,HYP71,,63,164,59,88.00,32.29,17.03,2960,95572
309,309,MC2DR,,60,1228,72,118.00,58.94,20.23,2713,159906
310,310,*NOUSE*,*NOUSE*,0,0,0,0,0,0,0,0
311,311,*NOUSE*,*NOUSE*,0,0,0,0,0,0,0,0
312,312,IND4,,64,856,88,56.00,22.68, 8.96,7281,165114
313,313,I3,,64,1398,87,188.00,67.27,39.48,4411,296717
314,314,PM6D,,64,1182,97,161.00,71.94,37.28,3490,251076
315,315,*NOUSE*,*NOUSE*,0,0,0,0,0,0,0,0
316,316,DB4,,65,890,31,177.00,51.46,39.84,3865,198894
317,317,*NOUSE*,*NOUSE*,0,0,0,0,0,0,0,0
318,318,*NOUSE*,*NOUSE*,0,0,0,0,0,0,0,0
319,319,AIAR,,65,1245,39,205.00,93.69,46.73,2870,268901
320,320,*NOUSE*,*NOUSE*,0,0,0,0,0,0,0,0
321,321,*NOUSE*,*NOUSE*,0,0,0,0,0,0,0,0
322,322,MC2V,,66,1220,55,151.00,63.76,28.62,4937,314784
323,323,HYP72,,64,146,63,72.00,29.63,13.80,3614,107079
324,324,*NOUSE*,*NOUSE*,0,0,0,0,0,0,0,0
325,325,VPI3D,,66,1102,82,190.00,58.52,38.93,3150,184329
326,326,*NOUSE*,*NOUSE*,0,0,0,0,0,0,0,0
327,327,VPI1,,66,1111,90,180.00,65.73,39.34,4599,302272
328,328,*NOUSE*,*NOUSE*,0,0,0,0,0,0,0,0
329,329,*NOUSE*,*NOUSE*,0,0,0,0,0,0,0,0
330,330,*NOUSE*,*NOUSE*,0,0,0,0,0,0,0,0
331,331,*NOUSE*,*NOUSE*,0,0,0,0,0,0,0,0
332,332,DB3,,66,1045,26,177.00,50.92,38.72,4358,221893
333,333,DA2,,66,1018,27,187.00,55.88,43.55,3611,201773
334,334,DD3,,65,808,33,183.00,57.33,42.87,3767,215974
335,335,DB5,,66,742,36,177.00,53.57,39.55,4469,239425
336,336,*NOUSE*,*NOUSE*,0,0,0,0,0,0,0,0
337,337,*NOUSE*,*NOUSE*,0,0,0,0,0,0,0,0
338,338,INV3,,67,924,52,50.00,21.52, 7.84,6407,137908
339,339,INV7,,66,539,56,59.00,21.90, 9.10,7598,166423
340,340,*NOUSE*,*NOUSE*,0,0,0,0,0,0,0,0
341,341,*NOUSE*,*NOUSE*,0,0,0,0,0,0,0,0
342,342,HYP9,,65,76,65,63.00,23.90, 9.65,3874,92603
343,343,*NOUSE*,*NOUSE*,0,0,0,0,0,0,0,0
344,344,*NOUSE*,*NOUSE*,0,0,0,0,0,0,0,0
345,345,*NOUSE*,*NOUSE*,0,0,0,0,0,0,0,0
346,346,*NOUSE*,*NOUSE*,0,0,0,0,0,0,0,0
347,347,*NOUSE*,*NOUSE*,0,0,0,0,0,0,0,0
348,348,HYP32,,69,1553,96,142.00,50.02,33.89,3946,197375
349,349,*NOUSE*,*NOUSE*,0,0,0,0,0,0,0,0
350,350,*NOUSE*,*NOUSE*,0,0,0,0,0,0,0,0
351,351,HYP6D3,,65,1457,100,119.00,44.66,22.40,4945,220833
352,352,*NOUSE*,*NOUSE*,0,0,0,0,0,0,0,0
353,353,*NOUSE*,*NOUSE*,0,0,0,0,0,0,0,0
354,354,*NOUSE*,*NOUSE*,0,0,0,0,0,0,0,0
355,355,CCLA,,68,787,35,191.00,64.35,48.33,3766,242334
356,356,RMEV,,69,1319,36,150.00,47.14,32.08,4445,209555
357,357,*NOUSE*,*NOUSE*,0,0,0,0,0,0,0,0
358,358,*NOUSE*,*NOUSE*,0,0,0,0,0,0,0,0
359,359,*NOUSE*,*NOUSE*,0,0,0,0,0,0,0,0
360,360,*NOUSE*,*NOUSE*,0,0,0,0,0,0,0,0
361,361,*NOUSE*,*NOUSE*,0,0,0,0,0,0,0,0
362,362,*NOUSE*,*NOUSE*,0,0,0,0,0,0,0,0
363,363,*NOUSE*,*NOUSE*,0,0,0,0,0,0,0,0
364,364,E2D,,66,1593,88,115.00,36.47,24.47,4620,168477
365,365,*NOUSE*,*NOUSE*,0,0,0,0,0,0,0,0
366,366,*NOUSE*,*NOUSE*,0,0,0,0,0,0,0,0
367,367,HYP31,,67,1571,99,121.00,40.66,27.08,4816,195805
368,368,*NOUSE*,*NOUSE*,0,0,0,0,0,0,0,0
369,369,*NOUSE*,*NOUSE*,0,0,0,0,0,0,0,0
370,370,*NOUSE*,*NOUSE*,0,0,0,0,0,0,0,0
371,371,DA1,,69,1088,27,200.00,56.45,44.62,3501,197620
372,372,INV2,,71,1000,40,63.00,26.54,11.22,7305,193843
373,373,IL1VR,,66,1370,38,170.00,75.31,38.31,2890,217632
374,374,*NOUSE*,*NOUSE*,0,0,0,0,0,0,0,0
375,375,*NOUSE*,*NOUSE*,0,0,0,0,0,0,0,0
376,376,*NOUSE*,*NOUSE*,0,0,0,0,0,0,0,0
377,377,HYP4V1,,66,1632,49,99.00,33.62,18.59,3964,133287
378,378,INV9,,65,348,53,64.00,27.81,10.65,4163,115790
379,379,*NOUSE*,*NOUSE*,0,0,0,0,0,0,0,0
380,380,*NOUSE*,*NOUSE*,0,0,0,0,0,0,0,0
381,381,*NOUSE*,*NOUSE*,0,0,0,0,0,0,0,0
382,382,M4,,65,1366,75,154.00,59.41,29.93,4991,296532
383,383,*NOUSE*,*NOUSE*,0,0,0,0,0,0,0,0
384,384,*NOUSE*,*NOUSE*,0,0,0,0,0,0,0,0
385,385,*NOUSE*,*NOUSE*,0,0,0,0,0,0,0,0
386,386,*NOUSE*,*NOUSE*,0,0,0,0,0,0,0,0
387,387,DD2,,67,961,30,202.00,67.79,46.38,3176,215286
388,388,*NOUSE*,*NOUSE*,0,0,0,0,0,0,0,0
389,389,DA8,,69,294,50,133.00,50.11,29.08,3366,168675
390,390,*NOUSE*,*NOUSE*,0,0,0,0,0,0,0,0
391,391,*NOUSE*,*NOUSE*,0,0,0,0,0,0,0,0
392,392,*NOUSE*,*NOUSE*,0,0,0,0,0,0,0,0
393,393,*NOUSE*,*NOUSE*,0,0,0,0,0,0,0,0
394,394,*NOUSE*,*NOUSE*,0,0,0,0,0,0,0,0
395,395,HYP11,,64,111,80,34.00,18.66, 4.98,499,9311
396,396,IND8,,69,404,82,52.00,23.88, 9.85,4042,96522
397,397,*NOUSE*,*NOUSE*,0,0,0,0,0,0,0,0
398,398,DL19,,70,414,94,123.00,37.68,25.40,5474,206237
399,399,*NOUSE*,*NOUSE*,0,0,0,0,0,0,0,0
400,400,IND6,,71,610,89,55.00,23.12, 9.33,8285,191557
401,401,*NOUSE*,*NOUSE*,0,0,0,0,0,0,0,0
402,402,*NOUSE*,*NOUSE*,0,0,0,0,0,0,0,0
403,403,*NOUSE*,*NOUSE*,0,0,0,0,0,0,0,0
404,404,*NOUSE*,*NOUSE*,0,0,0,0,0,0,0,0
405,405,*NOUSE*,*NOUSE*,0,0,0,0,0,0,0,0
406,406,*NOUSE*,*NOUSE*,0,0,0,0,0,0,0,0
407,407,*NOUSE*,*NOUSE*,0,0,0,0,0,0,0,0
408,408,*NOUSE*,*NOUSE*,0,0,0,0,0,0,0,0
409,409,*NOUSE*,*NOUSE*,0,0,0,0,0,0,0,0
410,410,DB1,,70,1120,24,164.00,54.83,37.67,3549,194577
411,411,G1,,70,1270,26,160.00,53.01,32.18,3522,186708
412,412,CCLP,,70,762,36,187.00,58.70,45.81,4142,243126
413,413,VL13,,71,847,38,193.00,45.73,36.03,4740,216741
414,414,*NOUSE*,*NOUSE*,0,0,0,0,0,0,0,0
415,415,*NOUSE*,*NOUSE*,0,0,0,0,0,0,0,0
416,416,*NOUSE*,*NOUSE*,0,0,0,0,0,0,0,0
417,417,LUAL,,70,244,82,130.00,50.40,28.81,4092,206249
418,418,*NOUSE*,*NOUSE*,0,0,0,0,0,0,0,0
419,419,ASKL,,73,1267,94,172.00,69.82,33.90,5051,352675
420,420,ADLL,,69,1246,92,163.00,73.83,34.19,4342,320579
421,421,*NOUSE*,*NOUSE*,0,0,0,0,0,0,0,0
422,422,*NOUSE*,*NOUSE*,0,0,0,0,0,0,0,0
423,423,*NOUSE*,*NOUSE*,0,0,0,0,0,0,0,0
424,424,*NOUSE*,*NOUSE*,0,0,0,0,0,0,0,0
425,425,*NOUSE*,*NOUSE*,0,0,0,0,0,0,0,0
426,426,*NOUSE*,*NOUSE*,0,0,0,0,0,0,0,0
427,427,*NOUSE*,*NOUSE*,0,0,0,0,0,0,0,0
428,428,*NOUSE*,*NOUSE*,0,0,0,0,0,0,0,0
429,429,DB2,,73,1193,27,205.00,65.40,44.36,3083,201639
430,430,AVG,,71,1154,29,181.00,71.81,44.04,3030,217589
431,431,*NOUSE*,*NOUSE*,0,0,0,0,0,0,0,0
432,432,*NOUSE*,*NOUSE*,0,0,0,0,0,0,0,0
433,433,*NOUSE*,*NOUSE*,0,0,0,0,0,0,0,0
434,434,*NOUSE*,*NOUSE*,0,0,0,0,0,0,0,0
435,435,*NOUSE*,*NOUSE*,0,0,0,0,0,0,0,0
436,436,*NOUSE*,*NOUSE*,0,0,0,0,0,0,0,0
437,437,*NOUSE*,*NOUSE*,0,0,0,0,0,0,0,0
438,438,DD1,,72,1126,37,213.00,81.19,48.90,3240,263046
439,439,*NOUSE*,*NOUSE*,0,0,0,0,0,0,0,0
440,440,RIGR,,70,1105,31,192.00,72.48,45.39,3647,264322
441,441,G2,,72,1250,30,194.00,63.80,37.79,2833,180750
442,442,*NOUSE*,*NOUSE*,0,0,0,0,0,0,0,0
443,443,*NOUSE*,*NOUSE*,0,0,0,0,0,0,0,0
444,444,*NOUSE*,*NOUSE*,0,0,0,0,0,0,0,0
445,445,*NOUSE*,*NOUSE*,0,0,0,0,0,0,0,0
446,446,*NOUSE*,*NOUSE*,0,0,0,0,0,0,0,0
447,447,*NOUSE*,*NOUSE*,0,0,0,0,0,0,0,0
448,448,*NOUSE*,*NOUSE*,0,0,0,0,0,0,0,0
449,449,PM6VL,,75,1177,65,186.00,63.61,34.27,4367,277775
450,450,ASIL,,74,1225,93,188.00,88.33,36.04,3837,338909
451,451,*NOUSE*,*NOUSE*,0,0,0,0,0,0,0,0
452,452,*NOUSE*,*NOUSE*,0,0,0,0,0,0,0,0
453,453,VL16,,73,611,45,145.00,46.98,32.69,5123,240669
454,454,VL18,,74,384,50,103.00,33.10,18.92,2364,78260
455,455,*NOUSE*,*NOUSE*,0,0,0,0,0,0,0,0
456,456,*NOUSE*,*NOUSE*,0,0,0,0,0,0,0,0
457,457,*NOUSE*,*NOUSE*,0,0,0,0,0,0,0,0
458,458,M3L,,75,1370,61,198.00,77.29,46.42,3649,282039
459,459,E2VL,,75,1588,60,115.00,33.83,22.19,4843,163833
460,460,*NOUSE*,*NOUSE*,0,0,0,0,0,0,0,0
461,461,REPVL,,76,292,69,123.00,44.04,28.56,4097,180421
462,462,*NOUSE*,*NOUSE*,0,0,0,0,0,0,0,0
463,463,*NOUSE*,*NOUSE*,0,0,0,0,0,0,0,0
464,464,GLRDL,,70,1302,87,229.00,97.04,54.84,2756,267434
465,465,*NOUSE*,*NOUSE*,0,0,0,0,0,0,0,0
466,466,*NOUSE*,*NOUSE*,0,0,0,0,0,0,0,0
467,467,*NOUSE*,*NOUSE*,0,0,0,0,0,0,0,0
468,468,*NOUSE*,*NOUSE*,0,0,0,0,0,0,0,0
469,469,*NOUSE*,*NOUSE*,0,0,0,0,0,0,0,0
470,470,*NOUSE*,*NOUSE*,0,0,0,0,0,0,0,0
471,471,*NOUSE*,*NOUSE*,0,0,0,0,0,0,0,0
472,472,*NOUSE*,*NOUSE*,0,0,0,0,0,0,0,0
473,473,INVL1,,77,1059,45,82.00,30.15,14.31,7747,233587
474,474,AIAL,,75,1250,46,210.00,90.66,46.32,2895,262458
475,475,GLRVL,,74,1298,51,230.00,82.83,46.88,3110,257608
476,476,G2L,,77,1133,54,218.00,76.89,49.30,3863,297014
477,477,*NOUSE*,*NOUSE*,0,0,0,0,0,0,0,0
478,478,PM4VL,,75,1414,49,145.00,54.37,27.51,3942,214334
479,479,INV5,,77,730,62,56.00,23.42, 9.96,9280,217352
480,480,*NOUSE*,*NOUSE*,0,0,0,0,0,0,0,0
481,481,PVCL,,74,233,69,123.00,40.35,24.55,3863,155888
482,482,*NOUSE*,*NOUSE*,0,0,0,0,0,0,0,0
483,483,INDL1,,77,1056,92,77.00,31.00,14.42,9053,280688
484,484,I6,,77,1175,92,250.00,78.23,50.87,4337,339280
485,485,*NOUSE*,*NOUSE*,0,0,0,0,0,0,0,0
486,486,DL9,,77,1109,101,184.00,54.27,38.20,6092,330615
487,487,*NOUSE*,*NOUSE*,0,0,0,0,0,0,0,0
488,488,AVKL,,79,1190,40,171.00,65.34,39.65,3789,247592
489,489,*NOUSE*,*NOUSE*,0,0,0,0,0,0,0,0
490,490,AIML,,75,1209,47,208.00,95.85,47.27,2413,231274
491,491,*NOUSE*,*NOUSE*,0,0,0,0,0,0,0,0
492,492,PM2VL2,,77,1546,55,156.00,48.18,35.58,2746,132306
493,493,*NOUSE*,*NOUSE*,0,0,0,0,0,0,0,0
494,494,*NOUSE*,*NOUSE*,0,0,0,0,0,0,0,0
495,495,*NOUSE*,*NOUSE*,0,0,0,0,0,0,0,0
496,496,V5L,,78,492,64,104.00,30.11,16.42,7157,215466
497,497,*NOUSE*,*NOUSE*,0,0,0,0,0,0,0,0
498,498,*NOUSE*,*NOUSE*,0,0,0,0,0,0,0,0
499,499,*NOUSE*,*NOUSE*,0,0,0,0,0,0,0,0
500,500,*NOUSE*,*NOUSE*,0,0,0,0,0,0,0,0
501,501,*NOUSE*,*NOUSE*,0,0,0,0,0,0,0,0
502,502,*NOUSE*,*NOUSE*,0,0,0,0,0,0,0,0
503,503,*NOUSE*,*NOUSE*,0,0,0,0,0,0,0,0
504,504,*NOUSE*,*NOUSE*,0,0,0,0,0,0,0,0
505,505,RIFL,,75,1167,31,230.00,87.99,57.45,2567,225880
506,506,*NOUSE*,*NOUSE*,0,0,0,0,0,0,0,0
507,507,RIGL,,76,1142,33,204.00,74.01,48.05,3260,241269
508,508,VL11,,77,959,37,175.00,55.41,39.42,3846,213090
509,509,*NOUSE*,*NOUSE*,0,0,0,0,0,0,0,0
510,510,*NOUSE*,*NOUSE*,0,0,0,0,0,0,0,0
511,511,*NOUSE*,*NOUSE*,0,0,0,0,0,0,0,0
512,512,M2L,,78,1192,63,235.00,98.26,54.31,3026,297337
513,513,QL,,81,529,68,122.00,38.66,23.91,7348,284039
514,514,*NOUSE*,*NOUSE*,0,0,0,0,0,0,0,0
515,515,PM4L,,79,1413,75,146.00,56.37,27.67,4314,243168
516,516,*NOUSE*,*NOUSE*,0,0,0,0,0,0,0,0
517,517,*NOUSE*,*NOUSE*,0,0,0,0,0,0,0,0
518,518,M5,,79,1143,91,224.00,74.32,51.94,4247,315629
519,519,*NOUSE*,*NOUSE*,0,0,0,0,0,0,0,0
520,520,*NOUSE*,*NOUSE*,0,0,0,0,0,0,0,0
521,521,*NOUSE*,*NOUSE*,0,0,0,0,0,0,0,0
522,522,*NOUSE*,*NOUSE*,0,0,0,0,0,0,0,0
523,523,NSML,,80,1402,59,189.00,70.49,42.20,3351,236218
524,524,GLRL,,79,1296,62,207.00,88.99,45.39,3016,268387
525,525,SAAVL,,78,1298,81,226.00,102.10,50.48,2972,303450
526,526,*NOUSE*,*NOUSE*,0,0,0,0,0,0,0,0
527,527,AWAL,,79,1254,83,184.00,89.08,38.77,3727,332019
528,528,*NOUSE*,*NOUSE*,0,0,0,0,0,0,0,0
529,529,*NOUSE*,*NOUSE*,0,0,0,0,0,0,0,0
530,530,*NOUSE*,*NOUSE*,0,0,0,0,0,0,0,0
531,531,DL8,,80,1149,106,162.00,47.01,31.29,6783,318842
532,532,*NOUSE*,*NOUSE*,0,0,0,0,0,0,0,0
533,533,EXC DUCT,,79,1232,56,166.00,70.30,30.15,3756,264064
534,534,*NOUSE*,*NOUSE*,0,0,0,0,0,0,0,0
535,535,*NOUSE*,*NOUSE*,0,0,0,0,0,0,0,0
536,536,DL2,,79,1491,94,136.00,43.14,22.98,4521,195034
537,537,*NOUSE*,*NOUSE*,0,0,0,0,0,0,0,0
538,538,DL16,,80,673,97,147.00,43.90,32.93,5313,233231
539,539,*NOUSE*,*NOUSE*,0,0,0,0,0,0,0,0
540,540,*NOUSE*,*NOUSE*,0,0,0,0,0,0,0,0
541,541,*NOUSE*,*NOUSE*,0,0,0,0,0,0,0,0
542,542,*NOUSE*,*NOUSE*,0,0,0,0,0,0,0,0
543,543,*NOUSE*,*NOUSE*,0,0,0,0,0,0,0,0
544,544,SIBVL,,81,1279,58,197.00,86.06,45.39,3034,261092
545,545,*NOUSE*,*NOUSE*,0,0,0,0,0,0,0,0
546,546,*NOUSE*,*NOUSE*,0,0,0,0,0,0,0,0
547,547,*NOUSE*,*NOUSE*,0,0,0,0,0,0,0,0
548,548,G1AL,,79,1187,80,198.00,79.56,42.93,3782,300913
549,549,ALML,,83,818,92,212.00,61.31,46.71,4112,252102
550,550,*NOUSE*,*NOUSE*,0,0,0,0,0,0,0,0
551,551,*NOUSE*,*NOUSE*,0,0,0,0,0,0,0,0
552,552,*NOUSE*,*NOUSE*,0,0,0,0,0,0,0,0
553,553,*NOUSE*,*NOUSE*,0,0,0,0,0,0,0,0
554,554,*NOUSE*,*NOUSE*,0,0,0,0,0,0,0,0
555,555,VL9,,80,1106,36,152.00,53.65,35.71,3840,206026
556,556,VL8,,84,1162,41,152.00,46.88,30.28,5784,271161
557,557,*NOUSE*,*NOUSE*,0,0,0,0,0,0,0,0
558,558,*NOUSE*,*NOUSE*,0,0,0,0,0,0,0,0
559,559,AIBL,,83,1266,68,192.00,78.77,40.72,3723,293254
560,560,*NOUSE*,*NOUSE*,0,0,0,0,0,0,0,0
561,561,*NOUSE*,*NOUSE*,0,0,0,0,0,0,0,0
562,562,*NOUSE*,*NOUSE*,0,0,0,0,0,0,0,0
563,563,*NOUSE*,*NOUSE*,0,0,0,0,0,0,0,0
564,564,*NOUSE*,*NOUSE*,0,0,0,0,0,0,0,0
565,565,*NOUSE*,*NOUSE*,0,0,0,0,0,0,0,0
566,566,*NOUSE*,*NOUSE*,0,0,0,0,0,0,0,0
567,567,*NOUSE*,*NOUSE*,0,0,0,0,0,0,0,0
568,568,*NOUSE*,*NOUSE*,0,0,0,0,0,0,0,0
569,569,OLLL,,81,1371,77,180.00,84.41,39.37,2261,190856
570,570,ASGL,,83,1239,91,209.00,95.17,45.67,4002,380867
571,571,CEPSHDL,,82,1339,87,176.00,65.31,38.54,3326,217233
572,572,*NOUSE*,*NOUSE*,0,0,0,0,0,0,0,0
573,573,*NOUSE*,*NOUSE*,0,0,0,0,0,0,0,0
574,574,*NOUSE*,*NOUSE*,0,0,0,0,0,0,0,0
575,575,SIAVL,,84,1239,46,181.00,79.90,42.01,3103,247927
576,576,*NOUSE*,*NOUSE*,0,0,0,0,0,0,0,0
577,577,*NOUSE*,*NOUSE*,0,0,0,0,0,0,0,0
578,578,*NOUSE*,*NOUSE*,0,0,0,0,0,0,0,0
579,579,*NOUSE*,*NOUSE*,0,0,0,0,0,0,0,0
580,580,*NOUSE*,*NOUSE*,0,0,0,0,0,0,0,0
581,581,OLQSOVL,,86,1452,52,177.00,57.75,38.35,3740,215976
582,582,*NOUSE*,*NOUSE*,0,0,0,0,0,0,0,0
583,583,*NOUSE*,*NOUSE*,0,0,0,0,0,0,0,0
584,584,ADFL,,84,1270,84,180.00,95.76,39.59,3087,295620
585,585,AVBL,,82,1223,81,222.00,108.01,42.02,3442,371769
586,586,SMBDL,,84,1256,41,193.00,80.77,46.02,3010,243113
587,587,VL6,,85,1316,43,137.00,45.16,26.53,3043,137420
588,588,EXC GL L,,84,1131,42,187.00,68.61,44.48,3949,270928
589,589,AIYL,,83,1202,51,222.00,93.22,50.50,3027,282189
590,590,*NOUSE*,*NOUSE*,0,0,0,0,0,0,0,0
591,591,*NOUSE*,*NOUSE*,0,0,0,0,0,0,0,0
592,592,URYVL,,85,1364,56,192.00,77.62,42.53,2973,230753
593,593,BDUL,,86,1048,69,235.00,72.97,55.32,4067,296771
594,594,HYP5L,,85,1564,73,98.00,35.56,20.77,4930,175331
595,595,ARCPDL,,84,1475,85,147.00,44.66,28.35,5575,248991
596,596,HYP2L,,87,1494,80,145.00,44.27,30.27,4717,208827
597,597,*NOUSE*,*NOUSE*,0,0,0,0,0,0,0,0
598,598,AMSOL,,84,1449,87,172.00,58.84,39.68,4337,255200
599,599,*NOUSE*,*NOUSE*,0,0,0,0,0,0,0,0
600,600,*NOUSE*,*NOUSE*,0,0,0,0,0,0,0,0
601,601,*NOUSE*,*NOUSE*,0,0,0,0,0,0,0,0
602,602,VL4,,85,1397,44,126.00,46.17,22.35,4104,189502
603,603,P1/2L,,88,938,50,147.00,42.25,29.88,5704,240970
604,604,*NOUSE*,*NOUSE*,0,0,0,0,0,0,0,0
605,605,HSNL,,86,661,56,194.00,58.72,42.64,5279,309981
606,606,V2L,,87,890,58,95.00,32.80,17.97,6902,226357
607,607,SIADL,,84,1251,57,220.00,91.29,46.70,2885,263362
608,608,*NOUSE*,*NOUSE*,0,0,0,0,0,0,0,0
609,609,ARCADL,,87,1511,71,156.00,42.14,31.14,5355,225653
610,610,*NOUSE*,*NOUSE*,0,0,0,0,0,0,0,0
611,611,*NOUSE*,*NOUSE*,0,0,0,0,0,0,0,0
612,612,*NOUSE*,*NOUSE*,0,0,0,0,0,0,0,0
613,613,*NOUSE*,*NOUSE*,0,0,0,0,0,0,0,0
614,614,*NOUSE*,*NOUSE*,0,0,0,0,0,0,0,0
615,615,*NOUSE*,*NOUSE*,0,0,0,0,0,0,0,0
616,616,*NOUSE*,*NOUSE*,0,0,0,0,0,0,0,0
617,617,*NOUSE*,*NOUSE*,0,0,0,0,0,0,0,0
618,618,*NOUSE*,*NOUSE*,0,0,0,0,0,0,0,0
619,619,AWBL,,87,1255,94,212.00,83.61,46.48,3603,301262
620,620,AVHL,,87,1221,94,223.00,92.60,52.35,3949,365692
621,621,XXXL,,88,1385,60,205.00,75.46,46.26,3271,246821
622,622,RIML,,89,1225,68,201.00,82.12,44.08,3400,279221
623,623,V1L,,89,1010,68,101.00,35.40,20.87,6889,243865
624,624,CANL,,89,703,70,179.00,51.67,39.85,4984,257548
625,625,IL1L,,87,1374,64,178.00,83.03,40.45,2960,245767
626,626,*NOUSE*,*NOUSE*,0,0,0,0,0,0,0,0
627,627,*NOUSE*,*NOUSE*,0,0,0,0,0,0,0,0
628,628,*NOUSE*,*NOUSE*,0,0,0,0,0,0,0,0
629,629,*NOUSE*,*NOUSE*,0,0,0,0,0,0,0,0
630,630,*NOUSE*,*NOUSE*,0,0,0,0,0,0,0,0
631,631,*NOUSE*,*NOUSE*,0,0,0,0,0,0,0,0
632,632,*NOUSE*,*NOUSE*,0,0,0,0,0,0,0,0
633,633,*NOUSE*,*NOUSE*,0,0,0,0,0,0,0,0
634,634,*NOUSE*,*NOUSE*,0,0,0,0,0,0,0,0
635,635,*NOUSE*,*NOUSE*,0,0,0,0,0,0,0,0
636,636,*NOUSE*,*NOUSE*,0,0,0,0,0,0,0,0
637,637,*NOUSE*,*NOUSE*,0,0,0,0,0,0,0,0
638,638,*NOUSE*,*NOUSE*,0,0,0,0,0,0,0,0
639,639,*NOUSE*,*NOUSE*,0,0,0,0,0,0,0,0
640,640,*NOUSE*,*NOUSE*,0,0,0,0,0,0,0,0
641,641,*NOUSE*,*NOUSE*,0,0,0,0,0,0,0,0
642,642,*NOUSE*,*NOUSE*,0,0,0,0,0,0,0,0
643,643,*NOUSE*,*NOUSE*,0,0,0,0,0,0,0,0
644,644,*NOUSE*,*NOUSE*,0,0,0,0,0,0,0,0
645,645,FLPL,,92,1193,58,207.00,73.81,47.01,4560,336592
646,646,RMDL,,89,1301,58,186.00,71.94,42.98,3389,243814
647,647,OLQSHVL,,91,1397,62,213.00,77.30,49.61,3264,252304
648,648,*NOUSE*,*NOUSE*,0,0,0,0,0,0,0,0
649,649,*NOUSE*,*NOUSE*,0,0,0,0,0,0,0,0
650,650,*NOUSE*,*NOUSE*,0,0,0,0,0,0,0,0
651,651,*NOUSE*,*NOUSE*,0,0,0,0,0,0,0,0
652,652,ILSHL,,90,1435,59,167.00,58.36,38.45,3781,220675
653,653,ADAL,,94,1168,57,223.00,72.42,52.79,3816,276355
654,654,IL2L,,91,1390,75,175.00,59.85,38.50,4402,263441
655,655,*NOUSE*,*NOUSE*,0,0,0,0,0,0,0,0
656,656,*NOUSE*,*NOUSE*,0,0,0,0,0,0,0,0
657,657,*NOUSE*,*NOUSE*,0,0,0,0,0,0,0,0
658,658,ADESHL,,93,1135,64,236.00,73.26,55.79,4098,300210
659,659,OLLSHL,,92,1409,69,238.00,74.14,52.47,3741,277370
660,660,AVAL,,91,1300,76,197.00,72.14,44.66,3859,278404
661,661,*NOUSE*,*NOUSE*,0,0,0,0,0,0,0,0
662,662,*NOUSE*,*NOUSE*,0,0,0,0,0,0,0,0
663,663,*NOUSE*,*NOUSE*,0,0,0,0,0,0,0,0
664,664,*NOUSE*,*NOUSE*,0,0,0,0,0,0,0,0
665,665,ASEL,,94,1236,81,156.00,65.00,38.35,4338,281954
666,666,RMGL,,93,1152,58,204.00,71.51,49.08,4047,289404
667,667,ASJL,,94,1238,61,147.00,56.42,32.71,5258,296682
668,668,*NOUSE*,*NOUSE*,0,0,0,0,0,0,0,0
669,669,*NOUSE*,*NOUSE*,0,0,0,0,0,0,0,0
670,670,AUAL,,96,1257,62,190.00,69.74,44.29,4227,294793
671,671,*NOUSE*,*NOUSE*,0,0,0,0,0,0,0,0
672,672,URBL,,93,1370,74,192.00,74.54,49.03,3466,258352
673,673,ASHL,,94,1256,78,152.00,65.99,37.08,4592,303031
674,674,*NOUSE*,*NOUSE*,0,0,0,0,0,0,0,0
675,675,*NOUSE*,*NOUSE*,0,0,0,0,0,0,0,0
676,676,*NOUSE*,*NOUSE*,0,0,0,0,0,0,0,0
677,677,*NOUSE*,*NOUSE*,0,0,0,0,0,0,0,0
678,678,*NOUSE*,*NOUSE*,0,0,0,0,0,0,0,0
679,679,*NOUSE*,*NOUSE*,0,0,0,0,0,0,0,0
680,680,*NOUSE*,*NOUSE*,0,0,0,0,0,0,0,0
681,681,VR1,*MANUAL*,48,1518,56,116.00,67.34,21.81,895,60268
682,682,VR2,*MANUAL*$216$200,55,1481,42,107.00,37.53,18.90,5436,204020
683,683,VR3,*MANUAL*$198$215,55,1437,37,133.00,42.87,21.74,4114,176384
684,684,VR5,*MANUAL*,57,1336,33,147.00,55.16,24.88,895,49367
685,685,VR6,*MANUAL*$91$107,47,1320,39,120.00,40.29,23.33,4585,184713
686,686,*NOUSE*,*NOUSE*,0,0,0,0,0,0,0,0
687,687,VR9,*MANUAL*$235$213,58,1108,31,169.00,52.76,36.75,4487,236754
688,688,VR11,*MANUAL*$197$196,56,968,34,145.00,49.34,34.60,4068,200721
689,689,VR13,*MANUAL*$161$159,53,867,38,151.00,43.54,29.70,4676,203585
690,690,VR14,*MANUAL*$148$162,53,804,42,142.00,45.94,31.88,5114,234912
691,691,VR16,*MANUAL*$163$164,53,650,47,132.00,42.00,29.98,5956,250131
692,692,VR19,*MANUAL*$217$224$225,55,387,49,102.00,35.21,20.19,5296,186490
693,693,DR1,*MANUAL*$175$125$138,50,1514,84,87.00,34.73,16.84,5813,201909
694,694,DR2,*MANUAL*,52,1480,96,123.00,66.19,22.70,831,55000
695,695,DR3,*MANUAL*$180$194,53,1430,100,132.00,47.18,23.48,5335,251714
696,696,DR4,*MANUAL*,47,1388,94,125.00,69.09,22.81,895,61834
697,697,DR5,*MANUAL*,53,1339,100,130.00,62.13,25.07,1361,84561
698,698,DR7,*MANUAL*,52,1208,103,147.00,69.06,26.66,895,61806
699,699,DR8,*MANUAL*$89$90,46,1157,99,109.00,36.82,21.65,7178,264299
700,700,DR10,*MANUAL*$88$106,47,1086,97,131.00,39.58,25.47,6367,251999
701,701,DR11,*MANUAL*$178$179,54,1015,102,157.00,43.32,31.18,7117,308312
702,702,DR12,*MANUAL*$126$145,52,940,101,144.00,43.50,29.93,7685,334316
703,703,DR13,*MANUAL*$233$248,57,893,105,166.00,47.22,34.56,5506,260005
704,704,DR14,*MANUAL*$144$143,51,824,99,158.00,46.10,32.75,5307,244628
705,705,DR15,*MANUAL*$285$286,61,783,104,191.00,47.03,36.33,5232,246077
706,706,DR16,*MANUAL*$230$231,57,693,100,160.00,45.76,33.23,4725,216227
707,707,DR17,*MANUAL*$247$257,58,623,102,178.00,45.43,33.42,4625,210096
708,708,DR18,*MANUAL*$284$282$283,61,546,99,147.00,42.26,29.49,4677,197668
709,709,DR20,*MANUAL*$244$245,59,401,94,118.00,37.27,23.32,4834,180155
710,710,DR21,*MANUAL*,55,282,92,104.00,55.44,19.63,861,47735
711,711,VL1,*MANUAL*,86,1527,56,127.00,64.50,20.85,803,51791
712,712,VL2,*MANUAL*,81,1502,41,96.00,55.48,16.51,895,49653
713,713,VL3,*MANUAL*,78,1454,38,116.00,54.82,20.56,895,49062
714,714,VL5,*MANUAL*,80,1349,35,140.00,73.02,25.35,895,65353
715,715,VL7,*MANUAL*,83,1217,37,150.00,76.28,29.63,895,68269
716,716,VL10,*MANUAL*$506$487,77,1034,36,147.00,43.19,29.51,5275,227824
717,717,VL12,*MANUAL*$489$532,78,904,42,161.00,42.05,31.76,5349,224900
718,718,VL14,*MANUAL*$542$541,80,779,43,162.00,47.28,33.80,5479,259033
719,719,VL15,*MANUAL*$442$422,73,722,41,168.00,44.89,34.47,5634,252888
720,720,*NOUSE*,*NOUSE*,0,0,0,0,0,0,0,0
721,721,VL19,*MANUAL*,70,216,59,101.00,47.64,19.01,895,42642
722,722,VR20,*MANUAL*,56,219,61,117.00,68.00,16.72,895,60860
723,723,*NOUSE*,*NOUSE*,0,0,0,0,0,0,0,0
724,724,DL3,*MANUAL*$552$521,77,1447,100,135.00,49.50,26.75,4671,231201
725,725,DL4,*MANUAL*,82,1404,98,163.00,75.08,26.45,895,67193
726,726,DL5,*MANUAL*,76,1319,102,175.00,99.13,26.85,809,80200
727,727,DL6,*MANUAL*,83,1317,97,148.00,91.85,23.05,895,82206
728,728,DL7,*MANUAL*$522$452,73,1202,107,156.00,61.59,31.39,4882,300702
729,729,HMC,*MANUAL*,64,1214,101,186.00,123.83,21.98,895,110825
730,730,DL10,*MANUAL*$451$436,74,1029,104,159.00,46.26,34.44,6287,290820
731,731,DL11,*MANUAL*$470$503,76,982,103,172.00,49.02,36.46,6318,309679
732,732,DL12,*MANUAL*$504$502,77,925,103,157.00,46.64,34.14,6324,294920
733,733,DL13,*MANUAL*,77,859,99,162.00,83.94,32.99,1365,114579
734,734,DL14,*MANUAL*$537$539,79,794,97,158.00,43.49,32.74,5908,256936
735,735,DL15,*MANUAL*$468$469,74,744,100,156.00,46.84,33.68,4906,229813
736,736,DL17,*MANUAL*$467$485,75,575,96,160.00,44.31,31.65,5008,221904
737,737,DL18,*MANUAL*$401$426,72,477,94,132.00,42.06,28.94,4685,197073
738,738,DL20,*MANUAL*,74,355,94,94.00,36.12,27.06,895,32325
739,739,DL21,*MANUAL*$240$363,61,206,83,97.00,29.70,16.12,3595,106771
740,740,DA7,*MANUAL*,64,396,42,162.00,97.56,26.99,895,87315
741,741,DB7,*MANUAL*,64,427,43,156.00,91.95,25.62,895,82292
742,742,DA3,*MANUAL*,65,923,31,186.00,101.91,31.03,1365,139103
743,743,*NOUSE*,*NOUSE*,0,0,0,0,0,0,0,0
744,744,Z2,*MANUAL*$381$743,59,708,57,149.00,37.74,25.41,12994,490357
745,745,*NOUSE*,*NOUSE*,0,0,0,0,0,0,0,0
746,746,Z3,*MANUAL*$582$745,73,670,52,145.00,40.61,25.65,12997,527745
747,747,Z4,*MANUAL*$432$415,72,635,51,128.00,37.85,23.71,6615,250366
748,748,Z1,*MANUAL*,54,736,53,122.00,51.88,18.41,1365,70821
749,749,INDR1,*MANUAL*$174$176,54,1057,86,79.00,29.16,13.93,8415,245367
750,750,INV8,*MANUAL*$265$341,61,435,59,60.00,24.35,10.39,5093,124019
751,751,IND2,*MANUAL*$255$242,60,1003,89,57.00,25.60,10.27,9269,237327
752,752,IND3,*MANUAL*$365$347,66,939,94,71.00,24.62,10.44,8500,209279
753,753,IND9,*MANUAL*,70,342,86,45.00,20.79, 8.26,895,18607
754,754,H0L,*MANUAL*$649$663,91,1460,66,122.00,43.42,24.68,5193,225498
755,755,H1L,*MANUAL*,95,1328,66,99.00,49.29,17.39,1357,66891
756,756,H2L,*MANUAL*,95,1184,71,145.00,59.74,19.08,1365,81550
757,757,AMSHL,*MANUAL*$668$657,91,1174,92,142.00,47.40,27.21,6196,293690
758,758,HYP7ABLD,*MANUAL*,93,1115,86,94.00,42.51,16.38,2103,89409
759,759,HYP7ABLV,*MANUAL*,94,1111,64,116.00,36.84,18.41,2969,109375
760,760,V3L,*MANUAL*$638$639,89,778,58,102.00,31.94,17.91,8064,257593
761,761,V4L,*MANUAL*$613$568,84,625,60,87.00,30.36,15.65,7091,215259
762,762,V6L,*MANUAL*$535$558,81,401,68,87.00,26.64,13.17,6698,178429
763,763,P3/4L,*MANUAL*$590$580,86,840,51,121.00,38.53,24.16,5919,228046
764,764,P7/8L,*MANUAL*$567$579,83,570,50,119.00,37.70,23.83,6224,234664
765,765,P9/10L,*MANUAL*,81,451,55,125.00,50.88,24.52,1365,69456
766,766,P11/12L,*MANUAL*,83,317,64,79.00,29.19,16.12,1362,39758
767,767,IML,*MANUAL*,77,337,58,114.00,62.71,17.38,895,56128
768,768,HYP7LC1,*MANUAL*$644$633,89,977,86,81.00,30.48,14.74,9639,293829
769,769,HYP7LC2,*MANUAL*$635$617$650,87,905,82,133.00,31.69,18.24,7740,245267
770,770,*NOUSE*,*NOUSE*,0,0,0,0,0,0,0,0
771,771,HYP7LC3,*MANUAL*$632$770,88,768,83,99.00,29.57,15.84,8824,260956
772,772,HYP7LC4,*MANUAL*$610$616$626,86,592,81,78.00,27.93,13.93,7801,217844
773,773,HYP7LC5,*MANUAL*$572$597$563,82,464,85,81.00,27.93,13.82,6005,167738
774,774,HYP7LC6,*MANUAL*,80,310,86,64.00,17.32,10.66,1365,23643
775,775,H1R,*MANUAL*,37,1344,65,105.00,44.08,18.93,1365,60171
776,776,H2R,*MANUAL*$6$24$23,37,1135,58,84.00,34.42,16.15,4944,170178
777,777,AMSHR,*MANUAL*,38,1138,77,86.00,47.61,17.18,1365,64982
778,778,*NOUSE*,*NOUSE*,0,0,0,0,0,0,0,0
779,779,HYP7ABRV,*MANUAL*$67$48,41,1046,47,91.00,28.81,14.02,6678,192368
780,780,HYP7ABR3,*MANUAL*$61$62,43,1043,70,85.00,28.05,14.30,7325,205458
781,781,V1R,*MANUAL*$26$14,39,987,63,80.00,31.19,15.14,5995,186966
782,782,P1/2R,*MANUAL*$50$49,43,936,47,123.00,37.31,23.85,5241,195526
783,783,HYP7RC2,*MANUAL*$65$63,42,831,76,66.00,24.39, 9.88,7416,180898
784,784,V4R,*MANUAL*$84$75,43,640,65,71.00,26.36,12.58,7136,188071
785,785,HYP7ABRD,*MANUAL*$37$778,40,1093,66,77.00,27.97,11.85,5579,156045
786,786,CANR,*MANUAL*,47,763,74,158.00,88.09,25.20,895,78842
787,787,M,*MANUAL*,54,546,76,81.00,21.57,17.22,2103,45368
788,788,QR,*MANUAL*,47,542,64,93.00,52.82,15.98,1365,72105
789,789,V5R,*MANUAL*$131$120$101,46,495,69,64.00,23.35,10.12,6372,148809
790,790,P9/10R,*MANUAL*$72$73,44,464,59,100.00,34.78,19.66,5573,193846
791,791,P11/12R,*MANUAL*,49,318,58,75.00,36.70,13.39,1362,49983
792,792,HYP7RC4,*MANUAL*$139$141$157,49,596,89,77.00,25.92,12.80,7180,186121
793,793,HYP7RC5,*MANUAL*$124$104,47,450,89,78.00,26.83,13.02,5413,145224
794,794,HYP7RC6,*MANUAL*,48,301,83,71.00,19.73,10.05,1365,26925
795,795,PVT,*MANUAL*,61,321,52,123.00,70.03,20.44,1365,95591
796,796,PVPR,*MANUAL*,54,307,58,135.00,79.02,21.96,895,70722
797,797,DA9,*MANUAL*,56,289,52,113.00,68.70,18.30,1365,93775
798,798,SPH,*MANUAL*,76,309,69,126.00,83.23,16.11,895,74492
799,799,PVPL,*MANUAL*,71,311,53,127.00,77.63,21.96,895,69479
800,800,DD6,*MANUAL*,65,300,58,147.00,106.13,20.37,895,94982
801,801,YPDA,*MANUAL*$336$358,65,269,47,104.00,38.49,21.10,3754,144494
802,802,U,*MANUAL*,65,284,61,115.00,75.43,15.22,895,67507
803,803,VIRL,*MANUAL*,70,304,86,122.00,74.28,20.38,895,66481
804,804,VIRR,*MANUAL*,61,305,78,104.00,65.18,19.59,895,58335
805,805,REPVR,*MANUAL*,52,293,70,109.00,70.47,13.93,895,63072
806,806,PVQL,*MANUAL*,76,269,72,103.00,58.69,17.12,895,52530
807,807,K,*MANUAL*,72,267,86,97.00,63.09,17.52,895,56470
808,808,PHBL,*MANUAL*,73,253,74,123.00,84.44,13.16,895,75571
809,809,PHAL,*MANUAL*,73,252,61,116.00,72.78,19.41,895,65137
810,810,ALNL,*MANUAL*,69,228,85,122.00,80.59,17.24,825,66483
811,811,PHSHL,*MANUAL*,68,210,71,115.00,64.58,20.62,873,56379
812,812,PLML,*MANUAL*,68,188,64,107.00,66.19,18.02,895,59242
813,813,K',*MANUAL*,54,275,79,113.00,78.30,15.65,895,70081
814,814,PHAR,*MANUAL*,53,252,59,110.00,72.90,18.00,895,65243
815,815,PVCR,*MANUAL*,54,234,65,105.00,75.01,12.00,871,65338
816,816,PHSHR,*MANUAL*,58,211,74,102.00,75.50,11.17,895,67574
817,817,PLMR,*MANUAL*,58,189,59,99.00,50.43,16.38,895,45135
818,818,TR,*MANUAL*,55,182,73,46.00,22.01, 7.33,1365,30044
819,819,TL,*MANUAL*,69,177,77,50.00,18.62, 7.38,895,16665
820,820,HYP8,*MANUAL*,65,113,63,61.00,32.81,11.45,895,29367
821,821,HYP101,*MANUAL*$343$362,63,62,71,58.00,22.19, 8.20,3369,74754
822,822,HYP102,*MANUAL*$379$392,66,42,68,54.00,24.08, 9.22,3159,76053
823,823,VPI2DL,*MANUAL*,81,1118,75,226.00,137.27,39.22,895,122853
824,824,MC3DR,*MANUAL*,48,1145,78,150.00,93.28,18.55,895,83489
825,825,MC3DL,*MANUAL*$561$562,83,1150,81,200.00,60.18,41.83,4742,285373
826,826,PM7D,*MANUAL*$350$331,66,1154,99,147.00,44.41,27.81,7482,332301
827,827,PM7VL,*MANUAL*$557$546,81,1151,60,196.00,65.16,39.20,4513,294054
828,828,G1AR,*MANUAL*$123$102,49,1187,81,152.00,60.78,33.06,4203,255447
829,829,PM5VR,*MANUAL*,62,1201,58,182.00,125.50,25.47,485,60869
830,830,PM5VL,*MANUAL*,71,1199,59,179.00,126.96,22.84,485,61578
831,831,PM5R,*MANUAL*,55,1204,69,156.00,99.16,28.01,895,88751
832,832,PM5L,*MANUAL*,76,1206,72,216.00,138.01,31.57,894,123380
833,833,PM5DR,*MANUAL*,58,1207,84,161.00,115.48,20.43,485,56009
834,834,PM5DL,*MANUAL*,71,1209,85,161.00,107.19,17.84,485,51989
835,835,MC2DL,*MANUAL*,72,1231,74,123.00,77.05,19.79,895,68964
836,836,PM4DL,*MANUAL*,72,1416,91,163.00,111.28,20.98,380,42286
837,837,PM4DR,*MANUAL*,58,1412,85,128.00,87.27,15.38,476,41540
838,838,MI,*MANUAL*,64,1417,91,187.00,130.77,24.38,895,117036
839,839,MCL,*MANUAL*,75,1421,62,200.00,149.90,26.04,276,41372
840,840,I2L,*MANUAL*,81,1421,59,211.00,157.38,26.98,895,140855
841,841,MCR,*MANUAL*,60,1425,57,171.00,123.51,20.89,482,59533
842,842,I2R,*MANUAL*,54,1429,51,175.00,136.04,19.83,485,65977
843,843,MC1V,*MANUAL*,68,1432,48,142.00,87.03,18.91,801,69710
844,844,MC1DL,*MANUAL*,77,1437,81,158.00,86.84,23.97,876,76074
845,845,PM1DR,*MANUAL*,60,1438,85,198.00,129.30,34.78,485,62711
846,846,PM1DL,*MANUAL*,71,1443,85,210.00,161.52,23.83,485,78339
847,847,PM1R,*MANUAL*,52,1439,65,166.00,94.90,30.15,895,84936
848,848,PM1L,*MANUAL*,79,1445,69,191.00,114.34,43.10,895,102337
849,849,PM1VL,*MANUAL*,79,1441,58,202.00,136.27,30.64,895,121961
850,850,PM1VR,*MANUAL*,63,1439,48,168.00,116.39,27.76,895,104166
851,851,i1r,*MANUAL*,58,1458,54,136.00,84.16,20.19,825,69433
852,852,I1L,*MANUAL*,78,1466,60,164.00,86.36,42.64,885,76428
853,853,PM2VL1,*MANUAL*,76,1560,57,173.00,100.00,37.25,895,89498
854,854,E1VL,*MANUAL*,79,1532,57,161.00,103.51,28.10,895,92639
855,855,E3VL,*MANUAL*,79,1500,57,141.00,79.28,26.16,861,68261
856,856,PM3L,*MANUAL*,79,1488,66,92.00,56.61,14.10,895,50668
857,857,PM3VL,*MANUAL*,75,1520,52,137.00,64.51,21.96,895,57739
858,858,PM3VR,*MANUAL*,62,1518,53,109.00,63.76,14.74,894,57000
859,859,E2VR,*MANUAL*,59,1598,62,73.00,36.92,10.04,895,33046
860,860,PM2VR1,*MANUAL*,55,1562,60,132.00,74.36,25.09,895,66552
861,861,PM2VR2,*MANUAL*,55,1547,58,136.00,85.66,21.25,895,76670
862,862,E1VR,*MANUAL*,56,1526,59,155.00,90.34,24.55,895,80857
863,863,E3VR,*MANUAL*,56,1497,55,110.00,65.90,19.95,895,58981
864,864,PM3R,*MANUAL*,55,1480,64,94.00,54.04,16.64,895,48368
865,865,PM2D1,*MANUAL*,67,1562,86,138.00,78.29,28.90,895,70074
866,866,PM2D2,*MANUAL*,66,1539,86,145.00,89.97,22.68,894,80435
867,867,E1D,*MANUAL*,66,1508,85,132.00,81.81,23.51,895,73217
868,868,E3D,*MANUAL*$399$328,66,1467,87,127.00,44.23,23.66,5468,241847
869,869,PM3DR,*MANUAL*,63,1486,80,73.00,42.05, 9.34,895,37635
870,870,PM3DL,*MANUAL*,71,1515,77,94.00,37.58,13.61,895,33631
871,871,W,*MANUAL*,72,1214,31,173.00,96.64,26.07,895,86493
872,872,EXC,*MANUAL*,60,1223,41,75.00,44.05,10.87,895,39422
873,873,AIMR,*MANUAL*,63,1210,42,224.00,153.53,32.61,895,137412
874,874,AIYR,*MANUAL*,51,1208,45,196.00,130.84,34.13,895,117099
875,875,SABVL,*MANUAL*,73,1178,30,251.00,163.90,42.04,853,139806
876,876,SABVR,*MANUAL*,64,1175,32,248.00,157.44,42.35,895,140909
877,877,AVKR,*MANUAL*,50,1193,39,162.00,111.90,25.67,895,100151
878,878,ADEL,*MANUAL*,90,1180,58,227.00,142.89,30.92,895,127888
879,879,RICL,*MANUAL*,94,1210,60,208.00,128.00,29.76,864,110590
880,880,AWCL,*MANUAL*,94,1276,67,160.00,96.65,25.48,1359,131351
881,881,SIBDL,*MANUAL*,93,1287,62,224.00,121.09,44.52,895,108374
882,882,AVDL,*MANUAL*,94,1214,76,227.00,147.72,38.83,895,132209
883,883,AINL,*MANUAL*,91,1196,81,224.00,145.59,40.35,895,130305
884,884,AVJL,*MANUAL*,90,1209,87,222.00,155.15,32.13,895,138858
885,885,AFDL,*MANUAL*,91,1282,81,165.00,115.66,25.17,1365,157882
886,886,RMDVL,*MANUAL*,91,1318,79,189.00,123.41,26.38,895,110455
887,887,SMDVL,*MANUAL*,83,1288,92,198.00,136.40,26.84,895,122078
888,888,RIAL,*MANUAL*,76,1280,82,208.00,144.55,22.97,895,129372
889,889,avel,*MANUAL*,81,1288,72,198.00,131.47,26.81,895,117664
890,890,RIBL,*MANUAL*,81,1241,72,203.00,133.93,24.67,895,119863
891,891,AIZL,*MANUAL*,86,1208,66,209.00,160.44,23.35,895,143594
892,892,RIVL,*MANUAL*,82,1207,97,241.00,156.06,34.01,895,139673
893,893,URXL,*MANUAL*,69,1285,92,186.00,139.36,19.52,895,124725
894,894,URXR,*MANUAL*,55,1285,95,183.00,127.89,21.58,895,114464
895,895,ASKR,*MANUAL*,56,1266,89,155.00,106.18,24.11,895,95030
896,896,RIVR,*MANUAL*,46,1207,89,191.00,134.76,26.99,895,120614
897,897,FLPR,*MANUAL*,41,1189,48,167.00,119.18,23.78,895,106662
898,898,RICR,*MANUAL*,40,1205,48,166.00,115.08,22.91,895,102998
899,899,ASJR,*MANUAL*$41$51,43,1234,52,123.00,52.96,26.60,3956,209499
900,900,AVJR,*MANUAL*,41,1205,77,181.00,126.25,21.55,895,112992
901,901,ASGR,*MANUAL*,46,1236,85,166.00,119.18,21.62,895,106669
902,902,SMDVR,*MANUAL*,44,1295,86,200.00,114.97,30.87,895,102900
903,903,ADFR,*MANUAL*,45,1268,82,157.00,111.66,18.36,895,99936
904,904,ADLR,*MANUAL*,57,1245,89,160.00,114.89,17.93,895,102824
905,905,RIBR,*MANUAL*,50,1235,67,181.00,127.34,22.40,895,113969
906,906,SAAVR,*MANUAL*,53,1301,79,214.00,143.42,28.82,889,127503
907,907,CEPDR,*MANUAL*,51,1301,97,184.00,130.11,25.15,895,116452
908,908,CEPDL,*MANUAL*,77,1301,98,196.00,138.06,29.88,895,123563
909,909,GLRDR,*MANUAL*,61,1302,87,215.00,158.08,28.58,895,141480
910,910,ALA,*MANUAL*,63,1291,103,162.00,113.38,26.22,895,101473
911,911,RID,*MANUAL*,66,1314,104,170.00,114.34,25.22,895,102335
912,912,SMDDL,*MANUAL*,86,1270,45,192.00,127.28,27.79,889,113150
913,913,SIBVR,*MANUAL*,50,1280,52,214.00,142.08,25.69,895,127163
914,914,SIADR,*MANUAL*,48,1255,42,181.00,131.54,25.16,895,117728
915,915,SAADL,*MANUAL*,76,1284,44,201.00,157.88,16.61,485,76570
916,916,SAADR,*MANUAL*,57,1284,45,192.00,152.32,21.26,485,73876
917,917,RIH,*MANUAL*,67,1282,40,198.00,137.76,22.45,485,66812
918,918,SMBVL,*MANUAL*,76,1267,49,204.00,136.63,24.17,895,122284
919,919,SMBVR,*MANUAL*,66,1263,39,183.00,123.57,30.92,895,110598
920,920,SMBDR,*MANUAL*,58,1252,36,191.00,119.25,26.55,895,106725
921,921,BAGL,*MANUAL*,92,1353,65,166.00,92.86,31.86,1365,126760
922,922,RMEL,*MANUAL*,86,1337,73,188.00,129.20,30.34,895,115630
923,923,RIPL,*MANUAL*,81,1353,74,188.00,130.85,26.06,895,117108
924,924,OLQVL,*MANUAL*,82,1348,57,156.00,110.16,25.17,895,98594
925,925,CEPSHVL,*MANUAL*,86,1329,57,136.00,80.16,21.65,895,71742
926,926,URYDL,*MANUAL*,82,1357,90,221.00,132.75,30.88,859,114031
927,927,URADL,*MANUAL*,79,1372,92,234.00,166.33,28.34,859,142878
928,928,RMER,*MANUAL*,47,1338,69,142.00,100.94,21.00,895,90345
929,929,RIPR,*MANUAL*,52,1353,69,164.00,104.91,27.49,895,93896
930,930,OLLR,*MANUAL*,52,1364,77,158.00,110.43,18.94,895,98836
931,931,URYDR,*MANUAL*,51,1354,86,188.00,135.40,17.76,781,105748
932,932,URBR,*MANUAL*,45,1369,65,178.00,119.52,20.68,797,95257
933,933,BAGR,*MANUAL*,47,1345,53,144.00,102.77,14.91,839,86222
934,934,IL1R,*MANUAL*,51,1370,59,185.00,118.88,18.91,895,106397
935,935,URYVR,*MANUAL*,47,1360,50,182.00,111.78,25.78,891,99599
936,936,OLQVR,*MANUAL*,54,1351,51,157.00,114.32,18.36,895,102313
937,937,RMED,*MANUAL*,65,1340,96,192.00,126.65,18.17,835,105749
938,938,OLQDL,*MANUAL*,72,1346,92,208.00,137.45,30.29,895,123022
939,939,OLQDR,*MANUAL*,58,1347,93,177.00,135.06,18.08,895,120875
940,940,IL1DL,*MANUAL*,73,1361,90,230.00,160.12,23.81,895,143310
941,941,IL1DR,*MANUAL*,61,1360,88,219.00,149.27,26.26,895,133600
942,942,cepsodl,*MANUAL*,78,1389,94,200.00,121.37,29.78,895,108624
943,943,IL2DL,*MANUAL*,57,1389,97,167.00,104.51,23.20,895,93535
944,944,CEPSODR,*MANUAL*,50,1384,83,177.00,118.67,21.92,865,102650
945,945,OLLSOR,*MANUAL*,41,1382,79,188.00,109.45,27.68,895,97955
946,946,IL2DR,,42,1356,85,177.00,108.75,28.83,895,97328
947,947,ILSHDR,*MANUAL*,47,1400,83,169.00,112.43,22.21,819,92082
948,948,OLQSHDR,*MANUAL*,41,1406,80,152.00,100.28,22.63,895,89754
949,949,AMSOR,*MANUAL*,48,1475,82,131.00,88.22,18.37,895,78956
950,950,ARCPVR,*MANUAL*,46,1493,64,133.00,84.68,22.45,895,75790
951,951,OLQSOVR,*MANUAL*,49,1459,53,158.00,102.39,17.44,895,91639
952,952,CEPVL,*MANUAL*,73,1337,41,193.00,142.23,23.04,485,68983
953,953,CEPVR,*MANUAL*,62,1337,42,201.00,154.59,18.83,485,74978
954,954,URAVR,*MANUAL*,59,1356,41,179.00,140.39,18.83,485,68090
955,955,URAVL,*MANUAL*,81,1356,46,185.00,138.43,21.54,485,67138
956,956,IL1VL,*MANUAL*,71,1355,41,193.00,135.61,21.90,895,121370
957,957,IL2VL,*MANUAL*,73,1378,41,167.00,108.58,25.27,737,80020
958,958,IL2VR,*MANUAL*,63,1388,35,146.00,94.84,23.48,895,84886
959,959,CEPSOVR,*MANUAL*,55,1375,41,167.00,97.84,24.80,895,87567
960,960,CEPSOVL,*MANUAL*,81,1378,44,168.00,110.25,24.20,895,98677
961,961,ILSHR,*MANUAL*,46,1440,52,150.00,96.08,23.31,895,85991
962,962,ILSOL,*MANUAL*,86,1469,54,165.00,108.47,26.45,895,97080
963,963,ARCPVL,*MANUAL*,87,1494,58,142.00,89.54,24.58,895,80137
964,964,HYP1L,*MANUAL*,86,1426,88,206.00,130.61,36.12,774,101096
965,965,OLQSHDL,*MANUAL*,91,1422,84,205.00,116.49,44.85,895,104258
966,966,ilshdl,*MANUAL*,89,1401,87,214.00,127.68,38.80,895,114270
967,967,ollsol,,87,1372,88,224.00,141.32,38.85,895,126484
968,968,HYP4V2,*MANUAL*$376$357,66,1599,46,115.00,35.99,21.85,4295,154564
969,969,ARCAV,*MANUAL*,63,1575,46,128.00,78.58,20.46,883,69385
970,970,HYP2V,*MANUAL*,69,1566,45,126.00,80.40,20.98,895,71959
971,971,ARCPV,*MANUAL*,60,1552,45,146.00,89.41,21.90,895,80023
972,972,ILSOVR,*MANUAL*,62,1520,41,162.00,99.68,27.78,895,89211
973,973,ILSHVR,*MANUAL*,65,1500,38,167.00,106.57,28.44,895,95376
974,974,HYP1V,*MANUAL*,70,1536,41,127.00,76.50,28.38,895,68468
975,975,ILSOVL,*MANUAL*,71,1511,39,156.00,98.08,22.91,895,87781
976,976,ILSHVL,*MANUAL*,71,1490,38,147.00,96.42,23.35,895,86298
977,977,HYP6V1,*MANUAL*,66,1545,34,86.00,38.17,13.59,895,34164
978,978,HYP6V2,*MANUAL*,67,1460,37,80.00,45.08,12.55,1365,61531
979,979,HYP7V1,*MANUAL*,68,1398,29,86.00,42.43,15.99,895,37973
980,980,HYP7V2,*MANUAL*,67,1352,28,86.00,45.00,12.69,895,40274
981,981,HYP4D,*MANUAL*$402$366,66,1631,93,102.00,33.46,18.89,4149,138821
982,982,ARCPD,*MANUAL*,60,1541,96,158.00,104.80,26.67,895,93796
983,983,ILSODR,*MANUAL*,58,1512,93,163.00,107.56,23.77,895,96262
984,984,OLQSODR,*MANUAL*,61,1478,96,166.00,95.99,24.30,895,85914
985,985,ILSODL,*MANUAL*,74,1532,92,182.00,124.64,20.94,875,109061
986,986,OLQSODL,*MANUAL*,74,1513,95,185.00,115.79,30.67,861,99699
987,987,DL1,*MANUAL*,82,1534,87,115.00,58.87,27.02,895,52691
988,988,HYP6D1,*MANUAL*,68,1535,103,112.00,68.30,20.16,895,61130
989,989,HYP6D2,*MANUAL*,68,1509,101,137.00,78.40,23.41,895,70167
990,990,HYP6D4,*MANUAL*$354$368,66,1410,105,113.00,45.93,21.95,5539,254387
991,991,HYP7D1,*MANUAL*,65,1362,104,85.00,45.35,11.44,895,40589
992,992,HYP7D2,*MANUAL*$406$409$408,65,1262,107,111.00,45.38,19.08,4181,189728
993,993,MC3V,*MANUAL*$439$296,66,1146,46,173.00,52.03,32.72,5330,277320
994,994,VL17,*MANUAL*,73,468,49,121.00,64.16,22.97,895,57425
995,995,F,*MANUAL*,64,265,70,120.00,76.78,19.24,895,68718
996,996,B,*MANUAL*,63,238,55,91.00,57.19,12.66,895,51188
997,997,DVC,*MANUAL*,63,231,69,109.00,74.71, 9.90,895,66861
998,998,DEP,*MANUAL*,60,229,86,113.00,69.58,16.30,895,62271
999,999,REPD,*MANUAL*,63,276,91,109.00,75.97,14.89,895,67994
1000,1000,I4,*MANUAL*,66,1200,90,211.00,129.96,33.74,895,116314
1001,1001,RMDDL,*MANUAL*,85,1289,43,213.00,120.75,37.18,895,108069
1002,1002,vr8,*MANUAL*,52,1146,33,131.00,66.28,25.79,1365,90467
1003,1003,CEPSHVR,*MANUAL*$116$110,51,1332,46,189.00,60.38,36.78,4117,248604
1004,1004,P5/6L,*MANUAL*$604$578,85,711,51,125.00,38.88,26.17,6488,252285
1005,1005,IND7,*MANUAL*$269$315$298,60,502,89,51.00,19.05, 7.17,5938,113097
1006,1006,f1,*MANUAL*,62,1609,67, 8.00, 0.15, 0.75,895,137
1007,1007,f2,*MANUAL*,62,1470,69,64.00,12.94, 7.84,895,11582
1008,1008,f3,*MANUAL*,61,1387,69,16.00, 7.64, 2.09,895,6836
1009,1009,f4,*MANUAL*,61,1330,66,12.00, 4.97, 1.93,895,4451
1010,1010,f5,*MANUAL*,61,1155,65,38.00, 7.98, 4.78,895,7142
1011,1011,f6,*MANUAL*,62,1084,63,16.00, 4.81, 2.83,895,4301
1012,1012,f7,*MANUAL*,62,896,68, 8.00, 1.58, 1.68,895,1412
1013,1013,f8,*MANUAL*,63,802,70, 8.00, 1.19, 1.38,895,1063
1014,1014,f9,*MANUAL*,62,579,69, 7.00, 1.25, 1.29,895,1115
1015,1015,f10,*MANUAL*,62,377,70, 5.00, 0.86, 0.94,895,770
