0,0,*NOUSE*,*NOUSE*,0,0,0,0,0,0,0,0
1,1,*NOUSE*,*NOUSE*,0,0,0,0,0,0,0,0
2,2,ADAR,,40,1158,56,224.00,70.68,54.62,3248,229575
3,3,*NOUSE*,*NOUSE*,0,0,0,0,0,0,0,0
4,4,*NOUSE*,*NOUSE*,0,0,0,0,0,0,0,0
5,5,ADER,,43,1176,63,245.00,77.43,51.47,3746,290042
6,6,H1R,,40,1325,75,134.00,47.91,26.66,4234,202832
7,7,RMGR,,41,1136,56,217.00,61.59,46.48,3522,216911
8,8,*NOUSE*,*NOUSE*,0,0,0,0,0,0,0,0
9,9,AWCR,,42,1265,69,186.00,69.27,43.76,3405,235849
10,10,*NOUSE*,*NOUSE*,0,0,0,0,0,0,0,0
11,11,IL2R,,41,1385,82,210.00,78.06,51.07,2903,226604
12,12,ASER,,42,1231,83,192.00,64.89,40.45,3585,232629
13,13,AVJR,,42,1206,90,225.00,90.62,55.92,2927,265248
14,14,AMshR,,42,1191,94,167.00,58.25,32.89,4428,257912
15,15,AUAR,,42,1246,63,210.00,76.66,52.48,3000,229992
16,16,OLQSHVR,,42,1403,74,239.00,81.46,55.67,3225,262705
17,17,AVAR,,44,1295,79,199.00,75.56,47.78,3100,234240
18,18,*NOUSE*,*NOUSE*,0,0,0,0,0,0,0,0
19,19,ADEshL,,43,1115,62,239.00,71.43,55.89,3142,224431
20,20,RMDR,,44,1295,65,203.00,83.48,52.38,2828,236082
21,21,SIBDR,,44,1280,65,240.00,94.00,58.24,2587,243182
22,22,HYP7ABRV,,42,1099,67,138.00,38.49,22.29,4853,186782
23,23,H0R,,43,1441,81,157.00,50.98,33.60,4225,215379
24,24,ASHR,,44,1251,79,184.00,67.98,42.26,3425,232835
25,25,AINR,,44,1191,79,218.00,80.18,47.43,3067,245909
26,26,*NOUSE*,*NOUSE*,0,0,0,0,0,0,0,0
27,27,*NOUSE*,*NOUSE*,0,0,0,0,0,0,0,0
28,28,RMDVR,,44,1312,82,198.00,66.34,46.00,2844,188668
29,29,AFDR,,44,1274,84,193.00,69.90,43.85,2355,164620
30,30,*NOUSE*,*NOUSE*,0,0,0,0,0,0,0,0
31,31,*NOUSE*,*NOUSE*,0,0,0,0,0,0,0,0
32,32,OLLSHR,,43,1423,73,251.00,90.53,62.85,2660,240803
33,33,*NOUSE*,*NOUSE*,0,0,0,0,0,0,0,0
34,34,*NOUSE*,*NOUSE*,0,0,0,0,0,0,0,0
35,35,*NOUSE*,*NOUSE*,0,0,0,0,0,0,0,0
36,36,*NOUSE*,*NOUSE*,0,0,0,0,0,0,0,0
37,37,*NOUSE*,*NOUSE*,0,0,0,0,0,0,0,0
38,38,*NOUSE*,*NOUSE*,0,0,0,0,0,0,0,0
39,39,*NOUSE*,*NOUSE*,0,0,0,0,0,0,0,0
40,40,*NOUSE*,*NOUSE*,0,0,0,0,0,0,0,0
41,41,*NOUSE*,*NOUSE*,0,0,0,0,0,0,0,0
42,42,V1R,,47,1017,72,124.00,37.72,22.34,5613,211742
43,43,V4R,,48,659,71,115.00,36.49,21.85,7661,279518
44,44,*NOUSE*,*NOUSE*,0,0,0,0,0,0,0,0
45,45,AVER,,51,1280,76,225.00,93.59,53.72,3364,314828
46,46,*NOUSE*,*NOUSE*,0,0,0,0,0,0,0,0
47,47,*NOUSE*,*NOUSE*,0,0,0,0,0,0,0,0
48,48,OLQSHDR,,46,1415,92,252.00,85.57,57.09,3214,275014
49,49,*NOUSE*,*NOUSE*,0,0,0,0,0,0,0,0
50,50,*NOUSE*,*NOUSE*,0,0,0,0,0,0,0,0
51,51,*NOUSE*,*NOUSE*,0,0,0,0,0,0,0,0
52,52,HSNR,,47,702,65,187.00,55.28,43.16,4144,229100
53,53,ILSHR,,48,1434,66,249.00,92.13,62.84,2299,211803
54,54,ARCPVR,,46,1483,73,244.00,67.57,49.84,3477,234924
55,55,*NOUSE*,*NOUSE*,0,0,0,0,0,0,0,0
56,56,*NOUSE*,*NOUSE*,0,0,0,0,0,0,0,0
57,57,hyp7RC1,,47,959,87,111.00,32.05,18.49,5773,185004
58,58,*NOUSE*,*NOUSE*,0,0,0,0,0,0,0,0
59,59,ADFR,,47,1262,93,214.00,76.22,43.83,2978,226975
60,60,*NOUSE*,*NOUSE*,0,0,0,0,0,0,0,0
61,61,*NOUSE*,*NOUSE*,0,0,0,0,0,0,0,0
62,62,P5/6R,,48,760,62,130.00,43.53,27.73,4602,200329
63,63,*NOUSE*,*NOUSE*,0,0,0,0,0,0,0,0
64,64,*NOUSE*,*NOUSE*,0,0,0,0,0,0,0,0
65,65,OLQSOVR,,48,1449,66,234.00,80.92,54.60,2900,234662
66,66,*NOUSE*,*NOUSE*,0,0,0,0,0,0,0,0
67,67,V2R,,49,914,75,106.00,37.99,21.45,6726,255531
68,68,*NOUSE*,*NOUSE*,0,0,0,0,0,0,0,0
69,69,ARCADR,,48,1501,81,206.00,64.41,46.02,3581,230663
70,70,CANR,,50,755,80,182.00,48.67,39.26,4674,227476
71,71,*NOUSE*,*NOUSE*,0,0,0,0,0,0,0,0
72,72,*NOUSE*,*NOUSE*,0,0,0,0,0,0,0,0
73,73,*NOUSE*,*NOUSE*,0,0,0,0,0,0,0,0
74,74,*NOUSE*,*NOUSE*,0,0,0,0,0,0,0,0
75,75,*NOUSE*,*NOUSE*,0,0,0,0,0,0,0,0
76,76,*NOUSE*,*NOUSE*,0,0,0,0,0,0,0,0
77,77,*NOUSE*,*NOUSE*,0,0,0,0,0,0,0,0
78,78,ALMR,,49,860,104,191.00,52.53,43.31,4436,233032
79,79,RIS,,49,1199,47,188.00,75.78,42.07,2853,216187
80,80,*NOUSE*,*NOUSE*,0,0,0,0,0,0,0,0
81,81,BDUR,,50,1037,68,223.00,68.83,55.90,3171,218265
82,82,MC3DR,,50,1130,79,216.00,56.99,39.48,4133,235547
83,83,*NOUSE*,*NOUSE*,0,0,0,0,0,0,0,0
84,84,DR4,,49,1406,102,167.00,64.91,36.29,2353,152723
85,85,EXC GL R,,49,1169,44,171.00,50.20,30.11,4145,208092
86,86,CEPshVR,,51,1330,58,244.00,83.49,54.67,2586,215907
87,87,CCRP,,55,965,59,231.00,64.83,49.75,3889,252132
88,88,*NOUSE*,*NOUSE*,0,0,0,0,0,0,0,0
89,89,*NOUSE*,*NOUSE*,0,0,0,0,0,0,0,0
90,90,P1/2R,,50,959,67,161.00,49.28,33.55,2691,132612
91,91,*NOUSE*,*NOUSE*,0,0,0,0,0,0,0,0
92,92,DR6,,50,1319,102,167.00,52.93,32.61,2984,157944
93,93,*NOUSE*,*NOUSE*,0,0,0,0,0,0,0,0
94,94,*NOUSE*,*NOUSE*,0,0,0,0,0,0,0,0
95,95,*NOUSE*,*NOUSE*,0,0,0,0,0,0,0,0
96,96,*NOUSE*,*NOUSE*,0,0,0,0,0,0,0,0
97,97,P7/8R,,51,617,63,130.00,40.92,25.73,4314,176526
98,98,*NOUSE*,*NOUSE*,0,0,0,0,0,0,0,0
99,99,V5R,,53,540,70,148.00,43.05,28.05,7532,324237
100,100,*NOUSE*,*NOUSE*,0,0,0,0,0,0,0,0
101,101,*NOUSE*,*NOUSE*,0,0,0,0,0,0,0,0
102,102,*NOUSE*,*NOUSE*,0,0,0,0,0,0,0,0
103,103,HYP1R,,51,1439,93,242.00,76.68,55.36,3051,233943
104,104,*NOUSE*,*NOUSE*,0,0,0,0,0,0,0,0
105,105,*NOUSE*,*NOUSE*,0,0,0,0,0,0,0,0
106,106,*NOUSE*,*NOUSE*,0,0,0,0,0,0,0,0
107,107,PM7VR,,52,1126,60,170.00,57.22,37.52,4021,230068
108,108,*NOUSE*,*NOUSE*,0,0,0,0,0,0,0,0
109,109,*NOUSE*,*NOUSE*,0,0,0,0,0,0,0,0
110,110,NSMR,,53,1387,65,222.00,82.11,47.60,3312,271937
111,111,V6R,,51,438,72,82.00,28.75,14.63,5136,147660
112,112,PM4R,,52,1399,79,194.00,79.11,45.45,2833,224130
113,113,RIAR,,52,1275,93,189.00,84.45,45.01,2848,240523
114,114,*NOUSE*,*NOUSE*,0,0,0,0,0,0,0,0
115,115,CCRA,,54,998,54,224.00,67.12,52.72,2906,195059
116,116,*NOUSE*,*NOUSE*,0,0,0,0,0,0,0,0
117,117,*NOUSE*,*NOUSE*,0,0,0,0,0,0,0,0
118,118,*NOUSE*,*NOUSE*,0,0,0,0,0,0,0,0
119,119,RIBR,,53,1237,77,202.00,80.03,48.12,2877,230237
120,120,HYP5R,,52,1549,81,132.00,40.27,26.33,5006,201569
121,121,AIBR,,54,1261,77,220.00,83.39,48.02,2899,241738
122,122,G1AR,,54,1170,81,186.00,60.09,37.88,3869,232486
123,123,*NOUSE*,*NOUSE*,0,0,0,0,0,0,0,0
124,124,inDR1,,54,1057,91,110.00,34.25,17.71,6010,205841
125,125,*NOUSE*,*NOUSE*,0,0,0,0,0,0,0,0
126,126,M1,,54,1155,91,204.00,64.90,45.53,3492,226627
127,127,AWAR,,54,1251,89,180.00,79.01,39.27,3157,249434
128,128,DR10,,53,1093,102,173.00,48.43,34.38,4311,208775
129,129,RIVR,,53,1203,98,234.00,89.26,51.68,3198,285464
130,130,*NOUSE*,*NOUSE*,0,0,0,0,0,0,0,0
131,131,*NOUSE*,*NOUSE*,0,0,0,0,0,0,0,0
132,132,AVKR,,54,1186,46,221.00,77.43,45.21,2839,219811
133,133,*NOUSE*,*NOUSE*,0,0,0,0,0,0,0,0
134,134,*NOUSE*,*NOUSE*,0,0,0,0,0,0,0,0
135,135,VR2,,53,1467,52,155.00,57.66,31.09,2732,157525
136,136,PM6VR,,55,1155,62,153.00,51.65,30.72,4294,221805
137,137,*NOUSE*,*NOUSE*,0,0,0,0,0,0,0,0
138,138,*NOUSE*,*NOUSE*,0,0,0,0,0,0,0,0
139,139,*NOUSE*,*NOUSE*,0,0,0,0,0,0,0,0
140,140,VPI2DR,,54,1097,76,223.00,68.94,51.85,3267,225232
141,141,*NOUSE*,*NOUSE*,0,0,0,0,0,0,0,0
142,142,*NOUSE*,*NOUSE*,0,0,0,0,0,0,0,0
143,143,*NOUSE*,*NOUSE*,0,0,0,0,0,0,0,0
144,144,*NOUSE*,*NOUSE*,0,0,0,0,0,0,0,0
145,145,*NOUSE*,*NOUSE*,0,0,0,0,0,0,0,0
146,146,*NOUSE*,*NOUSE*,0,0,0,0,0,0,0,0
147,147,VR10,,56,1083,38,154.00,47.93,34.22,3995,191498
148,148,VR7,,55,1222,42,151.00,54.04,32.07,3508,189568
149,149,*NOUSE*,*NOUSE*,0,0,0,0,0,0,0,0
150,150,*NOUSE*,*NOUSE*,0,0,0,0,0,0,0,0
151,151,*NOUSE*,*NOUSE*,0,0,0,0,0,0,0,0
152,152,REPVR,,56,334,78,151.00,41.95,30.12,3803,159529
153,153,*NOUSE*,*NOUSE*,0,0,0,0,0,0,0,0
154,154,*NOUSE*,*NOUSE*,0,0,0,0,0,0,0,0
155,155,*NOUSE*,*NOUSE*,0,0,0,0,0,0,0,0
156,156,VR5,,54,1335,43,156.00,57.27,33.76,3310,189574
157,157,*NOUSE*,*NOUSE*,0,0,0,0,0,0,0,0
158,158,inVR1,,59,1045,53,110.00,35.87,20.18,5421,194456
159,159,*NOUSE*,*NOUSE*,0,0,0,0,0,0,0,0
160,160,*NOUSE*,*NOUSE*,0,0,0,0,0,0,0,0
161,161,VR13,,57,896,57,182.00,49.07,38.67,3002,147302
162,162,VR12,,56,938,57,162.00,46.45,34.12,3755,174435
163,163,Z1,,57,738,61,126.00,39.40,24.10,4830,190281
164,164,*NOUSE*,*NOUSE*,0,0,0,0,0,0,0,0
165,165,*NOUSE*,*NOUSE*,0,0,0,0,0,0,0,0
166,166,PM5R,,56,1188,72,194.00,70.93,39.13,3782,268240
167,167,*NOUSE*,*NOUSE*,0,0,0,0,0,0,0,0
168,168,G1P,,57,1112,86,147.00,46.21,31.53,4897,226299
169,169,*NOUSE*,*NOUSE*,0,0,0,0,0,0,0,0
170,170,*NOUSE*,*NOUSE*,0,0,0,0,0,0,0,0
171,171,*NOUSE*,*NOUSE*,0,0,0,0,0,0,0,0
172,172,*NOUSE*,*NOUSE*,0,0,0,0,0,0,0,0
173,173,*NOUSE*,*NOUSE*,0,0,0,0,0,0,0,0
174,174,*NOUSE*,*NOUSE*,0,0,0,0,0,0,0,0
175,175,VR15,,58,767,53,154.00,49.74,34.13,4826,240031
176,176,M2R,,54,1174,63,235.00,91.46,53.89,2623,239911
177,177,VR14,,57,837,56,168.00,43.11,31.02,4112,177255
178,178,AVL,,55,1248,63,187.00,77.34,39.43,2954,228458
179,179,GLRR,,56,1289,67,240.00,99.74,56.46,2615,260826
180,180,PVQR,,57,314,70,125.00,48.01,28.92,2875,138043
181,181,*NOUSE*,*NOUSE*,0,0,0,0,0,0,0,0
182,182,*NOUSE*,*NOUSE*,0,0,0,0,0,0,0,0
183,183,*NOUSE*,*NOUSE*,0,0,0,0,0,0,0,0
184,184,*NOUSE*,*NOUSE*,0,0,0,0,0,0,0,0
185,185,*NOUSE*,*NOUSE*,0,0,0,0,0,0,0,0
186,186,*NOUSE*,*NOUSE*,0,0,0,0,0,0,0,0
187,187,*NOUSE*,*NOUSE*,0,0,0,0,0,0,0,0
188,188,*NOUSE*,*NOUSE*,0,0,0,0,0,0,0,0
189,189,E3VR,,57,1474,63,207.00,61.61,40.65,2850,175581
190,190,LUAR,,59,285,82,184.00,62.17,42.84,3590,223174
191,191,*NOUSE*,*NOUSE*,0,0,0,0,0,0,0,0
192,192,*NOUSE*,*NOUSE*,0,0,0,0,0,0,0,0
193,193,*NOUSE*,*NOUSE*,0,0,0,0,0,0,0,0
194,194,*NOUSE*,*NOUSE*,0,0,0,0,0,0,0,0
195,195,ASKR,,58,1262,100,180.00,69.82,41.53,3470,242284
196,196,*NOUSE*,*NOUSE*,0,0,0,0,0,0,0,0
197,197,*NOUSE*,*NOUSE*,0,0,0,0,0,0,0,0
198,198,*NOUSE*,*NOUSE*,0,0,0,0,0,0,0,0
199,199,DR5,,56,1336,110,201.00,59.18,32.59,2911,172283
200,200,*NOUSE*,*NOUSE*,0,0,0,0,0,0,0,0
201,201,*NOUSE*,*NOUSE*,0,0,0,0,0,0,0,0
202,202,*NOUSE*,*NOUSE*,0,0,0,0,0,0,0,0
203,203,*NOUSE*,*NOUSE*,0,0,0,0,0,0,0,0
204,204,*NOUSE*,*NOUSE*,0,0,0,0,0,0,0,0
205,205,*NOUSE*,*NOUSE*,0,0,0,0,0,0,0,0
206,206,PVCR,,60,281,72,146.00,50.69,36.16,2343,118771
207,207,*NOUSE*,*NOUSE*,0,0,0,0,0,0,0,0
208,208,*NOUSE*,*NOUSE*,0,0,0,0,0,0,0,0
209,209,*NOUSE*,*NOUSE*,0,0,0,0,0,0,0,0
210,210,M,,58,576,80,67.00,23.69,10.84,5090,120607
211,211,*NOUSE*,*NOUSE*,0,0,0,0,0,0,0,0
212,212,IL2DR,,58,1377,107,211.00,75.65,49.06,3264,246909
213,213,DR17,,59,641,106,121.00,43.80,28.47,3406,149175
214,214,*NOUSE*,*NOUSE*,0,0,0,0,0,0,0,0
215,215,*NOUSE*,*NOUSE*,0,0,0,0,0,0,0,0
216,216,DR7,,58,1206,110,175.00,58.50,32.32,3851,225294
217,217,*NOUSE*,*NOUSE*,0,0,0,0,0,0,0,0
218,218,*NOUSE*,*NOUSE*,0,0,0,0,0,0,0,0
219,219,*NOUSE*,*NOUSE*,0,0,0,0,0,0,0,0
220,220,CEPVR,,62,1329,49,239.00,82.64,48.94,3404,281319
221,221,*NOUSE*,*NOUSE*,0,0,0,0,0,0,0,0
222,222,G2R,,62,1112,51,198.00,68.49,46.56,3267,223745
223,223,GLRVR,,61,1293,59,246.00,101.75,58.70,2413,245519
224,224,PM3R,,58,1462,74,176.00,61.75,37.67,2604,160805
225,225,*NOUSE*,*NOUSE*,0,0,0,0,0,0,0,0
226,226,*NOUSE*,*NOUSE*,0,0,0,0,0,0,0,0
227,227,VIRR,,61,349,86,119.00,41.70,25.03,3465,144492
228,228,*NOUSE*,*NOUSE*,0,0,0,0,0,0,0,0
229,229,*NOUSE*,*NOUSE*,0,0,0,0,0,0,0,0
230,230,*NOUSE*,*NOUSE*,0,0,0,0,0,0,0,0
231,231,DR20,,61,418,98,102.00,35.32,20.63,3840,135620
232,232,DR19,,59,487,100,123.00,39.58,24.72,3641,144102
233,233,URXR,,60,1280,103,201.00,78.92,44.96,2832,223513
234,234,IL2VR,,60,1370,48,199.00,80.78,47.47,2911,235140
235,235,VR11,,61,995,46,185.00,49.13,35.57,3859,189580
236,236,VR17,,61,597,55,143.00,43.78,29.16,4362,190985
237,237,*NOUSE*,*NOUSE*,0,0,0,0,0,0,0,0
238,238,E2VR,,61,1563,70,197.00,46.64,37.84,4372,203904
239,239,M3R,,60,1356,67,219.00,77.39,50.81,3382,261734
240,240,inV6,,62,658,79,62.00,23.32, 9.92,7047,164312
241,241,*NOUSE*,*NOUSE*,0,0,0,0,0,0,0,0
242,242,ALNR,,62,271,88,157.00,56.38,36.11,2866,161583
243,243,*NOUSE*,*NOUSE*,0,0,0,0,0,0,0,0
244,244,DR15,,61,793,112,179.00,43.48,32.06,3652,158801
245,245,*NOUSE*,*NOUSE*,0,0,0,0,0,0,0,0
246,246,*NOUSE*,*NOUSE*,0,0,0,0,0,0,0,0
247,247,PHSHR,,63,260,79,140.00,50.87,31.70,3191,162329
248,248,*NOUSE*,*NOUSE*,0,0,0,0,0,0,0,0
249,249,inD5,,63,768,92,63.00,22.65, 9.61,6725,152289
250,250,*NOUSE*,*NOUSE*,0,0,0,0,0,0,0,0
251,251,inD2,,65,999,101,74.00,27.16,12.50,7357,199788
252,252,*NOUSE*,*NOUSE*,0,0,0,0,0,0,0,0
253,253,RIFR,,65,1157,35,207.00,82.08,49.09,2332,191407
254,254,*NOUSE*,*NOUSE*,0,0,0,0,0,0,0,0
255,255,*NOUSE*,*NOUSE*,0,0,0,0,0,0,0,0
256,256,PLMR,,63,245,72,142.00,46.02,29.61,3851,177233
257,257,*NOUSE*,*NOUSE*,0,0,0,0,0,0,0,0
258,258,*NOUSE*,*NOUSE*,0,0,0,0,0,0,0,0
259,259,DR18,,63,569,102,120.00,38.54,24.03,3419,131777
260,260,*NOUSE*,*NOUSE*,0,0,0,0,0,0,0,0
261,261,*NOUSE*,*NOUSE*,0,0,0,0,0,0,0,0
262,262,PVT,,65,367,55,138.00,45.62,30.27,3898,177810
263,263,INV8,,65,461,66,69.00,25.33,11.71,5019,127129
264,264,*NOUSE*,*NOUSE*,0,0,0,0,0,0,0,0
265,265,HYP1V,,65,1513,49,217.00,65.06,45.23,4107,267214
266,266,*NOUSE*,*NOUSE*,0,0,0,0,0,0,0,0
267,267,*NOUSE*,*NOUSE*,0,0,0,0,0,0,0,0
268,268,PM8,,69,1103,60,174.00,64.87,38.44,2823,183126
269,269,*NOUSE*,*NOUSE*,0,0,0,0,0,0,0,0
270,270,inD7,,66,514,91,55.00,21.46, 8.37,5834,125198
271,271,VPI3D,,67,1085,87,177.00,64.89,40.74,2387,154899
272,272,I4,,65,1173,95,207.00,71.46,45.21,3218,229956
273,273,PM6D,,66,1156,95,135.00,55.66,28.48,3713,206662
274,274,inD4,,69,847,102,65.00,23.95,10.32,8289,198530
275,275,*NOUSE*,*NOUSE*,0,0,0,0,0,0,0,0
276,276,*NOUSE*,*NOUSE*,0,0,0,0,0,0,0,0
277,277,*NOUSE*,*NOUSE*,0,0,0,0,0,0,0,0
278,278,*NOUSE*,*NOUSE*,0,0,0,0,0,0,0,0
279,279,DB7,,71,462,52,140.00,40.50,27.85,4789,193954
280,280,MC2V,,67,1202,62,143.00,55.66,27.38,4138,230329
281,281,*NOUSE*,*NOUSE*,0,0,0,0,0,0,0,0
282,282,*NOUSE*,*NOUSE*,0,0,0,0,0,0,0,0
283,283,*NOUSE*,*NOUSE*,0,0,0,0,0,0,0,0
284,284,PM7D,,67,1130,99,137.00,44.21,29.32,4872,215369
285,285,DB2,,66,1189,30,189.00,70.81,42.88,2577,182474
286,286,*NOUSE*,*NOUSE*,0,0,0,0,0,0,0,0
287,287,*NOUSE*,*NOUSE*,0,0,0,0,0,0,0,0
288,288,*NOUSE*,*NOUSE*,0,0,0,0,0,0,0,0
289,289,*NOUSE*,*NOUSE*,0,0,0,0,0,0,0,0
290,290,*NOUSE*,*NOUSE*,0,0,0,0,0,0,0,0
291,291,RMEV,,68,1311,41,195.00,64.99,40.86,3258,211730
292,292,G2,,67,1241,42,171.00,64.47,38.26,3083,198760
293,293,*NOUSE*,*NOUSE*,0,0,0,0,0,0,0,0
294,294,*NOUSE*,*NOUSE*,0,0,0,0,0,0,0,0
295,295,I5,,68,1163,51,168.00,61.83,35.60,3325,205593
296,296,*NOUSE*,*NOUSE*,0,0,0,0,0,0,0,0
297,297,MC1V,,67,1416,59,156.00,62.24,29.80,2608,162326
298,298,*NOUSE*,*NOUSE*,0,0,0,0,0,0,0,0
299,299,HYP9,,68,130,77,102.00,36.35,20.53,2363,85893
300,300,M4,,68,1353,86,172.00,55.08,32.53,5005,275653
301,301,E3D,,68,1440,99,164.00,49.69,34.39,4740,235543
302,302,I3,,67,1381,97,241.00,74.93,49.02,3457,259034
303,303,*NOUSE*,*NOUSE*,0,0,0,0,0,0,0,0
304,304,ALA,,67,1291,110,206.00,71.61,42.63,3239,231933
305,305,HYP6D4,,67,1399,115,192.00,54.41,35.26,4075,221720
306,306,*NOUSE*,*NOUSE*,0,0,0,0,0,0,0,0
307,307,*NOUSE*,*NOUSE*,0,0,0,0,0,0,0,0
308,308,*NOUSE*,*NOUSE*,0,0,0,0,0,0,0,0
309,309,EXC,,73,1216,51,84.00,36.49,12.63,3780,137951
310,310,*NOUSE*,*NOUSE*,0,0,0,0,0,0,0,0
311,311,*NOUSE*,*NOUSE*,0,0,0,0,0,0,0,0
312,312,inV3,,71,913,64,70.00,22.49, 8.90,6943,156177
313,313,*NOUSE*,*NOUSE*,0,0,0,0,0,0,0,0
314,314,HYP101,,68,113,82,125.00,39.53,24.41,4768,188464
315,315,*NOUSE*,*NOUSE*,0,0,0,0,0,0,0,0
316,316,PVR,,67,205,91,119.00,35.64,21.50,3567,127141
317,317,*NOUSE*,*NOUSE*,0,0,0,0,0,0,0,0
318,318,inD8,,71,428,91,71.00,25.91,10.46,4618,119672
319,319,inD6,,70,614,93,60.00,21.89, 9.39,5656,123829
320,320,ILSODR,,67,1493,106,233.00,78.46,50.74,2502,196299
321,321,*NOUSE*,*NOUSE*,0,0,0,0,0,0,0,0
322,322,inD3,,70,939,106,70.00,22.75, 9.90,8654,196854
323,323,*NOUSE*,*NOUSE*,0,0,0,0,0,0,0,0
324,324,G1,,69,1262,37,174.00,57.36,36.47,3705,212518
325,325,*NOUSE*,*NOUSE*,0,0,0,0,0,0,0,0
326,326,W,,71,1200,40,170.00,63.47,30.53,4005,254202
327,327,MC3V,,72,1127,47,148.00,47.31,30.07,4480,211946
328,328,B,,69,289,60,119.00,39.58,23.27,3941,156004
329,329,*NOUSE*,*NOUSE*,0,0,0,0,0,0,0,0
330,330,*NOUSE*,*NOUSE*,0,0,0,0,0,0,0,0
331,331,HYP71,,68,203,71,100.00,36.55,21.14,3400,124265
332,332,*NOUSE*,*NOUSE*,0,0,0,0,0,0,0,0
333,333,*NOUSE*,*NOUSE*,0,0,0,0,0,0,0,0
334,334,HYP72,,69,188,80,120.00,36.17,20.91,3595,130017
335,335,*NOUSE*,*NOUSE*,0,0,0,0,0,0,0,0
336,336,REPD,,70,324,93,130.00,48.34,28.26,3050,147439
337,337,*NOUSE*,*NOUSE*,0,0,0,0,0,0,0,0
338,338,*NOUSE*,*NOUSE*,0,0,0,0,0,0,0,0
339,339,*NOUSE*,*NOUSE*,0,0,0,0,0,0,0,0
340,340,*NOUSE*,*NOUSE*,0,0,0,0,0,0,0,0
341,341,RIGR,,71,1080,34,208.00,56.28,44.23,3530,198668
342,342,DB3,,70,1035,36,174.00,49.43,40.51,3584,177157
343,343,*NOUSE*,*NOUSE*,0,0,0,0,0,0,0,0
344,344,DB5,,72,765,45,167.00,49.97,38.47,4804,240059
345,345,*NOUSE*,*NOUSE*,0,0,0,0,0,0,0,0
346,346,DA5,,70,715,47,203.00,49.98,39.30,3578,178842
347,347,DB4,,71,916,45,175.00,48.21,38.47,3142,151488
348,348,DD5,,70,491,50,137.00,44.64,31.30,4231,188877
349,349,YPDA,,69,325,53,132.00,47.06,26.67,2993,140836
350,350,ARCAV,,71,1554,54,178.00,54.75,42.23,3631,198795
351,351,inV7,,71,554,69,54.00,20.46, 8.27,6836,139881
352,352,inV4,,72,813,65,57.00,21.15, 7.87,7609,160899
353,353,DVC,,69,270,72,123.00,57.19,24.54,2769,158346
354,354,F,,70,306,75,131.00,59.56,25.33,3563,212225
355,355,DVA,,70,294,84,112.00,48.43,23.30,2983,144453
356,356,*NOUSE*,*NOUSE*,0,0,0,0,0,0,0,0
357,357,*NOUSE*,*NOUSE*,0,0,0,0,0,0,0,0
358,358,DB1,,71,1098,32,158.00,52.21,36.35,3876,202354
359,359,DA1,,72,1062,34,184.00,51.69,41.09,3562,184106
360,360,*NOUSE*,*NOUSE*,0,0,0,0,0,0,0,0
361,361,DA3,,72,940,43,176.00,49.51,38.98,3377,167212
362,362,DA4,,72,849,46,192.00,53.65,42.75,3277,175822
363,363,*NOUSE*,*NOUSE*,0,0,0,0,0,0,0,0
364,364,HYP4V2,,71,1584,58,183.00,49.14,38.03,3691,181386
365,365,*NOUSE*,*NOUSE*,0,0,0,0,0,0,0,0
366,366,*NOUSE*,*NOUSE*,0,0,0,0,0,0,0,0
367,367,*NOUSE*,*NOUSE*,0,0,0,0,0,0,0,0
368,368,*NOUSE*,*NOUSE*,0,0,0,0,0,0,0,0
369,369,E2D,,70,1539,93,155.00,47.91,31.52,2714,130024
370,370,*NOUSE*,*NOUSE*,0,0,0,0,0,0,0,0
371,371,HYP31,,71,1558,105,178.00,56.02,43.39,3423,191743
372,372,HYP7D2,,68,1264,115,130.00,40.59,18.09,4325,175568
373,373,*NOUSE*,*NOUSE*,0,0,0,0,0,0,0,0
374,374,*NOUSE*,*NOUSE*,0,0,0,0,0,0,0,0
375,375,*NOUSE*,*NOUSE*,0,0,0,0,0,0,0,0
376,376,*NOUSE*,*NOUSE*,0,0,0,0,0,0,0,0
377,377,DD3,,73,830,46,173.00,48.17,39.85,3883,187042
378,378,HYP2V,,73,1522,50,219.00,64.93,46.88,2747,178358
379,379,DA7,,73,436,50,163.00,45.50,31.56,4213,191702
380,380,*NOUSE*,*NOUSE*,0,0,0,0,0,0,0,0
381,381,IL2VL,,71,1368,48,206.00,72.88,45.47,3336,243127
382,382,*NOUSE*,*NOUSE*,0,0,0,0,0,0,0,0
383,383,inV2,,75,995,55,78.00,25.95,10.91,6435,167004
384,384,PM1VL,,74,1423,62,212.00,72.18,46.78,2965,214013
385,385,PLML,,74,239,73,134.00,42.79,27.43,3603,154163
386,386,MC2DL,,73,1206,80,137.00,54.08,25.68,3372,182356
387,387,*NOUSE*,*NOUSE*,0,0,0,0,0,0,0,0
388,388,ASIL,,75,1215,98,156.00,63.07,36.04,3530,222647
389,389,DD4,,74,633,49,176.00,49.21,37.36,3968,195278
390,390,SMBVL,,75,1256,53,234.00,90.03,44.23,2793,251449
391,391,HYP4V1,,74,1609,62,159.00,45.14,31.55,3865,174467
392,392,*NOUSE*,*NOUSE*,0,0,0,0,0,0,0,0
393,393,*NOUSE*,*NOUSE*,0,0,0,0,0,0,0,0
394,394,*NOUSE*,*NOUSE*,0,0,0,0,0,0,0,0
395,395,PHSHL,,75,255,80,145.00,47.54,31.47,3638,172967
396,396,ADLL,,74,1237,101,141.00,55.14,30.64,4375,241225
397,397,VIRL,,75,349,86,119.00,47.10,26.82,2935,138228
398,398,*NOUSE*,*NOUSE*,0,0,0,0,0,0,0,0
399,399,*NOUSE*,*NOUSE*,0,0,0,0,0,0,0,0
400,400,ASKL,,77,1259,104,148.00,54.01,31.13,4610,248967
401,401,*NOUSE*,*NOUSE*,0,0,0,0,0,0,0,0
402,402,*NOUSE*,*NOUSE*,0,0,0,0,0,0,0,0
403,403,*NOUSE*,*NOUSE*,0,0,0,0,0,0,0,0
404,404,DA6,,75,558,48,158.00,47.19,35.56,4083,192663
405,405,DB6,,76,587,50,158.00,45.96,33.99,4342,199566
406,406,*NOUSE*,*NOUSE*,0,0,0,0,0,0,0,0
407,407,*NOUSE*,*NOUSE*,0,0,0,0,0,0,0,0
408,408,PVPL,,76,356,59,148.00,47.42,28.57,3334,158097
409,409,*NOUSE*,*NOUSE*,0,0,0,0,0,0,0,0
410,410,*NOUSE*,*NOUSE*,0,0,0,0,0,0,0,0
411,411,*NOUSE*,*NOUSE*,0,0,0,0,0,0,0,0
412,412,*NOUSE*,*NOUSE*,0,0,0,0,0,0,0,0
413,413,*NOUSE*,*NOUSE*,0,0,0,0,0,0,0,0
414,414,*NOUSE*,*NOUSE*,0,0,0,0,0,0,0,0
415,415,PM4DL,,75,1396,97,175.00,62.70,34.87,3247,203594
416,416,GLRDL,,73,1299,94,239.00,87.70,55.12,2562,224688
417,417,M5,,80,1117,90,174.00,50.19,36.65,6178,310091
418,418,*NOUSE*,*NOUSE*,0,0,0,0,0,0,0,0
419,419,*NOUSE*,*NOUSE*,0,0,0,0,0,0,0,0
420,420,ILSODL,,76,1504,103,241.00,69.08,49.91,3174,219263
421,421,*NOUSE*,*NOUSE*,0,0,0,0,0,0,0,0
422,422,*NOUSE*,*NOUSE*,0,0,0,0,0,0,0,0
423,423,M3L,,75,1356,67,210.00,72.36,48.13,3178,229951
424,424,*NOUSE*,*NOUSE*,0,0,0,0,0,0,0,0
425,425,*NOUSE*,*NOUSE*,0,0,0,0,0,0,0,0
426,426,*NOUSE*,*NOUSE*,0,0,0,0,0,0,0,0
427,427,*NOUSE*,*NOUSE*,0,0,0,0,0,0,0,0
428,428,URXL,,74,1280,103,193.00,74.75,43.78,3105,232093
429,429,*NOUSE*,*NOUSE*,0,0,0,0,0,0,0,0
430,430,*NOUSE*,*NOUSE*,0,0,0,0,0,0,0,0
431,431,*NOUSE*,*NOUSE*,0,0,0,0,0,0,0,0
432,432,G2L,,77,1110,53,206.00,64.89,46.09,3605,233918
433,433,DA8,,78,338,60,153.00,54.82,34.35,3197,175258
434,434,*NOUSE*,*NOUSE*,0,0,0,0,0,0,0,0
435,435,*NOUSE*,*NOUSE*,0,0,0,0,0,0,0,0
436,436,*NOUSE*,*NOUSE*,0,0,0,0,0,0,0,0
437,437,MC1DL,,77,1418,89,147.00,53.04,25.80,2465,130735
438,438,I6,,79,1155,94,176.00,56.27,36.66,4200,236330
439,439,*NOUSE*,*NOUSE*,0,0,0,0,0,0,0,0
440,440,*NOUSE*,*NOUSE*,0,0,0,0,0,0,0,0
441,441,DL19,,78,454,100,108.00,37.96,22.96,3554,134926
442,442,*NOUSE*,*NOUSE*,0,0,0,0,0,0,0,0
443,443,*NOUSE*,*NOUSE*,0,0,0,0,0,0,0,0
444,444,VL7,,78,1191,39,151.00,60.70,32.03,2262,137294
445,445,VL9,,80,1106,37,133.00,45.02,28.73,4924,221674
446,446,inVL1,,80,1055,50,72.00,26.18,11.42,6193,162134
447,447,VL15,,79,739,52,133.00,40.29,26.40,4526,182375
448,448,VL13,,80,860,54,149.00,44.76,31.29,3634,162667
449,449,*NOUSE*,*NOUSE*,0,0,0,0,0,0,0,0
450,450,*NOUSE*,*NOUSE*,0,0,0,0,0,0,0,0
451,451,*NOUSE*,*NOUSE*,0,0,0,0,0,0,0,0
452,452,I1L,,78,1439,69,173.00,62.02,39.06,3257,201983
453,453,E2VL,,80,1564,69,147.00,46.14,35.93,3423,157926
454,454,*NOUSE*,*NOUSE*,0,0,0,0,0,0,0,0
455,455,*NOUSE*,*NOUSE*,0,0,0,0,0,0,0,0
456,456,inV5,,77,724,86,57.00,21.68, 8.51,6071,131591
457,457,*NOUSE*,*NOUSE*,0,0,0,0,0,0,0,0
458,458,*NOUSE*,*NOUSE*,0,0,0,0,0,0,0,0
459,459,DL16,,79,662,106,131.00,43.53,27.91,2993,130285
460,460,*NOUSE*,*NOUSE*,0,0,0,0,0,0,0,0
461,461,*NOUSE*,*NOUSE*,0,0,0,0,0,0,0,0
462,462,*NOUSE*,*NOUSE*,0,0,0,0,0,0,0,0
463,463,*NOUSE*,*NOUSE*,0,0,0,0,0,0,0,0
464,464,VL5,,79,1312,41,138.00,54.25,30.86,3530,191505
465,465,*NOUSE*,*NOUSE*,0,0,0,0,0,0,0,0
466,466,PHAL,,80,306,66,148.00,52.42,31.88,3055,160151
467,467,NSML,,80,1384,65,160.00,60.30,35.67,3510,211645
468,468,*NOUSE*,*NOUSE*,0,0,0,0,0,0,0,0
469,469,PM2VL1,,80,1532,65,189.00,56.91,44.06,3694,210237
470,470,M2L,,79,1172,67,195.00,69.80,40.70,2925,204176
471,471,PVCL,,79,274,73,136.00,52.70,32.10,3488,183812
472,472,*NOUSE*,*NOUSE*,0,0,0,0,0,0,0,0
473,473,*NOUSE*,*NOUSE*,0,0,0,0,0,0,0,0
474,474,*NOUSE*,*NOUSE*,0,0,0,0,0,0,0,0
475,475,DL13,,79,860,116,143.00,43.96,30.87,5035,221336
476,476,*NOUSE*,*NOUSE*,0,0,0,0,0,0,0,0
477,477,SMBDL,,82,1250,45,178.00,69.86,38.94,3255,227405
478,478,*NOUSE*,*NOUSE*,0,0,0,0,0,0,0,0
479,479,*NOUSE*,*NOUSE*,0,0,0,0,0,0,0,0
480,480,*NOUSE*,*NOUSE*,0,0,0,0,0,0,0,0
481,481,*NOUSE*,*NOUSE*,0,0,0,0,0,0,0,0
482,482,*NOUSE*,*NOUSE*,0,0,0,0,0,0,0,0
483,483,*NOUSE*,*NOUSE*,0,0,0,0,0,0,0,0
484,484,G1AL,,81,1166,82,145.00,51.73,26.67,3587,185541
485,485,*NOUSE*,*NOUSE*,0,0,0,0,0,0,0,0
486,486,PM1L,,82,1421,79,183.00,63.75,37.75,3940,251167
487,487,PM4L,,81,1395,81,139.00,54.48,29.49,3486,189933
488,488,RIAL,,82,1273,94,174.00,72.13,38.64,3576,257947
489,489,inDL1,,82,1043,96,86.00,29.34,13.47,5237,153644
490,490,*NOUSE*,*NOUSE*,0,0,0,0,0,0,0,0
491,491,*NOUSE*,*NOUSE*,0,0,0,0,0,0,0,0
492,492,*NOUSE*,*NOUSE*,0,0,0,0,0,0,0,0
493,493,*NOUSE*,*NOUSE*,0,0,0,0,0,0,0,0
494,494,VL18,,82,428,57,99.00,35.86,19.83,4586,164469
495,495,*NOUSE*,*NOUSE*,0,0,0,0,0,0,0,0
496,496,*NOUSE*,*NOUSE*,0,0,0,0,0,0,0,0
497,497,SPH,,83,353,75,142.00,41.84,27.07,4773,199708
498,498,REPVL,,82,336,77,129.00,39.31,23.78,3807,149645
499,499,*NOUSE*,*NOUSE*,0,0,0,0,0,0,0,0
500,500,SAAVL,,82,1291,86,184.00,72.97,40.63,3025,220728
501,501,AWAL,,82,1236,89,157.00,63.81,34.51,3422,218345
502,502,*NOUSE*,*NOUSE*,0,0,0,0,0,0,0,0
503,503,DL8,,82,1142,108,129.00,37.41,22.73,5120,191537
504,504,*NOUSE*,*NOUSE*,0,0,0,0,0,0,0,0
505,505,*NOUSE*,*NOUSE*,0,0,0,0,0,0,0,0
506,506,SIAVL,,84,1231,48,176.00,58.34,38.09,3324,193917
507,507,*NOUSE*,*NOUSE*,0,0,0,0,0,0,0,0
508,508,CEPshVL,,84,1328,60,192.00,60.72,37.70,3458,209977
509,509,*NOUSE*,*NOUSE*,0,0,0,0,0,0,0,0
510,510,PM7VL,,83,1125,65,112.00,35.84,19.33,3972,142337
511,511,*NOUSE*,*NOUSE*,0,0,0,0,0,0,0,0
512,512,*NOUSE*,*NOUSE*,0,0,0,0,0,0,0,0
513,513,*NOUSE*,*NOUSE*,0,0,0,0,0,0,0,0
514,514,*NOUSE*,*NOUSE*,0,0,0,0,0,0,0,0
515,515,*NOUSE*,*NOUSE*,0,0,0,0,0,0,0,0
516,516,*NOUSE*,*NOUSE*,0,0,0,0,0,0,0,0
517,517,*NOUSE*,*NOUSE*,0,0,0,0,0,0,0,0
518,518,*NOUSE*,*NOUSE*,0,0,0,0,0,0,0,0
519,519,AVKL,,84,1179,50,159.00,56.52,31.35,3260,184260
520,520,VL12,,87,903,62,116.00,35.52,23.33,4480,159112
521,521,*NOUSE*,*NOUSE*,0,0,0,0,0,0,0,0
522,522,*NOUSE*,*NOUSE*,0,0,0,0,0,0,0,0
523,523,*NOUSE*,*NOUSE*,0,0,0,0,0,0,0,0
524,524,DL12,,85,919,115,125.00,39.07,25.10,5536,216283
525,525,*NOUSE*,*NOUSE*,0,0,0,0,0,0,0,0
526,526,CCLA,,85,766,57,150.00,44.73,32.61,4327,193563
527,527,VL16,,85,625,60,121.00,38.63,23.35,4504,173970
528,528,*NOUSE*,*NOUSE*,0,0,0,0,0,0,0,0
529,529,CCLP,,85,723,62,142.00,43.48,30.37,3838,166880
530,530,*NOUSE*,*NOUSE*,0,0,0,0,0,0,0,0
531,531,imL,,83,397,65,97.00,33.17,17.93,4035,133855
532,532,*NOUSE*,*NOUSE*,0,0,0,0,0,0,0,0
533,533,*NOUSE*,*NOUSE*,0,0,0,0,0,0,0,0
534,534,*NOUSE*,*NOUSE*,0,0,0,0,0,0,0,0
535,535,ASGL,,86,1228,100,165.00,66.00,36.98,3374,222668
536,536,DL5,,85,1314,101,121.00,46.39,26.16,3842,178217
537,537,*NOUSE*,*NOUSE*,0,0,0,0,0,0,0,0
538,538,VL14,,86,823,57,113.00,36.62,23.75,4816,176363
539,539,*NOUSE*,*NOUSE*,0,0,0,0,0,0,0,0
540,540,*NOUSE*,*NOUSE*,0,0,0,0,0,0,0,0
541,541,*NOUSE*,*NOUSE*,0,0,0,0,0,0,0,0
542,542,MC3DL,,86,1129,84,117.00,40.89,23.94,2135,87292
543,543,*NOUSE*,*NOUSE*,0,0,0,0,0,0,0,0
544,544,*NOUSE*,*NOUSE*,0,0,0,0,0,0,0,0
545,545,VL10,,88,1039,47,126.00,38.20,24.36,4542,173524
546,546,*NOUSE*,*NOUSE*,0,0,0,0,0,0,0,0
547,547,*NOUSE*,*NOUSE*,0,0,0,0,0,0,0,0
548,548,*NOUSE*,*NOUSE*,0,0,0,0,0,0,0,0
549,549,OLQSOVL,,87,1445,63,201.00,63.71,40.35,3156,201062
550,550,*NOUSE*,*NOUSE*,0,0,0,0,0,0,0,0
551,551,*NOUSE*,*NOUSE*,0,0,0,0,0,0,0,0
552,552,*NOUSE*,*NOUSE*,0,0,0,0,0,0,0,0
553,553,*NOUSE*,*NOUSE*,0,0,0,0,0,0,0,0
554,554,*NOUSE*,*NOUSE*,0,0,0,0,0,0,0,0
555,555,ARCPDL,,88,1440,90,151.00,48.93,31.00,3742,183111
556,556,SMDVL,,88,1284,96,166.00,67.63,36.48,2590,175163
557,557,HYP1L,,86,1421,95,200.00,63.51,40.15,3967,251958
558,558,*NOUSE*,*NOUSE*,0,0,0,0,0,0,0,0
559,559,*NOUSE*,*NOUSE*,0,0,0,0,0,0,0,0
560,560,EXC GL L,,87,1128,43,149.00,47.30,33.08,4418,208991
561,561,*NOUSE*,*NOUSE*,0,0,0,0,0,0,0,0
562,562,*NOUSE*,*NOUSE*,0,0,0,0,0,0,0,0
563,563,*NOUSE*,*NOUSE*,0,0,0,0,0,0,0,0
564,564,ARCADL,,89,1489,81,164.00,51.32,36.91,3798,194908
565,565,AINL,,89,1186,86,149.00,54.77,30.14,3302,180847
566,566,*NOUSE*,*NOUSE*,0,0,0,0,0,0,0,0
567,567,*NOUSE*,*NOUSE*,0,0,0,0,0,0,0,0
568,568,*NOUSE*,*NOUSE*,0,0,0,0,0,0,0,0
569,569,*NOUSE*,*NOUSE*,0,0,0,0,0,0,0,0
570,570,*NOUSE*,*NOUSE*,0,0,0,0,0,0,0,0
571,571,ILSHL,,89,1430,66,187.00,55.12,38.49,3644,200868
572,572,*NOUSE*,*NOUSE*,0,0,0,0,0,0,0,0
573,573,ILSOL,,89,1459,70,183.00,56.19,37.50,4134,232271
574,574,CANL,,90,710,86,117.00,35.86,22.38,4312,154618
575,575,ALML,,90,846,107,151.00,42.38,29.98,4519,191523
576,576,*NOUSE*,*NOUSE*,0,0,0,0,0,0,0,0
577,577,RMDL,,90,1294,66,145.00,55.52,28.77,3630,201520
578,578,*NOUSE*,*NOUSE*,0,0,0,0,0,0,0,0
579,579,XXXL,,92,1374,69,190.00,63.35,40.59,3248,205776
580,580,HSNL,,90,690,69,124.00,40.99,27.70,3799,155733
581,581,*NOUSE*,*NOUSE*,0,0,0,0,0,0,0,0
582,582,ARCPVL,,91,1478,71,157.00,52.28,33.95,4363,228085
583,583,*NOUSE*,*NOUSE*,0,0,0,0,0,0,0,0
584,584,V6L,,88,426,77,65.00,23.66, 9.83,4850,114747
585,585,ADEL,,91,1175,74,143.00,53.96,27.89,3451,186204
586,586,*NOUSE*,*NOUSE*,0,0,0,0,0,0,0,0
587,587,*NOUSE*,*NOUSE*,0,0,0,0,0,0,0,0
588,588,*NOUSE*,*NOUSE*,0,0,0,0,0,0,0,0
589,589,*NOUSE*,*NOUSE*,0,0,0,0,0,0,0,0
590,590,AVHL,,88,1213,99,202.00,69.67,41.52,3359,234023
591,591,AVJL,,91,1198,94,176.00,66.00,39.22,3146,207647
592,592,*NOUSE*,*NOUSE*,0,0,0,0,0,0,0,0
593,593,BDUL,,92,1043,71,151.00,47.96,36.88,3315,158994
594,594,*NOUSE*,*NOUSE*,0,0,0,0,0,0,0,0
595,595,RMDVL,,92,1308,83,147.00,48.49,29.91,4280,207533
596,596,*NOUSE*,*NOUSE*,0,0,0,0,0,0,0,0
597,597,*NOUSE*,*NOUSE*,0,0,0,0,0,0,0,0
598,598,OLQSHDL,,92,1405,91,162.00,53.25,34.99,3850,205019
599,599,URYVL,,89,1358,67,181.00,69.52,40.09,2872,199668
600,600,*NOUSE*,*NOUSE*,0,0,0,0,0,0,0,0
601,601,OLQSHVL,,92,1389,72,184.00,62.65,38.80,3331,208671
602,602,*NOUSE*,*NOUSE*,0,0,0,0,0,0,0,0
603,603,V2L,,93,907,77,91.00,32.11,16.38,7023,225523
604,604,*NOUSE*,*NOUSE*,0,0,0,0,0,0,0,0
605,605,AMshL,,92,1164,94,92.00,36.54,16.82,4562,166697
606,606,ADAL,,95,1172,61,122.00,45.86,26.39,3972,182157
607,607,RICL,,94,1201,64,145.00,54.00,30.59,3407,183964
608,608,AUAL,,93,1241,67,143.00,52.82,31.78,4018,212247
609,609,AVAL,,92,1289,81,150.00,53.19,30.09,3933,209211
610,610,H0L,,94,1441,77,108.00,39.50,21.11,4770,188417
611,611,OLLSHL,,93,1403,74,169.00,58.08,39.19,3672,213272
612,612,*NOUSE*,*NOUSE*,0,0,0,0,0,0,0,0
613,613,ASHL,,94,1244,83,126.00,46.71,23.85,4024,187941
614,614,*NOUSE*,*NOUSE*,0,0,0,0,0,0,0,0
615,615,*NOUSE*,*NOUSE*,0,0,0,0,0,0,0,0
616,616,V3L,,93,803,74,79.00,28.82,14.26,7543,217410
617,617,V1L,,94,1023,78,92.00,30.15,16.05,4473,134875
618,618,P3/4L,,94,863,71,102.00,34.18,18.46,4158,142112
619,619,*NOUSE*,*NOUSE*,0,0,0,0,0,0,0,0
620,620,IL2L,,94,1381,82,140.00,49.99,30.32,3752,187546
621,621,*NOUSE*,*NOUSE*,0,0,0,0,0,0,0,0
622,622,*NOUSE*,*NOUSE*,0,0,0,0,0,0,0,0
623,623,*NOUSE*,*NOUSE*,0,0,0,0,0,0,0,0
624,624,*NOUSE*,*NOUSE*,0,0,0,0,0,0,0,0
625,625,*NOUSE*,*NOUSE*,0,0,0,0,0,0,0,0
626,626,*NOUSE*,*NOUSE*,0,0,0,0,0,0,0,0
627,627,*NOUSE*,*NOUSE*,0,0,0,0,0,0,0,0
628,628,P5/6L,,93,737,70,91.00,32.13,17.41,4355,139947
629,629,*NOUSE*,*NOUSE*,0,0,0,0,0,0,0,0
630,630,*NOUSE*,*NOUSE*,0,0,0,0,0,0,0,0
631,631,*NOUSE*,*NOUSE*,0,0,0,0,0,0,0,0
632,632,*NOUSE*,*NOUSE*,0,0,0,0,0,0,0,0
633,633,*NOUSE*,*NOUSE*,0,0,0,0,0,0,0,0
634,634,*NOUSE*,*NOUSE*,0,0,0,0,0,0,0,0
635,635,RMGL,,95,1156,62,122.00,42.08,23.69,3947,166085
636,636,*NOUSE*,*NOUSE*,0,0,0,0,0,0,0,0
637,637,ASEL,,95,1225,89,124.00,48.45,25.94,2606,126270
638,638,*NOUSE*,*NOUSE*,0,0,0,0,0,0,0,0
639,639,*NOUSE*,*NOUSE*,0,0,0,0,0,0,0,0
640,640,*NOUSE*,*NOUSE*,0,0,0,0,0,0,0,0
641,641,*NOUSE*,*NOUSE*,0,0,0,0,0,0,0,0
642,642,*NOUSE*,*NOUSE*,0,0,0,0,0,0,0,0
643,643,*NOUSE*,*NOUSE*,0,0,0,0,0,0,0,0
644,644,*NOUSE*,*NOUSE*,0,0,0,0,0,0,0,0
645,645,*NOUSE*,*NOUSE*,0,0,0,0,0,0,0,0
646,646,*NOUSE*,*NOUSE*,0,0,0,0,0,0,0,0
647,647,*NOUSE*,*NOUSE*,0,0,0,0,0,0,0,0
648,648,*NOUSE*,*NOUSE*,0,0,0,0,0,0,0,0
649,649,*NOUSE*,*NOUSE*,0,0,0,0,0,0,0,0
650,650,*NOUSE*,*NOUSE*,0,0,0,0,0,0,0,0
651,651,*NOUSE*,*NOUSE*,0,0,0,0,0,0,0,0
652,652,*NOUSE*,*NOUSE*,0,0,0,0,0,0,0,0
653,653,*NOUSE*,*NOUSE*,0,0,0,0,0,0,0,0
654,654,*NOUSE*,*NOUSE*,0,0,0,0,0,0,0,0
655,655,*NOUSE*,*NOUSE*,0,0,0,0,0,0,0,0
656,656,*NOUSE*,*NOUSE*,0,0,0,0,0,0,0,0
657,657,DA2,*MANUAL*$343$360,70,1017,39,182.00,50.46,39.41,3358,169455
658,658,*NOUSE*,*NOUSE*,0,0,0,0,0,0,0,0
659,659,HYP7ABLD,*MANUAL*$655$658,96,1104,86,76.00,27.46,11.91,5874,161295
660,660,H2L,*MANUAL*$652$646,97,1132,71,68.00,27.84,11.72,5245,146018
661,661,HYP7ABLV,*MANUAL*,96,1088,65,83.00,25.14,11.78,2103,52879
662,662,ADEshR,*MANUAL*,94,1105,62,155.00,89.91,24.39,895,80468
663,663,P1/2L,*MANUAL*$640$642,96,958,65,118.00,35.79,20.45,4467,159890
664,664,V4L,*MANUAL*$602$619$630,92,647,77,88.00,28.49,13.82,5271,150172
665,665,P7/8L,*MANUAL*$614$629,93,600,68,92.00,31.89,16.29,4283,136565
666,666,QL,*MANUAL*$563$581,89,522,72,90.00,32.59,16.66,7147,232894
667,667,V5L,*MANUAL*$499$514,84,499,86,113.00,39.25,22.75,6844,268625
668,668,P9/10L,*MANUAL*$550$576,87,483,66,92.00,31.98,15.81,4000,127936
669,669,P11/12L,*MANUAL*,87,364,67,72.00,28.25,12.39,895,25283
670,670,hyp7LC1,*MANUAL*$636$632,93,994,90,73.00,24.32,10.59,5551,134998
671,671,hyp7LC2,*MANUAL*$638$624$627,92,898,99,76.00,24.19,11.03,5653,136756
672,672,hyp7LC3,*MANUAL*$625$626$622,91,757,95,78.00,25.01,11.58,4903,122629
673,673,hyp7LC4,*MANUAL*$633$631$621,92,579,90,71.00,24.50,11.00,4780,117131
674,674,hyp7LC5,*MANUAL*$588$589,87,462,92,61.00,23.46, 9.09,4339,101782
675,675,hyp7LC6,*MANUAL*,82,299,92,66.00,23.46, 7.10,895,20999
676,676,*NOUSE*,*NOUSE*,0,0,0,0,0,0,0,0
677,677,HYP7ABR3,*MANUAL*$35$676,41,1123,85,133.00,41.33,24.77,4917,203211
678,678,H2R,*MANUAL*$4$1,39,1170,72,121.00,43.57,24.31,4216,183674
679,679,H1L,*MANUAL*$648$643,95,1321,74,83.00,35.35,14.63,4628,163610
680,680,HYP7ABRD,*MANUAL*$39$44,45,1060,75,126.00,36.19,21.22,5437,196763
681,681,P3/4R,*MANUAL*$63$64,48,863,68,159.00,45.64,30.55,3922,178986
682,682,V3R,*MANUAL*$66$68,49,802,70,135.00,42.61,26.98,8738,372331
683,683,P9/10R,*MANUAL*$88$89,49,502,64,126.00,39.85,23.03,4580,182498
684,684,P11/12R,*MANUAL*,51,351,67,137.00,57.52,19.83,843,48490
685,685,*NOUSE*,*NOUSE*,0,0,0,0,0,0,0,0
686,686,hyp7RC2,*MANUAL*$76$685,46,851,91,128.00,31.35,18.07,5832,182820
687,687,hyp7RC3,*MANUAL*$71$74$75,47,748,93,101.00,31.38,17.62,4574,143547
688,688,hyp7RC4,*MANUAL*$101$91,49,617,91,103.00,28.82,15.27,5023,144760
689,689,*NOUSE*,*NOUSE*,0,0,0,0,0,0,0,0
690,690,hyp7RC5,*MANUAL*$144$689,50,471,89,86.00,27.97,13.59,4703,131547
691,691,hyp7RC6,*MANUAL*,54,310,90,79.00,24.90,14.05,1760,43820
692,692,QR,*MANUAL*$46$49,48,708,90,228.00,58.77,47.19,6782,398585
693,693,inV9,*MANUAL*,63,390,66,79.00,29.44,10.73,895,26353
694,694,inD9,*MANUAL*$418$387,74,371,92,75.00,28.76,11.96,3970,114160
695,695,hyp5L,*MANUAL*$594$604,90,1533,78,130.00,39.95,24.66,4418,176517
696,696,DL1,*MANUAL*$553$554,86,1506,91,140.00,45.26,26.78,4493,203363
697,697,DL2,*MANUAL*,83,1478,98,142.00,76.21,24.03,855,65158
698,698,DL3,*MANUAL*,78,1422,110,141.00,78.95,20.10,885,69870
699,699,DL4,*MANUAL*,87,1391,103,145.00,63.74,22.73,777,49524
700,700,DL6,*MANUAL*,76,1306,110,135.00,72.52,22.48,873,63309
701,701,DL7,*MANUAL*,75,1204,111,137.00,87.88,18.78,895,78650
702,702,HMC,*MANUAL*,69,1193,109,179.00,91.40,31.38,895,81804
703,703,DL9,*MANUAL*$490$523,82,1103,103,152.00,43.72,28.85,4560,199342
704,704,DL10,*MANUAL*$504$544,82,1050,109,133.00,39.79,25.28,5158,205251
705,705,*NOUSE*,*NOUSE*,0,0,0,0,0,0,0,0
706,706,*NOUSE*,*NOUSE*,0,0,0,0,0,0,0,0
707,707,*NOUSE*,*NOUSE*,0,0,0,0,0,0,0,0
708,708,DL14,*MANUAL*$462$461,80,797,110,122.00,41.27,26.78,3863,159434
709,709,DL15,*MANUAL*$443$463,78,750,109,132.00,41.40,26.30,3701,153211
710,710,DL17,*MANUAL*$491$492,80,589,107,120.00,39.77,24.28,3396,135075
711,711,DL18,*MANUAL*$458$442,77,505,102,113.00,35.80,20.84,3513,125760
712,712,DL20,*MANUAL*$399$429,75,347,99,99.00,35.69,18.40,3331,118868
713,713,VL1,*MANUAL*,88,1491,61,148.00,65.64,20.74,895,58751
714,714,VL2,*MANUAL*$539$507,83,1466,52,134.00,47.28,25.57,3941,186328
715,715,VL3,*MANUAL*$478$479,80,1422,48,130.00,47.00,26.36,3874,182074
716,716,VL4,*MANUAL*,85,1377,53,101.00,53.78,17.70,895,48131
717,717,VL6,*MANUAL*$561$547,87,1306,51,131.00,44.22,24.37,4909,217061
718,718,VL8,*MANUAL*,84,1153,39,172.00,80.63,29.26,881,71034
719,719,VL11,*MANUAL*,81,963,45,165.00,82.54,32.84,885,73047
720,720,DD2,*MANUAL*,72,964,42,192.00,102.51,41.10,895,91748
721,721,Z2,*MANUAL*,55,713,65,141.00,41.32,19.79,2103,86889
722,722,Z3,*MANUAL*,72,674,65,110.00,44.07,19.88,4139,182419
723,723,Z4,*MANUAL*$435$434,80,646,63,105.00,34.96,19.44,5197,181678
724,724,VL17,*MANUAL*$480$481,80,507,56,99.00,33.83,18.64,4612,156017
725,725,VR1,*MANUAL*,50,1496,62,136.00,77.60,22.03,696,54009
726,726,VR3,*MANUAL*$150$157,55,1428,50,166.00,49.95,31.50,3929,196257
727,727,VR4,*MANUAL*$61$60,46,1386,57,173.00,61.57,32.90,2901,178618
728,728,VR6,*MANUAL*$50$51,47,1313,52,170.00,49.42,32.33,4413,218074
729,729,*NOUSE*,*NOUSE*,0,0,0,0,0,0,0,0
730,730,VR9,*MANUAL*$185$186,58,1114,36,166.00,52.78,35.92,3839,202609
731,731,VR16,*MANUAL*$159$160,56,657,56,146.00,44.82,30.90,5065,227037
732,732,VR18,*MANUAL*$203$188,57,501,55,134.00,38.54,21.94,4888,188361
733,733,VR19,*MANUAL*$204$205,59,424,55,126.00,38.78,24.93,4429,171760
734,734,DR1,*MANUAL*$125$143,53,1502,90,162.00,51.01,31.74,3813,194496
735,735,DR3,*MANUAL*$172$196,57,1431,109,203.00,58.11,37.80,3996,232220
736,736,DR8,*MANUAL*$130$155,52,1168,110,173.00,47.40,30.93,4585,217321
737,737,DR9,*MANUAL*$197$214$215,58,1115,108,189.00,49.79,34.58,4155,206878
738,738,DR11,*MANUAL*$218$200,59,1026,111,167.00,49.76,36.87,4677,232729
739,739,DR12,*MANUAL*$154$145,55,960,109,193.00,50.58,38.70,4052,204964
740,740,DR13,*MANUAL*$184$219,59,914,119,170.00,49.70,36.87,5450,270839
741,741,DR14,*MANUAL*$173$201,56,837,112,181.00,44.35,31.88,4605,204238
742,742,DR16,*MANUAL*$198$183,56,716,108,142.00,42.98,27.98,4091,175834
743,743,HYP102,*MANUAL*$315$335,67,92,83,113.00,37.98,21.77,3391,128797
744,744,HYP8,*MANUAL*,67,157,79,106.00,50.21,14.94,843,42329
745,745,HYP11,*MANUAL*,72,156,86,92.00,40.95,19.08,895,36649
746,746,TL,*MANUAL*$412$366,74,225,85,82.00,28.37,12.77,5889,167097
747,747,TR,*MANUAL*$248$258,62,236,87,87.00,28.21,12.88,3904,110124
748,748,PHAR,*MANUAL*,61,301,65,168.00,99.79,21.58,895,89311
749,749,PHBR,*MANUAL*,59,298,77,137.00,88.25,20.47,895,78983
750,750,K',*MANUAL*,62,313,86,161.00,84.98,21.86,883,75041
751,751,DR21,*MANUAL*,62,307,95,119.00,65.06,21.64,895,58228
752,752,VR20,*MANUAL*,63,265,63,131.00,60.23,19.69,889,53542
753,753,VL19,*MANUAL*,75,263,61,97.00,50.80,17.77,889,45161
754,754,ALNL,*MANUAL*,76,270,88,142.00,88.16,20.01,895,78902
755,755,LUAL,*MANUAL*,80,285,79,154.00,98.53,21.72,895,88187
756,756,PVQL,*MANUAL*,82,312,75,112.00,68.27,15.34,895,61100
757,757,PHBL,*MANUAL*,82,296,75,127.00,81.23,18.27,895,72698
758,758,DEP,*MANUAL*,69,280,90,127.00,66.24,15.63,895,59284
759,759,DL21,*MANUAL*$337$356,69,253,94,119.00,40.08,24.73,3384,135629
760,760,imR,*MANUAL*,53,381,66,123.00,70.91,18.63,889,63038
761,761,PVPR,*MANUAL*,60,349,65,161.00,99.84,25.96,861,85962
762,762,DA9,*MANUAL*,61,334,62,157.00,90.95,22.56,877,79759
763,763,U,*MANUAL*,69,333,68,134.00,78.97,26.50,895,70679
764,764,DD6,*MANUAL*,69,345,64,165.00,109.74,25.19,895,98215
765,765,*NOUSE*,*NOUSE*,0,0,0,0,0,0,0,0
766,766,AIML,*MANUAL*,76,1197,52,210.00,131.65,32.59,861,113353
767,767,AIYL,*MANUAL*,85,1194,55,187.00,118.03,26.22,895,105640
768,768,AIMR,*MANUAL*,61,1204,49,221.00,138.49,30.84,895,123949
769,769,AIYR,*MANUAL*,52,1212,54,219.00,130.82,34.80,895,117082
770,770,DD1,*MANUAL*,69,1118,29,188.00,115.18,27.43,895,103083
771,771,RIGL,*MANUAL*,74,1129,33,199.00,114.77,37.31,895,102720
772,772,SABD,*MANUAL*,66,1142,31,172.00,92.24,33.05,895,82551
773,773,AVG,*MANUAL*,75,1150,34,202.00,132.07,28.17,895,118199
774,774,RIFL,*MANUAL*,74,1167,35,216.00,144.01,31.36,847,121974
775,775,SABVL,*MANUAL*,68,1173,32,212.00,135.97,37.14,767,104286
776,776,SABVR,*MANUAL*,64,1179,37,235.00,143.93,38.36,895,128813
777,777,VPI3V,*MANUAL*,68,1091,57,171.00,79.90,33.56,860,68715
778,778,VPI2V,*MANUAL*,68,1097,49,216.00,128.16,43.83,895,114700
779,779,VPI2DL,*MANUAL*,81,1094,81,171.00,102.76,29.87,895,91966
780,780,VPI1,*MANUAL*,70,1093,93,170.00,92.28,24.79,895,82594
781,781,PM6VL,*MANUAL*$451$468,80,1155,65,135.00,47.20,23.43,3760,177455
782,782,PM5VL,*MANUAL*,71,1178,57,213.00,124.07,29.49,769,95410
783,783,PM5VR,*MANUAL*,63,1178,56,193.00,118.85,28.41,895,106369
784,784,PM5L,*MANUAL*,77,1187,75,166.00,97.43,26.55,889,86614
785,785,PM5DL,*MANUAL*,71,1187,90,201.00,98.13,34.46,895,87823
786,786,PM5DR,*MANUAL*,59,1187,90,179.00,103.04,30.02,895,92219
787,787,MC2DR,*MANUAL*$226$209,59,1203,79,159.00,61.30,31.24,3968,243221
788,788,MI,*MANUAL*,68,1398,99,225.00,140.38,29.52,895,125640
789,789,PM4DR,*MANUAL*,57,1398,98,185.00,89.87,28.89,895,80430
790,790,PM4VR,*MANUAL*,60,1394,58,212.00,114.61,36.13,895,102575
791,791,PM4VL,*MANUAL*,72,1396,60,154.00,68.91,24.01,895,61676
792,792,I2L,*MANUAL*,83,1402,64,185.00,117.02,34.46,895,104734
793,793,MCL,*MANUAL*,76,1407,72,199.00,112.47,34.38,895,100663
794,794,MCR,*MANUAL*,59,1407,71,244.00,146.00,40.55,829,121036
795,795,I2R,*MANUAL*,53,1407,65,233.00,126.98,45.43,895,113643
796,796,PM1R,*MANUAL*,55,1424,72,251.00,163.37,47.44,871,142299
797,797,PM1DR,*MANUAL*,60,1419,95,239.00,161.22,43.13,735,118500
798,798,PM1DL,*MANUAL*,69,1418,96,242.00,159.43,41.06,895,142693
799,799,MC1DR,*MANUAL*,56,1414,88,194.00,89.54,26.82,895,80141
800,800,I1R,*MANUAL*,56,1441,68,245.00,129.56,37.61,895,115957
801,801,E1VR,*MANUAL*,55,1495,67,222.00,119.13,39.22,767,91375
802,802,PM2VR2,*MANUAL*,57,1519,65,232.00,106.44,49.03,895,95266
803,803,PM2VR1,*MANUAL*,58,1537,66,218.00,103.19,49.72,895,92358
804,804,PM3VR,*MANUAL*,60,1501,63,212.00,92.88,40.95,895,83129
805,805,PM3VL,*MANUAL*,74,1490,62,140.00,65.98,26.50,895,59055
806,806,PM3L,*MANUAL*,79,1460,72,130.00,76.41,23.19,877,67011
807,807,E3VL,*MANUAL*,79,1467,64,169.00,83.38,30.33,895,74625
808,808,E1VL,*MANUAL*,79,1502,65,192.00,107.15,34.64,895,95900
809,809,PM2VL2,*MANUAL*,79,1518,66,207.00,122.47,38.96,895,109615
810,810,*NOUSE*,*NOUSE*,0,0,0,0,0,0,0,0
811,811,PM3DR,*MANUAL*,63,1468,89,139.00,66.83,19.43,880,58808
812,812,E1D,*MANUAL*,69,1472,97,183.00,93.62,30.64,843,78919
813,813,PM2D2,*MANUAL*,69,1495,92,213.00,113.77,34.00,877,99773
814,814,PM2D1,*MANUAL*,70,1510,94,193.00,111.12,34.79,895,99450
815,815,FLPL,*MANUAL*,94,1188,69,151.00,93.98,20.80,894,84016
816,816,ASJL,*MANUAL*,93,1222,67,95.00,51.50,13.11,895,46091
817,817,AWCL,*MANUAL*,94,1263,71,138.00,83.39,16.12,895,74635
818,818,AVDL,*MANUAL*,92,1202,82,155.00,104.42,16.58,895,93456
819,819,AFDL,*MANUAL*,90,1270,86,134.00,76.01,19.93,895,68029
820,820,RIVL,*MANUAL*,80,1197,102,186.00,124.91,26.46,895,111797
821,821,CEPDL,*MANUAL*,80,1297,101,217.00,135.11,32.81,895,120926
822,822,ADFL,*MANUAL*,82,1256,90,149.00,91.29,23.24,895,81703
823,823,RIBL,*MANUAL*,82,1221,85,172.00,101.62,30.44,895,90950
824,824,AVBL,*MANUAL*,82,1206,88,157.00,98.06,23.63,895,87760
825,825,AWBL,*MANUAL*,91,1245,96,156.00,88.76,27.78,895,79439
826,826,AVEL,*MANUAL*,82,1278,73,181.00,112.38,29.65,848,95294
827,827,AIBL,*MANUAL*,84,1255,71,154.00,95.38,23.65,895,85367
828,828,RIML,*MANUAL*,86,1211,71,154.00,90.35,21.90,895,80865
829,829,AIZL,*MANUAL*,86,1194,75,157.00,103.76,23.47,895,92862
830,830,FLPR,*MANUAL*,44,1194,64,238.00,139.51,33.38,889,124022
831,831,*NOUSE*,*NOUSE*,0,0,0,0,0,0,0,0
832,832,RICR,*MANUAL*,39,1209,64,215.00,106.42,45.10,895,95246
833,833,ASJR,*MANUAL*,41,1230,63,166.00,104.94,24.27,895,93922
834,834,AVDR,*MANUAL*,43,1211,75,226.00,143.30,42.01,895,128255
835,835,AWBR,*MANUAL*,44,1244,97,234.00,136.59,45.83,895,122247
836,836,ASGR,*MANUAL*,50,1234,95,211.00,140.51,24.57,895,125754
837,837,SMDVR,*MANUAL*,47,1291,93,227.00,139.71,41.29,801,111904
838,838,CEPDR,*MANUAL*,55,1297,106,219.00,127.08,40.31,875,111198
839,839,GLRDR,*MANUAL*,60,1299,97,237.00,149.21,45.73,895,133543
840,840,ADLR,*MANUAL*,60,1241,101,173.00,104.24,26.61,895,93296
841,841,ASIR,*MANUAL*,56,1222,98,183.00,111.86,31.86,895,100113
842,842,SAAVR,*MANUAL*,54,1291,88,243.00,153.82,42.07,895,137666
843,843,AVBR,*MANUAL*,50,1215,85,230.00,138.17,34.35,895,123663
844,844,AVHR,*MANUAL*,45,1218,99,241.00,146.51,37.04,895,131127
845,845,RIMR,*MANUAL*,52,1223,73,204.00,122.38,36.84,895,109528
846,846,AIZR,*MANUAL*,49,1202,70,210.00,125.15,37.94,895,112011
847,847,GLRL,*MANUAL*,77,1286,67,220.00,135.27,40.33,893,120793
848,848,GLRVL,*MANUAL*,73,1292,59,224.00,149.47,36.03,895,133776
849,849,SAADR,*MANUAL*,60,1279,55,245.00,170.95,33.72,717,122570
850,850,RIH,*MANUAL*,68,1276,55,229.00,144.72,23.34,873,126339
851,851,SAADL,*MANUAL*,77,1276,50,196.00,118.69,30.46,891,105755
852,852,RMDDL,*MANUAL*,84,1285,53,196.00,118.67,30.17,895,106210
853,853,SMDDL,*MANUAL*,84,1267,51,185.00,125.58,25.76,886,111265
854,854,RMDDR,*MANUAL*,52,1284,53,221.00,155.02,28.74,895,138747
855,855,SMDDR,*MANUAL*,53,1269,49,216.00,123.63,41.62,895,110647
856,856,SMBDR,*MANUAL*,55,1250,49,213.00,142.58,30.88,859,122476
857,857,SIBVL,*MANUAL*,80,1269,61,195.00,133.91,23.23,895,119852
858,858,RIR,*MANUAL*,60,1266,62,207.00,142.24,32.28,637,90610
859,859,SMBVR,*MANUAL*,64,1261,50,218.00,135.37,33.29,895,121154
860,860,SIBVR,*MANUAL*,53,1270,61,233.00,167.49,29.42,621,104012
861,861,AIAR,*MANUAL*,63,1245,53,216.00,141.24,29.63,895,126407
862,862,AIAL,*MANUAL*,75,1241,53,219.00,144.98,29.13,895,129760
863,863,SIADR,*MANUAL*,50,1241,53,242.00,150.97,35.86,891,134512
864,864,SIAVR,*MANUAL*,57,1232,54,217.00,127.30,38.60,895,113937
865,865,SIADL,*MANUAL*,84,1247,59,193.00,108.14,33.23,895,96789
866,866,BAGL,*MANUAL*,91,1342,72,150.00,80.84,23.06,864,69846
867,867,URBL,*MANUAL*,92,1358,85,155.00,97.46,28.91,893,87033
868,868,IL1L,*MANUAL*,87,1367,77,172.00,102.78,25.47,895,91991
869,869,OLQVL,*MANUAL*,83,1344,66,178.00,116.41,26.47,895,104186
870,870,CEPVL,*MANUAL*,74,1328,47,225.00,137.70,32.41,895,123242
871,871,IL1VL,*MANUAL*,70,1343,47,226.00,122.33,41.66,861,105323
872,872,IL1VR,*MANUAL*,66,1352,50,234.00,146.01,39.76,797,116371
873,873,URAVR,*MANUAL*,58,1349,50,250.00,157.81,41.86,895,141242
874,874,URAVL,*MANUAL*,79,1349,50,202.00,129.77,36.70,895,116140
875,875,CEPsoVL,*MANUAL*,82,1364,57,188.00,118.58,36.18,895,106130
876,876,RMEL,*MANUAL*,84,1333,80,156.00,84.45,27.04,895,75579
877,877,RIPL,*MANUAL*,84,1346,84,167.00,108.02,27.90,895,96680
878,878,OLLL,*MANUAL*,84,1363,90,153.00,95.16,21.99,831,79079
879,879,CEPshDL,*MANUAL*,85,1329,94,185.00,92.29,30.99,895,82603
880,880,URYDL,*MANUAL*,84,1342,97,200.00,120.80,33.04,895,108119
881,881,URADL,*MANUAL*,81,1358,105,230.00,139.29,40.15,825,114916
882,882,RID,*MANUAL*,67,1311,109,175.00,88.26,39.37,817,72112
883,883,RMED,*MANUAL*,67,1334,103,226.00,142.50,30.09,797,113569
884,884,OLQDL,*MANUAL*,76,1337,103,206.00,122.78,37.38,895,109885
885,885,OLQDR,*MANUAL*,58,1345,99,241.00,150.04,44.26,847,127083
886,886,IL1DL,*MANUAL*,72,1353,100,218.00,144.13,35.13,895,129000
887,887,IL1DR,*MANUAL*,61,1360,100,240.00,162.76,39.16,713,116048
888,888,IL2DL,*MANUAL*,76,1375,108,193.00,111.22,35.80,895,99544
889,889,CEPsoDL,*MANUAL*,86,1363,99,210.00,142.08,29.31,895,127161
890,890,URBR,*MANUAL*,43,1364,82,240.00,138.08,45.01,861,118887
891,891,BAGR,*MANUAL*,43,1344,69,206.00,115.41,33.45,877,101211
892,892,IL1R,*MANUAL*,46,1372,72,244.00,141.37,42.68,893,126244
893,893,URYVR,*MANUAL*,46,1361,66,207.00,128.55,37.92,895,115048
894,894,XXXR,*MANUAL*,41,1382,73,252.00,147.37,57.88,895,131893
895,895,OLQVR,*MANUAL*,51,1344,62,229.00,136.35,35.69,895,122030
896,896,CEPsoVR,*MANUAL*,53,1365,57,224.00,123.32,46.53,895,110373
897,897,RMER,*MANUAL*,50,1335,80,240.00,145.29,39.04,895,130031
898,898,RIPR,*MANUAL*,53,1348,80,230.00,126.04,34.59,895,112807
899,899,OLLR,*MANUAL*,51,1365,88,211.00,139.88,27.00,885,123793
900,900,CEPSHDR,*MANUAL*,50,1329,92,227.00,128.81,44.95,879,113224
901,901,URYDR,*MANUAL*,50,1348,93,245.00,147.08,48.19,895,131634
902,902,URADR,*MANUAL*,53,1360,98,243.00,181.02,34.92,895,162014
903,903,CEPsoDR,*MANUAL*,48,1371,97,236.00,148.55,47.40,895,132952
904,904,AMSOR,*MANUAL*,48,1472,85,188.00,110.71,35.23,895,99088
905,905,ARCPDR,*MANUAL*,51,1458,89,211.00,117.65,44.31,895,105300
906,906,ILSHDR,*MANUAL*,42,1396,92,234.00,117.09,49.91,705,82551
907,907,OLLSOR,*MANUAL*,49,1387,98,245.00,140.01,53.72,831,116349
908,908,ILSOR,*MANUAL*,46,1463,72,236.00,129.75,49.77,895,116123
909,909,ILSHDL,*MANUAL*,84,1387,96,196.00,110.56,35.15,895,98948
910,910,OLLSOL,*MANUAL*,92,1377,93,205.00,106.14,34.42,895,94995
911,911,ARCPV,*MANUAL*,67,1538,51,191.00,94.29,34.27,895,84387
912,912,ILSOVL,*MANUAL*,73,1498,48,226.00,135.31,35.55,865,117047
913,913,ILSHVL,*MANUAL*,73,1476,48,209.00,123.16,42.36,818,100746
914,914,ILSHVR,*MANUAL*,65,1472,48,245.00,162.11,38.57,895,145087
915,915,ILSOVR,*MANUAL*,64,1491,48,220.00,133.03,42.77,895,119064
916,916,HYP7V2,*MANUAL*$276$288,65,1383,40,119.00,42.48,20.36,3126,132782
917,917,HYP7V1,*MANUAL*$275$289,66,1405,40,142.00,44.74,23.49,3943,176419
918,918,HYP6V2,*MANUAL*$294$290,66,1447,47,130.00,44.90,24.51,3728,167373
919,919,HYP6V1,*MANUAL*,67,1501,40,129.00,55.15,20.17,895,49355
920,920,*NOUSE*,*NOUSE*,0,0,0,0,0,0,0,0
921,921,HYP7D1,*MANUAL*$373$920,67,1352,115,132.00,45.86,20.52,2962,135846
922,922,HYP6D3,*MANUAL*,68,1426,111,159.00,92.07,25.67,895,82399
923,923,HYP6D1,*MANUAL*,71,1531,107,150.00,95.10,24.92,859,81693
924,924,hyp4D,*MANUAL*$430$457,75,1611,101,156.00,43.79,27.99,3948,172897
925,925,HYP32,*MANUAL*,75,1540,101,186.00,93.90,35.04,895,84042
926,926,ARCPD,*MANUAL*,65,1524,104,214.00,102.02,46.12,895,91310
927,927,OLQSODR,*MANUAL*,64,1473,105,238.00,131.05,50.40,785,102871
928,928,OLQSODL,*MANUAL*,75,1481,103,232.00,136.66,41.55,895,122309
929,929,HYP6D2,*MANUAL*,70,1471,108,220.00,100.87,41.70,895,90279
930,930,DR2,*MANUAL*,54,1474,97,129.00,64.15,26.64,895,57411
931,931,EXC DUCT,*MANUAL*,80,1230,63,144.00,78.08,27.54,895,69879
932,932,HYP2L,*MANUAL*,90,1467,84,157.00,94.59,26.22,893,84465
933,933,AMSOL,*MANUAL*,83,1460,91,173.00,98.42,32.52,895,88084
934,934,K,*MANUAL*,76,313,88,113.00,73.58,14.12,895,65854
935,935,PM1VR,*MANUAL*,59,1421,63,199.00,95.51,43.82,895,85481
936,936,SIBDL,*MANUAL*,89,1276,67,180.00,111.17,31.75,895,99495
937,937,VR8,*MANUAL*,53,1143,38,179.00,91.04,36.65,895,81480
938,938,*NOUSE*,*NOUSE*,0,0,0,0,0,0,0,0
939,939,PM3DL,*MANUAL*,75,1487,91,116.00,55.80,23.23,895,49938
940,940,DL11,*MANUAL*,81,994,112,135.00,72.24,24.47,895,64659
941,941,f1,*MANUAL*,38,1286,67,170.00,25.67,30.88,895,22974
942,942,f2,*MANUAL*,46,1320,88,178.00,58.48,42.07,895,52340
943,943,f3,*MANUAL*,54,1270,66,219.00,63.94,54.74,895,57226
944,944,f4,*MANUAL*,57,907,60,113.00,11.65,17.77,889,10355
945,945,f5,*MANUAL*,71,1314,114,153.00,45.36,44.46,895,40593
946,946,f6,*MANUAL*,43,1388,92,253.00,131.46,62.34,895,117657
947,947,f7,*MANUAL*,44,1309,88,168.00,29.89,41.88,895,26752
948,948,f8,*MANUAL*,54,899,62,142.00,25.72,32.40,895,23016
949,949,f9,*MANUAL*,55,386,74,55.00, 8.12,11.34,895,7266
950,950,f10,*MANUAL*,69,270,58,84.00,21.34,22.99,895,19096
