0,0,*NOUSE*,*NOUSE*,0,0,0,0,0,0,0,0
1,1,*NOUSE*,*NOUSE*,0,0,0,0,0,0,0,0
2,2,ASEL,,47,1187,66,186.00,103.69,26.04,1488,154290.00
3,3,ASER,,93,1199,56,143.00,44.23,29.33,5967,263933.00
4,4,AWCR,,97,1234,72,177.00,47.78,31.54,7743,369967.00
5,5,RID,*MANUAL*,66,1257,36,206.00,92.42,30.52,1365,126153.00
6,6,RMED,*MANUAL*,69,1271,36,234.00,118.57,33.85,1180,139911.00
7,7,OLQDR,*MANUAL*,74,1280,40,213.00,135.00,27.70,1138,153628.00
8,8,OLQDL,*MANUAL*,61,1285,44,210.00,133.85,30.68,1269,169851.00
9,9,IL1DR,*MANUAL*,74,1293,43,213.00,140.46,29.69,1339,188072.00
10,10,IL1DL,*MANUAL*,63,1297,47,249.00,145.53,43.03,1219,177400.00
11,11,CEPshDL,*MANUAL*,51,1289,56,234.00,121.47,44.14,1323,160708.00
12,12,URYDL,*MANUAL*,55,1302,46,252.00,127.36,52.60,1365,173846.00
13,13,URADL,*MANUAL*,56,1317,48,231.00,133.10,40.36,1362,181285.00
14,14,RMEL,*MANUAL*,53,1282,66,228.00,114.75,43.91,1365,156638.00
15,15,RIPL,*MANUAL*,53,1297,67,244.00,130.64,42.03,1258,164342.00
16,16,OLLL,*MANUAL*,52,1313,60,198.00,116.49,32.74,1359,158308.00
17,17,CEPsoDL,*MANUAL*,46,1328,56,250.00,133.09,47.60,1255,167023.00
18,18,OLLsoL,*MANUAL*,49,1338,56,253.00,147.93,55.42,1365,201925.00
19,19,ILshDL,*MANUAL*,51,1355,60,250.00,148.75,48.97,1225,182221.00
20,20,OLQshDL,*MANUAL*,47,1376,65,231.00,113.07,50.76,1299,146883.00
21,21,HYP1L,*MANUAL*,57,1373,61,243.00,135.66,48.72,1365,185177.00
22,22,AMsoL,*MANUAL*,54,1392,64,225.00,105.91,47.83,1286,136196.00
23,23,ARCPDL,*MANUAL*,53,1409,65,203.00,96.94,39.99,1365,132320.00
24,24,HYP2L,*MANUAL*,52,1424,71,184.00,99.89,32.40,1365,136348.00
25,25,ARCADL,*MANUAL*,51,1439,77,195.00,105.27,39.54,1365,143694.00
26,26,ARCPVL,*MANUAL*,53,1419,86,206.00,98.70,46.85,1365,134719.00
27,27,ILsoL,*MANUAL*,52,1406,84,218.00,113.62,45.33,1218,138390.00
28,28,OLQsoVL,*MANUAL*,55,1394,90,230.00,118.80,39.10,1353,160740.00
29,29,ILshL,*MANUAL*,56,1373,92,219.00,105.82,48.34,1353,143179.00
30,30,OLQshVL,*MANUAL*,52,1382,84,248.00,139.81,45.59,1339,187201.00
31,31,OLLshL,*MANUAL*,51,1369,80,253.00,138.53,56.28,1365,189092.00
32,32,XXXL,*MANUAL*,49,1351,82,254.00,161.93,49.14,1154,186868.00
33,33,IL2L,*MANUAL*,45,1359,71,211.00,101.01,43.28,1365,137878.00
34,34,URBL,*MANUAL*,45,1341,70,249.00,140.99,43.48,1363,192174.00
35,35,BAGL,*MANUAL*,48,1290,78,196.00,91.78,37.14,2093,192103.00
36,36,IL1L,*MANUAL*,48,1327,79,208.00,110.30,43.62,1365,150563.00
37,37,URYVL,*MANUAL*,50,1313,83,234.00,128.16,41.52,1349,172891.00
38,38,OLQVL,*MANUAL*,55,1300,88,211.00,119.93,33.61,1365,163705.00
39,39,CEPshVL,*MANUAL*,54,1285,89,234.00,128.05,40.89,1365,174794.00
40,40,CEPshDR,*MANUAL*,88,1282,51,200.00,106.03,31.00,1266,134228.00
41,41,URYDR,*MANUAL*,86,1295,46,215.00,122.90,35.39,1365,167756.00
42,42,URADR,*MANUAL*,84,1310,40,229.00,117.72,39.17,1351,159036.00
43,43,RMER,*MANUAL*,88,1282,64,187.00,97.36,35.53,1302,126767.00
44,44,RIPR,*MANUAL*,87,1295,60,195.00,107.44,29.46,1333,143216.00
45,45,OLLR,*MANUAL*,87,1312,52,200.00,108.55,32.86,1312,142412.00
46,46,IL2DL,*MANUAL*,57,1335,43,177.00,98.38,32.77,1365,134286.00
47,47,IL2DR,*MANUAL*,86,1328,40,201.00,108.64,31.47,1365,148289.00
48,48,ARCADR,*MANUAL*,97,1434,64,134.00,75.82,24.96,1365,103494.00
49,49,AMsoR,*MANUAL*,89,1407,58,177.00,113.23,29.36,1118,126590.00
50,50,ARCPDR,*MANUAL*,95,1415,58,217.00,85.95,37.06,2103,180757.00
51,51,HYP1R,*MANUAL*,94,1391,57,181.00,106.94,31.71,1322,141381.00
52,52,BAGR,*MANUAL*,95,1300,69,145.00,73.60,25.89,2013,148161.00
53,53,URBR,*MANUAL*,96,1316,56,202.00,104.84,34.50,1365,143113.00
54,54,IL2R,*MANUAL*,98,1351,59,146.00,74.12,21.88,1365,101178.00
55,55,OLLshR,*MANUAL*,98,1369,69,200.00,103.54,31.81,1283,132841.00
56,56,ARCPVR,*MANUAL*,96,1427,77,179.00,75.24,29.93,1365,102701.00
57,57,ILsoR,*MANUAL*,96,1410,77,157.00,83.40,32.34,1306,108915.00
58,58,OLQsoVR,*MANUAL*,93,1397,84,158.00,82.79,29.49,1308,108291.00
59,59,ILshR,*MANUAL*,94,1381,83,167.00,85.08,32.35,1243,105751.00
60,60,OLQshVR,*MANUAL*,95,1366,79,197.00,99.34,32.48,1359,135000.00
61,61,ILshDR,*MANUAL*,88,1379,56,218.00,119.96,41.22,1309,157027.00
62,62,OLQshDR,*MANUAL*,97,1372,56,220.00,123.99,41.09,1347,167009.00
63,63,OLLsoR,*MANUAL*,88,1365,51,233.00,117.12,36.00,1324,155073.00
64,64,CEPsoDR,*MANUAL*,94,1341,47,214.00,97.49,45.89,1365,133074.00
65,65,XXXR,*MANUAL*,97,1346,73,197.00,77.00,31.59,2103,161941.00
66,66,CEPsoVR,*MANUAL*,94,1329,87,165.00,85.73,31.41,1365,117021.00
67,67,IL1R,*MANUAL*,95,1325,69,151.00,72.19,25.94,2087,150654.00
68,68,URYVR,*MANUAL*,95,1313,78,181.00,86.72,30.60,2052,177957.00
69,69,OLQVR,*MANUAL*,89,1297,80,184.00,100.17,25.42,1333,133522.00
70,70,CEPshVR,*MANUAL*,89,1283,86,175.00,95.05,31.36,1365,129746.00
71,71,RMEV,*MANUAL*,72,1280,101,213.00,122.11,31.85,1323,161549.00
72,72,CEPVL,*MANUAL*,67,1290,99,239.00,148.91,35.26,1000,148909.00
73,73,CEPVR,*MANUAL*,78,1292,96,221.00,131.99,38.15,1249,164860.00
74,74,URAVR,*MANUAL*,90,1311,91,199.00,93.46,37.27,1365,127573.00
75,75,IL1VR,*MANUAL*,77,1315,102,197.00,107.78,37.91,1339,144321.00
76,76,IL1VL,*MANUAL*,70,1305,102,221.00,127.44,34.78,1365,173957.00
77,77,URAVL,*MANUAL*,57,1315,96,238.00,113.04,54.80,1365,154293.00
78,78,CEPsoVL,*MANUAL*,54,1332,95,246.00,107.15,51.11,1365,146261.00
79,79,IL2VL,*MANUAL*,67,1334,104,203.00,83.24,44.49,1693,140923.00
80,80,IL2VR,*MANUAL*,80,1332,103,209.00,81.44,41.29,1728,140732.00
81,81,HYP4D,*MANUAL*,70,1536,54,134.00,52.52,29.92,2103,110441.00
82,82,HYP31,*MANUAL*,69,1492,52,171.00,78.71,35.32,1911,150415.00
83,83,HYP32,*MANUAL*,73,1481,51,200.00,87.63,41.03,2103,184290.00
84,84,ARCPD,*MANUAL*,76,1462,50,212.00,89.80,36.34,2007,180237.00
85,85,ILsoDR,*MANUAL*,77,1435,47,213.00,127.28,35.08,1112,141532.00
86,86,OLQsoDR,*MANUAL*,77,1413,46,214.00,120.19,35.25,1345,161652.00
87,87,ILsoDL,*MANUAL*,65,1444,50,212.00,110.31,36.19,835,92112.00
88,88,OLQsoDL,*MANUAL*,67,1420,48,232.00,119.12,38.38,1361,162118.00
89,89,HYP6D1,*MANUAL*,72,1445,44,216.00,96.44,50.44,2969,286343.00
90,90,HYP6D2,*MANUAL*,72,1383,41,154.00,66.58,32.05,2077,138291.00
91,91,HYP6D3,*MANUAL*,71,1343,33,167.00,62.49,33.57,2969,185528.00
92,92,HYP6D4,*MANUAL*,69,1316,35,167.00,68.40,32.98,2969,203086.00
93,93,HYP7D1,*MANUAL*,68,1286,30,190.00,55.88,29.90,2962,165520.00
94,94,HYP7D2,*MANUAL*,65,1216,32,131.00,31.25,26.69,4097,128022.00
95,95,HYP4V1,*MANUAL*,72,1538,95,146.00,54.86,33.86,2103,115376.00
96,96,HYP4V2,*MANUAL*,72,1515,101,150.00,76.90,30.15,1365,104965.00
97,97,ARCAV,*MANUAL*,76,1493,103,170.00,67.56,37.42,2087,141007.00
98,98,HYP2V,*MANUAL*,71,1479,104,161.00,69.56,34.54,2103,146291.00
99,99,ARCPV,*MANUAL*,78,1463,103,222.00,78.99,46.73,1905,150472.00
100,100,HYP1V,*MANUAL*,69,1457,103,208.00,74.51,49.20,2103,156695.00
101,101,ILsoVL,*MANUAL*,67,1438,102,195.00,95.69,44.99,861,82393.00
102,102,ILshVL,*MANUAL*,70,1413,103,211.00,70.95,46.29,2036,144463.00
103,103,ILsoVR,*MANUAL*,79,1444,102,198.00,92.28,44.53,1304,120332.00
104,104,ILshVR,*MANUAL*,80,1420,101,209.00,91.18,41.00,1363,124278.00
105,105,HYP6V1,*MANUAL*,75,1433,104,217.00,84.21,34.90,2099,176748.00
106,106,HYP6V2,*MANUAL*,74,1374,105,142.00,62.77,23.58,2103,132011.00
107,107,HYP7V2,*MANUAL*,74,1333,110,183.00,60.89,38.38,2103,128048.00
108,108,M4,*MANUAL*,70,1286,61,187.00,92.90,31.66,1365,126814.00
109,109,M3L,*MANUAL*,64,1291,79,252.00,134.19,42.28,1365,183174.00
110,110,M3R,*MANUAL*,79,1291,77,224.00,116.51,34.22,1365,159030.00
111,111,I3,*MANUAL*,72,1317,54,243.00,119.44,45.53,1365,163038.00
112,112,NSML,*MANUAL*,60,1319,83,230.00,126.51,42.40,1365,172682.00
113,113,NSMR,*MANUAL*,84,1319,80,207.00,112.75,34.87,1365,153905.00
114,114,MI,*MANUAL*,71,1332,49,231.00,143.85,33.29,1033,148602.00
115,115,PM4DL,*MANUAL*,64,1335,55,230.00,112.74,40.19,1365,153887.00
116,116,PM4DR,*MANUAL*,79,1333,52,214.00,107.29,41.36,1365,146457.00
117,117,PM4R,*MANUAL*,85,1335,67,160.00,86.93,25.84,1361,118316.00
118,118,PM4L,*MANUAL*,57,1335,71,200.00,110.20,42.02,1353,149107.00
119,119,PM4VR,*MANUAL*,79,1329,88,171.00,94.45,28.28,1365,128927.00
120,120,PM4VL,*MANUAL*,66,1330,89,182.00,91.71,31.25,1365,125186.00
121,121,MCL,*MANUAL*,64,1342,79,244.00,131.55,45.52,1219,160362.00
122,122,I2L,*MANUAL*,59,1349,84,246.00,162.64,43.25,1347,219077.00
123,123,MCR,*MANUAL*,79,1342,76,237.00,130.14,39.74,1085,141204.00
124,124,I2R,*MANUAL*,86,1340,80,237.00,123.47,45.04,1365,168532.00
125,125,PM1DR,*MANUAL*,74,1352,53,252.00,163.60,38.62,879,143804.00
126,126,PM1DL,*MANUAL*,70,1358,57,253.00,127.21,67.56,1035,131664.00
127,127,PM1L,*MANUAL*,61,1361,73,245.00,117.31,49.42,1347,158020.00
128,128,PM1VL,*MANUAL*,65,1359,88,235.00,112.23,52.12,883,99100.00
129,129,PM1VR,*MANUAL*,83,1359,82,225.00,132.63,46.94,800,106105.00
130,130,PM1R,*MANUAL*,86,1361,71,198.00,98.01,35.30,1364,133684.00
131,131,MC1V,*MANUAL*,73,1355,88,232.00,89.85,46.87,2969,266753.00
132,132,MC1DR,*MANUAL*,82,1355,57,243.00,102.46,34.27,2103,215470.00
133,133,MC1DL,*MANUAL*,62,1354,62,226.00,108.07,37.54,2103,227272.00
134,134,I1R,*MANUAL*,84,1380,80,179.00,90.87,36.82,1365,124041.00
135,135,I1L,*MANUAL*,63,1377,83,243.00,123.17,41.92,1365,168133.00
136,136,E2D,*MANUAL*,72,1500,63,116.00,52.51,22.29,1365,71680.00
137,137,PM2D1,*MANUAL*,72,1474,64,145.00,64.14,33.11,1365,87549.00
138,138,PM2D2,*MANUAL*,73,1459,62,165.00,82.63,32.71,1365,112791.00
139,139,E1D,*MANUAL*,74,1425,58,179.00,96.04,34.56,1128,108334.00
140,140,E3D,*MANUAL*,73,1387,58,156.00,68.82,33.83,2103,144731.00
141,141,E2VL,*MANUAL*,63,1498,90,146.00,52.18,35.34,2103,109732.00
142,142,PM2VL1,*MANUAL*,62,1474,90,215.00,84.95,52.89,1365,115963.00
143,143,PM2VL2,*MANUAL*,63,1459,90,193.00,95.67,45.43,1365,130583.00
144,144,E1VL,*MANUAL*,60,1438,86,209.00,110.91,45.28,1067,118346.00
145,145,E3VL,*MANUAL*,60,1405,87,214.00,101.58,45.18,1360,138155.00
146,146,E2VR,*MANUAL*,84,1500,85,138.00,44.50,31.73,2103,93583.00
147,147,PM2VR1,*MANUAL*,85,1475,87,207.00,88.21,40.75,1365,120401.00
148,148,PM2VR2,*MANUAL*,84,1459,86,183.00,96.22,38.91,1168,112386.00
149,149,E1VR,*MANUAL*,89,1438,82,177.00,77.72,37.59,1177,91471.00
150,150,E3VR,*MANUAL*,87,1414,81,170.00,90.96,29.34,1365,124155.00
151,151,PM3R,*MANUAL*,86,1400,75,142.00,68.39,28.21,1995,136431.00
152,152,PM3DR,*MANUAL*,78,1404,62,137.00,59.03,24.46,2103,124145.00
153,153,PM3VR,*MANUAL*,80,1439,86,158.00,64.71,26.00,1947,125984.00
154,154,PM3VL,*MANUAL*,68,1434,90,162.00,58.61,33.40,2102,123203.00
155,155,PM3DL,*MANUAL*,68,1429,63,167.00,69.02,33.56,2055,141827.00
156,156,PM3L,*MANUAL*,66,1397,79,165.00,61.89,36.97,2103,130151.00
157,157,hyp5l,*MANUAL*,53,1482,79,121.00,60.17,25.17,2103,126538.00
158,158,H0L,*MANUAL*,49,1395,75,179.00,88.42,28.86,2103,185939.00
159,159,H1L,*MANUAL*,45,1306,70,181.00,80.35,26.84,2103,168974.00
160,160,DL1,*MANUAL*,53,1451,63,129.00,55.05,31.06,2103,115771.00
161,161,DL2,*MANUAL*,57,1426,56,161.00,68.01,34.33,2103,143020.00
162,162,DL3,*MANUAL*,60,1387,47,168.00,66.04,29.47,2103,138890.00
163,163,DL4,*MANUAL*,51,1359,49,160.00,58.12,35.87,1365,79333.00
164,164,DL6,*MANUAL*,52,1282,46,181.00,88.39,30.41,1365,120648.00
165,165,DL5,*MANUAL*,58,1271,40,164.00,75.95,28.44,1365,103667.00
166,166,VL1,*MANUAL*,55,1448,90,159.00,75.71,28.17,1365,103346.00
167,167,VL2,*MANUAL*,59,1427,99,128.00,61.95,24.65,1365,84564.00
168,168,VL3,*MANUAL*,61,1391,103,156.00,81.00,28.14,1365,110567.00
169,169,VL4,*MANUAL*,55,1355,99,166.00,84.68,28.69,1365,115584.00
170,170,VL5,*MANUAL*,60,1292,102,239.00,103.01,43.27,1365,140613.00
171,171,VL6,*MANUAL*,51,1273,97,184.00,72.92,32.51,1365,99535.00
172,172,DR1,*MANUAL*,92,1450,58,112.00,59.87,24.96,1365,81728.00
173,173,DR2,*MANUAL*,88,1429,48,147.00,66.52,30.35,2103,139890.00
174,174,DR3,*MANUAL*,85,1394,43,140.00,68.82,23.08,1365,93945.00
175,175,DR4,*MANUAL*,91,1358,42,152.00,67.62,32.83,1365,92299.00
176,176,DR5,*MANUAL*,80,1279,33,185.00,68.94,42.86,1127,77692.00
177,177,DR6,*MANUAL*,86,1283,38,177.00,82.01,35.01,1365,111941.00
178,178,VR1,*MANUAL*,94,1456,85,159.00,53.79,28.69,2103,113125.00
179,179,VR2,*MANUAL*,92,1434,93,111.00,53.93,22.54,1365,73608.00
180,180,VR3,*MANUAL*,89,1395,98,129.00,57.17,23.36,1365,78033.00
181,181,VR4,*MANUAL*,93,1357,93,144.00,62.82,22.71,1365,85745.00
182,182,VR5,*MANUAL*,86,1296,99,163.00,76.06,29.92,1365,103820.00
183,183,VR6,*MANUAL*,93,1266,90,126.00,56.42,20.55,1365,77020.00
184,184,RMDL,*MANUAL*,45,1260,82,228.00,128.11,33.63,1365,174865.00
185,185,SIBDL,*MANUAL*,45,1242,85,240.00,136.35,45.09,1354,184615.00
186,186,AUAL,*MANUAL*,47,1205,87,221.00,106.57,41.96,1365,145473.00
187,187,ASJL,*MANUAL*,48,1179,82,159.00,81.56,24.73,2103,171528.00
188,188,ASHL,*MANUAL*,47,1207,70,179.00,100.99,25.93,1357,137045.00
189,189,RMDVL,*MANUAL*,44,1271,68,199.00,104.83,38.13,1365,143091.00
190,190,AVAL,*MANUAL*,44,1250,69,210.00,122.12,35.27,1365,166691.00
191,191,AFDL,*MANUAL*,46,1227,62,189.00,110.90,36.40,1281,142066.00
192,192,ADEshL,*MANUAL*,48,1063,76,221.00,115.24,42.70,1365,157307.00
193,193,RMGL,*MANUAL*,47,1098,86,178.00,93.81,37.24,1317,123547.00
194,194,ADAL,*MANUAL*,45,1125,85,248.00,149.74,39.52,1221,182828.00
195,195,ADEL,*MANUAL*,50,1129,77,253.00,162.25,42.82,1359,220497.00
196,196,AIZL,*MANUAL*,55,1146,70,237.00,143.04,36.65,1253,179234.00
197,197,RICL,*MANUAL*,47,1159,82,236.00,95.94,52.82,1365,130963.00
198,198,FLPL,*MANUAL*,47,1143,76,229.00,138.22,33.35,1365,188677.00
199,199,AINL,*MANUAL*,47,1137,62,210.00,118.07,36.33,1365,161163.00
200,200,AVDL,*MANUAL*,48,1162,65,239.00,133.27,41.86,1361,181382.00
201,201,AVJL,*MANUAL*,48,1153,55,252.00,141.56,41.12,1191,168596.00
202,202,AVHL,*MANUAL*,47,1171,55,241.00,128.01,46.00,1068,136714.00
203,203,ASGL,*MANUAL*,50,1189,52,204.00,120.23,33.84,1365,164111.00
204,204,AWBL,*MANUAL*,48,1206,54,220.00,121.47,34.73,1343,163137.00
205,205,ADFL,*MANUAL*,55,1216,59,202.00,116.44,30.06,1365,158938.00
206,206,ALA,*MANUAL*,65,1244,38,202.00,106.30,34.88,1339,142331.00
207,207,CEPDL,*MANUAL*,56,1244,50,242.00,131.19,41.78,1195,156773.00
208,208,CEPDR,*MANUAL*,80,1246,43,231.00,122.12,41.96,1269,154965.00
209,209,GLRDR,*MANUAL*,72,1253,50,252.00,148.69,45.37,1200,178423.00
210,210,GLRDL,*MANUAL*,63,1251,55,247.00,156.20,41.91,1281,200097.00
211,211,SAAVL,*MANUAL*,54,1250,61,249.00,159.60,39.78,1347,214979.00
212,212,GLRR,*MANUAL*,80,1255,61,227.00,108.11,45.39,1341,144976.00
213,213,SMDVR,*MANUAL*,89,1244,51,210.00,117.79,35.50,1110,130750.00
214,214,URXR,*MANUAL*,71,1235,44,230.00,128.94,31.58,1162,149828.00
215,215,URXL,*MANUAL*,62,1233,44,203.00,108.83,40.86,1363,148336.00
216,216,ASKL,*MANUAL*,59,1219,46,196.00,101.73,35.82,1319,134184.00
217,217,ASKR,*MANUAL*,70,1217,44,191.00,111.07,25.45,1365,151606.00
218,218,ADLL,*MANUAL*,59,1202,47,158.00,75.48,27.92,2103,158725.00
219,219,ADLR,*MANUAL*,81,1205,42,181.00,94.53,32.36,1365,129034.00
220,220,ASIR,*MANUAL*,72,1193,40,160.00,78.11,32.04,2103,164264.00
221,221,ASIL,*MANUAL*,56,1173,52,250.00,114.76,46.73,2093,240202.00
222,222,RIVL,*MANUAL*,58,1148,42,229.00,120.09,51.48,1341,161038.00
223,223,RIVR,*MANUAL*,82,1167,44,221.00,118.92,34.11,1246,148174.00
224,224,RIAL,*MANUAL*,56,1230,56,233.00,134.15,31.89,1365,183121.00
225,225,SMDVL,*MANUAL*,48,1241,57,231.00,122.80,46.01,1365,167626.00
226,226,AWAL,*MANUAL*,56,1200,64,190.00,117.26,27.49,1365,160055.00
227,227,AVBL,*MANUAL*,56,1156,56,249.00,141.62,41.40,1332,188632.00
228,228,AVEL,*MANUAL*,55,1236,72,229.00,123.68,42.94,1295,160169.00
229,229,AIBL,*MANUAL*,57,1214,76,214.00,117.73,33.12,1365,160698.00
230,230,RIBL,*MANUAL*,56,1184,67,242.00,139.22,35.95,1365,190033.00
231,231,RIML,*MANUAL*,56,1167,72,221.00,118.30,37.69,1365,161475.00
232,232,ADEshR,*MANUAL*,100,1098,79,185.00,87.24,36.79,1365,119087.00
233,233,RMGR,*MANUAL*,96,1128,77,202.00,106.30,34.82,1336,142022.00
234,234,ADAR,*MANUAL*,99,1146,76,191.00,96.02,40.52,1300,124832.00
235,235,ADER,*MANUAL*,92,1146,68,228.00,128.76,35.38,1365,175756.00
236,236,AIZR,*MANUAL*,86,1160,69,214.00,117.09,35.94,1297,151869.00
237,237,FLPR,*MANUAL*,94,1159,60,206.00,117.64,28.75,1247,146692.00
238,238,RICR,*MANUAL*,96,1168,73,170.00,106.76,23.01,1365,145729.00
239,239,AUAR,*MANUAL*,98,1209,77,211.00,97.02,29.59,1323,128360.00
240,240,ASJR,*MANUAL*,97,1188,75,136.00,72.42,21.02,2103,152300.00
241,241,ASHR,*MANUAL*,94,1218,63,162.00,86.02,25.72,1359,116896.00
242,242,AVDR,*MANUAL*,95,1175,58,167.00,99.74,27.19,1342,133849.00
243,243,AVJR,*MANUAL*,91,1172,45,211.00,97.45,48.91,1315,128142.00
244,244,AINR,*MANUAL*,87,1156,53,197.00,107.91,31.49,1347,145360.00
245,245,RMDVR,*MANUAL*,96,1267,58,165.00,89.64,26.39,1365,122364.00
246,246,AVAR,*MANUAL*,95,1250,61,180.00,93.23,30.08,1365,127258.00
247,247,SIBDR,*MANUAL*,96,1247,78,188.00,99.25,35.78,1365,135474.00
248,248,RMDR,*MANUAL*,96,1260,74,164.00,86.77,29.44,1365,118435.00
249,249,AFDR,*MANUAL*,90,1233,59,174.00,80.46,34.97,2099,168894.00
250,250,AWBR,*MANUAL*,89,1214,47,187.00,90.89,41.45,1275,115883.00
251,251,AVHR,*MANUAL*,86,1190,43,198.00,104.72,40.39,1365,142947.00
252,252,AVBR,*MANUAL*,85,1179,52,194.00,109.15,29.00,1365,148986.00
253,253,ADFR,*MANUAL*,84,1225,46,182.00,98.73,29.85,1167,115214.00
254,254,RIAR,*MANUAL*,79,1232,51,216.00,122.02,36.69,1365,166557.00
255,255,AWAR,*MANUAL*,81,1214,53,213.00,118.77,31.11,1365,162115.00
256,256,SAAVR,*MANUAL*,81,1245,54,243.00,146.00,40.01,1365,199293.00
257,257,AVER,*MANUAL*,85,1242,69,168.00,96.74,29.65,1365,132047.00
258,258,AIBR,*MANUAL*,84,1223,68,164.00,96.41,27.97,1365,131594.00
259,259,ASGR,*MANUAL*,82,1196,59,176.00,72.31,31.95,2103,152073.00
260,260,RIMR,*MANUAL*,86,1180,70,197.00,98.44,35.92,1365,134375.00
261,261,EXC,*MANUAL*,68,1166,87,139.00,54.36,14.53,2101,114211.00
262,262,GLRL,*MANUAL*,58,1253,74,243.00,106.89,46.28,1365,145901.00
263,263,GLRVL,*MANUAL*,62,1254,87,253.00,155.50,41.31,1353,210385.00
264,264,GLRVR,*MANUAL*,83,1252,80,243.00,113.53,28.55,1365,154973.00
265,265,RIH,*MANUAL*,72,1240,92,216.00,152.73,23.08,1043,159302.00
266,266,SAADL,*MANUAL*,63,1240,91,248.00,161.45,28.68,1278,206333.00
267,267,SAADR,*MANUAL*,81,1240,89,230.00,154.81,29.84,1223,189335.00
268,268,AWCL,*MANUAL*,44,1229,76,207.00,82.19,41.58,4130,339429.00
269,269,SIBVL,*MANUAL*,56,1230,87,233.00,135.05,40.59,2103,284001.00
270,270,RMDDL,*MANUAL*,54,1247,94,248.00,148.71,40.38,1365,202986.00
271,271,SMDDL,*MANUAL*,57,1227,102,217.00,115.14,35.71,2103,242134.00
272,272,SMBDL,*MANUAL*,59,1203,101,206.00,119.30,33.28,2015,240397.00
273,273,SIAVL,*MANUAL*,59,1182,100,217.00,101.32,44.22,2103,213066.00
274,274,EXC DUCT,*MANUAL*,63,1180,82,222.00,101.10,33.06,2102,212511.00
275,275,SIADL,*MANUAL*,56,1197,88,249.00,146.63,38.60,1069,156747.00
276,276,AIAL,*MANUAL*,65,1196,89,253.00,170.78,28.40,1314,224406.00
277,277,AIAR,*MANUAL*,75,1191,85,248.00,126.86,40.39,1915,242935.00
278,278,AVL,*MANUAL*,81,1199,80,184.00,114.31,25.47,1159,132486.00
279,279,RIBR,*MANUAL*,89,1202,74,222.00,132.16,32.05,1365,180392.00
280,280,RMDDR,*MANUAL*,90,1245,93,207.00,101.41,39.20,1365,138421.00
281,281,SMDDR,*MANUAL*,88,1223,98,182.00,108.71,29.57,1365,148388.00
282,282,SMBDR,*MANUAL*,89,1209,90,204.00,121.35,34.35,1365,165649.00
283,283,G2,*MANUAL*,71,1201,100,227.00,112.05,44.90,2103,235646.00
284,284,SIADR,*MANUAL*,88,1194,95,187.00,98.59,32.18,2103,207335.00
285,285,RIR,*MANUAL*,80,1222,83,222.00,122.38,30.65,1136,139019.00
286,286,G1,*MANUAL*,73,1228,104,191.00,86.76,38.40,2103,182465.00
287,287,SMBVR,*MANUAL*,77,1212,91,220.00,141.78,25.35,1349,191259.00
288,288,SMBVL,*MANUAL*,65,1215,92,228.00,139.09,29.98,1365,189856.00
289,289,SIAVR,*MANUAL*,83,1182,86,208.00,121.29,31.35,1365,165563.00
290,290,AIMR,*MANUAL*,78,1158,79,235.00,133.03,32.02,1343,178661.00
291,291,AIYR,*MANUAL*,87,1164,85,233.00,115.86,32.22,1365,158153.00
292,292,RIS,*MANUAL*,89,1149,89,179.00,108.23,26.54,1349,146001.00
293,293,AVKR,*MANUAL*,83,1142,81,176.00,101.33,30.36,1365,138313.00
294,294,AIML,*MANUAL*,65,1151,82,249.00,153.95,36.93,1327,204293.00
295,295,AIYL,*MANUAL*,55,1147,87,230.00,138.64,39.67,1365,189245.00
296,296,AVKL,*MANUAL*,55,1131,93,208.00,99.70,40.31,2103,209675.00
297,297,MC2V,*MANUAL*,73,1149,67,176.00,91.99,27.50,1365,125572.00
298,298,MC2DR,*MANUAL*,76,1149,49,171.00,77.67,27.68,1982,153945.00
299,299,MC2DL,*MANUAL*,65,1148,52,166.00,91.72,27.44,1365,125191.00
300,300,PM5DL,*MANUAL*,63,1129,52,206.00,110.63,36.80,1173,129767.00
301,301,PM5DR,*MANUAL*,72,1129,49,199.00,113.85,32.98,1343,152902.00
302,302,PM5R,*MANUAL*,80,1133,60,187.00,108.36,25.89,1364,147801.00
303,303,PM5L,*MANUAL*,60,1129,67,222.00,99.67,35.83,2103,209607.00
304,304,PM5VR,*MANUAL*,76,1129,81,244.00,153.33,25.76,1211,185681.00
305,305,PM5VL,*MANUAL*,68,1129,85,238.00,122.44,40.21,1343,164431.00
306,306,M2L,*MANUAL*,61,1120,79,239.00,146.29,40.04,1365,199682.00
307,307,M2R,*MANUAL*,85,1125,72,231.00,132.82,40.57,1365,181300.00
308,308,I4,*MANUAL*,67,1117,47,218.00,106.03,46.33,1365,144734.00
309,309,PM6D,*MANUAL*,67,1103,49,186.00,90.64,33.46,2058,186532.00
310,310,pm7d,*MANUAL*,67,1083,47,184.00,69.52,32.60,2055,142857.00
311,311,I5,*MANUAL*,76,1115,92,204.00,105.41,34.42,2103,221682.00
312,312,MC3V,*MANUAL*,76,1072,93,187.00,97.08,34.61,2103,204151.00
313,313,PM6VL,*MANUAL*,62,1102,87,191.00,90.68,31.80,2103,190692.00
314,314,PM7VL,*MANUAL*,60,1072,85,175.00,86.59,30.58,2103,182089.00
315,315,PM6VR,*MANUAL*,85,1109,79,159.00,82.76,26.14,2103,174044.00
316,316,PM7VR,*MANUAL*,88,1083,78,148.00,74.36,27.16,2084,154964.00
317,317,G1AR,*MANUAL*,80,1113,57,162.00,55.35,35.32,2046,113251.00
318,318,M1,*MANUAL*,80,1103,51,207.00,111.05,39.92,1365,151590.00
319,319,MC3DR,*MANUAL*,87,1083,57,149.00,64.88,29.43,2103,136439.00
320,320,G1AL,*MANUAL*,57,1112,62,216.00,100.27,33.64,1656,166049.00
321,321,I6,*MANUAL*,56,1099,56,243.00,119.97,45.47,1365,163762.00
322,322,M5,*MANUAL*,57,1076,54,210.00,111.95,41.00,1365,152813.00
323,323,MC3DL,*MANUAL*,55,1077,67,186.00,103.62,36.34,1365,141446.00
324,324,G1P,*MANUAL*,71,1070,45,189.00,74.73,41.26,2043,152673.00
325,325,VPI1,*MANUAL*,75,1057,39,177.00,74.62,41.05,2005,149621.00
326,326,VPI3D,*MANUAL*,72,1045,42,185.00,78.95,47.18,2103,166031.00
327,327,G2R,*MANUAL*,83,1061,84,197.00,96.44,37.72,2068,199444.00
328,328,G2L,*MANUAL*,68,1057,84,231.00,107.83,48.47,2065,222669.00
329,329,PM8,*MANUAL*,77,1052,74,192.00,101.70,36.26,1326,134851.00
330,330,*NOUSE*,*NOUSE*,0,0,0,0,0,0,0,0
331,331,VPI3V,*MANUAL*,76,1038,73,186.00,83.19,47.84,1231,102403.00
332,332,VPI2V,*MANUAL*,78,1043,82,230.00,113.43,54.73,1365,154836.00
333,333,VPI2DR,*MANUAL*,89,1054,56,162.00,75.14,40.25,2103,158018.00
334,334,VPI2DL,*MANUAL*,60,1049,54,207.00,80.19,50.80,2103,168645.00
335,335,INVL1,*MANUAL*,65,1001,80,113.00,51.06,17.11,2851,145579.00
336,336,INVR1,*MANUAL*,89,992,80,90.00,39.26,12.78,2969,116577.00
337,337,INDR1,*MANUAL*,86,993,44,79.00,34.94,14.55,4139,144622.00
338,338,INDL1,*MANUAL*,62,994,46,96.00,33.64,17.36,4139,139223.00
339,339,IND2,*MANUAL*,76,948,41,78.00,32.45,10.79,3941,127892.00
340,340,IND3,*MANUAL*,72,896,46,70.00,25.00,11.23,4139,103479.00
341,341,IND4,*MANUAL*,70,832,55,73.00,26.12,10.56,4139,108104.00
342,342,IND5,*MANUAL*,75,745,60,51.00,21.97, 8.47,4139,90923.00
343,343,INV2,*MANUAL*,67,948,82,72.00,35.16,10.81,4139,145537.00
344,344,INV3,*MANUAL*,75,879,87,72.00,27.22,10.64,4139,112661.00
345,345,INV4,*MANUAL*,71,793,89,56.00,23.61, 8.86,4129,97488.00
346,346,INV5,*MANUAL*,59,693,66,53.00,22.11, 8.33,4139,91497.00
347,347,INV6,*MANUAL*,72,641,85,72.00,27.36,10.22,4123,112818.00
348,348,INV7,*MANUAL*,67,541,86,66.00,23.34, 9.23,4139,96609.00
349,349,INV8,*MANUAL*,70,456,85,65.00,25.42,10.04,4059,103190.00
350,350,INV9,*MANUAL*,69,384,83,81.00,33.72,14.15,3842,129537.00
351,351,IND6,*MANUAL*,67,600,65,74.00,24.29,10.10,4139,100557.00
352,352,IND7,*MANUAL*,69,496,62,51.00,22.84, 8.87,4139,94515.00
353,353,IND8,*MANUAL*,70,421,57,86.00,29.36,12.01,3931,115423.00
354,354,IND9,*MANUAL*,66,371,54,78.00,27.24,15.96,4139,112747.00
355,355,DD5,*MANUAL*,66,486,99,140.00,75.94,23.88,1365,103653.00
356,356,DB7,*MANUAL*,66,462,98,122.00,51.30,28.18,2103,107888.00
357,357,DA7,*MANUAL*,66,439,97,121.00,52.48,23.58,2103,110368.00
358,358,DA6,*MANUAL*,66,555,103,148.00,58.09,29.90,2103,122164.00
359,359,DB6,*MANUAL*,65,582,103,189.00,80.58,29.52,1365,109996.00
360,360,DD4,*MANUAL*,68,641,104,171.00,85.46,30.08,1365,116652.00
361,361,DA5,*MANUAL*,70,717,107,164.00,87.03,30.66,1365,118793.00
362,362,DB5,*MANUAL*,69,739,105,167.00,66.69,42.06,2101,140116.00
363,363,DD3,*MANUAL*,71,801,105,170.00,94.21,27.67,1365,128601.00
364,364,DA4,*MANUAL*,72,820,105,171.00,93.70,29.25,1365,127899.00
365,365,DB4,*MANUAL*,71,887,105,187.00,74.34,37.14,2103,156337.00
366,366,DA3,*MANUAL*,72,922,100,194.00,107.60,32.96,1365,146878.00
367,367,DD2,*MANUAL*,75,946,98,217.00,84.22,45.73,2103,177118.00
368,368,DA2,*MANUAL*,75,988,92,221.00,122.28,40.03,1365,166914.00
369,369,DB3,*MANUAL*,72,1001,96,208.00,127.39,32.22,1333,169809.00
370,370,DA1,*MANUAL*,76,1019,93,210.00,98.89,46.59,2087,206385.00
371,371,RIGR,*MANUAL*,73,1032,96,238.00,129.31,33.17,1348,174313.00
372,372,DB1,*MANUAL*,76,1046,101,178.00,87.94,36.10,2103,184947.00
373,373,DD1,*MANUAL*,72,1065,106,191.00,99.02,39.78,2103,208243.00
374,374,RIGL,*MANUAL*,70,1091,110,245.00,112.59,53.03,2079,234066.00
375,375,SABD,*MANUAL*,83,1080,106,209.00,92.97,42.09,2103,195506.00
376,376,AVG,*MANUAL*,82,1112,107,177.00,87.63,41.02,2091,183225.00
377,377,RIFL,*MANUAL*,70,1122,109,226.00,116.72,44.67,2103,245459.00
378,378,RIFR,*MANUAL*,82,1136,99,218.00,130.85,33.19,1363,178348.00
379,379,SABVR,*MANUAL*,78,1151,96,244.00,140.58,36.29,1339,188231.00
380,380,SABVL,*MANUAL*,70,1143,102,233.00,128.95,45.22,2103,271184.00
381,381,DB2,*MANUAL*,69,1159,104,246.00,108.92,46.64,2087,227318.00
382,382,z1,*MANUAL*,79,724,93,155.00,73.21,20.60,1365,99927.00
383,383,z2,*MANUAL*,76,703,89,147.00,58.17,22.59,4133,240434.00
384,384,z3,*MANUAL*,66,679,92,156.00,66.31,22.96,3955,262251.00
385,385,z4,*MANUAL*,65,659,96,146.00,60.77,24.00,2103,127808.00
386,386,H2L,*MANUAL*,43,1104,74,188.00,54.36,29.33,4091,222376.00
387,387,AMshl,*MANUAL*,46,1113,59,178.00,54.38,28.53,4139,225087.00
388,388,HYP7ABLV,*MANUAL*,48,1036,75,114.00,42.75,22.85,4139,176936.00
389,389,HYP7ABLD,*MANUAL*,49,1026,57,103.00,37.76,23.79,4139,156270.00
390,390,BDUL,*MANUAL*,53,1008,68,203.00,107.05,45.23,1365,146122.00
391,391,V1L,*MANUAL*,49,988,66,140.00,62.21,25.38,2969,184711.00
392,392,P1/2L,*MANUAL*,49,939,80,145.00,71.26,27.96,2103,149852.00
393,393,V2L,*MANUAL*,49,893,76,114.00,43.38,21.85,4139,179551.00
394,394,P3/4L,*MANUAL*,49,839,84,141.00,66.20,24.28,2103,139215.00
395,395,V3L,*MANUAL*,47,786,82,124.00,55.45,23.81,2949,163513.00
396,396,P5/6L,*MANUAL*,47,733,88,173.00,60.54,32.43,2857,172976.00
397,397,V4L,*MANUAL*,48,642,83,109.00,49.42,19.89,2085,103040.00
398,398,*NOUSE*,*NOUSE*,0,0,0,0,0,0,0,0
399,399,ql,*MANUAL*,50,556,85,116.00,52.10,18.57,2103,109572.00
400,400,V5L,*MANUAL*,50,508,81,90.00,45.88,15.16,2103,96479.00
401,401,P9/10L,*MANUAL*,51,473,87,108.00,49.32,18.45,2103,103724.00
402,402,V6L,*MANUAL*,50,431,80,90.00,38.73,15.32,2103,81451.00
403,403,HYP7LC1,*MANUAL*,51,952,50,101.00,33.65,17.08,4139,139273.00
404,404,HYP7LC2,*MANUAL*,51,881,54,118.00,36.51,19.03,4139,151110.00
405,405,HYP7LC3,*MANUAL*,49,744,63,83.00,26.91,14.20,4139,111363.00
406,406,HYP7LC4,*MANUAL*,50,588,65,80.00,26.30,12.91,4139,108856.00
407,407,HYP7LC5,*MANUAL*,51,472,65,71.00,25.32,12.12,4139,104817.00
408,408,ALML,*MANUAL*,54,822,47,169.00,74.54,33.37,2103,156756.00
409,409,CANL,*MANUAL*,47,720,74,143.00,87.87,23.81,1365,119944.00
410,410,HSNL,*MANUAL*,48,690,85,158.00,86.31,30.99,1365,117811.00
411,411,H2R,*MANUAL*,99,1128,65,139.00,51.10,19.53,1962,100257.00
412,412,AMshR,*MANUAL*,93,1133,53,125.00,57.52,23.26,2969,170764.00
413,413,HYP5R,*MANUAL*,93,1478,72,113.00,39.09,24.35,2969,116073.00
414,414,H0R,*MANUAL*,99,1398,68,123.00,59.64,18.46,2969,177062.00
415,415,W,*MANUAL*,76,1180,109,169.00,73.44,31.90,2103,154435.00
416,416,HYP7ABRD,*MANUAL*,100,1072,74,104.00,36.36,16.33,4139,150505.00
417,417,HYP7ABRV,*MANUAL*,101,1028,72,86.00,32.30,15.40,4139,133682.00
418,418,HYP7ABR3,*MANUAL*,102,1007,56,80.00,31.26,15.11,4139,129397.00
419,419,V1R,*MANUAL*,101,983,68,99.00,34.09,18.70,4139,141097.00
420,420,SIBVR,*MANUAL*,87,1230,85,228.00,119.74,38.87,2103,251816.00
421,421,BDUR,*MANUAL*,97,962,70,153.00,53.79,38.46,2103,113111.00
422,422,P1/2R,*MANUAL*,99,928,85,100.00,47.14,16.97,2103,99136.00
423,423,V2R,*MANUAL*,98,882,81,97.00,39.22,15.67,2103,82486.00
424,424,P3/4R,*MANUAL*,96,837,87,106.00,45.09,18.83,2103,94829.00
425,425,V3R,*MANUAL*,94,779,84,84.00,32.58,14.84,4139,134833.00
426,426,P5/6R,*MANUAL*,92,735,92,109.00,48.15,17.15,2103,101255.00
427,427,V4R,*MANUAL*,90,646,86,83.00,30.30,14.73,4139,125423.00
428,428,P7/8R,*MANUAL*,88,613,93,106.00,31.23,19.51,4139,129273.00
429,429,QR,*MANUAL*,88,580,87,119.00,47.52,16.55,2079,98784.00
430,430,V5R,*MANUAL*,87,522,85,89.00,33.96,15.67,2955,100345.00
431,431,P9/10R,*MANUAL*,86,492,90,89.00,30.67,17.06,2969,91067.00
432,432,V6R,*MANUAL*,87,440,82,66.00,29.47,13.68,2969,87485.00
433,433,ALMR,*MANUAL*,88,824,49,151.00,69.21,27.97,1946,134690.00
434,434,CANR,*MANUAL*,90,747,73,156.00,61.90,23.43,2103,130166.00
435,435,HSNR,*MANUAL*,90,695,90,151.00,77.52,29.07,1365,105810.00
436,436,HYP7RC1,*MANUAL*,98,919,55,77.00,25.09,13.28,4139,103866.00
437,437,HYP7RC2,*MANUAL*,95,825,62,104.00,28.20,13.61,4139,116710.00
438,438,HYP7RC3,*MANUAL*,92,717,70,72.00,22.58,11.13,4139,93472.00
439,439,HYP7RC4,*MANUAL*,91,581,64,82.00,22.30,13.07,4139,92305.00
440,440,HYP7RC5,*MANUAL*,88,472,62,66.00,22.05,11.69,4139,91267.00
441,441,HYP9,*MANUAL*,73,120,71,77.00,33.41,15.11,2039,68127.00
442,442,HYP101,*MANUAL*,73,109,65,94.00,35.93,17.93,2103,75556.00
443,443,HYP102,*MANUAL*,70,73,66,68.00,20.72,16.05,2969,61530.00
444,444,HYP8,*MANUAL*,69,157,61,58.00,27.87,10.48,1973,54989.00
445,445,HYP11,*MANUAL*,71,154,72,84.00,37.05,14.90,2103,77925.00
446,446,HYP72,*MANUAL*,72,180,71,83.00,36.38,17.00,2103,76506.00
447,447,HYP71,*MANUAL*,71,199,80,70.00,26.82,17.15,2969,79627.00
448,448,PVR,*MANUAL*,73,203,65,93.00,39.19,17.01,2057,80617.00
449,449,TR,*MANUAL*,76,229,71,89.00,33.35,17.86,4103,136837.00
450,450,TL,*MANUAL*,63,216,69,76.00,30.52,14.21,4065,124066.00
451,451,PLML,*MANUAL*,63,228,79,96.00,40.55,22.48,2103,85281.00
452,452,PHshl,*MANUAL*,58,248,71,111.00,54.46,22.07,2052,111745.00
453,453,ALNL,*MANUAL*,59,264,64,133.00,66.31,26.20,2067,137059.00
454,454,LUAL,*MANUAL*,55,284,64,133.00,65.82,27.79,1987,130793.00
455,455,PVCL,*MANUAL*,54,277,74,115.00,56.28,23.91,1853,104293.00
456,456,PHBL,*MANUAL*,53,299,69,102.00,62.48,16.50,1341,83785.00
457,457,PHAL,*MANUAL*,54,301,82,112.00,56.72,25.56,1049,59502.00
458,458,PVQL,*MANUAL*,53,317,76,104.00,51.47,17.36,2078,106965.00
459,459,K,*MANUAL*,58,315,61,124.00,61.72,20.36,2169,133879.00
460,460,REPVL,*MANUAL*,52,336,75,122.00,54.35,27.82,1945,105709.00
461,461,SPH,*MANUAL*,52,351,76,115.00,64.74,23.56,1340,86757.00
462,462,PLMR,*MANUAL*,71,242,77,111.00,52.95,21.61,1363,72169.00
463,463,PHshR,*MANUAL*,71,254,72,134.00,74.44,21.82,1363,101459.00
464,464,ALNR,*MANUAL*,74,265,65,131.00,73.94,19.75,1360,100559.00
465,465,LUAR,*MANUAL*,78,285,67,136.00,76.27,25.08,1345,102581.00
466,466,PHBR,*MANUAL*,78,299,69,126.00,68.78,18.19,1315,90443.00
467,467,PHAR,*MANUAL*,76,302,79,123.00,64.29,26.69,1327,85314.00
468,468,PVCR,*MANUAL*,76,275,73,134.00,67.09,30.72,1254,84127.00
469,469,PVQR,*MANUAL*,79,316,74,117.00,56.03,21.13,2023,113356.00
470,470,REPVR,*MANUAL*,79,339,74,118.00,55.27,22.65,2085,115228.00
471,471,VIRL,*MANUAL*,59,347,61,129.00,51.37,27.05,1907,97967.00
472,472,VIRR,*MANUAL*,69,347,65,108.00,50.48,21.97,2080,104997.00
473,473,K',*MANUAL*,76,323,63,131.00,60.11,25.17,1979,118956.00
474,474,REPD,*MANUAL*,66,324,55,136.00,58.03,26.82,2103,122028.00
475,475,F,*MANUAL*,66,312,70,126.00,68.72,23.27,2103,144510.00
476,476,B,*MANUAL*,64,296,82,115.00,44.99,26.25,2969,133572.00
477,477,DVA,*MANUAL*,65,296,64,123.00,68.15,18.79,2103,143313.00
478,478,DVC,*MANUAL*,65,276,76,122.00,61.10,23.11,2103,128492.00
479,479,DEP,*MANUAL*,66,276,62,118.00,58.79,20.56,2103,123644.00
480,480,VR20,*MANUAL*,72,264,82,122.00,52.92,21.03,1197,63345.00
481,481,VL19,*MANUAL*,63,260,83,119.00,53.71,20.41,2103,112952.00
482,482,YPDA,*MANUAL*,63,321,93,102.00,35.62,25.24,2103,74906.00
483,483,U,*MANUAL*,62,331,76,132.00,64.62,20.58,2103,135887.00
484,484,DA8,*MANUAL*,59,340,88,160.00,52.10,28.77,1997,104041.00
485,485,PVPL,*MANUAL*,59,358,90,131.00,58.81,27.89,1895,111446.00
486,486,IML,*MANUAL*,56,381,86,114.00,55.70,20.50,2103,117134.00
487,487,DA9,*MANUAL*,73,335,86,113.00,67.22,18.56,1355,91086.00
488,488,PVPR,*MANUAL*,74,353,85,135.00,65.40,27.68,1990,130141.00
489,489,PVT,*MANUAL*,71,371,90,115.00,54.27,23.36,1726,93672.00
490,490,IMR,*MANUAL*,81,395,86,99.00,40.75,22.78,2103,85687.00
491,491,P11/12R,*MANUAL*,81,367,86,98.00,34.17,19.63,2969,101438.00
492,492,HYP7RC6,*MANUAL*,82,342,60,72.00,24.19,11.46,2969,71832.00
493,493,P11/12L,*MANUAL*,50,364,83,114.00,35.30,20.96,4139,146125.00
494,494,HYP7LC6,*MANUAL*,50,325,61,97.00,27.51,16.73,4139,113844.00
495,495,DL7,*MANUAL*,60,1170,38,227.00,78.82,37.65,1891,149040.00
496,496,*NOUSE*,*NOUSE*,0,0,0,0,0,0,0,0
497,497,HMC,*MANUAL*,63,1134,35,192.00,70.00,43.09,2085,145953.00
498,498,DL8,*MANUAL*,54,1125,43,173.00,73.34,35.86,2103,154237.00
499,499,DL9,*MANUAL*,61,1063,34,163.00,60.98,39.02,2103,128232.00
500,500,DL10,*MANUAL*,60,1030,37,152.00,59.22,33.33,2103,124534.00
501,501,DL11,*MANUAL*,65,976,34,173.00,59.39,42.10,2103,124904.00
502,502,DL12,*MANUAL*,61,917,38,146.00,49.95,30.94,2969,148289.00
503,503,DL13,*MANUAL*,63,854,36,140.00,51.69,33.87,2969,153468.00
504,504,DL14,*MANUAL*,60,787,45,142.00,59.29,31.28,2103,124687.00
505,505,*NOUSE*,*NOUSE*,0,0,0,0,0,0,0,0
506,506,DL21,*MANUAL*,66,240,63,102.00,43.52,21.90,2103,91516.00
507,507,DL20,*MANUAL*,57,399,54,95.00,38.63,19.65,2103,81229.00
508,508,DL19,*MANUAL*,59,437,51,110.00,42.82,24.91,2103,90049.00
509,509,DL18,*MANUAL*,58,505,50,122.00,47.99,25.68,2103,100927.00
510,510,DL17,*MANUAL*,59,577,48,148.00,54.43,28.48,2103,114473.00
511,511,DL16,*MANUAL*,59,635,49,143.00,58.99,27.88,2103,124058.00
512,512,DL15,*MANUAL*,59,737,44,134.00,56.70,26.77,2103,119249.00
513,513,DR7,*MANUAL*,74,1166,35,196.00,79.92,34.37,2103,168067.00
514,514,DR8,*MANUAL*,81,1138,36,194.00,67.37,35.52,2103,141670.00
515,515,DR9,*MANUAL*,80,1101,33,144.00,39.92,31.80,2103,83950.00
516,516,DR10,*MANUAL*,88,1057,38,152.00,67.40,32.93,2103,141732.00
517,517,DR11,*MANUAL*,81,1012,31,148.00,63.33,36.16,2103,133186.00
518,518,DR12,*MANUAL*,87,949,35,143.00,60.97,31.25,2103,128212.00
519,519,DR13,*MANUAL*,84,897,35,141.00,52.86,38.43,2103,111156.00
520,520,DR14,*MANUAL*,85,849,40,135.00,52.40,27.55,2103,110192.00
521,521,DR15,*MANUAL*,83,783,44,128.00,50.60,29.45,2103,106402.00
522,522,DR16,*MANUAL*,81,682,47,111.00,37.95,25.60,2103,79802.00
523,523,DR17,*MANUAL*,81,618,49,129.00,49.10,19.86,2103,103267.00
524,524,DR18,*MANUAL*,80,541,48,108.00,45.23,21.81,2103,95113.00
525,525,DR19,*MANUAL*,78,484,49,109.00,42.65,20.28,2103,89686.00
526,526,DR20,*MANUAL*,78,428,49,112.00,44.49,20.50,2103,93567.00
527,527,DR21,*MANUAL*,73,308,57,107.00,47.64,18.80,2103,100192.00
528,528,VL7,*MANUAL*,58,1152,104,195.00,95.47,38.28,2103,200783.00
529,529,VL8,*MANUAL*,56,1094,103,147.00,57.21,28.13,2969,169852.00
530,530,EXC GL L,*MANUAL*,57,1052,93,220.00,100.11,39.63,2103,210538.00
531,531,VL9,*MANUAL*,62,1036,91,164.00,88.32,31.15,2103,185740.00
532,532,VL10,*MANUAL*,61,1007,92,206.00,93.52,29.03,2103,196667.00
533,533,VL11,*MANUAL*,63,937,97,181.00,69.92,40.71,2103,147044.00
534,534,VL12,*MANUAL*,58,884,93,152.00,61.22,32.69,2103,128751.00
535,535,VL13,*MANUAL*,61,829,98,201.00,68.91,38.96,2103,144920.00
536,536,VL14,*MANUAL*,56,783,92,141.00,62.52,28.38,2103,131473.00
537,537,CCLA,*MANUAL*,56,738,93,195.00,62.91,45.14,2103,132302.00
538,538,CCLP,*MANUAL*,54,673,89,168.00,69.58,38.01,2103,146335.00
539,539,VL15,*MANUAL*,60,718,97,149.00,84.54,25.42,1365,115394.00
540,540,VL16,*MANUAL*,58,638,93,136.00,63.94,29.48,2103,134476.00
541,541,P7/8L,*MANUAL*,51,599,89,117.00,46.87,21.79,2103,98564.00
542,542,VL17,*MANUAL*,58,513,94,110.00,51.46,19.56,2103,108225.00
543,543,VL18,*MANUAL*,60,417,91,104.00,43.14,20.20,2103,90722.00
544,544,VR7,*MANUAL*,86,1167,99,160.00,78.74,28.80,2103,165586.00
545,545,VR8,*MANUAL*,93,1126,94,154.00,80.37,25.42,2103,169016.00
546,546,EXC GL R,*MANUAL*,93,1097,96,177.00,64.66,36.37,2969,191990.00
547,547,VR9,*MANUAL*,89,1054,96,151.00,70.84,29.91,2103,148986.00
548,548,VR10,*MANUAL*,91,1023,95,149.00,77.19,27.64,2103,162327.00
549,549,VR11,*MANUAL*,88,967,99,165.00,71.21,33.70,2025,144202.00
550,550,CCRA,*MANUAL*,94,974,93,180.00,99.02,31.34,1365,135168.00
551,551,CCRP,*MANUAL*,94,949,89,144.00,69.80,27.30,2103,146790.00
552,552,VR12,*MANUAL*,88,909,97,160.00,58.09,29.79,2103,122154.00
553,553,VR13,*MANUAL*,84,867,100,145.00,48.49,31.71,2103,101971.00
554,554,VR14,*MANUAL*,86,807,95,111.00,47.74,23.87,2103,100391.00
555,555,VR15,*MANUAL*,82,748,97,147.00,53.10,27.02,2103,111668.00
556,556,VR16,*MANUAL*,82,673,94,131.00,61.17,24.74,2103,128640.00
557,557,VR17,*MANUAL*,79,587,95,147.00,61.12,31.29,2103,128529.00
558,558,VR18,*MANUAL*,78,529,96,120.00,49.96,26.12,2103,105062.00
559,559,VR19,*MANUAL*,77,427,92,110.00,42.06,27.89,2103,88443.00
560,560,DD6,*MANUAL*,66,345,82,165.00,93.85,26.91,1365,128112.00
561,561,H1R,*MANUAL*,98,1287,59,169.00,62.16,26.98,2969,184554.00
562,562,M,*MANUAL*,82,559,70,80.00,21.22,12.97,4139,87812.00
563,563,hyp7V1,*MANUAL*,44,1345,88,168.00,58.81,25.16,895,52638.00
564,564,F1,*MANUAL*,70,1521,78,33.00, 3.15, 4.11,895,2820.00
565,565,F2,*MANUAL*,70,1418,79,81.00,12.07,10.36,895,10807.00
566,566,F3,*MANUAL*,68,1270,78,21.00, 4.56, 3.08,895,4081.00
567,567,F4,*MANUAL*,70,1234,79,50.00,18.33, 7.47,895,16407.00
568,568,F5,*MANUAL*,70,1203,70,44.00,14.82, 5.94,895,13262.00
569,569,F6,*MANUAL*,70,1110,70,47.00,13.11, 6.00,895,11731.00
570,570,F7,*MANUAL*,69,1069,71,24.00, 6.76, 3.76,895,6051.00
571,571,F8,*MANUAL*,70,287,115,14.00, 4.66, 2.48,895,4168.00
572,572,F9,*MANUAL*,56,1268,74,38.00, 9.47, 6.01,895,8479.00
573,573,F10,*MANUAL*,95,1277,76,79.00, 8.46, 9.36,895,7572.00
