0,0,*NOUSE*,*NOUSE*,0,0,0,0,0,0,0,0
1,1,*NOUSE*,*NOUSE*,0,0,0,0,0,0,0,0
2,2,*NOUSE*,*NOUSE*,0,0,0,0,0,0,0,0
3,3,*NOUSE*,*NOUSE*,0,0,0,0,0,0,0,0
4,4,*NOUSE*,*NOUSE*,0,0,0,0,0,0,0,0
5,5,*NOUSE*,*NOUSE*,0,0,0,0,0,0,0,0
6,6,*NOUSE*,*NOUSE*,0,0,0,0,0,0,0,0
7,7,*NOUSE*,*NOUSE*,0,0,0,0,0,0,0,0
8,8,*NOUSE*,*NOUSE*,0,0,0,0,0,0,0,0
9,9,*NOUSE*,*NOUSE*,0,0,0,0,0,0,0,0
10,10,*NOUSE*,*NOUSE*,0,0,0,0,0,0,0,0
11,11,*NOUSE*,*NOUSE*,0,0,0,0,0,0,0,0
12,12,*NOUSE*,*NOUSE*,0,0,0,0,0,0,0,0
13,13,*NOUSE*,*NOUSE*,0,0,0,0,0,0,0,0
14,14,*NOUSE*,*NOUSE*,0,0,0,0,0,0,0,0
15,15,*NOUSE*,*NOUSE*,0,0,0,0,0,0,0,0
16,16,*NOUSE*,*NOUSE*,0,0,0,0,0,0,0,0
17,17,*NOUSE*,*NOUSE*,0,0,0,0,0,0,0,0
18,18,*NOUSE*,*NOUSE*,0,0,0,0,0,0,0,0
19,19,RMDR,,38,1343,64,237.00,75.05,50.51,3416,256376.00
20,20,*NOUSE*,*NOUSE*,0,0,0,0,0,0,0,0
21,21,*NOUSE*,*NOUSE*,0,0,0,0,0,0,0,0
22,22,*NOUSE*,*NOUSE*,0,0,0,0,0,0,0,0
23,23,*NOUSE*,*NOUSE*,0,0,0,0,0,0,0,0
24,24,*NOUSE*,*NOUSE*,0,0,0,0,0,0,0,0
25,25,*NOUSE*,*NOUSE*,0,0,0,0,0,0,0,0
26,26,*NOUSE*,*NOUSE*,0,0,0,0,0,0,0,0
27,27,HYP7ABR3,,37,1128,76,116.00,38.25,21.43,6398,244714.00
28,28,*NOUSE*,*NOUSE*,0,0,0,0,0,0,0,0
29,29,*NOUSE*,*NOUSE*,0,0,0,0,0,0,0,0
30,30,*NOUSE*,*NOUSE*,0,0,0,0,0,0,0,0
31,31,*NOUSE*,*NOUSE*,0,0,0,0,0,0,0,0
32,32,*NOUSE*,*NOUSE*,0,0,0,0,0,0,0,0
33,33,*NOUSE*,*NOUSE*,0,0,0,0,0,0,0,0
34,34,*NOUSE*,*NOUSE*,0,0,0,0,0,0,0,0
35,35,*NOUSE*,*NOUSE*,0,0,0,0,0,0,0,0
36,36,V1R,,39,1060,72,127.00,38.48,21.95,5733,220604.00
37,37,*NOUSE*,*NOUSE*,0,0,0,0,0,0,0,0
38,38,*NOUSE*,*NOUSE*,0,0,0,0,0,0,0,0
39,39,*NOUSE*,*NOUSE*,0,0,0,0,0,0,0,0
40,40,*NOUSE*,*NOUSE*,0,0,0,0,0,0,0,0
41,41,*NOUSE*,*NOUSE*,0,0,0,0,0,0,0,0
42,42,*NOUSE*,*NOUSE*,0,0,0,0,0,0,0,0
43,43,*NOUSE*,*NOUSE*,0,0,0,0,0,0,0,0
44,44,*NOUSE*,*NOUSE*,0,0,0,0,0,0,0,0
45,45,*NOUSE*,*NOUSE*,0,0,0,0,0,0,0,0
46,46,*NOUSE*,*NOUSE*,0,0,0,0,0,0,0,0
47,47,AMSHR,,42,1230,95,155.00,64.15,31.02,4295,275515.00
48,48,P1/2R,,41,999,52,126.00,40.39,23.92,4848,195820.00
49,49,*NOUSE*,*NOUSE*,0,0,0,0,0,0,0,0
50,50,*NOUSE*,*NOUSE*,0,0,0,0,0,0,0,0
51,51,*NOUSE*,*NOUSE*,0,0,0,0,0,0,0,0
52,52,CANR,,42,793,71,166.00,49.12,33.79,4212,206888.00
53,53,*NOUSE*,*NOUSE*,0,0,0,0,0,0,0,0
54,54,*NOUSE*,*NOUSE*,0,0,0,0,0,0,0,0
55,55,*NOUSE*,*NOUSE*,0,0,0,0,0,0,0,0
56,56,*NOUSE*,*NOUSE*,0,0,0,0,0,0,0,0
57,57,*NOUSE*,*NOUSE*,0,0,0,0,0,0,0,0
58,58,*NOUSE*,*NOUSE*,0,0,0,0,0,0,0,0
59,59,*NOUSE*,*NOUSE*,0,0,0,0,0,0,0,0
60,60,*NOUSE*,*NOUSE*,0,0,0,0,0,0,0,0
61,61,*NOUSE*,*NOUSE*,0,0,0,0,0,0,0,0
62,62,HYP7RC4,,41,675,86,98.00,30.88,15.73,6312,194895.00
63,63,*NOUSE*,*NOUSE*,0,0,0,0,0,0,0,0
64,64,*NOUSE*,*NOUSE*,0,0,0,0,0,0,0,0
65,65,*NOUSE*,*NOUSE*,0,0,0,0,0,0,0,0
66,66,*NOUSE*,*NOUSE*,0,0,0,0,0,0,0,0
67,67,*NOUSE*,*NOUSE*,0,0,0,0,0,0,0,0
68,68,P5/6R,,43,797,52,115.00,41.65,22.77,3355,139728.00
69,69,V3R,,43,833,54,102.00,34.61,18.52,5186,179509.00
70,70,*NOUSE*,*NOUSE*,0,0,0,0,0,0,0,0
71,71,*NOUSE*,*NOUSE*,0,0,0,0,0,0,0,0
72,72,*NOUSE*,*NOUSE*,0,0,0,0,0,0,0,0
73,73,V4R,,42,676,61,96.00,31.53,15.59,5625,177376.00
74,74,*NOUSE*,*NOUSE*,0,0,0,0,0,0,0,0
75,75,*NOUSE*,*NOUSE*,0,0,0,0,0,0,0,0
76,76,*NOUSE*,*NOUSE*,0,0,0,0,0,0,0,0
77,77,*NOUSE*,*NOUSE*,0,0,0,0,0,0,0,0
78,78,*NOUSE*,*NOUSE*,0,0,0,0,0,0,0,0
79,79,*NOUSE*,*NOUSE*,0,0,0,0,0,0,0,0
80,80,*NOUSE*,*NOUSE*,0,0,0,0,0,0,0,0
81,81,*NOUSE*,*NOUSE*,0,0,0,0,0,0,0,0
82,82,*NOUSE*,*NOUSE*,0,0,0,0,0,0,0,0
83,83,*NOUSE*,*NOUSE*,0,0,0,0,0,0,0,0
84,84,*NOUSE*,*NOUSE*,0,0,0,0,0,0,0,0
85,85,*NOUSE*,*NOUSE*,0,0,0,0,0,0,0,0
86,86,V5R,,44,558,63,111.00,35.93,20.41,5627,202192.00
87,87,*NOUSE*,*NOUSE*,0,0,0,0,0,0,0,0
88,88,*NOUSE*,*NOUSE*,0,0,0,0,0,0,0,0
89,89,*NOUSE*,*NOUSE*,0,0,0,0,0,0,0,0
90,90,*NOUSE*,*NOUSE*,0,0,0,0,0,0,0,0
91,91,P9/10R,,45,522,54,119.00,40.41,23.24,5148,208049.00
92,92,*NOUSE*,*NOUSE*,0,0,0,0,0,0,0,0
93,93,*NOUSE*,*NOUSE*,0,0,0,0,0,0,0,0
94,94,*NOUSE*,*NOUSE*,0,0,0,0,0,0,0,0
95,95,*NOUSE*,*NOUSE*,0,0,0,0,0,0,0,0
96,96,*NOUSE*,*NOUSE*,0,0,0,0,0,0,0,0
97,97,*NOUSE*,*NOUSE*,0,0,0,0,0,0,0,0
98,98,*NOUSE*,*NOUSE*,0,0,0,0,0,0,0,0
99,99,*NOUSE*,*NOUSE*,0,0,0,0,0,0,0,0
100,100,*NOUSE*,*NOUSE*,0,0,0,0,0,0,0,0
101,101,*NOUSE*,*NOUSE*,0,0,0,0,0,0,0,0
102,102,*NOUSE*,*NOUSE*,0,0,0,0,0,0,0,0
103,103,*NOUSE*,*NOUSE*,0,0,0,0,0,0,0,0
104,104,*NOUSE*,*NOUSE*,0,0,0,0,0,0,0,0
105,105,*NOUSE*,*NOUSE*,0,0,0,0,0,0,0,0
106,106,*NOUSE*,*NOUSE*,0,0,0,0,0,0,0,0
107,107,*NOUSE*,*NOUSE*,0,0,0,0,0,0,0,0
108,108,ALMR,,48,869,87,168.00,52.58,39.09,4308,226500.00
109,109,*NOUSE*,,38,1377,101,62.00,45.89,10.16,18,826.00
110,110,*NOUSE*,*NOUSE*,0,0,0,0,0,0,0,0
111,111,*NOUSE*,*NOUSE*,0,0,0,0,0,0,0,0
112,112,CCRA,,49,1040,50,202.00,51.36,41.58,4131,212187.00
113,113,*NOUSE*,*NOUSE*,0,0,0,0,0,0,0,0
114,114,*NOUSE*,*NOUSE*,0,0,0,0,0,0,0,0
115,115,*NOUSE*,*NOUSE*,0,0,0,0,0,0,0,0
116,116,*NOUSE*,*NOUSE*,0,0,0,0,0,0,0,0
117,117,*NOUSE*,*NOUSE*,0,0,0,0,0,0,0,0
118,118,*NOUSE*,*NOUSE*,0,0,0,0,0,0,0,0
119,119,*NOUSE*,*NOUSE*,0,0,0,0,0,0,0,0
120,120,*NOUSE*,*NOUSE*,0,0,0,0,0,0,0,0
121,121,AIBR,,47,1304,71,227.00,96.52,51.32,3090,298243.00
122,122,*NOUSE*,*NOUSE*,0,0,0,0,0,0,0,0
123,123,*NOUSE*,*NOUSE*,0,0,0,0,0,0,0,0
124,124,*NOUSE*,*NOUSE*,0,0,0,0,0,0,0,0
125,125,*NOUSE*,*NOUSE*,0,0,0,0,0,0,0,0
126,126,DR1,,46,1552,89,150.00,55.14,32.86,4624,254969.00
127,127,DR10,,47,1147,100,158.00,53.01,34.29,5441,288405.00
128,128,*NOUSE*,*NOUSE*,0,0,0,0,0,0,0,0
129,129,*NOUSE*,*NOUSE*,0,0,0,0,0,0,0,0
130,130,*NOUSE*,*NOUSE*,0,0,0,0,0,0,0,0
131,131,*NOUSE*,*NOUSE*,0,0,0,0,0,0,0,0
132,132,*NOUSE*,*NOUSE*,0,0,0,0,0,0,0,0
133,133,*NOUSE*,*NOUSE*,0,0,0,0,0,0,0,0
134,134,*NOUSE*,*NOUSE*,0,0,0,0,0,0,0,0
135,135,*NOUSE*,*NOUSE*,0,0,0,0,0,0,0,0
136,136,*NOUSE*,*NOUSE*,0,0,0,0,0,0,0,0
137,137,*NOUSE*,*NOUSE*,0,0,0,0,0,0,0,0
138,138,*NOUSE*,*NOUSE*,0,0,0,0,0,0,0,0
139,139,*NOUSE*,*NOUSE*,0,0,0,0,0,0,0,0
140,140,CCRP,,50,1018,48,167.00,51.16,37.61,3902,199609.00
141,141,*NOUSE*,*NOUSE*,0,0,0,0,0,0,0,0
142,142,*NOUSE*,*NOUSE*,0,0,0,0,0,0,0,0
143,143,*NOUSE*,*NOUSE*,0,0,0,0,0,0,0,0
144,144,*NOUSE*,*NOUSE*,0,0,0,0,0,0,0,0
145,145,*NOUSE*,*NOUSE*,0,0,0,0,0,0,0,0
146,146,*NOUSE*,*NOUSE*,0,0,0,0,0,0,0,0
147,147,*NOUSE*,*NOUSE*,0,0,0,0,0,0,0,0
148,148,*NOUSE*,*NOUSE*,0,0,0,0,0,0,0,0
149,149,*NOUSE*,*NOUSE*,0,0,0,0,0,0,0,0
150,150,*NOUSE*,*NOUSE*,0,0,0,0,0,0,0,0
151,151,*NOUSE*,*NOUSE*,0,0,0,0,0,0,0,0
152,152,*NOUSE*,*NOUSE*,0,0,0,0,0,0,0,0
153,153,*NOUSE*,*NOUSE*,0,0,0,0,0,0,0,0
154,154,*NOUSE*,*NOUSE*,0,0,0,0,0,0,0,0
155,155,VR7,,49,1261,39,166.00,61.01,33.14,3455,210779.00
156,156,VR9,,51,1161,41,187.00,52.80,33.86,4322,228190.00
157,157,*NOUSE*,*NOUSE*,0,0,0,0,0,0,0,0
158,158,*NOUSE*,*NOUSE*,0,0,0,0,0,0,0,0
159,159,*NOUSE*,*NOUSE*,0,0,0,0,0,0,0,0
160,160,*NOUSE*,*NOUSE*,0,0,0,0,0,0,0,0
161,161,*NOUSE*,*NOUSE*,0,0,0,0,0,0,0,0
162,162,*NOUSE*,*NOUSE*,0,0,0,0,0,0,0,0
163,163,*NOUSE*,*NOUSE*,0,0,0,0,0,0,0,0
164,164,*NOUSE*,*NOUSE*,0,0,0,0,0,0,0,0
165,165,*NOUSE*,*NOUSE*,0,0,0,0,0,0,0,0
166,166,*NOUSE*,*NOUSE*,0,0,0,0,0,0,0,0
167,167,*NOUSE*,*NOUSE*,0,0,0,0,0,0,0,0
168,168,*NOUSE*,*NOUSE*,0,0,0,0,0,0,0,0
169,169,*NOUSE*,*NOUSE*,0,0,0,0,0,0,0,0
170,170,*NOUSE*,*NOUSE*,0,0,0,0,0,0,0,0
171,171,*NOUSE*,*NOUSE*,0,0,0,0,0,0,0,0
172,172,*NOUSE*,*NOUSE*,0,0,0,0,0,0,0,0
173,173,VR16,,53,719,54,136.00,45.75,27.52,4461,204088.00
174,174,*NOUSE*,*NOUSE*,0,0,0,0,0,0,0,0
175,175,*NOUSE*,*NOUSE*,0,0,0,0,0,0,0,0
176,176,*NOUSE*,*NOUSE*,0,0,0,0,0,0,0,0
177,177,*NOUSE*,*NOUSE*,0,0,0,0,0,0,0,0
178,178,*NOUSE*,*NOUSE*,0,0,0,0,0,0,0,0
179,179,*NOUSE*,*NOUSE*,0,0,0,0,0,0,0,0
180,180,*NOUSE*,*NOUSE*,0,0,0,0,0,0,0,0
181,181,*NOUSE*,*NOUSE*,0,0,0,0,0,0,0,0
182,182,*NOUSE*,*NOUSE*,0,0,0,0,0,0,0,0
183,183,*NOUSE*,*NOUSE*,0,0,0,0,0,0,0,0
184,184,*NOUSE*,*NOUSE*,0,0,0,0,0,0,0,0
185,185,DR19,,52,525,97,164.00,50.58,35.16,4301,217565.00
186,186,*NOUSE*,*NOUSE*,0,0,0,0,0,0,0,0
187,187,*NOUSE*,*NOUSE*,0,0,0,0,0,0,0,0
188,188,*NOUSE*,*NOUSE*,0,0,0,0,0,0,0,0
189,189,*NOUSE*,*NOUSE*,0,0,0,0,0,0,0,0
190,190,*NOUSE*,*NOUSE*,0,0,0,0,0,0,0,0
191,191,*NOUSE*,*NOUSE*,0,0,0,0,0,0,0,0
192,192,*NOUSE*,*NOUSE*,0,0,0,0,0,0,0,0
193,193,*NOUSE*,*NOUSE*,0,0,0,0,0,0,0,0
194,194,*NOUSE*,*NOUSE*,0,0,0,0,0,0,0,0
195,195,*NOUSE*,*NOUSE*,0,0,0,0,0,0,0,0
196,196,*NOUSE*,*NOUSE*,0,0,0,0,0,0,0,0
197,197,*NOUSE*,*NOUSE*,0,0,0,0,0,0,0,0
198,198,*NOUSE*,*NOUSE*,0,0,0,0,0,0,0,0
199,199,DR3,,51,1484,97,159.00,59.82,33.22,4306,257600.00
200,200,*NOUSE*,*NOUSE*,0,0,0,0,0,0,0,0
201,201,*NOUSE*,*NOUSE*,0,0,0,0,0,0,0,0
202,202,*NOUSE*,*NOUSE*,0,0,0,0,0,0,0,0
203,203,VR13,,53,932,38,118.00,44.61,26.10,4146,184955.00
204,204,VR11,,54,1064,40,158.00,49.05,32.58,4001,196263.00
205,205,VR15,,54,804,45,127.00,45.23,26.86,3701,167380.00
206,206,*NOUSE*,*NOUSE*,0,0,0,0,0,0,0,0
207,207,VR18,,54,548,52,131.00,41.57,26.19,3893,161850.00
208,208,*NOUSE*,*NOUSE*,0,0,0,0,0,0,0,0
209,209,*NOUSE*,*NOUSE*,0,0,0,0,0,0,0,0
210,210,*NOUSE*,*NOUSE*,0,0,0,0,0,0,0,0
211,211,*NOUSE*,*NOUSE*,0,0,0,0,0,0,0,0
212,212,*NOUSE*,*NOUSE*,0,0,0,0,0,0,0,0
213,213,*NOUSE*,*NOUSE*,0,0,0,0,0,0,0,0
214,214,*NOUSE*,*NOUSE*,0,0,0,0,0,0,0,0
215,215,*NOUSE*,*NOUSE*,0,0,0,0,0,0,0,0
216,216,*NOUSE*,*NOUSE*,0,0,0,0,0,0,0,0
217,217,*NOUSE*,*NOUSE*,0,0,0,0,0,0,0,0
218,218,*NOUSE*,*NOUSE*,0,0,0,0,0,0,0,0
219,219,*NOUSE*,*NOUSE*,0,0,0,0,0,0,0,0
220,220,INV8,,60,501,57,74.00,29.67,12.54,7333,217555.00
221,221,*NOUSE*,*NOUSE*,0,0,0,0,0,0,0,0
222,222,*NOUSE*,*NOUSE*,0,0,0,0,0,0,0,0
223,223,*NOUSE*,*NOUSE*,0,0,0,0,0,0,0,0
224,224,*NOUSE*,*NOUSE*,0,0,0,0,0,0,0,0
225,225,*NOUSE*,*NOUSE*,0,0,0,0,0,0,0,0
226,226,*NOUSE*,*NOUSE*,0,0,0,0,0,0,0,0
227,227,*NOUSE*,*NOUSE*,0,0,0,0,0,0,0,0
228,228,*NOUSE*,*NOUSE*,0,0,0,0,0,0,0,0
229,229,*NOUSE*,*NOUSE*,0,0,0,0,0,0,0,0
230,230,*NOUSE*,*NOUSE*,0,0,0,0,0,0,0,0
231,231,*NOUSE*,*NOUSE*,0,0,0,0,0,0,0,0
232,232,*NOUSE*,*NOUSE*,0,0,0,0,0,0,0,0
233,233,*NOUSE*,*NOUSE*,0,0,0,0,0,0,0,0
234,234,*NOUSE*,*NOUSE*,0,0,0,0,0,0,0,0
235,235,*NOUSE*,*NOUSE*,0,0,0,0,0,0,0,0
236,236,*NOUSE*,*NOUSE*,0,0,0,0,0,0,0,0
237,237,*NOUSE*,*NOUSE*,0,0,0,0,0,0,0,0
238,238,*NOUSE*,*NOUSE*,0,0,0,0,0,0,0,0
239,239,*NOUSE*,*NOUSE*,0,0,0,0,0,0,0,0
240,240,*NOUSE*,*NOUSE*,0,0,0,0,0,0,0,0
241,241,*NOUSE*,*NOUSE*,0,0,0,0,0,0,0,0
242,242,*NOUSE*,*NOUSE*,0,0,0,0,0,0,0,0
243,243,*NOUSE*,*NOUSE*,0,0,0,0,0,0,0,0
244,244,*NOUSE*,*NOUSE*,0,0,0,0,0,0,0,0
245,245,*NOUSE*,*NOUSE*,0,0,0,0,0,0,0,0
246,246,*NOUSE*,*NOUSE*,0,0,0,0,0,0,0,0
247,247,*NOUSE*,*NOUSE*,0,0,0,0,0,0,0,0
248,248,*NOUSE*,*NOUSE*,0,0,0,0,0,0,0,0
249,249,*NOUSE*,*NOUSE*,0,0,0,0,0,0,0,0
250,250,*NOUSE*,*NOUSE*,0,0,0,0,0,0,0,0
251,251,*NOUSE*,*NOUSE*,0,0,0,0,0,0,0,0
252,252,*NOUSE*,*NOUSE*,0,0,0,0,0,0,0,0
253,253,*NOUSE*,*NOUSE*,0,0,0,0,0,0,0,0
254,254,*NOUSE*,*NOUSE*,0,0,0,0,0,0,0,0
255,255,*NOUSE*,*NOUSE*,0,0,0,0,0,0,0,0
256,256,*NOUSE*,*NOUSE*,0,0,0,0,0,0,0,0
257,257,*NOUSE*,*NOUSE*,0,0,0,0,0,0,0,0
258,258,IND5,,58,813,82,60.00,24.68, 8.30,7189,177401.00
259,259,*NOUSE*,*NOUSE*,0,0,0,0,0,0,0,0
260,260,*NOUSE*,*NOUSE*,0,0,0,0,0,0,0,0
261,261,IND2,,59,1033,96,67.00,28.56,10.80,7780,222170.00
262,262,*NOUSE*,*NOUSE*,0,0,0,0,0,0,0,0
263,263,*NOUSE*,*NOUSE*,0,0,0,0,0,0,0,0
264,264,*NOUSE*,*NOUSE*,0,0,0,0,0,0,0,0
265,265,*NOUSE*,*NOUSE*,0,0,0,0,0,0,0,0
266,266,I5,,60,1200,53,183.00,70.07,40.45,3828,268226.00
267,267,*NOUSE*,*NOUSE*,0,0,0,0,0,0,0,0
268,268,M3R,,55,1392,66,247.00,93.95,58.90,3158,296683.00
269,269,*NOUSE*,*NOUSE*,0,0,0,0,0,0,0,0
270,270,*NOUSE*,*NOUSE*,0,0,0,0,0,0,0,0
271,271,DR7,,58,1249,105,187.00,76.36,36.79,4572,349135.00
272,272,*NOUSE*,*NOUSE*,0,0,0,0,0,0,0,0
273,273,*NOUSE*,*NOUSE*,0,0,0,0,0,0,0,0
274,274,*NOUSE*,*NOUSE*,0,0,0,0,0,0,0,0
275,275,*NOUSE*,*NOUSE*,0,0,0,0,0,0,0,0
276,276,INV3,,62,963,54,55.00,23.25, 7.74,6975,162201.00
277,277,*NOUSE*,*NOUSE*,0,0,0,0,0,0,0,0
278,278,PM5DR,,58,1231,92,220.00,84.01,41.72,4128,346779.00
279,279,*NOUSE*,*NOUSE*,0,0,0,0,0,0,0,0
280,280,*NOUSE*,*NOUSE*,0,0,0,0,0,0,0,0
281,281,*NOUSE*,*NOUSE*,0,0,0,0,0,0,0,0
282,282,*NOUSE*,*NOUSE*,0,0,0,0,0,0,0,0
283,283,*NOUSE*,*NOUSE*,0,0,0,0,0,0,0,0
284,284,*NOUSE*,*NOUSE*,0,0,0,0,0,0,0,0
285,285,*NOUSE*,*NOUSE*,0,0,0,0,0,0,0,0
286,286,*NOUSE*,*NOUSE*,0,0,0,0,0,0,0,0
287,287,*NOUSE*,*NOUSE*,0,0,0,0,0,0,0,0
288,288,*NOUSE*,*NOUSE*,0,0,0,0,0,0,0,0
289,289,*NOUSE*,*NOUSE*,0,0,0,0,0,0,0,0
290,290,*NOUSE*,*NOUSE*,0,0,0,0,0,0,0,0
291,291,*NOUSE*,*NOUSE*,0,0,0,0,0,0,0,0
292,292,*NOUSE*,*NOUSE*,0,0,0,0,0,0,0,0
293,293,*NOUSE*,*NOUSE*,0,0,0,0,0,0,0,0
294,294,DA3,,63,983,36,129.00,45.33,28.46,4225,191499.00
295,295,*NOUSE*,*NOUSE*,0,0,0,0,0,0,0,0
296,296,*NOUSE*,*NOUSE*,0,0,0,0,0,0,0,0
297,297,*NOUSE*,*NOUSE*,0,0,0,0,0,0,0,0
298,298,INV7,,61,603,58,72.00,24.59, 8.67,7069,173859.00
299,299,*NOUSE*,*NOUSE*,0,0,0,0,0,0,0,0
300,300,*NOUSE*,*NOUSE*,0,0,0,0,0,0,0,0
301,301,*NOUSE*,*NOUSE*,0,0,0,0,0,0,0,0
302,302,HYP6D2,,63,1501,101,168.00,63.21,36.16,4669,295131.00
303,303,*NOUSE*,*NOUSE*,0,0,0,0,0,0,0,0
304,304,*NOUSE*,*NOUSE*,0,0,0,0,0,0,0,0
305,305,*NOUSE*,*NOUSE*,0,0,0,0,0,0,0,0
306,306,DB3,,63,1101,35,150.00,48.78,31.85,4103,200126.00
307,307,*NOUSE*,*NOUSE*,0,0,0,0,0,0,0,0
308,308,*NOUSE*,*NOUSE*,0,0,0,0,0,0,0,0
309,309,*NOUSE*,*NOUSE*,0,0,0,0,0,0,0,0
310,310,*NOUSE*,*NOUSE*,0,0,0,0,0,0,0,0
311,311,*NOUSE*,*NOUSE*,0,0,0,0,0,0,0,0
312,312,*NOUSE*,*NOUSE*,0,0,0,0,0,0,0,0
313,313,*NOUSE*,*NOUSE*,0,0,0,0,0,0,0,0
314,314,*NOUSE*,*NOUSE*,0,0,0,0,0,0,0,0
315,315,*NOUSE*,*NOUSE*,0,0,0,0,0,0,0,0
316,316,*NOUSE*,*NOUSE*,0,0,0,0,0,0,0,0
317,317,*NOUSE*,*NOUSE*,0,0,0,0,0,0,0,0
318,318,DB6,,64,620,40,136.00,46.71,30.39,4326,202071.00
319,319,*NOUSE*,*NOUSE*,0,0,0,0,0,0,0,0
320,320,DA6,,64,588,42,156.00,49.73,34.63,3865,192190.00
321,321,*NOUSE*,*NOUSE*,0,0,0,0,0,0,0,0
322,322,*NOUSE*,*NOUSE*,0,0,0,0,0,0,0,0
323,323,*NOUSE*,*NOUSE*,0,0,0,0,0,0,0,0
324,324,*NOUSE*,*NOUSE*,0,0,0,0,0,0,0,0
325,325,HYP72,,64,187,67,174.00,49.50,35.32,4382,216915.00
326,326,*NOUSE*,*NOUSE*,0,0,0,0,0,0,0,0
327,327,M4,,63,1386,84,203.00,70.99,40.65,4985,353866.00
328,328,*NOUSE*,*NOUSE*,0,0,0,0,0,0,0,0
329,329,*NOUSE*,*NOUSE*,0,0,0,0,0,0,0,0
330,330,*NOUSE*,*NOUSE*,0,0,0,0,0,0,0,0
331,331,*NOUSE*,*NOUSE*,0,0,0,0,0,0,0,0
332,332,*NOUSE*,*NOUSE*,0,0,0,0,0,0,0,0
333,333,*NOUSE*,*NOUSE*,0,0,0,0,0,0,0,0
334,334,*NOUSE*,*NOUSE*,0,0,0,0,0,0,0,0
335,335,*NOUSE*,*NOUSE*,0,0,0,0,0,0,0,0
336,336,*NOUSE*,*NOUSE*,0,0,0,0,0,0,0,0
337,337,*NOUSE*,*NOUSE*,0,0,0,0,0,0,0,0
338,338,*NOUSE*,*NOUSE*,0,0,0,0,0,0,0,0
339,339,*NOUSE*,*NOUSE*,0,0,0,0,0,0,0,0
340,340,DA5,,65,747,39,140.00,44.92,27.85,3762,168996.00
341,341,*NOUSE*,*NOUSE*,0,0,0,0,0,0,0,0
342,342,DD4,,65,683,43,157.00,50.65,33.64,3571,180872.00
343,343,*NOUSE*,*NOUSE*,0,0,0,0,0,0,0,0
344,344,*NOUSE*,*NOUSE*,0,0,0,0,0,0,0,0
345,345,HYP71,,65,206,62,149.00,45.58,31.38,4791,218355.00
346,346,HYP8,,64,163,68,140.00,45.86,29.42,4982,228494.00
347,347,*NOUSE*,*NOUSE*,0,0,0,0,0,0,0,0
348,348,*NOUSE*,*NOUSE*,0,0,0,0,0,0,0,0
349,349,HYP102,,63,65,71,155.00,45.49,31.64,4268,194146.00
350,350,*NOUSE*,*NOUSE*,0,0,0,0,0,0,0,0
351,351,*NOUSE*,*NOUSE*,0,0,0,0,0,0,0,0
352,352,*NOUSE*,*NOUSE*,0,0,0,0,0,0,0,0
353,353,*NOUSE*,*NOUSE*,0,0,0,0,0,0,0,0
354,354,*NOUSE*,*NOUSE*,0,0,0,0,0,0,0,0
355,355,I4,,66,1221,100,206.00,80.07,46.36,3844,307799.00
356,356,*NOUSE*,*NOUSE*,0,0,0,0,0,0,0,0
357,357,*NOUSE*,*NOUSE*,0,0,0,0,0,0,0,0
358,358,*NOUSE*,*NOUSE*,0,0,0,0,0,0,0,0
359,359,*NOUSE*,*NOUSE*,0,0,0,0,0,0,0,0
360,360,DA2,,66,1078,36,173.00,52.74,36.73,3706,195439.00
361,361,DD2,,65,1036,37,152.00,46.88,32.53,4129,193562.00
362,362,DB5,,65,782,39,145.00,44.71,28.20,3842,171792.00
363,363,*NOUSE*,*NOUSE*,0,0,0,0,0,0,0,0
364,364,*NOUSE*,*NOUSE*,0,0,0,0,0,0,0,0
365,365,DB7,,66,483,45,154.00,48.63,33.97,4197,204089.00
366,366,*NOUSE*,*NOUSE*,0,0,0,0,0,0,0,0
367,367,DA7,,66,457,48,146.00,54.06,34.73,4235,228947.00
368,368,*NOUSE*,*NOUSE*,0,0,0,0,0,0,0,0
369,369,*NOUSE*,*NOUSE*,0,0,0,0,0,0,0,0
370,370,*NOUSE*,*NOUSE*,0,0,0,0,0,0,0,0
371,371,*NOUSE*,*NOUSE*,0,0,0,0,0,0,0,0
372,372,E2D,,65,1612,90,146.00,47.27,30.43,4640,219315.00
373,373,*NOUSE*,*NOUSE*,0,0,0,0,0,0,0,0
374,374,*NOUSE*,*NOUSE*,0,0,0,0,0,0,0,0
375,375,*NOUSE*,,61,883,99,64.00,36.57,12.80,47,1719.00
376,376,DD3,,67,843,32,173.00,52.73,35.42,3540,186667.00
377,377,*NOUSE*,*NOUSE*,0,0,0,0,0,0,0,0
378,378,*NOUSE*,*NOUSE*,0,0,0,0,0,0,0,0
379,379,DD5,,68,514,44,174.00,53.16,41.45,4046,215068.00
380,380,*NOUSE*,*NOUSE*,0,0,0,0,0,0,0,0
381,381,*NOUSE*,*NOUSE*,0,0,0,0,0,0,0,0
382,382,HYP4V1,,67,1667,60,138.00,45.99,29.59,4516,207689.00
383,383,*NOUSE*,*NOUSE*,0,0,0,0,0,0,0,0
384,384,*NOUSE*,*NOUSE*,0,0,0,0,0,0,0,0
385,385,HYP4D,,66,1658,96,156.00,46.23,30.45,4715,217968.00
386,386,*NOUSE*,*NOUSE*,0,0,0,0,0,0,0,0
387,387,*NOUSE*,*NOUSE*,0,0,0,0,0,0,0,0
388,388,*NOUSE*,*NOUSE*,0,0,0,0,0,0,0,0
389,389,*NOUSE*,*NOUSE*,0,0,0,0,0,0,0,0
390,390,*NOUSE*,*NOUSE*,0,0,0,0,0,0,0,0
391,391,*NOUSE*,*NOUSE*,0,0,0,0,0,0,0,0
392,392,*NOUSE*,*NOUSE*,0,0,0,0,0,0,0,0
393,393,*NOUSE*,*NOUSE*,0,0,0,0,0,0,0,0
394,394,VL11,,70,1009,40,124.00,42.83,25.39,4259,182410.00
395,395,Z4,,68,714,54,142.00,48.19,27.37,3219,155130.00
396,396,*NOUSE*,*NOUSE*,0,0,0,0,0,0,0,0
397,397,*NOUSE*,*NOUSE*,0,0,0,0,0,0,0,0
398,398,*NOUSE*,*NOUSE*,0,0,0,0,0,0,0,0
399,399,HYP11,,67,153,78,128.00,41.47,24.70,4515,187256.00
400,400,*NOUSE*,*NOUSE*,0,0,0,0,0,0,0,0
401,401,*NOUSE*,*NOUSE*,0,0,0,0,0,0,0,0
402,402,*NOUSE*,*NOUSE*,0,0,0,0,0,0,0,0
403,403,*NOUSE*,*NOUSE*,0,0,0,0,0,0,0,0
404,404,*NOUSE*,*NOUSE*,0,0,0,0,0,0,0,0
405,405,*NOUSE*,*NOUSE*,0,0,0,0,0,0,0,0
406,406,*NOUSE*,*NOUSE*,0,0,0,0,0,0,0,0
407,407,*NOUSE*,*NOUSE*,0,0,0,0,0,0,0,0
408,408,*NOUSE*,*NOUSE*,0,0,0,0,0,0,0,0
409,409,*NOUSE*,*NOUSE*,0,0,0,0,0,0,0,0
410,410,*NOUSE*,*NOUSE*,0,0,0,0,0,0,0,0
411,411,VL13,,72,881,37,131.00,43.30,26.53,4310,186637.00
412,412,*NOUSE*,*NOUSE*,0,0,0,0,0,0,0,0
413,413,*NOUSE*,*NOUSE*,0,0,0,0,0,0,0,0
414,414,*NOUSE*,*NOUSE*,0,0,0,0,0,0,0,0
415,415,INV2,,72,1043,52,62.00,25.75, 9.66,6806,175287.00
416,416,*NOUSE*,*NOUSE*,0,0,0,0,0,0,0,0
417,417,*NOUSE*,*NOUSE*,0,0,0,0,0,0,0,0
418,418,*NOUSE*,*NOUSE*,0,0,0,0,0,0,0,0
419,419,*NOUSE*,*NOUSE*,0,0,0,0,0,0,0,0
420,420,VL15,,72,765,46,132.00,43.04,24.40,4608,198337.00
421,421,*NOUSE*,*NOUSE*,0,0,0,0,0,0,0,0
422,422,*NOUSE*,*NOUSE*,0,0,0,0,0,0,0,0
423,423,*NOUSE*,*NOUSE*,0,0,0,0,0,0,0,0
424,424,*NOUSE*,*NOUSE*,0,0,0,0,0,0,0,0
425,425,*NOUSE*,*NOUSE*,0,0,0,0,0,0,0,0
426,426,*NOUSE*,*NOUSE*,0,0,0,0,0,0,0,0
427,427,*NOUSE*,*NOUSE*,0,0,0,0,0,0,0,0
428,428,*NOUSE*,*NOUSE*,0,0,0,0,0,0,0,0
429,429,*NOUSE*,*NOUSE*,0,0,0,0,0,0,0,0
430,430,DL17,,70,617,97,136.00,46.09,27.07,4592,211626.00
431,431,*NOUSE*,*NOUSE*,0,0,0,0,0,0,0,0
432,432,*NOUSE*,*NOUSE*,0,0,0,0,0,0,0,0
433,433,*NOUSE*,*NOUSE*,0,0,0,0,0,0,0,0
434,434,*NOUSE*,,63,700,105,59.00,34.80, 9.58,81,2819.00
435,435,*NOUSE*,*NOUSE*,0,0,0,0,0,0,0,0
436,436,*NOUSE*,*NOUSE*,0,0,0,0,0,0,0,0
437,437,*NOUSE*,*NOUSE*,0,0,0,0,0,0,0,0
438,438,*NOUSE*,*NOUSE*,0,0,0,0,0,0,0,0
439,439,*NOUSE*,*NOUSE*,0,0,0,0,0,0,0,0
440,440,*NOUSE*,*NOUSE*,0,0,0,0,0,0,0,0
441,441,*NOUSE*,*NOUSE*,0,0,0,0,0,0,0,0
442,442,DL10,,73,1079,111,164.00,50.48,33.14,5093,257085.00
443,443,VL16,,73,692,50,120.00,41.76,24.61,4173,174247.00
444,444,*NOUSE*,*NOUSE*,0,0,0,0,0,0,0,0
445,445,*NOUSE*,*NOUSE*,0,0,0,0,0,0,0,0
446,446,*NOUSE*,*NOUSE*,0,0,0,0,0,0,0,0
447,447,*NOUSE*,*NOUSE*,0,0,0,0,0,0,0,0
448,448,*NOUSE*,*NOUSE*,0,0,0,0,0,0,0,0
449,449,*NOUSE*,,67,1448,57,82.00,45.85,13.39,65,2980.00
450,450,*NOUSE*,*NOUSE*,0,0,0,0,0,0,0,0
451,451,*NOUSE*,*NOUSE*,0,0,0,0,0,0,0,0
452,452,*NOUSE*,*NOUSE*,0,0,0,0,0,0,0,0
453,453,*NOUSE*,*NOUSE*,0,0,0,0,0,0,0,0
454,454,*NOUSE*,*NOUSE*,0,0,0,0,0,0,0,0
455,455,E2VL,,73,1611,66,137.00,44.39,28.62,5122,227340.00
456,456,*NOUSE*,*NOUSE*,0,0,0,0,0,0,0,0
457,457,M3L,,71,1393,66,233.00,80.88,49.62,3435,277814.00
458,458,*NOUSE*,*NOUSE*,0,0,0,0,0,0,0,0
459,459,*NOUSE*,*NOUSE*,0,0,0,0,0,0,0,0
460,460,*NOUSE*,*NOUSE*,0,0,0,0,0,0,0,0
461,461,*NOUSE*,*NOUSE*,0,0,0,0,0,0,0,0
462,462,*NOUSE*,*NOUSE*,0,0,0,0,0,0,0,0
463,463,*NOUSE*,*NOUSE*,0,0,0,0,0,0,0,0
464,464,*NOUSE*,*NOUSE*,0,0,0,0,0,0,0,0
465,465,*NOUSE*,*NOUSE*,0,0,0,0,0,0,0,0
466,466,*NOUSE*,*NOUSE*,0,0,0,0,0,0,0,0
467,467,*NOUSE*,*NOUSE*,0,0,0,0,0,0,0,0
468,468,*NOUSE*,*NOUSE*,0,0,0,0,0,0,0,0
469,469,*NOUSE*,*NOUSE*,0,0,0,0,0,0,0,0
470,470,*NOUSE*,*NOUSE*,0,0,0,0,0,0,0,0
471,471,*NOUSE*,*NOUSE*,0,0,0,0,0,0,0,0
472,472,DL7,,71,1242,108,157.00,69.77,32.18,4660,325149.00
473,473,*NOUSE*,*NOUSE*,0,0,0,0,0,0,0,0
474,474,*NOUSE*,*NOUSE*,0,0,0,0,0,0,0,0
475,475,*NOUSE*,*NOUSE*,0,0,0,0,0,0,0,0
476,476,*NOUSE*,*NOUSE*,0,0,0,0,0,0,0,0
477,477,*NOUSE*,*NOUSE*,0,0,0,0,0,0,0,0
478,478,*NOUSE*,*NOUSE*,0,0,0,0,0,0,0,0
479,479,*NOUSE*,*NOUSE*,0,0,0,0,0,0,0,0
480,480,*NOUSE*,*NOUSE*,0,0,0,0,0,0,0,0
481,481,*NOUSE*,*NOUSE*,0,0,0,0,0,0,0,0
482,482,*NOUSE*,*NOUSE*,0,0,0,0,0,0,0,0
483,483,*NOUSE*,*NOUSE*,0,0,0,0,0,0,0,0
484,484,DL18,,74,539,97,140.00,40.64,25.42,5930,240971.00
485,485,*NOUSE*,*NOUSE*,0,0,0,0,0,0,0,0
486,486,*NOUSE*,*NOUSE*,0,0,0,0,0,0,0,0
487,487,*NOUSE*,*NOUSE*,0,0,0,0,0,0,0,0
488,488,*NOUSE*,*NOUSE*,0,0,0,0,0,0,0,0
489,489,*NOUSE*,*NOUSE*,0,0,0,0,0,0,0,0
490,490,*NOUSE*,*NOUSE*,0,0,0,0,0,0,0,0
491,491,*NOUSE*,*NOUSE*,0,0,0,0,0,0,0,0
492,492,*NOUSE*,*NOUSE*,0,0,0,0,0,0,0,0
493,493,*NOUSE*,*NOUSE*,0,0,0,0,0,0,0,0
494,494,*NOUSE*,*NOUSE*,0,0,0,0,0,0,0,0
495,495,*NOUSE*,*NOUSE*,0,0,0,0,0,0,0,0
496,496,*NOUSE*,*NOUSE*,0,0,0,0,0,0,0,0
497,497,IND9,,75,389,88,81.00,29.98,12.61,6199,185872.00
498,498,*NOUSE*,*NOUSE*,0,0,0,0,0,0,0,0
499,499,*NOUSE*,*NOUSE*,0,0,0,0,0,0,0,0
500,500,*NOUSE*,*NOUSE*,0,0,0,0,0,0,0,0
501,501,DL11,,74,1018,109,136.00,44.21,27.35,5514,243748.00
502,502,*NOUSE*,*NOUSE*,0,0,0,0,0,0,0,0
503,503,*NOUSE*,*NOUSE*,0,0,0,0,0,0,0,0
504,504,*NOUSE*,*NOUSE*,0,0,0,0,0,0,0,0
505,505,*NOUSE*,*NOUSE*,0,0,0,0,0,0,0,0
506,506,*NOUSE*,*NOUSE*,0,0,0,0,0,0,0,0
507,507,*NOUSE*,*NOUSE*,0,0,0,0,0,0,0,0
508,508,*NOUSE*,*NOUSE*,0,0,0,0,0,0,0,0
509,509,PM5DL,,72,1232,91,192.00,87.17,39.13,2908,253480.00
510,510,*NOUSE*,*NOUSE*,0,0,0,0,0,0,0,0
511,511,*NOUSE*,*NOUSE*,0,0,0,0,0,0,0,0
512,512,*NOUSE*,*NOUSE*,0,0,0,0,0,0,0,0
513,513,*NOUSE*,*NOUSE*,0,0,0,0,0,0,0,0
514,514,*NOUSE*,*NOUSE*,0,0,0,0,0,0,0,0
515,515,*NOUSE*,*NOUSE*,0,0,0,0,0,0,0,0
516,516,*NOUSE*,*NOUSE*,0,0,0,0,0,0,0,0
517,517,*NOUSE*,*NOUSE*,0,0,0,0,0,0,0,0
518,518,*NOUSE*,*NOUSE*,0,0,0,0,0,0,0,0
519,519,*NOUSE*,*NOUSE*,0,0,0,0,0,0,0,0
520,520,*NOUSE*,*NOUSE*,0,0,0,0,0,0,0,0
521,521,*NOUSE*,*NOUSE*,0,0,0,0,0,0,0,0
522,522,*NOUSE*,*NOUSE*,0,0,0,0,0,0,0,0
523,523,*NOUSE*,*NOUSE*,0,0,0,0,0,0,0,0
524,524,*NOUSE*,*NOUSE*,0,0,0,0,0,0,0,0
525,525,*NOUSE*,*NOUSE*,0,0,0,0,0,0,0,0
526,526,*NOUSE*,*NOUSE*,0,0,0,0,0,0,0,0
527,527,*NOUSE*,*NOUSE*,0,0,0,0,0,0,0,0
528,528,*NOUSE*,*NOUSE*,0,0,0,0,0,0,0,0
529,529,SMBDL,,76,1294,44,213.00,98.13,48.86,2471,242474.00
530,530,*NOUSE*,*NOUSE*,0,0,0,0,0,0,0,0
531,531,*NOUSE*,*NOUSE*,0,0,0,0,0,0,0,0
532,532,*NOUSE*,*NOUSE*,0,0,0,0,0,0,0,0
533,533,*NOUSE*,*NOUSE*,0,0,0,0,0,0,0,0
534,534,*NOUSE*,*NOUSE*,0,0,0,0,0,0,0,0
535,535,*NOUSE*,*NOUSE*,0,0,0,0,0,0,0,0
536,536,*NOUSE*,*NOUSE*,0,0,0,0,0,0,0,0
537,537,*NOUSE*,*NOUSE*,0,0,0,0,0,0,0,0
538,538,*NOUSE*,*NOUSE*,0,0,0,0,0,0,0,0
539,539,*NOUSE*,*NOUSE*,0,0,0,0,0,0,0,0
540,540,*NOUSE*,*NOUSE*,0,0,0,0,0,0,0,0
541,541,*NOUSE*,*NOUSE*,0,0,0,0,0,0,0,0
542,542,*NOUSE*,*NOUSE*,0,0,0,0,0,0,0,0
543,543,*NOUSE*,*NOUSE*,0,0,0,0,0,0,0,0
544,544,*NOUSE*,*NOUSE*,0,0,0,0,0,0,0,0
545,545,*NOUSE*,*NOUSE*,0,0,0,0,0,0,0,0
546,546,*NOUSE*,*NOUSE*,0,0,0,0,0,0,0,0
547,547,*NOUSE*,*NOUSE*,0,0,0,0,0,0,0,0
548,548,ALML,,84,892,87,106.00,39.83,22.52,5038,200643.00
549,549,*NOUSE*,*NOUSE*,0,0,0,0,0,0,0,0
550,550,*NOUSE*,*NOUSE*,0,0,0,0,0,0,0,0
551,551,*NOUSE*,*NOUSE*,0,0,0,0,0,0,0,0
552,552,*NOUSE*,*NOUSE*,0,0,0,0,0,0,0,0
553,553,CCLP,,80,789,48,154.00,45.29,30.81,3724,168662.00
554,554,P7/8L,,80,615,51,109.00,36.63,19.59,5419,198472.00
555,555,*NOUSE*,*NOUSE*,0,0,0,0,0,0,0,0
556,556,*NOUSE*,*NOUSE*,0,0,0,0,0,0,0,0
557,557,*NOUSE*,*NOUSE*,0,0,0,0,0,0,0,0
558,558,VPI2DL,,80,1145,73,171.00,52.75,35.97,4451,234798.00
559,559,*NOUSE*,*NOUSE*,0,0,0,0,0,0,0,0
560,560,*NOUSE*,*NOUSE*,0,0,0,0,0,0,0,0
561,561,INDL1,,79,1092,91,85.00,31.04,13.53,6338,196704.00
562,562,*NOUSE*,*NOUSE*,0,0,0,0,0,0,0,0
563,563,HSNL,,81,716,57,169.00,54.08,36.43,4636,250714.00
564,564,*NOUSE*,*NOUSE*,0,0,0,0,0,0,0,0
565,565,*NOUSE*,*NOUSE*,0,0,0,0,0,0,0,0
566,566,*NOUSE*,*NOUSE*,0,0,0,0,0,0,0,0
567,567,*NOUSE*,*NOUSE*,0,0,0,0,0,0,0,0
568,568,*NOUSE*,*NOUSE*,0,0,0,0,0,0,0,0
569,569,*NOUSE*,*NOUSE*,0,0,0,0,0,0,0,0
570,570,*NOUSE*,*NOUSE*,0,0,0,0,0,0,0,0
571,571,*NOUSE*,*NOUSE*,0,0,0,0,0,0,0,0
572,572,*NOUSE*,*NOUSE*,0,0,0,0,0,0,0,0
573,573,QL,,83,533,81,126.00,42.25,24.62,7386,312089.00
574,574,*NOUSE*,*NOUSE*,0,0,0,0,0,0,0,0
575,575,*NOUSE*,*NOUSE*,0,0,0,0,0,0,0,0
576,576,*NOUSE*,*NOUSE*,0,0,0,0,0,0,0,0
577,577,*NOUSE*,*NOUSE*,0,0,0,0,0,0,0,0
578,578,*NOUSE*,*NOUSE*,0,0,0,0,0,0,0,0
579,579,CCLA,,84,806,50,151.00,47.37,33.40,3345,158442.00
580,580,*NOUSE*,*NOUSE*,0,0,0,0,0,0,0,0
581,581,*NOUSE*,*NOUSE*,0,0,0,0,0,0,0,0
582,582,*NOUSE*,*NOUSE*,0,0,0,0,0,0,0,0
583,583,HYP7LC5,,81,492,87,86.00,30.23,14.63,5647,170698.00
584,584,*NOUSE*,*NOUSE*,0,0,0,0,0,0,0,0
585,585,*NOUSE*,*NOUSE*,0,0,0,0,0,0,0,0
586,586,*NOUSE*,*NOUSE*,0,0,0,0,0,0,0,0
587,587,*NOUSE*,*NOUSE*,0,0,0,0,0,0,0,0
588,588,*NOUSE*,*NOUSE*,0,0,0,0,0,0,0,0
589,589,*NOUSE*,*NOUSE*,0,0,0,0,0,0,0,0
590,590,*NOUSE*,*NOUSE*,0,0,0,0,0,0,0,0
591,591,*NOUSE*,*NOUSE*,0,0,0,0,0,0,0,0
592,592,*NOUSE*,*NOUSE*,0,0,0,0,0,0,0,0
593,593,*NOUSE*,*NOUSE*,0,0,0,0,0,0,0,0
594,594,*NOUSE*,*NOUSE*,0,0,0,0,0,0,0,0
595,595,*NOUSE*,*NOUSE*,0,0,0,0,0,0,0,0
596,596,*NOUSE*,*NOUSE*,0,0,0,0,0,0,0,0
597,597,*NOUSE*,*NOUSE*,0,0,0,0,0,0,0,0
598,598,P1/2L,,86,1003,48,111.00,36.82,18.98,4638,170781.00
599,599,V2L,,86,959,54,79.00,29.67,13.24,3974,117892.00
600,600,*NOUSE*,*NOUSE*,0,0,0,0,0,0,0,0
601,601,BDUL,,87,1113,61,165.00,50.42,37.24,3754,189291.00
602,602,*NOUSE*,*NOUSE*,0,0,0,0,0,0,0,0
603,603,*NOUSE*,*NOUSE*,0,0,0,0,0,0,0,0
604,604,*NOUSE*,*NOUSE*,0,0,0,0,0,0,0,0
605,605,*NOUSE*,*NOUSE*,0,0,0,0,0,0,0,0
606,606,*NOUSE*,*NOUSE*,0,0,0,0,0,0,0,0
607,607,*NOUSE*,*NOUSE*,0,0,0,0,0,0,0,0
608,608,*NOUSE*,*NOUSE*,0,0,0,0,0,0,0,0
609,609,*NOUSE*,*NOUSE*,0,0,0,0,0,0,0,0
610,610,*NOUSE*,*NOUSE*,0,0,0,0,0,0,0,0
611,611,*NOUSE*,*NOUSE*,0,0,0,0,0,0,0,0
612,612,*NOUSE*,*NOUSE*,0,0,0,0,0,0,0,0
613,613,*NOUSE*,*NOUSE*,0,0,0,0,0,0,0,0
614,614,*NOUSE*,*NOUSE*,0,0,0,0,0,0,0,0
615,615,RMGL,,86,1213,58,194.00,64.92,38.19,3926,254880.00
616,616,*NOUSE*,*NOUSE*,0,0,0,0,0,0,0,0
617,617,*NOUSE*,*NOUSE*,0,0,0,0,0,0,0,0
618,618,*NOUSE*,*NOUSE*,0,0,0,0,0,0,0,0
619,619,*NOUSE*,*NOUSE*,0,0,0,0,0,0,0,0
620,620,*NOUSE*,*NOUSE*,0,0,0,0,0,0,0,0
621,621,*NOUSE*,*NOUSE*,0,0,0,0,0,0,0,0
622,622,*NOUSE*,*NOUSE*,0,0,0,0,0,0,0,0
623,623,*NOUSE*,*NOUSE*,0,0,0,0,0,0,0,0
624,624,*NOUSE*,*NOUSE*,0,0,0,0,0,0,0,0
625,625,*NOUSE*,*NOUSE*,0,0,0,0,0,0,0,0
626,626,*NOUSE*,*NOUSE*,0,0,0,0,0,0,0,0
627,627,CANL,,88,746,73,125.00,43.70,25.54,4201,183591.00
628,628,*NOUSE*,*NOUSE*,0,0,0,0,0,0,0,0
629,629,*NOUSE*,*NOUSE*,0,0,0,0,0,0,0,0
630,630,*NOUSE*,*NOUSE*,0,0,0,0,0,0,0,0
631,631,*NOUSE*,*NOUSE*,0,0,0,0,0,0,0,0
632,632,*NOUSE*,*NOUSE*,0,0,0,0,0,0,0,0
633,633,*NOUSE*,*NOUSE*,0,0,0,0,0,0,0,0
634,634,*NOUSE*,*NOUSE*,0,0,0,0,0,0,0,0
635,635,*NOUSE*,*NOUSE*,0,0,0,0,0,0,0,0
636,636,*NOUSE*,*NOUSE*,0,0,0,0,0,0,0,0
637,637,RMDVL,,88,1357,75,164.00,56.24,34.38,3953,222335.00
638,638,*NOUSE*,*NOUSE*,0,0,0,0,0,0,0,0
639,639,*NOUSE*,*NOUSE*,0,0,0,0,0,0,0,0
640,640,AMSHL,,85,1230,90,128.00,59.83,24.35,3435,205532.00
641,641,*NOUSE*,*NOUSE*,0,0,0,0,0,0,0,0
642,642,*NOUSE*,*NOUSE*,0,0,0,0,0,0,0,0
643,643,*NOUSE*,*NOUSE*,0,0,0,0,0,0,0,0
644,644,*NOUSE*,*NOUSE*,0,0,0,0,0,0,0,0
645,645,*NOUSE*,*NOUSE*,0,0,0,0,0,0,0,0
646,646,*NOUSE*,*NOUSE*,0,0,0,0,0,0,0,0
647,647,HYP7LC3,,88,780,80,56.00,25.54, 8.54,5686,145213.00
648,648,*NOUSE*,*NOUSE*,0,0,0,0,0,0,0,0
649,649,*NOUSE*,*NOUSE*,0,0,0,0,0,0,0,0
650,650,*NOUSE*,*NOUSE*,0,0,0,0,0,0,0,0
651,651,*NOUSE*,*NOUSE*,0,0,0,0,0,0,0,0
652,652,*NOUSE*,*NOUSE*,0,0,0,0,0,0,0,0
653,653,*NOUSE*,*NOUSE*,0,0,0,0,0,0,0,0
654,654,ADESHL,,91,1196,80,186.00,52.71,35.65,4123,217334.00
655,655,*NOUSE*,*NOUSE*,0,0,0,0,0,0,0,0
656,656,*NOUSE*,*NOUSE*,0,0,0,0,0,0,0,0
657,657,*NOUSE*,*NOUSE*,0,0,0,0,0,0,0,0
658,658,*NOUSE*,*NOUSE*,0,0,0,0,0,0,0,0
659,659,*NOUSE*,*NOUSE*,0,0,0,0,0,0,0,0
660,660,*NOUSE*,*NOUSE*,0,0,0,0,0,0,0,0
661,661,*NOUSE*,*NOUSE*,0,0,0,0,0,0,0,0
662,662,*NOUSE*,*NOUSE*,0,0,0,0,0,0,0,0
663,663,*NOUSE*,*NOUSE*,0,0,0,0,0,0,0,0
664,664,*NOUSE*,*NOUSE*,0,0,0,0,0,0,0,0
665,665,*NOUSE*,*NOUSE*,0,0,0,0,0,0,0,0
666,666,DA4,*MANUAL*,65,864,34,147.00,77.83,26.12,1365,106237.00
667,667,INVL1,*MANUAL*,72,1097,55,77.00,37.98,12.13,2103,79863.00
668,668,*NOUSE*,*NOUSE*,0,0,0,0,0,0,0,0
669,669,INVR1,*MANUAL*,51,1095,57,89.00,37.19,14.58,2103,78208.00
670,670,INDR1,*MANUAL*$184$226,53,1099,96,95.00,34.18,15.75,7074,241811.00
671,671,HYP7LC1,*MANUAL*$646$660,89,1037,76,75.00,26.22,11.28,5286,138585.00
672,672,IND3,*MANUAL*,64,974,96,64.00,21.07,10.08,4139,87196.00
673,673,IND4,*MANUAL*,65,888,88,66.00,26.68, 9.54,4095,109259.00
674,674,INV4,*MANUAL*,65,864,53,51.00,15.46, 6.47,2969,45910.00
675,675,INV5,*MANUAL*$454$426,72,772,71,81.00,25.97, 8.78,6743,175104.00
676,676,INV6,*MANUAL*,55,711,73,77.00,27.34,12.83,2969,81164.00
677,677,*NOUSE*,*NOUSE*,0,0,0,0,0,0,0,0
678,678,IND7,*MANUAL*$259$289,60,563,89,64.00,25.83, 9.30,7542,194775.00
679,679,IND8,*MANUAL*,64,458,88,78.00,32.62,14.62,4102,133819.00
680,680,INV9,*MANUAL*,61,403,59,117.00,44.24,17.28,2084,92186.00
681,681,Z1,*MANUAL*,52,779,53,117.00,60.18,20.72,1365,82150.00
682,682,*NOUSE*,*NOUSE*,0,0,0,0,0,0,0,0
683,683,Z2,*MANUAL*$233$682,53,759,59,159.00,43.38,24.40,9579,415565.00
684,684,Z3,*MANUAL*,69,736,58,127.00,62.76,18.41,2969,186333.00
685,685,BDUR,*MANUAL*,41,1089,69,214.00,136.68,34.89,895,122329.00
686,686,HSNR,*MANUAL*,44,713,62,178.00,104.80,37.93,895,93797.00
687,687,HYP7RC1,*MANUAL*$54$55$76,40,1011,81,96.00,31.92,15.85,6428,205153.00
688,688,HYP7RC2,*MANUAL*$51$74,41,900,73,87.00,29.65,14.28,5959,176677.00
689,689,HYP7RC3,*MANUAL*$98$53,40,771,80,93.00,31.88,15.81,6070,193539.00
690,690,HYP7RC5,*MANUAL*$88$97$87,42,502,81,90.00,32.32,16.13,6153,198888.00
691,691,HYP7RC6,*MANUAL*,47,314,78,125.00,41.43,25.43,1364,56508.00
692,692,V2R,*MANUAL*$39$24$82,38,946,56,103.00,32.50,17.18,6399,207953.00
693,693,P3/4R,*MANUAL*$65$80,43,895,49,117.00,39.19,21.18,4376,171515.00
694,694,P7/8R,*MANUAL*,41,633,53,129.00,53.55,26.16,2103,112626.00
695,695,QR,*MANUAL*$63$35,42,644,74,157.00,51.25,32.29,6839,350499.00
696,696,M,*MANUAL*$106$124,46,614,73,91.00,29.63,13.70,6307,186889.00
697,697,V6R,*MANUAL*$96$116$120,45,454,64,111.00,34.74,17.98,6138,213244.00
698,698,P11/12R,*MANUAL*,46,367,58,148.00,70.07,31.01,1365,95647.00
699,699,*NOUSE*,*NOUSE*,0,0,0,0,0,0,0,0
700,700,HYP7ABRD,*MANUAL*$23$30,37,1194,87,140.00,47.86,25.61,5572,266656.00
701,701,HYP7ABLD,*MANUAL*,91,1164,86,135.00,40.30,21.52,2969,119646.00
702,702,*NOUSE*,*NOUSE*,0,0,0,0,0,0,0,0
703,703,HYP7ABLV,*MANUAL*$664$702,91,1163,59,84.00,32.80,13.57,5600,183684.00
704,704,HYP7LC2,*MANUAL*$638$644,87,923,75,78.00,26.66,10.68,4334,115527.00
705,705,HYP7LC4,*MANUAL*$643$603,83,623,77,74.00,27.40,11.61,5378,147336.00
706,706,*NOUSE*,*NOUSE*,0,0,0,0,0,0,0,0
707,707,V1L,*MANUAL*$642$651,90,1092,65,100.00,32.25,16.57,5043,162653.00
708,708,P3/4L,*MANUAL*$641$632,87,900,49,95.00,34.75,17.38,4172,144997.00
709,709,*NOUSE*,*NOUSE*,0,0,0,0,0,0,0,0
710,710,V3L,*MANUAL*,91,843,53,81.00,31.29,15.64,2103,65811.00
711,711,P5/6L,*MANUAL*$613$621,87,768,54,101.00,36.25,18.06,4681,169707.00
712,712,V4L,*MANUAL*$591$588,83,671,57,86.00,30.94,14.66,5403,167185.00
713,713,V5L,*MANUAL*$617$589,82,530,64,103.00,34.32,18.15,5832,200183.00
714,714,P9/10L,*MANUAL*$580$564,81,495,58,119.00,39.27,22.93,5187,203690.00
715,715,V6L,*MANUAL*,83,442,71,110.00,32.48,22.05,2103,68302.00
716,716,P11/12L,*MANUAL*,81,364,65,125.00,61.74,23.34,1286,79392.00
717,717,IML,*MANUAL*$519$582,78,392,61,157.00,44.97,28.91,4939,222100.00
718,718,IMR,*MANUAL*,48,405,60,162.00,80.86,29.86,1365,110373.00
719,719,HYP5R,*MANUAL*$78$77,42,1584,77,135.00,43.37,25.98,5605,243094.00
720,720,DR2,*MANUAL*,47,1515,97,183.00,79.86,34.23,1365,109008.00
721,721,VR1,*MANUAL*,44,1532,63,161.00,67.84,25.61,1365,92606.00
722,722,VR2,*MANUAL*$132$160,47,1507,50,163.00,59.70,32.17,3432,204880.00
723,723,VR3,*MANUAL*$157$172,50,1472,43,171.00,56.26,32.39,4362,245388.00
724,724,HYP5L,*MANUAL*$604$628,85,1596,75,113.00,40.04,21.00,5225,209206.00
725,725,DL1,*MANUAL*$568$595,81,1553,87,134.00,47.87,24.58,5121,245140.00
726,726,VL1,*MANUAL*,85,1547,57,127.00,65.97,23.34,1258,82995.00
727,727,DL2,*MANUAL*,79,1524,96,167.00,78.45,36.55,1337,104881.00
728,728,VL2,*MANUAL*$586$572,80,1512,49,126.00,52.26,23.08,3407,178037.00
729,729,DL3,*MANUAL*$541$562,77,1480,95,156.00,51.16,26.55,4509,230693.00
730,730,VL3,*MANUAL*$530$551,76,1479,41,162.00,55.31,29.95,4094,226457.00
731,731,VL4,*MANUAL*$611$612,85,1430,44,136.00,52.52,23.33,3754,197151.00
732,732,DL4,*MANUAL*$590$620,84,1444,93,143.00,56.48,25.29,3975,224515.00
733,733,VL5,*MANUAL*,75,1376,43,142.00,74.27,26.30,1365,101379.00
734,734,VL6,*MANUAL*,83,1358,47,131.00,65.33,25.33,895,58470.00
735,735,DL5,*MANUAL*,85,1377,99,166.00,91.60,29.88,895,81980.00
736,736,DL6,*MANUAL*,77,1365,107,147.00,91.12,26.27,895,81554.00
737,737,VR4,*MANUAL*$66$67,42,1420,50,149.00,62.43,32.00,3649,227810.00
738,738,VR5,*MANUAL*,49,1365,44,177.00,72.47,37.65,1365,98926.00
739,739,VR6,*MANUAL*,44,1349,51,154.00,56.77,33.46,1365,77496.00
740,740,DR4,*MANUAL*,44,1448,95,185.00,72.88,43.26,1365,99478.00
741,741,DR5,*MANUAL*,52,1383,111,186.00,84.98,43.98,1346,114386.00
742,742,DR6,*MANUAL*,45,1377,102,177.00,95.97,28.09,1357,130226.00
743,743,DR8,*MANUAL*$191$202,51,1215,110,173.00,58.90,33.77,5112,301097.00
744,744,DR9,*MANUAL*$237$227,54,1171,111,158.00,48.86,30.25,5801,283412.00
745,745,DR11,*MANUAL*$228$253,56,1069,110,170.00,54.01,36.58,4925,265978.00
746,746,DR12,*MANUAL*$154$138,50,996,103,160.00,48.75,31.88,4950,241317.00
747,747,DR13,*MANUAL*$201$217,54,945,105,179.00,49.51,33.89,4998,247467.00
748,748,DR14,*MANUAL*,53,887,98,126.00,52.23,29.09,2103,109849.00
749,749,DR15,*MANUAL*$262$270,58,840,98,146.00,48.01,31.31,4425,212463.00
750,750,DR20,*MANUAL*,53,460,96,165.00,68.09,39.86,1365,92949.00
751,751,DR18,*MANUAL*$187$216,52,615,98,158.00,49.11,31.26,4681,229862.00
752,752,DR17,*MANUAL*$251$252,57,705,104,155.00,46.24,27.74,5062,234078.00
753,753,*NOUSE*,*NOUSE*,0,0,0,0,0,0,0,0
754,754,DL8,*MANUAL*$577$585,82,1180,106,159.00,47.34,27.47,5669,268373.00
755,755,DL9,*MANUAL*$514$542,76,1143,105,146.00,50.20,28.88,4890,245487.00
756,756,HMC,*MANUAL*$408$407,68,1222,114,181.00,62.87,33.79,4479,281575.00
757,757,DL12,*MANUAL*,73,963,105,110.00,56.02,21.58,1365,76471.00
758,758,DL13,*MANUAL*,73,894,101,125.00,55.34,26.30,2103,116371.00
759,759,DL14,*MANUAL*$524$571,79,829,98,117.00,39.12,22.09,5119,200277.00
760,760,DL15,*MANUAL*$433$441,73,781,104,130.00,44.74,26.23,4902,219305.00
761,761,DL19,*MANUAL*$431$416,70,482,97,150.00,48.55,31.79,4512,219043.00
762,762,VL7,*MANUAL*$503$527,75,1257,39,164.00,64.93,30.03,3240,210381.00
763,763,VL8,*MANUAL*,81,1198,39,127.00,66.75,25.32,1359,90708.00
764,764,VL9,*MANUAL*$488$502,75,1152,37,151.00,50.90,30.33,4172,212339.00
765,765,VL10,*MANUAL*,78,1111,43,150.00,65.64,27.26,1365,89599.00
766,766,VL12,*MANUAL*,75,950,40,118.00,65.74,21.27,895,58837.00
767,767,DB4,*MANUAL*,65,944,34,125.00,71.15,25.34,1365,97126.00
768,768,VL14,*MANUAL*,80,841,41,152.00,73.54,25.29,1365,100378.00
769,769,VL17,*MANUAL*$444$505,73,558,51,130.00,40.01,23.17,4270,170846.00
770,770,VL18,*MANUAL*,73,444,53,126.00,70.89,22.60,1365,96761.00
771,771,VR8,*MANUAL*,46,1212,43,173.00,97.67,27.99,895,87412.00
772,772,EXC GL R,*MANUAL*,45,1193,46,211.00,110.49,39.03,1365,150815.00
773,773,VR12,*MANUAL*$129$139,48,980,44,128.00,43.05,25.53,4807,206932.00
774,774,VR14,*MANUAL*,54,852,39,113.00,46.92,20.17,2103,98678.00
775,775,VR19,*MANUAL*$242$241,56,446,53,133.00,46.40,26.81,4620,214386.00
776,776,VR17,*MANUAL*,53,638,49,146.00,72.39,26.97,1365,98813.00
777,777,TR,*MANUAL*,56,223,75,130.00,52.35,24.15,1365,71453.00
778,778,PLMR,*MANUAL*,57,239,65,237.00,115.56,45.18,895,103423.00
779,779,PHSHR,*MANUAL*,56,253,73,229.00,120.87,50.39,895,108182.00
780,780,ALNR,*MANUAL*,56,264,79,213.00,126.46,41.47,895,113182.00
781,781,PVCR,*MANUAL*,53,274,70,219.00,136.23,33.64,765,104216.00
782,782,LUAR,*MANUAL*,53,288,71,218.00,147.61,30.43,895,132111.00
783,783,PHAR,*MANUAL*,53,301,59,185.00,126.79,28.09,873,110689.00
784,784,PHBR,*MANUAL*,51,302,69,191.00,133.55,31.47,895,119531.00
785,785,PVQR,*MANUAL*,50,321,62,173.00,111.43,27.95,895,99734.00
786,786,K',*MANUAL*,52,324,76,191.00,129.88,30.80,876,113777.00
787,787,DR21,*MANUAL*,55,326,87,171.00,84.96,33.53,1346,114357.00
788,788,REPVR,*MANUAL*,48,344,67,188.00,119.77,28.52,895,107197.00
789,789,TL,*MANUAL*,70,224,74,125.00,53.72,26.40,1365,73334.00
790,790,PLML,*MANUAL*,70,244,68,196.00,118.91,35.18,892,106066.00
791,791,PHSHL,*MANUAL*,70,254,74,208.00,126.64,38.06,895,113346.00
792,792,ALNL,*MANUAL*,70,266,82,191.00,112.40,39.01,895,100601.00
793,793,PVCL,*MANUAL*,72,275,69,198.00,139.09,21.88,693,96391.00
794,794,LUAL,*MANUAL*,71,286,78,212.00,136.55,33.32,876,119621.00
795,795,PHBL,*MANUAL*,74,298,71,177.00,117.49,20.91,895,105151.00
796,796,PHAL,*MANUAL*,74,302,60,195.00,123.71,27.98,895,110718.00
797,797,PVQL,*MANUAL*,76,318,66,157.00,101.72,20.01,895,91038.00
798,798,REPVL,*MANUAL*,76,339,71,175.00,115.00,30.06,895,102921.00
799,799,SPH,*MANUAL*,74,357,66,197.00,127.71,28.24,895,114303.00
800,800,VIRL,*MANUAL*,73,353,82,154.00,75.35,34.95,895,67440.00
801,801,VIRR,*MANUAL*,55,356,72,164.00,105.21,28.04,895,94160.00
802,802,K,*MANUAL*,71,318,80,150.00,93.64,18.73,1365,127816.00
803,803,REPD,*MANUAL*,65,328,88,190.00,110.63,39.41,895,99015.00
804,804,F,*MANUAL*,63,312,68,195.00,114.79,30.52,1365,156687.00
805,805,B,*MANUAL*,63,290,54,145.00,85.55,25.29,1365,116776.00
806,806,DVA,*MANUAL*,63,296,75,171.00,106.60,22.27,895,95403.00
807,807,DVC,*MANUAL*,63,274,69,207.00,130.49,28.21,1365,178118.00
808,808,DEP,*MANUAL*,62,282,84,163.00,94.05,25.08,1365,128376.00
809,809,YPDA,*MANUAL*,62,327,48,175.00,91.55,37.77,1365,124967.00
810,810,U,*MANUAL*,64,335,66,150.00,91.74,27.52,895,82110.00
811,811,DD6,*MANUAL*,62,351,60,222.00,144.90,35.44,895,129685.00
812,812,DA8,*MANUAL*,69,348,51,199.00,125.08,30.70,895,111943.00
813,813,DA9,*MANUAL*,56,342,52,189.00,108.79,30.04,895,97370.00
814,814,PVPL,*MANUAL*,68,367,52,188.00,120.29,26.70,895,107660.00
815,815,PVPR,*MANUAL*,55,362,53,197.00,138.74,28.19,895,124168.00
816,816,PVT,*MANUAL*,63,384,53,146.00,85.12,23.55,1365,116188.00
817,817,PVR,*MANUAL*,62,207,79,172.00,92.35,31.47,1365,126059.00
818,818,DL21,*MANUAL*,62,246,85,166.00,85.47,33.09,1365,116671.00
819,819,VR20,*MANUAL*,57,258,60,159.00,87.53,35.22,895,78337.00
820,820,VL19,*MANUAL*,69,265,60,156.00,100.85,27.12,895,90265.00
821,821,HYP9,*MANUAL*,64,120,68,155.00,77.13,32.71,895,69029.00
822,822,HYP101,*MANUAL*,64,101,71,166.00,72.00,38.41,895,64441.00
823,823,VPI3D,*MANUAL*,64,1128,80,161.00,84.63,36.87,895,75746.00
824,824,VPI3V,*MANUAL*,58,1140,56,164.00,70.31,37.89,1968,138362.00
825,825,VPI1,*MANUAL*,63,1138,88,151.00,97.51,23.88,895,87275.00
826,826,VPI2V,*MANUAL*,61,1148,49,215.00,138.88,39.33,853,118468.00
827,827,VPI2DR,*MANUAL*,52,1142,79,202.00,115.03,37.46,895,102950.00
828,828,*NOUSE*,*NOUSE*,0,0,0,0,0,0,0,0
829,829,G2R,*MANUAL*,53,1159,61,230.00,123.33,46.53,895,110383.00
830,830,G2L,*MANUAL*,66,1163,51,229.00,125.22,39.41,895,112074.00
831,831,MC3V,*MANUAL*,59,1174,53,179.00,96.08,31.80,895,85996.00
832,832,PM8,*MANUAL*,63,1151,58,179.00,109.24,26.92,895,97766.00
833,833,M5,*MANUAL*,80,1169,91,191.00,111.11,39.64,895,99446.00
834,834,PM7VL,*MANUAL*,80,1173,60,140.00,84.02,19.85,895,75194.00
835,835,PM7VR,*MANUAL*,49,1172,70,161.00,88.76,31.96,895,79444.00
836,836,PM7D,*MANUAL*,70,1172,104,159.00,77.47,23.61,1365,105752.00
837,837,MC3DR,*MANUAL*,51,1171,90,198.00,102.03,35.42,1365,139274.00
838,838,MC3DL,*MANUAL*,82,1175,77,147.00,82.53,28.08,1365,112649.00
839,839,PM6VL,*MANUAL*,78,1197,59,128.00,68.08,23.89,1365,92925.00
840,840,*NOUSE*,*NOUSE*,0,0,0,0,0,0,0,0
841,841,*NOUSE*,*NOUSE*,0,0,0,0,0,0,0,0
842,842,I6,*MANUAL*,79,1201,92,178.00,126.43,27.51,895,113151.00
843,843,M1,*MANUAL*,54,1198,99,206.00,135.04,30.80,895,120857.00
844,844,G1AR,*MANUAL*,49,1210,92,177.00,81.90,34.69,1365,111788.00
845,845,G1AL,*MANUAL*,77,1215,81,169.00,93.92,30.45,1365,128198.00
846,846,M2R,*MANUAL*,50,1216,72,238.00,149.72,51.21,893,133702.00
847,847,M2L,*MANUAL*,73,1216,61,244.00,148.02,34.10,864,127892.00
848,848,PM5VR,*MANUAL*,56,1217,62,218.00,146.54,35.45,881,129103.00
849,849,PM5VL,*MANUAL*,65,1222,59,210.00,128.75,30.44,895,115230.00
850,850,PM5L,*MANUAL*,75,1227,73,199.00,126.97,28.95,895,113641.00
851,851,PM5R,*MANUAL*,52,1227,78,216.00,126.81,35.86,895,113497.00
852,852,MC2V,*MANUAL*,60,1249,60,174.00,102.22,28.21,895,91490.00
853,853,MC2DL,*MANUAL*,70,1241,78,155.00,83.89,24.83,895,75080.00
854,854,MC2DR,*MANUAL*,55,1245,78,202.00,122.42,34.50,895,109566.00
855,855,NSML,*MANUAL*,77,1418,61,202.00,132.41,27.33,895,118511.00
856,856,NSMR,*MANUAL*,48,1421,65,252.00,156.33,53.89,864,135073.00
857,857,I3,*MANUAL*,61,1421,90,239.00,149.43,40.81,895,133740.00
858,858,PM4VL,*MANUAL*,71,1428,55,155.00,86.93,25.03,895,77802.00
859,859,PM4VR,*MANUAL*,57,1423,59,182.00,107.02,28.67,895,95783.00
860,860,PM4L,*MANUAL*,80,1436,72,179.00,100.89,30.56,885,89292.00
861,861,PM4R,*MANUAL*,49,1436,72,234.00,124.56,52.08,895,111478.00
862,862,PM4DL,*MANUAL*,73,1437,91,203.00,120.40,35.57,884,106435.00
863,863,MI,*MANUAL*,63,1437,94,249.00,151.76,53.71,879,133396.00
864,864,PM4DR,*MANUAL*,55,1435,88,220.00,133.85,33.09,895,119799.00
865,865,MCL,*MANUAL*,73,1439,64,239.00,131.24,45.57,861,112998.00
866,866,MCR,*MANUAL*,56,1444,65,252.00,166.75,47.57,481,80205.00
867,867,I2L,*MANUAL*,81,1440,58,209.00,150.77,31.55,893,134639.00
868,868,I2R,*MANUAL*,48,1442,59,252.00,171.42,48.80,895,153424.00
869,869,PM1R,*MANUAL*,50,1459,65,254.00,199.10,47.21,895,178194.00
870,870,PM1L,*MANUAL*,74,1457,65,237.00,158.12,41.07,895,141520.00
871,871,PM1VL,*MANUAL*,75,1461,54,223.00,140.54,47.49,485,68163.00
872,872,PM1VR,*MANUAL*,59,1462,54,204.00,99.04,48.53,895,88645.00
873,873,*NOUSE*,*NOUSE*,0,0,0,0,0,0,0,0
874,874,PM1DL,*MANUAL*,66,1456,89,252.00,150.85,62.16,739,111479.00
875,875,MC1DL,*MANUAL*,73,1458,82,161.00,107.24,19.70,769,82471.00
876,876,MC1DR,*MANUAL*,52,1458,80,207.00,130.52,26.93,825,107675.00
877,877,PM1DR,*MANUAL*,59,1459,87,255.00,166.74,65.41,895,149233.00
878,878,E3D,*MANUAL*,61,1485,90,140.00,62.62,31.38,1365,85482.00
879,879,I1L,*MANUAL*,74,1485,63,175.00,98.70,36.92,895,88337.00
880,880,I1R,*MANUAL*,53,1480,64,220.00,117.49,45.98,895,105150.00
881,881,PM3R,*MANUAL*,51,1497,71,179.00,84.43,45.07,889,75057.00
882,882,PM3L,*MANUAL*,75,1503,70,123.00,60.16,26.15,895,53839.00
883,883,E3VR,*MANUAL*,50,1511,65,172.00,58.72,37.31,895,52552.00
884,884,E3VL,*MANUAL*,76,1516,61,172.00,83.06,37.22,831,69019.00
885,885,PM3DR,*MANUAL*,57,1507,89,122.00,74.14,17.04,895,66356.00
886,886,PM3DL,*MANUAL*,68,1524,89,145.00,74.91,24.66,853,63894.00
887,887,PM3VR,*MANUAL*,57,1541,64,125.00,56.65,23.34,895,50701.00
888,888,PM3VL,*MANUAL*,71,1535,62,151.00,76.71,18.73,895,68657.00
889,889,*NOUSE*,*NOUSE*,0,0,0,0,0,0,0,0
890,890,*NOUSE*,*NOUSE*,0,0,0,0,0,0,0,0
891,891,PM2D2,*MANUAL*,65,1560,89,185.00,95.07,37.15,895,85092.00
892,892,PM2D1,*MANUAL*,65,1580,90,185.00,101.56,35.56,891,90492.00
893,893,PM2VL1,*MANUAL*,76,1584,65,198.00,106.86,45.93,895,95642.00
894,894,PM2VL2,*MANUAL*,77,1570,64,164.00,99.24,27.59,895,88816.00
895,895,E2VR,*MANUAL*,54,1618,69,161.00,58.27,35.81,1365,79544.00
896,896,PM2VR1,*MANUAL*,53,1594,68,206.00,90.94,54.34,895,81389.00
897,897,PM2VR2,*MANUAL*,52,1579,67,233.00,117.07,56.02,895,104777.00
898,898,E1VR,*MANUAL*,51,1555,67,225.00,107.25,45.93,895,95987.00
899,899,E1VL,*MANUAL*,78,1549,63,207.00,110.22,34.46,895,98649.00
900,900,H2L,*MANUAL*,91,1225,72,129.00,64.85,20.81,1364,88460.00
901,901,H1L,*MANUAL*,93,1379,72,116.00,52.00,22.22,1309,68074.00
902,902,H0L,*MANUAL*,90,1485,70,119.00,70.40,20.21,895,63006.00
903,903,H2R,*MANUAL*,37,1218,72,125.00,65.40,20.53,895,58534.00
904,904,H1R,*MANUAL*,33,1382,78,158.00,65.27,31.63,745,48626.00
905,905,H0R,*MANUAL*,35,1479,73,159.00,85.49,31.22,895,76514.00
906,906,ADAL,*MANUAL*,88,1228,55,209.00,118.08,38.79,893,105449.00
907,907,FLPL,*MANUAL*,88,1244,61,197.00,100.04,42.68,895,89539.00
908,908,AVDL,*MANUAL*,88,1257,73,205.00,111.82,40.84,895,100083.00
909,909,ADEL,*MANUAL*,83,1233,64,199.00,131.17,38.09,895,117397.00
910,910,AINL,*MANUAL*,84,1239,76,219.00,139.40,33.21,895,124767.00
911,911,AVJL,*MANUAL*,82,1250,86,214.00,125.84,40.64,895,112627.00
912,912,RICL,*MANUAL*,86,1258,59,173.00,112.59,26.03,895,100770.00
913,913,ASJL,*MANUAL*,87,1276,60,140.00,84.16,26.73,895,75326.00
914,914,ASEL,*MANUAL*,87,1273,79,160.00,97.75,30.82,895,87487.00
915,915,ASHL,*MANUAL*,88,1293,76,155.00,100.99,26.69,895,90385.00
916,916,AUAL,*MANUAL*,88,1295,58,181.00,107.60,38.23,843,90706.00
917,917,AWCL,*MANUAL*,88,1312,65,164.00,104.21,22.38,1331,138703.00
918,918,SIBDL,*MANUAL*,87,1326,59,223.00,130.78,38.70,895,117047.00
919,919,RMDL,*MANUAL*,87,1340,58,187.00,110.32,33.22,895,98737.00
920,920,AFDL,*MANUAL*,87,1316,79,169.00,96.43,32.33,895,86302.00
921,921,AVAL,*MANUAL*,88,1336,73,160.00,111.51,19.51,895,99798.00
922,922,ADESHR,*MANUAL*,39,1197,59,216.00,126.16,40.90,895,112912.00
923,923,RMGR,*MANUAL*,39,1217,57,230.00,144.34,37.30,895,129180.00
924,924,ADAR,*MANUAL*,39,1233,57,232.00,157.47,36.09,849,133694.00
925,925,ADER,*MANUAL*,41,1232,69,237.00,158.09,42.63,895,141495.00
926,926,AINR,*MANUAL*,41,1236,82,223.00,151.68,28.62,895,135750.00
927,927,AVJR,*MANUAL*,41,1250,87,239.00,156.13,47.97,895,139737.00
928,928,FLPR,*MANUAL*,38,1243,69,246.00,169.86,34.22,893,151686.00
929,929,AVDR,*MANUAL*,38,1258,76,253.00,179.34,40.83,895,160508.00
930,930,RICR,*MANUAL*,38,1256,61,216.00,145.54,35.34,895,130255.00
931,931,ASJR,*MANUAL*,38,1275,64,168.00,103.97,24.33,1365,141915.00
932,932,ASER,*MANUAL*,38,1276,82,210.00,129.88,25.52,895,116242.00
933,933,ASHR,*MANUAL*,38,1300,78,192.00,145.60,23.24,895,130311.00
934,934,AUAR,*MANUAL*,38,1297,63,243.00,152.26,35.36,895,136277.00
935,935,AWCR,*MANUAL*,37,1316,66,204.00,143.76,29.72,895,128663.00
936,936,SIBDR,*MANUAL*,39,1329,62,239.00,135.16,55.30,895,120967.00
937,937,AFDR,*MANUAL*,38,1321,80,228.00,151.32,36.96,895,135431.00
938,938,AVAR,*MANUAL*,38,1338,78,222.00,141.68,29.24,895,126808.00
939,939,RMDVR,*MANUAL*,38,1356,82,251.00,158.63,33.47,895,141978.00
940,940,AIZL,*MANUAL*,76,1248,69,219.00,144.72,33.21,895,129520.00
941,941,RIML,*MANUAL*,78,1265,70,193.00,116.14,29.06,895,103944.00
942,942,RIBL,*MANUAL*,78,1281,74,206.00,122.38,31.29,895,109533.00
943,943,AIBL,*MANUAL*,78,1301,70,182.00,119.01,29.33,895,106515.00
944,944,AVEL,*MANUAL*,79,1324,72,179.00,123.95,22.17,895,110933.00
945,945,GLRL,*MANUAL*,77,1332,63,215.00,142.01,30.31,832,118155.00
946,946,AIZR,*MANUAL*,47,1250,71,246.00,172.65,42.46,895,154519.00
947,947,RIMR,*MANUAL*,46,1266,65,243.00,140.36,38.92,895,125621.00
948,948,RIBR,*MANUAL*,47,1281,75,242.00,156.19,41.40,895,139793.00
949,949,AVER,*MANUAL*,47,1327,72,216.00,165.68,30.73,864,143144.00
950,950,GLRR,*MANUAL*,49,1333,64,250.00,176.46,40.83,895,157929.00
951,951,GLRVR,*MANUAL*,57,1338,58,244.00,135.13,56.78,895,120943.00
952,952,GLRVL,*MANUAL*,71,1335,58,239.00,148.35,54.55,895,132769.00
953,953,RID,*MANUAL*,61,1348,109,204.00,126.44,32.97,895,113164.00
954,954,ALA,*MANUAL*,61,1329,108,232.00,122.72,50.71,889,109097.00
955,955,CEPDR,*MANUAL*,51,1329,104,234.00,152.47,40.41,895,136462.00
956,956,CEPDL,*MANUAL*,78,1332,99,247.00,145.81,46.88,878,128022.00
957,957,*NOUSE*,*NOUSE*,0,0,0,0,0,0,0,0
958,958,*NOUSE*,*NOUSE*,0,0,0,0,0,0,0,0
959,959,URXL,*MANUAL*,72,1318,101,213.00,148.83,30.43,895,133203.00
960,960,URXR,*MANUAL*,59,1315,100,242.00,159.35,33.83,895,142622.00
961,961,ASKL,*MANUAL*,70,1300,100,173.00,125.09,21.83,895,111957.00
962,962,ASKR,*MANUAL*,50,1304,100,197.00,117.53,31.55,1365,160428.00
963,963,ADLL,*MANUAL*,67,1279,100,171.00,117.61,22.64,1365,160536.00
964,964,ADLR,*MANUAL*,56,1287,100,194.00,124.41,27.79,1365,169815.00
965,965,ASIL,*MANUAL*,68,1262,94,187.00,145.46,18.14,895,130187.00
966,966,ASIR,*MANUAL*,55,1267,95,231.00,150.55,34.39,1365,205502.00
967,967,RIVL,*MANUAL*,71,1248,95,235.00,161.87,38.23,895,144875.00
968,968,RIVR,*MANUAL*,52,1251,92,250.00,180.02,38.94,895,161119.00
969,969,SMDVL,*MANUAL*,86,1330,86,207.00,126.39,40.90,895,113122.00
970,970,AVHL,*MANUAL*,84,1262,91,206.00,145.02,30.40,895,129790.00
971,971,ASGL,*MANUAL*,80,1277,96,196.00,118.16,40.75,895,105755.00
972,972,AWBL,*MANUAL*,83,1295,92,206.00,136.22,29.91,893,121647.00
973,973,ADFL,*MANUAL*,76,1302,86,176.00,126.80,19.57,895,113487.00
974,974,SMDVR,*MANUAL*,41,1333,89,251.00,152.22,55.97,895,136235.00
975,975,AVHR,*MANUAL*,42,1264,97,249.00,154.08,54.56,895,137903.00
976,976,ASGR,*MANUAL*,44,1279,96,234.00,138.31,46.73,895,123789.00
977,977,AWBR,*MANUAL*,41,1299,92,249.00,168.09,41.70,893,150101.00
978,978,ADFR,*MANUAL*,45,1308,86,222.00,155.34,33.35,895,139025.00
979,979,SAAVL,*MANUAL*,77,1334,86,227.00,156.54,37.87,831,130081.00
980,980,RIAL,*MANUAL*,76,1318,87,202.00,142.44,27.35,895,127487.00
981,981,RIAR,*MANUAL*,51,1321,88,230.00,146.40,44.68,895,131027.00
982,982,SAAVR,*MANUAL*,50,1335,89,253.00,186.28,40.49,839,156293.00
983,983,AVBR,*MANUAL*,49,1263,82,232.00,140.64,46.00,895,125869.00
984,984,AWAR,*MANUAL*,50,1293,87,232.00,154.31,32.21,895,138109.00
985,985,AVBL,*MANUAL*,76,1262,82,217.00,145.42,26.13,895,130149.00
986,986,AWAL,*MANUAL*,76,1287,86,182.00,122.28,32.55,895,109441.00
987,987,RMDDL,*MANUAL*,80,1329,51,219.00,138.38,33.02,895,123854.00
988,988,RMDDR,*MANUAL*,46,1328,45,233.00,135.70,46.65,895,121452.00
989,989,SIBVR,*MANUAL*,45,1315,57,244.00,170.12,34.22,895,152260.00
990,990,SIBVL,*MANUAL*,79,1314,59,224.00,144.23,29.70,895,129088.00
991,991,SMDDL,*MANUAL*,80,1311,44,210.00,122.58,42.42,895,109713.00
992,992,SMDDR,*MANUAL*,48,1309,43,231.00,147.88,30.97,895,132352.00
993,993,SIADR,*MANUAL*,41,1288,53,233.00,126.11,48.89,893,112620.00
994,994,G1,*MANUAL*$335$317,63,1313,32,169.00,59.66,34.87,4269,254686.00
995,995,G2,*MANUAL*,64,1290,40,212.00,135.45,37.21,880,119195.00
996,996,W,*MANUAL*,64,1267,35,189.00,84.13,37.97,1365,114833.00
997,997,RIH,*MANUAL*,62,1317,48,247.00,162.67,37.39,561,91257.00
998,998,SAADL,*MANUAL*,69,1318,48,231.00,162.77,38.96,895,145678.00
999,999,SAADR,*MANUAL*,55,1321,50,252.00,180.72,40.20,895,161746.00
1000,1000,SMBVL,*MANUAL*,72,1304,50,211.00,149.98,32.54,895,134235.00
1001,1001,SMBVR,*MANUAL*,58,1304,47,224.00,159.95,32.55,895,143152.00
1002,1002,RIR,*MANUAL*,51,1304,58,221.00,156.46,29.88,895,140030.00
1003,1003,AIAR,*MANUAL*,58,1286,48,227.00,159.64,28.42,895,142881.00
1004,1004,AIAL,*MANUAL*,69,1289,51,242.00,166.95,28.08,895,149422.00
1005,1005,SIADL,*MANUAL*,79,1293,56,232.00,158.02,27.92,895,141430.00
1006,1006,AVL,*MANUAL*,49,1286,60,212.00,138.18,34.30,895,123668.00
1007,1007,SIAVR,*MANUAL*,48,1275,49,229.00,142.13,47.35,895,127202.00
1008,1008,SIAVL,*MANUAL*,80,1279,49,201.00,119.11,39.09,830,98861.00
1009,1009,EXC,*MANUAL*,65,1262,48,106.00,50.67,15.47,1365,69164.00
1010,1010,EXC DUCT,*MANUAL*,72,1275,55,169.00,97.60,28.81,1365,133229.00
1011,1011,AIMR,*MANUAL*,57,1249,48,243.00,157.42,44.35,892,140418.00
1012,1012,AIML,*MANUAL*,67,1241,48,229.00,164.80,34.98,895,147494.00
1013,1013,AIYL,*MANUAL*,78,1241,51,214.00,140.44,36.78,895,125695.00
1014,1014,SABVR,*MANUAL*,57,1235,41,239.00,167.29,41.16,719,120279.00
1015,1015,AVKL,*MANUAL*,77,1229,49,189.00,130.18,24.95,895,116510.00
1016,1016,RIFR,*MANUAL*,55,1221,40,247.00,150.72,41.78,895,134894.00
1017,1017,SABD,*MANUAL*,57,1208,39,204.00,134.66,39.46,895,120523.00
1018,1018,EXC GL L,*MANUAL*,80,1214,47,179.00,100.15,33.19,895,89630.00
1019,1019,DA1,*MANUAL*,66,1159,32,181.00,109.83,31.39,895,98300.00
1020,1020,RIGR,*MANUAL*,66,1177,33,185.00,112.41,30.08,895,100607.00
1021,1021,DD1,*MANUAL*,64,1195,30,197.00,130.72,27.67,774,101177.00
1022,1022,RIGL,*MANUAL*,71,1199,34,199.00,143.94,27.13,895,128824.00
1023,1023,AVG,*MANUAL*,67,1216,31,194.00,125.06,32.63,895,111927.00
1024,1024,DB2,*MANUAL*,65,1254,32,203.00,115.10,44.82,892,102672.00
1025,1025,SABVL,*MANUAL*,66,1244,37,221.00,138.59,42.80,895,124039.00
1026,1026,RIS,*MANUAL*,49,1237,42,203.00,134.91,27.35,895,120744.00
1027,1027,AIYR,*MANUAL*,47,1249,54,239.00,156.17,34.79,895,139771.00
1028,1028,AVKR,*MANUAL*,47,1232,54,218.00,143.78,35.71,895,128687.00
1029,1029,DB1,*MANUAL*,55,1190,37,204.00,132.07,43.64,895,118201.00
1030,1030,RIFL,*MANUAL*,67,1230,35,221.00,137.79,44.09,895,123319.00
1031,1031,BAGL,*MANUAL*,85,1380,65,156.00,104.81,18.87,1213,127135.00
1032,1032,URBL,*MANUAL*,87,1404,73,199.00,111.50,36.19,864,96339.00
1033,1033,IL2L,*MANUAL*,90,1429,70,156.00,92.74,35.89,895,83003.00
1034,1034,OLQSHVL,*MANUAL*,90,1447,60,211.00,125.20,37.81,895,112055.00
1035,1035,IL1L,*MANUAL*,88,1412,63,200.00,108.21,37.55,895,96846.00
1036,1036,RMEL,*MANUAL*,81,1373,74,196.00,123.08,28.65,895,110156.00
1037,1037,CEPSHDL,*MANUAL*,83,1368,87,176.00,93.13,29.00,895,83352.00
1038,1038,CEPSHVL,*MANUAL*,79,1367,56,219.00,124.69,40.25,895,111601.00
1039,1039,CEPVL,*MANUAL*,69,1365,51,218.00,142.11,37.11,879,124913.00
1040,1040,CEPVR,*MANUAL*,59,1368,51,224.00,155.03,36.69,859,133172.00
1041,1041,RMEV,*MANUAL*,60,1354,45,208.00,106.78,46.23,895,95567.00
1042,1042,RMED,*MANUAL*,64,1378,101,251.00,175.62,42.14,895,157181.00
1043,1043,OLQDR,*MANUAL*,54,1385,101,252.00,196.46,31.11,889,174657.00
1044,1044,OLQDL,*MANUAL*,75,1385,97,240.00,166.32,26.90,889,147856.00
1045,1045,RIPL,*MANUAL*,80,1389,78,188.00,121.18,28.39,895,108456.00
1046,1046,OLLL,*MANUAL*,80,1406,79,212.00,125.64,26.42,895,112452.00
1047,1047,CEPSODL,*MANUAL*,85,1424,86,209.00,127.10,38.95,895,113753.00
1048,1048,OLQVL,*MANUAL*,78,1382,60,188.00,129.20,23.84,887,114597.00
1049,1049,URYVL,*MANUAL*,81,1398,61,193.00,122.85,27.70,895,109951.00
1050,1050,XXXL,*MANUAL*,87,1425,59,174.00,112.38,29.70,895,100578.00
1051,1051,OLLSHL,*MANUAL*,91,1458,65,224.00,115.78,43.69,895,103620.00
1052,1052,ILSHL,*MANUAL*,86,1469,56,190.00,105.64,34.55,895,94547.00
1053,1053,URAVL,*MANUAL*,73,1387,51,227.00,129.93,42.35,895,116290.00
1054,1054,URAVR,*MANUAL*,51,1385,52,240.00,145.21,42.96,895,129965.00
1055,1055,IL1VR,*MANUAL*,63,1377,50,223.00,137.86,47.91,895,123381.00
1056,1056,IL1VL,*MANUAL*,63,1394,46,225.00,162.57,35.94,819,133148.00
1057,1057,IL2VL,*MANUAL*,69,1405,42,189.00,114.52,27.63,895,102499.00
1058,1058,IL2VR,*MANUAL*,57,1399,43,211.00,112.73,47.67,895,100892.00
1059,1059,CEPSOVL,*MANUAL*,79,1404,51,203.00,117.24,37.79,895,104930.00
1060,1060,CEPSOVR,*MANUAL*,47,1400,54,238.00,128.21,47.06,895,114751.00
1061,1061,BAGR,*MANUAL*,40,1384,75,224.00,149.31,26.20,863,128857.00
1062,1062,URBR,*MANUAL*,39,1407,80,250.00,164.90,37.16,847,139668.00
1063,1063,IL2R,*MANUAL*,38,1430,76,231.00,130.93,44.52,895,117185.00
1064,1064,OLQSHVR,*MANUAL*,38,1442,66,252.00,177.54,42.59,895,158900.00
1065,1065,*NOUSE*,*NOUSE*,0,0,0,0,0,0,0,0
1066,1066,IL1R,*MANUAL*,41,1408,69,241.00,151.67,33.19,895,135741.00
1067,1067,XXXR,*MANUAL*,38,1422,64,253.00,171.77,50.97,895,153731.00
1068,1068,CEPSODR,*MANUAL*,40,1422,90,248.00,121.15,67.35,895,108429.00
1069,1069,RMER,*MANUAL*,44,1370,79,254.00,170.23,36.58,895,152358.00
1070,1070,CEPSHDR,*MANUAL*,44,1367,91,210.00,123.73,38.44,895,110742.00
1071,1071,CEPSHVR,*MANUAL*,43,1365,62,219.00,113.96,50.34,895,101993.00
1072,1072,OLQVR,*MANUAL*,45,1379,67,214.00,148.22,33.41,895,132659.00
1073,1073,RIPR,*MANUAL*,47,1386,83,242.00,163.48,41.27,895,146319.00
1074,1074,OLLR,*MANUAL*,47,1405,85,251.00,169.22,40.69,872,147559.00
1075,1075,URYDR,*MANUAL*,47,1391,95,241.00,180.92,29.30,895,161922.00
1076,1076,URADR,*MANUAL*,48,1407,95,254.00,167.45,54.60,895,149872.00
1077,1077,URYDL,*MANUAL*,81,1391,90,215.00,149.68,31.79,895,133968.00
1078,1078,URADL,*MANUAL*,81,1409,91,235.00,149.47,40.73,889,132877.00
1079,1079,IL1DL,*MANUAL*,73,1401,92,230.00,152.39,37.89,895,136389.00
1080,1080,IL1DR,*MANUAL*,58,1397,93,254.00,161.63,52.27,895,144661.00
1081,1081,IL2DL,*MANUAL*,77,1422,97,236.00,126.92,46.12,895,113595.00
1082,1082,IL2DR,*MANUAL*,50,1424,100,206.00,133.72,37.55,895,119681.00
1083,1083,HYP2L,*MANUAL*,86,1542,73,159.00,92.83,26.38,895,83080.00
1084,1084,ARCADL,*MANUAL*,86,1525,78,136.00,88.35,21.12,895,79072.00
1085,1085,ARCPDL,*MANUAL*,85,1507,82,189.00,97.17,30.07,895,86969.00
1086,1086,AMSOL,*MANUAL*,80,1496,83,193.00,113.08,34.33,895,101203.00
1087,1087,HYP1L,*MANUAL*,80,1479,83,182.00,110.06,29.92,895,98502.00
1088,1088,ILSHDL,*MANUAL*,80,1463,84,211.00,127.61,36.41,895,114213.00
1089,1089,OLLSOL,*MANUAL*,86,1436,82,191.00,113.13,39.31,895,101248.00
1090,1090,OLQSHDL,*MANUAL*,87,1454,78,201.00,124.86,33.55,895,111746.00
1091,1091,ILSOL,*MANUAL*,84,1516,62,182.00,100.35,33.42,895,89810.00
1092,1092,ARCPVL,*MANUAL*,84,1495,58,176.00,96.29,35.09,895,86181.00
1093,1093,OLQSOVL,*MANUAL*,83,1483,52,185.00,98.54,38.06,895,88195.00
1094,1094,ARCADR,*MANUAL*,40,1529,82,196.00,106.04,44.73,895,94905.00
1095,1095,AMSOR,*MANUAL*,41,1508,84,190.00,114.81,32.99,895,102751.00
1096,1096,ARCPDR,*MANUAL*,45,1492,85,231.00,116.06,46.56,895,103873.00
1097,1097,HYP1R,*MANUAL*,45,1476,84,216.00,113.24,42.34,895,101352.00
1098,1098,OLLSOR,*MANUAL*,43,1437,86,248.00,138.86,52.43,895,124277.00
1099,1099,OLQSHDR,*MANUAL*,37,1450,81,254.00,159.44,57.96,889,141741.00
1100,1100,ARCPVR,*MANUAL*,41,1517,72,223.00,108.82,43.47,895,97395.00
1101,1101,ILSOR,*MANUAL*,41,1496,67,226.00,139.72,39.11,895,125053.00
1102,1102,OLQSOVR,*MANUAL*,43,1482,56,245.00,129.55,45.95,895,115943.00
1103,1103,ILSHR,*MANUAL*,41,1466,61,243.00,155.77,42.70,895,139414.00
1104,1104,OLLSHR,*MANUAL*,37,1455,66,254.00,149.34,65.10,895,133659.00
1105,1105,HYP2V,*MANUAL*,62,1592,51,176.00,79.79,36.55,1365,108912.00
1106,1106,ARCAV,*MANUAL*,69,1577,50,162.00,92.61,40.24,895,82886.00
1107,1107,HYP1V,*MANUAL*,58,1552,50,177.00,86.87,46.19,895,77752.00
1108,1108,ARCPV,*MANUAL*,71,1549,49,195.00,111.66,42.89,883,98592.00
1109,1109,ILSOVR,*MANUAL*,60,1527,48,219.00,130.32,46.10,778,101392.00
1110,1110,ILSOVL,*MANUAL*,68,1529,48,207.00,115.75,44.75,895,103595.00
1111,1111,ILSHVL,*MANUAL*,68,1510,47,237.00,133.09,50.36,821,109270.00
1112,1112,ILSHVR,*MANUAL*,59,1509,47,234.00,149.90,39.38,895,134162.00
1113,1113,HYP6V1,*MANUAL*,65,1550,41,159.00,73.63,26.85,895,65898.00
1114,1114,HYP6V2,*MANUAL*,65,1485,41,137.00,74.27,20.72,1365,101372.00
1115,1115,HYP7V1,*MANUAL*$339$337,63,1422,33,116.00,45.73,22.21,4091,187077.00
1116,1116,HYP7V2,*MANUAL*$363$364,64,1381,36,125.00,55.31,24.39,2226,123125.00
1117,1117,HYP31,*MANUAL*,62,1608,99,208.00,103.91,39.01,895,92995.00
1118,1118,HYP32,*MANUAL*,61,1587,98,191.00,121.48,29.16,895,108722.00
1119,1119,ARCPD,*MANUAL*,70,1570,98,189.00,93.57,42.65,1365,127723.00
1120,1120,ILSODL,*MANUAL*,70,1545,99,216.00,145.89,40.65,849,123861.00
1121,1121,ILSODR,*MANUAL*,56,1556,98,218.00,129.93,48.41,806,104720.00
1122,1122,OLQSODL,*MANUAL*,71,1518,99,221.00,146.35,33.03,895,130981.00
1123,1123,OLQSODR,*MANUAL*,57,1534,99,222.00,136.04,42.31,877,119309.00
1124,1124,HYP6D1,*MANUAL*,62,1550,103,190.00,107.41,37.65,1365,146609.00
1125,1125,HYP6D3,*MANUAL*,66,1465,101,177.00,118.74,24.39,895,106270.00
1126,1126,HYP6D4,*MANUAL*,65,1448,102,195.00,100.12,42.32,895,89606.00
1127,1127,HYP7D1,*MANUAL*,65,1410,103,118.00,59.98,20.30,895,53679.00
1128,1128,HYP7D2,*MANUAL*,65,1387,110,147.00,77.69,22.92,1365,106043.00
1129,1129,HYP7ABRV,*MANUAL*,37,1171,59,133.00,53.54,24.64,2103,112602.00
1130,1130,DL20,*MANUAL*$483$468,72,363,94,153.00,49.33,29.56,4027,198664.00
1131,1131,G1P,*MANUAL*,58,1154,90,161.00,91.10,21.48,1365,124348.00
1132,1132,E1D,*MANUAL*,64,1535,91,206.00,125.24,38.42,895,112091.00
1133,1133,*NOUSE*,*NOUSE*,0,0,0,0,0,0,0,0
1134,1134,SMBDR,*MANUAL*,51,1294,42,242.00,149.64,28.83,895,133924.00
1135,1135,VR10,*MANUAL*$171$158,50,1118,41,139.00,43.46,25.50,4633,201366.00
1136,1136,HYP4V2,*MANUAL*$344$324,63,1629,53,152.00,45.44,30.82,4631,210415.00
1137,1137,MC1V,*MANUAL*,67,1452,50,151.00,84.36,23.80,895,75499.00
1138,1138,URYVR,*MANUAL*,42,1393,65,236.00,158.84,36.06,895,142158.00
1139,1139,PM6VR,*MANUAL*,49,1199,70,172.00,108.79,27.88,895,97367.00
1140,1140,HYP7LC6,*MANUAL*,75,306,83,87.00,33.33,11.89,895,29834.00
1141,1141,IND6,*MANUAL*,69,663,89,47.00,17.61, 6.86,2103,37037.00
1142,1142,GLRDL,*MANUAL*,70,1333,93,243.00,177.45,37.91,895,158814.00
1143,1143,GLRDR,*MANUAL*,59,1332,94,248.00,167.54,53.93,895,149946.00
1144,1144,PM6D,*MANUAL*,68,1201,102,152.00,91.04,24.65,1365,124267.00
1145,1145,DL16,*MANUAL*$486$499,74,695,102,112.00,39.20,21.30,5752,225482.00
1146,1146,DR16,,52,765,101,127.00,50.23,24.93,1365,68561.00
1147,1147,f1,*MANUAL*,64,1427,74,44.00,12.73, 4.36,895,11390.00
1148,1148,f2,*MANUAL*,64,1358,73,16.00, 5.45, 2.10,895,4874.00
1149,1149,f3,*MANUAL*,64,1333,71,56.00,21.16, 7.35,895,18939.00
1150,1150,f4,*MANUAL*,64,1305,71,54.00,19.86, 6.21,895,17777.00
1151,1151,f5,*MANUAL*,64,1279,70,48.00,17.17, 6.19,895,15370.00
1152,1152,f6,*MANUAL*,64,1255,72,82.00,22.33, 9.72,895,19983.00
1153,1153,f7,*MANUAL*,64,1215,69,120.00,29.87,15.00,895,26732.00
1154,1154,f8,*MANUAL*,64,1185,70,15.00, 6.11, 2.37,895,5471.00
1155,1155,f9,*MANUAL*,63,1166,70,26.00,10.52, 3.98,895,9411.00
1156,1156,f10,*MANUAL*,64,1104,69,14.00, 3.75, 2.09,895,3357.00
1157,1157,ILSHDR,*MANUAL*,42,1460,83,247.00,155.08,48.21,895,138799.00
