0,0,*NOUSE*,*NOUSE*,0,0,0,0,0,0,0,0
1,1,H2L,,28,1137,71,92.00,36.80,17.16,3033,111621
2,2,*NOUSE*,*NOUSE*,0,0,0,0,0,0,0,0
3,3,*NOUSE*,*NOUSE*,0,0,0,0,0,0,0,0
4,4,*NOUSE*,*NOUSE*,0,0,0,0,0,0,0,0
5,5,*NOUSE*,*NOUSE*,0,0,0,0,0,0,0,0
6,6,*NOUSE*,*NOUSE*,0,0,0,0,0,0,0,0
7,7,*NOUSE*,*NOUSE*,0,0,0,0,0,0,0,0
8,8,*NOUSE*,*NOUSE*,0,0,0,0,0,0,0,0
9,9,OLLSHL,,31,1375,69,146.00,49.39,29.40,3688,182141
10,10,*NOUSE*,*NOUSE*,0,0,0,0,0,0,0,0
11,11,H1L,,30,1287,76,123.00,48.51,24.14,2890,140185
12,12,RICL,,32,1177,81,141.00,56.64,30.36,3454,195624
13,13,*NOUSE*,*NOUSE*,0,0,0,0,0,0,0,0
14,14,OLQSHVL,,34,1362,74,170.00,61.87,37.14,4402,272367
15,15,AVAL,,32,1256,67,158.00,56.03,34.51,4258,238575
16,16,SIBDL,,32,1247,82,182.00,67.45,41.47,3723,251109
17,17,*NOUSE*,*NOUSE*,0,0,0,0,0,0,0,0
18,18,*NOUSE*,*NOUSE*,0,0,0,0,0,0,0,0
19,19,*NOUSE*,*NOUSE*,0,0,0,0,0,0,0,0
20,20,RMGL,,32,1125,83,129.00,47.54,29.10,4423,210282
21,21,*NOUSE*,*NOUSE*,0,0,0,0,0,0,0,0
22,22,ASHL,,32,1219,67,146.00,56.24,30.72,4144,233064
23,23,*NOUSE*,*NOUSE*,0,0,0,0,0,0,0,0
24,24,HYP7ABLD,,30,1068,60,91.00,32.43,16.15,1346,43652
25,25,*NOUSE*,*NOUSE*,0,0,0,0,0,0,0,0
26,26,V1L,,33,1013,74,116.00,39.73,23.35,4773,189629
27,27,*NOUSE*,*NOUSE*,0,0,0,0,0,0,0,0
28,28,*NOUSE*,*NOUSE*,0,0,0,0,0,0,0,0
29,29,*NOUSE*,*NOUSE*,0,0,0,0,0,0,0,0
30,30,RMDVL,,33,1277,64,127.00,48.38,25.17,3961,191614
31,31,V2L,,32,911,71,106.00,33.00,17.98,5129,169267
32,32,P1/2L,,32,946,81,104.00,38.04,21.85,4453,169379
33,33,HYP7LC1,,31,980,60,80.00,27.70,12.81,6050,167577
34,34,*NOUSE*,*NOUSE*,0,0,0,0,0,0,0,0
35,35,HYP2L,,35,1438,59,137.00,44.57,26.67,4848,216075
36,36,HYP1L,,39,1389,55,142.00,51.88,30.09,4654,241432
37,37,AINL,,35,1157,63,178.00,70.84,41.61,3738,264788
38,38,ARCADL,,35,1451,65,142.00,47.77,28.58,4614,220407
39,39,AFDL,,34,1238,63,152.00,60.63,31.12,3009,182444
40,40,V3L,,33,811,71,104.00,32.73,17.80,5020,164323
41,41,*NOUSE*,*NOUSE*,0,0,0,0,0,0,0,0
42,42,*NOUSE*,*NOUSE*,0,0,0,0,0,0,0,0
43,43,*NOUSE*,*NOUSE*,0,0,0,0,0,0,0,0
44,44,RMDL,,35,1261,83,171.00,68.68,38.71,2918,200417
45,45,*NOUSE*,*NOUSE*,0,0,0,0,0,0,0,0
46,46,*NOUSE*,*NOUSE*,0,0,0,0,0,0,0,0
47,47,*NOUSE*,*NOUSE*,0,0,0,0,0,0,0,0
48,48,*NOUSE*,*NOUSE*,0,0,0,0,0,0,0,0
49,49,*NOUSE*,*NOUSE*,0,0,0,0,0,0,0,0
50,50,AMSHL,,33,1120,56,79.00,33.64,14.23,3487,117297
51,51,*NOUSE*,*NOUSE*,0,0,0,0,0,0,0,0
52,52,*NOUSE*,*NOUSE*,0,0,0,0,0,0,0,0
53,53,*NOUSE*,*NOUSE*,0,0,0,0,0,0,0,0
54,54,P3/4L,,34,867,78,101.00,35.48,20.56,4825,171209
55,55,*NOUSE*,*NOUSE*,0,0,0,0,0,0,0,0
56,56,*NOUSE*,*NOUSE*,0,0,0,0,0,0,0,0
57,57,*NOUSE*,*NOUSE*,0,0,0,0,0,0,0,0
58,58,*NOUSE*,*NOUSE*,0,0,0,0,0,0,0,0
59,59,*NOUSE*,*NOUSE*,0,0,0,0,0,0,0,0
60,60,*NOUSE*,*NOUSE*,0,0,0,0,0,0,0,0
61,61,canl,,37,741,56,142.00,41.85,29.16,4581,191721
62,62,*NOUSE*,*NOUSE*,0,0,0,0,0,0,0,0
63,63,*NOUSE*,*NOUSE*,0,0,0,0,0,0,0,0
64,64,QL,,36,578,68,101.00,36.16,20.65,5381,194578
65,65,*NOUSE*,*NOUSE*,0,0,0,0,0,0,0,0
66,66,ARCPVL,,36,1422,73,147.00,54.08,33.01,2588,139968
67,67,URYVL,,37,1314,82,179.00,71.05,39.99,2772,196958
68,68,*NOUSE*,*NOUSE*,0,0,0,0,0,0,0,0
69,69,alml,,38,850,43,135.00,42.48,29.63,4180,177553
70,70,*NOUSE*,*NOUSE*,0,0,0,0,0,0,0,0
71,71,*NOUSE*,*NOUSE*,0,0,0,0,0,0,0,0
72,72,*NOUSE*,*NOUSE*,0,0,0,0,0,0,0,0
73,73,*NOUSE*,*NOUSE*,0,0,0,0,0,0,0,0
74,74,*NOUSE*,*NOUSE*,0,0,0,0,0,0,0,0
75,75,*NOUSE*,*NOUSE*,0,0,0,0,0,0,0,0
76,76,*NOUSE*,*NOUSE*,0,0,0,0,0,0,0,0
77,77,*NOUSE*,*NOUSE*,0,0,0,0,0,0,0,0
78,78,hsnl,,37,698,75,156.00,48.90,34.79,4477,218947
79,79,*NOUSE*,*NOUSE*,0,0,0,0,0,0,0,0
80,80,*NOUSE*,*NOUSE*,0,0,0,0,0,0,0,0
81,81,*NOUSE*,*NOUSE*,0,0,0,0,0,0,0,0
82,82,CCLA,,41,759,85,219.00,57.08,44.93,4585,261720
83,83,P7/8L,,36,631,78,107.00,34.01,19.57,4907,166881
84,84,*NOUSE*,*NOUSE*,0,0,0,0,0,0,0,0
85,85,*NOUSE*,*NOUSE*,0,0,0,0,0,0,0,0
86,86,ASGL,,40,1195,48,222.00,75.73,38.10,4083,309225
87,87,*NOUSE*,*NOUSE*,0,0,0,0,0,0,0,0
88,88,CEPSHDL,,39,1292,56,175.00,60.91,34.45,3403,207282
89,89,HYP5L,,37,1502,64,91.00,31.56,15.68,5838,184223
90,90,*NOUSE*,*NOUSE*,0,0,0,0,0,0,0,0
91,91,*NOUSE*,*NOUSE*,0,0,0,0,0,0,0,0
92,92,V6L,,38,457,65,96.00,32.70,17.91,5260,171998
93,93,*NOUSE*,*NOUSE*,0,0,0,0,0,0,0,0
94,94,*NOUSE*,*NOUSE*,0,0,0,0,0,0,0,0
95,95,*NOUSE*,*NOUSE*,0,0,0,0,0,0,0,0
96,96,VL12,,40,903,89,133.00,37.93,24.84,5190,196870
97,97,*NOUSE*,*NOUSE*,0,0,0,0,0,0,0,0
98,98,*NOUSE*,*NOUSE*,0,0,0,0,0,0,0,0
99,99,DL10,,42,1012,36,138.00,38.73,24.91,6594,255386
100,100,*NOUSE*,*NOUSE*,0,0,0,0,0,0,0,0
101,101,*NOUSE*,*NOUSE*,0,0,0,0,0,0,0,0
102,102,*NOUSE*,*NOUSE*,0,0,0,0,0,0,0,0
103,103,AMSOL,,42,1405,53,160.00,57.28,31.88,3771,215991
104,104,*NOUSE*,*NOUSE*,0,0,0,0,0,0,0,0
105,105,*NOUSE*,*NOUSE*,0,0,0,0,0,0,0,0
106,106,*NOUSE*,*NOUSE*,0,0,0,0,0,0,0,0
107,107,*NOUSE*,*NOUSE*,0,0,0,0,0,0,0,0
108,108,*NOUSE*,*NOUSE*,0,0,0,0,0,0,0,0
109,109,CCLP,,41,721,81,194.00,52.77,42.88,3967,209340
110,110,CEPSOVL,,41,1324,91,168.00,62.97,35.47,3019,190093
111,111,*NOUSE*,*NOUSE*,0,0,0,0,0,0,0,0
112,112,VL10,,40,1034,97,130.00,41.54,27.98,5001,207761
113,113,*NOUSE*,*NOUSE*,0,0,0,0,0,0,0,0
114,114,*NOUSE*,*NOUSE*,0,0,0,0,0,0,0,0
115,115,*NOUSE*,*NOUSE*,0,0,0,0,0,0,0,0
116,116,*NOUSE*,*NOUSE*,0,0,0,0,0,0,0,0
117,117,*NOUSE*,*NOUSE*,0,0,0,0,0,0,0,0
118,118,*NOUSE*,*NOUSE*,0,0,0,0,0,0,0,0
119,119,*NOUSE*,*NOUSE*,0,0,0,0,0,0,0,0
120,120,*NOUSE*,*NOUSE*,0,0,0,0,0,0,0,0
121,121,*NOUSE*,*NOUSE*,0,0,0,0,0,0,0,0
122,122,URADL,,42,1324,51,188.00,75.97,40.93,3001,227987
123,123,*NOUSE*,*NOUSE*,0,0,0,0,0,0,0,0
124,124,*NOUSE*,*NOUSE*,0,0,0,0,0,0,0,0
125,125,*NOUSE*,*NOUSE*,0,0,0,0,0,0,0,0
126,126,*NOUSE*,*NOUSE*,0,0,0,0,0,0,0,0
127,127,*NOUSE*,*NOUSE*,0,0,0,0,0,0,0,0
128,128,*NOUSE*,*NOUSE*,0,0,0,0,0,0,0,0
129,129,VL14,,42,809,88,125.00,41.99,28.80,5312,223028
130,130,*NOUSE*,*NOUSE*,0,0,0,0,0,0,0,0
131,131,SMDDL,,42,1233,98,181.00,74.16,37.19,2655,196904
132,132,DL11,,44,967,32,162.00,44.72,32.24,4770,213319
133,133,*NOUSE*,*NOUSE*,0,0,0,0,0,0,0,0
134,134,*NOUSE*,*NOUSE*,0,0,0,0,0,0,0,0
135,135,*NOUSE*,*NOUSE*,0,0,0,0,0,0,0,0
136,136,*NOUSE*,*NOUSE*,0,0,0,0,0,0,0,0
137,137,*NOUSE*,*NOUSE*,0,0,0,0,0,0,0,0
138,138,*NOUSE*,*NOUSE*,0,0,0,0,0,0,0,0
139,139,*NOUSE*,*NOUSE*,0,0,0,0,0,0,0,0
140,140,*NOUSE*,*NOUSE*,0,0,0,0,0,0,0,0
141,141,DL2,,44,1422,44,124.00,51.02,21.72,3028,154485
142,142,*NOUSE*,*NOUSE*,0,0,0,0,0,0,0,0
143,143,*NOUSE*,*NOUSE*,0,0,0,0,0,0,0,0
144,144,*NOUSE*,*NOUSE*,0,0,0,0,0,0,0,0
145,145,M5,,45,1100,49,190.00,63.64,43.86,4083,259839
146,146,*NOUSE*,*NOUSE*,0,0,0,0,0,0,0,0
147,147,AIBL,,42,1228,71,165.00,71.60,34.53,2784,199337
148,148,VPI3V,,47,1068,83,178.00,59.54,40.63,3436,204582
149,149,VL16,,44,652,84,153.00,47.59,33.20,4703,223815
150,150,RMDDL,,42,1250,95,204.00,85.54,40.79,2240,191608
151,151,*NOUSE*,*NOUSE*,0,0,0,0,0,0,0,0
152,152,*NOUSE*,*NOUSE*,0,0,0,0,0,0,0,0
153,153,*NOUSE*,*NOUSE*,0,0,0,0,0,0,0,0
154,154,*NOUSE*,*NOUSE*,0,0,0,0,0,0,0,0
155,155,*NOUSE*,*NOUSE*,0,0,0,0,0,0,0,0
156,156,I6,,45,1130,46,214.00,75.53,50.89,3515,265472
157,157,INDL1,,45,1026,50,86.00,32.71,15.67,4646,151993
158,158,*NOUSE*,*NOUSE*,0,0,0,0,0,0,0,0
159,159,E2VL,,45,1517,75,118.00,37.28,23.68,5727,213517
160,160,*NOUSE*,*NOUSE*,0,0,0,0,0,0,0,0
161,161,G2L,,46,1090,86,224.00,72.13,48.98,3247,234201
162,162,*NOUSE*,*NOUSE*,0,0,0,0,0,0,0,0
163,163,*NOUSE*,*NOUSE*,0,0,0,0,0,0,0,0
164,164,SMBDL,,43,1220,97,169.00,85.90,38.52,2140,183826
165,165,*NOUSE*,*NOUSE*,0,0,0,0,0,0,0,0
166,166,*NOUSE*,*NOUSE*,0,0,0,0,0,0,0,0
167,167,*NOUSE*,*NOUSE*,0,0,0,0,0,0,0,0
168,168,*NOUSE*,*NOUSE*,0,0,0,0,0,0,0,0
169,169,*NOUSE*,*NOUSE*,0,0,0,0,0,0,0,0
170,170,*NOUSE*,*NOUSE*,0,0,0,0,0,0,0,0
171,171,*NOUSE*,*NOUSE*,0,0,0,0,0,0,0,0
172,172,G1AL,,46,1145,58,165.00,64.09,34.18,3755,240673
173,173,LUAL,,48,307,58,204.00,65.41,47.03,3898,254960
174,174,*NOUSE*,*NOUSE*,0,0,0,0,0,0,0,0
175,175,REPVL,,47,360,63,155.00,50.78,36.01,4371,221974
176,176,M2L,,44,1145,78,214.00,91.70,46.65,2596,238055
177,177,PM6VL,,44,1130,80,152.00,60.42,30.98,3499,211403
178,178,*NOUSE*,*NOUSE*,0,0,0,0,0,0,0,0
179,179,Z4,,47,672,80,141.00,43.50,29.49,5493,238963
180,180,DL17,,46,618,37,135.00,40.46,28.73,4464,180630
181,181,*NOUSE*,*NOUSE*,0,0,0,0,0,0,0,0
182,182,*NOUSE*,*NOUSE*,0,0,0,0,0,0,0,0
183,183,*NOUSE*,*NOUSE*,0,0,0,0,0,0,0,0
184,184,*NOUSE*,*NOUSE*,0,0,0,0,0,0,0,0
185,185,*NOUSE*,*NOUSE*,0,0,0,0,0,0,0,0
186,186,PHBL,,48,322,61,163.00,56.72,36.00,3228,183079
187,187,PVCL,,48,298,68,168.00,53.76,37.36,4153,223261
188,188,*NOUSE*,*NOUSE*,0,0,0,0,0,0,0,0
189,189,PM4L,,45,1347,68,150.00,64.46,31.07,3375,217537
190,190,*NOUSE*,*NOUSE*,0,0,0,0,0,0,0,0
191,191,*NOUSE*,*NOUSE*,0,0,0,0,0,0,0,0
192,192,*NOUSE*,*NOUSE*,0,0,0,0,0,0,0,0
193,193,NSML,,46,1336,82,199.00,71.98,39.58,2996,215648
194,194,*NOUSE*,*NOUSE*,0,0,0,0,0,0,0,0
195,195,VPI2V,,50,1077,89,229.00,78.49,52.72,3450,270799
196,196,INVL1,,47,1016,88,104.00,37.82,19.20,4160,157341
197,197,*NOUSE*,*NOUSE*,0,0,0,0,0,0,0,0
198,198,*NOUSE*,*NOUSE*,0,0,0,0,0,0,0,0
199,199,*NOUSE*,*NOUSE*,0,0,0,0,0,0,0,0
200,200,*NOUSE*,*NOUSE*,0,0,0,0,0,0,0,0
201,201,*NOUSE*,*NOUSE*,0,0,0,0,0,0,0,0
202,202,*NOUSE*,*NOUSE*,0,0,0,0,0,0,0,0
203,203,*NOUSE*,*NOUSE*,0,0,0,0,0,0,0,0
204,204,*NOUSE*,*NOUSE*,0,0,0,0,0,0,0,0
205,205,*NOUSE*,*NOUSE*,0,0,0,0,0,0,0,0
206,206,*NOUSE*,*NOUSE*,0,0,0,0,0,0,0,0
207,207,*NOUSE*,*NOUSE*,0,0,0,0,0,0,0,0
208,208,IND3,,49,922,42,65.00,25.36, 9.63,7551,191483
209,209,*NOUSE*,*NOUSE*,0,0,0,0,0,0,0,0
210,210,*NOUSE*,*NOUSE*,0,0,0,0,0,0,0,0
211,211,*NOUSE*,*NOUSE*,0,0,0,0,0,0,0,0
212,212,*NOUSE*,*NOUSE*,0,0,0,0,0,0,0,0
213,213,*NOUSE*,*NOUSE*,0,0,0,0,0,0,0,0
214,214,*NOUSE*,*NOUSE*,0,0,0,0,0,0,0,0
215,215,PHAL,,51,326,71,167.00,59.76,39.69,4064,242861
216,216,PM5L,,46,1158,70,168.00,77.75,33.62,3027,235349
217,217,I1L,,48,1394,76,174.00,64.59,34.42,3314,214038
218,218,Z3,,51,695,78,147.00,47.31,28.81,9923,469498
219,219,*NOUSE*,*NOUSE*,0,0,0,0,0,0,0,0
220,220,*NOUSE*,*NOUSE*,0,0,0,0,0,0,0,0
221,221,*NOUSE*,*NOUSE*,0,0,0,0,0,0,0,0
222,222,*NOUSE*,*NOUSE*,0,0,0,0,0,0,0,0
223,223,*NOUSE*,*NOUSE*,0,0,0,0,0,0,0,0
224,224,*NOUSE*,*NOUSE*,0,0,0,0,0,0,0,0
225,225,VIRL,,51,371,51,148.00,48.44,30.90,4023,194870
226,226,*NOUSE*,*NOUSE*,0,0,0,0,0,0,0,0
227,227,TL,,50,258,62,109.00,37.76,21.33,4954,187062
228,228,*NOUSE*,*NOUSE*,0,0,0,0,0,0,0,0
229,229,*NOUSE*,*NOUSE*,0,0,0,0,0,0,0,0
230,230,*NOUSE*,*NOUSE*,0,0,0,0,0,0,0,0
231,231,*NOUSE*,*NOUSE*,0,0,0,0,0,0,0,0
232,232,*NOUSE*,*NOUSE*,0,0,0,0,0,0,0,0
233,233,*NOUSE*,*NOUSE*,0,0,0,0,0,0,0,0
234,234,VL11,,48,957,100,130.00,42.26,29.52,1824,77080
235,235,*NOUSE*,*NOUSE*,0,0,0,0,0,0,0,0
236,236,*NOUSE*,*NOUSE*,0,0,0,0,0,0,0,0
237,237,*NOUSE*,*NOUSE*,0,0,0,0,0,0,0,0
238,238,*NOUSE*,*NOUSE*,0,0,0,0,0,0,0,0
239,239,INV7,,51,581,75,62.00,24.88, 9.95,8005,199183
240,240,*NOUSE*,*NOUSE*,0,0,0,0,0,0,0,0
241,241,ADLL,,51,1203,42,147.00,60.81,28.33,4979,302752
242,242,*NOUSE*,*NOUSE*,0,0,0,0,0,0,0,0
243,243,*NOUSE*,*NOUSE*,0,0,0,0,0,0,0,0
244,244,*NOUSE*,*NOUSE*,0,0,0,0,0,0,0,0
245,245,*NOUSE*,*NOUSE*,0,0,0,0,0,0,0,0
246,246,*NOUSE*,*NOUSE*,0,0,0,0,0,0,0,0
247,247,RIGR,,56,1082,104,184.00,64.92,42.41,3490,226577
248,248,*NOUSE*,*NOUSE*,0,0,0,0,0,0,0,0
249,249,VPI3D,,56,1063,57,191.00,62.89,41.76,4115,258809
250,250,*NOUSE*,*NOUSE*,0,0,0,0,0,0,0,0
251,251,MC2DL,,49,1174,67,160.00,71.35,28.59,3709,264648
252,252,*NOUSE*,*NOUSE*,0,0,0,0,0,0,0,0
253,253,*NOUSE*,*NOUSE*,0,0,0,0,0,0,0,0
254,254,PM8,,55,1081,80,185.00,70.13,42.34,3052,214024
255,255,*NOUSE*,*NOUSE*,0,0,0,0,0,0,0,0
256,256,DB6,,53,602,91,166.00,47.89,37.43,4795,229636
257,257,*NOUSE*,*NOUSE*,0,0,0,0,0,0,0,0
258,258,*NOUSE*,*NOUSE*,0,0,0,0,0,0,0,0
259,259,*NOUSE*,*NOUSE*,0,0,0,0,0,0,0,0
260,260,IND6,,52,636,49,61.00,22.67, 9.54,7230,163936
261,261,DL21,,55,274,52,159.00,53.45,37.10,3438,183764
262,262,HYP11,,51,166,57,88.00,32.69,16.79,2127,69536
263,263,*NOUSE*,*NOUSE*,0,0,0,0,0,0,0,0
264,264,DB7,,55,482,82,186.00,48.12,38.47,5105,245675
265,265,DD5,,54,508,82,186.00,48.19,39.78,4453,214575
266,266,*NOUSE*,*NOUSE*,0,0,0,0,0,0,0,0
267,267,PM4VL,,52,1347,91,128.00,58.68,25.23,3518,206428
268,268,*NOUSE*,*NOUSE*,0,0,0,0,0,0,0,0
269,269,*NOUSE*,*NOUSE*,0,0,0,0,0,0,0,0
270,270,DA2,,54,1012,101,177.00,53.25,42.47,4206,223974
271,271,ASIL,,51,1185,48,188.00,86.84,39.86,3049,264763
272,272,VPI1,,56,1071,47,193.00,61.50,39.71,4084,251159
273,273,*NOUSE*,*NOUSE*,0,0,0,0,0,0,0,0
274,274,*NOUSE*,*NOUSE*,0,0,0,0,0,0,0,0
275,275,*NOUSE*,*NOUSE*,0,0,0,0,0,0,0,0
276,276,*NOUSE*,*NOUSE*,0,0,0,0,0,0,0,0
277,277,*NOUSE*,*NOUSE*,0,0,0,0,0,0,0,0
278,278,*NOUSE*,*NOUSE*,0,0,0,0,0,0,0,0
279,279,HYP4V1,,54,1564,84,158.00,45.21,33.62,4564,206351
280,280,ARCAV,,54,1515,88,162.00,44.66,32.41,4549,203136
281,281,DA6,,54,573,89,182.00,50.31,40.51,4668,234846
282,282,*NOUSE*,*NOUSE*,0,0,0,0,0,0,0,0
283,283,MC3V,,57,1104,91,165.00,52.57,33.80,4448,233842
284,284,DB4,,56,898,97,172.00,48.42,36.94,4976,240945
285,285,DD1,,54,1102,105,168.00,54.45,38.36,3472,189065
286,286,AVG,,54,1140,105,176.00,64.83,34.93,2646,171541
287,287,PM7D,,55,1107,41,175.00,51.06,33.07,5285,269842
288,288,*NOUSE*,*NOUSE*,0,0,0,0,0,0,0,0
289,289,I4,,56,1150,48,205.00,88.98,45.30,2917,259559
290,290,*NOUSE*,*NOUSE*,0,0,0,0,0,0,0,0
291,291,HYP4D,,55,1566,49,146.00,40.96,28.04,4986,204228
292,292,*NOUSE*,*NOUSE*,0,0,0,0,0,0,0,0
293,293,*NOUSE*,*NOUSE*,0,0,0,0,0,0,0,0
294,294,*NOUSE*,*NOUSE*,0,0,0,0,0,0,0,0
295,295,INV3,,58,901,81,73.00,28.82,11.93,7885,227240
296,296,MC2V,,55,1169,84,151.00,69.48,28.62,3590,249429
297,297,DD3,,55,820,92,189.00,52.22,41.85,4988,260477
298,298,*NOUSE*,*NOUSE*,0,0,0,0,0,0,0,0
299,299,I5,,55,1131,89,182.00,75.93,38.55,2979,226200
300,300,RMEV,,56,1271,104,169.00,54.52,36.63,3054,166511
301,301,DA1,,56,1062,103,178.00,52.17,38.14,3722,194187
302,302,DB3,,56,1032,103,170.00,52.12,39.72,4202,219017
303,303,*NOUSE*,*NOUSE*,0,0,0,0,0,0,0,0
304,304,PVR,,56,226,57,155.00,44.97,34.56,3981,179037
305,305,*NOUSE*,*NOUSE*,0,0,0,0,0,0,0,0
306,306,*NOUSE*,*NOUSE*,0,0,0,0,0,0,0,0
307,307,HYP4V2,,56,1541,87,152.00,40.77,28.45,4714,192201
308,308,DB5,,56,762,90,171.00,53.45,39.31,4960,265113
309,309,DA3,,56,933,98,193.00,53.29,42.15,4217,224724
310,310,HYP6V1,,55,1445,101,131.00,55.31,28.75,1362,75326
311,311,G1,,56,1233,106,139.00,55.73,29.41,3482,194050
312,312,DB2,,54,1181,107,166.00,65.77,35.89,2819,185412
313,313,*NOUSE*,*NOUSE*,0,0,0,0,0,0,0,0
314,314,HYP32,,59,1492,39,188.00,50.05,38.12,4795,239970
315,315,*NOUSE*,*NOUSE*,0,0,0,0,0,0,0,0
316,316,*NOUSE*,*NOUSE*,0,0,0,0,0,0,0,0
317,317,*NOUSE*,*NOUSE*,0,0,0,0,0,0,0,0
318,318,HYP2V,,58,1499,90,151.00,47.66,33.26,4052,193124
319,319,DD4,,55,652,89,200.00,57.95,42.34,3856,223470
320,320,*NOUSE*,*NOUSE*,0,0,0,0,0,0,0,0
321,321,SABVL,,56,1167,106,169.00,71.22,35.56,2162,153977
322,322,*NOUSE*,*NOUSE*,0,0,0,0,0,0,0,0
323,323,*NOUSE*,*NOUSE*,0,0,0,0,0,0,0,0
324,324,*NOUSE*,*NOUSE*,0,0,0,0,0,0,0,0
325,325,*NOUSE*,*NOUSE*,0,0,0,0,0,0,0,0
326,326,*NOUSE*,*NOUSE*,0,0,0,0,0,0,0,0
327,327,*NOUSE*,*NOUSE*,0,0,0,0,0,0,0,0
328,328,I3,,59,1331,53,193.00,76.41,41.12,3860,294940
329,329,U,,58,352,68,184.00,78.32,41.01,2973,232854
330,330,*NOUSE*,*NOUSE*,0,0,0,0,0,0,0,0
331,331,G2,,54,1218,101,188.00,88.49,39.74,1551,137252
332,332,*NOUSE*,*NOUSE*,0,0,0,0,0,0,0,0
333,333,*NOUSE*,*NOUSE*,0,0,0,0,0,0,0,0
334,334,*NOUSE*,*NOUSE*,0,0,0,0,0,0,0,0
335,335,*NOUSE*,*NOUSE*,0,0,0,0,0,0,0,0
336,336,HYP6D3,,58,1381,38,159.00,56.42,30.12,4584,258613
337,337,HYP6D4,,59,1347,36,129.00,53.15,24.19,3774,200580
338,338,HYP31,,61,1511,42,181.00,55.34,40.76,4532,250801
339,339,*NOUSE*,*NOUSE*,0,0,0,0,0,0,0,0
340,340,*NOUSE*,*NOUSE*,0,0,0,0,0,0,0,0
341,341,*NOUSE*,*NOUSE*,0,0,0,0,0,0,0,0
342,342,*NOUSE*,*NOUSE*,0,0,0,0,0,0,0,0
343,343,TR,,60,245,60,98.00,38.75,21.17,2501,96913
344,344,DVC,,58,289,67,166.00,87.26,33.51,2411,210380
345,345,PLMR,,60,261,69,160.00,53.35,37.40,4008,213829
346,346,INV4,,62,819,76,75.00,27.76,11.69,7089,196805
347,347,*NOUSE*,*NOUSE*,0,0,0,0,0,0,0,0
348,348,*NOUSE*,*NOUSE*,0,0,0,0,0,0,0,0
349,349,*NOUSE*,*NOUSE*,0,0,0,0,0,0,0,0
350,350,DR13,,62,902,32,178.00,47.18,37.94,4458,210339
351,351,HYP7D2,,57,1217,33,113.00,48.06,17.97,2083,100105
352,352,DR18,,61,604,39,144.00,45.34,30.51,3825,173441
353,353,*NOUSE*,*NOUSE*,0,0,0,0,0,0,0,0
354,354,*NOUSE*,*NOUSE*,0,0,0,0,0,0,0,0
355,355,IND2,,61,971,43,76.00,30.36,13.38,7501,227704
356,356,DEP,,58,303,47,164.00,61.83,37.69,1678,103749
357,357,*NOUSE*,*NOUSE*,0,0,0,0,0,0,0,0
358,358,*NOUSE*,*NOUSE*,0,0,0,0,0,0,0,0
359,359,M4,,57,1306,66,163.00,67.06,36.33,4147,278118
360,360,B,,60,312,74,140.00,48.66,28.46,4120,200481
361,361,DR15,,61,814,33,173.00,47.57,35.95,3589,170725
362,362,*NOUSE*,*NOUSE*,0,0,0,0,0,0,0,0
363,363,*NOUSE*,*NOUSE*,0,0,0,0,0,0,0,0
364,364,PM6D,,56,1132,46,198.00,85.61,43.14,2864,245189
365,365,DVA,,58,311,58,163.00,71.55,36.09,3011,215449
366,366,*NOUSE*,*NOUSE*,0,0,0,0,0,0,0,0
367,367,*NOUSE*,*NOUSE*,0,0,0,0,0,0,0,0
368,368,*NOUSE*,*NOUSE*,0,0,0,0,0,0,0,0
369,369,DR11,,65,1006,33,184.00,47.81,38.48,5064,242110
370,370,*NOUSE*,*NOUSE*,0,0,0,0,0,0,0,0
371,371,DR17,,62,664,38,156.00,45.96,32.97,3600,165471
372,372,*NOUSE*,*NOUSE*,0,0,0,0,0,0,0,0
373,373,*NOUSE*,*NOUSE*,0,0,0,0,0,0,0,0
374,374,F,,61,330,62,190.00,78.78,37.41,3288,259021
375,375,YPDA,,62,344,82,146.00,51.12,30.36,3743,191329
376,376,*NOUSE*,*NOUSE*,0,0,0,0,0,0,0,0
377,377,*NOUSE*,*NOUSE*,0,0,0,0,0,0,0,0
378,378,*NOUSE*,*NOUSE*,0,0,0,0,0,0,0,0
379,379,*NOUSE*,*NOUSE*,0,0,0,0,0,0,0,0
380,380,*NOUSE*,*NOUSE*,0,0,0,0,0,0,0,0
381,381,E2VR,,64,1533,77,215.00,49.59,42.38,4407,218522
382,382,*NOUSE*,*NOUSE*,0,0,0,0,0,0,0,0
383,383,PVT,,64,393,77,162.00,53.98,37.13,4306,232418
384,384,*NOUSE*,*NOUSE*,0,0,0,0,0,0,0,0
385,385,ARCPD,,63,1468,40,235.00,71.12,48.00,3114,221458
386,386,*NOUSE*,*NOUSE*,58,543,51,31.00,18.89, 5.94,55,1039
387,387,*NOUSE*,*NOUSE*,0,0,0,0,0,0,0,0
388,388,INV9,,62,406,70,89.00,38.06,18.34,2345,89244
389,389,PM2VR1,,65,1507,75,144.00,39.80,29.27,6025,239817
390,390,*NOUSE*,*NOUSE*,0,0,0,0,0,0,0,0
391,391,*NOUSE*,*NOUSE*,0,0,0,0,0,0,0,0
392,392,*NOUSE*,*NOUSE*,0,0,0,0,0,0,0,0
393,393,G2R,,62,1089,87,216.00,75.48,48.51,3226,243495
394,394,*NOUSE*,*NOUSE*,0,0,0,0,0,0,0,0
395,395,SMBVR,,61,1224,92,204.00,107.48,41.38,2403,258271
396,396,DR16,,65,729,36,153.00,47.46,34.84,3842,182327
397,397,*NOUSE*,*NOUSE*,0,0,0,0,0,0,0,0
398,398,*NOUSE*,*NOUSE*,0,0,0,0,0,0,0,0
399,399,INDR1,,68,1022,46,94.00,35.91,18.29,6578,236199
400,400,*NOUSE*,*NOUSE*,0,0,0,0,0,0,0,0
401,401,*NOUSE*,*NOUSE*,0,0,0,0,0,0,0,0
402,402,*NOUSE*,*NOUSE*,0,0,0,0,0,0,0,0
403,403,INVR1,,66,1024,86,106.00,35.42,18.23,6527,231212
404,404,*NOUSE*,*NOUSE*,0,0,0,0,0,0,0,0
405,405,DR14,,67,849,37,161.00,44.48,32.16,4325,192361
406,406,INV6,,63,689,56,61.00,22.13, 8.48,7185,158997
407,407,*NOUSE*,*NOUSE*,0,0,0,0,0,0,0,0
408,408,ALNR,,63,287,54,186.00,72.66,47.73,2601,188993
409,409,*NOUSE*,*NOUSE*,0,0,0,0,0,0,0,0
410,410,*NOUSE*,*NOUSE*,0,0,0,0,0,0,0,0
411,411,*NOUSE*,*NOUSE*,0,0,0,0,0,0,0,0
412,412,*NOUSE*,*NOUSE*,0,0,0,0,0,0,0,0
413,413,VPI2DR,,68,1074,72,220.00,67.67,48.04,3974,268912
414,414,*NOUSE*,*NOUSE*,0,0,0,0,0,0,0,0
415,415,PM6VR,,66,1128,78,165.00,63.17,33.19,3857,243637
416,416,PM7VR,,66,1103,79,168.00,61.70,37.56,3619,223284
417,417,GLRR,,67,1253,77,216.00,91.28,43.15,2745,250573
418,418,*NOUSE*,*NOUSE*,0,0,0,0,0,0,0,0
419,419,*NOUSE*,*NOUSE*,0,0,0,0,0,0,0,0
420,420,*NOUSE*,*NOUSE*,0,0,0,0,0,0,0,0
421,421,VR17,,66,610,84,150.00,44.82,31.06,2473,110829
422,422,SIAVR,,67,1200,93,198.00,75.13,41.97,2392,179700
423,423,RIFR,,64,1138,101,213.00,87.95,46.78,2420,212841
424,424,DR12,,67,935,34,168.00,44.51,34.16,4573,203557
425,425,*NOUSE*,*NOUSE*,0,0,0,0,0,0,0,0
426,426,G1AR,,67,1142,60,184.00,70.39,37.57,3664,257925
427,427,*NOUSE*,*NOUSE*,0,0,0,0,0,0,0,0
428,428,*NOUSE*,*NOUSE*,0,0,0,0,0,0,0,0
429,429,*NOUSE*,*NOUSE*,0,0,0,0,0,0,0,0
430,430,*NOUSE*,*NOUSE*,0,0,0,0,0,0,0,0
431,431,VR19,,67,463,77,148.00,43.16,29.48,5020,216666
432,432,*NOUSE*,*NOUSE*,0,0,0,0,0,0,0,0
433,433,*NOUSE*,*NOUSE*,0,0,0,0,0,0,0,0
434,434,NSMR,,68,1336,83,217.00,78.89,45.01,3028,238880
435,435,*NOUSE*,*NOUSE*,0,0,0,0,0,0,0,0
436,436,VR16,,68,683,83,167.00,46.04,33.32,5509,253651
437,437,*NOUSE*,*NOUSE*,0,0,0,0,0,0,0,0
438,438,*NOUSE*,*NOUSE*,0,0,0,0,0,0,0,0
439,439,*NOUSE*,*NOUSE*,0,0,0,0,0,0,0,0
440,440,*NOUSE*,*NOUSE*,0,0,0,0,0,0,0,0
441,441,*NOUSE*,*NOUSE*,0,0,0,0,0,0,0,0
442,442,*NOUSE*,*NOUSE*,0,0,0,0,0,0,0,0
443,443,*NOUSE*,*NOUSE*,0,0,0,0,0,0,0,0
444,444,*NOUSE*,*NOUSE*,0,0,0,0,0,0,0,0
445,445,VR15,,70,772,80,211.00,52.36,39.19,5526,289345
446,446,*NOUSE*,*NOUSE*,0,0,0,0,0,0,0,0
447,447,PM4VR,,64,1345,92,174.00,69.36,33.25,3650,253148
448,448,RIS,,68,1162,93,199.00,81.18,40.61,2745,222844
449,449,*NOUSE*,*NOUSE*,0,0,0,0,0,0,0,0
450,450,*NOUSE*,*NOUSE*,0,0,0,0,0,0,0,0
451,451,*NOUSE*,*NOUSE*,0,0,0,0,0,0,0,0
452,452,*NOUSE*,*NOUSE*,0,0,0,0,0,0,0,0
453,453,IL2DR,,69,1330,44,182.00,73.02,35.32,3425,250078
454,454,*NOUSE*,*NOUSE*,0,0,0,0,0,0,0,0
455,455,MC3DR,,70,1106,58,169.00,51.66,37.47,4891,252657
456,456,M,,67,574,59,90.00,28.59,15.32,6135,175397
457,457,*NOUSE*,*NOUSE*,0,0,0,0,0,0,0,0
458,458,*NOUSE*,*NOUSE*,0,0,0,0,0,0,0,0
459,459,*NOUSE*,*NOUSE*,0,0,0,0,0,0,0,0
460,460,*NOUSE*,*NOUSE*,0,0,0,0,0,0,0,0
461,461,*NOUSE*,*NOUSE*,0,0,0,0,0,0,0,0
462,462,SABD,,66,1121,101,201.00,74.89,47.83,3066,229612
463,463,*NOUSE*,*NOUSE*,0,0,0,0,0,0,0,0
464,464,VR7,,68,1185,103,146.00,57.95,31.24,2390,138505
465,465,*NOUSE*,*NOUSE*,0,0,0,0,0,0,0,0
466,466,DR7,,66,1165,37,173.00,71.43,38.38,3446,246136
467,467,almr,,71,891,42,199.00,55.47,44.64,3837,212856
468,468,*NOUSE*,*NOUSE*,0,0,0,0,0,0,0,0
469,469,*NOUSE*,*NOUSE*,0,0,0,0,0,0,0,0
470,470,canr,,71,783,57,185.00,51.04,41.53,4206,214683
471,471,*NOUSE*,*NOUSE*,0,0,0,0,0,0,0,0
472,472,PVCR,,67,297,64,185.00,62.86,43.43,3233,203236
473,473,RIBR,,69,1202,69,186.00,75.31,36.68,3185,239863
474,474,Z1,,70,752,74,145.00,43.66,30.36,5300,231372
475,475,AVER,,71,1244,71,196.00,87.24,40.97,2599,226724
476,476,CEPSHVR,,72,1288,87,176.00,60.79,35.66,3317,201642
477,477,*NOUSE*,*NOUSE*,0,0,0,0,0,0,0,0
478,478,CEPSOVR,,71,1321,93,162.00,65.19,35.23,2863,186647
479,479,*NOUSE*,*NOUSE*,0,0,0,0,0,0,0,0
480,480,*NOUSE*,*NOUSE*,0,0,0,0,0,0,0,0
481,481,AVKR,,70,1148,95,189.00,80.13,43.65,2814,225483
482,482,*NOUSE*,*NOUSE*,0,0,0,0,0,0,0,0
483,483,*NOUSE*,*NOUSE*,0,0,0,0,0,0,0,0
484,484,M1,,67,1132,47,221.00,83.04,51.33,3565,296048
485,485,*NOUSE*,*NOUSE*,0,0,0,0,0,0,0,0
486,486,*NOUSE*,*NOUSE*,0,0,0,0,0,0,0,0
487,487,*NOUSE*,*NOUSE*,0,0,0,0,0,0,0,0
488,488,*NOUSE*,*NOUSE*,0,0,0,0,0,0,0,0
489,489,SMDDR,,71,1231,99,181.00,78.00,43.60,2494,194534
490,490,*NOUSE*,*NOUSE*,0,0,0,0,0,0,0,0
491,491,*NOUSE*,*NOUSE*,0,0,0,0,0,0,0,0
492,492,PHBR,,73,322,56,199.00,62.00,41.76,3166,196284
493,493,V5R,,72,536,63,127.00,36.55,21.63,5477,200162
494,494,BDUR,,73,1033,66,208.00,64.56,50.14,3897,251609
495,495,PHAR,,71,321,69,222.00,65.84,44.43,3743,246440
496,496,*NOUSE*,*NOUSE*,0,0,0,0,0,0,0,0
497,497,*NOUSE*,*NOUSE*,0,0,0,0,0,0,0,0
498,498,*NOUSE*,*NOUSE*,0,0,0,0,0,0,0,0
499,499,*NOUSE*,*NOUSE*,0,0,0,0,0,0,0,0
500,500,*NOUSE*,*NOUSE*,0,0,0,0,0,0,0,0
501,501,VR12,,73,919,87,180.00,44.92,33.43,5397,242431
502,502,DR8,,74,1133,38,164.00,52.86,35.33,4877,257789
503,503,*NOUSE*,*NOUSE*,0,0,0,0,0,0,0,0
504,504,*NOUSE*,*NOUSE*,0,0,0,0,0,0,0,0
505,505,*NOUSE*,*NOUSE*,0,0,0,0,0,0,0,0
506,506,*NOUSE*,*NOUSE*,0,0,0,0,0,0,0,0
507,507,*NOUSE*,*NOUSE*,0,0,0,0,0,0,0,0
508,508,DA9,,70,356,71,177.00,63.39,40.79,3401,215601
509,509,*NOUSE*,*NOUSE*,0,0,0,0,0,0,0,0
510,510,DR5,,70,1283,39,170.00,67.10,35.84,3636,243964
511,511,*NOUSE*,*NOUSE*,0,0,0,0,0,0,0,0
512,512,CEPDR,,72,1262,45,206.00,83.19,48.56,2706,225102
513,513,*NOUSE*,*NOUSE*,0,0,0,0,0,0,0,0
514,514,LUAR,,70,306,57,227.00,71.26,52.29,3130,223037
515,515,*NOUSE*,*NOUSE*,0,0,0,0,0,0,0,0
516,516,*NOUSE*,*NOUSE*,0,0,0,0,0,0,0,0
517,517,*NOUSE*,*NOUSE*,0,0,0,0,0,0,0,0
518,518,RIPR,,70,1306,66,197.00,92.52,41.01,2653,245452
519,519,PVQR,,74,338,62,171.00,55.48,39.05,4255,236048
520,520,*NOUSE*,*NOUSE*,0,0,0,0,0,0,0,0
521,521,P11/12R,,73,392,66,102.00,39.01,21.16,3895,151928
522,522,*NOUSE*,*NOUSE*,0,0,0,0,0,0,0,0
523,523,*NOUSE*,*NOUSE*,0,0,0,0,0,0,0,0
524,524,CCRA,,73,971,86,202.00,57.47,47.14,4291,246589
525,525,*NOUSE*,*NOUSE*,0,0,0,0,0,0,0,0
526,526,*NOUSE*,*NOUSE*,0,0,0,0,0,0,0,0
527,527,VR8,,74,1128,96,172.00,58.05,35.97,3263,189405
528,528,*NOUSE*,*NOUSE*,0,0,0,0,0,0,0,0
529,529,*NOUSE*,*NOUSE*,0,0,0,0,0,0,0,0
530,530,*NOUSE*,*NOUSE*,0,0,0,0,0,0,0,0
531,531,*NOUSE*,*NOUSE*,0,0,0,0,0,0,0,0
532,532,*NOUSE*,*NOUSE*,0,0,0,0,0,0,0,0
533,533,HYP1R,,76,1391,59,192.00,62.10,40.18,3848,238979
534,534,*NOUSE*,*NOUSE*,0,0,0,0,0,0,0,0
535,535,*NOUSE*,*NOUSE*,0,0,0,0,0,0,0,0
536,536,ARCPDR,,73,1406,57,176.00,67.51,37.81,3951,266723
537,537,HYP5R,,74,1504,66,108.00,37.40,21.29,5853,218900
538,538,BAGR,,76,1306,77,177.00,79.34,40.60,2656,210734
539,539,*NOUSE*,*NOUSE*,0,0,0,0,0,0,0,0
540,540,OLQSHVR,,76,1379,81,194.00,68.95,42.07,3032,209062
541,541,VR6,,74,1275,94,145.00,43.39,25.08,3875,168155
542,542,*NOUSE*,*NOUSE*,0,0,0,0,0,0,0,0
543,543,*NOUSE*,*NOUSE*,0,0,0,0,0,0,0,0
544,544,DR1,,73,1462,52,139.00,50.18,28.21,4599,230793
545,545,*NOUSE*,*NOUSE*,0,0,0,0,0,0,0,0
546,546,*NOUSE*,*NOUSE*,0,0,0,0,0,0,0,0
547,547,V4R,,76,673,66,123.00,37.82,23.24,5626,212785
548,548,V1R,,77,1015,68,176.00,48.88,33.79,5031,245902
549,549,*NOUSE*,*NOUSE*,0,0,0,0,0,0,0,0
550,550,ARCPVR,,76,1440,73,189.00,61.25,39.18,3785,231821
551,551,URYVR,,76,1317,84,199.00,77.21,46.58,2817,217514
552,552,EXC GL R,,76,1105,92,167.00,52.14,36.42,4302,224286
553,553,*NOUSE*,*NOUSE*,0,0,0,0,0,0,0,0
554,554,*NOUSE*,*NOUSE*,0,0,0,0,0,0,0,0
555,555,*NOUSE*,*NOUSE*,0,0,0,0,0,0,0,0
556,556,*NOUSE*,*NOUSE*,0,0,0,0,0,0,0,0
557,557,*NOUSE*,*NOUSE*,0,0,0,0,0,0,0,0
558,558,*NOUSE*,*NOUSE*,0,0,0,0,0,0,0,0
559,559,*NOUSE*,*NOUSE*,0,0,0,0,0,0,0,0
560,560,hsnr,,77,711,70,183.00,52.86,39.47,4298,227192
561,561,*NOUSE*,*NOUSE*,0,0,0,0,0,0,0,0
562,562,RICR,,78,1176,83,199.00,82.79,48.87,2850,235951
563,563,*NOUSE*,*NOUSE*,0,0,0,0,0,0,0,0
564,564,*NOUSE*,*NOUSE*,0,0,0,0,0,0,0,0
565,565,*NOUSE*,*NOUSE*,0,0,0,0,0,0,0,0
566,566,*NOUSE*,*NOUSE*,0,0,0,0,0,0,0,0
567,567,ARCADR,,78,1442,62,179.00,55.61,36.57,4241,235847
568,568,*NOUSE*,*NOUSE*,0,0,0,0,0,0,0,0
569,569,*NOUSE*,*NOUSE*,0,0,0,0,0,0,0,0
570,570,*NOUSE*,*NOUSE*,0,0,0,0,0,0,0,0
571,571,*NOUSE*,*NOUSE*,0,0,0,0,0,0,0,0
572,572,RMDR,,76,1259,84,203.00,77.23,47.40,2633,203353
573,573,*NOUSE*,*NOUSE*,0,0,0,0,0,0,0,0
574,574,*NOUSE*,*NOUSE*,0,0,0,0,0,0,0,0
575,575,*NOUSE*,*NOUSE*,0,0,0,0,0,0,0,0
576,576,*NOUSE*,*NOUSE*,0,0,0,0,0,0,0,0
577,577,ASER,,77,1191,66,148.00,60.94,29.57,3496,213039
578,578,*NOUSE*,*NOUSE*,0,0,0,0,0,0,0,0
579,579,RMDVR,,78,1275,69,191.00,57.38,36.45,3779,216850
580,580,*NOUSE*,*NOUSE*,0,0,0,0,0,0,0,0
581,581,H0R,,79,1399,71,165.00,51.00,30.52,4428,225815
582,582,*NOUSE*,*NOUSE*,0,0,0,0,0,0,0,0
583,583,*NOUSE*,*NOUSE*,0,0,0,0,0,0,0,0
584,584,VR4,,76,1342,94,135.00,57.66,26.85,3095,178451
585,585,*NOUSE*,*NOUSE*,0,0,0,0,0,0,0,0
586,586,*NOUSE*,*NOUSE*,0,0,0,0,0,0,0,0
587,587,SMDVR,,77,1251,54,191.00,77.83,44.10,2781,216450
588,588,*NOUSE*,*NOUSE*,0,0,0,0,0,0,0,0
589,589,*NOUSE*,*NOUSE*,0,0,0,0,0,0,0,0
590,590,*NOUSE*,*NOUSE*,0,0,0,0,0,0,0,0
591,591,AVAR,,77,1256,70,189.00,71.80,41.30,2682,192568
592,592,*NOUSE*,*NOUSE*,0,0,0,0,0,0,0,0
593,593,ADESHR,,77,1105,79,227.00,74.86,53.11,3394,254084
594,594,*NOUSE*,*NOUSE*,0,0,0,0,0,0,0,0
595,595,XXXR,,79,1350,79,221.00,81.07,52.00,2929,237462
596,596,*NOUSE*,*NOUSE*,0,0,0,0,0,0,0,0
597,597,*NOUSE*,*NOUSE*,0,0,0,0,0,0,0,0
598,598,*NOUSE*,*NOUSE*,0,0,0,0,0,0,0,0
599,599,*NOUSE*,*NOUSE*,0,0,0,0,0,0,0,0
600,600,*NOUSE*,*NOUSE*,0,0,0,0,0,0,0,0
601,601,*NOUSE*,*NOUSE*,0,0,0,0,0,0,0,0
602,602,*NOUSE*,*NOUSE*,0,0,0,0,0,0,0,0
603,603,OLLSHR,,80,1367,76,229.00,77.44,50.70,3273,253448
604,604,*NOUSE*,*NOUSE*,0,0,0,0,0,0,0,0
605,605,RMGR,,79,1126,81,214.00,68.41,47.77,3515,240445
606,606,*NOUSE*,*NOUSE*,0,0,0,0,0,0,0,0
607,607,*NOUSE*,*NOUSE*,0,0,0,0,0,0,0,0
608,608,*NOUSE*,*NOUSE*,0,0,0,0,0,0,0,0
609,609,AWCR,,81,1231,77,168.00,63.53,38.42,3960,251585
610,610,AUAR,,78,1212,84,205.00,77.68,48.71,2786,216412
611,611,DR4,,80,1338,48,167.00,64.09,34.17,1408,90239
612,612,*NOUSE*,*NOUSE*,0,0,0,0,0,0,0,0
613,613,*NOUSE*,*NOUSE*,0,0,0,0,0,0,0,0
614,614,*NOUSE*,*NOUSE*,0,0,0,0,0,0,0,0
615,615,*NOUSE*,*NOUSE*,0,0,0,0,0,0,0,0
616,616,VPI2DL,*MANUAL*,43,1074,65,174.00,95.02,35.70,1365,129698
617,617,G1P,*MANUAL*$379$358,62,1087,52,137.00,47.21,29.94,5533,261212
618,618,PM7VL,*MANUAL*,42,1103,80,144.00,76.16,23.60,1185,90247
619,619,M2R,*MANUAL*,68,1145,77,240.00,158.71,41.69,799,126806
620,620,PM5VL,*MANUAL*,51,1148,83,214.00,155.05,23.73,383,59383
621,621,PM5VR,*MANUAL*,57,1148,87,224.00,163.62,25.50,485,79354
622,622,PM5R,*MANUAL*,64,1157,72,218.00,128.40,33.89,485,62276
623,623,PM5DL,*MANUAL*,48,1157,53,167.00,105.51,27.32,895,94433
624,624,PM5DR,*MANUAL*,61,1161,55,204.00,130.89,24.69,895,117144
625,625,MC2DR,*MANUAL*,62,1179,68,151.00,100.02,15.91,839,83916
626,626,M3L,*MANUAL*,49,1310,85,197.00,123.00,35.17,892,109717
627,627,MI,*MANUAL*,58,1346,50,214.00,167.04,18.39,465,77673
628,628,PM4DL,*MANUAL*,51,1346,54,187.00,130.67,24.49,485,63373
629,629,PM4DR,*MANUAL*,67,1346,55,191.00,117.62,28.92,485,57047
630,630,PM4R,*MANUAL*,69,1351,70,203.00,122.30,28.33,895,109462
631,631,I2L,*MANUAL*,45,1354,83,181.00,107.12,28.30,803,86017
632,632,MCL,*MANUAL*,50,1361,79,201.00,130.86,30.37,895,117122
633,633,I2R,*MANUAL*,72,1360,83,232.00,135.32,44.53,826,111777
634,634,MCR,*MANUAL*,67,1354,82,251.00,165.46,43.81,485,80248
635,635,MC1DL,*MANUAL*,47,1368,57,153.00,111.08,14.96,893,99194
636,636,MC1DR,*MANUAL*,68,1367,59,175.00,111.13,21.67,895,99457
637,637,MC1V,*MANUAL*,60,1367,90,144.00,79.08,20.65,879,69515
638,638,PM1DL,*MANUAL*,54,1365,49,210.00,106.75,32.75,359,38325
639,639,PM1DR,*MANUAL*,59,1365,51,241.00,189.64,23.18,485,91975
640,640,PM1L,*MANUAL*,47,1374,67,205.00,105.60,38.87,895,94515
641,641,PM1R,*MANUAL*,69,1374,70,205.00,125.95,35.22,895,112721
642,642,PM1VL,*MANUAL*,49,1374,82,195.00,123.59,35.59,871,107649
643,643,PM1VR,*MANUAL*,64,1373,83,232.00,130.70,44.19,895,116977
644,644,I1R,*MANUAL*,66,1399,80,203.00,130.63,39.09,857,111949
645,645,PM2VR2,*MANUAL*,66,1480,76,181.00,81.33,41.16,1365,111021
646,646,E1VR,*MANUAL*,66,1460,75,221.00,118.31,42.44,701,82938
647,647,E3VR,*MANUAL*,66,1436,78,171.00,84.57,28.53,895,75690
648,648,PM3R,*MANUAL*,66,1417,71,156.00,89.79,24.75,823,73897
649,649,E2D,*MANUAL*$303$315,55,1518,49,158.00,44.74,29.79,4592,205429
650,650,PM2D1,*MANUAL*,57,1486,49,172.00,76.57,32.95,1365,104514
651,651,PM2D2,*MANUAL*,58,1467,49,187.00,96.37,37.96,1279,123260
652,652,E1D,*MANUAL*,58,1437,48,170.00,110.25,23.06,690,76074
653,653,E3D,*MANUAL*,58,1402,50,145.00,83.78,25.11,895,74982
654,654,PM3DR,*MANUAL*,62,1418,55,133.00,65.95,18.72,895,59023
655,655,PM3DL,*MANUAL*,52,1440,55,126.00,59.83,19.96,895,53549
656,656,PM2VL1,*MANUAL*,46,1494,76,170.00,84.85,38.92,1365,115814
657,657,PM2VL2,*MANUAL*,46,1478,77,170.00,87.08,31.02,1365,118863
658,658,E1VL,*MANUAL*,46,1457,77,186.00,124.00,26.05,885,109744
659,659,E3VL,*MANUAL*,47,1433,76,147.00,73.46,27.88,1365,100278
660,660,PM3L,*MANUAL*,47,1412,70,120.00,67.58,20.31,1279,86430
661,661,PM3VL,*MANUAL*,52,1449,80,134.00,74.59,18.15,861,64223
662,662,PM3VR,*MANUAL*,62,1453,81,167.00,85.79,26.49,895,76778
663,663,ADESHL,*MANUAL*,33,1099,80,205.00,103.59,32.10,1365,141397
664,664,ADAL,*MANUAL*,33,1142,85,162.00,90.46,24.49,1362,123200
665,665,ADEL,*MANUAL*,37,1152,79,180.00,119.08,23.90,895,106574
666,666,FLPL,*MANUAL*,33,1164,81,152.00,97.26,25.98,1361,132371
667,667,ASJL,*MANUAL*,33,1201,83,132.00,82.11,16.80,1247,102390
668,668,AUAL,*MANUAL*,33,1217,84,201.00,116.85,29.51,1177,137527
669,669,AWCL,*MANUAL*,33,1235,79,192.00,104.05,22.68,1326,137967
670,670,ASEL,*MANUAL*,31,1196,65,162.00,91.82,21.39,1353,124228
671,671,AVDL,*MANUAL*,32,1175,63,175.00,104.17,28.89,1361,141770
672,672,AVHL,*MANUAL*,38,1181,46,206.00,144.79,25.39,889,128720
673,673,AVJL,*MANUAL*,36,1167,53,203.00,115.03,37.78,1360,156436
674,674,AWBL,*MANUAL*,36,1216,53,189.00,105.33,29.52,1127,118707
675,675,SMDVL,*MANUAL*,39,1253,51,183.00,116.57,23.29,879,102467
676,676,ADFL,*MANUAL*,42,1230,53,152.00,102.47,21.12,1235,126547
677,677,AWAL,*MANUAL*,44,1214,56,190.00,113.56,27.76,1365,155004
678,678,AVEL,*MANUAL*,41,1249,72,188.00,109.51,33.78,1322,144778
679,679,RIBL,*MANUAL*,43,1200,63,179.00,119.26,23.76,895,106739
680,680,RIML,*MANUAL*,38,1189,73,154.00,87.43,27.07,1365,119337
681,681,AIZL,*MANUAL*,40,1170,73,176.00,116.03,25.29,895,103849
682,682,AVBL,*MANUAL*,43,1180,56,220.00,138.94,30.61,895,124347
683,683,RIVL,*MANUAL*,44,1168,46,215.00,133.54,38.39,893,119248
684,684,ASKL,*MANUAL*,50,1226,46,154.00,94.84,23.80,2103,199446
685,685,URXL,*MANUAL*,54,1245,46,220.00,142.20,31.94,1211,172208
686,686,URXR,*MANUAL*,66,1250,45,186.00,130.72,22.88,895,116997
687,687,ASKR,*MANUAL*,65,1229,45,183.00,110.35,21.07,1327,146434
688,688,ADLR,*MANUAL*,65,1207,43,172.00,96.60,25.98,1365,131854
689,689,ASIR,*MANUAL*,64,1185,47,204.00,133.45,25.39,1363,181895
690,690,RIVR,*MANUAL*,70,1168,49,243.00,168.87,33.48,871,147085
691,691,ADAR,*MANUAL*,78,1141,85,221.00,145.45,39.24,855,124363
692,692,ADER,*MANUAL*,75,1149,80,243.00,174.41,31.06,874,152432
693,693,FLPR,*MANUAL*,78,1161,84,227.00,144.16,35.41,895,129026
694,694,ASJR,*MANUAL*$596$583,77,1194,84,152.00,62.98,31.39,2972,187176
695,695,SIBDR,*MANUAL*,80,1243,86,233.00,116.36,51.63,1365,158834
696,696,ASHR,*MANUAL*,77,1213,70,169.00,105.02,28.62,1339,140618
697,697,AVDR,*MANUAL*,77,1173,70,233.00,146.29,40.55,1274,186377
698,698,AINR,*MANUAL*,76,1158,64,207.00,124.57,35.68,1365,170039
699,699,AVJR,*MANUAL*,76,1171,57,240.00,143.93,34.71,895,128814
700,700,AVHR,*MANUAL*,74,1179,48,213.00,132.93,41.18,895,118973
701,701,ASGR,*MANUAL*,73,1195,46,187.00,107.53,36.92,1365,146783
702,702,AWBR,*MANUAL*,76,1213,54,196.00,115.29,37.08,1312,151265
703,703,AFDR,*MANUAL*,79,1234,63,181.00,103.51,35.07,895,92643
704,704,ADFR,*MANUAL*,70,1225,55,205.00,119.90,28.22,1365,163659
705,705,AWAR,*MANUAL*,68,1208,56,202.00,127.60,26.06,895,114202
706,706,AIBR,*MANUAL*,70,1223,70,185.00,113.20,27.05,1365,154517
707,707,RIMR,*MANUAL*,69,1186,77,193.00,115.62,27.75,1365,157821
708,708,AIZR,*MANUAL*,70,1169,76,225.00,131.81,38.44,1365,179926
709,709,AVBR,*MANUAL*,69,1181,62,194.00,131.32,25.88,895,117530
710,710,RIAR,*MANUAL*,69,1241,56,213.00,145.45,24.55,895,130175
711,711,SAAVR,*MANUAL*,69,1256,60,231.00,157.33,30.34,889,139863
712,712,SAAVL,*MANUAL*,43,1260,58,207.00,135.77,30.84,881,119610
713,713,RIAL,*MANUAL*,45,1242,55,192.00,122.22,22.78,895,109391
714,714,RID,*MANUAL*,60,1274,38,163.00,101.40,21.88,1365,138413
715,715,ALA,*MANUAL*,57,1258,38,194.00,121.59,26.55,895,108822
716,716,GLRDL,*MANUAL*,52,1263,53,218.00,148.84,27.56,895,133214
717,717,GLRDR,*MANUAL*,64,1262,53,246.00,153.83,43.17,895,137682
718,718,CEPDL,*MANUAL*,47,1250,42,213.00,138.93,29.08,895,124346
719,719,RMDDR,*MANUAL*,72,1250,95,219.00,135.98,34.44,889,120883
720,720,SMBDR,*MANUAL*,66,1212,98,202.00,131.61,38.22,895,117789
721,721,GLRVL,*MANUAL*,48,1260,86,221.00,152.49,33.36,485,73957
722,722,GLRVR,*MANUAL*,65,1258,87,222.00,157.59,36.84,485,76429
723,723,GLRL,*MANUAL*,45,1254,79,212.00,153.70,27.71,485,74544
724,724,SAADR,*MANUAL*,65,1243,93,236.00,178.25,30.71,444,79141
725,725,SAADL,*MANUAL*,48,1245,91,217.00,153.15,23.83,477,73052
726,726,RIH,*MANUAL*,57,1241,91,241.00,169.04,30.21,895,151289
727,727,SIBVL,*MANUAL*,42,1235,85,205.00,138.04,28.15,861,118849
728,728,SIBVR,*MANUAL*,71,1235,88,231.00,154.30,29.52,767,118349
729,729,SMBVL,*MANUAL*,48,1228,89,207.00,139.61,32.04,895,124952
730,730,RIR,*MANUAL*,66,1231,83,226.00,152.25,28.46,895,136266
731,731,AIAL,*MANUAL*,50,1214,89,200.00,164.38,18.21,485,79723
732,732,AIAR,*MANUAL*,60,1211,89,222.00,162.12,23.37,441,71494
733,733,AVL,*MANUAL*,66,1212,83,200.00,126.77,26.33,895,113458
734,734,SIADR,*MANUAL*,72,1220,90,202.00,130.88,29.61,895,117137
735,735,SIADL,*MANUAL*,41,1219,84,201.00,141.65,25.17,895,126776
736,736,SIAVL,*MANUAL*,42,1204,93,186.00,105.79,33.14,895,94678
737,737,EXC DUCT,*MANUAL*,42,1202,81,165.00,101.83,25.68,895,91135
738,738,EXC,*MANUAL*,50,1189,91,78.00,42.55,13.42,895,38080
739,739,AIMR,*MANUAL*,61,1179,92,214.00,140.89,36.71,879,123840
740,740,AIYR,*MANUAL*,71,1176,92,219.00,141.23,30.89,895,126403
741,741,AIML,*MANUAL*,51,1168,95,179.00,120.04,25.19,818,98191
742,742,AIYL,*MANUAL*,43,1168,91,191.00,110.86,26.88,895,99219
743,743,AVKL,*MANUAL*,45,1153,97,128.00,86.22,16.54,895,77166
744,744,EXC GL L,*MANUAL*,40,1134,95,111.00,62.88,16.68,895,56280
745,745,SABVR,*MANUAL*,60,1154,103,171.00,117.03,23.58,769,89999
746,746,RIFL,*MANUAL*,53,1154,106,178.00,107.66,30.23,895,96357
747,747,RIGL,*MANUAL*,50,1126,102,197.00,124.71,30.26,877,109372
748,748,DB1,*MANUAL*,58,1119,107,209.00,125.35,31.96,895,112185
749,749,IL2R,*MANUAL*,81,1346,71,180.00,116.15,30.96,895,103954
750,750,IL1R,*MANUAL*,79,1331,79,204.00,115.36,39.59,895,103249
751,751,URBR,*MANUAL*,79,1324,69,207.00,143.76,29.68,769,110549
752,752,OLQVR,*MANUAL*,71,1303,88,197.00,123.32,28.85,861,106177
753,753,RMER,*MANUAL*,72,1296,71,207.00,134.25,33.85,895,120150
754,754,OLLR,*MANUAL*,74,1322,64,215.00,137.93,38.51,879,121244
755,755,CEPSHDR,*MANUAL*$557$517,75,1290,59,187.00,65.38,36.13,3394,221886
756,756,URYDR,*MANUAL*,76,1306,55,225.00,151.55,29.85,891,135034
757,757,URADR,*MANUAL*,73,1319,54,223.00,156.51,27.78,891,139451
758,758,RMEL,*MANUAL*,37,1294,69,167.00,111.00,22.72,895,99344
759,759,RIPL,*MANUAL*,43,1308,67,185.00,129.13,23.21,876,113121
760,760,OLLL,*MANUAL*,41,1323,63,168.00,112.43,23.51,821,92302
761,761,URYDL,*MANUAL*,41,1309,51,212.00,141.51,28.58,811,114768
762,762,IL2L,*MANUAL*,31,1344,66,128.00,84.82,15.58,891,75575
763,763,URBL,*MANUAL*,32,1323,64,175.00,119.72,23.23,895,107153
764,764,BAGL,*MANUAL*,33,1306,69,167.00,87.78,31.48,1365,119818
765,765,CEPSHVL,*MANUAL*,40,1290,87,199.00,104.94,37.33,789,82799
766,766,OLQVL,*MANUAL*,40,1304,85,175.00,97.42,30.47,895,87193
767,767,IL1L,*MANUAL*,36,1327,76,155.00,97.24,20.60,895,87031
768,768,CEPVR,*MANUAL*,61,1282,101,203.00,130.25,32.12,877,114229
769,769,CEPVL,*MANUAL*,53,1289,101,202.00,146.15,22.76,719,105085
770,770,IL1VL,*MANUAL*,56,1306,102,203.00,127.10,36.41,796,101169
771,771,IL1VR,*MANUAL*,59,1316,104,181.00,116.44,28.88,849,98860
772,772,URAVL,*MANUAL*,49,1302,100,223.00,133.91,48.25,895,119845
773,773,IL2VL,*MANUAL*,51,1317,101,191.00,111.40,35.55,895,99704
774,774,IL2VR,*MANUAL*,61,1333,105,146.00,86.10,23.45,895,77060
775,775,URAVR,*MANUAL*,62,1298,103,212.00,133.28,37.95,839,111820
776,776,RMED,*MANUAL*,60,1295,45,222.00,154.76,31.58,893,138197
777,777,OLQDR,*MANUAL*,69,1302,47,226.00,153.59,29.84,889,136542
778,778,IL1DL,*MANUAL*,49,1312,53,218.00,151.58,28.30,895,135665
779,779,IL1DR,*MANUAL*,65,1312,50,229.00,159.54,27.35,895,142791
780,780,IL2DL,*MANUAL*,48,1338,41,163.00,96.65,23.41,1365,131931
781,781,CEPSODL,*MANUAL*,38,1340,58,184.00,110.17,26.95,895,98602
782,782,OLLSOL,*MANUAL*,37,1358,58,175.00,107.62,24.34,792,85237
783,783,OLQSHDL,*MANUAL*,32,1364,58,180.00,102.45,30.22,895,91693
784,784,ILSHDL,*MANUAL*,37,1376,56,195.00,119.32,28.88,895,106794
785,785,ARCPDL,*MANUAL*,37,1418,55,138.00,79.13,19.61,1365,108018
786,786,ILSOL,*MANUAL*,39,1408,73,155.00,84.45,25.14,895,75583
787,787,OLQSOVL,*MANUAL*,39,1389,73,124.00,80.13,19.83,895,71716
788,788,*NOUSE*,*NOUSE*,0,0,0,0,0,0,0,0
789,789,XXXL,*MANUAL*,35,1345,78,149.00,95.66,21.49,895,85617
790,790,ILSHR,*MANUAL*,73,1394,84,221.00,121.55,38.74,895,108791
791,791,OLQSOVR,*MANUAL*,73,1409,81,167.00,104.02,28.81,895,93099
792,792,ILSOR,*MANUAL*,74,1420,74,200.00,124.37,34.77,895,111310
793,793,CEPSODR,*MANUAL*,78,1338,56,244.00,142.65,42.85,895,127674
794,794,OLLSOR,*MANUAL*,81,1353,60,243.00,128.46,42.03,895,114973
795,795,OLQSHDR,*MANUAL*,81,1369,63,236.00,148.72,37.69,895,133100
796,796,ILSHDR,*MANUAL*,76,1377,56,213.00,135.58,35.43,895,121342
797,797,OLQSODR,*MANUAL*,64,1419,41,210.00,127.59,38.31,852,108707
798,798,ILSODL,*MANUAL*,53,1463,41,195.00,118.71,28.98,895,106241
799,799,OLQSODL,*MANUAL*,53,1439,42,194.00,140.18,22.75,773,108360
800,800,ILSODR,*MANUAL*,65,1446,41,207.00,101.59,43.70,1365,138666
801,801,HYP6D1,*MANUAL*,58,1434,37,180.00,98.92,31.19,1365,135029
802,802,HYP6D2,*MANUAL*,58,1411,37,209.00,108.36,33.72,1365,147911
803,803,HYP7D1,*MANUAL*$322$335,57,1307,33,138.00,51.44,25.67,2147,110444
804,804,ARCPV,*MANUAL*,53,1483,92,180.00,91.20,34.76,1269,115730
805,805,HYP1V,*MANUAL*,60,1475,91,191.00,101.47,32.95,1365,138511
806,806,ILSOVR,*MANUAL*,60,1453,94,203.00,118.31,35.90,847,100212
807,807,ILSHVR,*MANUAL*,60,1432,96,226.00,103.09,45.86,1180,121647
808,808,ILSOVL,*MANUAL*,54,1460,91,217.00,116.39,38.22,895,104165
809,809,ILSHVL,*MANUAL*,53,1433,94,219.00,140.25,37.41,859,120477
810,810,HYP6V2,*MANUAL*$320$221,54,1412,97,94.00,42.54,16.52,4279,182012
811,811,HYP7V1,*MANUAL*$333$332,55,1346,108,106.00,37.55,17.21,3001,112679
812,812,HYP7V2,*MANUAL*,55,1291,108,170.00,74.63,32.66,895,66793
813,813,DA7,*MANUAL*,56,453,85,187.00,94.91,31.16,1333,126511
814,814,DA5,*MANUAL*,55,723,89,184.00,93.57,40.72,1341,125482
815,815,DA4,*MANUAL*,57,844,94,192.00,116.35,36.78,1278,148693
816,816,DD2,*MANUAL*,56,970,100,213.00,117.90,34.15,1365,160927
817,817,DL3,*MANUAL*$205$181,46,1388,41,113.00,49.25,21.31,4606,226857
818,818,DL4,*MANUAL*$87$80,37,1351,46,116.00,56.28,23.57,2211,124442
819,819,DL5,*MANUAL*,47,1278,38,136.00,87.59,19.71,895,78390
820,820,OLQDL,*MANUAL*,48,1298,49,177.00,113.01,28.38,1365,154264
821,821,DL6,*MANUAL*,39,1285,45,151.00,71.35,24.66,1365,97390
822,822,DL7,*MANUAL*,51,1167,35,186.00,102.48,30.84,1355,138857
823,823,HMC,*MANUAL*,55,1156,34,181.00,106.92,36.62,895,95697
824,824,DL8,*MANUAL*$119$140,41,1098,35,139.00,45.06,27.24,5567,250852
825,825,DL9,*MANUAL*$168$167,47,1072,34,186.00,49.57,34.81,5296,262508
826,826,DL14,*MANUAL*$152$120,41,799,36,129.00,41.70,26.24,3563,148591
827,827,DL15,*MANUAL*$169$153,45,757,36,133.00,43.16,28.55,3682,158916
828,828,DL16,*MANUAL*$154$170,44,685,38,134.00,41.11,27.52,3643,149750
829,829,*NOUSE*,*NOUSE*,0,0,0,0,0,0,0,0
830,830,DL19,*MANUAL*$182$204,47,485,38,156.00,43.72,31.94,3847,168183
831,831,VL1,*MANUAL*$74$93,37,1467,75,129.00,43.65,24.61,2274,99254
832,832,VL2,*MANUAL*,43,1436,91,154.00,70.09,26.30,1365,95671
833,833,ILSHL,*MANUAL*,40,1397,87,122.00,62.72,23.16,1341,84106
834,834,VL3,*MANUAL*,44,1398,96,89.00,43.95,17.82,895,39339
835,835,VL4,*MANUAL*$95$84,38,1346,92,121.00,48.26,21.81,3209,154860
836,836,VL5,*MANUAL*,44,1291,99,167.00,105.51,28.89,743,78392
837,837,VL6,*MANUAL*,38,1286,95,147.00,74.44,29.90,1365,101613
838,838,W,*MANUAL*,51,1196,103,140.00,73.87,28.41,895,66115
839,839,VL7,*MANUAL*,44,1181,102,138.00,81.43,20.41,895,72884
840,840,VL8,*MANUAL*,44,1118,102,179.00,92.56,38.10,895,82841
841,841,VL9,*MANUAL*$201$202,46,1078,101,171.00,50.91,34.46,3621,184346
842,842,VL13,*MANUAL*,48,848,94,190.00,94.87,36.55,1365,129492
843,843,VL15,*MANUAL*,48,732,87,163.00,88.26,32.63,1365,120470
844,844,VL17,*MANUAL*$191$190,47,533,81,137.00,40.67,28.30,5112,207929
845,845,VL18,*MANUAL*,47,447,82,152.00,68.32,29.40,1365,93261
846,846,VL19,*MANUAL*,52,284,76,165.00,81.82,34.60,895,73230
847,847,VR20,*MANUAL*,62,283,75,164.00,84.72,33.70,895,75826
848,848,DR2,*MANUAL*$553$565,73,1430,46,130.00,55.68,27.66,1242,69156
849,849,DR3,*MANUAL*$528$513,71,1381,42,140.00,53.67,29.17,4139,222135
850,850,DR6,*MANUAL*,77,1286,46,164.00,95.56,27.63,895,85525
851,851,DR9,*MANUAL*$404$451,67,1080,34,175.00,53.61,38.78,5214,279537
852,852,DR10,*MANUAL*$511$482,72,1052,36,187.00,47.60,35.34,5263,250503
853,853,*NOUSE*,*NOUSE*,0,0,0,0,0,0,0,0
854,854,DR20,*MANUAL*,62,462,38,149.00,61.55,31.81,1365,84019
855,855,DR21,*MANUAL*$485$452,67,345,40,164.00,56.25,36.01,3103,174540
856,856,VR1,*MANUAL*,72,1460,79,220.00,93.98,39.73,1365,128281
857,857,*NOUSE*,*NOUSE*,0,0,0,0,0,0,0,0
858,858,VR2,*MANUAL*$526$857,71,1429,91,135.00,46.86,20.05,3878,181732
859,859,VR3,*MANUAL*$477$488,69,1384,96,128.00,46.46,23.41,3872,179880
860,860,VR5,*MANUAL*,68,1291,101,164.00,79.21,28.89,895,70894
861,861,VR9,*MANUAL*$490$463,68,1081,97,185.00,54.01,36.21,3818,206202
862,862,VR10,*MANUAL*$542$480,71,1044,96,147.00,46.42,32.31,4528,210183
863,863,VR11,*MANUAL*$450$449,67,992,97,174.00,42.86,29.96,5255,225240
864,864,VR14,*MANUAL*$500$394,70,803,83,176.00,43.49,29.32,6258,272184
865,865,VR18,*MANUAL*$419$446,67,542,79,154.00,40.78,28.54,5304,216308
866,866,IMR,*MANUAL*,71,422,70,141.00,72.24,28.96,1365,98608
867,867,H1R,*MANUAL*,83,1293,76,203.00,75.36,32.34,1365,102868
868,868,H2R,*MANUAL*,83,1154,75,200.00,85.37,29.00,1365,116535
869,869,AMSHR,*MANUAL*$599$613$597,79,1131,62,127.00,42.04,22.06,5938,249624
870,870,HYP7ABRD,*MANUAL*$600$601$612,80,1080,70,137.00,43.94,25.33,5257,230967
871,871,HYP7ABRV,*MANUAL*$604$569,79,1056,74,119.00,38.55,21.04,7689,296435
872,872,HYP7ABR3,*MANUAL*$590$568,79,1046,60,112.00,41.64,22.18,4238,176456
873,873,*NOUSE*,*NOUSE*,0,0,0,0,0,0,0,0
874,874,HYP7RC1,*MANUAL*$873$566,76,968,56,111.00,33.00,16.94,6599,217778
875,875,*NOUSE*,*NOUSE*,0,0,0,0,0,0,0,0
876,876,V2R,*MANUAL*$606$578,79,920,66,133.00,41.22,26.42,5410,222991
877,877,*NOUSE*,*NOUSE*,0,0,0,0,0,0,0,0
878,878,P3/4R,*MANUAL*$592$580,79,864,71,160.00,43.10,30.73,5407,233054
879,879,HYP7RC2,*MANUAL*$564$877,76,871,53,114.00,33.55,18.97,6189,207633
880,880,*NOUSE*,*NOUSE*,0,0,0,0,0,0,0,0
881,881,P5/6R,*MANUAL*$608$570,78,768,70,134.00,44.05,28.92,4337,191059
882,882,*NOUSE*,*NOUSE*,0,0,0,0,0,0,0,0
883,883,HYP7RC3,*MANUAL*$589$882,73,762,49,115.00,35.08,19.75,5285,185403
884,884,vr13,*MANUAL*$461$460,69,869,89,170.00,46.87,34.88,5504,257994
885,885,P7/8R,*MANUAL*$561$539,74,632,75,108.00,33.71,20.41,5987,201814
886,886,HYP7RC4,*MANUAL*$573$543,74,626,51,99.00,27.96,14.77,6323,176818
887,887,P9/10R,*MANUAL*$522$507,72,508,69,151.00,36.39,23.40,5633,204978
888,888,V6R,*MANUAL*$505$506$549$532,73,461,60,116.00,37.88,22.58,5198,196879
889,889,V3R,*MANUAL*$576$880,77,814,66,146.00,41.50,28.10,5283,219256
890,890,QR,*MANUAL*,75,599,69,132.00,70.59,25.81,1365,96352
891,891,CCRP,*MANUAL*,73,952,84,214.00,104.41,45.27,1342,140114
892,892,P1/2R,*MANUAL*,79,948,75,154.00,80.26,28.18,1365,109553
893,893,HYP7RC6,*MANUAL*,73,372,48,103.00,46.08,22.01,1240,57138
894,894,HYP7RC5,*MANUAL*$491$530,70,508,49,117.00,31.64,18.39,5599,177144
895,895,H0L,*MANUAL*,32,1399,62,110.00,63.17,17.44,1365,86232
896,896,MC3DL,*MANUAL*,41,1105,61,150.00,92.38,22.99,895,82681
897,897,HYP7ABLV,*MANUAL*$52$42,32,1056,76,82.00,28.99,12.60,5171,149930
898,898,BDUL,*MANUAL*,36,1025,83,188.00,123.37,28.87,895,110413
899,899,V4L,*MANUAL*$63$81,35,679,70,103.00,32.85,18.58,5285,173606
900,900,V5L,*MANUAL*$90$91,38,533,64,102.00,32.37,17.76,5220,168984
901,901,HYP7LC4,*MANUAL*$107$105,36,629,55,67.00,23.97,10.54,5865,140571
902,902,HYP7LC3,*MANUAL*$58$56,33,771,52,79.00,24.89,12.04,4747,118169
903,903,HYP7LC5,*MANUAL*$106$121,39,501,51,99.00,31.90,16.81,4722,150632
904,904,P9/10L,*MANUAL*$126$108,39,507,73,116.00,33.15,20.08,5906,195766
905,905,HYP7LC6,*MANUAL*,47,337,49,119.00,43.01,25.48,2020,86873
906,906,HYP7LC2,*MANUAL*$47$46,32,885,51,75.00,27.62,12.06,4886,134971
907,907,P5/6L,*MANUAL*$53$43$77,32,761,73,92.00,31.05,16.22,4080,126699
908,908,P11/12L,*MANUAL*,41,392,71,107.00,43.53,19.97,1365,59413
909,909,INV2,*MANUAL*$255$246,54,974,85,86.00,32.17,13.84,5974,192194
910,910,INV5,*MANUAL*$230$226,48,735,65,70.00,24.53, 9.53,6897,169168
911,911,INV8,*MANUAL*$244$317,54,489,71,76.00,32.15,14.69,4622,148600
912,912,*NOUSE*,*NOUSE*,0,0,0,0,0,0,0,0
913,913,DR19,*MANUAL*,61,529,38,133.00,48.62,19.98,1365,66368
914,914,DL18,*MANUAL*,46,542,38,145.00,63.80,32.90,1165,74326
915,915,IND7,*MANUAL*,52,545,45,121.00,26.36,16.44,2103,55441
916,916,*NOUSE*,*NOUSE*,0,0,0,0,0,0,0,0
917,917,IND5,*MANUAL*$354$339,58,774,45,58.00,25.75, 9.64,6537,168332
918,918,IML,*MANUAL*,47,405,75,160.00,81.38,31.43,1365,111086
919,919,PVPL,*MANUAL*,51,384,77,167.00,89.08,28.73,1365,121590
920,920,DA8,*MANUAL*,54,362,77,209.00,107.93,42.54,1349,145602
921,921,SPH,*MANUAL*,48,377,66,160.00,85.17,34.29,1365,116261
922,922,VIRR,*MANUAL*,66,370,54,157.00,91.75,31.15,1365,125245
923,923,PVPR,*MANUAL*,69,374,71,201.00,107.98,37.87,1305,140917
924,924,REPVR,*MANUAL*,71,357,59,176.00,116.11,25.25,895,103922
925,925,DD6,*MANUAL*,60,369,71,229.00,153.74,31.15,895,137595
926,926,REPD,*MANUAL*,58,345,44,185.00,114.36,30.22,895,102354
927,927,K',*MANUAL*,68,342,50,194.00,109.17,31.98,895,97710
928,928,PHSHR,*MANUAL*,63,275,61,195.00,117.54,28.40,895,105197
929,929,K,*MANUAL*,54,332,53,155.00,96.65,22.95,895,86499
930,930,PVQL,*MANUAL*$214$188,47,342,68,135.00,45.21,28.80,4304,194578
931,931,ALNL,*MANUAL*,50,291,56,187.00,105.92,39.38,1365,144583
932,932,PHSHL,*MANUAL*,50,276,66,192.00,99.92,38.39,1365,136386
933,933,HYP71,*MANUAL*,58,222,76,147.00,71.39,29.54,1365,97449
934,934,HYP72,*MANUAL*,56,208,70,147.00,80.00,24.52,1365,109198
935,935,HYP8,*MANUAL*,57,177,66,125.00,74.09,19.88,1365,101136
936,936,HYP9,*MANUAL*,54,135,65,106.00,43.45,23.69,1365,59307
937,937,HYP101,*MANUAL*,54,111,59,107.00,39.06,24.13,1365,53314
938,938,HYP102,*MANUAL*$293$306,54,78,63,122.00,37.86,22.47,3269,123774
939,939,*NOUSE*,*NOUSE*,0,0,0,0,0,0,0,0
940,940,Z2,*MANUAL*$432$939,67,725,72,150.00,43.53,27.81,10517,457769
941,941,ind4,*MANUAL*,56,858,43,85.00,30.42,12.32,2957,89946
942,942,dl13,*MANUAL*,45,859,34,150.00,74.89,26.90,1365,102227
943,943,m3r,*MANUAL*,64,1310,86,216.00,125.07,32.72,895,111941
944,944,plml,*MANUAL*,52,243,74,148.00,78.92,27.87,895,70633
945,945,DL12,*MANUAL*$134$133,42,895,35,144.00,40.76,28.62,4335,176683
946,946,DL20,*MANUAL*$209$144,45,448,43,140.00,39.81,27.86,4393,174898
947,947,DL1,*MANUAL*$136$135,42,1453,50,122.00,45.75,21.63,5161,236137
948,948,IND8,*MANUAL*$912$378,56,462,49,86.00,30.18,14.59,4889,147555
949,949,IND9,*MANUAL*$212$211$224,47,405,50,78.00,29.42,13.05,5474,161054
950,950,AMSOR,*MANUAL*$534$558,76,1423,59,186.00,58.30,34.62,4509,262865
951,951,f1,*MANUAL*,51,1260,73,111.00,25.21,16.82,895,22561
952,952,f2,*MANUAL*,57,1236,72,55.00,19.15, 6.24,895,17136
953,953,f3,*MANUAL*,58,1215,70,46.00,20.11, 5.82,895,18000
954,954,f4,*MANUAL*,58,1192,70,101.00,24.52,15.51,895,21942
955,955,f5,*MANUAL*,58,1143,72,101.00,30.72,14.64,895,27497
956,956,f6,*MANUAL*,57,1124,61,16.00, 6.13, 2.76,895,5488
957,957,f7,*MANUAL*,50,1094,63,20.00, 5.99, 3.28,895,5365
958,958,f8,*MANUAL*,50,1050,69,10.00, 3.30, 1.67,895,2951
959,959,f9,*MANUAL*,51,1023,66,11.00, 3.53, 2.02,895,3155
960,960,f10,*MANUAL*,51,997,67, 6.00, 1.51, 1.21,895,1351
