0,0,*NOUSE*,*NOUSE*,0,0,0,0,0,0,0,0
1,1,*NOUSE*,*NOUSE*,0,0,0,0,0,0,0,0
2,2,AWCR,,41,1290,66,137.00,57.90,29.61,4534,262512
3,3,*NOUSE*,*NOUSE*,0,0,0,0,0,0,0,0
4,4,*NOUSE*,*NOUSE*,0,0,0,0,0,0,0,0
5,5,*NOUSE*,*NOUSE*,0,0,0,0,0,0,0,0
6,6,*NOUSE*,*NOUSE*,0,0,0,0,0,0,0,0
7,7,*NOUSE*,*NOUSE*,0,0,0,0,0,0,0,0
8,8,*NOUSE*,*NOUSE*,0,0,0,0,0,0,0,0
9,9,AFDR,,41,1304,81,171.00,58.30,33.59,5174,301630
10,10,*NOUSE*,*NOUSE*,0,0,0,0,0,0,0,0
11,11,RMGR,,44,1193,61,181.00,59.70,37.92,4878,291205
12,12,AVDR,,43,1238,74,205.00,76.59,46.44,3338,255642
13,13,H0R,,41,1474,81,113.00,42.00,22.53,3531,148299
14,14,AVAR,,43,1322,81,160.00,62.40,35.10,4070,253973
15,15,*NOUSE*,*NOUSE*,0,0,0,0,0,0,0,0
16,16,*NOUSE*,*NOUSE*,0,0,0,0,0,0,0,0
17,17,*NOUSE*,*NOUSE*,0,0,0,0,0,0,0,0
18,18,*NOUSE*,*NOUSE*,0,0,0,0,0,0,0,0
19,19,*NOUSE*,*NOUSE*,0,0,0,0,0,0,0,0
20,20,*NOUSE*,*NOUSE*,0,0,0,0,0,0,0,0
21,21,*NOUSE*,*NOUSE*,0,0,0,0,0,0,0,0
22,22,RICR,,44,1236,60,191.00,77.21,44.65,3151,243275
23,23,AUAR,,43,1271,65,185.00,67.02,39.12,3971,266137
24,24,H1R,,39,1346,67,100.00,38.77,14.29,3164,122667
25,25,BDUR,,43,1065,73,225.00,65.78,51.51,3836,252340
26,26,*NOUSE*,*NOUSE*,0,0,0,0,0,0,0,0
27,27,*NOUSE*,*NOUSE*,0,0,0,0,0,0,0,0
28,28,*NOUSE*,*NOUSE*,0,0,0,0,0,0,0,0
29,29,*NOUSE*,*NOUSE*,0,0,0,0,0,0,0,0
30,30,RMDVR,,42,1341,84,183.00,54.43,33.42,4390,238928
31,31,ADESHR,,43,1172,60,211.00,65.21,46.32,4450,290167
32,32,P3/4R,,43,859,59,127.00,42.04,26.12,5969,250917
33,33,*NOUSE*,*NOUSE*,0,0,0,0,0,0,0,0
34,34,*NOUSE*,*NOUSE*,0,0,0,0,0,0,0,0
35,35,AINR,,46,1224,81,213.00,73.98,44.85,3923,290237
36,36,*NOUSE*,*NOUSE*,0,0,0,0,0,0,0,0
37,37,HYP7RC2,,42,870,85,89.00,31.89,15.84,7338,234003
38,38,*NOUSE*,*NOUSE*,0,0,0,0,0,0,0,0
39,39,*NOUSE*,*NOUSE*,0,0,0,0,0,0,0,0
40,40,V3R,,45,802,64,98.00,32.59,16.43,7491,244096
41,41,RMDR,,44,1321,64,205.00,71.34,41.21,3136,223733
42,42,HYP7ABRV,,42,1138,62,97.00,33.96,16.31,6361,216031
43,43,*NOUSE*,*NOUSE*,0,0,0,0,0,0,0,0
44,44,*NOUSE*,*NOUSE*,0,0,0,0,0,0,0,0
45,45,*NOUSE*,*NOUSE*,0,0,0,0,0,0,0,0
46,46,*NOUSE*,*NOUSE*,0,0,0,0,0,0,0,0
47,47,*NOUSE*,*NOUSE*,0,0,0,0,0,0,0,0
48,48,*NOUSE*,*NOUSE*,0,0,0,0,0,0,0,0
49,49,*NOUSE*,*NOUSE*,0,0,0,0,0,0,0,0
50,50,ARCADR,,45,1520,82,152.00,47.77,28.27,4871,232704
51,51,*NOUSE*,*NOUSE*,0,0,0,0,0,0,0,0
52,52,*NOUSE*,*NOUSE*,0,0,0,0,0,0,0,0
53,53,HYP1R,,46,1466,91,166.00,57.59,33.85,4600,264917
54,54,*NOUSE*,*NOUSE*,0,0,0,0,0,0,0,0
55,55,P5/6R,,45,762,59,132.00,46.55,27.92,3070,142913
56,56,*NOUSE*,*NOUSE*,0,0,0,0,0,0,0,0
57,57,ARCPVR,,47,1508,72,173.00,54.32,34.95,4568,248139
58,58,CANR,,46,755,81,155.00,49.31,34.71,4534,223574
59,59,*NOUSE*,*NOUSE*,0,0,0,0,0,0,0,0
60,60,HYP7RC1,,44,977,88,107.00,32.41,17.02,7329,237510
61,61,*NOUSE*,*NOUSE*,0,0,0,0,0,0,0,0
62,62,CEPSHDR,,47,1361,89,183.00,68.29,36.85,3896,266059
63,63,ADFR,,46,1294,94,163.00,69.67,33.48,3621,252272
64,64,AMSHR,,45,1211,97,125.00,50.25,22.73,5612,282022
65,65,*NOUSE*,*NOUSE*,0,0,0,0,0,0,0,0
66,66,VR4,,47,1414,53,120.00,48.84,20.73,3793,185244
67,67,V4R,,46,656,72,84.00,30.14,13.92,6536,197002
68,68,*NOUSE*,*NOUSE*,0,0,0,0,0,0,0,0
69,69,*NOUSE*,*NOUSE*,0,0,0,0,0,0,0,0
70,70,*NOUSE*,*NOUSE*,0,0,0,0,0,0,0,0
71,71,SMDVR,,47,1321,96,207.00,75.92,44.71,3973,301625
72,72,ALMR,,48,840,98,192.00,56.21,43.03,4189,235478
73,73,*NOUSE*,*NOUSE*,0,0,0,0,0,0,0,0
74,74,*NOUSE*,*NOUSE*,0,0,0,0,0,0,0,0
75,75,HSNR,,48,698,62,195.00,49.49,39.03,5121,253447
76,76,V5R,,50,505,65,111.00,37.88,20.05,8909,337429
77,77,*NOUSE*,*NOUSE*,0,0,0,0,0,0,0,0
78,78,*NOUSE*,*NOUSE*,0,0,0,0,0,0,0,0
79,79,ARCPDR,,52,1482,90,185.00,60.03,35.17,4366,262110
80,80,AVHR,,49,1251,99,226.00,92.08,49.18,3679,338757
81,81,AWBR,,48,1275,99,213.00,76.25,38.93,3743,285391
82,82,*NOUSE*,*NOUSE*,0,0,0,0,0,0,0,0
83,83,VR6,,48,1331,50,128.00,46.13,23.21,4109,189548
84,84,*NOUSE*,*NOUSE*,0,0,0,0,0,0,0,0
85,85,P9/10R,,50,461,61,109.00,36.49,19.27,5176,188889
86,86,QR,,51,624,81,143.00,45.84,28.81,8310,380932
87,87,*NOUSE*,*NOUSE*,0,0,0,0,0,0,0,0
88,88,VR8,,50,1201,41,165.00,58.36,35.73,2419,141164
89,89,VR10,,52,1114,42,187.00,49.96,34.06,4660,232833
90,90,*NOUSE*,*NOUSE*,0,0,0,0,0,0,0,0
91,91,VR12,,53,945,48,209.00,51.76,39.70,6138,317686
92,92,*NOUSE*,*NOUSE*,0,0,0,0,0,0,0,0
93,93,*NOUSE*,*NOUSE*,0,0,0,0,0,0,0,0
94,94,*NOUSE*,*NOUSE*,0,0,0,0,0,0,0,0
95,95,*NOUSE*,*NOUSE*,0,0,0,0,0,0,0,0
96,96,*NOUSE*,*NOUSE*,0,0,0,0,0,0,0,0
97,97,MC3DR,,50,1170,87,181.00,51.41,34.87,5229,268816
98,98,*NOUSE*,*NOUSE*,0,0,0,0,0,0,0,0
99,99,*NOUSE*,*NOUSE*,0,0,0,0,0,0,0,0
100,100,*NOUSE*,*NOUSE*,0,0,0,0,0,0,0,0
101,101,*NOUSE*,*NOUSE*,0,0,0,0,0,0,0,0
102,102,*NOUSE*,*NOUSE*,0,0,0,0,0,0,0,0
103,103,CCRA,,52,1001,51,208.00,65.23,51.88,3895,254063
104,104,*NOUSE*,*NOUSE*,0,0,0,0,0,0,0,0
105,105,*NOUSE*,*NOUSE*,0,0,0,0,0,0,0,0
106,106,*NOUSE*,*NOUSE*,0,0,0,0,0,0,0,0
107,107,*NOUSE*,*NOUSE*,0,0,0,0,0,0,0,0
108,108,*NOUSE*,*NOUSE*,0,0,0,0,0,0,0,0
109,109,*NOUSE*,*NOUSE*,0,0,0,0,0,0,0,0
110,110,*NOUSE*,*NOUSE*,0,0,0,0,0,0,0,0
111,111,*NOUSE*,*NOUSE*,0,0,0,0,0,0,0,0
112,112,RMDDR,,51,1313,44,178.00,67.32,38.75,2243,151000
113,113,*NOUSE*,*NOUSE*,0,0,0,0,0,0,0,0
114,114,*NOUSE*,*NOUSE*,0,0,0,0,0,0,0,0
115,115,*NOUSE*,*NOUSE*,0,0,0,0,0,0,0,0
116,116,PM4R,,52,1426,81,163.00,63.99,30.02,3676,235209
117,117,*NOUSE*,*NOUSE*,0,0,0,0,0,0,0,0
118,118,DR14,,54,860,104,204.00,51.00,38.73,5179,264125
119,119,DR8,,54,1191,112,157.00,49.88,32.57,5801,289349
120,120,*NOUSE*,*NOUSE*,0,0,0,0,0,0,0,0
121,121,VR9,,54,1146,42,193.00,57.28,39.25,4389,251400
122,122,*NOUSE*,*NOUSE*,0,0,0,0,0,0,0,0
123,123,SMDDR,,52,1294,47,191.00,76.58,37.21,2710,207527
124,124,*NOUSE*,*NOUSE*,0,0,0,0,0,0,0,0
125,125,VR3,,54,1463,50,135.00,52.23,26.44,4113,214818
126,126,*NOUSE*,*NOUSE*,0,0,0,0,0,0,0,0
127,127,*NOUSE*,*NOUSE*,0,0,0,0,0,0,0,0
128,128,*NOUSE*,*NOUSE*,0,0,0,0,0,0,0,0
129,129,*NOUSE*,*NOUSE*,0,0,0,0,0,0,0,0
130,130,NSMR,,53,1416,66,179.00,64.46,35.63,3538,228048
131,131,*NOUSE*,*NOUSE*,0,0,0,0,0,0,0,0
132,132,RIBR,,53,1264,73,172.00,76.24,36.24,3197,243752
133,133,AVER,,52,1312,74,183.00,82.01,39.67,2731,223974
134,134,VPI2DR,,52,1141,74,202.00,61.54,43.25,4633,285107
135,135,AIBR,,53,1294,77,175.00,74.77,36.93,3409,254886
136,136,*NOUSE*,*NOUSE*,0,0,0,0,0,0,0,0
137,137,*NOUSE*,*NOUSE*,0,0,0,0,0,0,0,0
138,138,*NOUSE*,*NOUSE*,0,0,0,0,0,0,0,0
139,139,*NOUSE*,*NOUSE*,0,0,0,0,0,0,0,0
140,140,*NOUSE*,*NOUSE*,0,0,0,0,0,0,0,0
141,141,*NOUSE*,*NOUSE*,0,0,0,0,0,0,0,0
142,142,*NOUSE*,*NOUSE*,0,0,0,0,0,0,0,0
143,143,VR15,,56,771,51,177.00,53.14,38.09,5518,293203
144,144,*NOUSE*,*NOUSE*,0,0,0,0,0,0,0,0
145,145,*NOUSE*,*NOUSE*,0,0,0,0,0,0,0,0
146,146,REPVR,,55,283,75,140.00,42.79,23.51,4026,172273
147,147,*NOUSE*,*NOUSE*,0,0,0,0,0,0,0,0
148,148,RIAR,,53,1308,89,184.00,80.49,38.19,3291,264889
149,149,*NOUSE*,*NOUSE*,0,0,0,0,0,0,0,0
150,150,CEPDR,,55,1334,104,196.00,74.20,44.82,4251,315408
151,151,DR12,,55,978,106,170.00,48.47,34.33,5406,262004
152,152,VR11,,56,1036,42,196.00,50.68,37.47,5053,256082
153,153,CCRP,,56,978,46,222.00,70.24,53.45,3882,272691
154,154,*NOUSE*,*NOUSE*,0,0,0,0,0,0,0,0
155,155,*NOUSE*,*NOUSE*,0,0,0,0,0,0,0,0
156,156,AVL,,54,1279,62,184.00,77.41,33.05,3014,233321
157,157,*NOUSE*,*NOUSE*,0,0,0,0,0,0,0,0
158,158,*NOUSE*,*NOUSE*,0,0,0,0,0,0,0,0
159,159,M,,53,559,75,69.00,24.97, 9.50,6007,149998
160,160,*NOUSE*,*NOUSE*,0,0,0,0,0,0,0,0
161,161,*NOUSE*,*NOUSE*,0,0,0,0,0,0,0,0
162,162,*NOUSE*,*NOUSE*,0,0,0,0,0,0,0,0
163,163,*NOUSE*,*NOUSE*,0,0,0,0,0,0,0,0
164,164,*NOUSE*,*NOUSE*,0,0,0,0,0,0,0,0
165,165,*NOUSE*,*NOUSE*,0,0,0,0,0,0,0,0
166,166,*NOUSE*,*NOUSE*,0,0,0,0,0,0,0,0
167,167,*NOUSE*,*NOUSE*,0,0,0,0,0,0,0,0
168,168,*NOUSE*,*NOUSE*,0,0,0,0,0,0,0,0
169,169,VR19,,56,391,60,115.00,36.18,19.29,5111,184891
170,170,*NOUSE*,*NOUSE*,0,0,0,0,0,0,0,0
171,171,*NOUSE*,*NOUSE*,0,0,0,0,0,0,0,0
172,172,M1,,57,1198,100,244.00,76.50,47.23,4117,314950
173,173,*NOUSE*,*NOUSE*,0,0,0,0,0,0,0,0
174,174,DR16,,57,731,106,160.00,49.76,34.47,4755,236589
175,175,*NOUSE*,*NOUSE*,0,0,0,0,0,0,0,0
176,176,*NOUSE*,*NOUSE*,0,0,0,0,0,0,0,0
177,177,*NOUSE*,*NOUSE*,0,0,0,0,0,0,0,0
178,178,*NOUSE*,*NOUSE*,0,0,0,0,0,0,0,0
179,179,*NOUSE*,*NOUSE*,0,0,0,0,0,0,0,0
180,180,*NOUSE*,*NOUSE*,0,0,0,0,0,0,0,0
181,181,E2VR,,57,1598,68,139.00,39.81,25.10,5611,223374
182,182,*NOUSE*,*NOUSE*,0,0,0,0,0,0,0,0
183,183,*NOUSE*,*NOUSE*,0,0,0,0,0,0,0,0
184,184,SABD,,58,1171,39,221.00,78.81,50.68,3493,275293
185,185,*NOUSE*,*NOUSE*,0,0,0,0,0,0,0,0
186,186,*NOUSE*,*NOUSE*,0,0,0,0,0,0,0,0
187,187,PM4VR,,58,1431,57,145.00,56.93,25.93,3341,190202
188,188,*NOUSE*,*NOUSE*,0,0,0,0,0,0,0,0
189,189,*NOUSE*,*NOUSE*,0,0,0,0,0,0,0,0
190,190,PM6VR,,57,1196,70,162.00,61.72,31.32,4324,266860
191,191,*NOUSE*,*NOUSE*,0,0,0,0,0,0,0,0
192,192,G1AR,,57,1210,90,179.00,71.07,35.19,4191,297869
193,193,*NOUSE*,*NOUSE*,0,0,0,0,0,0,0,0
194,194,*NOUSE*,*NOUSE*,0,0,0,0,0,0,0,0
195,195,*NOUSE*,*NOUSE*,0,0,0,0,0,0,0,0
196,196,ASKR,,58,1301,101,162.00,66.71,34.04,4981,332272
197,197,*NOUSE*,*NOUSE*,0,0,0,0,0,0,0,0
198,198,*NOUSE*,*NOUSE*,0,0,0,0,0,0,0,0
199,199,INV6,,58,686,84,77.00,27.40,11.25,7798,213690
200,200,*NOUSE*,*NOUSE*,0,0,0,0,0,0,0,0
201,201,*NOUSE*,*NOUSE*,0,0,0,0,0,0,0,0
202,202,DR20,,60,420,102,117.00,39.38,23.22,3950,155558
203,203,*NOUSE*,*NOUSE*,0,0,0,0,0,0,0,0
204,204,*NOUSE*,*NOUSE*,0,0,0,0,0,0,0,0
205,205,*NOUSE*,*NOUSE*,0,0,0,0,0,0,0,0
206,206,*NOUSE*,*NOUSE*,0,0,0,0,0,0,0,0
207,207,*NOUSE*,*NOUSE*,0,0,0,0,0,0,0,0
208,208,VIRR,,61,301,80,120.00,45.37,22.15,4429,200952
209,209,IND5,,59,789,93,84.00,27.49,11.29,8819,242453
210,210,*NOUSE*,*NOUSE*,0,0,0,0,0,0,0,0
211,211,*NOUSE*,*NOUSE*,0,0,0,0,0,0,0,0
212,212,*NOUSE*,*NOUSE*,0,0,0,0,0,0,0,0
213,213,*NOUSE*,*NOUSE*,0,0,0,0,0,0,0,0
214,214,*NOUSE*,*NOUSE*,0,0,0,0,0,0,0,0
215,215,*NOUSE*,*NOUSE*,0,0,0,0,0,0,0,0
216,216,*NOUSE*,*NOUSE*,0,0,0,0,0,0,0,0
217,217,*NOUSE*,*NOUSE*,0,0,0,0,0,0,0,0
218,218,*NOUSE*,*NOUSE*,0,0,0,0,0,0,0,0
219,219,*NOUSE*,*NOUSE*,0,0,0,0,0,0,0,0
220,220,G2R,,62,1159,56,229.00,81.61,52.68,3709,302703
221,221,*NOUSE*,*NOUSE*,0,0,0,0,0,0,0,0
222,222,E3VR,,58,1507,68,149.00,55.18,30.06,3784,208815
223,223,*NOUSE*,*NOUSE*,0,0,0,0,0,0,0,0
224,224,M2R,,58,1213,71,252.00,104.30,55.55,2734,285148
225,225,*NOUSE*,*NOUSE*,0,0,0,0,0,0,0,0
226,226,*NOUSE*,*NOUSE*,0,0,0,0,0,0,0,0
227,227,*NOUSE*,*NOUSE*,0,0,0,0,0,0,0,0
228,228,*NOUSE*,*NOUSE*,0,0,0,0,0,0,0,0
229,229,*NOUSE*,*NOUSE*,0,0,0,0,0,0,0,0
230,230,*NOUSE*,*NOUSE*,0,0,0,0,0,0,0,0
231,231,DD5,,63,462,53,158.00,45.81,30.18,4607,211050
232,232,*NOUSE*,*NOUSE*,0,0,0,0,0,0,0,0
233,233,M3R,,58,1389,65,195.00,73.13,44.97,3507,256474
234,234,*NOUSE*,*NOUSE*,0,0,0,0,0,0,0,0
235,235,*NOUSE*,*NOUSE*,0,0,0,0,0,0,0,0
236,236,*NOUSE*,*NOUSE*,0,0,0,0,0,0,0,0
237,237,*NOUSE*,*NOUSE*,0,0,0,0,0,0,0,0
238,238,*NOUSE*,*NOUSE*,0,0,0,0,0,0,0,0
239,239,ASIR,,62,1259,101,182.00,76.00,39.33,3942,299611
240,240,ADLR,,62,1281,102,165.00,65.20,33.24,4878,318048
241,241,*NOUSE*,*NOUSE*,0,0,0,0,0,0,0,0
242,242,*NOUSE*,*NOUSE*,0,0,0,0,0,0,0,0
243,243,*NOUSE*,*NOUSE*,0,0,0,0,0,0,0,0
244,244,*NOUSE*,*NOUSE*,0,0,0,0,0,0,0,0
245,245,*NOUSE*,*NOUSE*,0,0,0,0,0,0,0,0
246,246,*NOUSE*,*NOUSE*,0,0,0,0,0,0,0,0
247,247,*NOUSE*,*NOUSE*,0,0,0,0,0,0,0,0
248,248,*NOUSE*,*NOUSE*,0,0,0,0,0,0,0,0
249,249,INV8,,63,414,69,62.00,25.33, 9.07,6378,161546
250,250,ALNR,,64,207,81,153.00,52.90,27.54,3201,169345
251,251,PM5R,,60,1226,80,186.00,81.04,36.73,3837,310954
252,252,*NOUSE*,*NOUSE*,0,0,0,0,0,0,0,0
253,253,URXR,,62,1318,100,212.00,86.81,42.52,4071,353413
254,254,ARCPD,,64,1557,102,214.00,69.78,46.26,4300,300045
255,255,*NOUSE*,*NOUSE*,0,0,0,0,0,0,0,0
256,256,*NOUSE*,*NOUSE*,0,0,0,0,0,0,0,0
257,257,*NOUSE*,*NOUSE*,0,0,0,0,0,0,0,0
258,258,*NOUSE*,*NOUSE*,0,0,0,0,0,0,0,0
259,259,DB1,,63,1158,31,191.00,72.29,47.49,2973,214917
260,260,*NOUSE*,*NOUSE*,0,0,0,0,0,0,0,0
261,261,DB3,,65,1082,35,200.00,60.41,47.33,3854,232828
262,262,DB5,,65,751,48,249.00,67.26,48.59,4585,308402
263,263,HYP4V2,,64,1609,53,153.00,44.43,30.11,4586,203774
264,264,HYP4V1,,65,1637,57,152.00,41.19,28.34,4942,203551
265,265,*NOUSE*,*NOUSE*,0,0,0,0,0,0,0,0
266,266,HYP9,,64,72,70,85.00,34.52,16.16,2633,90904
267,267,HYP101,,65,60,75,121.00,38.19,21.49,5694,217478
268,268,*NOUSE*,*NOUSE*,0,0,0,0,0,0,0,0
269,269,*NOUSE*,*NOUSE*,0,0,0,0,0,0,0,0
270,270,DVA,,68,240,85,113.00,46.80,21.57,3417,159926
271,271,*NOUSE*,*NOUSE*,0,0,0,0,0,0,0,0
272,272,*NOUSE*,*NOUSE*,0,0,0,0,0,0,0,0
273,273,*NOUSE*,*NOUSE*,0,0,0,0,0,0,0,0
274,274,*NOUSE*,*NOUSE*,0,0,0,0,0,0,0,0
275,275,PM5DR,,64,1229,95,206.00,81.53,37.16,4068,331656
276,276,IND2,,65,1023,99,91.00,32.95,14.09,9297,306294
277,277,DA1,,65,1138,37,209.00,75.96,47.31,3317,251943
278,278,DA4,,66,834,38,229.00,65.10,52.22,4660,303358
279,279,*NOUSE*,*NOUSE*,0,0,0,0,0,0,0,0
280,280,*NOUSE*,*NOUSE*,0,0,0,0,0,0,0,0
281,281,DB7,,66,429,52,139.00,42.25,26.55,5620,237427
282,282,MC3V,,69,1172,53,204.00,69.01,41.14,4225,291556
283,283,*NOUSE*,*NOUSE*,0,0,0,0,0,0,0,0
284,284,PM8,,67,1150,63,198.00,89.06,49.63,2324,206971
285,285,PVR,,64,145,82,110.00,34.51,16.41,3830,132192
286,286,*NOUSE*,*NOUSE*,0,0,0,0,0,0,0,0
287,287,MC2DR,,64,1247,84,170.00,70.67,31.89,3636,256944
288,288,REPD,,70,274,91,129.00,46.34,23.47,3962,183594
289,289,*NOUSE*,*NOUSE*,0,0,0,0,0,0,0,0
290,290,*NOUSE*,*NOUSE*,0,0,0,0,0,0,0,0
291,291,*NOUSE*,*NOUSE*,0,0,0,0,0,0,0,0
292,292,DA2,,66,1064,36,217.00,65.13,51.34,3675,239350
293,293,DA3,,67,944,38,231.00,62.20,48.78,4996,310731
294,294,DB4,,66,917,38,225.00,61.90,49.96,4354,269505
295,295,DD3,,67,810,41,236.00,78.40,57.93,4250,333221
296,296,DA5,,66,713,45,209.00,61.44,48.73,4268,262229
297,297,DA6,,67,552,49,176.00,52.41,36.37,4445,232952
298,298,*NOUSE*,*NOUSE*,0,0,0,0,0,0,0,0
299,299,DA7,,67,403,55,160.00,44.40,30.15,4566,202740
300,300,*NOUSE*,*NOUSE*,0,0,0,0,0,0,0,0
301,301,*NOUSE*,*NOUSE*,0,0,0,0,0,0,0,0
302,302,*NOUSE*,*NOUSE*,0,0,0,0,0,0,0,0
303,303,*NOUSE*,*NOUSE*,0,0,0,0,0,0,0,0
304,304,*NOUSE*,*NOUSE*,0,0,0,0,0,0,0,0
305,305,IND3,,67,952,99,81.00,29.53,12.72,9718,286966
306,306,*NOUSE*,*NOUSE*,0,0,0,0,0,0,0,0
307,307,*NOUSE*,*NOUSE*,0,0,0,0,0,0,0,0
308,308,DB2,,67,1220,34,212.00,79.34,47.23,2852,226290
309,309,*NOUSE*,*NOUSE*,0,0,0,0,0,0,0,0
310,310,G1,,66,1290,36,155.00,58.06,31.97,3439,199654
311,311,*NOUSE*,*NOUSE*,0,0,0,0,0,0,0,0
312,312,INV4,,69,848,54,78.00,29.67,12.31,10323,306255
313,313,I5,,68,1203,59,220.00,81.28,43.81,3312,269187
314,314,*NOUSE*,*NOUSE*,0,0,0,0,0,0,0,0
315,315,*NOUSE*,*NOUSE*,0,0,0,0,0,0,0,0
316,316,HYP72,,66,133,69,96.00,32.47,16.53,4063,131920
317,317,HYP102,,67,39,74,102.00,34.86,18.28,4068,141798
318,318,*NOUSE*,*NOUSE*,0,0,0,0,0,0,0,0
319,319,E2D,,66,1597,93,150.00,43.75,28.62,5065,221600
320,320,*NOUSE*,*NOUSE*,0,0,0,0,0,0,0,0
321,321,*NOUSE*,*NOUSE*,0,0,0,0,0,0,0,0
322,322,*NOUSE*,*NOUSE*,0,0,0,0,0,0,0,0
323,323,*NOUSE*,*NOUSE*,0,0,0,0,0,0,0,0
324,324,*NOUSE*,*NOUSE*,0,0,0,0,0,0,0,0
325,325,G2,,68,1271,40,186.00,73.28,39.08,3086,226152
326,326,CCLA,,68,786,46,236.00,72.35,55.80,4127,298593
327,327,DB6,,68,582,48,178.00,48.63,36.98,4688,227992
328,328,*NOUSE*,*NOUSE*,0,0,0,0,0,0,0,0
329,329,*NOUSE*,*NOUSE*,0,0,0,0,0,0,0,0
330,330,I3,,69,1409,93,213.00,85.89,47.17,4542,390122
331,331,*NOUSE*,*NOUSE*,0,0,0,0,0,0,0,0
332,332,IND4,,68,872,95,77.00,30.62,12.49,8372,256375
333,333,*NOUSE*,*NOUSE*,0,0,0,0,0,0,0,0
334,334,*NOUSE*,*NOUSE*,0,0,0,0,0,0,0,0
335,335,*NOUSE*,*NOUSE*,0,0,0,0,0,0,0,0
336,336,*NOUSE*,*NOUSE*,0,0,0,0,0,0,0,0
337,337,DD4,,70,628,45,198.00,56.11,43.40,5158,289412
338,338,YPDA,,68,273,55,124.00,48.55,23.29,3524,171098
339,339,*NOUSE*,*NOUSE*,0,0,0,0,0,0,0,0
340,340,*NOUSE*,*NOUSE*,0,0,0,0,0,0,0,0
341,341,*NOUSE*,*NOUSE*,0,0,0,0,0,0,0,0
342,342,I4,,71,1218,101,237.00,95.20,52.02,3325,316541
343,343,*NOUSE*,*NOUSE*,0,0,0,0,0,0,0,0
344,344,HYP6D4,,69,1446,110,184.00,61.94,32.27,4581,283763
345,345,RID,,71,1352,108,197.00,66.09,38.23,5329,352208
346,346,ALA,,69,1329,108,208.00,79.63,41.40,4127,328652
347,347,*NOUSE*,*NOUSE*,0,0,0,0,0,0,0,0
348,348,*NOUSE*,*NOUSE*,0,0,0,0,0,0,0,0
349,349,*NOUSE*,*NOUSE*,0,0,0,0,0,0,0,0
350,350,HYP6V2,,67,1462,46,121.00,52.21,23.70,3589,187380
351,351,*NOUSE*,*NOUSE*,0,0,0,0,0,0,0,0
352,352,*NOUSE*,*NOUSE*,0,0,0,0,0,0,0,0
353,353,Z4,,71,670,56,177.00,48.65,30.41,6068,295185
354,354,*NOUSE*,*NOUSE*,0,0,0,0,0,0,0,0
355,355,*NOUSE*,*NOUSE*,0,0,0,0,0,0,0,0
356,356,MC2V,,71,1240,67,168.00,65.26,30.92,4715,307697
357,357,M4,,68,1384,79,152.00,60.79,33.09,5264,319994
358,358,*NOUSE*,*NOUSE*,0,0,0,0,0,0,0,0
359,359,*NOUSE*,*NOUSE*,0,0,0,0,0,0,0,0
360,360,IND6,,72,631,94,78.00,27.15,10.94,7830,212593
361,361,*NOUSE*,*NOUSE*,0,0,0,0,0,0,0,0
362,362,*NOUSE*,*NOUSE*,0,0,0,0,0,0,0,0
363,363,*NOUSE*,*NOUSE*,0,0,0,0,0,0,0,0
364,364,*NOUSE*,*NOUSE*,0,0,0,0,0,0,0,0
365,365,INV7,,72,584,65,80.00,28.77,12.34,6961,200240
366,366,*NOUSE*,*NOUSE*,0,0,0,0,0,0,0,0
367,367,PM6D,,69,1198,105,194.00,72.48,40.54,4405,319257
368,368,*NOUSE*,*NOUSE*,0,0,0,0,0,0,0,0
369,369,*NOUSE*,*NOUSE*,0,0,0,0,0,0,0,0
370,370,DD1,,70,1165,38,241.00,109.10,57.01,2606,284313
371,371,RIGR,,69,1150,41,214.00,88.18,49.06,2834,249905
372,372,*NOUSE*,*NOUSE*,0,0,0,0,0,0,0,0
373,373,*NOUSE*,*NOUSE*,0,0,0,0,0,0,0,0
374,374,PM4VL,,72,1426,55,145.00,57.99,28.87,4133,239676
375,375,HYP71,,69,153,63,70.00,27.57, 9.88,2370,65345
376,376,*NOUSE*,*NOUSE*,0,0,0,0,0,0,0,0
377,377,*NOUSE*,*NOUSE*,0,0,0,0,0,0,0,0
378,378,*NOUSE*,*NOUSE*,0,0,0,0,0,0,0,0
379,379,*NOUSE*,*NOUSE*,0,0,0,0,0,0,0,0
380,380,*NOUSE*,*NOUSE*,0,0,0,0,0,0,0,0
381,381,*NOUSE*,*NOUSE*,0,0,0,0,0,0,0,0
382,382,*NOUSE*,*NOUSE*,0,0,0,0,0,0,0,0
383,383,*NOUSE*,*NOUSE*,0,0,0,0,0,0,0,0
384,384,*NOUSE*,*NOUSE*,0,0,0,0,0,0,0,0
385,385,INV2,,75,1024,51,88.00,32.58,13.82,8496,276787
386,386,*NOUSE*,*NOUSE*,0,0,0,0,0,0,0,0
387,387,*NOUSE*,*NOUSE*,0,0,0,0,0,0,0,0
388,388,VL17,,75,540,57,148.00,44.73,28.12,4410,197247
389,389,*NOUSE*,*NOUSE*,0,0,0,0,0,0,0,0
390,390,*NOUSE*,*NOUSE*,0,0,0,0,0,0,0,0
391,391,*NOUSE*,*NOUSE*,0,0,0,0,0,0,0,0
392,392,*NOUSE*,*NOUSE*,0,0,0,0,0,0,0,0
393,393,*NOUSE*,*NOUSE*,0,0,0,0,0,0,0,0
394,394,*NOUSE*,*NOUSE*,0,0,0,0,0,0,0,0
395,395,*NOUSE*,*NOUSE*,0,0,0,0,0,0,0,0
396,396,*NOUSE*,*NOUSE*,0,0,0,0,0,0,0,0
397,397,*NOUSE*,*NOUSE*,0,0,0,0,0,0,0,0
398,398,*NOUSE*,*NOUSE*,0,0,0,0,0,0,0,0
399,399,*NOUSE*,*NOUSE*,0,0,0,0,0,0,0,0
400,400,*NOUSE*,*NOUSE*,0,0,0,0,0,0,0,0
401,401,*NOUSE*,*NOUSE*,0,0,0,0,0,0,0,0
402,402,DL20,,73,298,94,102.00,38.42,17.33,3462,133023
403,403,*NOUSE*,*NOUSE*,0,0,0,0,0,0,0,0
404,404,*NOUSE*,*NOUSE*,0,0,0,0,0,0,0,0
405,405,*NOUSE*,*NOUSE*,0,0,0,0,0,0,0,0
406,406,VL15,,76,744,50,199.00,62.65,43.29,4528,283684
407,407,VL16,,78,651,54,170.00,52.23,34.90,5807,303312
408,408,*NOUSE*,*NOUSE*,0,0,0,0,0,0,0,0
409,409,*NOUSE*,*NOUSE*,0,0,0,0,0,0,0,0
410,410,*NOUSE*,*NOUSE*,0,0,0,0,0,0,0,0
411,411,*NOUSE*,*NOUSE*,0,0,0,0,0,0,0,0
412,412,*NOUSE*,*NOUSE*,0,0,0,0,0,0,0,0
413,413,*NOUSE*,*NOUSE*,0,0,0,0,0,0,0,0
414,414,*NOUSE*,*NOUSE*,0,0,0,0,0,0,0,0
415,415,*NOUSE*,*NOUSE*,0,0,0,0,0,0,0,0
416,416,*NOUSE*,*NOUSE*,0,0,0,0,0,0,0,0
417,417,DL15,,77,764,107,189.00,56.76,43.07,2882,163581
418,418,*NOUSE*,*NOUSE*,0,0,0,0,0,0,0,0
419,419,*NOUSE*,*NOUSE*,0,0,0,0,0,0,0,0
420,420,*NOUSE*,*NOUSE*,0,0,0,0,0,0,0,0
421,421,*NOUSE*,*NOUSE*,0,0,0,0,0,0,0,0
422,422,*NOUSE*,*NOUSE*,0,0,0,0,0,0,0,0
423,423,CCLP,,78,775,50,252.00,80.77,60.59,3564,287870
424,424,*NOUSE*,*NOUSE*,0,0,0,0,0,0,0,0
425,425,*NOUSE*,*NOUSE*,0,0,0,0,0,0,0,0
426,426,PVCL,,80,227,71,139.00,50.97,29.09,3571,182026
427,427,INV5,,76,749,74,87.00,30.36,13.23,8011,243196
428,428,VIRL,,73,302,80,120.00,49.56,25.15,3550,175934
429,429,IND9,,76,332,87,68.00,26.23, 9.97,5003,131229
430,430,DL16,,78,672,103,179.00,48.96,36.47,4785,234279
431,431,*NOUSE*,*NOUSE*,0,0,0,0,0,0,0,0
432,432,*NOUSE*,*NOUSE*,0,0,0,0,0,0,0,0
433,433,*NOUSE*,*NOUSE*,0,0,0,0,0,0,0,0
434,434,*NOUSE*,*NOUSE*,0,0,0,0,0,0,0,0
435,435,*NOUSE*,*NOUSE*,0,0,0,0,0,0,0,0
436,436,INVL1,,79,1077,52,113.00,40.75,21.58,6484,264225
437,437,GLRVL,,74,1323,57,230.00,95.52,50.83,2652,253308
438,438,*NOUSE*,*NOUSE*,0,0,0,0,0,0,0,0
439,439,*NOUSE*,*NOUSE*,0,0,0,0,0,0,0,0
440,440,*NOUSE*,*NOUSE*,0,0,0,0,0,0,0,0
441,441,M5,,79,1167,98,246.00,85.78,57.66,3816,327344
442,442,ADLL,,77,1279,101,188.00,67.37,32.28,4742,319452
443,443,*NOUSE*,*NOUSE*,0,0,0,0,0,0,0,0
444,444,*NOUSE*,*NOUSE*,0,0,0,0,0,0,0,0
445,445,VL10,,80,1115,41,173.00,53.86,38.46,4836,260447
446,446,VL14,,78,807,46,177.00,59.90,42.90,4710,282150
447,447,*NOUSE*,*NOUSE*,0,0,0,0,0,0,0,0
448,448,VL3,,78,1469,48,144.00,53.38,28.05,3935,210034
449,449,EXC DUCT,,80,1262,59,188.00,79.76,37.00,3739,298217
450,450,*NOUSE*,*NOUSE*,0,0,0,0,0,0,0,0
451,451,SPH,,81,308,75,132.00,46.90,26.96,4141,194203
452,452,*NOUSE*,*NOUSE*,0,0,0,0,0,0,0,0
453,453,LUAL,,80,234,81,139.00,50.57,29.56,3583,181193
454,454,*NOUSE*,*NOUSE*,0,0,0,0,0,0,0,0
455,455,URXL,,76,1320,98,222.00,101.51,44.49,3232,328095
456,456,*NOUSE*,*NOUSE*,0,0,0,0,0,0,0,0
457,457,*NOUSE*,*NOUSE*,0,0,0,0,0,0,0,0
458,458,*NOUSE*,*NOUSE*,0,0,0,0,0,0,0,0
459,459,RMDDL,,80,1316,47,221.00,86.69,46.30,2691,233287
460,460,G2L,,77,1160,59,248.00,97.97,58.60,3047,298528
461,461,*NOUSE*,*NOUSE*,0,0,0,0,0,0,0,0
462,462,PVQL,,81,264,72,118.00,44.39,23.32,4556,202237
463,463,CANL,,88,736,80,206.00,55.18,42.94,5860,323333
464,464,*NOUSE*,*NOUSE*,0,0,0,0,0,0,0,0
465,465,MC2DL,,76,1249,84,172.00,77.74,34.45,3542,275346
466,466,*NOUSE*,*NOUSE*,0,0,0,0,0,0,0,0
467,467,*NOUSE*,*NOUSE*,0,0,0,0,0,0,0,0
468,468,*NOUSE*,*NOUSE*,0,0,0,0,0,0,0,0
469,469,ALML,,83,875,96,218.00,62.81,48.79,5149,323420
470,470,DL9,,83,1147,104,182.00,55.18,39.74,6788,374571
471,471,VL9,,77,1139,40,206.00,64.71,40.70,3889,251655
472,472,*NOUSE*,*NOUSE*,0,0,0,0,0,0,0,0
473,473,P9/10L,,81,446,63,109.00,37.43,20.47,5338,199818
474,474,VPI2DL,,82,1140,78,251.00,77.68,56.23,4614,358422
475,475,PM5L,,81,1226,82,236.00,101.31,47.42,3448,349320
476,476,*NOUSE*,*NOUSE*,0,0,0,0,0,0,0,0
477,477,*NOUSE*,*NOUSE*,0,0,0,0,0,0,0,0
478,478,PM5DL,,77,1229,94,229.00,96.38,38.97,3634,350233
479,479,ASIL,,81,1254,98,197.00,88.01,38.32,2440,214746
480,480,INDL1,,82,1077,100,125.00,41.02,21.75,7546,309549
481,481,*NOUSE*,*NOUSE*,0,0,0,0,0,0,0,0
482,482,*NOUSE*,*NOUSE*,0,0,0,0,0,0,0,0
483,483,SMDDL,,80,1299,45,181.00,83.00,38.04,2312,191904
484,484,*NOUSE*,*NOUSE*,0,0,0,0,0,0,0,0
485,485,*NOUSE*,*NOUSE*,0,0,0,0,0,0,0,0
486,486,*NOUSE*,*NOUSE*,0,0,0,0,0,0,0,0
487,487,AVKL,,82,1213,51,205.00,89.20,43.10,2597,231652
488,488,*NOUSE*,*NOUSE*,0,0,0,0,0,0,0,0
489,489,*NOUSE*,*NOUSE*,0,0,0,0,0,0,0,0
490,490,*NOUSE*,*NOUSE*,0,0,0,0,0,0,0,0
491,491,SIBVL,,80,1300,60,230.00,104.55,47.40,2488,260123
492,492,PM7VL,,82,1172,68,180.00,61.99,38.28,4111,254825
493,493,PM6VL,,82,1195,71,179.00,70.54,38.58,4299,303243
494,494,*NOUSE*,*NOUSE*,0,0,0,0,0,0,0,0
495,495,*NOUSE*,*NOUSE*,0,0,0,0,0,0,0,0
496,496,MC3DL,,84,1170,88,219.00,72.15,49.01,3874,279528
497,497,*NOUSE*,*NOUSE*,0,0,0,0,0,0,0,0
498,498,*NOUSE*,*NOUSE*,0,0,0,0,0,0,0,0
499,499,*NOUSE*,*NOUSE*,0,0,0,0,0,0,0,0
500,500,*NOUSE*,*NOUSE*,81,934,46,154.00,56.59,36.85,349,19750
501,501,CEPSOVL,,80,1398,50,171.00,71.33,35.99,2765,197227
502,502,*NOUSE*,*NOUSE*,0,0,0,0,0,0,0,0
503,503,BDUL,,88,1083,65,253.00,76.44,60.41,3747,286412
504,504,V5L,,84,504,71,142.00,42.18,25.17,9041,381369
505,505,*NOUSE*,*NOUSE*,0,0,0,0,0,0,0,0
506,506,AIBL,,83,1290,71,206.00,87.91,45.14,3420,300653
507,507,RIPL,,82,1378,74,227.00,90.44,45.07,3215,290756
508,508,V6L,,83,398,79,88.00,28.51,14.03,6239,177883
509,509,PM4L,,82,1425,75,213.00,79.20,42.58,2560,202762
510,510,AVBL,,86,1246,84,248.00,109.79,46.24,3527,387245
511,511,*NOUSE*,*NOUSE*,0,0,0,0,0,0,0,0
512,512,I6,,80,1198,100,245.00,85.44,54.05,3945,337048
513,513,*NOUSE*,*NOUSE*,0,0,0,0,0,0,0,0
514,514,SIAVL,,83,1268,48,221.00,86.89,44.32,2727,236940
515,515,P3/4L,,86,856,56,159.00,45.83,28.99,6543,299857
516,516,*NOUSE*,*NOUSE*,0,0,0,0,0,0,0,0
517,517,M2L,,83,1214,74,247.00,123.79,59.82,2694,333484
518,518,AWAL,,84,1278,86,224.00,91.18,45.66,3707,338011
519,519,G1AL,,84,1211,90,218.00,85.47,43.62,3959,338377
520,520,HSNL,,85,694,63,226.00,68.90,46.79,5085,350370
521,521,P7/8L,,86,589,63,119.00,39.19,21.28,6315,247506
522,522,*NOUSE*,*NOUSE*,0,0,0,0,0,0,0,0
523,523,ADFL,,84,1295,88,200.00,93.94,43.46,3240,304370
524,524,*NOUSE*,*NOUSE*,0,0,0,0,0,0,0,0
525,525,*NOUSE*,*NOUSE*,0,0,0,0,0,0,0,0
526,526,CEPDL,,84,1334,101,219.00,84.25,50.26,3671,309282
527,527,*NOUSE*,*NOUSE*,0,0,0,0,0,0,0,0
528,528,*NOUSE*,*NOUSE*,0,0,0,0,0,0,0,0
529,529,*NOUSE*,*NOUSE*,0,0,0,0,0,0,0,0
530,530,*NOUSE*,*NOUSE*,0,0,0,0,0,0,0,0
531,531,*NOUSE*,*NOUSE*,0,0,0,0,0,0,0,0
532,532,*NOUSE*,*NOUSE*,0,0,0,0,0,0,0,0
533,533,SIADL,,83,1283,57,229.00,109.31,47.16,2196,240046
534,534,*NOUSE*,*NOUSE*,0,0,0,0,0,0,0,0
535,535,*NOUSE*,*NOUSE*,0,0,0,0,0,0,0,0
536,536,*NOUSE*,*NOUSE*,0,0,0,0,0,0,0,0
537,537,*NOUSE*,*NOUSE*,0,0,0,0,0,0,0,0
538,538,CEPSHDL,,87,1363,85,227.00,81.13,46.06,3823,310142
539,539,AMSOL,,87,1472,87,229.00,71.82,45.81,4597,330157
540,540,*NOUSE*,*NOUSE*,0,0,0,0,0,0,0,0
541,541,*NOUSE*,*NOUSE*,0,0,0,0,0,0,0,0
542,542,*NOUSE*,*NOUSE*,0,0,0,0,0,0,0,0
543,543,P1/2L,,88,963,53,173.00,49.17,35.44,5698,280158
544,544,*NOUSE*,*NOUSE*,0,0,0,0,0,0,0,0
545,545,V3L,,88,793,64,125.00,41.63,24.58,8190,340909
546,546,IL1L,,86,1394,65,204.00,83.24,44.06,2634,219265
547,547,*NOUSE*,*NOUSE*,0,0,0,0,0,0,0,0
548,548,*NOUSE*,*NOUSE*,0,0,0,0,0,0,0,0
549,549,*NOUSE*,*NOUSE*,0,0,0,0,0,0,0,0
550,550,*NOUSE*,*NOUSE*,0,0,0,0,0,0,0,0
551,551,*NOUSE*,*NOUSE*,0,0,0,0,0,0,0,0
552,552,*NOUSE*,*NOUSE*,0,0,0,0,0,0,0,0
553,553,*NOUSE*,*NOUSE*,0,0,0,0,0,0,0,0
554,554,ADESHL,,88,1167,56,252.00,79.05,55.44,3391,268065
555,555,*NOUSE*,*NOUSE*,0,0,0,0,0,0,0,0
556,556,*NOUSE*,*NOUSE*,0,0,0,0,0,0,0,0
557,557,*NOUSE*,*NOUSE*,0,0,0,0,0,0,0,0
558,558,*NOUSE*,*NOUSE*,0,0,0,0,0,0,0,0
559,559,*NOUSE*,*NOUSE*,0,0,0,0,0,0,0,0
560,560,*NOUSE*,*NOUSE*,0,0,0,0,0,0,0,0
561,561,*NOUSE*,*NOUSE*,0,0,0,0,0,0,0,0
562,562,RMGL,,90,1188,56,209.00,72.13,46.86,4502,324721
563,563,V2L,,88,915,62,129.00,40.02,23.89,6887,275589
564,564,*NOUSE*,*NOUSE*,0,0,0,0,0,0,0,0
565,565,*NOUSE*,*NOUSE*,0,0,0,0,0,0,0,0
566,566,*NOUSE*,*NOUSE*,0,0,0,0,0,0,0,0
567,567,*NOUSE*,*NOUSE*,0,0,0,0,0,0,0,0
568,568,ARCPDL,,90,1489,84,178.00,60.95,39.92,4188,255275
569,569,*NOUSE*,*NOUSE*,0,0,0,0,0,0,0,0
570,570,*NOUSE*,*NOUSE*,0,0,0,0,0,0,0,0
571,571,XXXL,,89,1409,65,219.00,79.73,47.48,3058,243823
572,572,*NOUSE*,*NOUSE*,0,0,0,0,0,0,0,0
573,573,*NOUSE*,*NOUSE*,0,0,0,0,0,0,0,0
574,574,HYP7LC2,,89,898,84,132.00,39.24,23.03,6709,263263
575,575,ADEL,,91,1208,65,231.00,94.30,52.96,3234,304955
576,576,ILSHL,,90,1452,65,198.00,77.24,43.65,3155,243679
577,577,AUAL,,90,1276,61,210.00,84.64,46.37,3100,262373
578,578,RIML,,90,1249,70,237.00,88.24,45.89,3257,287387
579,579,ARCADL,,90,1522,71,180.00,58.18,38.95,4370,254233
580,580,*NOUSE*,*NOUSE*,0,0,0,0,0,0,0,0
581,581,*NOUSE*,*NOUSE*,0,0,0,0,0,0,0,0
582,582,*NOUSE*,*NOUSE*,0,0,0,0,0,0,0,0
583,583,ADAL,,92,1202,53,246.00,83.17,52.87,3450,286945
584,584,V1L,,91,1037,70,169.00,42.52,27.72,6959,295877
585,585,RMDVL,,92,1340,78,225.00,68.80,47.08,4244,291978
586,586,*NOUSE*,*NOUSE*,0,0,0,0,0,0,0,0
587,587,*NOUSE*,*NOUSE*,0,0,0,0,0,0,0,0
588,588,HYP7ABLV,,92,1134,61,128.00,39.16,19.48,7579,296801
589,589,*NOUSE*,*NOUSE*,0,0,0,0,0,0,0,0
590,590,*NOUSE*,*NOUSE*,0,0,0,0,0,0,0,0
591,591,*NOUSE*,*NOUSE*,0,0,0,0,0,0,0,0
592,592,HYP1L,,90,1454,87,225.00,88.99,54.06,3126,278188
593,593,AWBL,,92,1286,91,221.00,91.21,53.02,3174,289502
594,594,*NOUSE*,*NOUSE*,0,0,0,0,0,0,0,0
595,595,*NOUSE*,*NOUSE*,0,0,0,0,0,0,0,0
596,596,RMDL,,89,1323,61,225.00,85.60,50.42,2349,201073
597,597,FLPL,,93,1220,57,228.00,90.54,54.00,3057,276772
598,598,*NOUSE*,*NOUSE*,0,0,0,0,0,0,0,0
599,599,H0L,,94,1466,73,161.00,55.17,31.53,3599,198552
600,600,AFDL,,92,1304,81,224.00,78.61,46.83,3463,272233
601,601,*NOUSE*,*NOUSE*,0,0,0,0,0,0,0,0
602,602,RICL,,94,1236,57,239.00,88.67,54.99,2821,250136
603,603,IL2L,,94,1409,74,182.00,64.09,42.48,3888,249197
604,604,AVJL,,94,1232,84,252.00,101.10,59.45,3268,330400
605,605,*NOUSE*,*NOUSE*,0,0,0,0,0,0,0,0
606,606,AWCL,,93,1298,65,186.00,72.08,41.28,3470,250102
607,607,ASJL,,93,1260,61,178.00,70.89,37.89,3395,240671
608,608,ASHL,,94,1283,75,186.00,69.92,41.66,3814,266683
609,609,HYP7ABLD,,95,1143,83,139.00,43.07,23.32,7508,323355
610,610,AMSHL,,95,1203,90,175.00,60.70,34.07,4926,299015
611,611,*NOUSE*,*NOUSE*,0,0,0,0,0,0,0,0
612,612,*NOUSE*,*NOUSE*,0,0,0,0,0,0,0,0
613,613,*NOUSE*,*NOUSE*,0,0,0,0,0,0,0,0
614,614,*NOUSE*,*NOUSE*,0,0,0,0,0,0,0,0
615,615,H2L,,97,1192,70,144.00,52.57,26.76,3675,193205
616,616,AINL,,95,1217,77,242.00,94.69,59.91,3218,304711
617,617,H1L,,95,1355,68,123.00,49.28,25.60,1336,65834
618,618,*NOUSE*,*NOUSE*,0,0,0,0,0,0,0,0
619,619,*NOUSE*,*NOUSE*,0,0,0,0,0,0,0,0
620,620,*NOUSE*,*NOUSE*,0,0,0,0,0,0,0,0
621,621,VPI3D,*MANUAL*,67,1128,83,229.00,124.80,35.78,895,111700
622,622,VPI1,*MANUAL*,65,1136,92,181.00,108.77,28.79,895,97345
623,623,VPI3V,*MANUAL*,70,1138,56,199.00,103.19,48.67,825,85133
624,624,VPI2V,*MANUAL*,71,1147,55,252.00,174.03,46.91,895,155759
625,625,G1P,*MANUAL*$182$193,59,1152,94,163.00,49.29,32.29,6470,318926
626,626,PM7D,*MANUAL*$333$343,69,1170,105,186.00,55.57,37.09,6180,343447
627,627,PM5VR,*MANUAL*,65,1218,67,236.00,143.77,29.20,465,66851
628,628,PM5VL,*MANUAL*,73,1218,68,223.00,156.93,24.80,485,76112
629,629,M3L,*MANUAL*,73,1388,61,212.00,137.08,35.43,895,122689
630,630,NSML,*MANUAL*,79,1416,61,208.00,126.72,26.78,895,113412
631,631,PM4DR,*MANUAL*,62,1422,95,181.00,111.61,25.21,479,53462
632,632,PM4DL,*MANUAL*,78,1424,92,185.00,115.89,23.90,485,56205
633,633,MI,*MANUAL*,70,1424,98,223.00,176.56,16.74,485,85634
634,634,MCR,*MANUAL*,58,1436,73,214.00,118.12,37.37,797,94143
635,635,MCL,*MANUAL*,75,1435,68,233.00,150.79,35.46,769,115960
636,636,I2L,*MANUAL*,82,1435,64,246.00,153.75,40.30,895,137610
637,637,I2R,*MANUAL*,52,1437,67,211.00,133.63,29.69,895,119601
638,638,MC1V,*MANUAL*,67,1445,59,184.00,103.51,29.14,475,49165
639,639,MC1DR,*MANUAL*,58,1444,89,154.00,90.77,20.79,831,75430
640,640,MC1DL,*MANUAL*,77,1445,85,227.00,119.51,37.71,874,104451
641,641,PM1VR,*MANUAL*,61,1451,62,222.00,169.16,23.13,485,82043
642,642,PM1VL,*MANUAL*,75,1449,60,221.00,143.66,45.10,485,69676
643,643,PM1L,*MANUAL*,82,1450,76,221.00,158.44,22.78,485,76841
644,644,PM1R,*MANUAL*,56,1452,76,209.00,127.61,33.15,895,114208
645,645,PM1DR,*MANUAL*,64,1445,96,238.00,141.59,40.30,886,125448
646,646,PM1DL,*MANUAL*,73,1447,93,246.00,170.03,37.38,485,82463
647,647,I1R,*MANUAL*,58,1468,68,193.00,102.22,27.85,855,87396
648,648,I1L,*MANUAL*,77,1466,68,221.00,116.58,43.18,892,103987
649,649,E2VL,*MANUAL*$413$391,74,1594,68,165.00,44.63,30.59,5080,226713
650,650,PM2VL1,*MANUAL*,77,1567,66,206.00,94.78,46.96,1365,129372
651,651,PM2VL2,*MANUAL*,79,1548,65,220.00,104.40,44.94,895,93438
652,652,E1VL,*MANUAL*,80,1529,65,203.00,120.52,37.45,895,107863
653,653,E3VL,*MANUAL*,80,1500,64,197.00,119.98,35.31,865,103779
654,654,PM3L,*MANUAL*,81,1485,71,155.00,93.82,24.48,891,83592
655,655,PM2VR1,*MANUAL*,56,1572,68,181.00,99.38,30.02,895,88947
656,656,PM2VR2,*MANUAL*,56,1557,67,206.00,104.72,29.07,895,93727
657,657,E1VR,*MANUAL*,55,1534,68,189.00,106.63,33.99,795,84774
658,658,PM3R,*MANUAL*,56,1487,75,128.00,72.74,28.39,855,62194
659,659,PM2D1,*MANUAL*,68,1560,91,192.00,107.25,35.84,895,95987
660,660,PM2D2,*MANUAL*,68,1543,92,199.00,112.87,32.45,895,101015
661,661,E1D,*MANUAL*,67,1518,93,212.00,107.58,43.42,677,72832
662,662,E3D,*MANUAL*,68,1469,95,137.00,74.79,24.71,895,66933
663,663,PM3DR,*MANUAL*,63,1492,89,102.00,61.66,17.43,895,55186
664,664,PM3DL,*MANUAL*,74,1518,90,163.00,74.06,25.17,895,66281
665,665,VL13,*MANUAL*$361$349,72,889,42,196.00,56.38,42.70,5030,283582
666,666,DD2,*MANUAL*,65,988,39,238.00,130.96,48.89,1321,173002
667,667,Z1,*MANUAL*,54,745,61,153.00,85.82,22.50,1365,117149
668,668,Z2,*MANUAL*$188$144,58,721,62,169.00,47.46,31.02,11561,548735
669,669,Z3,*MANUAL*$364$328$387,71,695,59,185.00,52.05,34.56,9164,476992
670,670,HYP5L,*MANUAL*$555$572,87,1563,77,137.00,45.66,26.63,5223,238472
671,671,VL1,*MANUAL*,88,1528,59,165.00,60.22,32.23,895,53897
672,672,VL2,*MANUAL*,81,1507,50,136.00,76.27,22.11,895,68260
673,673,VL4,*MANUAL*,85,1416,50,143.00,66.86,25.67,1365,91269
674,674,VL5,*MANUAL*,76,1354,39,176.00,59.96,33.82,1357,81369
675,675,VL6,*MANUAL*,84,1357,47,170.00,90.09,30.77,895,80629
676,676,VL7,*MANUAL*,80,1234,38,186.00,79.77,41.42,895,71395
677,677,VL8,*MANUAL*,82,1193,41,174.00,87.69,34.18,1293,113380
678,678,EXC GL L,*MANUAL*$513$486,80,1164,42,228.00,76.34,45.93,3148,240328
679,679,VL11,*MANUAL*,73,983,42,229.00,135.81,37.33,895,121554
680,680,VL12,*MANUAL*$447$435,79,936,45,203.00,61.70,44.48,4907,302774
681,681,VL18,*MANUAL*$408$389,74,383,61,121.00,41.89,24.17,4362,182715
682,682,VL19,*MANUAL*,75,207,63,107.00,55.50,17.68,895,49674
683,683,DL1,*MANUAL*$556$549,86,1538,88,152.00,54.55,30.51,4861,265150
684,684,DL2,*MANUAL*$552$558,85,1509,93,169.00,62.95,32.68,3384,213030
685,685,DL3,*MANUAL*$540$541,83,1470,101,140.00,59.05,27.73,3926,231825
686,686,DL4,*MANUAL*,89,1428,96,181.00,104.51,35.34,895,93538
687,687,DL5,*MANUAL*,83,1362,103,147.00,90.72,24.71,895,81195
688,688,DL6,*MANUAL*,90,1367,95,167.00,90.61,26.18,895,81093
689,689,DL7,*MANUAL*,81,1246,111,210.00,96.73,36.99,895,86572
690,690,DL8,*MANUAL*$528$529,86,1183,108,185.00,53.26,34.15,5823,310106
691,691,DL10,*MANUAL*$524$525,86,1126,102,203.00,56.39,40.27,6427,362423
692,692,DL11,*MANUAL*$444$458,79,1034,109,194.00,55.70,41.31,5771,321429
693,693,DL12,*MANUAL*$498$457,82,964,103,226.00,54.18,41.77,6148,333117
694,694,DL13,*MANUAL*$432$416,76,891,105,195.00,58.51,42.94,4821,282086
695,695,DL14,*MANUAL*$443$481,78,813,104,197.00,61.32,43.31,4251,260680
696,696,DL17,*MANUAL*$393$394,74,592,104,164.00,47.49,30.90,4403,209110
697,697,DL18,*MANUAL*$415$414,74,487,98,116.00,39.01,20.12,4771,186117
698,698,DL19,*MANUAL*$396$376,73,430,101,113.00,42.53,24.18,3832,162993
699,699,IND8,*MANUAL*$304$321,67,388,98,66.00,26.43, 9.47,6331,167319
700,700,HYP5R,*MANUAL*$59$68,45,1565,79,133.00,38.80,19.71,5296,205462
701,701,VR1,*MANUAL*,47,1530,67,149.00,68.36,29.08,1365,93311
702,702,VR2,*MANUAL*$128$126,51,1500,55,131.00,51.50,23.81,3253,167530
703,703,VR5,*MANUAL*,53,1351,42,148.00,71.38,30.46,895,63889
704,704,VR7,*MANUAL*$166$139,55,1249,41,177.00,57.87,29.93,3307,191392
705,705,EXC GL R,*MANUAL*$102$82,49,1184,47,189.00,63.53,38.25,4996,317382
706,706,VR13,*MANUAL*$122$113,53,905,45,219.00,50.97,38.79,5595,285203
707,707,VR14,*MANUAL*$90$114,51,838,47,198.00,50.59,37.84,5966,301826
708,708,VR16,*MANUAL*$167$142,54,680,54,168.00,48.40,31.29,5741,277864
709,709,VR17,*MANUAL*,54,598,54,156.00,79.79,22.24,895,71409
710,710,VR18,*MANUAL*$186$185,59,524,53,173.00,40.99,26.34,5576,228541
711,711,VR20,*MANUAL*,66,199,63,102.00,57.30,17.14,895,51287
712,712,DR1,*MANUAL*$136$100,51,1539,92,125.00,45.93,23.16,5232,240292
713,713,DR2,*MANUAL*,55,1509,99,160.00,91.88,20.81,867,79657
714,714,DR3,*MANUAL*$205$228,58,1465,105,143.00,57.76,25.65,5299,306064
715,715,DR4,*MANUAL*,48,1434,101,130.00,64.72,25.08,895,57926
716,716,DR5,*MANUAL*,57,1361,108,152.00,85.51,21.53,895,76529
717,717,DR6,*MANUAL*,47,1358,100,144.00,84.09,21.90,895,75257
718,718,DR7,*MANUAL*,61,1240,113,190.00,104.81,33.17,881,92334
719,719,HMC,*MANUAL*,71,1241,106,216.00,141.17,30.71,895,126348
720,720,DR9,*MANUAL*$206$229,60,1148,113,236.00,58.71,42.64,5617,329759
721,721,DR10,*MANUAL*$163$164,55,1132,104,164.00,50.71,33.83,6074,308011
722,722,DR11,*MANUAL*$244$230,63,1062,112,186.00,53.73,40.05,5764,309703
723,723,DR13,*MANUAL*$213$214,61,921,109,191.00,56.16,43.19,5090,285838
724,724,DR15,*MANUAL*$241$258,64,809,108,189.00,56.98,40.99,4773,271973
725,725,DR17,*MANUAL*$203$204,60,646,103,150.00,47.53,31.38,4524,215036
726,726,DR18,*MANUAL*$194$195,59,567,103,150.00,47.70,30.25,4692,223821
727,727,DR19,*MANUAL*$201$238,61,457,99,138.00,44.12,26.45,3998,176403
728,728,DR21,*MANUAL*$289$273,62,274,94,97.00,41.36,18.03,2834,117202
729,729,DL21,*MANUAL*,68,192,87,113.00,52.73,17.72,895,47193
730,730,INVR1,*MANUAL*$178$115$127,53,1075,55,102.00,35.36,16.77,7267,256953
731,731,INDR1,*MANUAL*$149$137,54,1083,99,88.00,36.23,17.52,8062,292115
732,732,INV9,*MANUAL*,60,348,62,73.00,33.08,11.38,1365,45150
733,733,IND7,*MANUAL*$358$318$290,65,517,94,70.00,22.75, 8.27,6399,145575
734,734,*NOUSE*,*NOUSE*,0,0,0,0,0,0,0,0
735,735,HYP7ABRD,*MANUAL*$51$52$734,43,1132,89,122.00,36.68,17.55,6720,246506
736,736,HYP7ABR3,*MANUAL*$48$26,41,1112,71,97.00,33.94,15.33,6030,204649
737,737,V1R,*MANUAL*$43$28,43,1030,74,111.00,37.35,21.09,6291,234984
738,738,P1/2R,*MANUAL*$46$54,45,970,57,153.00,45.37,28.57,5341,242341
739,739,V2R,*MANUAL*$47$33,43,922,64,120.00,34.41,19.32,6869,236393
740,740,V6R,*MANUAL*$117$95,48,399,80,67.00,24.68, 9.48,5653,139503
741,741,P7/8R,*MANUAL*,46,613,58,118.00,46.27,20.68,1365,63162
742,742,P11/12R,*MANUAL*,49,296,60,114.00,48.47,22.18,895,43380
743,743,IMR,*MANUAL*,49,336,60,104.00,46.56,17.42,895,41669
744,744,HYP7RC4,*MANUAL*$98$96,47,599,89,88.00,27.90,13.18,5496,153339
745,745,HYP7RC5,*MANUAL*$107$108,50,446,89,82.00,25.92,11.18,5822,150928
746,746,HYP7RC6,*MANUAL*,54,253,84,83.00,30.53,14.02,1365,41670
747,747,V4L,*MANUAL*$534$566,87,656,68,118.00,36.63,20.11,6748,247150
748,748,QL,*MANUAL*$464$477,81,476,83,151.00,45.98,27.89,8386,385552
749,749,*NOUSE*,*NOUSE*,0,0,0,0,0,0,0,0
750,750,P5/6L,*MANUAL*$570$749,88,730,61,155.00,45.36,29.10,5656,256554
751,751,P11/12L,*MANUAL*,85,310,64,101.00,48.80,18.66,839,40944
752,752,IML,*MANUAL*,79,331,62,116.00,62.18,25.21,895,55652
753,753,HYP7LC1,*MANUAL*$601$587$591,91,1017,88,130.00,37.77,21.73,7748,292607
754,754,HYP7LC4,*MANUAL*$557$582,88,614,88,112.00,30.95,16.23,6521,201821
755,755,HYP7LC5,*MANUAL*$548$511,83,442,89,82.00,28.65,12.82,5710,163573
756,756,HYP7LC6,*MANUAL*,83,264,88,88.00,26.49,13.40,1298,34380
757,757,PHBL,*MANUAL*,80,247,75,121.00,83.65,12.97,883,73862
758,758,PHAL,*MANUAL*,78,249,64,129.00,85.69,17.12,895,76692
759,759,ALNL,*MANUAL*,76,218,83,138.00,92.56,15.36,785,72660
760,760,PHSHL,*MANUAL*,75,201,78,134.00,87.81,20.21,883,77538
761,761,PLML,*MANUAL*,75,184,68,123.00,71.47,19.49,895,63963
762,762,PVPL,*MANUAL*,77,310,59,148.00,103.23,19.41,895,92389
763,763,DA8,*MANUAL*,78,290,60,167.00,97.72,27.37,877,85700
764,764,DD6,*MANUAL*,71,298,59,178.00,104.86,22.30,895,93850
765,765,PVT,*MANUAL*$232$219,63,316,55,139.00,49.84,28.35,5348,266518
766,766,REPVL,*MANUAL*,81,288,75,139.00,82.34,18.23,895,73695
767,767,U,*MANUAL*,72,280,68,157.00,93.43,18.60,895,83616
768,768,PVPR,*MANUAL*,60,296,62,159.00,101.47,19.16,895,90814
769,769,DA9,*MANUAL*,60,281,59,151.00,93.46,17.50,895,83650
770,770,PVQR,*MANUAL*,55,257,68,121.00,67.85,18.77,895,60723
771,771,PHBR,*MANUAL*,58,238,72,113.00,71.69,12.84,889,63731
772,772,PHAR,*MANUAL*,58,243,62,130.00,78.08,19.99,895,69883
773,773,LUAR,*MANUAL*,58,225,76,141.00,100.01,17.67,853,85307
774,774,PVCR,*MANUAL*,61,216,74,146.00,93.87,17.29,865,81198
775,775,PHSHR,*MANUAL*,66,195,77,147.00,87.17,17.72,895,78017
776,776,PLMR,*MANUAL*,65,179,64,102.00,57.55,16.12,895,51511
777,777,TL,*MANUAL*,77,167,79,71.00,26.47,10.54,1365,36132
778,778,TR,*MANUAL*,62,167,78,63.00,32.82,10.03,895,29372
779,779,HYP8,*MANUAL*,61,107,70,115.00,49.48,16.87,1365,67542
780,780,HYP11,*MANUAL*,67,100,80,100.00,50.10,14.32,895,44840
781,781,K,*MANUAL*,77,256,86,116.00,64.44,18.03,895,57675
782,782,K',*MANUAL*,61,262,83,131.00,82.53,17.63,895,73865
783,783,F,*MANUAL*,71,253,76,140.00,90.92,19.51,895,81373
784,784,B,*MANUAL*,70,234,61,97.00,58.33,15.46,895,52207
785,785,DEP,*MANUAL*,70,223,86,122.00,82.61,16.99,895,73938
786,786,DVC,*MANUAL*,70,220,72,150.00,89.37,16.18,895,79985
787,787,SIBDL,*MANUAL*,89,1310,60,234.00,138.07,42.98,895,123569
788,788,ASEL,*MANUAL*,96,1262,79,207.00,122.91,30.08,1351,166049
789,789,AVDL,*MANUAL*,96,1237,72,251.00,159.43,44.41,869,138549
790,790,AVHL,*MANUAL*,93,1247,94,250.00,168.77,39.79,1332,224795
791,791,ASGL,*MANUAL*,90,1267,94,218.00,144.27,39.33,895,129120
792,792,AVAL,*MANUAL*,93,1322,77,230.00,137.57,32.73,895,123124
793,793,SMDVL,*MANUAL*,89,1318,92,227.00,123.38,41.28,1317,162488
794,794,RIAL,*MANUAL*,83,1311,88,212.00,150.56,28.16,895,134755
795,795,SAAVL,*MANUAL*,83,1327,83,233.00,155.08,32.36,895,138796
796,796,AVEL,*MANUAL*,83,1311,71,223.00,143.24,30.06,895,128204
797,797,RIBL,*MANUAL*,85,1264,76,228.00,152.19,32.01,895,136211
798,798,AIZL,*MANUAL*,89,1230,69,251.00,180.09,33.47,895,161179
799,799,RIVL,*MANUAL*,88,1238,98,247.00,174.62,35.13,895,156287
800,800,ASKL,*MANUAL*$456$403,78,1302,103,180.00,69.90,35.26,5448,380813
801,801,RIVR,*MANUAL*,58,1242,103,238.00,158.93,29.12,895,142238
802,802,ADAR,*MANUAL*,42,1207,60,207.00,126.58,30.12,893,113038
803,803,ADER,*MANUAL*,48,1214,67,215.00,152.81,27.74,894,136615
804,804,FLPR,*MANUAL*,42,1224,65,220.00,135.85,32.12,895,121582
805,805,ASJR,*MANUAL*,45,1253,64,167.00,95.74,19.88,1361,130300
806,806,SIBDR,*MANUAL*,43,1307,64,202.00,131.64,26.36,847,111495
807,807,ASER,*MANUAL*,44,1262,84,173.00,91.12,20.78,1365,124383
808,808,AVJR,*MANUAL*,45,1235,89,221.00,144.89,33.25,861,124752
809,809,ASGR,*MANUAL*,57,1264,90,199.00,121.97,26.90,895,109165
810,810,ASHR,*MANUAL*,43,1281,79,165.00,97.28,18.68,1344,130743
811,811,AWAR,*MANUAL*,52,1280,86,170.00,116.36,20.97,895,104146
812,812,AVBR,*MANUAL*,53,1241,88,217.00,151.20,23.19,895,135323
813,813,RIMR,*MANUAL*,53,1247,71,195.00,116.51,24.78,895,104280
814,814,AIZR,*MANUAL*,53,1232,67,203.00,133.44,32.58,895,119426
815,815,saavr,*MANUAL*,53,1326,87,223.00,150.18,29.12,895,134408
816,816,EXC,*MANUAL*,76,1249,52,104.00,54.19,16.14,1365,73968
817,817,AIML,*MANUAL*,75,1230,51,242.00,157.80,32.64,872,137603
818,818,AIYL,*MANUAL*,85,1227,51,249.00,150.52,54.55,895,134711
819,819,AIMR,*MANUAL*,63,1239,54,237.00,151.22,41.90,811,122640
820,820,AIYR,*MANUAL*,55,1237,51,236.00,148.28,30.03,895,132715
821,821,RIS,*MANUAL*,62,1221,50,204.00,137.52,28.25,821,112907
822,822,AVKR,*MANUAL*,53,1222,50,216.00,136.67,29.97,895,122316
823,823,W,*MANUAL*,69,1236,38,171.00,107.04,21.40,895,95804
824,824,SABVL,*MANUAL*,72,1210,40,246.00,163.86,43.00,871,142719
825,825,SABVR,*MANUAL*,64,1204,37,247.00,175.38,36.68,893,156614
826,826,RIFL,*MANUAL*,73,1197,39,253.00,172.21,38.22,895,154132
827,827,RIFR,*MANUAL*,60,1193,40,236.00,164.17,27.64,893,146605
828,828,AVG,*MANUAL*,65,1184,35,235.00,153.20,30.17,839,128533
829,829,RIGL,*MANUAL*,73,1179,35,250.00,152.86,34.53,895,136814
830,830,GLRVR,*MANUAL*,59,1322,60,239.00,161.51,32.00,858,138576
831,831,GLRR,*MANUAL*,56,1323,68,210.00,124.45,32.70,485,60356
832,832,GLRL,*MANUAL*,80,1323,66,240.00,129.90,44.86,895,116261
833,833,SMBDL,*MANUAL*,81,1284,44,230.00,128.58,37.48,893,114826
834,834,SMBDR,*MANUAL*,54,1279,48,200.00,127.32,32.39,895,113950
835,835,SIBVR,*MANUAL*,51,1305,59,207.00,142.51,26.33,895,127544
836,836,SAADL,*MANUAL*,75,1308,51,211.00,154.28,24.97,481,74210
837,837,RIH,*MANUAL*,67,1305,54,204.00,164.95,15.29,447,73733
838,838,SAADR,*MANUAL*,60,1307,53,232.00,164.78,28.48,485,79917
839,839,SMBVL,*MANUAL*,73,1288,50,218.00,156.51,30.57,821,128492
840,840,SMBVR,*MANUAL*,63,1288,50,232.00,151.05,27.44,895,135190
841,841,RIR,*MANUAL*,59,1295,61,177.00,123.10,19.87,895,110171
842,842,AIAL,*MANUAL*,72,1276,56,228.00,138.71,35.80,871,120815
843,843,AIAR,*MANUAL*,64,1270,53,209.00,150.47,22.70,895,134668
844,844,SIAVR,*MANUAL*,56,1258,56,180.00,126.18,24.67,879,110912
845,845,SIADR,*MANUAL*,49,1265,52,198.00,126.07,25.66,895,112833
846,846,GLRDL,*MANUAL*,76,1334,91,243.00,168.63,34.88,895,150920
847,847,GLRDR,*MANUAL*,62,1334,91,241.00,159.71,37.39,895,142941
848,848,URBL,*MANUAL*,92,1389,73,228.00,145.21,36.48,895,129964
849,849,BAGL,*MANUAL*,89,1371,64,168.00,114.79,19.34,895,102735
850,850,RMEL,*MANUAL*,87,1365,75,200.00,131.94,29.43,895,118087
851,851,OLLL,*MANUAL*,85,1394,81,233.00,141.42,30.81,889,125718
852,852,URYDL,*MANUAL*,84,1378,89,232.00,159.89,37.23,875,139901
853,853,URADL,*MANUAL*,81,1394,93,251.00,178.85,40.88,843,150769
854,854,IL2DL,*MANUAL*,81,1405,103,210.00,125.57,35.86,895,112387
855,855,CEPSHVL,*MANUAL*,86,1354,60,179.00,91.39,32.81,895,81792
856,856,URYVL,*MANUAL*,84,1385,58,208.00,124.55,42.63,895,111470
857,857,OLQVL,*MANUAL*,79,1371,55,181.00,118.25,27.04,895,105834
858,858,URAVL,*MANUAL*,74,1380,45,213.00,121.53,35.40,867,105368
859,859,URAVR,*MANUAL*,54,1379,47,217.00,120.71,39.12,865,104417
860,860,RMER,*MANUAL*,49,1361,75,163.00,101.52,26.27,895,90862
861,861,RIPR,*MANUAL*,51,1376,77,176.00,114.50,22.31,895,102476
862,862,OLLR,*MANUAL*,51,1393,83,162.00,108.37,21.99,895,96994
863,863,URYDR,*MANUAL*,51,1378,92,220.00,144.01,25.02,832,119820
864,864,URADR,*MANUAL*,51,1395,97,213.00,138.36,32.42,892,123413
865,865,IL2DR,*MANUAL*,59,1397,105,194.00,120.73,31.41,895,108050
866,866,RMED,*MANUAL*,67,1370,100,223.00,153.74,25.89,886,136213
867,867,OLQDL,*MANUAL*,78,1371,94,237.00,162.91,27.48,895,145803
868,868,OLQDR,*MANUAL*,57,1372,96,214.00,150.69,23.55,895,134871
869,869,IL1DL,*MANUAL*,74,1385,94,244.00,178.87,26.60,895,160087
870,870,IL1DR,*MANUAL*,62,1383,94,211.00,156.08,23.60,895,139694
871,871,RMEV,*MANUAL*,66,1344,41,162.00,104.54,22.70,895,93563
872,872,CEPVL,*MANUAL*,70,1359,45,199.00,156.00,16.74,477,74411
873,873,CEPVR,*MANUAL*,61,1363,45,201.00,137.00,25.32,895,122611
874,874,IL1VR,*MANUAL*,64,1379,46,217.00,150.95,20.53,895,135096
875,875,IL1VL,*MANUAL*,70,1395,46,206.00,132.79,28.56,884,117389
876,876,IL2VR,*MANUAL*,60,1399,46,201.00,134.38,28.57,867,116506
877,877,IL2VL,*MANUAL*,71,1408,44,172.00,113.58,23.88,886,100628
878,878,CEPSODL,*MANUAL*,88,1400,90,247.00,165.79,44.99,895,148384
879,879,OLLSOL,*MANUAL*,90,1414,87,250.00,149.50,51.70,895,133801
880,880,ILSHDL,*MANUAL*,92,1429,86,246.00,147.18,46.74,895,131730
881,881,OLQSHDL,*MANUAL*,94,1441,82,232.00,141.60,44.16,895,126729
882,882,HYP2L,*MANUAL*$573$581,91,1509,80,178.00,60.54,39.08,4527,274062
883,883,ARCPVL,*MANUAL*,89,1500,65,181.00,101.56,33.85,895,90894
884,884,ILSOL,*MANUAL*,89,1481,64,190.00,110.90,29.34,895,99259
885,885,OLQSOVL,*MANUAL*,85,1464,60,210.00,128.93,29.00,895,115392
886,886,OLLSHL,*MANUAL*,95,1439,69,223.00,131.13,46.81,876,114874
887,887,OLQSHVL,*MANUAL*,93,1429,67,236.00,146.32,38.51,895,130955
888,888,IL1R,*MANUAL*,46,1393,70,178.00,127.39,19.63,889,113254
889,889,URYVR,*MANUAL*,47,1384,61,186.00,120.37,27.18,895,107734
890,890,IL2R,*MANUAL*,41,1412,75,143.00,94.70,19.08,895,84755
891,891,URBR,*MANUAL*,41,1387,78,187.00,120.16,26.59,895,107540
892,892,BAGR,*MANUAL*,44,1367,64,171.00,98.93,21.71,895,88546
893,893,OLQVR,*MANUAL*,53,1372,58,194.00,114.62,30.53,895,102586
894,894,XXXR,*MANUAL*,46,1404,65,179.00,112.56,30.55,895,100745
895,895,OLQSHVR,*MANUAL*,42,1431,71,196.00,111.99,27.89,895,100235
896,896,OLLSHR,*MANUAL*,44,1449,74,189.00,120.73,28.33,895,108056
897,897,ILSHR,*MANUAL*,48,1459,66,180.00,111.50,30.66,895,99792
898,898,OLQSOVR,*MANUAL*,48,1473,67,186.00,113.97,25.37,895,102004
899,899,ILSOR,*MANUAL*,48,1490,71,167.00,115.47,20.42,895,103348
900,900,AMSOR,*MANUAL*,49,1500,88,145.00,92.87,19.38,895,83121
901,901,ILSHDR,*MANUAL*,52,1455,93,202.00,129.51,25.28,895,115909
902,902,OLQSHDR,*MANUAL*,42,1441,89,192.00,101.60,30.99,895,90928
903,903,OLLSOR,*MANUAL*,43,1419,90,170.00,105.18,23.11,895,94136
904,904,CEPSODR,*MANUAL*,49,1408,93,186.00,122.58,29.20,895,109705
905,905,ARCAV,*MANUAL*,68,1580,51,173.00,96.72,29.55,895,86562
906,906,ARCPV,*MANUAL*,70,1554,50,177.00,109.93,31.97,895,98388
907,907,HYP2V,*MANUAL*,62,1567,50,154.00,92.19,27.98,895,82506
908,908,HYP1V,*MANUAL*,62,1539,51,172.00,96.72,32.23,895,86564
909,909,ILSOVR,*MANUAL*,63,1515,49,196.00,114.31,33.21,895,102310
910,910,ILSHVR,*MANUAL*,63,1493,48,213.00,118.16,41.25,813,96063
911,911,ILSOVL,*MANUAL*,71,1527,49,180.00,104.47,38.03,877,91624
912,912,ILSHVL,*MANUAL*,70,1498,48,224.00,125.84,44.67,895,112629
913,913,HYP6V1,*MANUAL*,69,1520,42,164.00,63.69,26.85,895,57007
914,914,*NOUSE*,*NOUSE*,0,0,0,0,0,0,0,0
915,915,HYP7V2,*MANUAL*,63,1372,34,94.00,45.41,15.84,895,40643
916,916,HYP4D,*MANUAL*$306$331$322,66,1650,95,139.00,42.24,27.16,5644,238381
917,917,HYP31,*MANUAL*,66,1586,103,216.00,114.86,36.61,895,102802
918,918,HYP32,*MANUAL*,73,1575,100,187.00,108.37,36.15,895,96991
919,919,ILSODL,*MANUAL*,76,1548,99,211.00,134.13,39.02,895,120046
920,920,OLQSODL,*MANUAL*,78,1524,101,244.00,139.54,42.99,895,124890
921,921,ILSODR,*MANUAL*,64,1536,103,222.00,137.92,29.14,895,123434
922,922,OLQSODR,*MANUAL*,63,1514,103,225.00,145.52,30.71,877,127625
923,923,HYP6D1,*MANUAL*,70,1545,110,145.00,71.89,27.85,895,64340
924,924,HYP6D2,*MANUAL*,70,1515,110,166.00,84.86,33.50,895,75953
925,925,HYP6D3,*MANUAL*$369$382,70,1468,107,152.00,65.48,29.74,4634,303441
926,926,HYP7D1,*MANUAL*$420$383,71,1387,112,125.00,53.43,21.19,2010,107385
927,927,HYP7D2,*MANUAL*$419$397,71,1301,113,126.00,51.17,19.85,4377,223953
928,928,PM3VL,*MANUAL*,74,1519,63,124.00,60.00,22.69,895,53700
929,929,PM3VR,*MANUAL*,60,1527,63,167.00,71.66,25.68,895,64139
930,930,CEPSOVR,*MANUAL*,52,1395,50,191.00,113.98,35.65,895,102008
931,931,CEPSHVR,*MANUAL*,49,1355,55,181.00,87.43,37.90,895,78246
932,932,hyp7v1,*MANUAL*,64,1404,37,130.00,52.66,21.19,895,47133
933,933,INV3,*MANUAL*$352$339,69,945,56,74.00,30.67,12.69,6796,208434
934,934,PM7VR,*MANUAL*$171$191,54,1171,65,182.00,60.74,34.77,4308,261685
935,935,H2R,*MANUAL*$4$3,39,1197,77,114.00,40.06,17.29,5405,216511
936,936,HYP7RC3,*MANUAL*$78$61,45,731,89,91.00,29.63,14.05,6679,197923
937,937,*NOUSE*,*NOUSE*,0,0,0,0,0,0,0,0
938,938,hyp7lc3,*MANUAL*$594$937,88,797,88,133.00,37.36,21.68,6992,261237
939,939,f1,*MANUAL*,65,1624,75,12.00, 1.18, 1.59,895,1059
940,940,f2,*MANUAL*,65,1544,73,40.00,11.05, 6.82,895,9891
941,941,f3,*MANUAL*,64,1470,74,111.00,22.65,15.33,895,20274
942,942,f4,*MANUAL*,65,1355,74,19.00, 6.63, 2.59,895,5935
943,943,f5,*MANUAL*,65,1279,73,31.00,12.52, 4.57,895,11204
944,944,f6,*MANUAL*,65,1107,73,19.00, 4.99, 2.83,895,4465
945,945,f7,*MANUAL*,65,1043,71,16.00, 3.85, 2.60,895,3449
946,946,f8,*MANUAL*,65,806,74,13.00, 4.04, 2.11,895,3619
947,947,f9,*MANUAL*,65,708,78,13.00, 3.34, 2.24,895,2991
948,948,f10,*MANUAL*,63,450,75,18.00, 3.42, 2.48,895,3058
