0,0,*NOUSE*,*NOUSE*,0,0,0,0,0,0,0,0
1,1,hyp2L,,38,1608,67,206.00,59.94,43.68,4704,281939.00
2,2,H0L,,38,1564,66,186.00,53.02,36.28,4677,247981.00
3,3,ARCaDL,,39,1628,72,215.00,59.15,44.35,4735,280089.00
4,4,H1L,,37,1433,76,135.00,45.82,26.02,2792,127938.00
5,5,*NOUSE*,*NOUSE*,0,0,0,0,0,0,0,0
6,6,*NOUSE*,*NOUSE*,0,0,0,0,0,0,0,0
7,7,RICL,,39,1304,75,212.00,75.63,47.43,3095,234066.00
8,8,AINL,,39,1283,52,218.00,73.83,49.44,3254,240237.00
9,9,OLQshDL,,40,1527,58,234.00,74.66,53.74,3997,298398.00
10,10,V1L,,41,1089,63,132.00,42.45,27.19,4989,211772.00
11,11,*NOUSE*,*NOUSE*,0,0,0,0,0,0,0,0
12,12,*NOUSE*,*NOUSE*,0,0,0,0,0,0,0,0
13,13,ADEL,,39,1265,70,217.00,66.77,47.32,3475,232015.00
14,14,IL2L,,40,1501,69,203.00,69.16,45.79,3563,246430.00
15,15,RMDVL,,41,1429,63,222.00,65.92,45.68,4237,279301.00
16,16,*NOUSE*,*NOUSE*,0,0,0,0,0,0,0,0
17,17,*NOUSE*,*NOUSE*,0,0,0,0,0,0,0,0
18,18,FLPL,,39,1281,76,215.00,73.46,48.91,3307,242936.00
19,19,ADAL,,39,1248,77,212.00,68.05,48.61,3483,237009.00
20,20,BAGL,,39,1464,77,190.00,70.96,44.18,3498,248225.00
21,21,AUAL,,40,1348,80,212.00,71.41,47.01,3532,252218.00
22,22,*NOUSE*,*NOUSE*,0,0,0,0,0,0,0,0
23,23,*NOUSE*,*NOUSE*,0,0,0,0,0,0,0,0
24,24,*NOUSE*,*NOUSE*,0,0,0,0,0,0,0,0
25,25,ASEL,,42,1331,58,158.00,62.38,34.50,3777,235599.00
26,26,*NOUSE*,*NOUSE*,0,0,0,0,0,0,0,0
27,27,*NOUSE*,*NOUSE*,0,0,0,0,0,0,0,0
28,28,*NOUSE*,*NOUSE*,0,0,0,0,0,0,0,0
29,29,*NOUSE*,*NOUSE*,0,0,0,0,0,0,0,0
30,30,CANL,,41,775,63,125.00,41.00,25.82,4312,176780.00
31,31,*NOUSE*,*NOUSE*,0,0,0,0,0,0,0,0
32,32,AIZL,,41,1295,64,196.00,82.89,48.88,2665,220890.00
33,33,OLLshL,,40,1540,77,240.00,75.16,55.00,3469,260727.00
34,34,OLQshVL,,40,1515,79,250.00,82.83,56.61,3243,268621.00
35,35,*NOUSE*,*NOUSE*,0,0,0,0,0,0,0,0
36,36,*NOUSE*,*NOUSE*,0,0,0,0,0,0,0,0
37,37,*NOUSE*,*NOUSE*,0,0,0,0,0,0,0,0
38,38,AWBL,,42,1361,48,207.00,75.55,45.90,3726,281481.00
39,39,AVJL,,42,1299,49,218.00,77.52,49.20,3104,240628.00
40,40,*NOUSE*,*NOUSE*,0,0,0,0,0,0,0,0
41,41,*NOUSE*,*NOUSE*,0,0,0,0,0,0,0,0
42,42,AMsoL,,42,1596,58,216.00,66.68,45.25,4078,271913.00
43,43,*NOUSE*,*NOUSE*,0,0,0,0,0,0,0,0
44,44,*NOUSE*,*NOUSE*,0,0,0,0,0,0,0,0
45,45,*NOUSE*,*NOUSE*,0,0,0,0,0,0,0,0
46,46,*NOUSE*,*NOUSE*,0,0,0,0,0,0,0,0
47,47,RMGL,,41,1227,77,198.00,60.81,42.57,4090,248698.00
48,48,ILsoL,,42,1580,79,234.00,79.76,50.82,3631,289611.00
49,49,P1/2L,,41,1030,81,130.00,39.20,24.95,5404,211837.00
50,50,VL6,,43,1424,97,176.00,52.73,35.26,5353,282239.00
51,51,AVHL,,45,1328,44,230.00,86.57,51.19,3707,320926.00
52,52,*NOUSE*,*NOUSE*,0,0,0,0,0,0,0,0
53,53,*NOUSE*,*NOUSE*,0,0,0,0,0,0,0,0
54,54,*NOUSE*,*NOUSE*,0,0,0,0,0,0,0,0
55,55,*NOUSE*,*NOUSE*,0,0,0,0,0,0,0,0
56,56,*NOUSE*,*NOUSE*,0,0,0,0,0,0,0,0
57,57,*NOUSE*,*NOUSE*,0,0,0,0,0,0,0,0
58,58,*NOUSE*,*NOUSE*,0,0,0,0,0,0,0,0
59,59,*NOUSE*,*NOUSE*,0,0,0,0,0,0,0,0
60,60,V2L,,42,974,77,114.00,35.19,20.72,5621,197823.00
61,61,V3L,,43,865,78,107.00,33.60,19.37,5621,188874.00
62,62,IL1L,,42,1488,76,243.00,104.09,57.25,1779,185170.00
63,63,*NOUSE*,*NOUSE*,0,0,0,0,0,0,0,0
64,64,*NOUSE*,*NOUSE*,0,0,0,0,0,0,0,0
65,65,XXXL,,43,1499,83,252.00,94.41,59.48,2859,269924.00
66,66,*NOUSE*,*NOUSE*,0,0,0,0,0,0,0,0
67,67,*NOUSE*,*NOUSE*,0,0,0,0,0,0,0,0
68,68,ILshDL,,43,1547,54,235.00,80.13,52.25,3335,267218.00
69,69,ARCpDL,,45,1580,58,213.00,73.77,50.53,3634,268082.00
70,70,*NOUSE*,*NOUSE*,0,0,0,0,0,0,0,0
71,71,BDUL,,43,1123,67,220.00,62.42,49.83,3438,214617.00
72,72,hyp5L,,43,1680,68,147.00,42.23,27.38,5836,246462.00
73,73,*NOUSE*,*NOUSE*,0,0,0,0,0,0,0,0
74,74,ADEshL,,44,1207,74,226.00,65.37,49.08,3744,244755.00
75,75,*NOUSE*,*NOUSE*,0,0,0,0,0,0,0,0
76,76,*NOUSE*,*NOUSE*,0,0,0,0,0,0,0,0
77,77,ILshL,,44,1557,85,231.00,71.15,47.74,3813,271308.00
78,78,*NOUSE*,*NOUSE*,0,0,0,0,0,0,0,0
79,79,CEPshVL,,45,1449,90,212.00,64.09,46.98,4161,266678.00
80,80,*NOUSE*,*NOUSE*,0,0,0,0,0,0,0,0
81,81,*NOUSE*,*NOUSE*,0,0,0,0,0,0,0,0
82,82,*NOUSE*,*NOUSE*,0,0,0,0,0,0,0,0
83,83,*NOUSE*,*NOUSE*,0,0,0,0,0,0,0,0
84,84,*NOUSE*,*NOUSE*,0,0,0,0,0,0,0,0
85,85,RMEL,,45,1456,67,239.00,78.65,48.43,3155,248134.00
86,86,QL,,46,602,72,96.00,34.54,19.15,5866,202626.00
87,87,*NOUSE*,*NOUSE*,0,0,0,0,0,0,0,0
88,88,*NOUSE*,*NOUSE*,0,0,0,0,0,0,0,0
89,89,*NOUSE*,*NOUSE*,0,0,0,0,0,0,0,0
90,90,*NOUSE*,*NOUSE*,0,0,0,0,0,0,0,0
91,91,*NOUSE*,*NOUSE*,0,0,0,0,0,0,0,0
92,92,AVKL,,46,1282,94,200.00,65.53,42.29,3840,251621.00
93,93,ASGL,,46,1343,46,198.00,72.95,43.36,3462,252560.00
94,94,*NOUSE*,*NOUSE*,0,0,0,0,0,0,0,0
95,95,ALML,,47,936,48,151.00,45.24,32.89,4770,215778.00
96,96,*NOUSE*,*NOUSE*,0,0,0,0,0,0,0,0
97,97,CEPshDL,,46,1457,51,210.00,67.58,43.42,3555,240230.00
98,98,*NOUSE*,*NOUSE*,0,0,0,0,0,0,0,0
99,99,*NOUSE*,*NOUSE*,0,0,0,0,0,0,0,0
100,100,*NOUSE*,*NOUSE*,0,0,0,0,0,0,0,0
101,101,*NOUSE*,*NOUSE*,0,0,0,0,0,0,0,0
102,102,*NOUSE*,*NOUSE*,0,0,0,0,0,0,0,0
103,103,OLQsoVL,,46,1571,90,220.00,82.68,53.29,3383,279706.00
104,104,*NOUSE*,*NOUSE*,0,0,0,0,0,0,0,0
105,105,RMDDL,,45,1402,94,205.00,88.31,47.55,2650,234016.00
106,106,DL12,,48,988,42,156.00,45.32,32.50,4246,192423.00
107,107,*NOUSE*,*NOUSE*,0,0,0,0,0,0,0,0
108,108,*NOUSE*,*NOUSE*,0,0,0,0,0,0,0,0
109,109,*NOUSE*,*NOUSE*,0,0,0,0,0,0,0,0
110,110,*NOUSE*,*NOUSE*,0,0,0,0,0,0,0,0
111,111,V5L,,47,558,73,89.00,32.38,17.52,5201,168425.00
112,112,P7/8L,,46,654,85,108.00,33.53,18.54,5056,169531.00
113,113,*NOUSE*,*NOUSE*,0,0,0,0,0,0,0,0
114,114,VL4,,46,1505,97,175.00,59.55,35.76,3647,217166.00
115,115,DL8,,47,1227,33,159.00,47.35,31.55,4662,220748.00
116,116,RIVL,,48,1306,40,212.00,84.08,49.03,2905,244241.00
117,117,*NOUSE*,*NOUSE*,0,0,0,0,0,0,0,0
118,118,*NOUSE*,*NOUSE*,0,0,0,0,0,0,0,0
119,119,mc3DL,,49,1241,56,182.00,60.23,39.80,3302,198873.00
120,120,*NOUSE*,*NOUSE*,0,0,0,0,0,0,0,0
121,121,LUAL,,50,315,70,172.00,58.56,40.06,3905,228677.00
122,122,*NOUSE*,*NOUSE*,0,0,0,0,0,0,0,0
123,123,SIAVL,,47,1342,97,197.00,73.12,44.17,3426,250493.00
124,124,*NOUSE*,*NOUSE*,0,0,0,0,0,0,0,0
125,125,*NOUSE*,*NOUSE*,0,0,0,0,0,0,0,0
126,126,SMDDL,,47,1383,99,209.00,87.92,48.74,2797,245923.00
127,127,*NOUSE*,*NOUSE*,0,0,0,0,0,0,0,0
128,128,DL14,,49,876,40,132.00,40.42,26.96,4073,164642.00
129,129,DL16,,50,732,42,122.00,41.15,27.05,3385,139287.00
130,130,*NOUSE*,*NOUSE*,0,0,0,0,0,0,0,0
131,131,URYDL,,48,1472,49,227.00,97.52,51.91,2575,251123.00
132,132,*NOUSE*,*NOUSE*,0,0,0,0,0,0,0,0
133,133,RIBL,,47,1342,69,185.00,75.89,42.60,3323,252186.00
134,134,pm4L,,49,1527,70,219.00,74.53,45.46,3594,267858.00
135,135,PVQL,,50,354,79,151.00,46.65,29.83,4043,188607.00
136,136,EXC GL L,,48,1213,89,189.00,64.62,39.93,4067,262796.00
137,137,VL12,,49,993,93,161.00,45.86,32.87,5161,236677.00
138,138,*NOUSE*,*NOUSE*,0,0,0,0,0,0,0,0
139,139,*NOUSE*,*NOUSE*,0,0,0,0,0,0,0,0
140,140,*NOUSE*,*NOUSE*,0,0,0,0,0,0,0,0
141,141,DL3,,50,1562,42,166.00,53.57,34.43,4402,235801.00
142,142,*NOUSE*,*NOUSE*,0,0,0,0,0,0,0,0
143,143,DL18,,51,570,46,118.00,35.09,21.02,5668,198895.00
144,144,*NOUSE*,*NOUSE*,0,0,0,0,0,0,0,0
145,145,I6,,51,1271,46,201.00,73.96,49.10,3313,245044.00
146,146,M5,,51,1240,45,209.00,71.53,48.72,3508,250926.00
147,147,*NOUSE*,*NOUSE*,0,0,0,0,0,0,0,0
148,148,OLLL,,49,1486,61,209.00,88.81,46.07,2900,257547.00
149,149,*NOUSE*,*NOUSE*,0,0,0,0,0,0,0,0
150,150,repVL,,50,377,75,141.00,47.17,30.14,4330,204260.00
151,151,P9/10L,,49,526,80,105.00,33.49,19.17,5126,171672.00
152,152,*NOUSE*,*NOUSE*,0,0,0,0,0,0,0,0
153,153,*NOUSE*,*NOUSE*,0,0,0,0,0,0,0,0
154,154,*NOUSE*,*NOUSE*,0,0,0,0,0,0,0,0
155,155,*NOUSE*,*NOUSE*,0,0,0,0,0,0,0,0
156,156,*NOUSE*,*NOUSE*,0,0,0,0,0,0,0,0
157,157,*NOUSE*,*NOUSE*,0,0,0,0,0,0,0,0
158,158,SMBDL,,50,1364,101,189.00,76.75,43.53,3259,250117.00
159,159,DL17,,51,661,42,128.00,39.98,25.46,3735,149313.00
160,160,*NOUSE*,*NOUSE*,0,0,0,0,0,0,0,0
161,161,*NOUSE*,*NOUSE*,0,0,0,0,0,0,0,0
162,162,*NOUSE*,*NOUSE*,0,0,0,0,0,0,0,0
163,163,vpi2DL,,50,1210,55,209.00,65.12,45.29,3992,259944.00
164,164,*NOUSE*,*NOUSE*,0,0,0,0,0,0,0,0
165,165,virL,,52,382,60,133.00,48.87,30.74,3697,180686.00
166,166,*NOUSE*,*NOUSE*,0,0,0,0,0,0,0,0
167,167,*NOUSE*,*NOUSE*,0,0,0,0,0,0,0,0
168,168,pm3L,,53,1594,74,175.00,57.62,32.68,2684,154639.00
169,169,PM7VL,,50,1240,77,193.00,62.38,38.42,3942,245914.00
170,170,E3VL,,51,1611,80,198.00,66.25,44.44,3684,244049.00
171,171,pm6VL,,51,1268,76,181.00,59.76,35.65,4185,250075.00
172,172,*NOUSE*,*NOUSE*,0,0,0,0,0,0,0,0
173,173,inVL1,,52,1141,86,94.00,34.74,16.82,6518,226449.00
174,174,DL11,,54,1075,34,164.00,45.43,31.35,5100,231695.00
175,175,DL15,,52,830,36,121.00,39.51,25.87,4080,161186.00
176,176,DL19,,52,514,44,126.00,38.24,24.33,4270,163268.00
177,177,*NOUSE*,*NOUSE*,0,0,0,0,0,0,0,0
178,178,inV5,,53,810,68,69.00,23.34, 9.29,7777,181508.00
179,179,M2L,,50,1286,74,233.00,92.96,53.37,2766,257132.00
180,180,*NOUSE*,*NOUSE*,0,0,0,0,0,0,0,0
181,181,NSML,,51,1513,83,238.00,89.97,56.94,3076,276751.00
182,182,*NOUSE*,*NOUSE*,0,0,0,0,0,0,0,0
183,183,*NOUSE*,*NOUSE*,0,0,0,0,0,0,0,0
184,184,*NOUSE*,*NOUSE*,0,0,0,0,0,0,0,0
185,185,DL13,,54,944,38,151.00,42.40,28.53,5104,216398.00
186,186,*NOUSE*,*NOUSE*,0,0,0,0,0,0,0,0
187,187,*NOUSE*,*NOUSE*,0,0,0,0,0,0,0,0
188,188,ASKL,,53,1379,41,153.00,59.50,33.93,4193,249463.00
189,189,ILsoDL,,53,1647,45,238.00,77.81,53.38,3721,289536.00
190,190,*NOUSE*,*NOUSE*,49,1412,50,173.00,72.95,35.78,44,3210.00
191,191,ALNL,,54,290,63,169.00,49.83,32.79,3920,195343.00
192,192,PVCL,,53,303,76,146.00,52.72,32.59,3278,172824.00
193,193,*NOUSE*,*NOUSE*,0,0,0,0,0,0,0,0
194,194,*NOUSE*,*NOUSE*,0,0,0,0,0,0,0,0
195,195,*NOUSE*,*NOUSE*,0,0,0,0,0,0,0,0
196,196,*NOUSE*,*NOUSE*,0,0,0,0,0,0,0,0
197,197,*NOUSE*,*NOUSE*,0,0,0,0,0,0,0,0
198,198,DL9,,54,1196,31,185.00,49.60,35.86,4279,212241.00
199,199,repD,,55,357,50,145.00,50.25,30.51,4028,202387.00
200,200,G1AL,,51,1283,54,204.00,73.87,39.90,3305,244140.00
201,201,M3L,,54,1486,78,251.00,94.38,60.54,3852,363542.00
202,202,VL14,,54,879,94,137.00,46.51,31.26,4281,199106.00
203,203,*NOUSE*,*NOUSE*,0,0,0,0,0,0,0,0
204,204,*NOUSE*,*NOUSE*,0,0,0,0,0,0,0,0
205,205,ASIL,,55,1333,40,194.00,69.26,38.94,2572,178141.00
206,206,GLRDL,,55,1421,52,243.00,84.32,52.90,3161,266525.00
207,207,pm5L,,52,1299,65,188.00,80.49,40.00,3581,288223.00
208,208,e2VL,,56,1700,79,186.00,46.28,37.86,5283,244517.00
209,209,I1L,,54,1572,80,232.00,76.43,49.85,3899,298000.00
210,210,imL,,56,421,84,154.00,44.98,31.94,3974,178768.00
211,211,VL16,,55,721,89,128.00,41.10,25.93,4663,191626.00
212,212,*NOUSE*,*NOUSE*,0,0,0,0,0,0,0,0
213,213,*NOUSE*,*NOUSE*,0,0,0,0,0,0,0,0
214,214,*NOUSE*,*NOUSE*,0,0,0,0,0,0,0,0
215,215,ADLL,,56,1353,38,150.00,55.77,29.44,4534,252858.00
216,216,IL2DL,,56,1500,39,222.00,71.44,45.88,3705,264683.00
217,217,pm4DL,,56,1524,52,198.00,74.28,39.72,3105,230637.00
218,218,DVA,,59,325,59,142.00,50.03,25.51,4010,200624.00
219,219,g2L,,56,1223,82,224.00,83.53,51.89,3196,266962.00
220,220,SAADL,,53,1396,93,244.00,111.94,51.53,2678,299784.00
221,221,RIGL,,55,1258,103,214.00,71.34,44.83,3517,250900.00
222,222,*NOUSE*,*NOUSE*,0,0,0,0,0,0,0,0
223,223,*NOUSE*,*NOUSE*,0,0,0,0,0,0,0,0
224,224,*NOUSE*,*NOUSE*,0,0,0,0,0,0,0,0
225,225,*NOUSE*,*NOUSE*,0,0,0,0,0,0,0,0
226,226,*NOUSE*,*NOUSE*,0,0,0,0,0,0,0,0
227,227,*NOUSE*,*NOUSE*,0,0,0,0,0,0,0,0
228,228,*NOUSE*,*NOUSE*,0,0,0,0,0,0,0,0
229,229,TL,,57,233,69,116.00,35.20,18.81,3876,136417.00
230,230,PHshL,,58,274,67,142.00,51.43,32.97,3837,197348.00
231,231,*NOUSE*,*NOUSE*,0,0,0,0,0,0,0,0
232,232,*NOUSE*,*NOUSE*,0,0,0,0,0,0,0,0
233,233,inV2,,59,1071,87,76.00,28.40,12.76,7587,215468.00
234,234,CCLA,,58,844,94,172.00,47.31,37.16,4089,193461.00
235,235,DD1,,57,1233,102,207.00,72.26,43.20,3743,270479.00
236,236,URXL,,57,1397,42,198.00,80.46,43.80,3014,242517.00
237,237,*NOUSE*,*NOUSE*,0,0,0,0,0,0,0,0
238,238,*NOUSE*,*NOUSE*,0,0,0,0,0,0,0,0
239,239,*NOUSE*,*NOUSE*,0,0,0,0,0,0,0,0
240,240,*NOUSE*,*NOUSE*,0,0,0,0,0,0,0,0
241,241,*NOUSE*,*NOUSE*,0,0,0,0,0,0,0,0
242,242,*NOUSE*,*NOUSE*,0,0,0,0,0,0,0,0
243,243,*NOUSE*,*NOUSE*,0,0,0,0,0,0,0,0
244,244,VL17,,58,596,90,117.00,37.75,25.03,5087,192015.00
245,245,Z4,,58,744,86,115.00,40.99,25.58,3648,149526.00
246,246,*NOUSE*,*NOUSE*,0,0,0,0,0,0,0,0
247,247,*NOUSE*,*NOUSE*,0,0,0,0,0,0,0,0
248,248,*NOUSE*,*NOUSE*,0,0,0,0,0,0,0,0
249,249,inD3,,60,1014,43,66.00,23.24, 9.47,7200,167349.00
250,250,inD6,,59,698,49,59.00,21.22, 8.09,6312,133968.00
251,251,*NOUSE*,*NOUSE*,0,0,0,0,0,0,0,0
252,252,*NOUSE*,*NOUSE*,0,0,0,0,0,0,0,0
253,253,*NOUSE*,*NOUSE*,0,0,0,0,0,0,0,0
254,254,*NOUSE*,*NOUSE*,0,0,0,0,0,0,0,0
255,255,*NOUSE*,*NOUSE*,0,0,0,0,0,0,0,0
256,256,*NOUSE*,*NOUSE*,0,0,0,0,0,0,0,0
257,257,*NOUSE*,*NOUSE*,0,0,0,0,0,0,0,0
258,258,*NOUSE*,*NOUSE*,0,0,0,0,0,0,0,0
259,259,vpi3V,,60,1201,75,195.00,63.27,42.20,3685,233135.00
260,260,PLML,,60,259,74,146.00,44.67,28.74,3852,172059.00
261,261,*NOUSE*,*NOUSE*,0,0,0,0,0,0,0,0
262,262,pm4VL,,58,1524,93,185.00,64.77,38.36,4347,281544.00
263,263,*NOUSE*,*NOUSE*,0,0,0,0,0,0,0,0
264,264,*NOUSE*,*NOUSE*,0,0,0,0,0,0,0,0
265,265,*NOUSE*,*NOUSE*,0,0,0,0,0,0,0,0
266,266,RIFL,,59,1279,104,210.00,83.04,46.71,2991,248372.00
267,267,vpi1,,62,1212,40,145.00,52.68,32.24,4104,216179.00
268,268,*NOUSE*,*NOUSE*,0,0,0,0,0,0,0,0
269,269,DL21,,61,273,54,118.00,41.75,24.78,4294,179277.00
270,270,*NOUSE*,*NOUSE*,0,0,0,0,0,0,0,0
271,271,*NOUSE*,*NOUSE*,0,0,0,0,0,0,0,0
272,272,HYP71,,66,217,77,122.00,36.68,23.00,5241,192257.00
273,273,PM8,,64,1216,73,181.00,61.84,39.66,3718,229903.00
274,274,inV7,,62,626,78,61.00,21.74, 8.10,6940,150858.00
275,275,DA8,,60,376,86,141.00,51.32,29.86,3466,177876.00
276,276,*NOUSE*,*NOUSE*,0,0,0,0,0,0,0,0
277,277,ARCpV,,60,1660,96,202.00,69.34,47.53,3688,255740.00
278,278,*NOUSE*,*NOUSE*,0,0,0,0,0,0,0,0
279,279,*NOUSE*,*NOUSE*,0,0,0,0,0,0,0,0
280,280,*NOUSE*,*NOUSE*,0,0,0,0,0,0,0,0
281,281,inD4,,60,933,50,68.00,24.26, 9.11,4694,113862.00
282,282,E3D,,63,1583,54,160.00,48.28,31.72,7152,345305.00
283,283,*NOUSE*,*NOUSE*,0,0,0,0,0,0,0,0
284,284,vpi2V,,65,1208,83,233.00,73.72,49.31,3468,255677.00
285,285,*NOUSE*,*NOUSE*,0,0,0,0,0,0,0,0
286,286,MC3V,,63,1240,90,163.00,54.65,34.45,4603,251541.00
287,287,G2,,61,1347,99,193.00,72.50,40.65,2921,211779.00
288,288,*NOUSE*,*NOUSE*,0,0,0,0,0,0,0,0
289,289,*NOUSE*,*NOUSE*,0,0,0,0,0,0,0,0
290,290,RID,,61,1428,33,192.00,60.66,41.05,3815,231435.00
291,291,*NOUSE*,*NOUSE*,0,0,0,0,0,0,0,0
292,292,*NOUSE*,*NOUSE*,0,0,0,0,0,0,0,0
293,293,vpi3D,,68,1203,45,171.00,55.17,35.76,4435,244676.00
294,294,inD7,,63,573,52,53.00,21.54, 7.26,5014,107978.00
295,295,hyp9,,64,135,69,120.00,39.77,24.28,3781,150362.00
296,296,*NOUSE*,*NOUSE*,0,0,0,0,0,0,0,0
297,297,*NOUSE*,*NOUSE*,0,0,0,0,0,0,0,0
298,298,*NOUSE*,*NOUSE*,0,0,0,0,0,0,0,0
299,299,*NOUSE*,*NOUSE*,0,0,0,0,0,0,0,0
300,300,hyp6D1,,61,1646,36,186.00,68.40,41.43,2732,186866.00
301,301,hyp6d4,,63,1525,33,169.00,50.55,33.50,4725,238827.00
302,302,pm7D,,63,1246,39,151.00,47.64,30.71,4662,222096.00
303,303,*NOUSE*,*NOUSE*,0,0,0,0,0,0,0,0
304,304,*NOUSE*,*NOUSE*,0,0,0,0,0,0,0,0
305,305,I3,,65,1513,50,212.00,71.32,48.43,2958,210958.00
306,306,*NOUSE*,*NOUSE*,0,0,0,0,0,0,0,0
307,307,hyp101,,64,118,65,145.00,40.91,26.91,4200,171820.00
308,308,*NOUSE*,*NOUSE*,0,0,0,0,0,0,0,0
309,309,*NOUSE*,*NOUSE*,0,0,0,0,0,0,0,0
310,310,I5,,64,1275,90,179.00,67.34,38.43,3537,238170.00
311,311,*NOUSE*,*NOUSE*,0,0,0,0,0,0,0,0
312,312,RIGR,,63,1208,99,178.00,65.74,38.28,4026,264678.00
313,313,RMEV,,63,1438,106,181.00,63.45,40.03,4416,280174.00
314,314,G1,,63,1369,109,175.00,58.28,33.51,3192,186023.00
315,315,*NOUSE*,*NOUSE*,0,0,0,0,0,0,0,0
316,316,*NOUSE*,*NOUSE*,0,0,0,0,0,0,0,0
317,317,I4,,65,1289,44,183.00,68.70,41.30,3405,233934.00
318,318,M4,,64,1488,57,186.00,64.83,37.80,4462,289278.00
319,319,DVC,,63,302,70,129.00,58.70,26.74,3535,207487.00
320,320,*NOUSE*,*NOUSE*,0,0,0,0,0,0,0,0
321,321,HYP72,,65,196,71,118.00,39.69,25.57,4293,170390.00
322,322,DB6,,65,643,94,144.00,42.87,28.84,4225,181139.00
323,323,*NOUSE*,*NOUSE*,0,0,0,0,0,0,0,0
324,324,DD4,,65,704,95,131.00,43.27,29.68,4397,190250.00
325,325,DB4,,65,985,102,158.00,44.97,31.89,4972,223606.00
326,326,*NOUSE*,*NOUSE*,0,0,0,0,0,0,0,0
327,327,AVG,,64,1249,107,166.00,67.12,39.21,3592,241094.00
328,328,DB2,,63,1293,111,173.00,71.79,40.28,3191,229068.00
329,329,*NOUSE*,*NOUSE*,0,0,0,0,0,0,0,0
330,330,*NOUSE*,*NOUSE*,0,0,0,0,0,0,0,0
331,331,*NOUSE*,*NOUSE*,0,0,0,0,0,0,0,0
332,332,pm6D,,63,1272,43,159.00,59.27,33.46,3775,223727.00
333,333,*NOUSE*,*NOUSE*,0,0,0,0,0,0,0,0
334,334,*NOUSE*,*NOUSE*,0,0,0,0,0,0,0,0
335,335,*NOUSE*,*NOUSE*,0,0,0,0,0,0,0,0
336,336,*NOUSE*,*NOUSE*,0,0,0,0,0,0,0,0
337,337,B,,65,316,78,114.00,42.06,22.66,4759,200186.00
338,338,*NOUSE*,*NOUSE*,0,0,0,0,0,0,0,0
339,339,inV3,,67,998,85,57.00,24.00, 9.28,7041,168957.00
340,340,*NOUSE*,*NOUSE*,0,0,0,0,0,0,0,0
341,341,DA2,,65,1119,100,198.00,58.13,40.94,3986,231702.00
342,342,DA3,,65,1023,102,148.00,45.74,32.86,4855,222057.00
343,343,SMBVR,,66,1373,97,220.00,93.69,45.01,3372,315925.00
344,344,*NOUSE*,*NOUSE*,0,0,0,0,0,0,0,0
345,345,DB3,,65,1148,103,171.00,51.16,37.37,4858,248539.00
346,346,*NOUSE*,*NOUSE*,0,0,0,0,0,0,0,0
347,347,ARCpD,,68,1661,42,225.00,63.07,46.09,4259,268628.00
348,348,*NOUSE*,*NOUSE*,0,0,0,0,0,0,0,0
349,349,*NOUSE*,*NOUSE*,0,0,0,0,0,0,0,0
350,350,virR,,65,381,56,130.00,49.82,25.78,3884,193511.00
351,351,E2D,,65,1701,53,159.00,46.98,33.14,4834,227086.00
352,352,hyp102,,66,89,66,121.00,38.71,22.93,3011,116548.00
353,353,*NOUSE*,*NOUSE*,0,0,0,0,0,0,0,0
354,354,*NOUSE*,*NOUSE*,0,0,0,0,0,0,0,0
355,355,DA4,,67,907,101,157.00,44.91,33.57,4773,214341.00
356,356,DD3,,65,881,99,158.00,49.36,36.56,5059,249695.00
357,357,hyp6V2,,64,1560,103,148.00,55.52,27.57,4742,263265.00
358,358,DA1,,66,1191,104,170.00,57.66,40.35,4243,244659.00
359,359,*NOUSE*,*NOUSE*,0,0,0,0,0,0,0,0
360,360,DB1,,66,1219,108,179.00,54.84,35.01,4281,234788.00
361,361,*NOUSE*,*NOUSE*,0,0,0,0,0,0,0,0
362,362,DR17,,69,720,35,116.00,38.11,23.38,3792,144530.00
363,363,*NOUSE*,*NOUSE*,0,0,0,0,0,0,0,0
364,364,DR18,,67,633,38,105.00,37.35,21.65,3938,147076.00
365,365,inD5,,67,845,42,48.00,20.62, 7.64,6633,136793.00
366,366,ind2,,69,1074,40,68.00,25.97,10.46,5446,141447.00
367,367,ASIR,,70,1343,44,141.00,59.34,31.91,3956,234743.00
368,368,*NOUSE*,*NOUSE*,0,0,0,0,0,0,0,0
369,369,DD5,,68,525,88,133.00,38.43,27.05,4598,176707.00
370,370,DA7,,68,464,90,135.00,39.91,26.46,4478,178716.00
371,371,*NOUSE*,*NOUSE*,0,0,0,0,0,0,0,0
372,372,DA6,,67,617,94,149.00,40.84,28.78,4541,185467.00
373,373,*NOUSE*,*NOUSE*,0,0,0,0,0,0,0,0
374,374,hyp7V1,,66,1486,110,158.00,54.84,27.40,2209,121136.00
375,375,*NOUSE*,*NOUSE*,0,0,0,0,0,0,0,0
376,376,DR11,,69,1123,28,167.00,46.91,33.76,3961,185830.00
377,377,*NOUSE*,*NOUSE*,0,0,0,0,0,0,0,0
378,378,*NOUSE*,*NOUSE*,0,0,0,0,0,0,0,0
379,379,hyp4D,,67,1749,50,130.00,39.43,26.73,5082,200360.00
380,380,*NOUSE*,*NOUSE*,0,0,0,0,0,0,0,0
381,381,*NOUSE*,*NOUSE*,0,0,0,0,0,0,0,0
382,382,*NOUSE*,*NOUSE*,0,0,0,0,0,0,0,0
383,383,*NOUSE*,*NOUSE*,0,0,0,0,0,0,0,0
384,384,*NOUSE*,*NOUSE*,0,0,0,0,0,0,0,0
385,385,hyp1V,,69,1649,96,199.00,63.89,44.73,4428,282919.00
386,386,*NOUSE*,*NOUSE*,0,0,0,0,0,0,0,0
387,387,SABVL,,67,1301,100,211.00,87.31,47.85,3113,271809.00
388,388,IL2VR,,70,1500,104,187.00,69.75,41.26,4022,280532.00
389,389,*NOUSE*,*NOUSE*,0,0,0,0,0,0,0,0
390,390,*NOUSE*,*NOUSE*,0,0,0,0,0,0,0,0
391,391,*NOUSE*,*NOUSE*,0,0,0,0,0,0,0,0
392,392,DR16,,69,785,33,112.00,38.36,23.50,3944,151278.00
393,393,*NOUSE*,*NOUSE*,0,0,0,0,0,0,0,0
394,394,*NOUSE*,*NOUSE*,0,0,0,0,0,0,0,0
395,395,URXR,,68,1404,41,175.00,77.52,36.48,2679,207688.00
396,396,*NOUSE*,*NOUSE*,0,0,0,0,0,0,0,0
397,397,*NOUSE*,*NOUSE*,0,0,0,0,0,0,0,0
398,398,PLMR,,70,266,67,131.00,46.89,31.95,4705,220605.00
399,399,*NOUSE*,*NOUSE*,0,0,0,0,0,0,0,0
400,400,*NOUSE*,*NOUSE*,0,0,0,0,0,0,0,0
401,401,AIAR,,66,1358,90,224.00,99.85,44.36,2749,274492.00
402,402,*NOUSE*,*NOUSE*,0,0,0,0,0,0,0,0
403,403,*NOUSE*,*NOUSE*,0,0,0,0,0,0,0,0
404,404,DA5,,69,768,97,133.00,41.10,27.92,4423,181788.00
405,405,RIFR,,70,1266,103,196.00,68.24,44.01,3720,253857.00
406,406,*NOUSE*,*NOUSE*,0,0,0,0,0,0,0,0
407,407,IL2DR,,70,1504,37,185.00,68.64,40.65,3886,266749.00
408,408,mc2DR,,68,1320,60,130.00,56.14,24.58,3636,204115.00
409,409,*NOUSE*,*NOUSE*,0,0,0,0,0,0,0,0
410,410,PHshR,,71,283,63,141.00,46.89,29.36,4772,223743.00
411,411,*NOUSE*,*NOUSE*,0,0,0,0,0,0,0,0
412,412,PVT,,72,408,78,114.00,40.00,22.50,5459,218352.00
413,413,*NOUSE*,*NOUSE*,0,0,0,0,0,0,0,0
414,414,*NOUSE*,*NOUSE*,0,0,0,0,0,0,0,0
415,415,*NOUSE*,*NOUSE*,0,0,0,0,0,0,0,0
416,416,*NOUSE*,*NOUSE*,0,0,0,0,0,0,0,0
417,417,g2r,,69,1226,84,209.00,67.19,43.21,3652,245377.00
418,418,GLRVR,,69,1416,88,236.00,87.38,51.48,3144,274734.00
419,419,SIAVR,,71,1343,87,215.00,77.66,43.47,3341,259473.00
420,420,URAVR,,72,1478,95,220.00,98.06,53.45,3483,341555.00
421,421,*NOUSE*,*NOUSE*,0,0,0,0,0,0,0,0
422,422,*NOUSE*,*NOUSE*,0,0,0,0,0,0,0,0
423,423,CEPDR,,73,1417,38,199.00,67.92,44.66,3310,224818.00
424,424,CEPsoDR,,73,1488,42,222.00,88.15,47.80,2925,257830.00
425,425,*NOUSE*,*NOUSE*,0,0,0,0,0,0,0,0
426,426,RIAR,,72,1397,56,192.00,72.28,38.12,2672,193137.00
427,427,PHBR,,75,338,55,132.00,46.28,26.65,4577,211815.00
428,428,PVCR,,75,307,65,130.00,44.48,28.99,4973,221195.00
429,429,pm5R,,73,1300,67,186.00,67.08,35.89,3474,233022.00
430,430,pm3R,,72,1593,73,130.00,48.55,26.87,2307,111997.00
431,431,*NOUSE*,*NOUSE*,0,0,0,0,0,0,0,0
432,432,*NOUSE*,*NOUSE*,0,0,0,0,0,0,0,0
433,433,pm4VR,,72,1527,92,157.00,55.97,32.30,4722,264276.00
434,434,*NOUSE*,*NOUSE*,0,0,0,0,0,0,0,0
435,435,SABVR,,71,1287,103,208.00,82.53,47.23,3151,260050.00
436,436,*NOUSE*,*NOUSE*,0,0,0,0,0,0,0,0
437,437,*NOUSE*,*NOUSE*,0,0,0,0,0,0,0,0
438,438,*NOUSE*,*NOUSE*,0,0,0,0,0,0,0,0
439,439,*NOUSE*,*NOUSE*,0,0,0,0,0,0,0,0
440,440,*NOUSE*,*NOUSE*,0,0,0,0,0,0,0,0
441,441,g1p,,75,1230,45,131.00,44.09,27.04,4632,204217.00
442,442,LUAR,,73,321,56,156.00,48.64,34.05,4388,213443.00
443,443,inV6,,71,738,68,61.00,21.13, 7.64,6467,136618.00
444,444,*NOUSE*,*NOUSE*,0,0,0,0,0,0,0,0
445,445,M3R,,72,1484,77,210.00,76.84,48.58,3592,275995.00
446,446,I1R,,74,1574,80,183.00,63.71,41.64,4380,279028.00
447,447,*NOUSE*,*NOUSE*,0,0,0,0,0,0,0,0
448,448,SABD,,71,1237,103,226.00,69.95,41.60,3686,257848.00
449,449,*NOUSE*,*NOUSE*,0,0,0,0,0,0,0,0
450,450,*NOUSE*,*NOUSE*,0,0,0,0,0,0,0,0
451,451,*NOUSE*,*NOUSE*,0,0,0,0,0,0,0,0
452,452,pm4DR,,73,1522,53,147.00,64.25,33.55,2110,135558.00
453,453,*NOUSE*,*NOUSE*,0,0,0,0,0,0,0,0
454,454,ILsoR,,84,1586,75,184.00,58.32,37.30,5581,325487.00
455,455,*NOUSE*,*NOUSE*,0,0,0,0,0,0,0,0
456,456,*NOUSE*,*NOUSE*,0,0,0,0,0,0,0,0
457,457,*NOUSE*,*NOUSE*,0,0,0,0,0,0,0,0
458,458,*NOUSE*,*NOUSE*,0,0,0,0,0,0,0,0
459,459,GLRR,,74,1415,78,218.00,89.72,47.24,2864,256953.00
460,460,*NOUSE*,*NOUSE*,0,0,0,0,0,0,0,0
461,461,SMBDR,,74,1360,97,188.00,84.40,42.08,2946,248643.00
462,462,*NOUSE*,*NOUSE*,0,0,0,0,0,0,0,0
463,463,*NOUSE*,*NOUSE*,0,0,0,0,0,0,0,0
464,464,repVR,,76,378,62,131.00,44.23,25.09,4130,182675.00
465,465,*NOUSE*,*NOUSE*,0,0,0,0,0,0,0,0
466,466,*NOUSE*,*NOUSE*,0,0,0,0,0,0,0,0
467,467,E2VR,,76,1703,77,160.00,43.29,32.64,5031,217773.00
468,468,AVL,,74,1364,82,166.00,71.01,33.82,3060,217304.00
469,469,*NOUSE*,*NOUSE*,0,0,0,0,0,0,0,0
470,470,*NOUSE*,*NOUSE*,0,0,0,0,0,0,0,0
471,471,*NOUSE*,*NOUSE*,0,0,0,0,0,0,0,0
472,472,*NOUSE*,*NOUSE*,0,0,0,0,0,0,0,0
473,473,*NOUSE*,*NOUSE*,0,0,0,0,0,0,0,0
474,474,*NOUSE*,*NOUSE*,0,0,0,0,0,0,0,0
475,475,*NOUSE*,*NOUSE*,0,0,0,0,0,0,0,0
476,476,*NOUSE*,*NOUSE*,0,0,0,0,0,0,0,0
477,477,*NOUSE*,*NOUSE*,0,0,0,0,0,0,0,0
478,478,RIBR,,76,1350,69,184.00,63.55,37.62,3651,232033.00
479,479,pm6VR,,76,1269,77,133.00,50.37,26.77,4124,207723.00
480,480,*NOUSE*,*NOUSE*,0,0,0,0,0,0,0,0
481,481,*NOUSE*,*NOUSE*,0,0,0,0,0,0,0,0
482,482,*NOUSE*,*NOUSE*,0,0,0,0,0,0,0,0
483,483,*NOUSE*,*NOUSE*,0,0,0,0,0,0,0,0
484,484,*NOUSE*,*NOUSE*,0,0,0,0,0,0,0,0
485,485,*NOUSE*,*NOUSE*,0,0,0,0,0,0,0,0
486,486,M1,,76,1269,46,158.00,59.09,37.11,3667,216668.00
487,487,SMDVR,,79,1404,48,197.00,76.12,39.26,3375,256915.00
488,488,vpi2DR,,77,1211,58,190.00,61.97,42.84,2417,149793.00
489,489,*NOUSE*,*NOUSE*,0,0,0,0,0,0,0,0
490,490,PHAR,,76,336,70,131.00,44.02,27.39,4335,190826.00
491,491,*NOUSE*,*NOUSE*,0,0,0,0,0,0,0,0
492,492,*NOUSE*,*NOUSE*,0,0,0,0,0,0,0,0
493,493,*NOUSE*,*NOUSE*,0,0,0,0,0,0,0,0
494,494,NSMR,,78,1512,82,194.00,69.74,43.44,3540,246864.00
495,495,OLQVR,,78,1466,86,188.00,82.72,42.92,3010,249000.00
496,496,*NOUSE*,*NOUSE*,0,0,0,0,0,0,0,0
497,497,*NOUSE*,*NOUSE*,0,0,0,0,0,0,0,0
498,498,*NOUSE*,*NOUSE*,0,0,0,0,0,0,0,0
499,499,RIPR,,77,1470,64,182.00,70.18,38.54,3253,228291.00
500,500,PVQR,,78,356,63,122.00,39.86,24.05,4772,190234.00
501,501,*NOUSE*,*NOUSE*,0,0,0,0,0,0,0,0
502,502,*NOUSE*,*NOUSE*,0,0,0,0,0,0,0,0
503,503,VR16,,79,754,84,118.00,34.54,20.70,5279,182347.00
504,504,*NOUSE*,*NOUSE*,0,0,0,0,0,0,0,0
505,505,VR15,,80,850,86,127.00,37.48,24.38,4845,181604.00
506,506,VR9,,79,1214,96,145.00,46.41,28.90,5208,241679.00
507,507,VR14,,81,910,90,119.00,35.21,22.77,6193,218042.00
508,508,*NOUSE*,*NOUSE*,0,0,0,0,0,0,0,0
509,509,VR11,,78,1113,97,145.00,44.40,28.92,5300,235302.00
510,510,*NOUSE*,*NOUSE*,0,0,0,0,0,0,0,0
511,511,*NOUSE*,*NOUSE*,0,0,0,0,0,0,0,0
512,512,*NOUSE*,*NOUSE*,0,0,0,0,0,0,0,0
513,513,ADEshR,,84,1216,51,207.00,62.14,44.85,4265,265010.00
514,514,URYDR,,78,1475,47,189.00,88.89,43.70,2734,243026.00
515,515,mc3DR,,80,1246,54,138.00,43.66,27.07,4320,188596.00
516,516,Z1,,80,826,78,98.00,35.72,19.59,4622,165105.00
517,517,*NOUSE*,*NOUSE*,0,0,0,0,0,0,0,0
518,518,*NOUSE*,*NOUSE*,0,0,0,0,0,0,0,0
519,519,*NOUSE*,*NOUSE*,0,0,0,0,0,0,0,0
520,520,VR12,,81,1033,91,141.00,39.80,26.97,5145,204777.00
521,521,*NOUSE*,*NOUSE*,0,0,0,0,0,0,0,0
522,522,ALMR,,81,900,41,128.00,40.52,26.24,3688,149433.00
523,523,hyp7RC5,,79,530,47,67.00,24.94,11.30,5319,132664.00
524,524,ARCpDR,,80,1581,54,176.00,56.04,36.37,4124,231125.00
525,525,DR1,,80,1628,51,143.00,44.93,25.55,5444,244601.00
526,526,URADR,,82,1492,49,216.00,86.10,47.91,3058,263298.00
527,527,*NOUSE*,*NOUSE*,0,0,0,0,0,0,0,0
528,528,*NOUSE*,*NOUSE*,0,0,0,0,0,0,0,0
529,529,AVKR,,82,1277,95,152.00,55.06,32.57,4282,235754.00
530,530,AVHR,,81,1334,42,187.00,72.13,41.31,3357,242153.00
531,531,*NOUSE*,*NOUSE*,0,0,0,0,0,0,0,0
532,532,*NOUSE*,*NOUSE*,0,0,0,0,0,0,0,0
533,533,CEPshDR,,82,1459,52,163.00,63.94,33.45,2996,191569.00
534,534,AMsoR,,83,1599,56,148.00,51.86,32.36,4556,236283.00
535,535,ASER,,82,1350,54,128.00,51.83,23.50,3858,199962.00
536,536,RMER,,81,1456,67,167.00,63.17,34.78,3562,225014.00
537,537,P11/12R,,81,403,67,97.00,33.22,16.97,4150,137882.00
538,538,*NOUSE*,*NOUSE*,0,0,0,0,0,0,0,0
539,539,*NOUSE*,*NOUSE*,0,0,0,0,0,0,0,0
540,540,CCRP,,83,1067,87,153.00,44.87,32.83,4811,215870.00
541,541,CEPshVR,,82,1448,86,183.00,57.54,34.53,4035,232181.00
542,542,*NOUSE*,*NOUSE*,0,0,0,0,0,0,0,0
543,543,OLQsoVR,,83,1576,88,169.00,56.43,35.50,4372,246716.00
544,544,VR10,,83,1183,95,149.00,42.63,28.26,4540,193556.00
545,545,hyp7RC4,,81,675,45,76.00,24.08,10.64,5194,125056.00
546,546,*NOUSE*,*NOUSE*,0,0,0,0,0,0,0,0
547,547,hyp1R,,83,1560,52,178.00,60.96,37.25,3912,238475.00
548,548,AVJR,,84,1318,47,172.00,64.97,38.85,3506,227800.00
549,549,*NOUSE*,*NOUSE*,0,0,0,0,0,0,0,0
550,550,*NOUSE*,*NOUSE*,0,0,0,0,0,0,0,0
551,551,*NOUSE*,*NOUSE*,0,0,0,0,0,0,0,0
552,552,QR,,82,651,68,83.00,30.85,14.54,6096,188053.00
553,553,URYVR,,83,1478,83,187.00,86.08,43.58,2853,245576.00
554,554,SMDDR,,79,1375,95,201.00,78.76,41.54,3339,262991.00
555,555,RIS,,82,1294,89,173.00,58.18,32.96,4147,241273.00
556,556,EXC GL R,,82,1241,96,153.00,45.66,28.89,5174,236265.00
557,557,*NOUSE*,*NOUSE*,0,0,0,0,0,0,0,0
558,558,*NOUSE*,*NOUSE*,0,0,0,0,0,0,0,0
559,559,*NOUSE*,*NOUSE*,0,0,0,0,0,0,0,0
560,560,*NOUSE*,*NOUSE*,0,0,0,0,0,0,0,0
561,561,SIADR,,82,1349,90,202.00,69.66,38.97,3268,227649.00
562,562,*NOUSE*,*NOUSE*,0,0,0,0,0,0,0,0
563,563,*NOUSE*,*NOUSE*,0,0,0,0,0,0,0,0
564,564,*NOUSE*,*NOUSE*,0,0,0,0,0,0,0,0
565,565,*NOUSE*,*NOUSE*,0,0,0,0,0,0,0,0
566,566,ILshDR,,85,1541,50,189.00,60.07,39.62,4044,242917.00
567,567,CANR,,84,818,53,121.00,37.66,22.96,3850,144997.00
568,568,V6R,,83,478,60,75.00,26.07,11.93,5261,137178.00
569,569,RMDVR,,84,1435,60,155.00,53.40,31.96,4198,224185.00
570,570,BDUR,,84,1108,64,170.00,48.45,37.21,3740,181210.00
571,571,*NOUSE*,*NOUSE*,0,0,0,0,0,0,0,0
572,572,VR6,,84,1433,95,132.00,47.37,25.64,4910,232585.00
573,573,*NOUSE*,*NOUSE*,0,0,0,0,0,0,0,0
574,574,AINR,,84,1302,54,183.00,61.04,35.27,3814,232808.00
575,575,ARCaDR,,86,1619,62,155.00,48.49,31.32,4469,216715.00
576,576,ASHR,,83,1368,64,148.00,57.75,28.95,3602,208015.00
577,577,HSNR,,85,761,71,111.00,38.47,24.00,4053,155909.00
578,578,*NOUSE*,*NOUSE*,0,0,0,0,0,0,0,0
579,579,*NOUSE*,*NOUSE*,0,0,0,0,0,0,0,0
580,580,CCRA,,86,1085,87,157.00,45.27,32.27,4385,198527.00
581,581,*NOUSE*,*NOUSE*,0,0,0,0,0,0,0,0
582,582,*NOUSE*,*NOUSE*,0,0,0,0,0,0,0,0
583,583,*NOUSE*,*NOUSE*,0,0,0,0,0,0,0,0
584,584,*NOUSE*,*NOUSE*,0,0,0,0,0,0,0,0
585,585,*NOUSE*,*NOUSE*,0,0,0,0,0,0,0,0
586,586,ILshR,,87,1559,82,191.00,54.66,33.94,4710,257459.00
587,587,*NOUSE*,*NOUSE*,0,0,0,0,0,0,0,0
588,588,hyp7RC2,,86,918,49,74.00,24.70,11.13,5804,143385.00
589,589,*NOUSE*,*NOUSE*,0,0,0,0,0,0,0,0
590,590,*NOUSE*,*NOUSE*,0,0,0,0,0,0,0,0
591,591,*NOUSE*,*NOUSE*,0,0,0,0,0,0,0,0
592,592,*NOUSE*,*NOUSE*,0,0,0,0,0,0,0,0
593,593,V1R,,87,1073,59,103.00,33.62,18.69,4912,165125.00
594,594,hyp5R,,86,1669,63,106.00,34.88,18.73,5771,201283.00
595,595,V4R,,86,707,67,83.00,25.92,11.83,5229,135527.00
596,596,BAGR,,87,1466,75,149.00,60.90,31.50,3432,209023.00
597,597,AUAR,,87,1359,78,165.00,56.24,34.05,4363,245389.00
598,598,RMDR,,84,1415,81,202.00,72.14,41.80,3532,254788.00
599,599,*NOUSE*,*NOUSE*,0,0,0,0,0,0,0,0
600,600,*NOUSE*,*NOUSE*,0,0,0,0,0,0,0,0
601,601,*NOUSE*,*NOUSE*,0,0,0,0,0,0,0,0
602,602,*NOUSE*,*NOUSE*,0,0,0,0,0,0,0,0
603,603,IL2R,,88,1499,64,144.00,57.10,31.87,3851,219896.00
604,604,*NOUSE*,*NOUSE*,0,0,0,0,0,0,0,0
605,605,*NOUSE*,*NOUSE*,0,0,0,0,0,0,0,0
606,606,V2R,,89,973,70,83.00,29.44,14.62,4912,144620.00
607,607,*NOUSE*,*NOUSE*,0,0,0,0,0,0,0,0
608,608,P1/2R,,88,1028,74,90.00,32.37,17.28,5137,166295.00
609,609,OLQshVR,,90,1517,74,170.00,58.26,37.39,4051,236012.00
610,610,*NOUSE*,*NOUSE*,0,0,0,0,0,0,0,0
611,611,*NOUSE*,*NOUSE*,0,0,0,0,0,0,0,0
612,612,*NOUSE*,*NOUSE*,85,1044,55,35.00,23.08, 4.50,37,854.00
613,613,*NOUSE*,*NOUSE*,0,0,0,0,0,0,0,0
614,614,*NOUSE*,*NOUSE*,0,0,0,0,0,0,0,0
615,615,*NOUSE*,*NOUSE*,0,0,0,0,0,0,0,0
616,616,*NOUSE*,*NOUSE*,0,0,0,0,0,0,0,0
617,617,*NOUSE*,*NOUSE*,0,0,0,0,0,0,0,0
618,618,P3/4R,,89,922,73,88.00,32.22,16.71,4799,154607.00
619,619,*NOUSE*,*NOUSE*,0,0,0,0,0,0,0,0
620,620,ADAR,,90,1262,74,133.00,47.77,27.84,3923,187418.00
621,621,*NOUSE*,*NOUSE*,0,0,0,0,0,0,0,0
622,622,*NOUSE*,*NOUSE*,0,0,0,0,0,0,0,0
623,623,*NOUSE*,*NOUSE*,0,0,0,0,0,0,0,0
624,624,*NOUSE*,*NOUSE*,0,0,0,0,0,0,0,0
625,625,*NOUSE*,*NOUSE*,0,0,0,0,0,0,0,0
626,626,*NOUSE*,*NOUSE*,0,0,0,0,0,0,0,0
627,627,*NOUSE*,*NOUSE*,0,0,0,0,0,0,0,0
628,628,*NOUSE*,*NOUSE*,0,0,0,0,0,0,0,0
629,629,*NOUSE*,*NOUSE*,0,0,0,0,0,0,0,0
630,630,*NOUSE*,*NOUSE*,0,0,0,0,0,0,0,0
631,631,DB7,*MANUAL*,66,490,89,141.00,85.32,20.63,895,76360.00
632,632,DB5,*MANUAL*,66,822,94,126.00,76.68,18.13,895,68630.00
633,633,DD2,*MANUAL*,66,1075,102,168.00,99.88,26.30,886,88490.00
634,634,H0R,*MANUAL*$614$627,89,1566,64,135.00,42.11,22.17,5146,216674.00
635,635,H1R,*MANUAL*$623$619,88,1433,73,109.00,40.55,17.40,4224,171269.00
636,636,H2R,*MANUAL*,89,1271,54,91.00,37.96,14.39,2103,79832.00
637,637,AMshR,*MANUAL*$558$562,83,1297,41,131.00,47.36,21.09,4011,189958.00
638,638,hyp7ABRD,*MANUAL*$590$604,86,1196,47,109.00,31.93,15.62,5804,185340.00
639,639,hyp7ABRV,*MANUAL*$602$615$613,87,1183,64,98.00,31.39,14.68,5175,162423.00
640,640,hyp7ABR3,*MANUAL*$591$592$601,86,1150,59,91.00,30.86,15.18,5347,165019.00
641,641,V3R,*MANUAL*$607$617$616$625,88,859,70,70.00,27.32,12.05,5118,139823.00
642,642,P5/6R,*MANUAL*,88,808,70,85.00,42.62,13.10,895,38143.00
643,643,P7/8R,*MANUAL*,85,672,78,89.00,51.96,13.08,895,46503.00
644,644,M,*MANUAL*$463$498,75,630,53,73.00,26.01,12.06,4867,126572.00
645,645,V5R,*MANUAL*$559$560$584,82,575,64,76.00,26.62,12.02,5099,135729.00
646,646,P9/10R,*MANUAL*$583$571,84,536,68,83.00,30.00,14.15,4665,139973.00
647,647,*NOUSE*,*NOUSE*,0,0,0,0,0,0,0,0
648,648,*NOUSE*,*NOUSE*,0,0,0,0,0,0,0,0
649,649,hyp7RC3,*MANUAL*$563$565,84,783,46,73.00,24.38,10.52,5268,128457.00
650,650,hyp7RC6,*MANUAL*,76,364,48,86.00,36.58,12.70,895,32737.00
651,651,H2L,*MANUAL*$31$11$29,39,1218,63,144.00,45.07,26.62,4814,216957.00
652,652,AMshL,*MANUAL*$40$37,41,1222,48,164.00,45.02,28.38,5010,225526.00
653,653,hyp7ABLV,*MANUAL*,40,1176,72,114.00,38.61,20.55,2103,81201.00
654,654,hyp7ABLD,*MANUAL*,40,1169,55,123.00,45.68,21.56,2103,96062.00
655,655,P5/6L,*MANUAL*,41,794,81,113.00,51.62,19.46,895,46199.00
656,656,HSNL,*MANUAL*,46,746,79,158.00,97.87,22.52,895,87595.00
657,657,V4L,*MANUAL*$87$75,45,709,79,101.00,33.43,18.13,5280,176490.00
658,658,V6L,*MANUAL*$101$122,46,472,74,108.00,31.42,17.70,5359,168396.00
659,659,P11/12L,*MANUAL*,48,401,81,121.00,61.20,19.24,851,52080.00
660,660,hyp7LC1,*MANUAL*$27$41$58$23,41,1057,56,106.00,31.95,17.48,5868,187465.00
661,661,hyp7LC2,*MANUAL*$84$67,42,921,58,78.00,29.14,14.50,6022,175491.00
662,662,*NOUSE*,*NOUSE*,0,0,0,0,0,0,0,0
663,663,hyp7LC3,*MANUAL*$53$662,39,813,57,103.00,26.97,13.10,6236,168195.00
664,664,hyp7LC4,*MANUAL*$57$81,42,662,60,97.00,26.34,13.39,5778,152220.00
665,665,hyp7LC5,*MANUAL*$98$108$120,44,522,57,81.00,27.78,13.41,5273,146473.00
666,666,hyp7LC6,*MANUAL*,44,334,62,89.00,34.56,14.35,895,30932.00
667,667,inDL1,*MANUAL*$162$177,52,1130,48,98.00,32.72,15.91,6337,207368.00
668,668,inVR1,*MANUAL*$610$517$539,79,1149,87,93.00,29.67,13.91,6597,195740.00
669,669,inDR1,*MANUAL*$475$473,76,1139,41,80.00,28.50,12.92,6375,181700.00
670,670,*NOUSE*,*NOUSE*,0,0,0,0,0,0,0,0
671,671,inD9,*MANUAL*$166$149,50,422,58,74.00,28.81,13.07,5561,160219.00
672,672,inV4,*MANUAL*$381$382,68,896,83,57.00,21.30, 8.02,7139,152085.00
673,673,inV8,*MANUAL*$335$336,65,504,74,70.00,26.98,11.46,5508,148579.00
674,674,inV9,*MANUAL*$399$411,70,421,70,83.00,29.03,12.35,5102,148096.00
675,675,VR1,*MANUAL*,83,1627,82,128.00,73.28,18.00,895,65588.00
676,676,VR2,*MANUAL*,79,1601,97,147.00,68.78,25.68,895,61562.00
677,677,VR3,*MANUAL*$521$519,77,1562,100,169.00,54.64,32.29,5033,274982.00
678,678,*NOUSE*,*NOUSE*,0,0,0,0,0,0,0,0
679,679,VR7,*MANUAL*,74,1334,102,133.00,70.56,26.51,895,63151.00
680,680,AIMR,*MANUAL*,69,1314,90,223.00,135.32,33.24,895,121109.00
681,681,AIYR,*MANUAL*,79,1312,86,207.00,118.36,33.29,895,105934.00
682,682,EXC,*MANUAL*,55,1322,90,85.00,44.79,13.71,895,40088.00
683,683,EXC DUCT,*MANUAL*,53,1344,85,181.00,101.57,30.49,895,90909.00
684,684,W,*MANUAL*,60,1319,103,158.00,90.60,29.58,895,81088.00
685,685,VR8,*MANUAL*,82,1317,97,134.00,76.91,21.90,895,68838.00
686,686,VR13,*MANUAL*$508$460,78,991,94,140.00,39.85,25.08,6069,241862.00
687,687,VR17,*MANUAL*,78,662,86,101.00,49.82,14.84,895,44590.00
688,688,VR18,*MANUAL*$496$528,78,592,82,98.00,31.90,17.59,5117,163236.00
689,689,VR19,*MANUAL*$502$493,77,495,79,107.00,34.23,18.41,5777,197765.00
690,690,DR2,*MANUAL*,76,1595,42,137.00,86.14,20.23,895,77091.00
691,691,DR3,*MANUAL*$485$484,76,1556,38,149.00,49.47,30.62,4339,214657.00
692,692,DR4,*MANUAL*$546$564,81,1507,41,154.00,60.02,30.29,3738,224354.00
693,693,DR6,*MANUAL*$532$531,81,1450,42,133.00,54.65,28.38,4047,221165.00
694,694,DR5,*MANUAL*$474$439,73,1449,33,155.00,58.02,34.05,3570,207127.00
695,695,DR7,*MANUAL*,71,1319,32,170.00,94.69,24.10,889,84178.00
696,696,HMC,*MANUAL*,62,1316,38,173.00,85.31,26.35,895,76352.00
697,697,DL7,*MANUAL*,54,1300,33,195.00,106.63,30.07,895,95435.00
698,698,DR8,*MANUAL*$472$483,76,1288,30,135.00,48.18,27.15,4258,205145.00
699,699,DR9,*MANUAL*$437$438,72,1214,27,148.00,48.69,31.22,4073,198311.00
700,700,DR10,*MANUAL*$470$471,76,1184,30,139.00,43.61,27.33,4258,185707.00
701,701,DR12,*MANUAL*,74,1039,34,131.00,75.29,20.21,895,67381.00
702,702,hyp7RC1,*MANUAL*,84,1044,46,78.00,25.50,12.25,2103,53630.00
703,703,DR13,*MANUAL*$377$391,69,1000,31,153.00,46.14,32.58,3757,173352.00
704,704,DR14,*MANUAL*$440$450,74,925,35,139.00,41.71,26.87,3936,164165.00
705,705,DR15,*MANUAL*$330$390,68,882,32,128.00,41.63,27.50,3633,151247.00
706,706,DR19,*MANUAL*$363$378,68,550,37,109.00,38.44,23.44,3694,142005.00
707,707,DR20,*MANUAL*$331$346,66,494,38,115.00,37.57,22.76,3983,149639.00
708,708,*NOUSE*,*NOUSE*,0,0,0,0,0,0,0,0
709,709,VL1,*MANUAL*,42,1632,86,159.00,79.62,25.49,891,70944.00
710,710,VL2,*MANUAL*$139$157,49,1602,97,169.00,59.78,37.31,4288,256351.00
711,711,VL3,*MANUAL*$203$214,54,1564,103,169.00,58.91,34.99,4868,286754.00
712,712,VL5,*MANUAL*,52,1451,107,156.00,73.91,28.87,870,64305.00
713,713,VL7,*MANUAL*$197$195,52,1304,104,173.00,65.63,33.80,3284,215526.00
714,714,VL8,*MANUAL*$125$124,46,1244,97,166.00,53.38,33.88,4446,237317.00
715,715,VL9,*MANUAL*$194$212,53,1199,100,167.00,56.93,33.55,3919,223114.00
716,716,VL10,*MANUAL*$183$184,52,1152,100,162.00,49.83,32.49,4961,247185.00
717,717,VL15,*MANUAL*,58,813,90,140.00,81.17,21.14,895,72649.00
718,718,VL13,*MANUAL*$247$248,58,951,98,167.00,46.90,33.29,4418,207212.00
719,719,VL11,*MANUAL*,58,1083,102,162.00,104.35,22.97,895,93389.00
720,720,CCLP,*MANUAL*,50,803,85,169.00,96.35,31.28,895,86236.00
721,721,AIML,*MANUAL*,54,1303,92,224.00,145.70,29.98,867,126320.00
722,722,AIYL,*MANUAL*,46,1299,87,207.00,140.47,29.95,895,125720.00
723,723,VL18,*MANUAL*,56,487,87,134.00,60.35,29.03,895,54012.00
724,724,DL1,*MANUAL*$54$82,42,1637,56,189.00,52.91,34.62,4858,257020.00
725,725,DL2,*MANUAL*,46,1611,46,178.00,95.59,29.17,895,85555.00
726,726,DL4,*MANUAL*$107$96,46,1517,45,173.00,62.11,33.93,3707,230239.00
727,727,DL6,*MANUAL*,44,1430,47,176.00,85.40,31.85,895,76431.00
728,728,DL5,*MANUAL*,52,1436,36,151.00,78.09,27.02,895,69890.00
729,729,DL10,*MANUAL*,50,1137,32,158.00,79.62,26.97,895,71256.00
730,730,*NOUSE*,*NOUSE*,0,0,0,0,0,0,0,0
731,731,DL20,*MANUAL*$161$730,48,456,48,111.00,37.15,20.88,4676,173708.00
732,732,inD8,*MANUAL*,58,469,51,55.00,26.57, 8.10,895,23778.00
733,733,HYP11,*MANUAL*,56,172,65,122.00,72.19,21.51,887,64036.00
734,734,HYP8,*MANUAL*,64,167,69,127.00,72.76,17.75,895,65121.00
735,735,PVR,*MANUAL*$258$334,63,220,59,122.00,38.92,24.83,4542,176776.00
736,736,TR,*MANUAL*,68,244,61,75.00,39.58,13.80,895,35425.00
737,737,VR20,*MANUAL*,71,286,77,125.00,74.32,17.66,885,65776.00
738,738,VL19,*MANUAL*,61,283,80,127.00,69.83,21.71,895,62497.00
739,739,ALNR,*MANUAL*,68,298,55,162.00,102.49,19.80,895,91725.00
740,740,K',*MANUAL*,67,355,53,139.00,86.43,19.18,895,77353.00
741,741,F,*MANUAL*,62,337,65,143.00,87.82,20.65,895,78601.00
742,742,DR21,*MANUAL*$348$349,65,338,45,120.00,46.37,22.86,3822,177231.00
743,743,K,*MANUAL*,49,351,62,134.00,75.24,16.50,895,67341.00
744,744,PHBL,*MANUAL*,48,332,74,134.00,84.40,19.30,885,74691.00
745,745,PHAL,*MANUAL*,52,331,84,151.00,81.23,25.00,895,72699.00
746,746,dep,*MANUAL*,58,306,56,135.00,87.81,18.64,895,78586.00
747,747,imR,*MANUAL*,81,442,69,91.00,40.60,15.14,895,36339.00
748,748,PVPR,*MANUAL*,74,388,74,156.00,94.60,19.76,887,83913.00
749,749,DA9,*MANUAL*,74,371,77,140.00,84.26,18.85,895,75416.00
750,750,YPDA,*MANUAL*,67,352,86,141.00,74.39,22.56,895,66576.00
751,751,U,*MANUAL*,64,361,79,132.00,83.96,19.20,895,75145.00
752,752,DD6,*MANUAL*,65,383,78,169.00,102.38,22.50,895,91633.00
753,753,sph,*MANUAL*,54,395,76,159.00,98.82,23.49,895,88444.00
754,754,PVPL,*MANUAL*,59,400,86,152.00,93.95,24.51,895,84087.00
755,755,pm7VR,*MANUAL*,77,1240,77,124.00,78.29,16.84,895,70074.00
756,756,G1AR,*MANUAL*,77,1283,59,155.00,83.90,20.92,895,75088.00
757,757,M2R,*MANUAL*,77,1287,76,215.00,140.55,24.82,889,124948.00
758,758,pm5VL,*MANUAL*,60,1293,84,206.00,129.08,27.94,865,111650.00
759,759,pm5VR,*MANUAL*,69,1294,84,184.00,117.19,30.42,895,104888.00
760,760,pm5DR,*MANUAL*,70,1301,51,180.00,94.09,28.78,895,84211.00
761,761,pm5DL,*MANUAL*,57,1300,52,171.00,99.65,23.69,895,89189.00
762,762,mc2V,*MANUAL*$308$283,62,1320,77,147.00,55.90,28.39,4803,268474.00
763,763,mc2DL,*MANUAL*$239$257,56,1318,60,163.00,67.20,30.07,3777,253812.00
764,764,MI,*MANUAL*,65,1531,49,229.00,154.16,27.51,895,137970.00
765,765,pm4r,*MANUAL*,80,1527,69,180.00,97.74,26.28,895,87473.00
766,766,I2R,*MANUAL*,81,1531,85,197.00,116.92,33.76,894,104528.00
767,767,I2L,*MANUAL*,48,1531,87,244.00,151.31,44.08,891,134817.00
768,768,MCL,*MANUAL*,56,1535,80,246.00,153.24,42.56,895,137149.00
769,769,MCR,*MANUAL*,73,1537,79,215.00,136.56,35.79,895,122221.00
770,770,mc1V,*MANUAL*,64,1546,93,171.00,93.77,23.62,867,81302.00
771,771,pm1VL,*MANUAL*,59,1554,89,230.00,132.67,43.82,895,118736.00
772,772,pm1R,*MANUAL*,77,1552,77,211.00,124.83,39.95,861,107482.00
773,773,pm1L,*MANUAL*,52,1551,77,246.00,133.43,53.30,895,119419.00
774,774,pm1VR,*MANUAL*,71,1553,85,232.00,154.50,42.65,895,138275.00
775,775,mc1DR,*MANUAL*,76,1548,62,164.00,88.54,20.27,839,74283.00
776,776,mc1DL,*MANUAL*,53,1549,62,194.00,115.44,22.51,895,103322.00
777,777,pm1DR,*MANUAL*,71,1551,55,241.00,148.60,40.82,695,103278.00
778,778,pm1DL,*MANUAL*,64,1547,53,246.00,175.53,37.07,895,157102.00
779,779,E1VL,*MANUAL*,49,1636,79,222.00,124.72,50.79,711,88676.00
780,780,pm2VL2,*MANUAL*,51,1661,80,242.00,141.05,55.89,895,126242.00
781,781,pm2VL1,*MANUAL*,52,1677,79,231.00,121.59,46.98,895,108819.00
782,782,pm3VL,*MANUAL*,55,1637,83,210.00,94.28,35.61,895,84384.00
783,783,pm3VR,*MANUAL*,70,1625,82,173.00,80.39,22.93,895,71948.00
784,784,e3VR,*MANUAL*,75,1610,79,169.00,93.97,28.78,895,84105.00
785,785,E1VR,*MANUAL*,75,1638,79,209.00,112.37,42.76,895,100571.00
786,786,pm2VR2,*MANUAL*,75,1656,78,181.00,96.67,39.11,895,86522.00
787,787,pm2VR1,*MANUAL*,75,1672,77,231.00,113.07,45.28,895,101194.00
788,788,pm2D1,*MANUAL*,63,1670,51,189.00,101.26,34.34,895,90627.00
789,789,pm2D2,*MANUAL*,63,1645,51,231.00,111.71,38.94,895,99980.00
790,790,E1D,*MANUAL*,61,1619,52,212.00,114.05,30.19,839,95688.00
791,791,pm3DL,*MANUAL*,57,1626,55,185.00,75.48,28.55,895,67552.00
792,792,pm3DR,*MANUAL*,68,1603,54,114.00,57.88,22.17,895,51799.00
793,793,RMGR,*MANUAL*,89,1230,73,133.00,73.93,19.33,895,66164.00
794,794,RICR,*MANUAL*,86,1317,75,164.00,110.06,23.36,879,96745.00
795,795,FLPR,*MANUAL*,87,1301,72,186.00,103.19,22.52,895,92353.00
796,796,ADER,*MANUAL*,87,1284,72,155.00,102.95,21.71,895,92144.00
797,797,ASJR,*MANUAL*,87,1339,76,137.00,87.70,18.96,895,78489.00
798,798,AWCR,*MANUAL*,84,1381,73,156.00,102.35,20.56,835,85466.00
799,799,SIBDR,*MANUAL*,84,1398,81,185.00,121.70,22.84,889,108187.00
800,800,AVDR,*MANUAL*,84,1325,60,178.00,108.98,28.13,895,97535.00
801,801,ASGR,*MANUAL*,77,1357,40,171.00,93.84,30.55,895,83988.00
802,802,AFDR,*MANUAL*,83,1396,61,152.00,91.29,22.30,895,81702.00
803,803,RIVR,*MANUAL*,71,1325,44,206.00,125.62,34.08,895,112430.00
804,804,GLRDR,*MANUAL*,68,1420,51,214.00,132.59,39.38,803,106468.00
805,805,ADLR,*MANUAL*,67,1366,40,153.00,97.62,20.48,895,87368.00
806,806,SAAVR,*MANUAL*,73,1416,58,221.00,132.06,36.42,893,117932.00
807,807,ADFR,*MANUAL*,75,1384,57,157.00,90.16,24.51,895,80695.00
808,808,ASKR,*MANUAL*,70,1386,42,163.00,97.97,19.75,895,87679.00
809,809,AWAR,*MANUAL*,73,1367,59,161.00,101.58,23.09,895,90911.00
810,810,AWBR,*MANUAL*,83,1370,47,188.00,106.55,25.13,895,95366.00
811,811,AVBR,*MANUAL*,74,1331,58,159.00,101.07,25.70,872,88134.00
812,812,AVER,*MANUAL*,76,1403,75,175.00,117.02,22.95,895,104731.00
813,813,AIBR,*MANUAL*,75,1383,72,175.00,118.29,20.05,895,105869.00
814,814,RIMR,*MANUAL*,76,1332,73,194.00,100.74,25.12,895,90161.00
815,815,AIZR,*MANUAL*,79,1313,68,188.00,114.41,22.90,895,102395.00
816,816,ASJL,*MANUAL*,39,1326,77,142.00,93.05,23.96,895,83279.00
817,817,AWCL,*MANUAL*,39,1372,74,186.00,110.52,28.03,835,92284.00
818,818,SIBDL,*MANUAL*,41,1390,82,227.00,145.92,36.40,825,120382.00
819,819,RMDL,*MANUAL*,40,1411,81,239.00,147.61,32.85,719,106135.00
820,820,AVDL,*MANUAL*,41,1311,59,238.00,144.64,30.39,895,129452.00
821,821,AFDL,*MANUAL*,42,1387,62,175.00,108.21,31.08,895,96847.00
822,822,AVAL,*MANUAL*,41,1408,63,216.00,133.87,30.89,881,117938.00
823,823,CEPDL,*MANUAL*,50,1410,45,227.00,133.12,32.27,895,119144.00
824,824,ALA,*MANUAL*,60,1411,37,196.00,120.38,26.19,895,107740.00
825,825,SAAVL,*MANUAL*,50,1413,60,226.00,133.47,39.69,895,119452.00
826,826,RIAL,*MANUAL*,50,1394,56,209.00,130.57,29.93,893,116602.00
827,827,SMDVL,*MANUAL*,44,1393,46,220.00,125.67,35.61,895,112479.00
828,828,ADFL,*MANUAL*,48,1375,58,184.00,116.11,26.89,895,103920.00
829,829,AWAL,*MANUAL*,48,1358,55,199.00,134.01,23.27,875,117257.00
830,830,ASHL,*MANUAL*,40,1356,60,183.00,102.12,30.40,895,91396.00
831,831,AVBL,*MANUAL*,48,1317,50,206.00,119.05,28.11,895,106548.00
832,832,AVEL,*MANUAL*,48,1399,76,214.00,137.71,34.51,895,123249.00
833,833,GLRL,*MANUAL*,48,1412,83,250.00,179.94,39.31,825,148448.00
834,834,AIBL,*MANUAL*,48,1370,75,216.00,137.82,30.02,895,123347.00
835,835,RIML,*MANUAL*,48,1317,69,200.00,124.38,29.40,895,111322.00
836,836,GLRVL,*MANUAL*,55,1415,88,248.00,165.31,41.36,895,147955.00
837,837,SIBVL,*MANUAL*,48,1385,85,228.00,153.52,32.76,895,137401.00
838,838,RIH,*MANUAL*,61,1395,93,234.00,159.73,25.06,753,120276.00
839,839,SAADR,*MANUAL*,71,1398,94,225.00,154.81,30.41,895,138553.00
840,840,RMDDR,*MANUAL*$482$557,79,1405,94,208.00,82.90,42.41,3673,304482.00
841,841,SIBVR,*MANUAL*,80,1388,91,199.00,120.81,34.14,895,108125.00
842,842,SIADL,*MANUAL*,46,1361,90,231.00,146.97,31.41,845,124187.00
843,843,AIAL,*MANUAL*,55,1358,90,234.00,157.30,23.98,895,140786.00
844,844,SMBVL,*MANUAL*,55,1377,93,213.00,142.08,29.40,895,127162.00
845,845,RIR,*MANUAL*,69,1386,86,206.00,132.05,29.85,895,118186.00
846,846,URBR,*MANUAL*,87,1479,64,184.00,122.08,27.29,867,105845.00
847,847,IL1R,*MANUAL*,86,1490,77,185.00,114.21,28.85,895,102218.00
848,848,XXXR,*MANUAL*,87,1502,79,209.00,111.07,35.97,895,99411.00
849,849,CEPVL,*MANUAL*,58,1457,101,211.00,151.85,24.14,895,135904.00
850,850,CEPVR,*MANUAL*,69,1458,97,223.00,147.32,23.48,885,130377.00
851,851,IL1VL,*MANUAL*,62,1473,96,227.00,161.81,31.28,821,132847.00
852,852,URAVL,*MANUAL*,53,1472,96,240.00,169.67,31.43,895,151859.00
853,853,IL1VR,*MANUAL*,66,1490,96,237.00,156.55,30.83,797,124768.00
854,854,IL2VL,*MANUAL*,58,1490,99,242.00,166.74,28.07,891,148563.00
855,855,CEPsoVR,*MANUAL*,79,1493,91,234.00,133.70,28.16,871,116456.00
856,856,OLLR,*MANUAL*,79,1484,60,180.00,122.09,22.85,895,109273.00
857,857,OLLsoR,*MANUAL*,83,1508,52,205.00,122.19,41.32,895,109362.00
858,858,RMED,*MANUAL*,62,1454,37,223.00,127.49,35.54,895,114105.00
859,859,OLQDL,*MANUAL*,55,1464,40,219.00,131.04,37.45,895,117282.00
860,860,OLQDR,*MANUAL*,72,1466,43,218.00,137.68,28.79,847,116617.00
861,861,IL1DR,*MANUAL*,67,1474,41,221.00,142.54,37.99,895,127570.00
862,862,IL1DL,*MANUAL*,57,1481,44,218.00,154.33,25.93,895,138124.00
863,863,URBL,*MANUAL*,40,1479,65,236.00,155.70,30.81,877,136552.00
864,864,OLQVL,*MANUAL*,47,1464,86,242.00,150.66,30.26,895,134845.00
865,865,RIPL,*MANUAL*,47,1471,65,239.00,149.31,30.12,895,133636.00
866,866,URADL,*MANUAL*,48,1486,48,247.00,152.30,46.03,895,136307.00
867,867,CEPsoDL,*MANUAL*,45,1500,54,252.00,154.97,46.12,889,137767.00
868,868,ARCpVL,*MANUAL*,41,1598,81,238.00,140.39,36.83,895,125649.00
869,869,CEPsoVL,*MANUAL*,48,1488,93,236.00,130.89,51.20,895,117147.00
870,870,URYVL,*MANUAL*,44,1479,86,238.00,156.64,31.33,895,140196.00
871,871,hyp1L,*MANUAL*,45,1562,57,221.00,124.98,34.50,895,111856.00
872,872,OLLsoL,*MANUAL*,41,1510,57,245.00,134.07,49.62,895,119993.00
873,873,ARCpVR,*MANUAL*,86,1605,75,160.00,95.61,25.55,895,85575.00
874,874,OLLshR,*MANUAL*,89,1542,74,187.00,105.24,28.02,895,94188.00
875,875,hyp31,*MANUAL*,67,1693,41,223.00,117.84,37.16,895,105463.00
876,876,HYP32,*MANUAL*,58,1678,43,196.00,112.67,34.64,895,100842.00
877,877,OLQsoDR,*MANUAL*,67,1603,41,218.00,126.05,33.72,895,112817.00
878,878,OLQsoDL,*MANUAL*,52,1625,44,228.00,130.27,42.24,867,112947.00
879,879,*NOUSE*,*NOUSE*,0,0,0,0,0,0,0,0
880,880,hyp7D2,*MANUAL*$298$879,60,1380,26,127.00,42.01,19.33,4303,180788.00
881,881,hyp7d1,*MANUAL*,62,1480,29,140.00,43.95,20.51,895,39333.00
882,882,HYP6d3,*MANUAL*,62,1592,39,186.00,102.63,30.34,895,91852.00
883,883,HYP6D2,*MANUAL*,60,1621,39,170.00,102.05,24.00,895,91336.00
884,884,ILsoDR,*MANUAL*,69,1631,42,212.00,127.45,37.53,895,114066.00
885,885,hyp4V1,*MANUAL*$371$383,67,1752,89,162.00,45.70,33.99,5130,234418.00
886,886,hyp4V2,*MANUAL*$384$403,68,1716,93,168.00,48.41,36.95,4772,231033.00
887,887,ARCaV,*MANUAL*,63,1690,93,186.00,105.59,29.51,895,94499.00
888,888,ILsoVL,*MANUAL*,59,1634,96,219.00,133.01,39.70,855,113724.00
889,889,ILshVL,*MANUAL*,60,1607,98,227.00,138.28,41.13,895,123758.00
890,890,ILshVR,*MANUAL*,66,1595,98,223.00,129.51,49.42,895,115915.00
891,891,ILsoVR,*MANUAL*,67,1622,98,235.00,126.55,38.93,895,113259.00
892,892,hyp2V,*MANUAL*,67,1673,95,174.00,98.55,26.45,895,88198.00
893,893,hyp7V2,*MANUAL*,67,1463,109,126.00,60.41,19.38,895,54066.00
894,894,hyp6V1,*MANUAL*,64,1637,103,173.00,81.49,28.69,895,72930.00
895,895,OLQshDR,*MANUAL*,89,1520,53,196.00,97.11,37.45,895,86915.00
896,896,AVAR,*MANUAL*,83,1415,64,206.00,101.93,26.79,895,91226.00
897,897,*NOUSE*,*NOUSE*,0,0,0,0,0,0,0,0
898,898,Z3,*MANUAL*$241$242$240,61,768,81,127.00,38.79,22.04,9953,386113.00
899,899,VR4,*MANUAL*,83,1502,94,154.00,79.31,24.61,895,70981.00
900,900,VR5,*MANUAL*,75,1455,104,153.00,81.22,31.22,895,72695.00
901,901,Z2,*MANUAL*,75,796,75,108.00,50.46,14.90,2103,106120.00
902,902,P3/4L,*MANUAL*$89$88,44,925,84,114.00,37.64,22.40,5234,197019.00
903,903,f1,*MANUAL*,63,1390,97,194.00,69.06,49.55,895,61808.00
904,904,f2,*MANUAL*,76,1247,109,71.00,11.46, 9.47,895,10260.00
905,905,f3,*MANUAL*,75,1340,55,127.00,29.35,24.74,895,26272.00
906,906,f4,*MANUAL*,57,1500,102,178.00,32.69,30.90,895,29262.00
907,907,f5,*MANUAL*,57,855,97,96.00, 5.61,13.05,895,5024.00
908,908,f6,*MANUAL*,48,668,88,65.00, 5.21, 9.28,895,4665.00
909,909,f7,*MANUAL*,56,412,87,96.00,22.08,23.19,895,19762.00
910,910,f8,*MANUAL*,57,334,55,112.00,24.34,20.67,895,21787.00
911,911,f9,*MANUAL*,65,123,72,91.00,20.54,23.24,895,18382.00
912,912,f10,*MANUAL*,64,233,60,84.00,31.06,17.18,895,27800.00
