0,0,*NOUSE*,*NOUSE*,0,0,0,0,0,0,0,0
1,1,*NOUSE*,*NOUSE*,0,0,0,0,0,0,0,0
2,2,H0L,,39,1509,82,180.00,54.36,37.69,5463,296982
3,3,*NOUSE*,*NOUSE*,0,0,0,0,0,0,0,0
4,4,*NOUSE*,*NOUSE*,0,0,0,0,0,0,0,0
5,5,*NOUSE*,*NOUSE*,0,0,0,0,0,0,0,0
6,6,AWCL,,41,1324,78,177.00,60.98,38.08,4363,266065
7,7,*NOUSE*,*NOUSE*,0,0,0,0,0,0,0,0
8,8,OLQshVL,,39,1472,83,247.00,87.81,59.88,3265,286713
9,9,ADEL,,41,1226,72,202.00,68.35,48.13,3762,257123
10,10,*NOUSE*,*NOUSE*,0,0,0,0,0,0,0,0
11,11,H1L,,40,1387,84,124.00,48.43,27.27,3434,166292
12,12,RMGL,,42,1203,85,210.00,60.05,43.57,3917,235212
13,13,AINL,,43,1237,59,229.00,73.75,50.60,3803,280478
14,14,RMDVL,,43,1376,70,205.00,62.10,43.88,4388,272473
15,15,AVAL,,42,1354,71,177.00,72.43,44.11,3756,272055
16,16,RICL,,41,1256,82,215.00,69.71,44.64,3547,247267
17,17,RMEL,,47,1398,76,222.00,74.43,46.74,4710,350559
18,18,XXXL,,42,1458,85,249.00,90.88,61.13,3088,280646
19,19,AUAL,,42,1301,83,202.00,68.77,46.98,3521,242145
20,20,ADAL,,42,1220,86,197.00,62.63,45.47,3862,241891
21,21,CEPsHVL,,50,1391,94,206.00,65.25,40.96,4127,269278
22,22,*NOUSE*,*NOUSE*,0,0,0,0,0,0,0,0
23,23,*NOUSE*,*NOUSE*,0,0,0,0,0,0,0,0
24,24,ASHL,,44,1309,66,163.00,61.55,37.62,4564,280893
25,25,ILsHDL,,44,1492,64,235.00,77.74,52.00,3970,308617
26,26,hyp2L,,43,1565,78,232.00,68.95,52.40,4040,278575
27,27,ASJL,,43,1281,81,149.00,54.45,30.71,4157,226331
28,28,*NOUSE*,*NOUSE*,0,0,0,0,0,0,0,0
29,29,FLPL,,43,1238,82,197.00,66.82,44.41,3778,252460
30,30,SIBDL,,43,1339,87,204.00,76.77,49.27,3427,263106
31,31,*NOUSE*,*NOUSE*,0,0,0,0,0,0,0,0
32,32,*NOUSE*,*NOUSE*,0,0,0,0,0,0,0,0
33,33,*NOUSE*,*NOUSE*,0,0,0,0,0,0,0,0
34,34,AMsoL,,44,1546,71,246.00,69.68,50.30,4038,281359
35,35,ARCpDL,,45,1528,69,191.00,66.99,46.91,4260,285388
36,36,URBL,,44,1428,73,247.00,87.88,57.70,3685,323841
37,37,*NOUSE*,*NOUSE*,0,0,0,0,0,0,0,0
38,38,*NOUSE*,*NOUSE*,0,0,0,0,0,0,0,0
39,39,URYVL,,45,1430,86,245.00,87.98,55.04,3065,269651
40,40,ADEshL,,44,1167,84,205.00,58.95,47.41,3873,228294
41,41,ILsoL,,45,1530,89,240.00,76.00,52.34,3844,292131
42,42,*NOUSE*,*NOUSE*,0,0,0,0,0,0,0,0
43,43,*NOUSE*,*NOUSE*,0,0,0,0,0,0,0,0
44,44,*NOUSE*,*NOUSE*,0,0,0,0,0,0,0,0
45,45,ARCaDL,,44,1590,80,249.00,75.67,57.62,3638,275295
46,46,CANL,,45,758,84,157.00,44.97,33.20,4918,221144
47,47,RMDL,,45,1357,87,212.00,81.13,48.11,3221,261328
48,48,ARCpVL,,45,1547,87,234.00,79.04,55.25,3650,288491
49,49,BAGL,,46,1408,85,170.00,64.58,37.91,3904,252104
50,50,ILshL,,44,1494,91,240.00,81.47,52.31,3269,266330
51,51,*NOUSE*,*NOUSE*,0,0,0,0,0,0,0,0
52,52,*NOUSE*,*NOUSE*,0,0,0,0,0,0,0,0
53,53,RIML,,47,1272,69,218.00,74.43,43.62,3891,289604
54,54,*NOUSE*,*NOUSE*,0,0,0,0,0,0,0,0
55,55,*NOUSE*,*NOUSE*,0,0,0,0,0,0,0,0
56,56,BDUL,,46,1074,81,193.00,60.44,46.60,3558,215044
57,57,*NOUSE*,*NOUSE*,0,0,0,0,0,0,0,0
58,58,*NOUSE*,*NOUSE*,0,0,0,0,0,0,0,0
59,59,*NOUSE*,*NOUSE*,0,0,0,0,0,0,0,0
60,60,*NOUSE*,*NOUSE*,0,0,0,0,0,0,0,0
61,61,AVHL,,48,1277,45,240.00,84.91,51.45,4036,342681
62,62,DL4,,46,1467,52,195.00,71.93,40.80,3812,274203
63,63,OLLsoL,,47,1451,62,251.00,101.22,63.57,3309,334931
64,64,hyP1L,,48,1513,65,227.00,72.63,51.39,3867,280879
65,65,*NOUSE*,*NOUSE*,0,0,0,0,0,0,0,0
66,66,*NOUSE*,*NOUSE*,0,0,0,0,0,0,0,0
67,67,OLQsoVL,,46,1513,93,230.00,85.13,51.69,3232,275131
68,68,*NOUSE*,*NOUSE*,0,0,0,0,0,0,0,0
69,69,*NOUSE*,*NOUSE*,0,0,0,0,0,0,0,0
70,70,*NOUSE*,*NOUSE*,0,0,0,0,0,0,0,0
71,71,*NOUSE*,*NOUSE*,0,0,0,0,0,0,0,0
72,72,*NOUSE*,*NOUSE*,0,0,0,0,0,0,0,0
73,73,*NOUSE*,*NOUSE*,0,0,0,0,0,0,0,0
74,74,*NOUSE*,*NOUSE*,0,0,0,0,0,0,0,0
75,75,*NOUSE*,*NOUSE*,0,0,0,0,0,0,0,0
76,76,*NOUSE*,*NOUSE*,0,0,0,0,0,0,0,0
77,77,VL6,,48,1356,102,171.00,57.35,36.83,3971,227756
78,78,AWBL,,49,1315,49,195.00,71.40,41.43,4112,293577
79,79,CEPshDL,,49,1398,62,218.00,75.40,48.11,3663,276178
80,80,*NOUSE*,*NOUSE*,0,0,0,0,0,0,0,0
81,81,DL1,,49,1578,66,169.00,55.90,33.74,4905,274210
82,82,*NOUSE*,*NOUSE*,0,0,0,0,0,0,0,0
83,83,*NOUSE*,*NOUSE*,0,0,0,0,0,0,0,0
84,84,V4L,,49,680,92,128.00,36.11,21.54,5898,213002
85,85,P3/4L,,48,888,99,138.00,36.62,22.87,4799,175749
86,86,*NOUSE*,*NOUSE*,0,0,0,0,0,0,0,0
87,87,VL4,,49,1451,99,182.00,55.79,31.81,3997,223006
88,88,*NOUSE*,*NOUSE*,0,0,0,0,0,0,0,0
89,89,mc3DL,,51,1194,60,184.00,55.19,38.03,4104,226503
90,90,*NOUSE*,*NOUSE*,0,0,0,0,0,0,0,0
91,91,pm4L,,51,1477,73,219.00,81.80,47.05,3727,304875
92,92,QL,,50,579,85,111.00,38.83,22.92,5309,206152
93,93,SIAVL,,51,1290,94,229.00,69.94,44.72,3181,222472
94,94,*NOUSE*,*NOUSE*,0,0,0,0,0,0,0,0
95,95,*NOUSE*,*NOUSE*,0,0,0,0,0,0,0,0
96,96,*NOUSE*,*NOUSE*,0,0,0,0,0,0,0,0
97,97,*NOUSE*,*NOUSE*,0,0,0,0,0,0,0,0
98,98,URYDL,,50,1419,60,242.00,95.60,57.42,3327,318069
99,99,*NOUSE*,*NOUSE*,0,0,0,0,0,0,0,0
100,100,*NOUSE*,*NOUSE*,0,0,0,0,0,0,0,0
101,101,EXC GL L,,51,1211,99,153.00,49.33,33.02,4521,223033
102,102,CCLP,,52,794,104,186.00,49.36,40.12,4473,220793
103,103,HSNL,,51,709,104,185.00,51.68,39.73,4476,231338
104,104,*NOUSE*,*NOUSE*,0,0,0,0,0,0,0,0
105,105,*NOUSE*,*NOUSE*,0,0,0,0,0,0,0,0
106,106,*NOUSE*,*NOUSE*,0,0,0,0,0,0,0,0
107,107,*NOUSE*,*NOUSE*,0,0,0,0,0,0,0,0
108,108,OLLL,,53,1435,71,220.00,89.73,45.32,2841,254936
109,109,ALML,,52,862,71,164.00,49.20,35.78,4375,215240
110,110,hyp7LC4,,50,652,75,101.00,30.63,16.48,6106,187051
111,111,PM7vl,,54,1196,80,177.00,50.17,33.67,4748,238195
112,112,*NOUSE*,*NOUSE*,0,0,0,0,0,0,0,0
113,113,*NOUSE*,*NOUSE*,0,0,0,0,0,0,0,0
114,114,OLQVL,,52,1420,89,226.00,84.14,46.36,2899,243921
115,115,P7/8L,,51,617,98,118.00,38.47,21.81,5157,198388
116,116,*NOUSE*,*NOUSE*,0,0,0,0,0,0,0,0
117,117,*NOUSE*,*NOUSE*,0,0,0,0,0,0,0,0
118,118,*NOUSE*,*NOUSE*,0,0,0,0,0,0,0,0
119,119,*NOUSE*,*NOUSE*,0,0,0,0,0,0,0,0
120,120,*NOUSE*,*NOUSE*,0,0,0,0,0,0,0,0
121,121,*NOUSE*,*NOUSE*,0,0,0,0,0,0,0,0
122,122,AVEL,,52,1344,75,217.00,85.03,45.71,3155,268262
123,123,*NOUSE*,*NOUSE*,0,0,0,0,0,0,0,0
124,124,*NOUSE*,*NOUSE*,0,0,0,0,0,0,0,0
125,125,*NOUSE*,*NOUSE*,0,0,0,0,0,0,0,0
126,126,*NOUSE*,*NOUSE*,0,0,0,0,0,0,0,0
127,127,AVKL,,54,1236,95,170.00,61.17,36.13,3584,219243
128,128,SPH,,57,364,92,173.00,57.49,38.81,4258,244780
129,129,*NOUSE*,*NOUSE*,0,0,0,0,0,0,0,0
130,130,*NOUSE*,*NOUSE*,0,0,0,0,0,0,0,0
131,131,*NOUSE*,*NOUSE*,0,0,0,0,0,0,0,0
132,132,*NOUSE*,*NOUSE*,0,0,0,0,0,0,0,0
133,133,*NOUSE*,*NOUSE*,0,0,0,0,0,0,0,0
134,134,*NOUSE*,*NOUSE*,0,0,0,0,0,0,0,0
135,135,*NOUSE*,*NOUSE*,0,0,0,0,0,0,0,0
136,136,*NOUSE*,*NOUSE*,0,0,0,0,0,0,0,0
137,137,*NOUSE*,*NOUSE*,0,0,0,0,0,0,0,0
138,138,ASGL,,54,1299,49,213.00,81.72,42.69,3061,250159
139,139,*NOUSE*,*NOUSE*,0,0,0,0,0,0,0,0
140,140,*NOUSE*,*NOUSE*,0,0,0,0,0,0,0,0
141,141,*NOUSE*,*NOUSE*,0,0,0,0,0,0,0,0
142,142,SAAVL,,53,1359,65,242.00,103.51,53.06,2831,293023
143,143,RIPL,,54,1415,73,231.00,86.52,50.92,3375,291991
144,144,*NOUSE*,*NOUSE*,0,0,0,0,0,0,0,0
145,145,*NOUSE*,*NOUSE*,0,0,0,0,0,0,0,0
146,146,*NOUSE*,*NOUSE*,0,0,0,0,0,0,0,0
147,147,*NOUSE*,*NOUSE*,0,0,0,0,0,0,0,0
148,148,*NOUSE*,*NOUSE*,0,0,0,0,0,0,0,0
149,149,*NOUSE*,*NOUSE*,0,0,0,0,0,0,0,0
150,150,*NOUSE*,*NOUSE*,0,0,0,0,0,0,0,0
151,151,SIBVL,,54,1332,88,223.00,90.83,46.87,2678,243236
152,152,NSML,,54,1464,86,229.00,82.54,49.43,3335,275278
153,153,PVQL,,55,318,93,143.00,49.91,31.48,4106,204929
154,154,*NOUSE*,*NOUSE*,0,0,0,0,0,0,0,0
155,155,*NOUSE*,*NOUSE*,0,0,0,0,0,0,0,0
156,156,P9/10L,,54,493,96,127.00,36.17,20.47,5350,193517
157,157,CEPsoVL,,53,1433,99,246.00,87.82,51.58,2498,219374
158,158,VL9,,54,1146,103,160.00,49.74,31.54,3935,195727
159,159,*NOUSE*,*NOUSE*,0,0,0,0,0,0,0,0
160,160,SMBDL,,54,1306,102,181.00,69.25,38.64,3047,210995
161,161,*NOUSE*,*NOUSE*,0,0,0,0,0,0,0,0
162,162,ASIL,,62,1283,46,186.00,72.20,36.66,5788,417879
163,163,*NOUSE*,*NOUSE*,0,0,0,0,0,0,0,0
164,164,M5,,56,1189,50,234.00,64.21,46.38,3965,254583
165,165,inDL1,,56,1086,54,89.00,31.54,14.92,7529,237436
166,166,*NOUSE*,*NOUSE*,0,0,0,0,0,0,0,0
167,167,*NOUSE*,*NOUSE*,0,0,0,0,0,0,0,0
168,168,AIBL,,53,1321,77,196.00,82.00,44.92,3184,261082
169,169,*NOUSE*,*NOUSE*,0,0,0,0,0,0,0,0
170,170,pm6VL,,57,1219,76,152.00,56.47,32.83,4289,242216
171,171,LUAL,,57,291,79,177.00,63.46,41.54,3236,205363
172,172,repVL,,55,343,91,152.00,48.68,33.23,4250,206909
173,173,*NOUSE*,*NOUSE*,0,0,0,0,0,0,0,0
174,174,VL7,,55,1264,103,191.00,55.59,32.39,3838,213371
175,175,VL14,,54,832,109,150.00,41.81,29.43,4277,178810
176,176,*NOUSE*,*NOUSE*,0,0,0,0,0,0,0,0
177,177,RIVL,,56,1263,40,230.00,90.64,48.86,4037,365919
178,178,CEPDL,,56,1361,49,241.00,95.90,52.79,3295,315976
179,179,*NOUSE*,*NOUSE*,0,0,0,0,0,0,0,0
180,180,*NOUSE*,*NOUSE*,0,0,0,0,0,0,0,0
181,181,*NOUSE*,*NOUSE*,0,0,0,0,0,0,0,0
182,182,*NOUSE*,*NOUSE*,0,0,0,0,0,0,0,0
183,183,AWAL,,55,1306,63,187.00,72.53,39.33,3774,273745
184,184,*NOUSE*,*NOUSE*,0,0,0,0,0,0,0,0
185,185,*NOUSE*,*NOUSE*,0,0,0,0,0,0,0,0
186,186,GLRL,,55,1359,79,232.00,88.09,48.58,3085,271768
187,187,*NOUSE*,*NOUSE*,0,0,0,0,0,0,0,0
188,188,*NOUSE*,*NOUSE*,0,0,0,0,0,0,0,0
189,189,*NOUSE*,*NOUSE*,0,0,0,0,0,0,0,0
190,190,EXC DUCT,,58,1287,84,173.00,58.72,32.30,4821,283068
191,191,*NOUSE*,*NOUSE*,0,0,0,0,0,0,0,0
192,192,URAVL,,55,1412,99,227.00,81.22,47.46,2851,231554
193,193,*NOUSE*,*NOUSE*,0,0,0,0,0,0,0,0
194,194,*NOUSE*,*NOUSE*,0,0,0,0,0,0,0,0
195,195,*NOUSE*,*NOUSE*,0,0,0,0,0,0,0,0
196,196,*NOUSE*,*NOUSE*,0,0,0,0,0,0,0,0
197,197,*NOUSE*,*NOUSE*,0,0,0,0,0,0,0,0
198,198,PVCL,,58,282,88,160.00,52.92,33.31,3630,192113
199,199,I1L,,57,1517,88,237.00,83.24,53.57,3619,301260
200,200,*NOUSE*,*NOUSE*,0,0,0,0,0,0,0,0
201,201,*NOUSE*,*NOUSE*,0,0,0,0,0,0,0,0
202,202,*NOUSE*,*NOUSE*,0,0,0,0,0,0,0,0
203,203,DL9,,58,1148,38,157.00,46.63,31.60,5528,257769
204,204,*NOUSE*,*NOUSE*,0,0,0,0,0,0,0,0
205,205,IL2DL,,56,1460,49,216.00,81.01,47.82,4375,354424
206,206,*NOUSE*,*NOUSE*,0,0,0,0,0,0,0,0
207,207,*NOUSE*,*NOUSE*,0,0,0,0,0,0,0,0
208,208,DL15,,59,795,55,183.00,46.32,34.17,5210,241323
209,209,*NOUSE*,*NOUSE*,0,0,0,0,0,0,0,0
210,210,*NOUSE*,*NOUSE*,0,0,0,0,0,0,0,0
211,211,*NOUSE*,*NOUSE*,0,0,0,0,0,0,0,0
212,212,*NOUSE*,*NOUSE*,0,0,0,0,0,0,0,0
213,213,*NOUSE*,*NOUSE*,0,0,0,0,0,0,0,0
214,214,*NOUSE*,*NOUSE*,0,0,0,0,0,0,0,0
215,215,*NOUSE*,*NOUSE*,0,0,0,0,0,0,0,0
216,216,*NOUSE*,*NOUSE*,0,0,0,0,0,0,0,0
217,217,*NOUSE*,*NOUSE*,0,0,0,0,0,0,0,0
218,218,*NOUSE*,*NOUSE*,0,0,0,0,0,0,0,0
219,219,*NOUSE*,*NOUSE*,0,0,0,0,0,0,0,0
220,220,I6,,59,1217,47,227.00,71.19,45.58,3982,283490
221,221,*NOUSE*,*NOUSE*,0,0,0,0,0,0,0,0
222,222,*NOUSE*,*NOUSE*,0,0,0,0,0,0,0,0
223,223,*NOUSE*,*NOUSE*,0,0,0,0,0,0,0,0
224,224,mc1DL,,55,1493,65,169.00,72.56,34.60,2032,147446
225,225,M2L,,58,1238,76,239.00,88.64,53.54,2979,264067
226,226,*NOUSE*,*NOUSE*,0,0,0,0,0,0,0,0
227,227,g2l,,62,1178,88,212.00,62.18,42.42,4042,251323
228,228,M3L,,59,1436,88,247.00,83.22,56.07,3289,273719
229,229,*NOUSE*,*NOUSE*,0,0,0,0,0,0,0,0
230,230,*NOUSE*,*NOUSE*,0,0,0,0,0,0,0,0
231,231,VL18,,59,434,106,139.00,42.11,27.82,4495,189287
232,232,*NOUSE*,*NOUSE*,0,0,0,0,0,0,0,0
233,233,*NOUSE*,*NOUSE*,0,0,0,0,0,0,0,0
234,234,ASKL,,61,1330,46,158.00,62.25,32.35,5244,326448
235,235,*NOUSE*,*NOUSE*,0,0,0,0,0,0,0,0
236,236,ILsoDL,,60,1584,55,243.00,89.47,57.27,3120,279131
237,237,*NOUSE*,*NOUSE*,0,0,0,0,0,0,0,0
238,238,*NOUSE*,*NOUSE*,0,0,0,0,0,0,0,0
239,239,*NOUSE*,*NOUSE*,0,0,0,0,0,0,0,0
240,240,DL19,,62,457,62,173.00,44.50,32.09,5558,247305
241,241,*NOUSE*,*NOUSE*,0,0,0,0,0,0,0,0
242,242,repD,,65,331,71,164.00,55.26,29.94,3781,208929
243,243,inD9,,61,391,74,94.00,30.87,14.59,5462,168586
244,244,*NOUSE*,*NOUSE*,0,0,0,0,0,0,0,0
245,245,*NOUSE*,*NOUSE*,0,0,0,0,0,0,0,0
246,246,e2VL,,60,1662,88,198.00,53.27,42.57,4832,257416
247,247,*NOUSE*,*NOUSE*,0,0,0,0,0,0,0,0
248,248,GLRVL,,59,1355,93,244.00,90.82,54.91,3036,275718
249,249,pm4VL,,61,1474,97,206.00,62.93,38.79,4093,257562
250,250,*NOUSE*,*NOUSE*,0,0,0,0,0,0,0,0
251,251,DA8,,61,347,107,186.00,59.02,36.37,3850,227244
252,252,*NOUSE*,*NOUSE*,0,0,0,0,0,0,0,0
253,253,*NOUSE*,*NOUSE*,0,0,0,0,0,0,0,0
254,254,*NOUSE*,*NOUSE*,0,0,0,0,0,0,0,0
255,255,*NOUSE*,*NOUSE*,0,0,0,0,0,0,0,0
256,256,*NOUSE*,*NOUSE*,0,0,0,0,0,0,0,0
257,257,*NOUSE*,*NOUSE*,0,0,0,0,0,0,0,0
258,258,*NOUSE*,*NOUSE*,0,0,0,0,0,0,0,0
259,259,*NOUSE*,*NOUSE*,0,0,0,0,0,0,0,0
260,260,PHshL,,62,264,81,160.00,52.10,34.83,3493,181991
261,261,virL,,63,358,82,135.00,52.21,30.45,4021,209934
262,262,*NOUSE*,*NOUSE*,0,0,0,0,0,0,0,0
263,263,*NOUSE*,*NOUSE*,0,0,0,0,0,0,0,0
264,264,*NOUSE*,*NOUSE*,0,0,0,0,0,0,0,0
265,265,*NOUSE*,*NOUSE*,0,0,0,0,0,0,0,0
266,266,*NOUSE*,*NOUSE*,0,0,0,0,0,0,0,0
267,267,*NOUSE*,*NOUSE*,0,0,0,0,0,0,0,0
268,268,*NOUSE*,*NOUSE*,0,0,0,0,0,0,0,0
269,269,*NOUSE*,*NOUSE*,0,0,0,0,0,0,0,0
270,270,mc2DL,,62,1269,63,152.00,63.54,29.78,4166,264709
271,271,*NOUSE*,*NOUSE*,0,0,0,0,0,0,0,0
272,272,*NOUSE*,*NOUSE*,0,0,0,0,0,0,0,0
273,273,vpi3V,,70,1154,91,164.00,51.88,34.32,4227,219317
274,274,*NOUSE*,*NOUSE*,0,0,0,0,0,0,0,0
275,275,*NOUSE*,*NOUSE*,0,0,0,0,0,0,0,0
276,276,U,,65,338,98,157.00,53.27,31.11,4592,244621
277,277,*NOUSE*,*NOUSE*,0,0,0,0,0,0,0,0
278,278,pm5DL,,63,1251,51,185.00,73.33,35.33,4378,321046
279,279,*NOUSE*,*NOUSE*,0,0,0,0,0,0,0,0
280,280,GLRDL,,63,1364,59,241.00,99.53,54.94,3028,301372
281,281,pm5L,,60,1250,68,201.00,72.49,40.82,3568,258651
282,282,*NOUSE*,*NOUSE*,0,0,0,0,0,0,0,0
283,283,*NOUSE*,*NOUSE*,0,0,0,0,0,0,0,0
284,284,inD6,,65,680,80,70.00,24.87,10.94,8159,202909
285,285,inV2,,64,1039,101,70.00,24.52, 9.76,7161,175579
286,286,*NOUSE*,*NOUSE*,0,0,0,0,0,0,0,0
287,287,*NOUSE*,*NOUSE*,0,0,0,0,0,0,0,0
288,288,DB2,,63,1253,111,187.00,66.98,41.98,2794,187152
289,289,CCLA,,63,808,115,177.00,53.76,42.04,3478,186977
290,290,ADLL,,64,1308,46,166.00,61.27,30.77,5143,315129
291,291,PLML,,64,249,89,156.00,46.68,29.72,3726,173932
292,292,*NOUSE*,*NOUSE*,0,0,0,0,0,0,0,0
293,293,IL2VL,,61,1435,106,226.00,79.11,44.37,1799,142326
294,294,*NOUSE*,*NOUSE*,0,0,0,0,0,0,0,0
295,295,*NOUSE*,*NOUSE*,0,0,0,0,0,0,0,0
296,296,DA7,,68,448,110,181.00,53.68,37.30,4955,265973
297,297,*NOUSE*,*NOUSE*,0,0,0,0,0,0,0,0
298,298,*NOUSE*,*NOUSE*,0,0,0,0,0,0,0,0
299,299,hyp11,,63,167,78,93.00,32.97,16.28,3214,105957
300,300,hyp8,,69,170,86,97.00,37.69,19.52,4698,177079
301,301,pm8,,70,1168,82,149.00,53.20,32.49,3737,198794
302,302,vpi2V,,69,1164,95,186.00,63.79,42.79,3418,218040
303,303,mc3V,,66,1196,94,143.00,42.43,26.94,5403,229238
304,304,inV7,,68,607,98,70.00,24.34, 9.96,8529,207628
305,305,RIGR,,65,1154,109,163.00,55.90,35.03,3823,213691
306,306,hyp6D3,,66,1513,48,203.00,64.04,39.94,4481,286974
307,307,URXL,,67,1345,51,195.00,83.06,40.76,3847,319531
308,308,ARCpD,,66,1605,53,239.00,71.64,52.72,3637,260557
309,309,DVA,,67,305,74,147.00,45.69,25.60,4319,197342
310,310,RMEV,,68,1380,106,207.00,66.04,43.62,3038,200644
311,311,DA1,,66,1137,110,154.00,49.17,34.78,3868,190186
312,312,IL1VL,,66,1412,106,190.00,72.49,41.49,3708,268791
313,313,*NOUSE*,*NOUSE*,0,0,0,0,0,0,0,0
314,314,DA2,,67,1068,114,172.00,49.84,36.44,3351,167017
315,315,DB4,,67,937,118,150.00,49.09,34.95,3329,163424
316,316,RID,,67,1387,41,185.00,61.07,38.80,5429,331534
317,317,hyp6D4,,67,1486,42,180.00,59.05,37.21,4886,288503
318,318,hyp6D1,,67,1575,48,210.00,74.11,41.67,3250,240871
319,319,*NOUSE*,*NOUSE*,0,0,0,0,0,0,0,0
320,320,INd4,,70,894,69,56.00,22.51, 8.58,8627,194178
321,321,*NOUSE*,*NOUSE*,0,0,0,0,0,0,0,0
322,322,mc1V,,66,1492,99,168.00,62.29,33.28,3094,192739
323,323,ARCaV,,66,1630,104,203.00,54.51,41.50,4587,250022
324,324,*NOUSE*,*NOUSE*,0,0,0,0,0,0,0,0
325,325,G1,,67,1321,113,168.00,55.76,34.86,3714,207104
326,326,*NOUSE*,*NOUSE*,0,0,0,0,0,0,0,0
327,327,*NOUSE*,*NOUSE*,0,0,0,0,0,0,0,0
328,328,hyp7V1,,67,1406,118,126.00,46.31,22.28,2932,135787
329,329,DD4,,68,669,117,182.00,50.75,37.95,5053,256439
330,330,DD3,,67,846,120,169.00,50.59,39.48,3310,167441
331,331,*NOUSE*,*NOUSE*,0,0,0,0,0,0,0,0
332,332,*NOUSE*,*NOUSE*,0,0,0,0,0,0,0,0
333,333,pm7D,,70,1189,43,151.00,44.56,28.18,5522,246039
334,334,inD3,,69,970,61,64.00,22.99, 9.30,9156,210542
335,335,I3,,69,1461,60,233.00,77.52,51.21,4024,311954
336,336,*NOUSE*,*NOUSE*,0,0,0,0,0,0,0,0
337,337,DL21,,68,259,69,127.00,44.12,25.37,3556,156906
338,338,*NOUSE*,*NOUSE*,0,0,0,0,0,0,0,0
339,339,hyp72,,68,196,87,127.00,37.71,23.50,3858,145499
340,340,inV8,,70,482,94,93.00,27.60,12.29,6086,167970
341,341,G2,,66,1304,108,191.00,69.23,38.31,3005,208024
342,342,db3,,68,1095,111,141.00,45.09,31.85,3805,171573
343,343,DA6,,69,583,112,173.00,50.29,37.02,3837,192960
344,344,DB6,,69,614,114,172.00,47.13,34.96,4542,214051
345,345,DA3,,68,971,116,161.00,45.07,32.83,3607,162570
346,346,hyp7V2,,70,1366,118,122.00,40.51,22.55,4722,191300
347,347,DB5,,68,782,119,169.00,50.52,38.24,3774,190681
348,348,DA5,,68,736,121,196.00,54.20,42.92,3910,211904
349,349,*NOUSE*,*NOUSE*,0,0,0,0,0,0,0,0
350,350,*NOUSE*,*NOUSE*,0,0,0,0,0,0,0,0
351,351,ALA,,69,1365,43,186.00,73.99,39.78,3618,267711
352,352,*NOUSE*,*NOUSE*,0,0,0,0,0,0,0,0
353,353,hyp6D2,,68,1549,50,176.00,69.68,43.59,2053,143056
354,354,I4,,69,1238,44,219.00,73.22,44.87,3704,271206
355,355,hyp31,,69,1652,54,220.00,58.86,45.50,4368,257104
356,356,*NOUSE*,*NOUSE*,0,0,0,0,0,0,0,0
357,357,*NOUSE*,*NOUSE*,0,0,0,0,0,0,0,0
358,358,M4,,68,1433,71,195.00,64.72,36.40,4707,304644
359,359,*NOUSE*,*NOUSE*,0,0,0,0,0,0,0,0
360,360,*NOUSE*,*NOUSE*,0,0,0,0,0,0,0,0
361,361,hyp9,,68,133,87,91.00,31.61,16.29,3931,124261
362,362,DVC,,69,295,86,148.00,63.34,27.22,3415,216307
363,363,F,,69,315,90,168.00,62.44,33.45,3800,237259
364,364,*NOUSE*,*NOUSE*,0,0,0,0,0,0,0,0
365,365,hyp71,,69,223,93,122.00,35.88,21.82,4298,154197
366,366,B,,69,292,101,123.00,45.16,23.29,4138,186859
367,367,*NOUSE*,*NOUSE*,0,0,0,0,0,0,0,0
368,368,hyp2V,,70,1612,106,191.00,54.53,39.30,4767,259936
369,369,*NOUSE*,*NOUSE*,0,0,0,0,0,0,0,0
370,370,DD2,,70,1006,118,157.00,46.78,34.91,3749,175394
371,371,DA4,,70,867,119,171.00,45.50,35.74,4182,190273
372,372,*NOUSE*,*NOUSE*,0,0,0,0,0,0,0,0
373,373,hyp32,,71,1629,54,204.00,63.57,46.80,4195,266677
374,374,*NOUSE*,*NOUSE*,0,0,0,0,0,0,0,0
375,375,DB7,,70,475,109,156.00,43.57,32.95,4609,200827
376,376,DD5,,70,504,108,189.00,50.29,39.07,3572,179638
377,377,*NOUSE*,*NOUSE*,0,0,0,0,0,0,0,0
378,378,*NOUSE*,*NOUSE*,0,0,0,0,0,0,0,0
379,379,e2D,,70,1661,65,158.00,46.34,32.53,5036,233355
380,380,hyp4D,,71,1712,63,156.00,45.49,32.81,5108,232371
381,381,*NOUSE*,*NOUSE*,0,0,0,0,0,0,0,0
382,382,*NOUSE*,*NOUSE*,0,0,0,0,0,0,0,0
383,383,*NOUSE*,*NOUSE*,0,0,0,0,0,0,0,0
384,384,*NOUSE*,*NOUSE*,0,0,0,0,0,0,0,0
385,385,hyp102,,69,83,83,87.00,32.40,16.69,3182,103088
386,386,inV4,,71,865,102,54.00,22.77, 8.55,5551,126390
387,387,hyp4V2,,71,1656,103,187.00,51.38,39.29,4751,244099
388,388,*NOUSE*,*NOUSE*,0,0,0,0,0,0,0,0
389,389,*NOUSE*,*NOUSE*,0,0,0,0,0,0,0,0
390,390,*NOUSE*,*NOUSE*,0,0,0,0,0,0,0,0
391,391,*NOUSE*,*NOUSE*,0,0,0,0,0,0,0,0
392,392,*NOUSE*,*NOUSE*,0,0,0,0,0,0,0,0
393,393,*NOUSE*,*NOUSE*,0,0,0,0,0,0,0,0
394,394,*NOUSE*,*NOUSE*,0,0,0,0,0,0,0,0
395,395,*NOUSE*,*NOUSE*,0,0,0,0,0,0,0,0
396,396,*NOUSE*,*NOUSE*,0,0,0,0,0,0,0,0
397,397,inD5,,74,819,69,57.00,23.34, 9.42,7647,178506
398,398,*NOUSE*,*NOUSE*,0,0,0,0,0,0,0,0
399,399,PVR,,72,207,74,114.00,35.99,21.89,4048,145680
400,400,*NOUSE*,*NOUSE*,0,0,0,0,0,0,0,0
401,401,I5,,73,1226,90,165.00,55.98,31.18,3494,195602
402,402,*NOUSE*,*NOUSE*,0,0,0,0,0,0,0,0
403,403,*NOUSE*,*NOUSE*,0,0,0,0,0,0,0,0
404,404,*NOUSE*,*NOUSE*,0,0,0,0,0,0,0,0
405,405,*NOUSE*,*NOUSE*,0,0,0,0,0,0,0,0
406,406,*NOUSE*,*NOUSE*,0,0,0,0,0,0,0,0
407,407,*NOUSE*,*NOUSE*,0,0,0,0,0,0,0,0
408,408,*NOUSE*,*NOUSE*,0,0,0,0,0,0,0,0
409,409,ILsoDR,,74,1590,55,230.00,76.07,52.22,3780,287552
410,410,*NOUSE*,*NOUSE*,0,0,0,0,0,0,0,0
411,411,PHsHR,,74,260,81,159.00,52.02,33.62,3967,206371
412,412,PLMR,,76,242,88,143.00,42.67,28.84,4337,185075
413,413,AIAR,,73,1300,95,174.00,79.34,39.22,3226,255953
414,414,*NOUSE*,*NOUSE*,0,0,0,0,0,0,0,0
415,415,*NOUSE*,*NOUSE*,0,0,0,0,0,0,0,0
416,416,*NOUSE*,*NOUSE*,0,0,0,0,0,0,0,0
417,417,*NOUSE*,*NOUSE*,0,0,0,0,0,0,0,0
418,418,IL2VR,,75,1439,111,176.00,66.46,40.94,2944,195648
419,419,*NOUSE*,*NOUSE*,0,0,0,0,0,0,0,0
420,420,IL2DR,,77,1447,51,210.00,67.16,42.37,4747,318822
421,421,inD2,,76,1038,61,62.00,23.76, 9.33,7345,174504
422,422,*NOUSE*,*NOUSE*,0,0,0,0,0,0,0,0
423,423,*NOUSE*,*NOUSE*,0,0,0,0,0,0,0,0
424,424,inV9,,74,395,96,82.00,32.77,14.46,4860,159267
425,425,*NOUSE*,*NOUSE*,0,0,0,0,0,0,0,0
426,426,*NOUSE*,*NOUSE*,0,0,0,0,0,0,0,0
427,427,inDR1,,78,1097,52,91.00,28.86,13.83,7210,208051
428,428,URXR,,76,1354,52,177.00,84.12,38.25,3183,267753
429,429,g1P,,78,1172,57,120.00,37.38,20.66,5533,206851
430,430,*NOUSE*,*NOUSE*,0,0,0,0,0,0,0,0
431,431,GLRDR,,74,1369,60,227.00,88.80,50.41,2831,251402
432,432,*NOUSE*,*NOUSE*,0,0,0,0,0,0,0,0
433,433,*NOUSE*,*NOUSE*,0,0,0,0,0,0,0,0
434,434,I1R,,76,1519,91,212.00,70.03,42.77,3571,250060
435,435,*NOUSE*,*NOUSE*,0,0,0,0,0,0,0,0
436,436,*NOUSE*,*NOUSE*,0,0,0,0,0,0,0,0
437,437,*NOUSE*,*NOUSE*,0,0,0,0,0,0,0,0
438,438,*NOUSE*,*NOUSE*,0,0,0,0,0,0,0,0
439,439,*NOUSE*,*NOUSE*,0,0,0,0,0,0,0,0
440,440,*NOUSE*,*NOUSE*,0,0,0,0,0,0,0,0
441,441,*NOUSE*,*NOUSE*,0,0,0,0,0,0,0,0
442,442,*NOUSE*,*NOUSE*,0,0,0,0,0,0,0,0
443,443,*NOUSE*,*NOUSE*,0,0,0,0,0,0,0,0
444,444,ASIR,,79,1293,52,152.00,59.20,31.45,4307,254980
445,445,mc2DR,,76,1271,61,164.00,57.65,27.68,4416,254593
446,446,*NOUSE*,*NOUSE*,0,0,0,0,0,0,0,0
447,447,*NOUSE*,*NOUSE*,0,0,0,0,0,0,0,0
448,448,*NOUSE*,*NOUSE*,0,0,0,0,0,0,0,0
449,449,*NOUSE*,*NOUSE*,0,0,0,0,0,0,0,0
450,450,*NOUSE*,*NOUSE*,0,0,0,0,0,0,0,0
451,451,*NOUSE*,*NOUSE*,0,0,0,0,0,0,0,0
452,452,ALNR,,77,273,73,160.00,54.74,35.19,3362,184044
453,453,*NOUSE*,*NOUSE*,0,0,0,0,0,0,0,0
454,454,*NOUSE*,*NOUSE*,0,0,0,0,0,0,0,0
455,455,*NOUSE*,*NOUSE*,0,0,0,0,0,0,0,0
456,456,*NOUSE*,*NOUSE*,0,0,0,0,0,0,0,0
457,457,*NOUSE*,*NOUSE*,0,0,0,0,0,0,0,0
458,458,*NOUSE*,*NOUSE*,0,0,0,0,0,0,0,0
459,459,PVT,,76,376,105,154.00,49.86,30.99,4895,244068
460,460,VR15,,79,814,111,143.00,45.05,30.15,3736,168296
461,461,*NOUSE*,*NOUSE*,0,0,0,0,0,0,0,0
462,462,*NOUSE*,*NOUSE*,0,0,0,0,0,0,0,0
463,463,*NOUSE*,*NOUSE*,0,0,0,0,0,0,0,0
464,464,mc1DR,,79,1500,70,169.00,71.83,32.87,3143,225754
465,465,*NOUSE*,*NOUSE*,0,0,0,0,0,0,0,0
466,466,pm2VR1,,79,1632,89,196.00,59.41,44.75,5349,317794
467,467,*NOUSE*,*NOUSE*,0,0,0,0,0,0,0,0
468,468,*NOUSE*,*NOUSE*,0,0,0,0,0,0,0,0
469,469,pm2VR2,,79,1614,90,191.00,55.12,41.18,3051,168175
470,470,GLRVR,,77,1356,94,221.00,75.96,46.25,3194,242632
471,471,*NOUSE*,*NOUSE*,0,0,0,0,0,0,0,0
472,472,*NOUSE*,*NOUSE*,0,0,0,0,0,0,0,0
473,473,*NOUSE*,*NOUSE*,0,0,0,0,0,0,0,0
474,474,g2R,,77,1177,89,167.00,53.84,35.35,4317,232433
475,475,AVKR,,77,1249,95,192.00,73.12,36.51,2911,212838
476,476,RIVR,,79,1274,45,197.00,70.47,42.48,4261,300288
477,477,pm5DR,,78,1251,48,174.00,61.74,33.27,3112,192147
478,478,*NOUSE*,*NOUSE*,0,0,0,0,0,0,0,0
479,479,ASKR,,79,1337,49,152.00,61.32,30.81,4223,258946
480,480,DR16,,79,747,55,128.00,40.98,27.38,4420,181124
481,481,DR19,,80,508,59,147.00,43.31,30.13,5319,230351
482,482,*NOUSE*,*NOUSE*,0,0,0,0,0,0,0,0
483,483,e2VR,,79,1665,88,150.00,45.94,34.70,5151,236638
484,484,*NOUSE*,*NOUSE*,0,0,0,0,0,0,0,0
485,485,*NOUSE*,*NOUSE*,0,0,0,0,0,0,0,0
486,486,*NOUSE*,*NOUSE*,0,0,0,0,0,0,0,0
487,487,PVCR,,79,280,87,138.00,50.17,31.71,3939,197634
488,488,*NOUSE*,*NOUSE*,0,0,0,0,0,0,0,0
489,489,PHAR,,79,301,98,145.00,49.71,29.57,3995,198584
490,490,*NOUSE*,*NOUSE*,0,0,0,0,0,0,0,0
491,491,URAVR,,77,1417,107,190.00,74.47,42.93,2954,219988
492,492,*NOUSE*,*NOUSE*,0,0,0,0,0,0,0,0
493,493,*NOUSE*,*NOUSE*,0,0,0,0,0,0,0,0
494,494,*NOUSE*,*NOUSE*,0,0,0,0,0,0,0,0
495,495,*NOUSE*,*NOUSE*,0,0,0,0,0,0,0,0
496,496,*NOUSE*,*NOUSE*,0,0,0,0,0,0,0,0
497,497,*NOUSE*,*NOUSE*,0,0,0,0,0,0,0,0
498,498,*NOUSE*,*NOUSE*,0,0,0,0,0,0,0,0
499,499,pm1R,,80,1505,81,235.00,76.76,45.08,2544,195289
500,500,LUAR,,80,288,77,172.00,63.07,39.95,3387,213628
501,501,*NOUSE*,*NOUSE*,0,0,0,0,0,0,0,0
502,502,DA9,,80,338,102,128.00,48.50,28.19,4755,230600
503,503,VR11,,81,1045,110,137.00,38.38,24.61,4402,168948
504,504,DR11,,81,1072,40,128.00,38.52,24.47,5655,217826
505,505,*NOUSE*,*NOUSE*,0,0,0,0,0,0,0,0
506,506,*NOUSE*,*NOUSE*,0,0,0,0,0,0,0,0
507,507,DR17,,81,675,62,142.00,41.15,27.17,4324,177938
508,508,NSMR,,82,1461,92,182.00,59.47,38.52,3722,221362
509,509,repVR,,84,339,87,133.00,41.84,26.24,4626,193536
510,510,*NOUSE*,*NOUSE*,0,0,0,0,0,0,0,0
511,511,*NOUSE*,*NOUSE*,0,0,0,0,0,0,0,0
512,512,VR9,,80,1153,106,128.00,46.38,28.31,4263,197729
513,513,*NOUSE*,*NOUSE*,0,0,0,0,0,0,0,0
514,514,*NOUSE*,*NOUSE*,0,0,0,0,0,0,0,0
515,515,VR17,,81,630,109,151.00,42.05,26.99,5080,213617
516,516,*NOUSE*,*NOUSE*,0,0,0,0,0,0,0,0
517,517,*NOUSE*,*NOUSE*,0,0,0,0,0,0,0,0
518,518,*NOUSE*,*NOUSE*,0,0,0,0,0,0,0,0
519,519,*NOUSE*,*NOUSE*,0,0,0,0,0,0,0,0
520,520,*NOUSE*,*NOUSE*,0,0,0,0,0,0,0,0
521,521,*NOUSE*,*NOUSE*,0,0,0,0,0,0,0,0
522,522,*NOUSE*,*NOUSE*,0,0,0,0,0,0,0,0
523,523,GLRR,,82,1357,84,209.00,73.47,40.10,2938,215863
524,524,CEPsoVR,,82,1433,103,213.00,74.07,42.51,2768,205023
525,525,RIS,,83,1235,102,171.00,54.87,31.73,3730,204671
526,526,*NOUSE*,*NOUSE*,0,0,0,0,0,0,0,0
527,527,*NOUSE*,*NOUSE*,0,0,0,0,0,0,0,0
528,528,VR7,,82,1269,106,138.00,47.73,25.42,3669,175123
529,529,*NOUSE*,*NOUSE*,0,0,0,0,0,0,0,0
530,530,*NOUSE*,*NOUSE*,0,0,0,0,0,0,0,0
531,531,CEPDR,,82,1368,47,189.00,64.46,40.11,4032,259912
532,532,RIPR,,84,1418,77,158.00,63.12,32.63,3572,225447
533,533,*NOUSE*,*NOUSE*,0,0,0,0,0,0,0,0
534,534,pm4R,,85,1478,78,188.00,64.83,37.01,3554,230419
535,535,*NOUSE*,*NOUSE*,0,0,0,0,0,0,0,0
536,536,*NOUSE*,*NOUSE*,0,0,0,0,0,0,0,0
537,537,EXC GL R,,83,1212,105,147.00,48.86,30.99,4267,208492
538,538,*NOUSE*,*NOUSE*,0,0,0,0,0,0,0,0
539,539,SMBDR,,82,1303,102,169.00,66.02,35.57,3111,205392
540,540,*NOUSE*,*NOUSE*,0,0,0,0,0,0,0,0
541,541,VR14,,85,863,110,126.00,38.02,24.83,5130,195049
542,542,*NOUSE*,*NOUSE*,0,0,0,0,0,0,0,0
543,543,VR10,,82,1114,107,108.00,37.44,21.51,3896,145869
544,544,VR5,,82,1384,108,131.00,48.21,28.70,3304,159295
545,545,*NOUSE*,*NOUSE*,0,0,0,0,0,0,0,0
546,546,*NOUSE*,*NOUSE*,0,0,0,0,0,0,0,0
547,547,M1,,83,1215,49,166.00,50.61,34.49,4419,223632
548,548,*NOUSE*,*NOUSE*,0,0,0,0,0,0,0,0
549,549,ADFR,,85,1330,61,149.00,63.85,30.74,3084,196908
550,550,AWAR,,84,1311,64,165.00,59.03,30.25,3993,235690
551,551,*NOUSE*,*NOUSE*,0,0,0,0,0,0,0,0
552,552,ARCpDR,,84,1524,70,176.00,58.27,35.85,3836,223518
553,553,PHBR,,83,298,85,131.00,47.53,30.18,4189,199115
554,554,AVL,,85,1305,86,151.00,59.80,30.63,3581,214144
555,555,*NOUSE*,*NOUSE*,0,0,0,0,0,0,0,0
556,556,iMR,,85,393,99,129.00,39.95,23.39,5988,239207
557,557,mc3DR,,87,1190,61,141.00,43.19,26.60,4049,174867
558,558,*NOUSE*,*NOUSE*,0,0,0,0,0,0,0,0
559,559,*NOUSE*,*NOUSE*,0,0,0,0,0,0,0,0
560,560,*NOUSE*,*NOUSE*,0,0,0,0,0,0,0,0
561,561,*NOUSE*,*NOUSE*,0,0,0,0,0,0,0,0
562,562,URYDR,,86,1416,63,196.00,79.05,43.07,3504,276985
563,563,*NOUSE*,*NOUSE*,0,0,0,0,0,0,0,0
564,564,M2R,,85,1238,74,200.00,73.95,39.84,3167,234199
565,565,*NOUSE*,*NOUSE*,0,0,0,0,0,0,0,0
566,566,AVER,,86,1346,77,172.00,65.23,34.60,3128,204026
567,567,*NOUSE*,*NOUSE*,0,0,0,0,0,0,0,0
568,568,*NOUSE*,*NOUSE*,0,0,0,0,0,0,0,0
569,569,AIBR,,86,1326,77,170.00,65.30,33.32,3301,215552
570,570,pm7VR,,87,1189,81,123.00,42.00,20.98,4730,198665
571,571,PVQR,,82,316,89,144.00,47.42,30.73,4396,208475
572,572,V5R,,85,536,86,102.00,31.70,15.96,5638,178724
573,573,CEPshVR,,87,1391,95,179.00,56.45,35.05,3418,192934
574,574,RMDDR,,85,1345,102,204.00,76.93,40.58,2477,190556
575,575,*NOUSE*,*NOUSE*,0,0,0,0,0,0,0,0
576,576,*NOUSE*,*NOUSE*,0,0,0,0,0,0,0,0
577,577,*NOUSE*,*NOUSE*,0,0,0,0,0,0,0,0
578,578,DR4,,87,1471,54,153.00,53.15,29.37,5311,282256
579,579,*NOUSE*,*NOUSE*,0,0,0,0,0,0,0,0
580,580,hyp1R,,87,1511,65,191.00,68.25,42.49,3732,254705
581,581,RIAR,,86,1350,57,171.00,65.09,32.91,3374,219603
582,582,CEPshDR,,87,1400,67,178.00,60.68,33.69,3807,231012
583,583,ARCaDR,,89,1564,72,192.00,55.93,39.45,4358,243744
584,584,*NOUSE*,*NOUSE*,0,0,0,0,0,0,0,0
585,585,AIZR,,87,1258,78,176.00,70.92,34.15,3237,229578
586,586,OLQsOVR,,86,1527,94,193.00,65.95,39.06,3840,253240
587,587,HSNR,,87,743,101,141.00,41.82,30.62,4446,185932
588,588,*NOUSE*,*NOUSE*,0,0,0,0,0,0,0,0
589,589,*NOUSE*,*NOUSE*,0,0,0,0,0,0,0,0
590,590,AMsoR,,86,1545,71,167.00,52.29,33.58,4563,238598
591,591,*NOUSE*,*NOUSE*,0,0,0,0,0,0,0,0
592,592,RIBR,,88,1295,70,152.00,60.58,31.01,4004,242579
593,593,*NOUSE*,*NOUSE*,0,0,0,0,0,0,0,0
594,594,*NOUSE*,*NOUSE*,0,0,0,0,0,0,0,0
595,595,*NOUSE*,*NOUSE*,0,0,0,0,0,0,0,0
596,596,SIBVR,,87,1333,92,177.00,81.01,36.53,2589,209728
597,597,AIYR,,85,1258,94,180.00,74.63,37.76,2905,216809
598,598,CCRA,,88,1057,102,174.00,46.34,35.54,3717,172229
599,599,CCRP,,88,1030,104,140.00,42.38,30.38,4101,173808
600,600,*NOUSE*,*NOUSE*,0,0,0,0,0,0,0,0
601,601,*NOUSE*,*NOUSE*,0,0,0,0,0,0,0,0
602,602,*NOUSE*,*NOUSE*,0,0,0,0,0,0,0,0
603,603,*NOUSE*,*NOUSE*,0,0,0,0,0,0,0,0
604,604,RIMR,,88,1279,80,164.00,61.91,31.55,3356,207785
605,605,*NOUSE*,*NOUSE*,0,0,0,0,0,0,0,0
606,606,VR1,,87,1576,96,116.00,43.22,23.27,2817,121750
607,607,VR4,,88,1449,101,140.00,50.08,25.89,3838,192191
608,608,ILsHR,,88,1512,93,187.00,64.87,38.81,3596,233259
609,609,OLQshVR,,87,1497,98,202.00,77.28,43.14,2605,201323
610,610,DR8,,90,1185,41,107.00,35.90,19.70,5351,192093
611,611,*NOUSE*,*NOUSE*,0,0,0,0,0,0,0,0
612,612,*NOUSE*,*NOUSE*,0,0,0,0,0,0,0,0
613,613,AVBR,,86,1276,62,165.00,70.11,29.87,3107,217823
614,614,ILsHDR,,90,1489,64,210.00,64.46,39.39,4022,259251
615,615,*NOUSE*,*NOUSE*,0,0,0,0,0,0,0,0
616,616,*NOUSE*,*NOUSE*,0,0,0,0,0,0,0,0
617,617,CANR,,90,813,80,120.00,40.08,26.32,4755,190601
618,618,*NOUSE*,*NOUSE*,0,0,0,0,0,0,0,0
619,619,ILsoR,,88,1543,90,183.00,56.80,37.82,4964,281976
620,620,*NOUSE*,*NOUSE*,0,0,0,0,0,0,0,0
621,621,*NOUSE*,*NOUSE*,0,0,0,0,0,0,0,0
622,622,ALMR,,92,887,63,141.00,42.51,29.04,4937,209883
623,623,ARCpVR,,90,1564,83,180.00,53.18,38.40,4393,233633
624,624,*NOUSE*,*NOUSE*,0,0,0,0,0,0,0,0
625,625,IL1R,,92,1447,88,177.00,56.51,37.91,4096,231468
626,626,*NOUSE*,*NOUSE*,0,0,0,0,0,0,0,0
627,627,ADEshR,,91,1159,88,144.00,46.77,31.39,3049,142600
628,628,*NOUSE*,*NOUSE*,0,0,0,0,0,0,0,0
629,629,*NOUSE*,*NOUSE*,0,0,0,0,0,0,0,0
630,630,*NOUSE*,*NOUSE*,0,0,0,0,0,0,0,0
631,631,AVHR,,92,1282,51,166.00,62.31,33.53,4712,293627
632,632,*NOUSE*,*NOUSE*,0,0,0,0,0,0,0,0
633,633,SMDVR,,90,1369,62,172.00,56.71,36.08,3264,185104
634,634,hyp5R,,90,1613,77,112.00,36.72,20.58,5834,214216
635,635,P7/8R,,89,642,101,108.00,35.51,19.82,4991,177237
636,636,AWBR,,93,1319,57,172.00,61.05,33.18,4455,271990
637,637,RMDVR,,93,1382,76,140.00,48.88,29.17,3973,194219
638,638,*NOUSE*,*NOUSE*,0,0,0,0,0,0,0,0
639,639,*NOUSE*,*NOUSE*,0,0,0,0,0,0,0,0
640,640,BDUR,,93,1075,86,156.00,42.68,31.59,3944,168320
641,641,*NOUSE*,*NOUSE*,0,0,0,0,0,0,0,0
642,642,AVJR,,94,1260,62,170.00,58.96,32.45,4408,259877
643,643,*NOUSE*,*NOUSE*,0,0,0,0,0,0,0,0
644,644,*NOUSE*,*NOUSE*,0,0,0,0,0,0,0,0
645,645,*NOUSE*,*NOUSE*,0,0,0,0,0,0,0,0
646,646,ADAR,,95,1226,91,162.00,50.38,34.95,4123,207735
647,647,SIBDR,,94,1344,91,157.00,61.20,36.23,3846,235384
648,648,RMDR,,93,1361,90,182.00,60.72,35.89,3537,214782
649,649,V2R,,93,953,92,101.00,29.73,15.66,4618,137291
650,650,*NOUSE*,*NOUSE*,0,0,0,0,0,0,0,0
651,651,*NOUSE*,*NOUSE*,0,0,0,0,0,0,0,0
652,652,AVAR,,94,1359,76,164.00,56.64,32.61,3615,204760
653,653,OLLshR,,93,1495,88,213.00,61.95,44.70,4453,275879
654,654,FLPR,,96,1248,86,152.00,53.97,32.29,3965,214004
655,655,*NOUSE*,*NOUSE*,0,0,0,0,0,0,0,0
656,656,V3R,,93,833,96,87.00,28.41,13.37,5056,143642
657,657,V4R,,93,705,100,79.00,28.37,13.33,6109,173316
658,658,*NOUSE*,*NOUSE*,0,0,0,0,0,0,0,0
659,659,P1/2R,,94,992,100,113.00,34.30,19.28,4896,167917
660,660,*NOUSE*,*NOUSE*,0,0,0,0,0,0,0,0
661,661,*NOUSE*,*NOUSE*,0,0,0,0,0,0,0,0
662,662,AFDR,,95,1338,68,135.00,51.53,27.24,4627,238444
663,663,*NOUSE*,*NOUSE*,0,0,0,0,0,0,0,0
664,664,*NOUSE*,*NOUSE*,0,0,0,0,0,0,0,0
665,665,OLQshDR,,94,1497,72,182.00,55.37,38.71,4417,244553
666,666,hyp7RC1,,95,1085,70,69.00,25.65,11.35,5853,150131
667,667,*NOUSE*,*NOUSE*,0,0,0,0,0,0,0,0
668,668,*NOUSE*,*NOUSE*,0,0,0,0,0,0,0,0
669,669,*NOUSE*,*NOUSE*,0,0,0,0,0,0,0,0
670,670,H0R,,94,1522,82,114.00,42.62,22.54,5439,231826
671,671,ADER,,95,1235,82,168.00,56.49,35.49,3607,203744
672,672,XXXR,,95,1470,88,178.00,50.13,32.06,4867,244002
673,673,*NOUSE*,*NOUSE*,0,0,0,0,0,0,0,0
674,674,RICR,,96,1265,88,146.00,55.92,31.10,3607,201706
675,675,RMGR,,95,1208,91,136.00,45.77,30.59,4263,195127
676,676,*NOUSE*,*NOUSE*,0,0,0,0,0,0,0,0
677,677,ASER,,98,1291,65,116.00,44.80,20.78,4329,193934
678,678,AINR,,96,1246,69,156.00,51.98,29.75,4602,239204
679,679,*NOUSE*,*NOUSE*,0,0,0,0,0,0,0,0
680,680,V1R,,96,1045,85,87.00,29.28,14.67,5241,153479
681,681,*NOUSE*,*NOUSE*,0,0,0,0,0,0,0,0
682,682,ASHR,,98,1316,71,130.00,47.93,25.54,4636,222208
683,683,AVDR,,98,1266,74,169.00,54.28,33.85,4281,232366
684,684,*NOUSE*,*NOUSE*,0,0,0,0,0,0,0,0
685,685,*NOUSE*,*NOUSE*,0,0,0,0,0,0,0,0
686,686,*NOUSE*,*NOUSE*,0,0,0,0,0,0,0,0
687,687,*NOUSE*,*NOUSE*,0,0,0,0,0,0,0,0
688,688,AWCR,,98,1332,83,119.00,48.31,26.02,4525,218611
689,689,*NOUSE*,*NOUSE*,0,0,0,0,0,0,0,0
690,690,ASJR,,98,1288,84,116.00,47.67,22.34,3920,186871
691,691,*NOUSE*,*NOUSE*,0,0,0,0,0,0,0,0
692,692,*NOUSE*,*NOUSE*,0,0,0,0,0,0,0,0
693,693,*NOUSE*,*NOUSE*,0,0,0,0,0,0,0,0
694,694,*NOUSE*,*NOUSE*,0,0,0,0,0,0,0,0
695,695,AUAR,,98,1310,87,145.00,51.43,29.56,4044,207998
696,696,*NOUSE*,*NOUSE*,0,0,0,0,0,0,0,0
697,697,*NOUSE*,*NOUSE*,0,0,0,0,0,0,0,0
698,698,*NOUSE*,*NOUSE*,0,0,0,0,0,0,0,0
699,699,*NOUSE*,*NOUSE*,0,0,0,0,0,0,0,0
700,700,ASGR,*MANUAL*,89,1304,46,159.00,94.24,20.09,895,84343
701,701,ADLR,*MANUAL*,78,1315,47,145.00,85.25,20.11,1365,116364
702,702,SAAVR,*MANUAL*,82,1361,67,199.00,121.93,28.81,895,109128
703,703,AVDL,*MANUAL*,40,1256,65,212.00,142.05,26.73,867,123156
704,704,AVJL,*MANUAL*,43,1257,51,237.00,148.38,35.11,895,132798
705,705,AFDL,*MANUAL*,45,1332,63,183.00,113.12,24.42,861,97399
706,706,SMDVL,*MANUAL*,48,1350,56,204.00,137.43,24.81,895,123000
707,707,RIAL,*MANUAL*,56,1342,60,206.00,144.45,20.85,895,129280
708,708,AIZL,*MANUAL*,48,1252,70,211.00,145.17,23.78,895,129923
709,709,RIBL,*MANUAL*,54,1286,65,203.00,127.39,28.41,889,113249
710,710,ADFL,*MANUAL*,53,1325,60,182.00,113.53,23.09,1365,154971
711,711,AVBL,*MANUAL*,52,1265,55,220.00,124.72,28.60,1365,170249
712,712,*NOUSE*,*NOUSE*,0,0,0,0,0,0,0,0
713,713,DB1,*MANUAL*,67,1171,113,156.00,75.50,30.79,1365,103061
714,714,DD1,*MANUAL*,61,1183,109,183.00,110.56,24.30,895,98947
715,715,SABD,*MANUAL*,75,1188,110,184.00,93.01,29.86,1365,126961
716,716,RIGL,*MANUAL*,58,1201,109,176.00,112.12,25.51,895,100351
717,717,AVG,*MANUAL*,69,1208,111,164.00,93.43,25.23,1365,127533
718,718,RIFL,*MANUAL*,61,1223,108,198.00,126.54,28.73,895,113257
719,719,RIFR,*MANUAL*,73,1226,107,183.00,118.72,27.78,895,106251
720,720,SABVL,*MANUAL*,65,1237,110,210.00,124.38,33.31,895,111317
721,721,SABVR,*MANUAL*,73,1245,110,194.00,111.56,37.77,895,99843
722,722,W,*MANUAL*$377$369,67,1281,110,170.00,48.80,28.62,3629,177081
723,723,EXC,*MANUAL*,65,1270,92,98.00,39.24,13.93,2040,80051
724,724,AIML,*MANUAL*,64,1252,94,221.00,125.12,31.93,889,111231
725,725,AIYL,*MANUAL*,54,1251,89,216.00,138.94,29.60,895,124350
726,726,AIMR,*MANUAL*,74,1263,93,190.00,119.49,24.70,895,106940
727,727,SMDDL,*MANUAL*,52,1322,101,205.00,123.18,28.62,895,110248
728,728,RMDDL,*MANUAL*,53,1343,97,204.00,141.90,26.60,843,119620
729,729,SAADL,*MANUAL*,61,1338,96,223.00,141.40,22.48,852,120474
730,730,SMBVL,*MANUAL*,62,1318,94,187.00,110.58,28.06,1363,150722
731,731,AIAL,*MANUAL*,62,1303,91,188.00,137.31,21.20,881,120966
732,732,SIADL,*MANUAL*,52,1305,88,217.00,140.16,25.90,895,125444
733,733,RIH,*MANUAL*,69,1334,100,182.00,129.02,20.49,886,114312
734,734,SMDDR,*MANUAL*,85,1320,101,181.00,106.38,22.42,895,95209
735,735,SAADR,*MANUAL*,79,1338,98,202.00,137.67,23.89,895,123212
736,736,SMBVR,*MANUAL*,73,1315,99,201.00,112.20,24.92,895,100421
737,737,SIAVR,*MANUAL*,79,1287,93,178.00,114.42,24.73,879,100578
738,738,SIADR,*MANUAL*,89,1288,96,171.00,103.89,21.87,895,92984
739,739,RIR,*MANUAL*,79,1323,90,184.00,113.81,23.29,895,101861
740,740,vpi3D,*MANUAL*,65,1148,59,155.00,90.64,24.20,879,79670
741,741,vpi1,*MANUAL*,72,1155,55,123.00,82.45,15.37,895,73792
742,742,vpi2DL,*MANUAL*$107$166,52,1160,66,203.00,57.14,40.55,4240,242259
743,743,vpi2DR,*MANUAL*,84,1158,77,166.00,97.04,26.14,895,86853
744,744,pm6D,*MANUAL*$394$408,71,1214,44,152.00,54.20,28.89,4228,229173
745,745,pm6VR,*MANUAL*$568$567,85,1218,79,151.00,44.08,23.71,4098,180650
746,746,g1aL,*MANUAL*$141$182,54,1229,59,204.00,67.27,37.10,4078,274339
747,747,pm5VR,*MANUAL*,77,1241,81,180.00,108.07,23.09,843,91106
748,748,pm5R,*MANUAL*$498$551,81,1250,65,157.00,59.91,28.17,3942,236170
749,749,pm5VL,*MANUAL*,68,1243,83,215.00,126.37,26.52,895,113104
750,750,mc2V,*MANUAL*$384$406,71,1269,79,151.00,52.68,28.28,4853,255640
751,751,H1R,*MANUAL*,96,1407,80,136.00,63.67,17.69,2001,127401
752,752,URBR,*MANUAL*,94,1441,79,189.00,113.59,24.54,879,99850
753,753,URYVR,*MANUAL*,87,1429,89,192.00,122.81,23.29,883,108445
754,754,BAGR,*MANUAL*,90,1407,91,155.00,98.40,17.77,861,84721
755,755,OLQVR,*MANUAL*,83,1411,97,182.00,111.91,26.03,895,100157
756,756,CEPVR,*MANUAL*,75,1397,105,197.00,130.33,21.88,895,116646
757,757,IL1VR,*MANUAL*,69,1428,108,225.00,144.97,27.70,895,129745
758,758,IL2R,*MANUAL*,95,1474,71,184.00,105.90,25.67,895,94779
759,759,OLLsOR,*MANUAL*,90,1463,66,215.00,123.14,38.33,895,110206
760,760,CEPSoDR,*MANUAL*,88,1449,65,227.00,120.78,39.16,895,108100
761,761,RMER,*MANUAL*,87,1401,78,193.00,112.43,22.72,895,100624
762,762,OLLR,*MANUAL*,86,1436,74,169.00,112.21,21.49,895,100424
763,763,URADR,*MANUAL*,84,1433,62,207.00,134.33,30.61,871,117003
764,764,IL1DR,*MANUAL*,75,1429,59,231.00,144.25,37.48,895,129102
765,765,OLQDR,*MANUAL*,75,1415,56,227.00,146.47,25.69,867,126986
766,766,RMED,*MANUAL*,70,1407,52,229.00,146.88,27.85,895,131458
767,767,IL1L,*MANUAL*,44,1444,82,230.00,149.83,30.80,895,134100
768,768,OLQshDL,*MANUAL*,43,1464,63,254.00,167.95,49.34,895,150312
769,769,OLLshL,*MANUAL*,39,1475,67,244.00,163.08,36.63,895,145959
770,770,IL1DL,*MANUAL*,61,1423,59,240.00,165.55,26.28,895,148171
771,771,OLQDL,*MANUAL*,59,1408,55,218.00,152.48,26.79,895,136473
772,772,hyp5L,*MANUAL*$90$74,48,1629,76,162.00,45.11,30.02,6080,274294
773,773,OLQsoDL,*MANUAL*,61,1558,56,246.00,144.41,57.08,1351,195098
774,774,OLQsoDR,*MANUAL*,74,1565,55,237.00,146.29,43.66,624,91283
775,775,hyp7D2,*MANUAL*$372$393,68,1339,35,136.00,46.25,22.35,4355,201425
776,776,hyp7D1,*MANUAL*$331$332,67,1435,41,136.00,51.00,23.28,4791,244321
777,777,hyp4V1,*MANUAL*$403$414,71,1694,101,186.00,47.30,35.90,4824,228193
778,778,ARCpV,*MANUAL*,63,1594,107,226.00,124.16,34.33,895,111121
779,779,hyp1V,*MANUAL*,71,1583,110,188.00,109.65,26.98,895,98138
780,780,ILsoVR,*MANUAL*,72,1556,109,216.00,121.30,43.74,895,108561
781,781,ILshVR,*MANUAL*,72,1531,111,227.00,141.42,30.49,875,123739
782,782,ILsoVL,*MANUAL*,63,1566,109,220.00,125.93,29.87,895,112704
783,783,ILshVL,*MANUAL*,59,1543,109,214.00,131.25,32.01,889,116677
784,784,hyp6V2,*MANUAL*$313$326,67,1488,114,145.00,48.87,25.21,4495,219652
785,785,*NOUSE*,*NOUSE*,0,0,0,0,0,0,0,0
786,786,hyp6V1,*MANUAL*$785$391,67,1542,117,191.00,73.09,32.39,1925,140693
787,787,M3R,*MANUAL*,78,1435,90,203.00,125.37,30.74,895,112205
788,788,MI,*MANUAL*,69,1477,55,254.00,178.08,34.20,744,132493
789,789,*NOUSE*,*NOUSE*,0,0,0,0,0,0,0,0
790,790,pm4DR,*MANUAL*$789$497,77,1480,59,213.00,92.73,42.06,1947,180550
791,791,pm4VR,*MANUAL*$457$458,74,1474,100,176.00,56.91,31.85,3996,227428
792,792,pm4DL,*MANUAL*,60,1477,56,228.00,129.01,31.16,895,115466
793,793,I2L,*MANUAL*,51,1482,87,240.00,160.76,34.42,865,139061
794,794,MCL,*MANUAL*,59,1484,83,249.00,158.93,49.12,895,142242
795,795,MCR,*MANUAL*,78,1482,85,212.00,128.43,36.33,889,114170
796,796,I2R,*MANUAL*,84,1477,93,222.00,135.19,31.41,895,120992
797,797,pm1VR,*MANUAL*,77,1498,93,248.00,153.59,39.01,895,137466
798,798,pm1DL,*MANUAL*,68,1501,63,250.00,188.71,36.58,719,135682
799,799,pm1DR,*MANUAL*,69,1494,58,249.00,162.55,44.42,895,145478
800,800,pm1L,*MANUAL*,52,1500,79,254.00,176.74,52.79,895,158179
801,801,pm1VL,*MANUAL*,57,1498,90,253.00,164.78,46.30,895,147482
802,802,e3D,*MANUAL*,68,1529,65,165.00,83.80,27.67,895,75001
803,803,pm3L,*MANUAL*$147$148$244,56,1534,82,194.00,61.96,36.53,4559,282486
804,804,pm3R,*MANUAL*$422$435,76,1540,87,154.00,56.51,31.43,3799,214676
805,805,pm3DR,*MANUAL*$400$405,72,1553,71,137.00,48.18,24.88,4295,206950
806,806,e3VL,*MANUAL*,56,1555,88,186.00,89.29,41.49,895,79912
807,807,E3VR,*MANUAL*$471$510,78,1554,94,165.00,57.24,34.43,4434,253802
808,808,*NOUSE*,*NOUSE*,0,0,0,0,0,0,0,0
809,809,pm3VL,*MANUAL*$808$275,60,1579,91,188.00,54.45,28.55,2991,162871
810,810,*NOUSE*,*NOUSE*,0,0,0,0,0,0,0,0
811,811,*NOUSE*,*NOUSE*,0,0,0,0,0,0,0,0
812,812,pm3VR,*MANUAL*$811$810,74,1579,93,147.00,61.36,26.04,1788,109708
813,813,*NOUSE*,*NOUSE*,0,0,0,0,0,0,0,0
814,814,*NOUSE*,*NOUSE*,0,0,0,0,0,0,0,0
815,815,pm3DL,*MANUAL*$814$813,62,1577,66,176.00,74.80,29.64,1686,126112
816,816,e1D,*MANUAL*,70,1582,63,208.00,109.80,36.56,895,98273
817,817,e1VL,*MANUAL*,56,1595,88,234.00,139.66,43.10,895,124996
818,818,e1VR,*MANUAL*,78,1594,90,211.00,123.62,35.73,895,110644
819,819,pm2D2,*MANUAL*,68,1610,63,217.00,114.36,42.59,895,102349
820,820,pm2D1,*MANUAL*,68,1630,63,207.00,116.20,38.05,895,104000
821,821,*NOUSE*,*NOUSE*,0,0,0,0,0,0,0,0
822,822,pm2VL2,*MANUAL*$821$212,57,1616,88,233.00,80.98,55.93,2395,193956
823,823,pm2VL1,*MANUAL*,58,1634,89,248.00,147.08,45.99,895,131636
824,824,DR1,*MANUAL*$560$561,85,1596,66,144.00,44.02,26.76,5408,238087
825,825,DR2,*MANUAL*,81,1565,59,209.00,102.11,32.13,1365,139379
826,826,DR3,*MANUAL*$496$494,79,1524,53,142.00,52.51,30.46,4428,232522
827,827,DR5,*MANUAL*$520$521,80,1398,45,154.00,54.42,28.99,5242,285281
828,828,DR6,*MANUAL*$630$602,88,1405,52,135.00,51.33,23.02,4235,217395
829,829,DR7,*MANUAL*$519$545,81,1257,33,133.00,51.36,25.20,5141,264046
830,830,DR9,*MANUAL*$493$530,81,1159,39,142.00,42.90,25.68,4968,213105
831,831,DR10,*MANUAL*$611$612,88,1131,43,104.00,35.90,19.77,5604,201185
832,832,DR12,*MANUAL*$577$588$601,86,996,50,151.00,40.16,25.58,4917,197487
833,833,DR13,*MANUAL*$462$463,79,948,49,144.00,41.34,27.72,5403,223381
834,834,DR14,*MANUAL*$546$579,84,883,54,155.00,41.75,27.56,4805,200616
835,835,DR15,*MANUAL*$478$505,81,833,52,157.00,42.43,29.67,4875,206838
836,836,DR18,*MANUAL*$447$446,77,605,58,141.00,41.49,27.26,4922,204224
837,837,DR20,*MANUAL*$430$432,76,430,60,129.00,40.86,25.88,4150,169570
838,838,DR21,*MANUAL*$448$450$449,75,333,65,121.00,48.06,23.87,3256,156499
839,839,DL20,*MANUAL*$271$272$282,61,360,67,127.00,41.27,23.68,3914,161539
840,840,DL18,*MANUAL*$237$259,60,528,59,170.00,45.65,32.68,5065,231197
841,841,DL17,*MANUAL*$238$258,60,622,61,174.00,45.38,31.51,4707,213602
842,842,DL16,*MANUAL*$239$269,59,699,62,152.00,43.99,30.52,4225,185874
843,843,DL14,*MANUAL*$209$207,58,848,54,158.00,44.70,31.33,5164,230852
844,844,DL13,*MANUAL*$235$256,61,903,52,151.00,44.54,31.25,4928,219484
845,845,DL12,*MANUAL*$179$180,56,966,48,151.00,43.03,29.97,6007,258478
846,846,DL11,*MANUAL*$196$221,57,1029,47,150.00,44.60,29.27,4963,221339
847,847,DL10,*MANUAL*$161$219,56,1076,39,144.00,43.80,31.10,6153,269482
848,848,DL8,*MANUAL*$137$119,53,1177,37,155.00,45.18,29.88,5239,236699
849,849,DL7,*MANUAL*,61,1267,31,192.00,97.78,35.78,895,87516
850,850,*NOUSE*,*NOUSE*,0,0,0,0,0,0,0,0
851,851,*NOUSE*,*NOUSE*,0,0,0,0,0,0,0,0
852,852,HMC,*MANUAL*$851$850$350,69,1244,32,172.00,61.80,33.25,3596,222240
853,853,DL6,*MANUAL*$70$71,47,1378,52,209.00,59.74,39.86,4888,291994
854,854,DL5,*MANUAL*$195$204,55,1398,45,173.00,60.42,33.17,4901,296108
855,855,DL3,*MANUAL*$181$163,54,1519,52,186.00,60.08,37.17,4477,268990
856,856,*NOUSE*,*NOUSE*,0,0,0,0,0,0,0,0
857,857,DL2,*MANUAL*$856$140,51,1551,60,191.00,73.08,41.16,2583,188757
858,858,VL1,*MANUAL*$76$75,47,1574,92,160.00,57.55,32.40,4559,262352
859,859,VL2,*MANUAL*$104$134,51,1554,105,158.00,54.61,29.08,4603,251358
860,860,VL3,*MANUAL*$118$136,52,1503,106,174.00,53.13,31.87,4710,250236
861,861,CEPVL,*MANUAL*,63,1393,104,213.00,136.47,26.08,773,105495
862,862,*NOUSE*,*NOUSE*,0,0,0,0,0,0,0,0
863,863,VL5,*MANUAL*$862$194,55,1389,108,177.00,68.15,36.27,2705,184349
864,864,VL8,*MANUAL*$116$133,51,1183,102,151.00,46.38,28.46,4187,194195
865,865,*NOUSE*,*NOUSE*,0,0,0,0,0,0,0,0
866,866,VL10,*MANUAL*$865$96,49,1114,101,157.00,53.59,32.48,2541,136183
867,867,VL11,*MANUAL*$252$232,60,996,111,168.00,44.33,28.75,4030,178645
868,868,VL12,*MANUAL*$105$135,52,954,104,165.00,41.40,28.95,4824,199696
869,869,VL13,*MANUAL*$265$277,61,893,113,151.00,43.21,29.69,3988,172328
870,870,VL15,*MANUAL*$217$218,58,779,110,178.00,48.32,32.63,4023,194374
871,871,VL16,*MANUAL*$268$266,60,689,112,143.00,43.42,28.58,5593,242828
872,872,VL17,*MANUAL*$250$262,60,552,105,164.00,42.48,29.12,4547,193169
873,873,VL19,*MANUAL*,63,272,99,143.00,78.30,23.61,895,70076
874,874,VR20,*MANUAL*,73,266,96,137.00,83.17,15.69,895,74435
875,875,VR19,*MANUAL*$526$538$540,81,450,104,112.00,38.64,22.55,5054,195297
876,876,VR18,*MANUAL*$490$501,79,560,106,118.00,38.01,24.19,4993,189805
877,877,VR16,*MANUAL*$492$517,81,730,112,149.00,40.93,26.91,5095,208541
878,878,VR13,*MANUAL*$516$518,81,932,112,126.00,41.79,27.48,3664,153111
879,879,VR12,*MANUAL*$529$542,83,976,108,122.00,36.52,22.67,4445,162331
880,880,VR8,*MANUAL*$576$600,86,1180,104,119.00,40.67,22.97,2638,107298
881,881,VR6,*MANUAL*$621$629,89,1362,103,134.00,48.92,26.44,3844,188037
882,882,VR3,*MANUAL*$514$527,81,1499,109,167.00,52.27,28.60,4039,211106
883,883,VR2,*MANUAL*$513$575,83,1546,106,163.00,54.39,27.30,2819,153317
884,884,hyp101,*MANUAL*$360$374,68,113,83,104.00,35.19,19.97,3615,127208
885,885,TR,*MANUAL*,77,231,74,97.00,35.16,15.64,2103,73933
886,886,K',*MANUAL*,76,325,78,149.00,85.98,18.98,1255,107908
887,887,*NOUSE*,*NOUSE*,0,0,0,0,0,0,0,0
888,888,K,*MANUAL*$887$146,58,322,80,144.00,61.32,28.40,1690,103631
889,889,DEP,*MANUAL*,69,281,77,148.00,98.60,16.47,881,86863
890,890,TL,*MANUAL*,62,230,79,86.00,35.96,16.18,2103,75630
891,891,ALNL,*MANUAL*,60,276,74,171.00,103.48,24.61,895,92613
892,892,PHBL,*MANUAL*,55,301,88,144.00,94.29,17.47,895,84390
893,893,PHAL,*MANUAL*,58,304,100,165.00,99.34,22.79,895,88905
894,894,YPDA,*MANUAL*$389$390,70,329,113,139.00,44.96,24.23,4471,201033
895,895,DD6,*MANUAL*,67,360,105,187.00,117.11,22.02,895,104812
896,896,PVPR,*MANUAL*,78,355,99,171.00,105.68,18.63,794,83912
897,897,PVPL,*MANUAL*,60,372,104,177.00,120.80,21.28,850,102683
898,898,imL,*MANUAL*$193$201,56,394,100,145.00,43.72,29.85,5017,219338
899,899,H2R,*MANUAL*$696$697,100,1181,80,93.00,31.11,13.78,5539,172325
900,900,g1AR,*MANUAL*,86,1232,57,130.00,70.35,19.24,1346,94696
901,901,*NOUSE*,*NOUSE*,0,0,0,0,0,0,0,0
902,902,*NOUSE*,*NOUSE*,0,0,0,0,0,0,0,0
903,903,AMshR,*MANUAL*$676$681$902,96,1240,54,107.00,40.03,16.00,3709,148462
904,904,hyp7ABRV,*MANUAL*$694$689,97,1126,82,68.00,24.89,10.14,4743,118061
905,905,hyp7ABRD,*MANUAL*$661$660,95,1151,65,83.00,30.25,13.47,5496,166268
906,906,P3/4R,*MANUAL*$691$684,96,889,101,93.00,31.95,16.38,5025,160559
907,907,hyp7RC2,*MANUAL*$663$664,93,945,69,79.00,24.15,10.46,5374,129760
908,908,hyp7ABR3,*MANUAL*$33$52,44,1068,59,117.00,34.99,18.91,7150,250212
909,909,*NOUSE*,*NOUSE*,0,0,0,0,0,0,0,0
910,910,hyp7RC3,*MANUAL*$909$668$679,92,794,73,85.00,25.81,11.62,5521,142519
911,911,*NOUSE*,*NOUSE*,0,0,0,0,0,0,0,0
912,912,P5/6R,*MANUAL*$911$641,92,784,102,108.00,41.69,20.88,2806,116984
913,913,hyp7RC4,*MANUAL*$638$645$651$643,91,670,77,101.00,26.22,12.26,5809,152289
914,914,*NOUSE*,*NOUSE*,0,0,0,0,0,0,0,0
915,915,M,*MANUAL*$914$536,82,594,77,72.00,25.51,12.57,3763,95979
916,916,*NOUSE*,*NOUSE*,0,0,0,0,0,0,0,0
917,917,P9/10R,*MANUAL*$605$628,88,502,93,112.00,36.59,20.41,4823,176454
918,918,hyp7RC5,*MANUAL*$616$603,88,496,72,90.00,28.57,13.20,6285,179543
919,919,V6R,*MANUAL*$639$626,89,450,87,83.00,28.35,13.94,5441,154243
920,920,*NOUSE*,*NOUSE*,0,0,0,0,0,0,0,0
921,921,*NOUSE*,*NOUSE*,0,0,0,0,0,0,0,0
922,922,P11/12R,*MANUAL*$618$921,87,362,94,134.00,41.11,22.21,3989,163995
923,923,virR,*MANUAL*$484$482,76,357,81,138.00,47.10,26.35,4359,205324
924,924,*NOUSE*,*NOUSE*,0,0,0,0,0,0,0,0
925,925,hyp7RC6,*MANUAL*$924$563,83,311,72,105.00,31.49,13.62,3798,119603
926,926,H2L,*MANUAL*$4$7,39,1180,72,146.00,39.23,23.00,5796,227374
927,927,AMsHL,*MANUAL*$51$42,44,1222,48,155.00,48.19,27.20,4897,235999
928,928,hyp7ABLV,*MANUAL*$10$28,40,1128,78,97.00,31.15,15.76,6613,205971
929,929,hyp7ABLD,*MANUAL*$23$22,42,1147,59,124.00,35.88,19.12,6909,247925
930,930,V1L,*MANUAL*$38$37,43,1045,79,126.00,38.69,22.98,5329,206189
931,931,hyp7LC1,*MANUAL*$73$65$80,46,1003,68,105.00,29.55,14.29,6469,191170
932,932,P1/2L,*MANUAL*$66$60,46,992,97,149.00,40.36,24.92,4448,179518
933,933,V2L,*MANUAL*$57$58,45,939,90,117.00,35.16,20.19,6108,214765
934,934,hyp7LC2,*MANUAL*$82$83,48,908,72,96.00,30.05,15.71,6090,183033
935,935,V3L,*MANUAL*$59$95$86,45,834,90,100.00,31.70,17.34,5981,189585
936,936,hyp7LC3,*MANUAL*$54$55,45,799,71,99.00,30.63,16.41,7176,219788
937,937,P5/6L,*MANUAL*$69$68,45,752,101,126.00,39.18,23.44,4848,189924
938,938,V5L,*MANUAL*$112$150,52,528,88,121.00,36.42,20.30,5097,185641
939,939,hyp7LC5,*MANUAL*$167$144$185,52,504,71,114.00,32.57,17.41,5115,166618
940,940,V6L,*MANUAL*$124$100,50,439,89,117.00,33.21,18.66,5997,199188
941,941,*NOUSE*,*NOUSE*,0,0,0,0,0,0,0,0
942,942,hyp7LC6,*MANUAL*$941$145,52,332,75,110.00,32.70,15.44,3471,113518
943,943,*NOUSE*,*NOUSE*,0,0,0,0,0,0,0,0
944,944,*NOUSE*,*NOUSE*,0,0,0,0,0,0,0,0
945,945,inVR1,*MANUAL*$472$488,79,1092,94,76.00,26.22,11.22,6078,159391
946,946,inVL1,*MANUAL*$229$247,60,1098,96,93.00,28.93,13.04,4810,139154
947,947,inV3,*MANUAL*$388$407$367,71,958,100,56.00,21.58, 8.34,7330,158159
948,948,iNV5,*MANUAL*$188$245,58,786,84,100.00,24.14,10.07,7249,174956
949,949,inV6,*MANUAL*$485$486,78,729,86,66.00,22.80, 9.00,6466,147425
950,950,inD7,*MANUAL*$396$382,70,553,69,73.00,24.12,10.02,7628,183994
951,951,inD8,*MANUAL*$383$357,70,450,71,80.00,29.85,13.14,5032,150227
952,952,ASEL,*MANUAL*,44,1286,60,166.00,94.83,27.00,1365,129440
953,953,Z1,*MANUAL*,78,793,107,123.00,64.59,19.56,1365,88172
954,954,Z2,*MANUAL*$416$441,78,770,100,178.00,41.97,25.91,8848,371357
955,955,Z3,*MANUAL*$267$215$286,61,748,103,159.00,45.36,29.62,10350,469494
956,956,Z4,*MANUAL*$230$233,60,724,108,156.00,42.70,29.21,5391,230195
957,957,QR,*MANUAL*,90,598,92,94.00,38.49,16.33,2103,80938
958,958,P11/12L,*MANUAL*,52,367,100,152.00,66.14,26.30,1365,90280
959,959,IL2L,*MANUAL*,38,1450,73,231.00,136.00,40.27,895,121724
960,960,URADL,*MANUAL*,62,1440,56,253.00,182.16,32.84,773,140806
961,961,CEPsoDL,*MANUAL*,53,1439,57,251.00,187.74,32.30,895,168025
962,962,F1,*MANUAL*,68,1505,79,74.00,21.05, 9.35,895,18840
963,963,F2,*MANUAL*,68,1419,79,35.00,12.74, 5.34,895,11401
964,964,F3,*MANUAL*,68,1288,71,33.00, 9.87, 4.53,895,8833
965,965,F4,*MANUAL*,68,1319,71,32.00,11.75, 4.81,895,10512
966,966,F5,*MANUAL*,67,1235,70,100.00,20.89,13.54,895,18695
967,967,F6,*MANUAL*,69,1453,87,26.00, 8.33, 3.95,895,7456
968,968,F7,*MANUAL*,71,342,84,33.00,10.16, 4.70,895,9091
969,969,F8,*MANUAL*,83,1274,91,47.00,12.15, 6.60,895,10872
970,970,F9,*MANUAL*,72,1570,80,21.00, 6.66, 3.50,895,5962
971,971,F10,*MANUAL*,70,1666,78,24.00, 5.09, 3.85,895,4553
