0,0,*NOUSE*,*NOUSE*,0,0,0,0,0,0,0,0
1,1,*NOUSE*,*NOUSE*,0,0,0,0,0,0,0,0
2,2,*NOUSE*,*NOUSE*,0,0,0,0,0,0,0,0
3,3,*NOUSE*,*NOUSE*,0,0,0,0,0,0,0,0
4,4,V1R,,38,1103,72,94.00,32.23,16.69,5265,169683
5,5,*NOUSE*,*NOUSE*,0,0,0,0,0,0,0,0
6,6,*NOUSE*,*NOUSE*,0,0,0,0,0,0,0,0
7,7,*NOUSE*,*NOUSE*,0,0,0,0,0,0,0,0
8,8,RICR,,39,1307,61,170.00,66.77,40.13,3327,222147
9,9,*NOUSE*,*NOUSE*,0,0,0,0,0,0,0,0
10,10,ASHR,,39,1353,78,143.00,58.23,31.43,3931,228894
11,11,AVAR,,39,1395,78,157.00,57.86,34.80,4269,247020
12,12,ASER,,38,1329,81,117.00,51.70,24.20,4241,219247
13,13,RMDVR,,39,1415,82,169.00,52.64,34.35,4294,226018
14,14,ADEshR,,39,1240,53,162.00,47.28,33.42,4165,196933
15,15,ASJR,,39,1326,60,138.00,58.69,29.48,3182,186753
16,16,AUAR,,40,1344,61,164.00,61.78,37.20,3810,235374
17,17,*NOUSE*,*NOUSE*,0,0,0,0,0,0,0,0
18,18,SIBDR,,39,1381,63,195.00,68.14,45.06,3543,241416
19,19,AWCR,,39,1365,66,158.00,56.62,31.02,4153,235163
20,20,*NOUSE*,*NOUSE*,0,0,0,0,0,0,0,0
21,21,OLLshR,,40,1534,65,231.00,68.85,46.82,3586,246892
22,22,HYP7ABRD,,37,1193,75,93.00,34.36,16.01,5369,184463
23,23,H0R,,38,1555,71,126.00,44.86,22.05,4658,208948
24,24,*NOUSE*,*NOUSE*,0,0,0,0,0,0,0,0
25,25,*NOUSE*,*NOUSE*,0,0,0,0,0,0,0,0
26,26,*NOUSE*,*NOUSE*,0,0,0,0,0,0,0,0
27,27,HYP7ABR3,,38,1160,72,75.00,28.38,11.51,5612,159288
28,28,*NOUSE*,*NOUSE*,0,0,0,0,0,0,0,0
29,29,ARCADR,,41,1610,76,130.00,44.92,28.86,4286,192521
30,30,AINR,,42,1288,80,191.00,70.29,41.52,3706,260478
31,31,*NOUSE*,*NOUSE*,0,0,0,0,0,0,0,0
32,32,HYP7RC1,,39,1031,85,76.00,25.05,10.17,6405,160444
33,33,*NOUSE*,*NOUSE*,0,0,0,0,0,0,0,0
34,34,*NOUSE*,*NOUSE*,0,0,0,0,0,0,0,0
35,35,AVJR,,41,1299,89,189.00,79.45,44.56,3467,275464
36,36,HYP7ABRV,,39,1177,53,88.00,30.80,13.49,5046,155406
37,37,*NOUSE*,*NOUSE*,0,0,0,0,0,0,0,0
38,38,RMDR,,42,1397,60,192.00,73.92,45.36,3144,232399
39,39,*NOUSE*,*NOUSE*,0,0,0,0,0,0,0,0
40,40,*NOUSE*,*NOUSE*,0,0,0,0,0,0,0,0
41,41,BDUR,,42,1131,66,180.00,49.69,40.00,3961,196816
42,42,BAGR,,41,1450,66,159.00,61.55,34.24,3365,207112
43,43,ARCPVR,,42,1595,67,182.00,58.89,40.61,3079,181314
44,44,*NOUSE*,*NOUSE*,0,0,0,0,0,0,0,0
45,45,*NOUSE*,*NOUSE*,0,0,0,0,0,0,0,0
46,46,*NOUSE*,*NOUSE*,0,0,0,0,0,0,0,0
47,47,XXXR,,43,1488,61,194.00,64.82,41.68,3449,223580
48,48,*NOUSE*,*NOUSE*,0,0,0,0,0,0,0,0
49,49,*NOUSE*,*NOUSE*,0,0,0,0,0,0,0,0
50,50,*NOUSE*,*NOUSE*,0,0,0,0,0,0,0,0
51,51,*NOUSE*,*NOUSE*,0,0,0,0,0,0,0,0
52,52,*NOUSE*,*NOUSE*,0,0,0,0,0,0,0,0
53,53,*NOUSE*,*NOUSE*,0,0,0,0,0,0,0,0
54,54,HYP1R,,43,1555,86,183.00,61.16,38.75,3762,230074
55,55,*NOUSE*,*NOUSE*,0,0,0,0,0,0,0,0
56,56,AVHR,,43,1316,96,201.00,75.18,43.25,3557,267421
57,57,DR4,,43,1517,98,141.00,58.24,28.45,3236,188462
58,58,*NOUSE*,*NOUSE*,0,0,0,0,0,0,0,0
59,59,HSNR,,44,750,60,149.00,39.34,28.36,4895,192554
60,60,HYP7RC3,,42,783,80,69.00,25.06,10.54,5149,129046
61,61,ILshDR,,45,1544,91,218.00,73.85,46.12,3234,238828
62,62,*NOUSE*,*NOUSE*,0,0,0,0,0,0,0,0
63,63,*NOUSE*,*NOUSE*,0,0,0,0,0,0,0,0
64,64,*NOUSE*,*NOUSE*,0,0,0,0,0,0,0,0
65,65,*NOUSE*,*NOUSE*,0,0,0,0,0,0,0,0
66,66,*NOUSE*,*NOUSE*,0,0,0,0,0,0,0,0
67,67,*NOUSE*,*NOUSE*,0,0,0,0,0,0,0,0
68,68,PM7VR,,45,1219,59,124.00,43.25,25.01,4761,205935
69,69,V3R,,42,853,63,68.00,26.13,11.28,5560,145288
70,70,HYP5R,,44,1675,74,106.00,35.85,19.60,5238,187777
71,71,CANR,,45,818,75,116.00,39.29,24.09,4358,171239
72,72,*NOUSE*,*NOUSE*,0,0,0,0,0,0,0,0
73,73,*NOUSE*,*NOUSE*,0,0,0,0,0,0,0,0
74,74,*NOUSE*,*NOUSE*,0,0,0,0,0,0,0,0
75,75,*NOUSE*,*NOUSE*,0,0,0,0,0,0,0,0
76,76,*NOUSE*,*NOUSE*,0,0,0,0,0,0,0,0
77,77,*NOUSE*,*NOUSE*,0,0,0,0,0,0,0,0
78,78,*NOUSE*,*NOUSE*,0,0,0,0,0,0,0,0
79,79,*NOUSE*,*NOUSE*,0,0,0,0,0,0,0,0
80,80,MC3DR,,46,1221,82,134.00,43.19,27.16,5008,216305
81,81,ALMR,,48,888,92,122.00,39.11,25.01,4499,175970
82,82,CEPSHDR,,44,1446,93,178.00,64.03,35.28,3314,212206
83,83,*NOUSE*,*NOUSE*,0,0,0,0,0,0,0,0
84,84,DR6,,48,1442,107,146.00,61.29,30.60,3959,242652
85,85,*NOUSE*,*NOUSE*,0,0,0,0,0,0,0,0
86,86,*NOUSE*,*NOUSE*,0,0,0,0,0,0,0,0
87,87,*NOUSE*,*NOUSE*,0,0,0,0,0,0,0,0
88,88,*NOUSE*,*NOUSE*,0,0,0,0,0,0,0,0
89,89,*NOUSE*,*NOUSE*,0,0,0,0,0,0,0,0
90,90,*NOUSE*,*NOUSE*,0,0,0,0,0,0,0,0
91,91,*NOUSE*,*NOUSE*,0,0,0,0,0,0,0,0
92,92,*NOUSE*,*NOUSE*,0,0,0,0,0,0,0,0
93,93,DR1,,45,1631,89,112.00,42.44,23.44,4634,196679
94,94,*NOUSE*,*NOUSE*,0,0,0,0,0,0,0,0
95,95,*NOUSE*,*NOUSE*,0,0,0,0,0,0,0,0
96,96,*NOUSE*,*NOUSE*,0,0,0,0,0,0,0,0
97,97,VR4,,47,1494,47,136.00,49.33,28.13,4462,220104
98,98,VR6,,46,1418,50,114.00,41.97,24.20,2234,93766
99,99,*NOUSE*,*NOUSE*,0,0,0,0,0,0,0,0
100,100,*NOUSE*,*NOUSE*,0,0,0,0,0,0,0,0
101,101,ILshR,,47,1535,52,226.00,77.93,44.34,2829,220455
102,102,P9/10R,,47,539,61,106.00,32.85,17.30,5255,172647
103,103,*NOUSE*,*NOUSE*,0,0,0,0,0,0,0,0
104,104,HYP7RC5,,46,537,85,76.00,28.95,13.97,3355,97113
105,105,DR10,,47,1179,94,135.00,43.97,27.46,4754,209051
106,106,*NOUSE*,*NOUSE*,0,0,0,0,0,0,0,0
107,107,*NOUSE*,*NOUSE*,0,0,0,0,0,0,0,0
108,108,*NOUSE*,*NOUSE*,0,0,0,0,0,0,0,0
109,109,VR11,,49,1087,40,128.00,40.07,26.23,2880,115393
110,110,*NOUSE*,*NOUSE*,0,0,0,0,0,0,0,0
111,111,CCRP,,50,1050,43,156.00,51.00,36.42,4124,210344
112,112,EXC GL R,,48,1260,41,146.00,57.35,28.95,2679,153631
113,113,*NOUSE*,*NOUSE*,0,0,0,0,0,0,0,0
114,114,I2R,,47,1513,59,175.00,74.87,41.99,1268,94938
115,115,*NOUSE*,*NOUSE*,0,0,0,0,0,0,0,0
116,116,M2R,,49,1264,69,203.00,82.91,43.68,2569,212988
117,117,RIBR,,48,1336,72,178.00,67.64,36.82,3627,245318
118,118,*NOUSE*,*NOUSE*,0,0,0,0,0,0,0,0
119,119,*NOUSE*,*NOUSE*,0,0,0,0,0,0,0,0
120,120,CEPDR,,50,1408,107,194.00,68.76,43.57,4605,316657
121,121,VR10,,49,1173,34,124.00,40.68,24.32,5266,214229
122,122,*NOUSE*,*NOUSE*,0,0,0,0,0,0,0,0
123,123,RIS,,49,1289,43,163.00,68.16,35.46,3256,221924
124,124,*NOUSE*,*NOUSE*,0,0,0,0,0,0,0,0
125,125,RMDDR,,48,1390,46,183.00,76.25,45.01,2652,202210
126,126,*NOUSE*,*NOUSE*,0,0,0,0,0,0,0,0
127,127,VR16,,50,734,50,107.00,35.24,21.31,6404,225664
128,128,P11/12R,,47,399,59,95.00,33.65,16.49,3763,126626
129,129,VPI2DR,,48,1188,70,157.00,50.16,31.84,5043,252945
130,130,PM6VR,,49,1242,66,136.00,50.27,26.49,3271,164437
131,131,RIMR,,49,1319,66,161.00,67.90,34.53,3394,230447
132,132,REPVR,,51,365,69,148.00,44.35,30.69,4852,215178
133,133,V6R,,48,477,72,85.00,28.51,14.27,5045,143832
134,134,PHBR,,52,331,77,165.00,58.43,39.17,3878,226575
135,135,RIPR,,49,1457,78,193.00,70.67,39.84,3549,250798
136,136,AVER,,49,1386,73,184.00,77.67,41.50,3258,253049
137,137,*NOUSE*,*NOUSE*,0,0,0,0,0,0,0,0
138,138,*NOUSE*,*NOUSE*,0,0,0,0,0,0,0,0
139,139,*NOUSE*,*NOUSE*,0,0,0,0,0,0,0,0
140,140,*NOUSE*,*NOUSE*,0,0,0,0,0,0,0,0
141,141,DR12,,50,1028,102,122.00,39.44,25.35,2715,107090
142,142,*NOUSE*,*NOUSE*,0,0,0,0,0,0,0,0
143,143,*NOUSE*,*NOUSE*,0,0,0,0,0,0,0,0
144,144,*NOUSE*,*NOUSE*,0,0,0,0,0,0,0,0
145,145,*NOUSE*,*NOUSE*,0,0,0,0,0,0,0,0
146,146,NSMR,,52,1499,59,186.00,66.68,41.11,3627,241838
147,147,*NOUSE*,*NOUSE*,0,0,0,0,0,0,0,0
148,148,MCR,,53,1522,64,221.00,85.22,50.04,4185,356665
149,149,IMR,,52,420,61,102.00,39.31,20.45,6494,255266
150,150,*NOUSE*,*NOUSE*,0,0,0,0,0,0,0,0
151,151,*NOUSE*,*NOUSE*,0,0,0,0,0,0,0,0
152,152,PVQR,,52,345,68,158.00,48.00,33.61,4396,211000
153,153,*NOUSE*,*NOUSE*,0,0,0,0,0,0,0,0
154,154,*NOUSE*,*NOUSE*,0,0,0,0,0,0,0,0
155,155,PM1R,,50,1538,72,236.00,87.61,52.82,3168,277545
156,156,*NOUSE*,*NOUSE*,0,0,0,0,0,0,0,0
157,157,*NOUSE*,*NOUSE*,0,0,0,0,0,0,0,0
158,158,*NOUSE*,*NOUSE*,0,0,0,0,0,0,0,0
159,159,*NOUSE*,*NOUSE*,0,0,0,0,0,0,0,0
160,160,HYP7RC4,,50,672,88,71.00,28.75,12.98,3870,111273
161,161,INDR1,,50,1127,92,74.00,28.87,11.89,6728,194229
162,162,*NOUSE*,*NOUSE*,0,0,0,0,0,0,0,0
163,163,DR3,,50,1576,102,139.00,46.37,24.53,4946,229338
164,164,*NOUSE*,*NOUSE*,0,0,0,0,0,0,0,0
165,165,DR8,,50,1272,106,159.00,51.67,30.44,5400,279013
166,166,*NOUSE*,*NOUSE*,0,0,0,0,0,0,0,0
167,167,*NOUSE*,*NOUSE*,0,0,0,0,0,0,0,0
168,168,VR3,,49,1556,43,175.00,66.17,34.14,1079,71402
169,169,*NOUSE*,*NOUSE*,0,0,0,0,0,0,0,0
170,170,VR15,,53,821,45,114.00,38.49,22.11,5466,210410
171,171,VR2,,51,1579,48,116.00,49.98,25.64,2903,145083
172,172,AVKR,,50,1280,52,181.00,78.79,38.73,2539,200045
173,173,VPI2V,,55,1192,45,202.00,68.98,44.13,3788,261291
174,174,*NOUSE*,*NOUSE*,0,0,0,0,0,0,0,0
175,175,*NOUSE*,*NOUSE*,0,0,0,0,0,0,0,0
176,176,AVL,,51,1353,59,155.00,76.73,33.37,2845,218299
177,177,*NOUSE*,*NOUSE*,0,0,0,0,0,0,0,0
178,178,*NOUSE*,*NOUSE*,0,0,0,0,0,0,0,0
179,179,PHAR,,54,331,63,183.00,60.88,42.54,3720,226480
180,180,*NOUSE*,*NOUSE*,0,0,0,0,0,0,0,0
181,181,K',,54,353,81,156.00,50.15,32.63,5019,251693
182,182,*NOUSE*,*NOUSE*,0,0,0,0,0,0,0,0
183,183,M1,,52,1246,96,192.00,65.03,42.49,4124,268204
184,184,*NOUSE*,*NOUSE*,0,0,0,0,0,0,0,0
185,185,*NOUSE*,*NOUSE*,0,0,0,0,0,0,0,0
186,186,*NOUSE*,*NOUSE*,0,0,0,0,0,0,0,0
187,187,*NOUSE*,*NOUSE*,0,0,0,0,0,0,0,0
188,188,G2R,,53,1209,47,203.00,63.84,42.20,4138,264150
189,189,*NOUSE*,*NOUSE*,0,0,0,0,0,0,0,0
190,190,Z2,,56,773,55,147.00,39.95,24.66,10086,402970
191,191,P7/8R,,51,663,57,95.00,32.87,16.63,4996,164230
192,192,AIBR,,49,1361,72,168.00,71.43,36.81,3577,255495
193,193,PM5R,,53,1275,79,157.00,68.41,31.92,3776,258300
194,194,VPI3D,,58,1176,78,138.00,52.28,32.06,4397,229873
195,195,*NOUSE*,*NOUSE*,0,0,0,0,0,0,0,0
196,196,*NOUSE*,*NOUSE*,0,0,0,0,0,0,0,0
197,197,DR16,,52,766,97,117.00,36.54,21.34,4034,147421
198,198,PM4DR,,51,1507,92,189.00,81.16,34.77,2323,188542
199,199,*NOUSE*,*NOUSE*,0,0,0,0,0,0,0,0
200,200,DR9,,52,1204,102,132.00,42.24,27.76,5047,213206
201,201,*NOUSE*,*NOUSE*,0,0,0,0,0,0,0,0
202,202,*NOUSE*,*NOUSE*,0,0,0,0,0,0,0,0
203,203,*NOUSE*,*NOUSE*,0,0,0,0,0,0,0,0
204,204,*NOUSE*,*NOUSE*,0,0,0,0,0,0,0,0
205,205,*NOUSE*,*NOUSE*,0,0,0,0,0,0,0,0
206,206,*NOUSE*,*NOUSE*,0,0,0,0,0,0,0,0
207,207,*NOUSE*,*NOUSE*,0,0,0,0,0,0,0,0
208,208,*NOUSE*,*NOUSE*,0,0,0,0,0,0,0,0
209,209,DA9,,56,362,55,174.00,61.22,40.01,3922,240107
210,210,*NOUSE*,*NOUSE*,0,0,0,0,0,0,0,0
211,211,*NOUSE*,*NOUSE*,0,0,0,0,0,0,0,0
212,212,*NOUSE*,*NOUSE*,0,0,0,0,0,0,0,0
213,213,*NOUSE*,*NOUSE*,0,0,0,0,0,0,0,0
214,214,*NOUSE*,*NOUSE*,0,0,0,0,0,0,0,0
215,215,*NOUSE*,*NOUSE*,0,0,0,0,0,0,0,0
216,216,DR11,,53,1113,108,126.00,40.84,26.77,3648,148978
217,217,*NOUSE*,*NOUSE*,0,0,0,0,0,0,0,0
218,218,*NOUSE*,*NOUSE*,0,0,0,0,0,0,0,0
219,219,E2VR,,54,1716,64,138.00,36.83,24.45,4855,178828
220,220,*NOUSE*,*NOUSE*,0,0,0,0,0,0,0,0
221,221,*NOUSE*,*NOUSE*,0,0,0,0,0,0,0,0
222,222,DR13,,56,994,102,125.00,39.60,26.59,3261,129140
223,223,DR7,,54,1308,106,147.00,62.79,30.71,3414,214365
224,224,*NOUSE*,*NOUSE*,0,0,0,0,0,0,0,0
225,225,*NOUSE*,*NOUSE*,0,0,0,0,0,0,0,0
226,226,*NOUSE*,*NOUSE*,0,0,0,0,0,0,0,0
227,227,*NOUSE*,*NOUSE*,0,0,0,0,0,0,0,0
228,228,RIVR,,53,1300,93,204.00,93.56,45.59,3219,301180
229,229,*NOUSE*,*NOUSE*,0,0,0,0,0,0,0,0
230,230,ASKR,,55,1367,101,138.00,58.77,31.19,4567,268425
231,231,URXR,,56,1392,103,180.00,79.24,40.19,3820,302682
232,232,*NOUSE*,*NOUSE*,0,0,0,0,0,0,0,0
233,233,MC3V,,59,1225,42,148.00,50.46,33.20,4905,247512
234,234,*NOUSE*,*NOUSE*,0,0,0,0,0,0,0,0
235,235,*NOUSE*,*NOUSE*,0,0,0,0,0,0,0,0
236,236,*NOUSE*,*NOUSE*,0,0,0,0,0,0,0,0
237,237,*NOUSE*,*NOUSE*,0,0,0,0,0,0,0,0
238,238,*NOUSE*,*NOUSE*,0,0,0,0,0,0,0,0
239,239,*NOUSE*,*NOUSE*,0,0,0,0,0,0,0,0
240,240,*NOUSE*,*NOUSE*,0,0,0,0,0,0,0,0
241,241,DR21,,59,337,88,163.00,60.23,36.60,3324,200214
242,242,*NOUSE*,*NOUSE*,0,0,0,0,0,0,0,0
243,243,ADLR,,57,1343,100,161.00,64.31,31.51,3970,255319
244,244,*NOUSE*,*NOUSE*,0,0,0,0,0,0,0,0
245,245,*NOUSE*,*NOUSE*,0,0,0,0,0,0,0,0
246,246,PM8,,62,1199,52,146.00,64.69,36.33,2846,184112
247,247,*NOUSE*,*NOUSE*,0,0,0,0,0,0,0,0
248,248,*NOUSE*,*NOUSE*,0,0,0,0,0,0,0,0
249,249,*NOUSE*,*NOUSE*,0,0,0,0,0,0,0,0
250,250,INV6,,57,717,66,55.00,22.29, 8.33,8136,181338
251,251,*NOUSE*,*NOUSE*,0,0,0,0,0,0,0,0
252,252,*NOUSE*,*NOUSE*,0,0,0,0,0,0,0,0
253,253,*NOUSE*,*NOUSE*,0,0,0,0,0,0,0,0
254,254,*NOUSE*,*NOUSE*,0,0,0,0,0,0,0,0
255,255,*NOUSE*,*NOUSE*,0,0,0,0,0,0,0,0
256,256,MC2DR,,57,1299,82,151.00,65.79,29.01,3521,231636
257,257,PM5DR,,56,1272,93,140.00,66.02,25.02,1737,114676
258,258,*NOUSE*,*NOUSE*,0,0,0,0,0,0,0,0
259,259,*NOUSE*,*NOUSE*,0,0,0,0,0,0,0,0
260,260,*NOUSE*,*NOUSE*,0,0,0,0,0,0,0,0
261,261,*NOUSE*,*NOUSE*,0,0,0,0,0,0,0,0
262,262,*NOUSE*,*NOUSE*,0,0,0,0,0,0,0,0
263,263,*NOUSE*,*NOUSE*,0,0,0,0,0,0,0,0
264,264,*NOUSE*,*NOUSE*,0,0,0,0,0,0,0,0
265,265,M3R,,56,1473,64,246.00,80.58,50.92,3249,261791
266,266,*NOUSE*,*NOUSE*,0,0,0,0,0,0,0,0
267,267,*NOUSE*,*NOUSE*,0,0,0,0,0,0,0,0
268,268,*NOUSE*,*NOUSE*,0,0,0,0,0,0,0,0
269,269,VPI1,,61,1184,85,151.00,53.85,30.14,4330,233181
270,270,*NOUSE*,*NOUSE*,0,0,0,0,0,0,0,0
271,271,DR19,,57,529,97,168.00,47.71,32.61,2999,143071
272,272,DR17,,60,680,99,114.00,36.54,21.52,5095,186159
273,273,*NOUSE*,*NOUSE*,0,0,0,0,0,0,0,0
274,274,RIFR,,57,1268,40,221.00,91.05,47.99,2472,225074
275,275,DA2,,61,1113,36,168.00,47.06,36.81,4669,219745
276,276,DD2,,61,1056,38,159.00,48.46,36.26,4530,219523
277,277,*NOUSE*,*NOUSE*,0,0,0,0,0,0,0,0
278,278,*NOUSE*,*NOUSE*,0,0,0,0,0,0,0,0
279,279,*NOUSE*,*NOUSE*,0,0,0,0,0,0,0,0
280,280,*NOUSE*,*NOUSE*,0,0,0,0,0,0,0,0
281,281,*NOUSE*,*NOUSE*,0,0,0,0,0,0,0,0
282,282,VR17,,60,649,50,125.00,41.82,24.94,4924,205917
283,283,*NOUSE*,*NOUSE*,0,0,0,0,0,0,0,0
284,284,*NOUSE*,*NOUSE*,0,0,0,0,0,0,0,0
285,285,HYP71,,63,227,63,170.00,49.57,38.90,5815,288269
286,286,*NOUSE*,*NOUSE*,0,0,0,0,0,0,0,0
287,287,*NOUSE*,*NOUSE*,0,0,0,0,0,0,0,0
288,288,*NOUSE*,*NOUSE*,0,0,0,0,0,0,0,0
289,289,PM3DR,,60,1592,90,114.00,40.06,20.41,3795,152034
290,290,DB3,,61,1148,29,148.00,43.97,32.12,5057,222351
291,291,DA3,,63,1021,35,169.00,47.27,35.98,5711,269983
292,292,*NOUSE*,*NOUSE*,0,0,0,0,0,0,0,0
293,293,*NOUSE*,*NOUSE*,0,0,0,0,0,0,0,0
294,294,PVT,,59,401,51,145.00,51.92,30.73,4775,247934
295,295,*NOUSE*,*NOUSE*,0,0,0,0,0,0,0,0
296,296,HYP9,,62,154,70,156.00,43.03,30.07,3846,165487
297,297,*NOUSE*,*NOUSE*,0,0,0,0,0,0,0,0
298,298,*NOUSE*,*NOUSE*,0,0,0,0,0,0,0,0
299,299,*NOUSE*,*NOUSE*,0,0,0,0,0,0,0,0
300,300,*NOUSE*,*NOUSE*,0,0,0,0,0,0,0,0
301,301,DR18,,61,622,100,128.00,38.63,24.41,4124,159321
302,302,HYP6D3,,61,1558,104,162.00,58.46,33.36,4670,273008
303,303,*NOUSE*,*NOUSE*,0,0,0,0,0,0,0,0
304,304,HYP6D4,,61,1529,108,176.00,56.04,34.23,4326,242440
305,305,*NOUSE*,*NOUSE*,0,0,0,0,0,0,0,0
306,306,*NOUSE*,*NOUSE*,0,0,0,0,0,0,0,0
307,307,HYP101,,62,112,73,200.00,51.26,42.20,6161,315791
308,308,HYP102,,63,85,73,196.00,49.58,39.81,6573,325870
309,309,*NOUSE*,*NOUSE*,0,0,0,0,0,0,0,0
310,310,DL21,,65,279,87,164.00,53.43,38.68,4679,250021
311,311,I3,,60,1498,94,198.00,74.32,43.35,3402,252825
312,312,*NOUSE*,*NOUSE*,0,0,0,0,0,0,0,0
313,313,DA1,,63,1195,27,159.00,56.69,35.93,4456,252612
314,314,DB4,,64,991,34,157.00,43.08,31.48,5984,257777
315,315,RMEV,,65,1416,42,171.00,53.05,38.49,4299,228079
316,316,INV3,,65,980,52,57.00,22.49, 8.14,9938,223500
317,317,HYP4V2,,64,1710,50,135.00,41.57,29.64,4453,185120
318,318,*NOUSE*,*NOUSE*,0,0,0,0,0,0,0,0
319,319,*NOUSE*,*NOUSE*,0,0,0,0,0,0,0,0
320,320,MC2V,,63,1290,64,161.00,61.65,29.11,4577,282155
321,321,INV8,,65,502,64,72.00,29.44,11.62,6129,180439
322,322,M4,,62,1472,85,172.00,66.05,36.00,4479,295849
323,323,*NOUSE*,*NOUSE*,0,0,0,0,0,0,0,0
324,324,RIGR,,65,1218,27,183.00,58.45,43.32,4073,238084
325,325,*NOUSE*,*NOUSE*,0,0,0,0,0,0,0,0
326,326,*NOUSE*,*NOUSE*,0,0,0,0,0,0,0,0
327,327,DA4,,65,902,38,167.00,45.37,35.03,4864,220699
328,328,DA5,,65,744,40,154.00,43.72,32.93,5096,222785
329,329,Z3,,69,747,57,132.00,44.02,25.47,8030,353483
330,330,B,,64,317,60,149.00,55.80,32.65,4272,238376
331,331,*NOUSE*,*NOUSE*,0,0,0,0,0,0,0,0
332,332,IND7,,63,563,89,68.00,23.64, 8.97,6917,163542
333,333,*NOUSE*,*NOUSE*,0,0,0,0,0,0,0,0
334,334,PM7D,,65,1217,93,126.00,45.80,26.75,4716,216011
335,335,PM2D2,,63,1659,92,163.00,50.09,32.08,3613,180991
336,336,I4,,64,1265,98,191.00,73.39,43.25,4056,297673
337,337,*NOUSE*,*NOUSE*,0,0,0,0,0,0,0,0
338,338,ALA,,64,1403,111,193.00,77.96,40.55,4188,326502
339,339,DB1,,65,1235,28,193.00,65.49,41.20,3756,245980
340,340,SABVL,,62,1291,42,238.00,107.29,51.68,2211,237220
341,341,*NOUSE*,*NOUSE*,0,0,0,0,0,0,0,0
342,342,YPDA,,64,347,48,155.00,53.79,31.70,4061,218447
343,343,DD5,,66,528,49,192.00,52.37,41.33,4578,239754
344,344,*NOUSE*,*NOUSE*,0,0,0,0,0,0,0,0
345,345,*NOUSE*,*NOUSE*,0,0,0,0,0,0,0,0
346,346,DVC,,64,303,71,194.00,93.65,42.00,2673,250334
347,347,*NOUSE*,*NOUSE*,0,0,0,0,0,0,0,0
348,348,*NOUSE*,*NOUSE*,0,0,0,0,0,0,0,0
349,349,PM2D1,,64,1703,92,146.00,43.43,31.35,4420,191945
350,350,*NOUSE*,*NOUSE*,0,0,0,0,0,0,0,0
351,351,*NOUSE*,*NOUSE*,0,0,0,0,0,0,0,0
352,352,*NOUSE*,*NOUSE*,0,0,0,0,0,0,0,0
353,353,DB2,,66,1298,33,190.00,73.30,44.10,2998,219758
354,354,G1,,65,1368,35,159.00,59.19,34.62,4277,253165
355,355,*NOUSE*,*NOUSE*,0,0,0,0,0,0,0,0
356,356,*NOUSE*,*NOUSE*,0,0,0,0,0,0,0,0
357,357,HYP4V1,,65,1739,53,121.00,38.93,26.05,4102,159683
358,358,*NOUSE*,*NOUSE*,0,0,0,0,0,0,0,0
359,359,F,,65,337,71,174.00,82.31,36.32,3529,290484
360,360,HYP4D,,64,1761,89,96.00,32.95,18.98,4011,132165
361,361,REPD,,65,355,87,171.00,69.68,41.53,3141,218869
362,362,E2D,,66,1723,90,138.00,39.62,25.28,3807,150852
363,363,*NOUSE*,*NOUSE*,0,0,0,0,0,0,0,0
364,364,PM6D,,65,1242,98,148.00,55.77,32.92,5000,278864
365,365,DB5,,66,815,40,135.00,48.89,31.41,4881,238635
366,366,G2,,66,1347,39,186.00,78.79,42.78,3233,254742
367,367,*NOUSE*,*NOUSE*,0,0,0,0,0,0,0,0
368,368,*NOUSE*,*NOUSE*,0,0,0,0,0,0,0,0
369,369,*NOUSE*,*NOUSE*,0,0,0,0,0,0,0,0
370,370,PLML,,69,273,68,192.00,63.03,47.90,4278,269651
371,371,IND4,,66,924,87,51.00,21.03, 7.26,6371,134013
372,372,DVA,,65,323,80,172.00,80.85,38.58,3097,250387
373,373,IND6,,69,674,86,59.00,22.12, 7.78,7430,164358
374,374,*NOUSE*,*NOUSE*,0,0,0,0,0,0,0,0
375,375,*NOUSE*,*NOUSE*,0,0,0,0,0,0,0,0
376,376,*NOUSE*,*NOUSE*,0,0,0,0,0,0,0,0
377,377,*NOUSE*,*NOUSE*,0,0,0,0,0,0,0,0
378,378,*NOUSE*,*NOUSE*,0,0,0,0,0,0,0,0
379,379,*NOUSE*,*NOUSE*,0,0,0,0,0,0,0,0
380,380,*NOUSE*,*NOUSE*,0,0,0,0,0,0,0,0
381,381,*NOUSE*,*NOUSE*,0,0,0,0,0,0,0,0
382,382,DD4,,68,703,46,146.00,48.19,33.90,4759,229345
383,383,*NOUSE*,*NOUSE*,0,0,0,0,0,0,0,0
384,384,*NOUSE*,*NOUSE*,0,0,0,0,0,0,0,0
385,385,DA7,,68,475,50,180.00,54.45,41.54,4270,232509
386,386,*NOUSE*,*NOUSE*,0,0,0,0,0,0,0,0
387,387,*NOUSE*,*NOUSE*,0,0,0,0,0,0,0,0
388,388,*NOUSE*,*NOUSE*,0,0,0,0,0,0,0,0
389,389,INV7,,69,603,63,58.00,25.08, 9.44,7279,182546
390,390,U,,69,357,62,169.00,67.23,38.92,3610,242692
391,391,*NOUSE*,*NOUSE*,0,0,0,0,0,0,0,0
392,392,*NOUSE*,*NOUSE*,0,0,0,0,0,0,0,0
393,393,*NOUSE*,*NOUSE*,0,0,0,0,0,0,0,0
394,394,*NOUSE*,*NOUSE*,0,0,0,0,0,0,0,0
395,395,*NOUSE*,*NOUSE*,0,0,0,0,0,0,0,0
396,396,*NOUSE*,*NOUSE*,0,0,0,0,0,0,0,0
397,397,*NOUSE*,*NOUSE*,0,0,0,0,0,0,0,0
398,398,VPI3V,,65,1186,45,128.00,45.81,31.86,1746,79986
399,399,*NOUSE*,*NOUSE*,0,0,0,0,0,0,0,0
400,400,*NOUSE*,*NOUSE*,0,0,0,0,0,0,0,0
401,401,*NOUSE*,*NOUSE*,0,0,0,0,0,0,0,0
402,402,*NOUSE*,*NOUSE*,0,0,0,0,0,0,0,0
403,403,ADLL,,69,1351,99,153.00,63.35,30.55,5221,330751
404,404,*NOUSE*,*NOUSE*,0,0,0,0,0,0,0,0
405,405,*NOUSE*,*NOUSE*,0,0,0,0,0,0,0,0
406,406,G2L,,66,1208,45,204.00,73.53,48.99,3544,260578
407,407,Z4,,73,724,56,125.00,40.94,27.64,5701,233405
408,408,*NOUSE*,*NOUSE*,0,0,0,0,0,0,0,0
409,409,*NOUSE*,*NOUSE*,0,0,0,0,0,0,0,0
410,410,*NOUSE*,*NOUSE*,0,0,0,0,0,0,0,0
411,411,RIVL,,71,1306,93,249.00,98.10,56.04,3474,340792
412,412,*NOUSE*,*NOUSE*,0,0,0,0,0,0,0,0
413,413,*NOUSE*,*NOUSE*,0,0,0,0,0,0,0,0
414,414,*NOUSE*,*NOUSE*,0,0,0,0,0,0,0,0
415,415,*NOUSE*,*NOUSE*,0,0,0,0,0,0,0,0
416,416,*NOUSE*,*NOUSE*,0,0,0,0,0,0,0,0
417,417,*NOUSE*,*NOUSE*,0,0,0,0,0,0,0,0
418,418,INVL1,,72,1132,46,82.00,30.83,13.75,7916,244086
419,419,*NOUSE*,*NOUSE*,0,0,0,0,0,0,0,0
420,420,*NOUSE*,*NOUSE*,0,0,0,0,0,0,0,0
421,421,PM1L,,75,1542,79,234.00,87.45,51.03,3537,309303
422,422,IND9,,73,410,86,83.00,31.24,13.58,5324,166339
423,423,*NOUSE*,*NOUSE*,0,0,0,0,0,0,0,0
424,424,ILsoDL,,70,1643,99,191.00,65.53,42.97,3979,260763
425,425,ASKL,,72,1372,101,151.00,63.52,32.36,5145,326820
426,426,*NOUSE*,*NOUSE*,0,0,0,0,0,0,0,0
427,427,*NOUSE*,*NOUSE*,0,0,0,0,0,0,0,0
428,428,CCLA,,74,850,44,157.00,43.71,32.96,5249,229417
429,429,DB6,,72,640,45,171.00,48.15,35.61,4880,234981
430,430,*NOUSE*,*NOUSE*,0,0,0,0,0,0,0,0
431,431,*NOUSE*,*NOUSE*,0,0,0,0,0,0,0,0
432,432,*NOUSE*,*NOUSE*,0,0,0,0,0,0,0,0
433,433,*NOUSE*,*NOUSE*,0,0,0,0,0,0,0,0
434,434,*NOUSE*,*NOUSE*,0,0,0,0,0,0,0,0
435,435,*NOUSE*,*NOUSE*,0,0,0,0,0,0,0,0
436,436,MC2DL,,70,1293,80,176.00,71.84,32.45,3784,271852
437,437,*NOUSE*,*NOUSE*,0,0,0,0,0,0,0,0
438,438,*NOUSE*,*NOUSE*,0,0,0,0,0,0,0,0
439,439,DL20,,73,450,95,138.00,44.91,28.24,3597,161526
440,440,*NOUSE*,*NOUSE*,0,0,0,0,0,0,0,0
441,441,*NOUSE*,*NOUSE*,0,0,0,0,0,0,0,0
442,442,*NOUSE*,*NOUSE*,0,0,0,0,0,0,0,0
443,443,*NOUSE*,*NOUSE*,0,0,0,0,0,0,0,0
444,444,VL17,,74,578,50,142.00,42.23,29.33,4547,192019
445,445,*NOUSE*,*NOUSE*,0,0,0,0,0,0,0,0
446,446,*NOUSE*,*NOUSE*,0,0,0,0,0,0,0,0
447,447,*NOUSE*,*NOUSE*,0,0,0,0,0,0,0,0
448,448,*NOUSE*,*NOUSE*,0,0,0,0,0,0,0,0
449,449,*NOUSE*,*NOUSE*,0,0,0,0,0,0,0,0
450,450,*NOUSE*,*NOUSE*,0,0,0,0,0,0,0,0
451,451,INV5,,72,778,75,56.00,22.40, 7.60,4924,110322
452,452,PM3L,,74,1584,73,116.00,51.98,25.46,2203,114522
453,453,*NOUSE*,*NOUSE*,0,0,0,0,0,0,0,0
454,454,*NOUSE*,*NOUSE*,0,0,0,0,0,0,0,0
455,455,*NOUSE*,*NOUSE*,0,0,0,0,0,0,0,0
456,456,VIRL,,72,377,80,146.00,48.83,32.00,2918,142476
457,457,*NOUSE*,*NOUSE*,0,0,0,0,0,0,0,0
458,458,*NOUSE*,*NOUSE*,0,0,0,0,0,0,0,0
459,459,*NOUSE*,*NOUSE*,0,0,0,0,0,0,0,0
460,460,*NOUSE*,*NOUSE*,0,0,0,0,0,0,0,0
461,461,URXL,,70,1392,101,198.00,89.89,44.16,3485,313256
462,462,DL9,,75,1187,95,158.00,45.42,30.37,5332,242183
463,463,DL14,,75,878,99,97.00,34.62,19.65,4982,172495
464,464,*NOUSE*,*NOUSE*,0,0,0,0,0,0,0,0
465,465,RIGL,,70,1270,39,203.00,86.62,42.63,2661,230493
466,466,*NOUSE*,*NOUSE*,0,0,0,0,0,0,0,0
467,467,VL13,,75,921,41,137.00,42.73,29.97,4323,184708
468,468,*NOUSE*,*NOUSE*,0,0,0,0,0,0,0,0
469,469,*NOUSE*,*NOUSE*,0,0,0,0,0,0,0,0
470,470,*NOUSE*,*NOUSE*,0,0,0,0,0,0,0,0
471,471,PM4VL,,72,1514,55,161.00,57.28,30.70,4808,275384
472,472,*NOUSE*,*NOUSE*,0,0,0,0,0,0,0,0
473,473,M3L,,72,1473,68,245.00,92.56,56.14,3487,322744
474,474,*NOUSE*,*NOUSE*,0,0,0,0,0,0,0,0
475,475,VPI2DL,,74,1185,74,184.00,59.67,41.33,4788,285686
476,476,*NOUSE*,*NOUSE*,0,0,0,0,0,0,0,0
477,477,*NOUSE*,*NOUSE*,0,0,0,0,0,0,0,0
478,478,*NOUSE*,*NOUSE*,0,0,0,0,0,0,0,0
479,479,*NOUSE*,*NOUSE*,0,0,0,0,0,0,0,0
480,480,*NOUSE*,*NOUSE*,0,0,0,0,0,0,0,0
481,481,*NOUSE*,*NOUSE*,0,0,0,0,0,0,0,0
482,482,AVKL,,75,1282,51,177.00,77.05,39.29,3273,252186
483,483,PM7VL,,76,1222,53,146.00,45.44,26.70,5810,264014
484,484,*NOUSE*,*NOUSE*,0,0,0,0,0,0,0,0
485,485,VL18,,75,454,56,134.00,43.83,28.78,3634,159289
486,486,*NOUSE*,*NOUSE*,0,0,0,0,0,0,0,0
487,487,*NOUSE*,*NOUSE*,0,0,0,0,0,0,0,0
488,488,PM6VL,,76,1243,60,151.00,56.54,31.65,4569,258348
489,489,*NOUSE*,*NOUSE*,0,0,0,0,0,0,0,0
490,490,*NOUSE*,*NOUSE*,0,0,0,0,0,0,0,0
491,491,AVBL,,77,1318,82,201.00,83.50,42.93,3690,308119
492,492,*NOUSE*,*NOUSE*,0,0,0,0,0,0,0,0
493,493,*NOUSE*,*NOUSE*,0,0,0,0,0,0,0,0
494,494,*NOUSE*,*NOUSE*,0,0,0,0,0,0,0,0
495,495,*NOUSE*,*NOUSE*,0,0,0,0,0,0,0,0
496,496,*NOUSE*,*NOUSE*,0,0,0,0,0,0,0,0
497,497,VL9,,74,1197,32,151.00,51.91,33.81,5116,265592
498,498,*NOUSE*,*NOUSE*,0,0,0,0,0,0,0,0
499,499,*NOUSE*,*NOUSE*,0,0,0,0,0,0,0,0
500,500,IML,,77,409,59,155.00,47.38,31.86,5992,283881
501,501,REPVL,,77,366,68,188.00,55.60,40.10,4129,229555
502,502,*NOUSE*,*NOUSE*,0,0,0,0,0,0,0,0
503,503,*NOUSE*,*NOUSE*,0,0,0,0,0,0,0,0
504,504,*NOUSE*,*NOUSE*,0,0,0,0,0,0,0,0
505,505,DL3,,75,1561,102,149.00,52.07,26.93,4783,249045
506,506,*NOUSE*,*NOUSE*,0,0,0,0,0,0,0,0
507,507,*NOUSE*,*NOUSE*,0,0,0,0,0,0,0,0
508,508,VL12,,79,1009,43,142.00,43.63,30.36,4573,199528
509,509,*NOUSE*,*NOUSE*,0,0,0,0,0,0,0,0
510,510,*NOUSE*,*NOUSE*,0,0,0,0,0,0,0,0
511,511,PVQL,,78,343,68,183.00,61.08,42.22,3948,241127
512,512,*NOUSE*,*NOUSE*,0,0,0,0,0,0,0,0
513,513,G1AL,,77,1255,79,191.00,63.14,37.53,4105,259192
514,514,M5,,78,1216,86,194.00,61.74,42.97,4487,277030
515,515,*NOUSE*,*NOUSE*,0,0,0,0,0,0,0,0
516,516,I6,,77,1246,92,207.00,69.51,48.88,4079,283545
517,517,*NOUSE*,*NOUSE*,0,0,0,0,0,0,0,0
518,518,INDL1,,77,1110,93,84.00,29.57,12.54,7605,224849
519,519,*NOUSE*,*NOUSE*,0,0,0,0,0,0,0,0
520,520,IL2DL,,76,1494,100,188.00,72.34,39.91,3630,262594
521,521,CEPDL,,77,1410,105,218.00,82.27,50.76,4739,389880
522,522,*NOUSE*,*NOUSE*,0,0,0,0,0,0,0,0
523,523,*NOUSE*,*NOUSE*,0,0,0,0,0,0,0,0
524,524,*NOUSE*,*NOUSE*,0,0,0,0,0,0,0,0
525,525,*NOUSE*,*NOUSE*,0,0,0,0,0,0,0,0
526,526,VL14,,78,874,45,136.00,45.78,31.18,4936,225975
527,527,VL2,,78,1589,52,124.00,48.33,24.20,2536,122561
528,528,VL16,,80,706,55,131.00,44.62,28.61,5254,234429
529,529,*NOUSE*,*NOUSE*,0,0,0,0,0,0,0,0
530,530,NSML,,78,1500,65,216.00,77.03,47.20,3624,279141
531,531,AIBL,,78,1366,70,198.00,78.71,41.76,3761,296031
532,532,*NOUSE*,*NOUSE*,0,0,0,0,0,0,0,0
533,533,MC3DL,,81,1217,74,177.00,54.36,37.59,3485,189461
534,534,RIPL,,79,1457,80,209.00,79.48,41.62,3661,290963
535,535,*NOUSE*,*NOUSE*,0,0,0,0,0,0,0,0
536,536,*NOUSE*,*NOUSE*,0,0,0,0,0,0,0,0
537,537,*NOUSE*,*NOUSE*,0,0,0,0,0,0,0,0
538,538,VL8,,78,1233,34,219.00,67.40,43.99,2765,186361
539,539,*NOUSE*,*NOUSE*,0,0,0,0,0,0,0,0
540,540,PVCL,,75,306,72,232.00,84.37,58.22,3083,260123
541,541,*NOUSE*,*NOUSE*,0,0,0,0,0,0,0,0
542,542,*NOUSE*,*NOUSE*,0,0,0,0,0,0,0,0
543,543,*NOUSE*,*NOUSE*,0,0,0,0,0,0,0,0
544,544,*NOUSE*,*NOUSE*,0,0,0,0,0,0,0,0
545,545,*NOUSE*,*NOUSE*,0,0,0,0,0,0,0,0
546,546,*NOUSE*,*NOUSE*,0,0,0,0,0,0,0,0
547,547,SMDDL,,79,1374,43,217.00,81.24,44.28,2959,240385
548,548,SIAVL,,80,1336,47,212.00,84.66,49.06,2948,249564
549,549,CCLP,,80,814,47,160.00,47.89,32.28,4704,225296
550,550,*NOUSE*,*NOUSE*,0,0,0,0,0,0,0,0
551,551,*NOUSE*,*NOUSE*,0,0,0,0,0,0,0,0
552,552,ADFL,,80,1368,87,204.00,80.06,39.06,3499,280138
553,553,*NOUSE*,*NOUSE*,0,0,0,0,0,0,0,0
554,554,*NOUSE*,*NOUSE*,0,0,0,0,0,0,0,0
555,555,VL5,,77,1437,43,163.00,61.52,34.08,2069,127285
556,556,*NOUSE*,*NOUSE*,0,0,0,0,0,0,0,0
557,557,*NOUSE*,*NOUSE*,0,0,0,0,0,0,0,0
558,558,BDUL,,82,1112,68,211.00,59.87,46.87,4058,242933
559,559,RIML,,82,1319,70,186.00,85.62,41.32,3257,278862
560,560,*NOUSE*,*NOUSE*,0,0,0,0,0,0,0,0
561,561,*NOUSE*,*NOUSE*,0,0,0,0,0,0,0,0
562,562,ALML,,82,992,87,138.00,46.71,32.22,4342,202817
563,563,DL1,,80,1640,91,126.00,45.69,25.51,3424,156442
564,564,*NOUSE*,*NOUSE*,0,0,0,0,0,0,0,0
565,565,DL8,,82,1227,98,163.00,41.33,25.40,6039,249591
566,566,*NOUSE*,*NOUSE*,0,0,0,0,0,0,0,0
567,567,*NOUSE*,*NOUSE*,0,0,0,0,0,0,0,0
568,568,VL6,,83,1411,49,150.00,50.13,31.86,4328,216963
569,569,*NOUSE*,*NOUSE*,0,0,0,0,0,0,0,0
570,570,*NOUSE*,*NOUSE*,0,0,0,0,0,0,0,0
571,571,*NOUSE*,*NOUSE*,0,0,0,0,0,0,0,0
572,572,*NOUSE*,*NOUSE*,0,0,0,0,0,0,0,0
573,573,*NOUSE*,*NOUSE*,0,0,0,0,0,0,0,0
574,574,AVHL,,81,1318,97,230.00,90.83,51.84,3615,328351
575,575,*NOUSE*,*NOUSE*,0,0,0,0,0,0,0,0
576,576,CEPsoVL,,80,1476,52,214.00,85.28,46.96,2839,242116
577,577,URYVL,,83,1463,60,219.00,92.56,51.80,2852,263972
578,578,*NOUSE*,*NOUSE*,0,0,0,0,0,0,0,0
579,579,*NOUSE*,*NOUSE*,0,0,0,0,0,0,0,0
580,580,*NOUSE*,*NOUSE*,0,0,0,0,0,0,0,0
581,581,*NOUSE*,*NOUSE*,0,0,0,0,0,0,0,0
582,582,*NOUSE*,*NOUSE*,0,0,0,0,0,0,0,0
583,583,*NOUSE*,*NOUSE*,0,0,0,0,0,0,0,0
584,584,CEPshDL,,83,1440,93,213.00,72.62,40.42,4403,319739
585,585,*NOUSE*,*NOUSE*,0,0,0,0,0,0,0,0
586,586,*NOUSE*,*NOUSE*,0,0,0,0,0,0,0,0
587,587,VL4,,83,1495,49,157.00,61.07,34.01,3375,206117
588,588,HSNL,,83,745,57,154.00,51.71,35.58,4838,250190
589,589,*NOUSE*,*NOUSE*,0,0,0,0,0,0,0,0
590,590,*NOUSE*,*NOUSE*,0,0,0,0,0,0,0,0
591,591,*NOUSE*,*NOUSE*,0,0,0,0,0,0,0,0
592,592,*NOUSE*,*NOUSE*,0,0,0,0,0,0,0,0
593,593,*NOUSE*,*NOUSE*,0,0,0,0,0,0,0,0
594,594,*NOUSE*,*NOUSE*,0,0,0,0,0,0,0,0
595,595,*NOUSE*,*NOUSE*,0,0,0,0,0,0,0,0
596,596,*NOUSE*,*NOUSE*,0,0,0,0,0,0,0,0
597,597,*NOUSE*,*NOUSE*,0,0,0,0,0,0,0,0
598,598,*NOUSE*,*NOUSE*,0,0,0,0,0,0,0,0
599,599,*NOUSE*,*NOUSE*,0,0,0,0,0,0,0,0
600,600,*NOUSE*,*NOUSE*,0,0,0,0,0,0,0,0
601,601,*NOUSE*,*NOUSE*,0,0,0,0,0,0,0,0
602,602,HYP5L,,83,1672,77,101.00,35.70,18.73,5618,200559
603,603,*NOUSE*,*NOUSE*,0,0,0,0,0,0,0,0
604,604,*NOUSE*,*NOUSE*,0,0,0,0,0,0,0,0
605,605,AWBL,,85,1354,94,194.00,77.03,43.95,3808,293327
606,606,*NOUSE*,*NOUSE*,0,0,0,0,0,0,0,0
607,607,RICL,,87,1309,59,213.00,75.60,45.14,3457,261358
608,608,*NOUSE*,*NOUSE*,0,0,0,0,0,0,0,0
609,609,XXXL,,87,1487,64,243.00,87.63,55.04,3393,297337
610,610,*NOUSE*,*NOUSE*,0,0,0,0,0,0,0,0
611,611,*NOUSE*,*NOUSE*,0,0,0,0,0,0,0,0
612,612,*NOUSE*,*NOUSE*,0,0,0,0,0,0,0,0
613,613,*NOUSE*,*NOUSE*,0,0,0,0,0,0,0,0
614,614,P1/2L,,87,1032,54,111.00,36.99,21.33,6538,241849
615,615,*NOUSE*,*NOUSE*,0,0,0,0,0,0,0,0
616,616,HYP7ABLV,,88,1189,54,117.00,32.99,16.45,8391,276813
617,617,ADAL,,88,1277,55,197.00,73.46,46.49,3958,290759
618,618,*NOUSE*,*NOUSE*,0,0,0,0,0,0,0,0
619,619,*NOUSE*,*NOUSE*,0,0,0,0,0,0,0,0
620,620,*NOUSE*,*NOUSE*,0,0,0,0,0,0,0,0
621,621,*NOUSE*,*NOUSE*,0,0,0,0,0,0,0,0
622,622,*NOUSE*,*NOUSE*,0,0,0,0,0,0,0,0
623,623,*NOUSE*,*NOUSE*,0,0,0,0,0,0,0,0
624,624,AVJL,,84,1304,89,223.00,89.38,51.14,3525,315079
625,625,AMshl,,86,1277,87,133.00,53.24,24.15,5611,298742
626,626,HYP7LC2,,87,915,82,71.00,27.65,11.88,3860,106726
627,627,HYP7LC3,,86,804,85,75.00,27.93,11.50,2852,79645
628,628,*NOUSE*,*NOUSE*,0,0,0,0,0,0,0,0
629,629,*NOUSE*,*NOUSE*,0,0,0,0,0,0,0,0
630,630,*NOUSE*,*NOUSE*,0,0,0,0,0,0,0,0
631,631,*NOUSE*,*NOUSE*,0,0,0,0,0,0,0,0
632,632,ADEshl,,88,1237,52,206.00,59.88,44.28,4417,264475
633,633,*NOUSE*,*NOUSE*,0,0,0,0,0,0,0,0
634,634,SIBDL,,87,1385,61,243.00,89.12,54.11,3407,303637
635,635,IL1L,,84,1475,67,225.00,100.43,50.46,2553,256388
636,636,*NOUSE*,*NOUSE*,0,0,0,0,0,0,0,0
637,637,*NOUSE*,*NOUSE*,0,0,0,0,0,0,0,0
638,638,*NOUSE*,*NOUSE*,0,0,0,0,0,0,0,0
639,639,*NOUSE*,*NOUSE*,0,0,0,0,0,0,0,0
640,640,AINL,,87,1291,79,219.00,80.98,48.98,3797,307494
641,641,*NOUSE*,*NOUSE*,0,0,0,0,0,0,0,0
642,642,*NOUSE*,*NOUSE*,0,0,0,0,0,0,0,0
643,643,*NOUSE*,*NOUSE*,0,0,0,0,0,0,0,0
644,644,*NOUSE*,*NOUSE*,0,0,0,0,0,0,0,0
645,645,*NOUSE*,*NOUSE*,0,0,0,0,0,0,0,0
646,646,*NOUSE*,*NOUSE*,0,0,0,0,0,0,0,0
647,647,*NOUSE*,*NOUSE*,0,0,0,0,0,0,0,0
648,648,*NOUSE*,*NOUSE*,0,0,0,0,0,0,0,0
649,649,*NOUSE*,*NOUSE*,0,0,0,0,0,0,0,0
650,650,RMDVL,,89,1420,82,187.00,62.42,43.28,4948,308854
651,651,*NOUSE*,*NOUSE*,0,0,0,0,0,0,0,0
652,652,CEPsoDL,,87,1484,91,233.00,87.09,52.47,1914,166691
653,653,*NOUSE*,*NOUSE*,0,0,0,0,0,0,0,0
654,654,P7/8L,,89,650,60,88.00,32.37,17.05,6689,216500
655,655,RMDL,,87,1402,63,197.00,79.93,47.56,3271,261459
656,656,*NOUSE*,*NOUSE*,0,0,0,0,0,0,0,0
657,657,ASJL,,89,1331,61,154.00,62.41,34.47,4854,302933
658,658,*NOUSE*,*NOUSE*,0,0,0,0,0,0,0,0
659,659,IL2L,,90,1495,74,183.00,65.97,42.96,4391,289668
660,660,AVDL,,90,1307,74,209.00,76.93,50.64,4053,311806
661,661,*NOUSE*,*NOUSE*,0,0,0,0,0,0,0,0
662,662,OLQshDL,,90,1524,86,224.00,66.79,47.06,4480,299230
663,663,*NOUSE*,*NOUSE*,0,0,0,0,0,0,0,0
664,664,*NOUSE*,*NOUSE*,0,0,0,0,0,0,0,0
665,665,*NOUSE*,*NOUSE*,0,0,0,0,0,0,0,0
666,666,H0L,,90,1555,74,144.00,49.31,28.15,5769,284447
667,667,*NOUSE*,*NOUSE*,0,0,0,0,0,0,0,0
668,668,*NOUSE*,*NOUSE*,0,0,0,0,0,0,0,0
669,669,*NOUSE*,*NOUSE*,0,0,0,0,0,0,0,0
670,670,AWCL,,91,1371,68,165.00,62.17,37.74,5375,334184
671,671,H2L,,92,1262,69,132.00,46.03,23.71,5144,236765
672,672,*NOUSE*,*NOUSE*,0,0,0,0,0,0,0,0
673,673,*NOUSE*,*NOUSE*,0,0,0,0,0,0,0,0
674,674,*NOUSE*,*NOUSE*,0,0,0,0,0,0,0,0
675,675,ARCADL,*MANUAL*,87,1618,76,195.00,80.74,36.16,2090,168749
676,676,HYP2L,*MANUAL*,87,1603,82,157.00,77.88,30.64,2077,161766
677,677,ARCPDL,*MANUAL*,83,1591,88,168.00,71.72,36.59,2103,150817
678,678,AMsoL,*MANUAL*,81,1572,88,198.00,100.86,38.38,1365,137675
679,679,HYP1L,*MANUAL*,84,1552,87,206.00,105.18,42.94,1319,138732
680,680,ILshDL,*MANUAL*,82,1541,90,226.00,131.67,42.68,1251,164717
681,681,ARCPVL,*MANUAL*,85,1589,66,179.00,80.12,43.79,2103,168501
682,682,ILsoL,*MANUAL*,84,1568,64,193.00,110.61,38.89,1355,149873
683,683,OLQsoVL,*MANUAL*,81,1558,57,213.00,115.43,39.55,1358,156758
684,684,RID,*MANUAL*$380$312,64,1429,113,182.00,58.88,38.80,6513,383512
685,685,RMED,*MANUAL*,62,1454,105,214.00,128.80,31.35,1147,147732
686,686,OLQDL,*MANUAL*,71,1456,100,196.00,136.37,25.31,1339,182599
687,687,OLQDR,*MANUAL*,54,1457,99,218.00,145.07,29.59,1293,187570
688,688,IL1DL,*MANUAL*,69,1473,96,232.00,155.22,31.93,1187,184250
689,689,IL1DR,*MANUAL*,58,1474,98,212.00,134.20,35.88,1331,178619
690,690,URYDL,*MANUAL*,81,1461,95,228.00,138.38,34.88,1365,188894
691,691,RMEL,*MANUAL*,81,1441,79,220.00,117.54,50.14,1227,144225
692,692,OLLL,*MANUAL*,79,1474,84,220.00,128.78,32.58,1239,159553
693,693,URADL,*MANUAL*,78,1478,95,247.00,179.15,31.67,1365,244541
694,694,OLLsoL,*MANUAL*,85,1502,89,254.00,122.88,57.04,1365,167738
695,695,OLLshL,*MANUAL*,88,1527,69,213.00,106.92,47.54,1355,144877
696,696,OLQshVL,*MANUAL*,84,1545,61,207.00,116.07,38.22,1302,151126
697,697,ILshL,*MANUAL*,80,1538,53,199.00,119.43,39.26,1360,162425
698,698,URBL,*MANUAL*,87,1472,77,234.00,143.20,38.29,1365,195469
699,699,BAGL,*MANUAL*,86,1447,67,194.00,103.27,32.20,1942,200550
700,700,OLQVL,*MANUAL*,78,1452,58,206.00,124.59,34.44,1358,169187
701,701,CEPshVL,*MANUAL*,82,1431,57,208.00,66.11,43.83,2103,139037
702,702,AMsoR,*MANUAL*,42,1592,83,146.00,57.12,30.87,2103,120122
703,703,ARCPDR,*MANUAL*,46,1576,88,166.00,89.94,29.90,1365,122762
704,704,OLQshDR,*MANUAL*,37,1526,85,173.00,81.71,41.53,1365,111537
705,705,OLLsoR,*MANUAL*,40,1505,88,196.00,97.53,44.45,1365,133134
706,706,CEPsoDR,*MANUAL*,43,1491,94,204.00,108.49,45.01,1365,148094
707,707,URYDR,*MANUAL*,46,1463,94,212.00,130.57,35.83,1365,178226
708,708,URADR,*MANUAL*,47,1478,96,230.00,141.64,45.84,1342,190086
709,709,OLLR,*MANUAL*,47,1476,84,194.00,120.65,26.09,1226,147918
710,710,RMER,*MANUAL*,46,1442,77,174.00,98.20,33.90,1268,124521
711,711,ILsoR,*MANUAL*,43,1578,65,204.00,96.91,44.75,1365,132287
712,712,OLQsoVR,*MANUAL*,46,1564,57,171.00,94.17,34.17,1298,122227
713,713,OLQshvR,*MANUAL*,45,1549,58,179.00,91.19,35.46,1365,124478
714,714,IL2R,*MANUAL*,39,1498,71,146.00,64.79,32.50,2103,136256
715,715,URBR,*MANUAL*,40,1476,78,191.00,109.72,38.27,1279,140329
716,716,IL1R,*MANUAL*,43,1475,68,175.00,110.70,31.11,1365,151103
717,717,URYVR,*MANUAL*,46,1463,60,193.00,112.86,35.20,1333,150444
718,718,OLQVR,*MANUAL*,52,1448,60,178.00,86.12,40.92,2068,178088
719,719,CEPshVR,*MANUAL*,46,1432,60,185.00,63.46,39.45,1993,126467
720,720,URAVL,*MANUAL*,75,1460,49,241.00,121.68,55.68,1313,159765
721,721,CEPVR,*MANUAL*,61,1433,48,204.00,120.44,33.25,1341,161505
722,722,CEPVL,*MANUAL*,71,1439,52,218.00,132.15,30.67,1365,180387
723,723,URAVR,*MANUAL*,60,1450,49,233.00,138.79,35.83,1203,166963
724,724,IL1VR,*MANUAL*,65,1462,51,229.00,142.59,36.77,1365,194636
725,725,IL1VL,*MANUAL*,70,1476,48,228.00,139.34,33.31,1244,173341
726,726,IL2VR,*MANUAL*,59,1477,45,199.00,96.70,42.72,2082,201337
727,727,IL2VL,*MANUAL*,73,1489,44,190.00,117.41,39.00,1116,131029
728,728,CEPsoVR,*MANUAL*,52,1466,50,187.00,96.34,33.98,1365,131500
729,729,ARCAV,*MANUAL*,62,1681,51,139.00,55.39,35.39,2103,116479
730,730,HYP2V,*MANUAL*,70,1659,51,157.00,65.73,41.26,1949,128106
731,731,ARCPV,*MANUAL*,61,1652,49,171.00,75.50,41.69,2103,158769
732,732,HYP1V,*MANUAL*,60,1619,48,164.00,69.66,38.55,1681,117106
733,733,ILsoVR,*MANUAL*,59,1594,48,206.00,85.00,44.03,2103,178761
734,734,ILshVR,*MANUAL*,57,1550,47,229.00,113.56,44.80,1144,129907
735,735,ILsoVL,*MANUAL*,69,1635,49,192.00,83.71,43.45,2103,176049
736,736,ILshVL,*MANUAL*,70,1607,49,209.00,111.13,48.44,1365,151694
737,737,HYP6V1,*MANUAL*,65,1621,41,141.00,38.03,30.06,2969,112910
738,738,HYP6V2,*MANUAL*,65,1555,46,194.00,91.89,32.68,1781,163649
739,739,HYP7V1,*MANUAL*,65,1491,38,176.00,54.23,30.06,2969,160998
740,740,HYP7V2,*MANUAL*,67,1450,42,186.00,60.40,32.92,2969,179332
741,741,HYP31,*MANUAL*,60,1688,100,160.00,66.95,37.17,2103,140800
742,742,HYP32,*MANUAL*,65,1673,100,180.00,97.78,37.87,1357,132693
743,743,ARCPD,*MANUAL*,56,1661,100,182.00,68.46,42.30,2969,203270
744,744,ILsoDR,*MANUAL*,55,1638,99,187.00,110.28,36.03,1230,135649
745,745,OLQsoDR,*MANUAL*,55,1618,98,218.00,120.61,39.30,1316,158729
746,746,HYP6D1,*MANUAL*,62,1643,106,173.00,53.42,39.45,2969,158612
747,747,HYP6D2,*MANUAL*$337$303,61,1601,104,155.00,54.10,31.02,4196,227000
748,748,HYP7D1,*MANUAL*,64,1491,109,132.00,49.87,24.32,3644,181740
749,749,HYP7D2,*MANUAL*$379$393,64,1376,113,117.00,47.18,18.52,4003,188848
750,750,MI,*MANUAL*,58,1514,97,231.00,124.61,36.85,1746,217570
751,751,PM4DL,*MANUAL*,68,1516,97,208.00,104.36,32.45,2103,219468
752,752,PM4L,*MANUAL*$551$543,80,1514,80,189.00,67.90,37.49,4087,277507
753,753,PM4R,*MANUAL*,48,1516,72,184.00,76.88,38.60,2103,161674
754,754,PM4VR,*MANUAL*,57,1512,52,159.00,61.50,28.82,2969,182601
755,755,MCL,*MANUAL*,72,1521,68,250.00,146.06,46.54,1299,189729
756,756,I2L,*MANUAL*,81,1517,65,243.00,129.55,53.05,1365,176840
757,757,MC1V,*MANUAL*,64,1538,56,189.00,78.12,33.11,2811,219590
758,758,PM1DR,*MANUAL*,59,1534,95,243.00,116.98,55.73,1685,197103
759,759,PM1DL,*MANUAL*,68,1542,92,240.00,120.37,61.88,1751,210766
760,760,PM1VR,*MANUAL*,57,1539,60,223.00,141.15,37.78,895,126325
761,761,PM1VL,*MANUAL*,71,1539,64,239.00,111.21,53.14,2103,233885
762,762,MC1DL,*MANUAL*,73,1535,88,177.00,98.47,27.19,2103,207085
763,763,MC1DR,*MANUAL*,51,1533,86,204.00,80.57,31.65,2969,239217
764,764,I1L,*MANUAL*,73,1561,69,219.00,93.74,48.24,2103,197128
765,765,I1R,*MANUAL*,53,1561,66,194.00,74.57,40.94,2103,156823
766,766,E3D,*MANUAL*,62,1570,92,135.00,53.64,29.60,2103,112799
767,767,E1D,*MANUAL*,62,1627,93,187.00,89.06,37.79,1346,119873
768,768,E2VL,*MANUAL*$472$433,73,1710,65,128.00,39.35,26.33,5285,207945
769,769,PM2VL1,*MANUAL*,73,1678,66,196.00,77.54,46.17,2103,163057
770,770,*NOUSE*,*NOUSE*,0,0,0,0,0,0,0,0
771,771,PM2VL2,*MANUAL*,75,1660,66,184.00,63.49,44.91,2103,133521
772,772,E1VL,*MANUAL*,75,1632,67,196.00,77.74,56.06,818,63593
773,773,E3VL,*MANUAL*,75,1600,65,182.00,81.93,42.85,1365,111837
774,774,PM2VR1,*MANUAL*,53,1675,66,201.00,68.79,41.27,2103,144671
775,775,PM2VR2,*MANUAL*,52,1657,65,174.00,56.21,41.67,2103,118219
776,776,E1VR,*MANUAL*,51,1627,65,187.00,75.89,51.62,1038,78775
777,777,E3VR,*MANUAL*,52,1597,62,164.00,66.46,32.48,1319,87658
778,778,PM3R,*MANUAL*,52,1588,70,123.00,52.23,26.32,2103,109835
779,779,PM3VR,*MANUAL*,58,1632,62,159.00,57.28,26.18,1949,111629
780,780,PM3VL,*MANUAL*,70,1625,63,172.00,62.31,29.50,2103,131041
781,781,PM3DL,*MANUAL*,67,1615,89,152.00,57.51,25.53,2103,120945
782,782,AUAL,*MANUAL*,91,1350,60,216.00,113.06,42.11,1167,131945
783,783,ASHL,*MANUAL*,90,1351,78,166.00,77.99,32.81,2720,212127
784,784,ASEL,*MANUAL*,89,1329,81,151.00,80.30,33.07,2926,234953
785,785,RMGL,*MANUAL*,86,1262,54,196.00,113.08,37.68,1365,154350
786,786,ADEL,*MANUAL*,84,1281,67,207.00,130.07,40.06,1247,162199
787,787,FLPL,*MANUAL*,88,1294,61,220.00,130.08,37.54,1356,176383
788,788,GLRDL,*MANUAL*,69,1410,94,239.00,138.28,46.91,1363,188472
789,789,GLRDR,*MANUAL*,55,1410,95,233.00,128.45,46.04,1282,164676
790,790,SAAVL,*MANUAL*,77,1403,87,240.00,146.46,42.12,1295,189660
791,791,AVAL,*MANUAL*,87,1401,82,229.00,111.83,43.11,2103,235184
792,792,SMDVL,*MANUAL*,83,1391,95,209.00,112.53,36.84,1943,218638
793,793,AFDL,*MANUAL*,87,1381,84,172.00,92.74,34.62,2042,189373
794,794,ASIL,*MANUAL*,69,1327,95,163.00,111.90,23.06,1355,151624
795,795,ASIR,*MANUAL*,55,1322,93,165.00,85.10,33.85,2843,241953
796,796,ASGL,*MANUAL*,80,1335,95,188.00,104.10,38.31,2103,218919
797,797,AIZL,*MANUAL*,81,1300,70,200.00,133.96,31.39,1365,182854
798,798,AWAL,*MANUAL*,79,1351,84,204.00,103.59,37.21,2969,307569
799,799,AVEL,*MANUAL*,79,1390,74,213.00,104.48,42.07,2026,211676
800,800,RIBL,*MANUAL*,79,1335,75,211.00,119.79,31.90,1365,163519
801,801,RIAL,*MANUAL*,77,1384,89,211.00,136.66,30.69,1365,186545
802,802,AFDR,*MANUAL*,41,1376,84,160.00,83.42,29.02,1963,163745
803,803,SAAVR,*MANUAL*,49,1403,88,224.00,105.15,45.35,2045,215025
804,804,RIAR,*MANUAL*,51,1384,93,185.00,99.12,33.66,1882,186543
805,805,SMDVR,*MANUAL*,44,1393,95,186.00,98.27,37.10,2103,206654
806,806,ADFR,*MANUAL*,48,1367,89,169.00,92.89,27.03,2073,192566
807,807,AWBR,*MANUAL*,42,1355,95,187.00,96.30,33.67,1867,179787
808,808,ASGR,*MANUAL*,47,1333,95,171.00,101.53,29.87,2103,213517
809,809,AVDR,*MANUAL*,40,1304,74,193.00,106.87,35.51,1364,145776
810,810,AVBR,*MANUAL*,47,1312,83,176.00,93.96,32.73,2103,197595
811,811,AWAR,*MANUAL*,50,1351,88,178.00,95.14,30.50,2103,200088
812,812,RMGR,*MANUAL*,42,1262,56,165.00,94.79,28.55,1272,120568
813,813,ADAR,*MANUAL*,39,1277,56,173.00,103.77,33.70,1361,141227
814,814,ADER,*MANUAL*,43,1279,68,189.00,113.81,27.99,1365,155352
815,815,FLPR,*MANUAL*,39,1293,61,194.00,105.86,35.93,1313,138990
816,816,AIZR,*MANUAL*,48,1299,65,193.00,123.84,31.25,1365,169045
817,817,GLRVL,*MANUAL*,70,1401,59,243.00,149.73,41.41,1065,159461
818,818,GLRL,*MANUAL*,76,1399,66,253.00,152.88,42.00,1365,208676
819,819,GLRVR,*MANUAL*,58,1401,59,228.00,122.33,47.71,1274,155848
820,820,GLRR,*MANUAL*,52,1398,66,222.00,125.85,47.23,1365,171781
821,821,SIBVR,*MANUAL*,47,1379,56,226.00,133.07,40.14,1273,169404
822,822,SIBVL,*MANUAL*,79,1375,58,236.00,139.25,35.23,1347,187569
823,823,RMDDL,*MANUAL*,81,1393,49,201.00,100.96,47.87,1337,134981
824,824,SMBDL,*MANUAL*,80,1355,44,194.00,93.96,44.95,2103,197589
825,825,SIADL,*MANUAL*,83,1350,58,224.00,156.10,29.03,1183,184666
826,826,SMDDR,*MANUAL*,50,1369,43,187.00,84.12,41.68,2103,176912
827,827,SMBDR,*MANUAL*,50,1349,43,200.00,78.29,51.11,2103,164635
828,828,SIADR,*MANUAL*,46,1334,52,188.00,120.17,29.79,1078,129542
829,829,SIAVR,*MANUAL*,55,1334,54,205.00,126.78,35.91,1363,172798
830,830,AIAR,*MANUAL*,62,1346,51,211.00,134.55,34.58,1347,181233
831,831,AIAL,*MANUAL*,73,1348,56,240.00,149.20,35.71,1365,203655
832,832,EXC DUCT,*MANUAL*,74,1330,58,166.00,94.21,33.15,2070,195020
833,833,W,*MANUAL*,65,1318,38,187.00,85.06,28.60,2061,175299
834,834,RIH,*MANUAL*,65,1381,51,203.00,141.18,26.78,1005,141883
835,835,SAADR,*MANUAL*,56,1384,51,236.00,151.55,34.65,1365,206864
836,836,SAADL,*MANUAL*,74,1384,51,222.00,141.03,38.90,1365,192512
837,837,RIR,*MANUAL*,54,1370,60,206.00,120.76,28.73,1253,151318
838,838,SMBVR,*MANUAL*,60,1364,52,196.00,116.95,32.87,2021,236360
839,839,SMBVL,*MANUAL*,72,1364,52,189.00,126.35,31.12,1365,172467
840,840,EXC,*MANUAL*,71,1315,52,136.00,48.37,16.21,4139,200224
841,841,AIML,*MANUAL*,70,1296,50,223.00,142.57,39.41,1093,155827
842,842,AIYL,*MANUAL*,79,1296,53,225.00,146.32,39.91,1365,199733
843,843,*NOUSE*,*NOUSE*,0,0,0,0,0,0,0,0
844,844,AIMR,*MANUAL*,60,1302,51,211.00,119.19,38.00,1157,137906
845,845,AIYR,*MANUAL*,51,1303,50,211.00,134.31,37.40,1365,183332
846,846,PM5VL,*MANUAL*,67,1269,58,178.00,100.32,35.11,1901,190713
847,847,PM5VR,*MANUAL*,56,1269,59,187.00,98.18,37.10,2103,206472
848,848,PM5L,*MANUAL*,75,1275,71,207.00,107.47,34.77,2103,226016
849,849,I5,*MANUAL*,62,1254,49,166.00,85.70,35.03,2103,180235
850,850,M2L,*MANUAL*,76,1262,63,223.00,138.17,41.43,1365,188607
851,851,G1AR,*MANUAL*,48,1261,88,156.00,82.75,32.06,1817,150360
852,852,G1P,*MANUAL*,53,1202,84,121.00,56.38,23.22,2969,167389
853,853,INVR1,*MANUAL*$110$96,48,1126,47,79.00,28.33,11.39,7188,203603
854,854,INV2,*MANUAL*,70,1070,53,64.00,30.48, 8.78,4139,126138
855,855,INV4,*MANUAL*,62,885,55,50.00,21.32, 7.62,4139,88260
856,856,IND3,*MANUAL*,64,1014,92,53.00,22.05, 7.57,4139,91251
857,857,IND5,*MANUAL*,57,830,86,47.00,19.37, 7.61,4139,80168
858,858,M,*MANUAL*,58,622,79,74.00,27.42,12.88,3731,102307
859,859,IND2,*MANUAL*,49,1055,84,52.00,20.11, 8.28,4139,83240
860,860,IND8,*MANUAL*,67,467,88,92.00,32.29,12.21,3837,123899
861,861,INV9,*MANUAL*$388$402,65,419,58,99.00,38.39,16.90,4064,156012
862,862,HYP11,*MANUAL*$358$435,69,191,75,153.00,45.62,33.54,5411,246825
863,863,HYP8,*MANUAL*,62,182,67,175.00,72.38,35.20,4139,299563
864,864,HYP72,*MANUAL*,62,210,68,193.00,79.38,45.02,2103,166932
865,865,PVR,*MANUAL*,61,241,80,177.00,100.51,33.41,1971,198099
866,866,TL,*MANUAL*,71,248,77,157.00,51.06,28.83,4139,211333
867,867,TR,*MANUAL*,57,261,79,136.00,43.11,20.69,4087,176176
868,868,PHshl,*MANUAL*,71,285,76,242.00,121.60,55.78,1365,165982
869,869,ALNL,*MANUAL*,72,300,84,246.00,113.31,49.19,1864,211218
870,870,LUAL,*MANUAL*,76,316,79,249.00,109.78,65.34,1956,214723
871,871,PHBL,*MANUAL*,77,327,75,197.00,106.30,34.23,1875,199305
872,872,PHAL,*MANUAL*,74,327,64,209.00,96.06,43.96,2103,202012
873,873,SPH,*MANUAL*,76,384,65,208.00,108.50,39.07,1147,124447
874,874,PLMR,*MANUAL*,59,257,65,208.00,115.71,40.62,1365,157947
875,875,PHshR,*MANUAL*,58,286,75,237.00,118.48,49.07,1365,161720
876,876,ALNR,*MANUAL*,56,298,83,221.00,113.87,49.12,1344,153040
877,877,PVCR,*MANUAL*,54,309,71,198.00,99.28,42.64,2073,205815
878,878,LUAR,*MANUAL*,52,318,82,237.00,98.06,46.34,2087,204645
879,879,*NOUSE*,*NOUSE*,0,0,0,0,0,0,0,0
880,880,K,*MANUAL*,68,340,85,159.00,90.12,30.10,1871,168623
881,881,DEP,*MANUAL*,64,308,87,228.00,88.46,44.15,2969,262639
882,882,DA8,*MANUAL*,73,368,52,199.00,87.20,45.20,1659,144661
883,883,PVPL,*MANUAL*,71,390,52,188.00,94.15,37.25,2069,194805
884,884,P11/12L,*MANUAL*,81,393,61,172.00,52.37,32.90,2969,155472
885,885,DD6,*MANUAL*,66,372,57,204.00,112.15,43.70,1975,221494
886,886,PVPR,*MANUAL*,56,380,55,200.00,100.72,38.49,2103,211816
887,887,DB7,*MANUAL*,67,499,49,177.00,77.19,40.44,2103,162325
888,888,DA6,*MANUAL*,69,610,46,167.00,75.09,35.29,2103,157913
889,889,DD3,*MANUAL*,65,879,39,158.00,70.75,35.05,2103,148778
890,890,DD1,*MANUAL*,71,1251,34,222.00,132.33,32.92,1242,164348
891,891,SABD,*MANUAL*,57,1247,34,195.00,90.06,39.26,2040,183726
892,892,AVG,*MANUAL*,63,1258,32,201.00,97.77,36.30,2103,205612
893,893,RIFL,*MANUAL*,69,1282,36,222.00,135.21,37.82,1183,159955
894,894,SABVR,*MANUAL*,60,1280,38,250.00,144.71,44.32,1365,197527
895,895,V1L,*MANUAL*$621$611,87,1087,70,129.00,37.82,21.93,6603,249741
896,896,V2L,*MANUAL*$618$608,88,973,61,97.00,32.16,17.55,6501,209068
897,897,P3/4L,*MANUAL*$642$643$653,88,924,54,108.00,34.07,18.01,6436,219274
898,898,V3L,*MANUAL*$646$633,88,850,63,89.00,29.93,14.75,6952,208092
899,899,P5/6L,*MANUAL*$645$600,86,776,55,98.00,35.94,19.24,5237,188224
900,900,V4L,*MANUAL*$620$636,87,704,69,102.00,31.00,16.21,6588,204213
901,901,QL,*MANUAL*,85,597,74,93.00,50.74,16.93,2969,150646
902,902,V5L,*MANUAL*$580$579,83,556,71,110.00,34.50,17.75,6212,214316
903,903,P9/10L,*MANUAL*$571$570,82,523,61,123.00,37.90,22.90,6139,232691
904,904,V6L,*MANUAL*$601$590,83,463,72,94.00,30.98,16.47,6746,208968
905,905,CANL,*MANUAL*,86,796,71,137.00,62.74,26.81,2103,131943
906,906,P1/2R,*MANUAL*$7$6,37,1030,55,93.00,32.83,16.98,5205,170863
907,907,V2R,*MANUAL*$40$49,40,971,63,72.00,26.63,11.93,5452,145178
908,908,P3/4R,*MANUAL*$64$58,42,917,57,100.00,32.40,16.11,4609,149348
909,909,*NOUSE*,*NOUSE*,0,0,0,0,0,0,0,0
910,910,P5/6R,*MANUAL*$909$65$88,43,805,56,87.00,32.49,15.06,4172,135541
911,911,V4R,*MANUAL*$92$90,46,697,68,81.00,27.77,13.15,5683,157844
912,912,QR,*MANUAL*,51,630,69,97.00,43.08,16.92,4139,178299
913,913,V5R,*MANUAL*$103$115,47,573,69,103.00,30.69,15.13,5524,169531
914,914,H1R,*MANUAL*,38,1431,73,151.00,41.46,23.07,4139,171589
915,915,H2R,*MANUAL*,37,1264,68,142.00,47.82,24.46,4139,197940
916,916,AMshR,*MANUAL*,40,1270,89,143.00,47.25,26.18,4139,195588
917,917,HYP7RC2,*MANUAL*,43,902,81,66.00,20.92,10.00,4139,86592
918,918,VIRR,*MANUAL*,56,381,78,139.00,53.80,29.32,890,47883
919,919,HYP7RC6,*MANUAL*,49,378,80,137.00,32.81,22.46,2969,97401
920,920,H1L,*MANUAL*,91,1446,79,201.00,63.25,38.80,4139,261811
921,921,HYP7ABLD,*MANUAL*,88,1178,69,130.00,43.91,18.71,4139,181724
922,922,HYP7LC1,*MANUAL*$648$638$658,88,1134,73,115.00,30.87,14.94,8031,247891
923,923,HYP7LC4,*MANUAL*$651$628,87,659,87,78.00,27.20,11.54,6864,186677
924,924,HYP7LC5,*MANUAL*$582$572$573,81,524,86,96.00,32.29,15.61,6228,201121
925,925,HYP7LC6,*MANUAL*,78,348,85,142.00,36.87,30.51,4139,152620
926,926,*NOUSE*,*NOUSE*,0,0,0,0,0,0,0,0
927,927,DL4,*MANUAL*$606$596,82,1517,99,132.00,56.68,24.70,4109,232898
928,928,DL5,*MANUAL*$522$523,75,1452,111,151.00,56.59,27.15,4382,247970
929,929,DL6,*MANUAL*$586$575,83,1428,102,157.00,54.91,29.56,4881,268005
930,930,DL7,*MANUAL*$479$496,73,1299,107,159.00,62.20,33.09,4511,280604
931,931,DL10,*MANUAL*$545$536,79,1163,95,141.00,40.48,25.81,5530,223871
932,932,DL11,*MANUAL*$416$415,71,1087,107,147.00,43.90,30.69,5027,220709
933,933,DL12,*MANUAL*,75,1000,99,128.00,49.95,27.89,2969,148289
934,934,DL13,*MANUAL*$440$441,73,956,101,114.00,39.22,24.14,4354,170766
935,935,DL15,*MANUAL*,71,828,98,108.00,47.78,23.34,2969,141851
936,936,DL16,*MANUAL*$426$423,72,737,98,108.00,37.57,21.08,4235,159101
937,937,DL17,*MANUAL*$493$492,75,659,100,119.00,38.32,22.75,4893,187523
938,938,*NOUSE*,*NOUSE*,0,0,0,0,0,0,0,0
939,939,DL18,*MANUAL*,73,581,98,142.00,49.78,29.14,2969,147805
940,940,DL19,*MANUAL*$413$412,70,515,97,150.00,44.82,29.53,4701,210691
941,941,DR20,*MANUAL*,58,461,95,139.00,51.13,27.11,2103,107526
942,942,DR15,*MANUAL*$264$263,58,870,102,112.00,35.03,21.83,4136,144898
943,943,DR14,*MANUAL*,53,929,99,90.00,34.50,18.43,2969,102432
944,944,*NOUSE*,*NOUSE*,0,0,0,0,0,0,0,0
945,945,DR2,*MANUAL*$162$944,48,1606,96,154.00,53.46,29.70,3364,179856
946,946,*NOUSE*,*NOUSE*,0,0,0,0,0,0,0,0
947,947,*NOUSE*,*NOUSE*,0,0,0,0,0,0,0,0
948,948,VR1,*MANUAL*$947$946,45,1615,60,153.00,51.50,29.63,3344,172229
949,949,VR5,*MANUAL*,52,1441,43,158.00,53.71,39.56,2103,112944
950,950,VR7,*MANUAL*$203$184,52,1319,40,143.00,57.32,29.19,3842,220224
951,951,VR8,*MANUAL*$85$86,47,1235,38,148.00,51.59,31.97,4186,215974
952,952,VR9,*MANUAL*$166$142,51,1206,31,162.00,49.66,32.48,4908,243749
953,953,CCRA,*MANUAL*,41,1059,49,130.00,64.21,28.63,2103,135032
954,954,VR12,*MANUAL*$73$74$87,46,1018,42,125.00,37.84,21.65,5994,226791
955,955,VR13,*MANUAL*$167$185,52,954,40,111.00,37.89,21.79,5191,196665
956,956,VR14,*MANUAL*,49,889,44,115.00,36.05,24.82,2969,107021
957,957,Z1,*MANUAL*,51,793,53,110.00,50.50,17.88,2969,149947
958,958,VR18,*MANUAL*$217$227,55,579,52,121.00,36.07,21.98,6084,219470
959,959,VR19,*MANUAL*$248$247,56,465,54,131.00,39.17,25.55,4432,173599
960,960,*NOUSE*,*NOUSE*,0,0,0,0,0,0,0,0
961,961,VR20,*MANUAL*$960$237,58,287,62,181.00,67.08,43.96,2874,192791
962,962,VL19,*MANUAL*,68,294,61,181.00,91.40,39.11,2103,192216
963,963,VL15,*MANUAL*,77,783,46,148.00,57.18,32.22,2969,169774
964,964,VL11,*MANUAL*$395$396,70,1084,37,138.00,40.41,28.80,5617,226995
965,965,VL10,*MANUAL*$524$507,78,1171,34,159.00,43.14,30.47,5857,252684
966,966,EXC GL L,*MANUAL*$556$599,79,1257,40,159.00,59.04,32.74,3019,178230
967,967,VL7,*MANUAL*$566$525,76,1306,38,156.00,62.61,31.08,3302,206729
968,968,VL3,*MANUAL*,75,1559,45,164.00,73.66,38.65,2103,154909
969,969,VL1,*MANUAL*,83,1627,63,173.00,58.51,34.32,2969,173708
970,970,HMC,*MANUAL*$378$351,64,1293,101,199.00,77.15,37.35,4318,333127
971,971,PM5DL,*MANUAL*,71,1276,89,195.00,87.18,35.68,2969,258832
972,972,IL2DR,*MANUAL*,53,1496,105,184.00,77.85,44.01,2969,231139
973,973,DR5,*MANUAL*,51,1458,109,171.00,77.71,27.97,895,69548
974,974,DL2,*MANUAL*,77,1608,98,115.00,63.61,19.59,1365,86830
975,975,OLQSODL,*MANUAL*,68,1621,101,221.00,128.96,43.83,895,115415
976,976,f1,*MANUAL*,66,1729,74,10.00, 1.35, 1.45,895,1210
977,977,f2,*MANUAL*,66,1644,70,102.00,15.03,14.87,895,13449
978,978,f3,*MANUAL*,64,1491,72,17.00, 8.30, 2.85,895,7425
979,979,f4,*MANUAL*,63,1376,72,37.00,14.24, 4.52,895,12749
980,980,f5,*MANUAL*,62,1315,72,23.00,12.76, 3.47,895,11417
981,981,f6,*MANUAL*,62,1226,68,18.00, 5.97, 2.38,895,5344
982,982,f7,*MANUAL*,62,1154,67, 7.00, 1.90, 1.27,895,1701
983,983,f8,*MANUAL*,64,675,69, 9.00, 2.11, 1.61,895,1887
984,984,f9,*MANUAL*,64,468,70,15.00, 4.02, 2.32,895,3595
985,985,f10,*MANUAL*,64,397,71,14.00, 4.89, 2.06,895,4373
