0,0,*NOUSE*,*NOUSE*,0,0,0,0,0,0,0,0
1,1,*NOUSE*,*NOUSE*,0,0,0,0,0,0,0,0
2,2,*NOUSE*,*NOUSE*,0,0,0,0,0,0,0,0
3,3,*NOUSE*,*NOUSE*,0,0,0,0,0,0,0,0
4,4,*NOUSE*,*NOUSE*,0,0,0,0,0,0,0,0
5,5,*NOUSE*,*NOUSE*,0,0,0,0,0,0,0,0
6,6,*NOUSE*,*NOUSE*,0,0,0,0,0,0,0,0
7,7,*NOUSE*,*NOUSE*,0,0,0,0,0,0,0,0
8,8,*NOUSE*,*NOUSE*,0,0,0,0,0,0,0,0
9,9,*NOUSE*,*NOUSE*,0,0,0,0,0,0,0,0
10,10,*NOUSE*,*NOUSE*,0,0,0,0,0,0,0,0
11,11,*NOUSE*,*NOUSE*,0,0,0,0,0,0,0,0
12,12,*NOUSE*,*NOUSE*,0,0,0,0,0,0,0,0
13,13,*NOUSE*,*NOUSE*,0,0,0,0,0,0,0,0
14,14,*NOUSE*,*NOUSE*,0,0,0,0,0,0,0,0
15,15,*NOUSE*,*NOUSE*,0,0,0,0,0,0,0,0
16,16,*NOUSE*,*NOUSE*,0,0,0,0,0,0,0,0
17,17,*NOUSE*,*NOUSE*,0,0,0,0,0,0,0,0
18,18,*NOUSE*,*NOUSE*,0,0,0,0,0,0,0,0
19,19,*NOUSE*,*NOUSE*,0,0,0,0,0,0,0,0
20,20,*NOUSE*,*NOUSE*,0,0,0,0,0,0,0,0
21,21,*NOUSE*,*NOUSE*,0,0,0,0,0,0,0,0
22,22,*NOUSE*,*NOUSE*,0,0,0,0,0,0,0,0
23,23,*NOUSE*,*NOUSE*,0,0,0,0,0,0,0,0
24,24,*NOUSE*,*NOUSE*,0,0,0,0,0,0,0,0
25,25,*NOUSE*,*NOUSE*,0,0,0,0,0,0,0,0
26,26,*NOUSE*,*NOUSE*,0,0,0,0,0,0,0,0
27,27,*NOUSE*,*NOUSE*,0,0,0,0,0,0,0,0
28,28,*NOUSE*,*NOUSE*,0,0,0,0,0,0,0,0
29,29,*NOUSE*,*NOUSE*,0,0,0,0,0,0,0,0
30,30,*NOUSE*,*NOUSE*,0,0,0,0,0,0,0,0
31,31,*NOUSE*,*NOUSE*,0,0,0,0,0,0,0,0
32,32,*NOUSE*,*NOUSE*,0,0,0,0,0,0,0,0
33,33,*NOUSE*,*NOUSE*,0,0,0,0,0,0,0,0
34,34,*NOUSE*,*NOUSE*,0,0,0,0,0,0,0,0
35,35,*NOUSE*,*NOUSE*,0,0,0,0,0,0,0,0
36,36,*NOUSE*,*NOUSE*,0,0,0,0,0,0,0,0
37,37,*NOUSE*,*NOUSE*,0,0,0,0,0,0,0,0
38,38,*NOUSE*,*NOUSE*,0,0,0,0,0,0,0,0
39,39,*NOUSE*,*NOUSE*,0,0,0,0,0,0,0,0
40,40,*NOUSE*,*NOUSE*,0,0,0,0,0,0,0,0
41,41,*NOUSE*,*NOUSE*,0,0,0,0,0,0,0,0
42,42,*NOUSE*,*NOUSE*,0,0,0,0,0,0,0,0
43,43,*NOUSE*,*NOUSE*,0,0,0,0,0,0,0,0
44,44,*NOUSE*,*NOUSE*,0,0,0,0,0,0,0,0
45,45,*NOUSE*,*NOUSE*,0,0,0,0,0,0,0,0
46,46,*NOUSE*,*NOUSE*,0,0,0,0,0,0,0,0
47,47,*NOUSE*,*NOUSE*,0,0,0,0,0,0,0,0
48,48,*NOUSE*,*NOUSE*,0,0,0,0,0,0,0,0
49,49,*NOUSE*,*NOUSE*,0,0,0,0,0,0,0,0
50,50,*NOUSE*,*NOUSE*,0,0,0,0,0,0,0,0
51,51,*NOUSE*,*NOUSE*,0,0,0,0,0,0,0,0
52,52,*NOUSE*,*NOUSE*,0,0,0,0,0,0,0,0
53,53,*NOUSE*,*NOUSE*,0,0,0,0,0,0,0,0
54,54,*NOUSE*,*NOUSE*,0,0,0,0,0,0,0,0
55,55,*NOUSE*,*NOUSE*,0,0,0,0,0,0,0,0
56,56,*NOUSE*,*NOUSE*,0,0,0,0,0,0,0,0
57,57,*NOUSE*,*NOUSE*,0,0,0,0,0,0,0,0
58,58,*NOUSE*,*NOUSE*,0,0,0,0,0,0,0,0
59,59,*NOUSE*,*NOUSE*,0,0,0,0,0,0,0,0
60,60,*NOUSE*,*NOUSE*,0,0,0,0,0,0,0,0
61,61,*NOUSE*,,64,228,67,157.00,116.83,17.69,12,1402
62,62,*NOUSE*,*NOUSE*,0,0,0,0,0,0,0,0
63,63,*NOUSE*,*NOUSE*,0,0,0,0,0,0,0,0
64,64,*NOUSE*,*NOUSE*,0,0,0,0,0,0,0,0
65,65,*NOUSE*,*NOUSE*,0,0,0,0,0,0,0,0
66,66,*NOUSE*,*NOUSE*,0,0,0,0,0,0,0,0
67,67,*NOUSE*,*NOUSE*,0,0,0,0,0,0,0,0
68,68,*NOUSE*,*NOUSE*,0,0,0,0,0,0,0,0
69,69,*NOUSE*,*NOUSE*,0,0,0,0,0,0,0,0
70,70,*NOUSE*,*NOUSE*,0,0,0,0,0,0,0,0
71,71,*NOUSE*,*NOUSE*,0,0,0,0,0,0,0,0
72,72,*NOUSE*,*NOUSE*,0,0,0,0,0,0,0,0
73,73,*NOUSE*,*NOUSE*,0,0,0,0,0,0,0,0
74,74,*NOUSE*,*NOUSE*,0,0,0,0,0,0,0,0
75,75,*NOUSE*,*NOUSE*,0,0,0,0,0,0,0,0
76,76,*NOUSE*,*NOUSE*,0,0,0,0,0,0,0,0
77,77,*NOUSE*,*NOUSE*,0,0,0,0,0,0,0,0
78,78,*NOUSE*,*NOUSE*,0,0,0,0,0,0,0,0
79,79,*NOUSE*,*NOUSE*,0,0,0,0,0,0,0,0
80,80,*NOUSE*,*NOUSE*,0,0,0,0,0,0,0,0
81,81,*NOUSE*,*NOUSE*,0,0,0,0,0,0,0,0
82,82,*NOUSE*,*NOUSE*,0,0,0,0,0,0,0,0
83,83,*NOUSE*,,73,1047,62,88.00,69.78,14.36,9,628
84,84,*NOUSE*,*NOUSE*,0,0,0,0,0,0,0,0
85,85,*NOUSE*,*NOUSE*,0,0,0,0,0,0,0,0
86,86,*NOUSE*,*NOUSE*,0,0,0,0,0,0,0,0
87,87,*NOUSE*,*NOUSE*,0,0,0,0,0,0,0,0
88,88,*NOUSE*,*NOUSE*,0,0,0,0,0,0,0,0
89,89,*NOUSE*,*NOUSE*,0,0,0,0,0,0,0,0
90,90,*NOUSE*,*NOUSE*,0,0,0,0,0,0,0,0
91,91,*NOUSE*,*NOUSE*,0,0,0,0,0,0,0,0
92,92,*NOUSE*,*NOUSE*,0,0,0,0,0,0,0,0
93,93,*NOUSE*,*NOUSE*,0,0,0,0,0,0,0,0
94,94,*NOUSE*,*NOUSE*,0,0,0,0,0,0,0,0
95,95,*NOUSE*,*NOUSE*,0,0,0,0,0,0,0,0
96,96,*NOUSE*,*NOUSE*,0,0,0,0,0,0,0,0
97,97,*NOUSE*,*NOUSE*,0,0,0,0,0,0,0,0
98,98,*NOUSE*,*NOUSE*,0,0,0,0,0,0,0,0
99,99,*NOUSE*,*NOUSE*,0,0,0,0,0,0,0,0
100,100,*NOUSE*,*NOUSE*,0,0,0,0,0,0,0,0
101,101,*NOUSE*,*NOUSE*,0,0,0,0,0,0,0,0
102,102,*NOUSE*,*NOUSE*,0,0,0,0,0,0,0,0
103,103,*NOUSE*,*NOUSE*,0,0,0,0,0,0,0,0
104,104,*NOUSE*,*NOUSE*,0,0,0,0,0,0,0,0
105,105,*NOUSE*,*NOUSE*,0,0,0,0,0,0,0,0
106,106,*NOUSE*,*NOUSE*,0,0,0,0,0,0,0,0
107,107,*NOUSE*,*NOUSE*,0,0,0,0,0,0,0,0
108,108,*NOUSE*,*NOUSE*,0,0,0,0,0,0,0,0
109,109,*NOUSE*,*NOUSE*,0,0,0,0,0,0,0,0
110,110,*NOUSE*,*NOUSE*,0,0,0,0,0,0,0,0
111,111,*NOUSE*,*NOUSE*,0,0,0,0,0,0,0,0
112,112,*NOUSE*,*NOUSE*,0,0,0,0,0,0,0,0
113,113,*NOUSE*,*NOUSE*,0,0,0,0,0,0,0,0
114,114,*NOUSE*,*NOUSE*,0,0,0,0,0,0,0,0
115,115,*NOUSE*,*NOUSE*,0,0,0,0,0,0,0,0
116,116,*NOUSE*,*NOUSE*,0,0,0,0,0,0,0,0
117,117,*NOUSE*,*NOUSE*,0,0,0,0,0,0,0,0
118,118,*NOUSE*,*NOUSE*,0,0,0,0,0,0,0,0
119,119,*NOUSE*,*NOUSE*,0,0,0,0,0,0,0,0
120,120,*NOUSE*,*NOUSE*,0,0,0,0,0,0,0,0
121,121,*NOUSE*,*NOUSE*,0,0,0,0,0,0,0,0
122,122,*NOUSE*,*NOUSE*,0,0,0,0,0,0,0,0
123,123,*NOUSE*,*NOUSE*,0,0,0,0,0,0,0,0
124,124,*NOUSE*,*NOUSE*,0,0,0,0,0,0,0,0
125,125,*NOUSE*,*NOUSE*,0,0,0,0,0,0,0,0
126,126,*NOUSE*,*NOUSE*,0,0,0,0,0,0,0,0
127,127,*NOUSE*,*NOUSE*,0,0,0,0,0,0,0,0
128,128,*NOUSE*,*NOUSE*,0,0,0,0,0,0,0,0
129,129,*NOUSE*,*NOUSE*,0,0,0,0,0,0,0,0
130,130,*NOUSE*,*NOUSE*,0,0,0,0,0,0,0,0
131,131,*NOUSE*,*NOUSE*,0,0,0,0,0,0,0,0
132,132,*NOUSE*,*NOUSE*,0,0,0,0,0,0,0,0
133,133,DA7,*MANUAL*,67,411,46,216.00,141.54,26.79,895,126679
134,134,DB7,*MANUAL*,68,436,46,225.00,134.87,30.08,851,114776
135,135,DD5,*MANUAL*,69,464,47,225.00,131.29,35.06,895,117501
136,136,DA6,*MANUAL*,67,525,48,184.00,109.73,27.17,895,98210
137,137,DB6,*MANUAL*,68,551,46,200.00,120.15,28.49,895,107536
138,138,DD4,*MANUAL*,67,595,45,187.00,111.72,29.67,895,99990
139,139,DA5,*MANUAL*,68,661,35,212.00,125.12,31.01,895,111982
140,140,DB5,*MANUAL*,65,702,38,186.00,109.84,28.80,895,98309
141,141,DD3,*MANUAL*,66,761,38,190.00,115.74,34.02,895,103585
142,142,DA4,*MANUAL*,66,776,39,201.00,108.46,32.70,895,97074
143,143,DB4,*MANUAL*,72,835,35,177.00,100.21,23.44,895,89687
144,144,DA3,*MANUAL*,76,854,33,194.00,109.52,25.88,895,98020
145,145,DD2,*MANUAL*,74,890,33,218.00,123.98,30.21,871,107985
146,146,DA2,*MANUAL*,68,943,36,191.00,112.18,26.26,895,100403
147,147,DB3,*MANUAL*,67,964,34,166.00,92.43,25.36,895,82727
148,148,Z1,*MANUAL*,52,696,46,188.00,99.26,27.75,1365,135486
149,149,Z2,*MANUAL*,54,666,52,159.00,80.80,26.51,1365,110288
150,150,Z3,*MANUAL*,69,648,54,209.00,89.19,29.44,2103,187563
151,151,Z4,*MANUAL*,72,629,46,163.00,102.09,22.50,895,91375
152,152,BDUL,*MANUAL*,86,950,59,167.00,113.49,22.91,895,101572
153,153,ALML,*MANUAL*,81,832,96,138.00,91.07,19.53,895,81512
154,154,CANL,*MANUAL*,81,692,72,165.00,91.38,26.58,895,81787
155,155,HSNL,*MANUAL*,84,627,59,208.00,121.97,24.96,895,109164
156,156,BDUR,*MANUAL*,47,945,60,228.00,144.73,32.86,863,124901
157,157,ALMR,*MANUAL*,42,791,91,200.00,124.63,27.88,895,111542
158,158,CANR,*MANUAL*,41,701,63,200.00,121.48,28.49,895,108728
159,159,HSNR,*MANUAL*,49,648,53,240.00,137.77,36.69,895,123306
160,160,V1L,*MANUAL*,90,927,64,108.00,58.90,15.64,895,52715
161,161,P1/2L,*MANUAL*,93,832,59,104.00,54.58,14.70,1365,74499
162,162,HYP7LC2,*MANUAL*,89,822,81,95.00,40.14,13.42,1365,54795
163,163,P3/4L,*MANUAL*,86,789,57,125.00,59.22,16.94,1365,80835
164,164,V3L,*MANUAL*,86,736,60,114.00,56.62,15.80,1365,77293
165,165,INVL1,*MANUAL*,73,947,57,110.00,53.25,14.52,1365,72693
166,166,INVR1,*MANUAL*,57,943,56,139.00,65.58,19.21,1365,89510
167,167,INDL1,*MANUAL*,78,938,87,94.00,42.82,13.50,1365,58454
168,168,INDR1,*MANUAL*,52,954,90,114.00,55.32,15.38,1365,75508
169,169,IND2,*MANUAL*,60,908,89,79.00,35.68,11.89,2103,75037
170,170,INV2,*MANUAL*,77,901,45,89.00,40.54,12.82,1365,55336
171,171,IND3,*MANUAL*,76,860,87,63.00,28.27, 8.91,2103,59444
172,172,INV3,*MANUAL*,69,833,52,58.00,29.37, 9.15,1365,40088
173,173,IND4,*MANUAL*,62,793,87,74.00,33.72,10.24,2103,70907
174,174,INV4,*MANUAL*,66,757,54,76.00,33.69,11.61,1365,45992
175,175,IND5,*MANUAL*,53,719,82,63.00,28.90, 9.82,1365,39454
176,176,INV5,*MANUAL*,69,679,77,81.00,31.27,10.90,2103,65768
177,177,INV6,*MANUAL*,58,634,72,74.00,34.86,13.16,1365,47586
178,178,IND6,*MANUAL*,64,592,89,76.00,35.88,12.09,2103,75456
179,179,INV7,*MANUAL*,69,543,64,86.00,39.10,11.39,2103,82236
180,180,IND7,*MANUAL*,61,507,91,79.00,39.89,12.41,2103,83887
181,181,INV8,*MANUAL*,62,449,57,127.00,57.36,18.42,2103,120629
182,182,IND8,*MANUAL*,68,421,84,100.00,50.25,13.48,1365,68594
183,183,IND9,*MANUAL*,71,373,84,120.00,52.36,24.94,1365,71470
184,184,INV9,*MANUAL*,59,379,58,143.00,73.58,21.71,1365,100437
185,185,HYP7LC1,*MANUAL*,101,872,47,145.00,62.83,27.30,2103,132136
186,186,HYP7LC3,*MANUAL*,82,716,83,92.00,37.58,13.70,2103,79024
187,187,HYP7LC4,*MANUAL*,83,585,86,96.00,38.26,17.33,2103,80470
188,188,HYP7LC5,*MANUAL*,83,469,84,120.00,49.84,20.58,2103,104820
189,189,V6L,*MANUAL*,82,422,68,172.00,70.44,23.22,1365,96157
190,190,P9/10L,*MANUAL*,82,467,62,173.00,82.37,25.41,1365,112435
191,191,V5L,*MANUAL*,83,492,72,148.00,79.45,20.31,1365,108451
192,192,QL,*MANUAL*,84,530,73,136.00,77.46,20.29,1365,105738
193,193,P7/8L,*MANUAL*,84,573,61,143.00,74.07,20.69,1365,101101
194,194,V4L,*MANUAL*,84,608,64,120.00,62.61,18.04,895,56034
195,195,P5/6L,*MANUAL*,83,680,56,130.00,65.06,19.18,1365,88809
196,196,P11/12L,*MANUAL*,80,359,62,153.00,87.13,24.58,895,77979
197,197,IML,*MANUAL*,78,402,60,211.00,96.15,32.09,895,86057
198,198,HYP7LC6,*MANUAL*,78,314,84,137.00,69.53,18.83,895,62232
199,199,V1R,*MANUAL*,42,918,59,142.00,70.66,20.40,1365,96448
200,200,HYP7RC6,*MANUAL*,49,326,83,148.00,53.99,20.91,895,48321
201,201,V6R,*MANUAL*,48,422,64,173.00,78.80,30.66,1365,107568
202,202,P11/12R,*MANUAL*,49,346,59,196.00,97.96,35.95,895,87677
203,203,IMR,*MANUAL*,51,371,55,191.00,101.76,35.87,895,91075
204,204,HYP7RC5,*MANUAL*,49,464,78,166.00,73.34,26.82,1365,100114
205,205,V5R,*MANUAL*,49,488,64,191.00,93.99,28.75,1365,128303
206,206,P9/10R,*MANUAL*,50,464,56,194.00,97.56,33.52,1365,133172
207,207,M,*MANUAL*,50,531,78,132.00,48.05,22.95,2103,101045
208,208,QR,*MANUAL*,47,548,63,186.00,86.18,29.68,1365,117631
209,209,HYP7RC4,*MANUAL*,45,576,81,146.00,50.74,23.09,2103,106710
210,210,P7/8R,*MANUAL*,46,576,56,161.00,82.52,27.74,1365,112643
211,211,V4R,*MANUAL*,45,624,58,148.00,72.73,26.36,1365,99270
212,212,HYP7RC3,*MANUAL*,39,723,74,122.00,49.66,20.00,2103,104433
213,213,HYP7RC2,*MANUAL*,40,811,76,125.00,44.72,17.87,2103,94043
214,214,HYP7RC1,*MANUAL*,40,947,77,136.00,62.73,21.72,1365,85629
215,215,P5/6R,*MANUAL*,42,707,48,169.00,77.67,27.70,1365,106026
216,216,V3R,*MANUAL*,44,745,56,156.00,75.85,25.41,1365,103531
217,217,P3/4R,*MANUAL*,42,794,55,163.00,74.69,25.33,1365,101947
218,218,V2R,*MANUAL*,48,842,55,146.00,72.39,21.81,1365,98809
219,219,P1/2R,*MANUAL*,50,889,77,104.00,47.21,16.66,1365,64446
220,220,VL1,*MANUAL*,83,1375,52,102.00,60.75,14.82,895,54373
221,221,VL2,*MANUAL*,79,1354,49,123.00,70.25,18.84,895,62877
222,222,VL3,*MANUAL*,75,1330,45,124.00,67.95,20.47,895,60816
223,223,VL4,*MANUAL*,81,1266,47,154.00,84.78,22.35,895,75875
224,224,VL5,*MANUAL*,73,1217,39,182.00,98.25,24.04,895,87931
225,225,VL6,*MANUAL*,82,1204,46,189.00,101.16,22.19,895,90536
226,226,DL1,*MANUAL*,83,1375,81,101.00,61.04,13.28,895,54630
227,227,DL2,*MANUAL*,80,1352,93,130.00,71.97,19.18,895,64417
228,228,DL3,*MANUAL*,76,1321,99,126.00,62.81,20.88,895,56217
229,229,DL4,*MANUAL*,81,1283,96,143.00,82.91,18.76,895,74204
230,230,DL5,*MANUAL*,82,1205,95,135.00,84.50,19.85,861,72753
231,231,DL6,*MANUAL*,76,1201,102,152.00,87.10,25.65,895,77952
232,232,VR1,*MANUAL*,47,1374,62,145.00,82.10,16.66,825,67735
233,233,VR2,*MANUAL*,48,1356,54,130.00,58.89,22.23,895,52706
234,234,VR3,*MANUAL*,49,1325,48,166.00,74.65,27.59,895,66811
235,235,VR4,*MANUAL*,41,1274,53,166.00,92.66,26.07,895,82929
236,236,VR5,*MANUAL*,50,1226,40,173.00,89.37,28.87,895,79987
237,237,VR6,*MANUAL*,42,1227,51,233.00,117.68,35.51,873,102732
238,238,DR1,*MANUAL*,48,1374,87,122.00,62.95,19.45,895,56342
239,239,DR2,*MANUAL*,50,1350,96,120.00,68.03,20.35,895,60888
240,240,DR3,*MANUAL*,53,1318,101,155.00,85.66,22.14,895,76668
241,241,DR4,*MANUAL*,45,1278,97,156.00,80.99,27.09,889,71999
242,242,DR5,*MANUAL*,51,1243,104,194.00,110.79,35.12,839,92952
243,243,DR6,*MANUAL*,45,1202,96,177.00,101.27,27.14,883,89422
244,244,VL18,*MANUAL*,74,431,52,217.00,126.47,29.55,895,113187
245,245,VL17,*MANUAL*,74,508,53,173.00,100.75,24.46,895,90167
246,246,VL16,*MANUAL*,73,610,50,178.00,93.37,25.95,1365,127453
247,247,VL15,*MANUAL*,71,685,45,172.00,105.03,22.02,895,93999
248,248,CCLP,*MANUAL*,76,702,51,188.00,117.76,27.36,895,105393
249,249,CCLA,*MANUAL*,76,726,49,216.00,112.27,26.64,895,100478
250,250,VL14,*MANUAL*,77,763,49,173.00,106.30,22.61,895,95135
251,251,VL13,*MANUAL*,76,805,45,170.00,95.21,23.45,895,85209
252,252,VL12,*MANUAL*,86,832,46,178.00,91.24,23.86,895,81656
253,253,VL11,*MANUAL*,83,893,37,193.00,112.30,25.67,895,100505
254,254,VL10,*MANUAL*,81,997,43,185.00,108.65,27.62,893,97023
255,255,VL9,*MANUAL*,81,1021,42,201.00,94.03,30.06,895,84153
256,256,VL8,*MANUAL*,82,1066,45,161.00,86.06,23.12,895,77023
257,257,VL7,*MANUAL*,77,1113,40,185.00,97.22,34.32,895,87008
258,258,VR19,*MANUAL*,55,414,51,212.00,118.37,37.12,895,105938
259,259,VR18,*MANUAL*,57,500,53,189.00,108.22,29.26,895,96855
260,260,VR17,*MANUAL*,57,562,51,191.00,109.08,26.55,895,97626
261,261,VR16,*MANUAL*,57,642,45,227.00,121.88,29.70,895,109086
262,262,VR15,*MANUAL*,53,723,42,205.00,110.24,27.39,895,98665
263,263,VR14,*MANUAL*,53,757,44,187.00,103.84,24.54,895,92936
264,264,VR13,*MANUAL*,58,825,41,174.00,97.99,23.17,895,87701
265,265,VR12,*MANUAL*,56,871,47,162.00,82.76,21.23,895,74070
266,266,CCRP,*MANUAL*,62,855,42,200.00,103.94,25.83,895,93030
267,267,CCRA,*MANUAL*,62,886,40,208.00,116.40,33.60,895,104175
268,268,VR11,*MANUAL*,54,907,40,195.00,121.30,30.05,895,108567
269,269,VR10,*MANUAL*,56,936,36,175.00,98.60,24.13,895,88245
270,270,VR9,*MANUAL*,52,995,43,200.00,105.45,27.29,895,94380
271,271,VR8,*MANUAL*,51,1015,40,184.00,106.44,25.69,895,95265
272,272,VR7,*MANUAL*,47,1065,44,179.00,99.91,29.39,895,89422
273,273,DL20,*MANUAL*,73,351,89,182.00,93.62,28.11,895,83789
274,274,DL19,*MANUAL*,73,434,93,235.00,117.61,39.08,895,105263
275,275,DL18,*MANUAL*,73,489,96,202.00,108.38,29.45,895,96996
276,276,DL17,*MANUAL*,73,559,100,178.00,106.77,27.83,895,95561
277,277,DL16,*MANUAL*,73,628,99,186.00,109.71,32.80,895,98193
278,278,DL15,*MANUAL*,69,711,98,183.00,104.09,25.27,895,93165
279,279,DL14,*MANUAL*,72,751,100,196.00,103.71,25.86,895,92820
280,280,DL12,*MANUAL*,71,798,103,172.00,105.17,27.06,895,94124
281,281,DL11,*MANUAL*,75,915,102,199.00,96.48,30.00,895,86346
282,282,DL10,*MANUAL*,81,1000,97,159.00,97.69,20.35,895,87432
283,283,DL9,*MANUAL*,72,1002,106,195.00,104.23,25.58,895,93290
284,284,DL8,*MANUAL*,73,1074,105,145.00,80.70,22.23,895,72229
285,285,DL7,*MANUAL*,70,1103,104,183.00,105.14,29.41,895,94103
286,286,DL13,*MANUAL*,78,778,97,171.00,100.14,21.76,895,89629
287,287,DR20,*MANUAL*,51,410,85,213.00,108.51,35.99,895,97112
288,288,DR19,*MANUAL*,55,468,92,206.00,108.79,34.54,895,97370
289,289,DR18,*MANUAL*,54,551,95,186.00,102.49,32.53,895,91725
290,290,DR17,*MANUAL*,50,613,95,182.00,110.53,28.66,895,98924
291,291,DR16,*MANUAL*,50,668,94,201.00,100.83,31.73,895,90246
292,292,DR15,*MANUAL*,51,743,99,189.00,103.90,27.14,895,92990
293,293,DR14,*MANUAL*,50,790,101,202.00,106.32,33.32,895,95158
294,294,DR13,*MANUAL*,60,853,100,176.00,92.38,33.55,895,82682
295,295,DR12,*MANUAL*,59,882,94,192.00,103.99,29.99,895,93071
296,296,DR11,*MANUAL*,55,943,103,183.00,103.84,27.59,895,92941
297,297,DR10,*MANUAL*,46,1002,94,196.00,105.69,28.31,895,94591
298,298,DR9,*MANUAL*,52,1035,108,170.00,82.35,34.27,895,73701
299,299,DR8,*MANUAL*,51,1085,103,197.00,117.11,26.28,895,104814
300,300,DR7,*MANUAL*,56,1113,104,189.00,124.36,23.25,885,110060
301,301,HMC,*MANUAL*,63,1090,104,211.00,113.48,27.44,895,101562
302,302,TL,*MANUAL*,73,216,74,181.00,96.04,29.52,895,85953
303,303,PLML,*MANUAL*,72,233,69,229.00,148.67,33.96,881,130982
304,304,PHSHL,*MANUAL*,74,248,74,248.00,164.08,40.23,895,146853
305,305,ALNL,*MANUAL*,74,260,80,248.00,171.12,33.95,877,150071
306,306,PVCL,*MANUAL*,77,273,69,228.00,157.07,34.61,895,140582
307,307,LUAL,*MANUAL*,76,276,82,250.00,184.59,39.50,895,165206
308,308,PHBL,*MANUAL*,77,290,78,230.00,166.03,28.71,895,148599
309,309,PHAL,*MANUAL*,76,293,67,251.00,167.53,33.93,895,149942
310,310,K,*MANUAL*,73,301,85,247.00,145.06,37.60,895,129826
311,311,PVQL,*MANUAL*,78,307,70,196.00,135.91,23.73,895,121636
312,312,REPVL,*MANUAL*,77,326,69,217.00,143.46,30.53,895,128393
313,313,SPH,*MANUAL*,77,343,68,232.00,134.08,40.22,895,120001
314,314,*NOUSE*,*NOUSE*,0,0,0,0,0,0,0,0
315,315,*NOUSE*,*NOUSE*,0,0,0,0,0,0,0,0
316,316,PHSHR,*MANUAL*,62,252,67,246.00,171.40,39.78,895,153407
317,317,ALNR,*MANUAL*,58,261,76,253.00,175.16,46.46,889,155715
318,318,PVCR,*MANUAL*,58,274,65,246.00,169.83,30.47,887,150642
319,319,LUAR,*MANUAL*,54,277,76,254.00,191.21,41.98,895,171136
320,320,PHBR,*MANUAL*,54,291,74,240.00,165.24,31.79,895,147891
321,321,PHAR,*MANUAL*,56,292,62,248.00,166.49,37.66,895,149008
322,322,K',*MANUAL*,55,308,78,247.00,166.70,35.13,895,149199
323,323,DR21,*MANUAL*,56,297,87,242.00,143.87,43.39,895,128768
324,324,PVQR,*MANUAL*,52,305,65,235.00,158.00,30.65,895,141414
325,325,REPVR,*MANUAL*,52,324,69,240.00,150.14,33.86,895,134376
326,326,REPD,*MANUAL*,63,312,87,247.00,166.50,34.10,895,149017
327,327,F,*MANUAL*,65,299,73,249.00,184.44,29.47,895,165071
328,328,B,*MANUAL*,67,279,61,215.00,124.82,35.28,895,111718
329,329,DVA,*MANUAL*,65,285,79,232.00,159.49,24.98,895,142747
330,330,DVC,*MANUAL*,66,264,65,213.00,143.57,27.53,895,128494
331,331,DEP,*MANUAL*,66,267,81,244.00,176.77,31.15,895,158208
332,332,DL21,*MANUAL*,67,243,82,225.00,131.61,33.78,895,117791
333,333,VR20,*MANUAL*,64,247,56,230.00,131.92,40.41,799,105406
334,334,VL19,*MANUAL*,71,251,59,238.00,148.65,33.91,895,133042
335,335,HYP71,*MANUAL*,68,201,63,245.00,126.51,46.43,895,113223
336,336,PVR,*MANUAL*,63,207,78,238.00,148.24,40.61,895,132677
337,337,HYP72,*MANUAL*,66,185,70,237.00,141.52,32.76,895,126664
338,338,HYP8,*MANUAL*,66,168,66,220.00,135.13,33.25,895,120944
339,339,HYP9,*MANUAL*,66,138,67,236.00,138.82,38.75,895,124244
340,340,HYP101,*MANUAL*,66,122,72,240.00,138.31,51.43,895,123788
341,341,HYP102,*MANUAL*,66,99,73,226.00,111.34,45.13,895,99649
342,342,HYP11,*MANUAL*,69,152,75,226.00,105.55,36.34,895,94464
343,343,YPDA,*MANUAL*,67,306,50,209.00,111.89,45.65,895,100145
344,344,U,*MANUAL*,66,318,64,240.00,156.58,32.06,895,140143
345,345,DD6,*MANUAL*,66,336,58,254.00,190.26,37.64,785,149355
346,346,DA8,*MANUAL*,71,327,55,240.00,161.14,37.24,895,144220
347,347,PVPL,*MANUAL*,71,351,55,226.00,163.96,28.91,895,146744
348,348,DA9,*MANUAL*,58,321,56,242.00,165.24,30.45,895,147886
349,349,PVPR,*MANUAL*,58,339,57,253.00,198.16,29.01,895,177356
350,350,PVT,*MANUAL*,60,358,54,230.00,139.26,28.94,895,124634
351,351,VIRR,*MANUAL*,58,334,78,230.00,153.23,36.67,895,137137
352,352,VIRL,*MANUAL*,70,333,80,229.00,141.21,36.10,895,126386
353,353,VPI3V,*MANUAL*,69,986,58,190.00,115.15,42.72,825,94999
354,354,VPI3D,*MANUAL*,62,980,83,214.00,120.41,34.57,895,107768
355,355,VPI2V,*MANUAL*,66,993,53,247.00,152.61,39.54,886,135216
356,356,VPI2DL,*MANUAL*,82,993,75,208.00,118.91,33.65,751,89303
357,357,VPI2DR,*MANUAL*,50,993,77,224.00,118.54,44.16,895,106089
358,358,VPI1,*MANUAL*,67,991,92,188.00,111.89,32.37,895,100138
359,359,PM8,*MANUAL*,68,997,63,188.00,113.28,32.34,895,101387
360,360,G2L,*MANUAL*,75,1006,55,227.00,138.49,36.10,895,123945
361,361,G2R,*MANUAL*,56,1005,59,239.00,136.68,38.17,895,122328
362,362,G1P,*MANUAL*,56,1006,83,202.00,93.26,30.59,895,83466
363,363,M5,*MANUAL*,78,1019,88,214.00,130.24,31.46,875,113957
364,364,MC3V,*MANUAL*,63,1020,50,195.00,102.49,23.89,895,91729
365,365,PM7D,*MANUAL*,67,1028,99,177.00,99.50,24.72,895,89055
366,366,PM7VL,*MANUAL*,80,1022,58,144.00,91.67,18.91,895,82046
367,367,PM7VR,*MANUAL*,51,1020,62,173.00,104.08,20.93,895,93154
368,368,MC3DL,*MANUAL*,83,1021,79,147.00,97.48,20.31,895,87248
369,369,MC3DR,*MANUAL*,49,1024,81,177.00,110.98,27.32,895,99328
370,370,I6,*MANUAL*,76,1049,89,216.00,129.74,28.26,895,116115
371,371,M1,*MANUAL*,52,1048,91,220.00,141.24,28.22,895,126413
372,372,PM6D,*MANUAL*,65,1052,90,188.00,125.12,19.83,895,111978
373,373,PM6VL,*MANUAL*,77,1046,58,146.00,98.52,16.84,895,88177
374,374,PM6VR,*MANUAL*,53,1047,62,192.00,114.77,25.42,895,102719
375,375,I5,*MANUAL*,63,1049,47,208.00,135.26,24.41,895,121056
376,376,G1AR,*MANUAL*,51,1061,84,216.00,130.94,31.78,895,117187
377,377,G1AL,*MANUAL*,76,1062,80,193.00,105.93,28.54,895,94808
378,378,I4,*MANUAL*,64,1067,90,239.00,140.08,33.78,895,125375
379,379,M2R,*MANUAL*,51,1061,62,254.00,168.28,40.64,891,149938
380,380,M2L,*MANUAL*,75,1063,60,247.00,158.19,34.56,892,141106
381,381,PM5L,*MANUAL*,73,1075,69,199.00,126.42,23.98,895,113149
382,382,PM5R,*MANUAL*,54,1074,68,205.00,125.19,32.08,895,112047
383,383,PM5DL,*MANUAL*,69,1077,82,204.00,127.01,25.99,895,113670
384,384,PM5DR,*MANUAL*,56,1075,83,219.00,126.05,26.43,895,112818
385,385,PM5VL,*MANUAL*,67,1065,52,240.00,152.90,32.89,778,118954
386,386,PM5VR,*MANUAL*,59,1065,54,247.00,172.11,28.66,895,154038
387,387,MC2V,*MANUAL*,63,1083,56,171.00,102.85,24.84,895,92048
388,388,MC2DL,*MANUAL*,70,1094,74,174.00,116.96,17.95,891,104212
389,389,MC2DR,*MANUAL*,57,1093,76,173.00,111.38,24.24,895,99687
390,390,M4,*MANUAL*,64,1232,88,187.00,108.08,22.96,895,96735
391,391,M3L,*MANUAL*,70,1230,69,231.00,140.24,31.87,895,125513
392,392,M3R,*MANUAL*,53,1233,75,230.00,150.16,32.73,895,134395
393,393,I3,*MANUAL*,66,1260,90,226.00,140.21,32.03,895,125487
394,394,NSML,*MANUAL*,74,1258,57,178.00,125.97,22.66,895,112741
395,395,NSMR,*MANUAL*,52,1261,68,228.00,133.65,37.26,895,119613
396,396,PM4VL,*MANUAL*,66,1271,51,172.00,113.55,21.38,895,101631
397,397,PM4VR,*MANUAL*,54,1273,56,188.00,123.95,20.43,889,110194
398,398,MI,*MANUAL*,66,1273,92,218.00,148.77,32.18,768,114254
399,399,PM4DL,*MANUAL*,74,1271,88,193.00,131.29,27.62,895,117506
400,400,PM4DR,*MANUAL*,57,1272,90,219.00,126.68,30.22,895,113378
401,401,PM4L,*MANUAL*,77,1268,68,185.00,100.54,30.38,895,89979
402,402,PM4R,*MANUAL*,51,1274,77,202.00,125.89,36.30,895,112669
403,403,MCR,*MANUAL*,48,1276,65,233.00,150.33,32.61,885,133045
404,404,MCL,*MANUAL*,70,1278,60,225.00,133.19,36.12,813,108287
405,405,I2L,*MANUAL*,77,1276,55,221.00,144.73,32.62,895,129536
406,406,MC1V,*MANUAL*,60,1291,53,192.00,102.03,24.49,867,88456
407,407,PM1VL,*MANUAL*,72,1294,57,210.00,147.45,28.35,895,131972
408,408,PM1VR,*MANUAL*,56,1299,58,216.00,129.55,27.05,895,115945
409,409,PM1L,*MANUAL*,77,1297,70,196.00,114.82,33.77,895,102760
410,410,PM1R,*MANUAL*,54,1297,69,229.00,143.21,39.28,751,107553
411,411,MC1DL,*MANUAL*,77,1288,80,177.00,102.43,21.70,895,91671
412,412,MC1DR,*MANUAL*,54,1292,85,184.00,128.44,17.80,895,114951
413,413,PM1DR,*MANUAL*,66,1291,89,234.00,146.13,36.41,875,127865
414,414,PM1DL,*MANUAL*,72,1298,84,223.00,134.72,38.84,895,120578
415,415,I2R,*MANUAL*,49,1293,66,236.00,175.50,25.96,741,130049
416,416,E3D,*MANUAL*,65,1329,93,143.00,83.53,24.75,847,70748
417,417,I1L,*MANUAL*,73,1313,65,179.00,108.91,27.02,895,97473
418,418,I1R,*MANUAL*,52,1317,70,182.00,115.71,28.23,893,103327
419,419,PM3R,*MANUAL*,52,1328,78,134.00,83.91,20.58,895,75102
420,420,PM3L,*MANUAL*,77,1330,71,132.00,73.51,20.82,895,65791
421,421,PM3DR,*MANUAL*,59,1335,90,152.00,68.61,23.49,895,61406
422,422,PM3DL,*MANUAL*,72,1361,88,140.00,76.56,24.13,818,62627
423,423,E3VL,*MANUAL*,76,1349,66,147.00,90.58,22.82,885,80161
424,424,E3VR,*MANUAL*,53,1349,71,157.00,87.44,27.50,885,77386
425,425,PM3VL,*MANUAL*,71,1362,59,142.00,71.25,18.36,880,62703
426,426,PM3VR,*MANUAL*,56,1365,62,142.00,74.74,19.23,895,66892
427,427,E1VL,*MANUAL*,77,1370,63,159.00,99.81,27.48,895,89326
428,428,E1VR,*MANUAL*,52,1377,68,185.00,93.11,38.78,895,83332
429,429,E1D,*MANUAL*,64,1361,92,165.00,101.91,23.30,883,89989
430,430,PM2D2,*MANUAL*,65,1384,89,151.00,82.20,25.79,892,73321
431,431,PM2D1,*MANUAL*,66,1402,88,142.00,85.36,21.01,895,76397
432,432,E2D,*MANUAL*,66,1428,87,87.00,53.06,15.50,879,46644
433,433,E2VL,*MANUAL*,73,1433,61,102.00,58.03,16.90,895,51941
434,434,PM2VL1,*MANUAL*,75,1407,60,157.00,90.07,26.86,895,80616
435,435,PM2VL2,*MANUAL*,76,1390,59,147.00,83.19,24.72,895,74454
436,436,E2VR,*MANUAL*,55,1433,66,136.00,63.35,22.99,895,56700
437,437,PM2VR1,*MANUAL*,55,1413,65,167.00,96.34,28.15,895,86225
438,438,PM2VR2,*MANUAL*,55,1398,67,166.00,92.77,28.94,895,83025
439,439,HYP7ABLD,*MANUAL*,90,994,80,158.00,49.01,23.17,2103,103069
440,440,HYP7ABLV,*MANUAL*,90,1002,59,95.00,45.72,16.63,2103,96157
441,441,H2L,*MANUAL*,90,1072,76,105.00,62.05,15.33,1365,84702
442,442,AMSHL,*MANUAL*,83,1074,89,111.00,62.49,14.82,895,55933
443,443,ADESHL,*MANUAL*,89,1043,62,179.00,102.88,24.17,895,92074
444,444,RMGL,*MANUAL*,87,1062,62,179.00,113.69,26.08,895,101751
445,445,ADAL,*MANUAL*,87,1079,62,208.00,139.51,25.91,767,107006
446,446,ADEL,*MANUAL*,82,1083,67,216.00,151.97,29.19,895,136014
447,447,AINL,*MANUAL*,79,1093,81,195.00,126.46,25.30,895,113178
448,448,AVJL,*MANUAL*,81,1104,88,219.00,136.68,35.67,695,94990
449,449,FLPL,*MANUAL*,87,1095,66,200.00,130.19,29.58,895,116520
450,450,RICL,*MANUAL*,87,1108,64,202.00,131.88,27.36,895,118033
451,451,AVDL,*MANUAL*,86,1109,79,225.00,138.39,29.71,895,123857
452,452,ASJL,*MANUAL*,88,1128,62,164.00,103.10,17.89,895,92273
453,453,ASEL,*MANUAL*,86,1129,81,184.00,111.41,20.56,895,99708
454,454,ASHL,*MANUAL*,87,1150,74,162.00,108.39,19.35,839,90943
455,455,AUAL,*MANUAL*,87,1147,57,194.00,130.47,23.03,803,104769
456,456,AWCL,*MANUAL*,88,1166,63,174.00,119.44,17.12,895,106903
457,457,SIBDL,*MANUAL*,88,1180,57,213.00,128.64,31.61,891,114614
458,458,RMDL,*MANUAL*,88,1197,60,155.00,105.61,22.40,895,94521
459,459,AFDL,*MANUAL*,85,1168,77,186.00,117.74,24.93,818,96314
460,460,AVAL,*MANUAL*,87,1186,72,201.00,125.30,25.44,883,110639
461,461,RMDVL,*MANUAL*,87,1203,76,155.00,99.68,17.45,895,89216
462,462,SMDVL,*MANUAL*,84,1179,85,206.00,125.37,33.62,893,111958
463,463,AWBL,*MANUAL*,86,1156,87,198.00,120.78,30.97,891,107616
464,464,ASGL,*MANUAL*,83,1140,90,203.00,115.48,31.06,875,101045
465,465,AVHL,*MANUAL*,82,1118,90,218.00,140.16,36.85,884,123901
466,466,RIAL,*MANUAL*,77,1168,81,221.00,132.04,23.20,895,118179
467,467,HYP7ABR3,*MANUAL*,40,983,65,116.00,46.69,18.52,2103,98190
468,468,RID,*MANUAL*,63,1200,106,181.00,113.61,25.38,895,101678
469,469,ALA,*MANUAL*,65,1187,104,194.00,120.04,31.93,895,107433
470,470,CEPDL,*MANUAL*,75,1183,95,201.00,125.39,29.63,883,110722
471,471,GLRDR,*MANUAL*,54,1196,97,220.00,146.76,34.75,895,131348
472,472,GLRDL,*MANUAL*,73,1192,88,195.00,116.83,27.35,895,104561
473,473,SAAVR,*MANUAL*,50,1190,86,243.00,144.22,42.41,861,124172
474,474,URXL,*MANUAL*,72,1173,98,191.00,116.01,26.23,895,103832
475,475,URXR,*MANUAL*,60,1173,104,206.00,122.06,31.37,895,109243
476,476,ASKL,*MANUAL*,73,1158,98,157.00,98.60,19.30,895,88248
477,477,ASKR,*MANUAL*,49,1165,98,203.00,114.99,24.94,853,98086
478,478,ADLL,*MANUAL*,73,1138,99,151.00,97.61,18.30,885,86389
479,479,ADLR,*MANUAL*,52,1144,101,174.00,112.82,25.69,895,100973
480,480,ASIL,*MANUAL*,73,1119,94,212.00,117.53,31.29,895,105191
481,481,ASIR,*MANUAL*,52,1125,97,215.00,132.85,32.33,895,118902
482,482,RIVR,*MANUAL*,50,1111,95,247.00,152.90,39.22,894,136689
483,483,RIVL,*MANUAL*,74,1102,92,246.00,157.51,35.07,895,140968
484,484,SAAVL,*MANUAL*,78,1185,78,211.00,145.86,30.79,895,130548
485,485,ADFL,*MANUAL*,77,1154,82,195.00,132.59,18.47,803,106473
486,486,AWAL,*MANUAL*,76,1138,82,190.00,129.54,23.84,879,113866
487,487,AVBL,*MANUAL*,76,1120,80,185.00,123.83,22.21,895,110829
488,488,AVEL,*MANUAL*,77,1176,67,234.00,165.31,29.72,769,127125
489,489,AIBL,*MANUAL*,76,1154,66,184.00,127.92,21.63,895,114491
490,490,RIBL,*MANUAL*,78,1139,66,203.00,131.14,26.67,859,112652
491,491,RIML,*MANUAL*,80,1119,66,181.00,122.23,26.27,895,109399
492,492,AIZL,*MANUAL*,77,1104,71,212.00,140.56,24.49,895,125797
493,493,ADESHR,*MANUAL*,39,1057,85,245.00,139.00,50.63,895,124404
494,494,HYP7ABRD,*MANUAL*,41,1000,65,152.00,60.75,21.70,1365,82925
495,495,HYP7ABRV,*MANUAL*,40,1028,57,124.00,54.60,22.12,2103,114821
496,496,H2R,*MANUAL*,39,1071,72,145.00,80.38,20.17,895,71936
497,497,AMSHR,*MANUAL*,43,1087,88,138.00,77.74,24.30,895,69581
498,498,RMGR,*MANUAL*,41,1059,57,226.00,140.15,34.32,895,125432
499,499,ADAR,*MANUAL*,41,1077,59,208.00,142.21,29.08,895,127278
500,500,ADER,*MANUAL*,42,1091,66,232.00,147.32,36.69,895,131851
501,501,AINR,*MANUAL*,47,1103,81,239.00,149.61,33.84,864,129259
502,502,AVJR,*MANUAL*,42,1117,89,244.00,158.87,38.38,871,138378
503,503,FLPR,*MANUAL*,39,1101,75,240.00,153.83,41.70,895,137676
504,504,RICR,*MANUAL*,39,1109,62,242.00,157.16,36.92,875,137516
505,505,AVDR,*MANUAL*,39,1116,76,241.00,155.15,42.53,887,137614
506,506,ASJR,*MANUAL*,39,1131,61,193.00,110.12,31.74,1337,147228
507,507,ASER,*MANUAL*,39,1136,80,209.00,114.60,31.16,884,101305
508,508,ASHR,*MANUAL*,39,1156,75,181.00,126.28,21.78,895,113020
509,509,AUAR,*MANUAL*,39,1151,59,215.00,142.64,29.72,895,127661
510,510,AWCR,*MANUAL*,39,1170,63,205.00,135.10,27.05,895,120912
511,511,SIBDR,*MANUAL*,40,1186,60,239.00,165.38,28.05,895,148018
512,512,RMDR,*MANUAL*,40,1200,60,209.00,134.77,29.74,895,120615
513,513,AFDR,*MANUAL*,40,1178,75,208.00,134.94,28.05,894,120637
514,514,AVAR,*MANUAL*,40,1194,74,200.00,130.33,26.16,895,116641
515,515,RMDVR,*MANUAL*,40,1210,78,206.00,121.85,30.89,895,109060
516,516,SMDVR,*MANUAL*,42,1186,87,241.00,143.58,44.75,895,128503
517,517,AVHR,*MANUAL*,43,1131,93,243.00,152.76,44.42,895,136723
518,518,ASGR,*MANUAL*,41,1154,89,231.00,152.29,39.53,799,121677
519,519,AWBR,*MANUAL*,41,1168,86,222.00,142.81,32.21,853,121821
520,520,RIAR,*MANUAL*,49,1175,86,227.00,143.70,30.47,895,128613
521,521,ADFR,*MANUAL*,48,1153,86,236.00,150.09,40.18,885,132832
522,522,AWAR,*MANUAL*,49,1136,84,224.00,148.63,26.20,797,118455
523,523,AVER,*MANUAL*,47,1184,69,249.00,189.71,27.15,642,121794
524,524,AIBR,*MANUAL*,49,1163,71,213.00,149.08,26.52,895,133431
525,525,RIBR,*MANUAL*,47,1142,69,233.00,158.20,30.60,784,124029
526,526,RIMR,*MANUAL*,47,1125,66,218.00,152.80,26.43,895,136754
527,527,AIZR,*MANUAL*,48,1107,67,249.00,170.15,36.49,895,152285
528,528,AVBR,*MANUAL*,48,1120,81,248.00,154.55,30.51,895,138318
529,529,CEPDR,*MANUAL*,50,1183,101,223.00,127.66,30.93,895,114257
530,530,GLRR,*MANUAL*,53,1184,67,251.00,186.78,38.71,819,152975
531,531,GLRVR,*MANUAL*,57,1190,61,246.00,184.44,36.18,889,163971
532,532,GLRL,*MANUAL*,71,1181,69,246.00,156.17,39.15,852,133059
533,533,GLRVL,*MANUAL*,67,1185,61,249.00,187.05,33.90,895,167407
534,534,G1,*MANUAL*,63,1165,38,198.00,122.47,23.90,895,109613
535,535,G2,*MANUAL*,63,1146,43,239.00,161.01,25.42,895,144108
536,536,RIH,*MANUAL*,63,1171,55,250.00,184.70,24.44,597,110267
537,537,SAADL,*MANUAL*,70,1174,54,241.00,182.34,24.41,889,162104
538,538,SAADR,*MANUAL*,56,1176,54,252.00,192.39,29.92,819,157569
539,539,RMDDR,*MANUAL*,47,1186,50,228.00,151.98,30.78,895,136019
540,540,RMDDL,*MANUAL*,79,1181,50,222.00,154.54,28.36,895,138310
541,541,SMDDL,*MANUAL*,77,1168,42,220.00,143.58,25.16,895,128503
542,542,SMDDR,*MANUAL*,49,1171,43,221.00,141.41,29.04,895,126562
543,543,SIBVL,*MANUAL*,76,1165,57,228.00,163.72,27.70,895,146527
544,544,SIBVR,*MANUAL*,50,1170,57,250.00,188.08,30.12,895,168331
545,545,SMBVL,*MANUAL*,68,1157,54,227.00,166.71,23.89,895,149202
546,546,SMBVR,*MANUAL*,57,1157,51,239.00,176.19,26.65,895,157693
547,547,RIR,*MANUAL*,58,1157,63,241.00,168.13,29.59,895,150480
548,548,AVL,*MANUAL*,54,1145,64,235.00,167.37,27.46,823,137743
549,549,SMBDL,*MANUAL*,74,1153,42,216.00,144.91,25.25,895,129690
550,550,SMBDR,*MANUAL*,52,1147,45,234.00,162.86,25.30,895,145757
551,551,SIADL,*MANUAL*,80,1146,52,233.00,165.28,24.42,865,142967
552,552,AIAL,*MANUAL*,71,1144,56,248.00,174.46,32.04,895,156145
553,553,AIAR,*MANUAL*,59,1141,57,248.00,186.55,27.50,861,160617
554,554,SIADR,*MANUAL*,52,1135,53,234.00,165.94,28.37,895,148519
555,555,SIAVL,*MANUAL*,77,1132,44,208.00,129.36,27.43,895,115775
556,556,SIAVR,*MANUAL*,52,1126,41,182.00,113.84,26.88,895,101887
557,557,W,*MANUAL*,65,1117,41,194.00,119.99,35.76,895,107389
558,558,EXC,*MANUAL*,62,1121,55,135.00,76.36,14.07,895,68341
559,559,EXC DUCT,*MANUAL*,70,1129,59,186.00,124.76,22.14,895,111657
560,560,AIML,*MANUAL*,71,1107,53,242.00,166.65,31.24,769,128157
561,561,AIYL,*MANUAL*,79,1103,53,240.00,154.25,31.94,895,138051
562,562,AVKL,*MANUAL*,76,1089,51,180.00,123.86,21.37,895,110851
563,563,EXC GL L,*MANUAL*,75,1006,39,195.00,107.98,30.39,881,95132
564,564,AIMR,*MANUAL*,56,1104,53,248.00,175.35,34.38,885,155184
565,565,AIYR,*MANUAL*,48,1114,50,225.00,146.04,27.02,895,130704
566,566,RIS,*MANUAL*,48,1098,48,217.00,133.21,27.31,895,119220
567,567,AVKR,*MANUAL*,48,1084,50,211.00,137.22,28.09,895,122815
568,568,EXC GL R,*MANUAL*,48,1038,43,178.00,107.44,31.58,895,96161
569,569,DB2,*MANUAL*,63,1100,45,248.00,186.21,30.00,851,158467
570,570,SABVR,*MANUAL*,57,1094,40,253.00,183.68,37.68,893,164025
571,571,SABVL,*MANUAL*,67,1089,37,240.00,156.33,35.84,895,139918
572,572,RIFL,*MANUAL*,69,1074,36,236.00,159.97,24.27,877,140295
573,573,RIFR,*MANUAL*,56,1079,40,239.00,162.00,32.03,895,144994
574,574,AVG,*MANUAL*,61,1067,35,228.00,138.32,29.12,895,123795
575,575,RIGL,*MANUAL*,66,1050,34,209.00,124.61,27.35,885,110278
576,576,SABD,*MANUAL*,56,1053,37,239.00,136.36,35.13,895,122038
577,577,DD1,*MANUAL*,63,1029,32,180.00,107.59,26.19,895,96290
578,578,DB1,*MANUAL*,65,1017,35,208.00,126.79,26.11,895,113477
579,579,RIGR,*MANUAL*,65,1004,36,215.00,131.47,23.78,895,117670
580,580,DA1,*MANUAL*,65,990,36,218.00,126.06,26.57,895,112823
581,581,H1L,*MANUAL*,92,1226,73,147.00,79.46,24.65,895,71119
582,582,H1R,*MANUAL*,35,1226,78,187.00,89.57,35.01,811,72638
583,583,H0R,*MANUAL*,37,1315,79,152.00,86.25,22.03,894,77110
584,584,H0L,*MANUAL*,91,1314,72,122.00,77.37,14.48,895,69244
585,585,IL2L,*MANUAL*,90,1269,73,140.00,98.18,18.37,895,87868
586,586,URBL,*MANUAL*,88,1247,77,184.00,113.15,28.24,847,95840
587,587,BAGL,*MANUAL*,86,1219,62,166.00,110.79,22.27,861,95394
588,588,RMEL,*MANUAL*,83,1219,76,204.00,131.17,26.51,895,117398
589,589,CEPSHDL,*MANUAL*,83,1219,88,153.00,89.67,24.46,895,80252
590,590,RIPL,*MANUAL*,82,1231,77,205.00,118.13,25.38,895,105726
591,591,OLLL,*MANUAL*,80,1245,82,226.00,119.06,26.60,895,106560
592,592,IL1L,*MANUAL*,87,1251,66,177.00,111.71,19.04,895,99978
593,593,URYVL,*MANUAL*,84,1237,62,189.00,119.24,28.78,895,106719
594,594,OLQVL,*MANUAL*,79,1226,60,201.00,136.35,24.88,891,121489
595,595,URYDL,*MANUAL*,81,1234,92,222.00,133.44,25.94,861,114893
596,596,URADL,*MANUAL*,80,1247,95,242.00,144.10,36.65,828,119317
597,597,IL2R,*MANUAL*,38,1273,82,183.00,118.77,24.37,895,106302
598,598,URBR,*MANUAL*,38,1251,80,231.00,141.77,33.86,857,121500
599,599,BAGR,*MANUAL*,41,1229,67,194.00,117.14,32.63,895,104837
600,600,IL1R,*MANUAL*,38,1260,72,211.00,131.98,33.19,895,118126
601,601,URYVR,*MANUAL*,38,1248,66,224.00,143.68,32.62,895,128592
602,602,RMER,*MANUAL*,43,1224,81,248.00,153.69,31.53,895,137552
603,603,CEPSHDR,*MANUAL*,44,1228,93,223.00,117.47,38.43,895,105136
604,604,RIPR,*MANUAL*,45,1237,83,211.00,141.82,31.95,895,126933
605,605,OLLR,*MANUAL*,45,1252,87,208.00,133.72,28.12,892,119278
606,606,URYDR,*MANUAL*,46,1243,95,243.00,138.93,41.06,895,124340
607,607,URADR,*MANUAL*,49,1256,97,234.00,144.59,31.65,895,129406
608,608,OLQVR,*MANUAL*,46,1239,62,216.00,133.62,27.32,895,119593
609,609,CEPSHVR,*MANUAL*,47,1220,59,227.00,146.46,36.49,847,124052
610,610,CEPSHVL,*MANUAL*,79,1212,55,218.00,143.35,33.01,895,128302
611,611,RMEV,*MANUAL*,62,1208,46,231.00,140.15,29.58,889,124594
612,612,CEPVL,*MANUAL*,67,1216,52,233.00,175.17,22.59,861,150820
613,613,CEPVR,*MANUAL*,53,1217,52,232.00,175.77,29.52,877,154153
614,614,URAVL,*MANUAL*,74,1228,50,249.00,183.85,26.35,895,164550
615,615,URAVR,*MANUAL*,51,1232,52,252.00,189.54,30.44,895,169636
616,616,IL1VR,*MANUAL*,61,1224,53,250.00,183.39,31.73,895,164133
617,617,IL1VL,*MANUAL*,64,1235,51,239.00,165.47,33.61,895,148092
618,618,IL2VL,*MANUAL*,72,1246,42,197.00,130.87,26.84,895,117128
619,619,IL2VR,*MANUAL*,52,1249,48,236.00,141.37,31.65,875,123696
620,620,CEPSOVR,*MANUAL*,45,1254,54,222.00,138.19,32.93,895,123680
621,621,CEPSOVL,*MANUAL*,80,1246,51,203.00,127.93,25.84,895,114499
622,622,RMED,*MANUAL*,66,1225,105,222.00,119.17,36.67,843,100462
623,623,OLQDR,*MANUAL*,58,1230,104,225.00,134.76,34.98,895,120613
624,624,OLQDL,*MANUAL*,74,1232,99,208.00,137.94,29.94,895,123453
625,625,IL1DL,*MANUAL*,72,1245,99,230.00,145.92,29.95,889,129726
626,626,IL1DR,*MANUAL*,60,1244,100,235.00,160.87,30.09,864,138993
627,627,IL2DR,*MANUAL*,56,1269,104,198.00,120.28,31.18,895,107650
628,628,CEPSODR,*MANUAL*,46,1266,91,216.00,133.18,30.64,895,119192
629,629,IL2DL,*MANUAL*,81,1259,95,201.00,104.68,26.27,891,93271
630,630,CEPSODL,*MANUAL*,85,1266,87,204.00,125.15,31.48,895,112006
631,631,XXXL,*MANUAL*,90,1271,62,186.00,118.86,28.68,895,106379
632,632,OLLSHL,*MANUAL*,88,1288,67,188.00,120.13,26.00,895,107520
633,633,OLQSHVL,*MANUAL*,85,1300,59,169.00,104.47,23.52,895,93505
634,634,ILSHL,*MANUAL*,84,1313,59,197.00,108.05,28.29,895,96702
635,635,OLQSOVL,*MANUAL*,82,1326,58,179.00,105.74,21.55,851,89982
636,636,ILSOL,*MANUAL*,87,1332,64,171.00,109.72,21.64,895,98198
637,637,ARCPVL,*MANUAL*,86,1350,62,176.00,97.86,24.67,895,87582
638,638,ARCADL,*MANUAL*,86,1385,70,129.00,74.98,19.00,895,67104
639,639,OLQSHDL,*MANUAL*,88,1295,82,207.00,120.86,31.23,895,108172
640,640,OLLSOL,*MANUAL*,87,1281,84,191.00,104.37,33.27,895,93409
641,641,ILSHDL,*MANUAL*,83,1305,87,198.00,116.52,30.96,895,104287
642,642,HYP1L,*MANUAL*,83,1316,84,167.00,99.00,23.50,895,88606
643,643,ARCPDL,*MANUAL*,83,1329,83,142.00,86.22,19.50,895,77169
644,644,AMSOL,*MANUAL*,83,1344,80,134.00,79.09,18.60,895,70782
645,645,HYP2L,*MANUAL*,88,1360,71,128.00,78.06,19.82,895,69868
646,646,XXXR,*MANUAL*,38,1273,68,228.00,145.14,34.00,895,129897
647,647,OLLSHR,*MANUAL*,39,1294,72,236.00,145.25,33.20,861,125059
648,648,OLQSHVR,*MANUAL*,42,1297,63,250.00,157.67,40.36,895,141119
649,649,ILSHR,*MANUAL*,42,1309,66,231.00,135.25,32.27,895,121047
650,650,OLQSHDR,*MANUAL*,39,1292,87,234.00,123.14,49.27,803,98881
651,651,OLLSOR,*MANUAL*,44,1285,88,214.00,129.07,34.15,895,115515
652,652,ILSHDR,*MANUAL*,47,1299,94,207.00,125.67,35.56,895,112475
653,653,OLQSOVR,*MANUAL*,45,1323,63,172.00,110.59,24.47,895,98975
654,654,ILSOR,*MANUAL*,43,1333,70,190.00,112.17,27.61,895,100394
655,655,ARCPVR,*MANUAL*,43,1353,70,173.00,103.31,32.16,895,92461
656,656,ARCADR,*MANUAL*,42,1351,81,159.00,85.93,24.78,895,76904
657,657,HYP1R,*MANUAL*,43,1309,87,191.00,107.20,29.65,895,95943
658,658,ARCPDR,*MANUAL*,46,1324,89,177.00,103.61,26.98,895,92733
659,659,AMSOR,*MANUAL*,46,1340,87,147.00,89.22,20.89,895,79848
660,660,HYP5R,*MANUAL*,46,1412,76,124.00,62.90,15.16,895,56295
661,661,HYP5L,*MANUAL*,85,1422,66,91.00,49.13,14.64,895,43969
662,662,HYP4D,*MANUAL*,67,1480,88,88.00,42.59,17.13,1365,58131
663,663,HYP4V1,*MANUAL*,65,1472,54,137.00,66.23,22.36,895,59280
664,664,HYP4V2,*MANUAL*,65,1451,49,127.00,58.02,23.14,1365,79195
665,665,ARCAV,*MANUAL*,68,1420,47,150.00,79.85,20.88,895,71470
666,666,ARCPV,*MANUAL*,68,1392,46,215.00,106.76,29.46,895,95546
667,667,ILSOVL,*MANUAL*,68,1372,47,196.00,127.72,25.88,895,114307
668,668,ILSHVL,*MANUAL*,68,1354,47,217.00,131.41,25.29,799,104993
669,669,HYP2V,*MANUAL*,60,1403,48,179.00,82.05,27.30,895,73436
670,670,HYP1V,*MANUAL*,59,1385,49,170.00,103.13,30.10,895,92298
671,671,ILSOVR,*MANUAL*,59,1362,50,213.00,140.41,24.19,813,114156
672,672,ILSHVR,*MANUAL*,56,1335,51,181.00,112.48,29.27,895,100672
673,673,HYP6V1,*MANUAL*,62,1357,44,203.00,94.62,36.69,895,84689
674,674,HYP6V2,*MANUAL*,62,1318,46,137.00,83.57,18.00,895,74798
675,675,HYP7V1,*MANUAL*,61,1266,38,143.00,71.79,17.21,895,64249
676,676,HYP7V2,*MANUAL*,61,1243,39,167.00,96.52,21.75,895,86385
677,677,HYP31,*MANUAL*,63,1427,97,137.00,71.34,24.33,895,63851
678,678,HYP32,*MANUAL*,62,1407,98,154.00,84.21,26.11,895,75368
679,679,HYP6D1,*MANUAL*,64,1378,102,123.00,73.79,24.69,861,63537
680,680,HYP6D2,*MANUAL*,64,1346,104,121.00,72.96,21.68,895,65301
681,681,HYP6D3,*MANUAL*,67,1305,104,198.00,90.76,36.52,871,79056
682,682,OLQSODR,*MANUAL*,58,1301,102,213.00,125.69,36.03,895,112495
683,683,HYP6D4,*MANUAL*,66,1275,107,157.00,93.01,26.83,895,83247
684,684,HYP7D1,*MANUAL*,66,1242,107,168.00,78.23,31.13,895,70019
685,685,HYP7D2,*MANUAL*,63,1146,111,133.00,68.37,21.19,895,61194
686,686,ILSODL,*MANUAL*,72,1396,97,145.00,71.41,24.69,895,63910
687,687,OLQSODL,*MANUAL*,72,1366,99,191.00,104.76,33.54,895,93757
688,688,ARCPD,*MANUAL*,57,1382,97,170.00,101.43,24.84,895,90784
689,689,ILSODR,*MANUAL*,59,1360,100,183.00,99.85,38.84,895,89362
690,690,PLMR,*MANUAL*,65,218,65,237.00,159.72,30.64,895,142952
691,691,TR,*MANUAL*,62,231,72,220.00,104.74,30.37,895,93746
692,692,V2L,*MANUAL*,100,887,49,128.00,64.94,19.57,895,58125
693,693,f1,*MANUAL*,72,1151,77,151.00,58.20,36.90,855,49765
694,694,f2,*MANUAL*,59,1158,77,75.00,27.64, 9.80,895,24741
695,695,*NOUSE*,*NOUSE*,0,0,0,0,0,0,0,0
696,696,f4,*MANUAL*,51,1157,95,150.00,43.71,33.40,895,39116
697,697,*NOUSE*,*NOUSE*,0,0,0,0,0,0,0,0
698,698,*NOUSE*,*NOUSE*,0,0,0,0,0,0,0,0
699,699,*NOUSE*,*NOUSE*,0,0,0,0,0,0,0,0
700,700,*NOUSE*,*NOUSE*,0,0,0,0,0,0,0,0
701,701,f9,*MANUAL*,82,732,82,16.00, 1.37, 2.06,895,1224
702,702,f10,*MANUAL*,81,657,81, 8.00, 0.98, 1.36,895,876
703,703,*NOUSE*,*NOUSE*,0,0,0,0,0,0,0,0
704,704,f3,*MANUAL*,50,1151,74,171.00,59.52,31.18,895,53274
705,705,f5,*MANUAL*,49,1164,83,186.00,65.37,34.82,895,58509
706,706,f6,*MANUAL*,77,1130,74,147.00,45.33,29.10,895,40568
707,707,f7,*MANUAL*,80,1145,74,161.00,71.34,31.51,895,63851
708,708,f8,*MANUAL*,76,1132,91,156.00,48.49,33.08,895,43402
