0,0,*NOUSE*,*NOUSE*,0,0,0,0,0,0,0,0
1,1,RID,*MANUAL*,74,1388,38,179.00,80.30,33.92,2103,168863
2,2,RMED,*MANUAL*,72,1403,46,237.00,127.40,43.27,1049,133647
3,3,OLQDL,*MANUAL*,64,1406,43,219.00,124.11,41.24,2007,249087
4,4,IL1DL,*MANUAL*,66,1418,47,199.00,120.58,29.35,1847,222712
5,5,IL1DR,*MANUAL*,79,1419,48,215.00,147.58,26.93,1295,191111
6,6,OLQDR,*MANUAL*,80,1404,47,241.00,149.27,35.66,1717,256305
7,7,IL2DL,*MANUAL*,57,1442,40,167.00,83.25,33.28,2091,174082
8,8,IL2DR,*MANUAL*,86,1448,43,179.00,80.03,37.19,2095,167671
9,9,CEPshDL,*MANUAL*,51,1396,54,182.00,80.03,34.81,2072,165816
10,10,URYDL,*MANUAL*,54,1411,50,222.00,119.07,36.20,2053,244443
11,11,URADL,*MANUAL*,56,1425,47,205.00,118.06,33.15,1943,229381
12,12,RMEL,*MANUAL*,51,1400,68,185.00,85.94,33.63,1604,137846
13,13,RIPL,*MANUAL*,52,1413,67,182.00,90.79,30.79,2057,186745
14,14,OLLL,*MANUAL*,51,1425,57,164.00,93.72,26.47,1939,181721
15,15,CEPsoDL,*MANUAL*,47,1443,51,198.00,87.67,35.18,2103,184380
16,16,OLLsoL,*MANUAL*,43,1462,53,151.00,78.23,29.22,2103,164521
17,17,OLQshDL,*MANUAL*,41,1476,60,146.00,81.94,27.12,2055,168378
18,18,ILshDL,*MANUAL*,48,1485,53,199.00,97.03,38.59,2058,199680
19,19,HYP1L,*MANUAL*,46,1499,54,149.00,75.69,25.79,2064,156215
20,20,ARCPDL,*MANUAL*,52,1515,53,120.00,64.68,22.76,2103,136015
21,21,AMsoL,*MANUAL*,51,1532,57,127.00,58.93,19.64,2103,123939
22,22,HYP2L,*MANUAL*,50,1556,63,128.00,53.58,24.82,2103,112669
23,23,ARCADL,*MANUAL*,52,1550,77,149.00,69.16,33.62,2103,145443
24,24,ARCPVL,*MANUAL*,50,1535,73,139.00,70.31,24.76,1815,127605
25,25,ILsoL,*MANUAL*,54,1524,87,153.00,71.42,27.60,2015,143907
26,26,OLQsoVL,*MANUAL*,50,1513,81,147.00,82.92,27.10,2005,166261
27,27,ILshL,*MANUAL*,50,1497,85,169.00,72.85,33.72,2103,153202
28,28,OLQshVL,*MANUAL*,48,1479,85,196.00,86.97,42.04,1833,159414
29,29,OLLshL,*MANUAL*,43,1476,75,192.00,97.37,37.35,2095,203983
30,30,XXXL,*MANUAL*,44,1451,82,186.00,94.87,34.37,1975,187378
31,31,CEPsoVL,*MANUAL*,49,1435,92,165.00,79.64,31.42,2011,160146
32,32,IL2L,*MANUAL*,42,1458,70,150.00,88.02,24.32,2029,178599
33,33,URBL,*MANUAL*,44,1433,64,168.00,81.89,27.16,1946,159354
34,34,IL1L,*MANUAL*,46,1433,76,137.00,77.58,23.52,2073,160833
35,35,URYVL,*MANUAL*,48,1423,87,173.00,90.68,31.35,2063,187081
36,36,OLQVL,*MANUAL*,53,1409,89,170.00,101.63,30.47,1455,147875
37,37,CEPshVL,*MANUAL*,49,1388,87,156.00,51.08,35.53,2969,151657
38,38,BAGL,*MANUAL*,47,1408,82,164.00,77.49,34.30,2607,202013
39,39,H1L,*MANUAL*,42,1404,70,159.00,67.55,30.43,2969,200558
40,40,*NOUSE*,*NOUSE*,0,0,0,0,0,0,0,0
41,41,CEPshDR,*MANUAL*,94,1397,60,200.00,81.44,40.63,2103,171272
42,42,URYDR,*MANUAL*,90,1412,56,219.00,117.62,40.48,1993,234407
43,43,URADR,*MANUAL*,87,1427,53,233.00,127.61,44.81,1793,228810
44,44,DR5,*MANUAL*,95,1421,50,217.00,86.05,44.24,2103,180963
45,45,CEPsoDR,*MANUAL*,94,1449,57,212.00,83.69,51.20,2103,176005
46,46,OLQshDR,*MANUAL*,99,1470,62,214.00,93.29,48.89,2039,190215
47,47,OLLsoR,*MANUAL*,91,1487,58,212.00,92.88,35.23,1888,175365
48,48,ILshdR,*MANUAL*,93,1498,59,235.00,103.29,49.87,1947,201097
49,49,HYP1R,*MANUAL*,95,1511,59,190.00,92.97,41.83,2087,194019
50,50,ARCPDR,*MANUAL*,94,1530,59,184.00,71.84,41.18,2103,151084
51,51,AMsoR,*MANUAL*,100,1545,64,156.00,75.01,33.10,2103,157756
52,52,ARCADR,*MANUAL*,99,1570,71,169.00,67.06,33.64,2103,141028
53,53,ARCPVR,*MANUAL*,97,1548,81,179.00,79.28,39.02,1916,151898
54,54,*NOUSE*,*NOUSE*,0,0,0,0,0,0,0,0
55,55,OLQsoVR,*MANUAL*,92,1511,85,190.00,87.52,39.12,2059,180195
56,56,ILshR,*MANUAL*,88,1497,89,206.00,89.96,47.68,1987,178748
57,57,OLLshR,*MANUAL*,94,1494,80,226.00,92.12,56.39,2103,193733
58,58,OLQshVR,*MANUAL*,92,1480,83,192.00,96.07,38.63,2016,193675
59,59,IL2R,*MANUAL*,97,1468,75,197.00,94.99,34.14,2091,198623
60,60,XXXR,*MANUAL*,96,1457,85,226.00,92.93,47.39,2050,190506
61,61,CEPsoVR,*MANUAL*,88,1442,96,198.00,79.54,40.62,2069,164564
62,62,URBR,*MANUAL*,97,1441,70,204.00,92.70,36.96,1987,184204
63,63,BAGR,*MANUAL*,94,1414,83,200.00,99.57,41.48,1373,136707
64,64,RMER,*MANUAL*,92,1399,74,202.00,92.20,37.69,2103,193891
65,65,RIPR,*MANUAL*,87,1415,72,225.00,121.93,37.51,1998,243613
66,66,OLLR,*MANUAL*,91,1429,66,202.00,101.58,35.25,2103,213614
67,67,IL1R,*MANUAL*,95,1442,82,205.00,91.21,44.33,2081,189803
68,68,URYVR,*MANUAL*,91,1429,87,191.00,96.17,37.16,2103,202239
69,69,OLQVR,*MANUAL*,88,1412,89,220.00,128.45,40.97,1692,217335
70,70,CEPshVR,*MANUAL*,91,1392,91,219.00,91.52,42.94,1911,174902
71,71,RMEV,*MANUAL*,68,1384,107,213.00,95.43,40.78,2032,193921
72,72,CEPVL,*MANUAL*,62,1395,103,241.00,121.80,41.82,1861,226666
73,73,CEPVR,*MANUAL*,78,1392,104,224.00,113.02,49.23,1786,201861
74,74,URAVL,*MANUAL*,56,1415,99,208.00,120.55,35.84,1627,196129
75,75,IL2VL,*MANUAL*,61,1439,104,171.00,83.98,31.74,1903,159809
76,76,IL1VL,*MANUAL*,66,1418,101,226.00,129.63,36.98,1858,240856
77,77,IL1VR,*MANUAL*,72,1403,102,225.00,120.30,39.76,2093,251794
78,78,URAVR,*MANUAL*,81,1416,99,208.00,119.02,37.80,1759,209364
79,79,IL2VR,*MANUAL*,78,1428,104,192.00,99.80,34.95,1955,195116
80,80,HYP4D,*MANUAL*,69,1697,54,105.00,43.44,20.11,2103,91359
81,81,HYP31,*MANUAL*,72,1650,44,156.00,65.71,31.98,2103,138193
82,82,HYP32,*MANUAL*,70,1629,43,149.00,62.71,31.71,2077,130246
83,83,ARCPD,*MANUAL*,83,1605,43,183.00,70.06,38.86,2103,147334
84,84,ILsoDR,*MANUAL*,85,1573,41,169.00,83.42,33.80,1959,163425
85,85,OLQsoDR,*MANUAL*,85,1546,40,209.00,87.26,39.58,1688,147291
86,86,ILsoDL,*MANUAL*,66,1589,40,186.00,76.62,34.96,1792,137306
87,87,OLQsoDL,*MANUAL*,69,1558,38,196.00,75.75,34.97,2103,159295
88,88,HYP6D1,*MANUAL*,76,1588,37,160.00,65.07,32.33,2969,193192
89,89,HYP6D2,*MANUAL*,76,1540,37,193.00,84.69,36.14,2826,239327
90,90,HYP6D3,*MANUAL*,74,1494,35,166.00,60.40,32.53,2969,179327
91,91,HYP6D4,*MANUAL*,71,1469,33,158.00,62.27,33.08,2969,184872
92,92,HYP7D1,*MANUAL*,72,1427,35,143.00,59.58,22.73,2969,176902
93,93,HYP7D2,*MANUAL*,72,1350,28,112.00,30.13,19.61,2962,89250
94,94,HYP4V1,*MANUAL*,68,1692,91,131.00,41.85,27.14,2103,88015
95,95,HYP4V2,*MANUAL*,70,1649,96,139.00,56.30,28.37,2103,118402
96,96,ARCAV,*MANUAL*,75,1622,96,144.00,55.81,33.37,2103,117377
97,97,HYP2V,*MANUAL*,69,1607,96,126.00,62.31,25.38,2101,130903
98,98,ARCPV,*MANUAL*,79,1595,97,193.00,68.15,36.38,2029,138273
99,99,HYP1V,*MANUAL*,70,1585,96,201.00,83.02,34.72,2103,174583
100,100,ILsoVL,*MANUAL*,70,1564,97,194.00,88.25,35.49,1861,164229
101,101,ILshVL,*MANUAL*,67,1544,98,178.00,83.58,34.13,1876,156789
102,102,ILsoVR,*MANUAL*,79,1570,99,198.00,82.41,40.42,2103,173301
103,103,ILshVR,*MANUAL*,80,1546,99,195.00,87.97,37.83,2017,177438
104,104,HYP6V1,*MANUAL*,71,1532,101,133.00,50.14,23.99,2969,148864
105,105,HYP6V2,*MANUAL*,67,1476,105,122.00,53.25,21.71,2774,147703
106,106,HYP7V1,*MANUAL*,67,1449,111,132.00,49.38,23.05,2969,146603
107,107,HYP7V2,*MANUAL*,68,1414,111,182.00,58.58,30.54,2969,173912
108,108,M4,*MANUAL*,73,1407,68,142.00,66.79,25.27,2103,140461
109,109,M3L,*MANUAL*,60,1417,82,190.00,99.52,34.17,2103,209287
110,110,M3R,*MANUAL*,77,1414,87,244.00,117.91,48.27,2103,247974
111,111,I3,*MANUAL*,73,1440,53,221.00,109.37,35.99,2089,228470
112,112,NSML,*MANUAL*,55,1444,80,184.00,93.86,31.97,2087,195893
113,113,NSMR,*MANUAL*,81,1441,86,219.00,101.98,44.02,2101,214260
114,114,*NOUSE*,*NOUSE*,0,0,0,0,0,0,0,0
115,115,MI,*MANUAL*,73,1454,48,211.00,148.94,21.77,519,77302
116,116,PM4DL,*MANUAL*,64,1454,49,200.00,95.96,36.35,2103,201810
117,117,PM4DR,*MANUAL*,80,1453,55,199.00,115.33,31.11,2103,242544
118,118,PM4R,*MANUAL*,85,1455,75,217.00,94.20,45.15,2031,191328
119,119,PM4L,*MANUAL*,54,1455,65,175.00,79.74,31.15,2092,166809
120,120,PM4VR,*MANUAL*,75,1454,93,164.00,87.71,26.10,2059,180597
121,121,PM4VL,*MANUAL*,61,1457,89,141.00,81.23,22.78,1979,160760
122,122,I2L,*MANUAL*,57,1457,78,216.00,110.95,41.31,1365,151444
123,123,MCL,*MANUAL*,54,1471,76,230.00,136.97,33.81,1096,150120
124,124,MCR,*MANUAL*,77,1462,79,220.00,122.28,38.15,1309,160066
125,125,I2R,*MANUAL*,85,1460,87,218.00,131.44,35.41,1365,179421
126,126,PM1L,*MANUAL*,61,1477,73,221.00,100.70,46.31,2077,209154
127,127,PM1DR,*MANUAL*,75,1470,53,199.00,107.03,41.42,973,104138
128,128,PM1DL,*MANUAL*,71,1476,52,217.00,128.33,46.45,999,128197
129,129,PM1VL,*MANUAL*,59,1483,83,215.00,86.18,49.28,1559,134355
130,130,PM1VR,*MANUAL*,78,1481,85,237.00,94.89,46.64,1445,137118
131,131,PM1R,*MANUAL*,84,1480,74,233.00,99.44,46.95,1832,182170
132,132,MC1V,*MANUAL*,68,1478,89,216.00,80.80,40.41,4139,334423
133,133,MC1DL,*MANUAL*,60,1478,55,212.00,88.29,35.09,2969,262124
134,134,MC1DR,*MANUAL*,84,1476,62,181.00,86.42,27.75,2969,256586
135,135,I1R,*MANUAL*,79,1494,79,186.00,91.63,35.61,2103,192703
136,136,I1L,*MANUAL*,61,1505,74,192.00,75.15,35.54,2103,158033
137,137,E2D,*MANUAL*,73,1635,55,99.00,35.94,22.05,2103,75581
138,138,PM2D1,*MANUAL*,76,1596,50,152.00,53.32,31.54,2103,112131
139,139,PM2D2,*MANUAL*,77,1570,51,170.00,74.85,35.85,2103,157400
140,140,E1D,*MANUAL*,76,1542,49,161.00,95.68,21.82,1270,121518
141,141,E3D,*MANUAL*,74,1499,51,148.00,47.48,25.77,2103,99858
142,142,E2VL,*MANUAL*,61,1637,79,115.00,39.30,24.90,2103,82655
143,143,PM2VL1,*MANUAL*,63,1603,76,163.00,69.62,28.98,1365,95025
144,144,PM2VL2,*MANUAL*,63,1589,75,153.00,74.40,31.59,1695,126107
145,145,E1VL,*MANUAL*,61,1564,74,150.00,60.86,32.08,1815,110457
146,146,E3VL,*MANUAL*,61,1534,76,138.00,61.71,28.61,2102,129718
147,147,E2VR,*MANUAL*,82,1636,81,132.00,47.72,29.02,2103,100356
148,148,PM2VR1,*MANUAL*,83,1608,80,157.00,59.68,37.88,2103,125516
149,149,PM2VR2,*MANUAL*,85,1586,79,178.00,76.01,34.79,1757,133557
150,150,E1VR,*MANUAL*,87,1554,80,178.00,85.07,40.30,1975,168005
151,151,E3VR,*MANUAL*,83,1525,81,166.00,76.15,32.05,1859,141555
152,152,ILsoR,*MANUAL*,92,1527,86,181.00,82.73,40.19,2103,173971
153,153,PM3R,*MANUAL*,83,1514,72,131.00,57.20,26.97,2103,120290
154,154,PM3VR,*MANUAL*,82,1564,82,170.00,67.49,26.95,1835,123848
155,155,PM3DR,*MANUAL*,80,1529,54,135.00,60.88,19.85,2103,128033
156,156,PM3DL,*MANUAL*,72,1552,52,158.00,61.42,27.35,2103,129167
157,157,PM3VL,*MANUAL*,69,1566,81,118.00,45.07,19.28,2103,94779
158,158,PM3L,*MANUAL*,62,1522,68,127.00,56.54,24.91,2103,118902
159,159,ADEshL,*MANUAL*,44,1192,76,233.00,93.20,43.28,2103,195991
160,160,RMGL,*MANUAL*,45,1232,76,175.00,91.89,31.79,1947,178912
161,161,ADAL,*MANUAL*,42,1248,77,195.00,92.73,39.48,2073,192221
162,162,ADEL,*MANUAL*,49,1254,67,219.00,120.66,39.21,1654,199568
163,163,FLPL,*MANUAL*,45,1267,70,198.00,106.98,34.81,1965,210221
164,164,RICL,*MANUAL*,44,1281,72,178.00,92.84,34.07,1978,183635
165,165,AIZL,*MANUAL*,53,1273,64,200.00,108.86,40.57,2085,226978
166,166,AWCL,*MANUAL*,43,1336,71,148.00,80.56,23.62,2098,169008
167,167,AUAL,*MANUAL*,42,1320,76,196.00,92.44,35.17,1891,174810
168,168,ASJL,*MANUAL*,43,1299,73,158.00,67.88,28.27,2969,201543
169,169,ASHL,*MANUAL*,43,1320,57,171.00,77.50,26.01,2969,230111
170,170,ASEL,*MANUAL*,45,1298,52,156.00,81.32,29.36,2914,236967
171,171,RMDL,*MANUAL*,45,1364,80,174.00,93.34,27.04,1357,126661
172,172,SIBDL,*MANUAL*,47,1351,77,214.00,122.74,35.19,1361,167053
173,173,RMDVL,*MANUAL*,45,1374,61,165.00,74.02,24.34,2103,155674
174,174,AVAL,*MANUAL*,46,1358,61,181.00,99.38,27.49,1942,192994
175,175,AFDL,*MANUAL*,47,1339,55,170.00,87.21,32.38,2006,174949
176,176,AWBL,*MANUAL*,47,1316,41,212.00,92.70,40.54,2071,191977
177,177,ASGL,*MANUAL*,51,1297,40,216.00,103.21,38.25,2093,216027
178,178,AVHL,*MANUAL*,49,1280,38,204.00,103.30,47.52,2059,212704
179,179,AVDL,*MANUAL*,45,1280,54,182.00,100.47,34.72,2055,206456
180,180,AVJL,*MANUAL*,49,1268,42,213.00,108.93,42.85,1737,189210
181,181,AINL,*MANUAL*,50,1262,52,215.00,113.61,41.99,2102,238803
182,182,SMDVL,*MANUAL*,50,1354,46,179.00,93.42,34.76,1993,186182
183,183,CEPDL,*MANUAL*,60,1365,41,229.00,102.24,46.12,1945,198851
184,184,ALA,*MANUAL*,73,1370,39,194.00,97.96,34.13,1977,193676
185,185,CEPDR,*MANUAL*,86,1369,42,214.00,105.59,45.32,1999,211067
186,186,URXL,*MANUAL*,66,1354,42,209.00,106.43,30.29,1991,211906
187,187,ASKL,*MANUAL*,62,1331,35,171.00,86.56,31.02,2103,182028
188,188,ADLL,*MANUAL*,63,1309,36,177.00,94.58,26.55,2103,198897
189,189,AVBL,*MANUAL*,56,1285,50,211.00,139.62,25.24,1296,180948
190,190,ASIL,*MANUAL*,64,1290,43,195.00,102.69,35.19,2103,215948
191,191,RIVL,*MANUAL*,60,1272,42,227.00,122.69,38.50,2103,258013
192,192,RMDR,*MANUAL*,97,1373,85,196.00,95.45,40.82,2103,200722
193,193,SIBDR,*MANUAL*,95,1359,83,238.00,105.02,57.46,1923,201959
194,194,AWCR,*MANUAL*,97,1345,75,178.00,96.36,29.66,1980,190799
195,195,AUAR,*MANUAL*,97,1326,83,235.00,103.13,47.58,2083,214825
196,196,ASJR,*MANUAL*,96,1307,76,189.00,66.66,41.86,2969,197903
197,197,ASHR,*MANUAL*,98,1327,66,171.00,82.48,37.63,2786,229784
198,198,ASER,*MANUAL*,98,1305,57,179.00,94.37,29.51,1934,182504
199,199,ADEshR,*MANUAL*,97,1230,53,245.00,110.28,60.43,2087,230164
200,200,RMGR,*MANUAL*,97,1233,79,239.00,93.54,60.03,2080,194573
201,201,ADAR,*MANUAL*,97,1254,79,231.00,97.64,57.90,1759,171752
202,202,ADER,*MANUAL*,90,1258,68,249.00,150.74,51.88,1584,238778
203,203,FLPR,*MANUAL*,93,1272,72,224.00,117.09,47.03,2060,241207
204,204,RICR,*MANUAL*,94,1288,73,219.00,102.22,54.34,2058,210373
205,205,AIZR,*MANUAL*,85,1275,61,233.00,140.93,39.81,1977,278610
206,206,RMDVR,*MANUAL*,98,1382,65,204.00,94.90,33.89,2103,199585
207,207,AVAR,*MANUAL*,97,1365,67,204.00,95.11,44.47,2049,194878
208,208,AFDR,*MANUAL*,97,1345,57,194.00,93.30,40.26,2051,191366
209,209,AWBR,*MANUAL*,97,1322,47,229.00,100.53,55.04,1803,181254
210,210,ASGR,*MANUAL*,92,1303,43,238.00,109.82,47.87,1974,216788
211,211,AVHR,*MANUAL*,94,1285,42,243.00,100.72,59.53,2029,204352
212,212,AVDR,*MANUAL*,95,1286,59,229.00,126.87,47.82,1977,250823
213,213,AVJR,*MANUAL*,95,1273,51,245.00,122.89,43.69,1973,242462
214,214,AINR,*MANUAL*,92,1260,54,236.00,124.89,50.30,2069,258393
215,215,SMDVR,*MANUAL*,93,1363,50,218.00,105.46,45.70,1968,207552
216,216,URXR,*MANUAL*,76,1346,41,186.00,109.71,30.12,2026,222264
217,217,ADFR,*MANUAL*,90,1335,52,204.00,116.10,34.48,2019,234399
218,218,AWAR,*MANUAL*,90,1321,54,235.00,126.88,41.43,2083,264295
219,219,AVBR,*MANUAL*,86,1284,51,241.00,150.04,40.81,1840,276069
220,220,RIVR,*MANUAL*,79,1275,45,241.00,124.96,46.37,2103,262785
221,221,ASIR,*MANUAL*,81,1295,44,225.00,119.75,37.14,2969,355541
222,222,ADLR,*MANUAL*,80,1317,41,189.00,84.03,33.04,2969,249487
223,223,ASKR,*MANUAL*,86,1336,39,173.00,84.10,34.77,2969,249683
224,224,RIAR,*MANUAL*,86,1353,53,217.00,127.36,37.64,2103,267831
225,225,SAAVR,*MANUAL*,87,1367,60,249.00,154.18,39.68,1318,203208
226,226,GLRDR,*MANUAL*,78,1367,52,236.00,140.51,41.61,1994,280177
227,227,GLRDL,*MANUAL*,66,1370,54,246.00,117.43,53.02,1903,223461
228,228,SAAVL,*MANUAL*,57,1365,57,234.00,142.56,30.13,1365,194590
229,229,RIAL,*MANUAL*,57,1344,50,188.00,107.75,29.03,2103,226599
230,230,ADFL,*MANUAL*,55,1329,49,173.00,92.94,28.89,2103,195463
231,231,AWAL,*MANUAL*,57,1311,49,177.00,99.74,30.88,1963,195791
232,232,AVEL,*MANUAL*,55,1352,66,178.00,93.51,36.98,2047,191425
233,233,AIBL,*MANUAL*,55,1328,66,189.00,92.38,29.86,2103,194285
234,234,RIBL,*MANUAL*,55,1308,62,191.00,94.15,33.07,2103,198007
235,235,RIML,*MANUAL*,52,1291,64,170.00,91.66,30.74,2103,192761
236,236,AVER,*MANUAL*,89,1356,68,202.00,113.85,38.19,2073,236005
237,237,AIBR,*MANUAL*,88,1337,67,209.00,117.17,37.26,2103,246403
238,238,RIBR,*MANUAL*,87,1308,61,241.00,129.60,40.01,2093,271248
239,239,RIMR,*MANUAL*,85,1294,65,228.00,119.94,42.94,2103,252239
240,240,RMDDL,*MANUAL*,52,1356,91,218.00,116.58,38.55,1851,215795
241,241,SMDDL,*MANUAL*,53,1340,94,202.00,102.93,35.75,2028,208741
242,242,SMBDL,*MANUAL*,55,1328,94,218.00,104.73,38.48,1931,202236
243,243,SIAVL,*MANUAL*,53,1311,89,212.00,101.30,38.28,1792,181535
244,244,EXC DUCT,*MANUAL*,59,1306,80,210.00,86.41,36.65,2103,181724
245,245,RMDDR,*MANUAL*,88,1357,99,207.00,102.01,44.77,2052,209331
246,246,SMDDR,*MANUAL*,85,1340,99,213.00,106.74,38.05,2054,219251
247,247,SMBDR,*MANUAL*,82,1327,96,211.00,117.05,38.22,1450,169724
248,248,SIAVR,*MANUAL*,86,1310,89,244.00,131.64,47.32,1166,153488
249,249,SIADR,*MANUAL*,88,1321,92,251.00,136.19,43.35,1365,185902
250,250,AVL,*MANUAL*,84,1322,78,215.00,112.80,39.79,1835,206993
251,251,AIAR,*MANUAL*,76,1320,84,245.00,137.64,45.40,1936,266470
252,252,*NOUSE*,*NOUSE*,0,0,0,0,0,0,0,0
253,253,AIAL,*MANUAL*,64,1322,83,240.00,140.80,35.58,1228,172908
254,254,SIADL,*MANUAL*,52,1323,81,215.00,120.87,34.92,2103,254195
255,255,SIBVL,*MANUAL*,53,1340,79,210.00,115.99,35.98,1360,157741
256,256,SMBVL,*MANUAL*,64,1337,86,230.00,129.28,38.84,1893,244721
257,257,SMBVR,*MANUAL*,75,1334,90,238.00,142.23,47.26,1751,249051
258,258,RIR,*MANUAL*,83,1338,82,196.00,116.91,27.81,1993,233008
259,259,SIBVR,*MANUAL*,89,1348,86,219.00,118.64,41.63,2093,248320
260,260,G1,*MANUAL*,68,1352,111,161.00,75.25,32.53,2103,158259
261,261,G2,*MANUAL*,67,1330,98,232.00,117.61,39.14,2103,247327
262,262,W,*MANUAL*,66,1305,99,184.00,77.52,32.48,2051,159003
263,263,RIH,*MANUAL*,70,1350,91,217.00,143.77,27.47,957,137590
264,264,SAADL,*MANUAL*,61,1351,91,231.00,151.28,29.23,1365,206504
265,265,SAADR,*MANUAL*,79,1351,94,242.00,173.81,26.25,1352,234994
266,266,GLRVR,*MANUAL*,78,1364,90,233.00,121.07,49.63,1937,234511
267,267,GLRR,*MANUAL*,83,1361,80,226.00,127.64,48.00,2103,268420
268,268,GLRVL,*MANUAL*,63,1365,87,226.00,122.46,38.42,1242,152100
269,269,GLRL,*MANUAL*,58,1360,78,218.00,114.55,37.50,2103,240890
270,270,MC2DR,*MANUAL*,77,1263,69,202.00,96.45,29.73,2034,196180
271,271,MC2DL,*MANUAL*,62,1261,65,164.00,80.32,29.10,2100,168666
272,272,MC2V,*MANUAL*,69,1257,84,210.00,85.35,37.09,2103,179496
273,273,PM5DR,*MANUAL*,74,1256,53,231.00,118.16,36.63,1331,157268
274,274,PM5DL,*MANUAL*,63,1252,50,234.00,115.67,42.04,2103,243260
275,275,PM5L,*MANUAL*,57,1247,67,202.00,107.09,30.93,2103,225200
276,276,PM5R,*MANUAL*,81,1250,68,227.00,118.67,42.02,2103,249553
277,277,*NOUSE*,*NOUSE*,0,0,0,0,0,0,0,0
278,278,PM5VL,*MANUAL*,65,1236,85,224.00,121.61,29.63,1525,185449
279,279,PM5VR,*MANUAL*,74,1236,87,246.00,134.62,36.77,2017,271526
280,280,M2L,*MANUAL*,57,1234,77,246.00,120.69,44.09,2103,253808
281,281,PM6VL,*MANUAL*,58,1218,75,183.00,81.85,26.96,2103,172122
282,282,PM7VL,*MANUAL*,57,1188,75,182.00,82.15,35.26,2103,172760
283,283,G1AL,*MANUAL*,57,1231,57,183.00,92.75,32.43,2103,195048
284,284,I6,*MANUAL*,58,1223,42,222.00,103.01,42.16,1931,198912
285,285,M5,*MANUAL*,59,1187,42,236.00,111.99,42.99,1917,214694
286,286,MC3DL,*MANUAL*,53,1192,52,212.00,93.14,31.23,2029,188979
287,287,I4,*MANUAL*,71,1239,44,218.00,108.01,40.15,2103,227146
288,288,PM6D,*MANUAL*,71,1222,43,184.00,86.99,30.78,2901,252355
289,289,PM7D,*MANUAL*,71,1196,36,207.00,65.65,39.86,4139,271744
290,290,I5,*MANUAL*,71,1222,89,220.00,110.18,42.57,2103,231708
291,291,MC3V,*MANUAL*,74,1190,91,199.00,81.06,34.81,2103,170460
292,292,M2R,*MANUAL*,85,1235,77,251.00,139.33,54.44,2103,293015
293,293,PM6VR,*MANUAL*,85,1218,76,196.00,89.67,36.68,2103,188571
294,294,PM7VR,*MANUAL*,85,1193,76,205.00,96.23,42.96,2058,198048
295,295,G1AR,*MANUAL*,84,1231,59,233.00,105.26,51.54,2103,221354
296,296,M1,*MANUAL*,85,1219,46,246.00,114.21,43.97,2103,240180
297,297,MC3DR,*MANUAL*,89,1194,56,228.00,97.82,44.32,2103,205724
298,298,G1P,*MANUAL*,83,1180,48,194.00,88.34,30.34,2103,185778
299,299,G2R,*MANUAL*,81,1175,83,249.00,111.98,56.47,2039,228322
300,300,G2L,*MANUAL*,63,1174,84,245.00,106.57,59.63,2028,216131
301,301,PM8,*MANUAL*,73,1167,78,209.00,105.29,39.14,1834,193108
302,302,VPI2V,*MANUAL*,71,1162,88,249.00,127.83,56.53,1733,221531
303,303,VPI3V,*MANUAL*,72,1154,82,243.00,93.77,61.05,2103,197205
304,304,VPI1,*MANUAL*,71,1160,42,186.00,89.80,32.69,2087,187411
305,305,VPI3D,*MANUAL*,66,1149,50,196.00,97.24,45.96,2103,204503
306,306,VPI2DR,*MANUAL*,86,1161,53,249.00,113.89,52.28,2103,239521
307,307,VPI2DL,*MANUAL*,56,1160,52,216.00,95.86,44.74,2090,200347
308,308,INVR1,*MANUAL*,83,1106,81,131.00,48.14,23.71,4139,199264
309,309,INVL1,*MANUAL*,56,1101,85,120.00,45.07,20.01,4139,186530
310,310,INDL1,*MANUAL*,57,1098,39,118.00,44.80,17.65,4139,185431
311,311,INDR1,*MANUAL*,87,1102,45,151.00,54.08,22.33,4139,223836
312,312,IND2,*MANUAL*,71,1051,44,99.00,39.37,16.04,4139,162946
313,313,IND3,*MANUAL*,68,995,46,83.00,34.51,12.98,4139,142817
314,314,IND4,*MANUAL*,69,916,56,88.00,39.59,14.16,4139,163848
315,315,IND5,*MANUAL*,71,829,57,105.00,36.44,17.90,4139,150835
316,316,INV2,*MANUAL*,62,1044,87,104.00,45.04,15.56,4139,186409
317,317,INV3,*MANUAL*,70,971,89,91.00,42.24,15.56,4116,173857
318,318,INV4,*MANUAL*,70,882,88,106.00,36.18,14.31,4139,149746
319,319,INV5,*MANUAL*,58,783,65,108.00,36.66,16.21,3910,143337
320,320,INV6,*MANUAL*,75,725,67,105.00,38.93,18.37,4139,161146
321,321,INV7,*MANUAL*,66,607,77,85.00,35.49,14.96,4139,146900
322,322,INV8,*MANUAL*,70,504,77,109.00,49.38,19.91,4044,199708
323,323,INV9,*MANUAL*,73,418,79,141.00,57.40,25.14,3631,208417
324,324,IND6,*MANUAL*,64,675,57,101.00,36.22,17.07,4139,149896
325,325,IND7,*MANUAL*,69,560,55,116.00,38.65,18.29,4139,159983
326,326,IND8,*MANUAL*,72,461,55,127.00,48.63,22.37,3990,194034
327,327,IND9,*MANUAL*,65,410,51,130.00,47.39,27.16,4139,196162
328,328,DD5,*MANUAL*,66,526,92,226.00,94.24,60.01,2969,279785
329,329,DB7,*MANUAL*,67,499,92,222.00,106.75,45.70,2103,224498
330,330,DA7,*MANUAL*,67,476,92,238.00,117.30,47.05,2036,238822
331,331,DD4,*MANUAL*,63,689,98,244.00,104.12,60.46,2912,303209
332,332,DB6,*MANUAL*,63,637,98,232.00,118.48,51.58,2103,249165
333,333,DA6,*MANUAL*,64,610,98,229.00,118.34,50.53,2103,248860
334,334,DA5,*MANUAL*,65,769,105,242.00,115.42,52.93,2103,242721
335,335,DB5,*MANUAL*,65,810,103,252.00,111.19,52.26,2103,233825
336,336,DD3,*MANUAL*,65,879,107,250.00,115.18,55.52,2103,242233
337,337,DA4,*MANUAL*,66,904,108,235.00,116.87,53.43,2086,243791
338,338,DB4,*MANUAL*,66,988,108,221.00,97.03,43.39,2103,204061
339,339,DA3,*MANUAL*,67,1036,105,222.00,100.13,43.66,2103,210579
340,340,DD2,*MANUAL*,69,1069,101,235.00,109.39,53.51,1987,217358
341,341,DA2,*MANUAL*,66,1117,101,213.00,91.33,42.08,2103,192070
342,342,DB3,*MANUAL*,67,1146,103,211.00,85.51,40.12,2103,179829
343,343,DA1,*MANUAL*,67,1191,105,211.00,92.83,42.63,2103,195220
344,344,RIGR,*MANUAL*,66,1209,104,218.00,94.26,43.83,2103,198236
345,345,DB1,*MANUAL*,70,1226,107,209.00,86.67,41.17,1733,150196
346,346,DD1,*MANUAL*,63,1228,101,222.00,115.83,45.31,2059,238498
347,347,SABD,*MANUAL*,76,1245,97,229.00,123.86,44.35,1583,196063
348,348,RIGL,*MANUAL*,62,1245,97,214.00,109.68,40.51,1822,199836
349,349,AVG,*MANUAL*,69,1251,102,235.00,111.63,40.86,2072,231291
350,350,RIFL,*MANUAL*,64,1264,99,226.00,140.06,36.80,1152,161352
351,351,RIFR,*MANUAL*,74,1265,98,240.00,113.08,52.16,2081,235320
352,352,SABVL,*MANUAL*,66,1275,100,240.00,140.73,41.91,1225,172396
353,353,SABVR,*MANUAL*,74,1280,99,248.00,155.57,45.42,1253,194928
354,354,DB2,*MANUAL*,68,1289,105,194.00,89.60,36.35,2103,188424
355,355,HYP5L,*MANUAL*,52,1615,63,85.00,34.32,15.79,2969,101899
356,356,H0L,*MANUAL*,43,1506,69,117.00,55.12,18.73,2969,163652
357,357,H2L,*MANUAL*,40,1250,58,157.00,57.75,25.23,2969,171445
358,358,AMshL,*MANUAL*,48,1241,40,135.00,66.93,20.39,2103,140752
359,359,HYP7ABLD,*MANUAL*,42,1181,52,128.00,43.60,20.38,4139,180467
360,360,HYP7ABLV,*MANUAL*,44,1153,61,130.00,41.38,17.86,4139,171260
361,361,BDUL,*MANUAL*,48,1116,62,214.00,86.72,48.63,2103,182371
362,362,V1L,*MANUAL*,42,1087,64,127.00,50.13,23.08,2969,148837
363,363,P1/2L,*MANUAL*,44,1040,83,160.00,62.07,26.59,2969,184295
364,364,V2L,*MANUAL*,44,989,82,126.00,49.58,22.66,4139,205227
365,365,P3/4L,*MANUAL*,45,927,85,153.00,59.00,27.25,2969,175166
366,366,V3L,*MANUAL*,42,849,74,138.00,46.07,24.55,4139,190677
367,367,P5/6L,*MANUAL*,42,784,82,160.00,66.99,29.39,2910,194930
368,368,V4L,*MANUAL*,45,702,76,163.00,49.86,29.97,4138,206324
369,369,P7/8L,*MANUAL*,47,646,79,164.00,67.52,29.96,2969,200476
370,370,QL,*MANUAL*,49,600,69,159.00,63.87,28.95,2969,189629
371,371,V5L,*MANUAL*,50,556,67,150.00,60.09,26.95,2969,178408
372,372,P9/10L,*MANUAL*,50,523,76,154.00,73.87,26.71,2103,155349
373,373,V6L,*MANUAL*,51,463,64,124.00,42.30,23.40,4139,175070
374,374,H0R,*MANUAL*,99,1517,73,136.00,62.39,26.15,2969,185230
375,375,H1R,*MANUAL*,100,1414,74,197.00,61.48,32.58,4139,254464
376,376,H2R,*MANUAL*,101,1255,66,228.00,70.31,43.97,4139,291010
377,377,HYP7ABRV,*MANUAL*,100,1194,75,148.00,54.50,28.61,4139,225562
378,378,HYP7ABRD,*MANUAL*,98,1155,76,144.00,48.77,26.43,4139,201871
379,379,HYP7ABR3,*MANUAL*,100,1138,55,159.00,48.46,26.24,4139,200596
380,380,BDUR,*MANUAL*,93,1115,69,253.00,122.04,60.11,2103,256643
381,381,V1R,*MANUAL*,97,1088,71,191.00,65.38,36.13,4139,270613
382,382,P1/2R,*MANUAL*,93,1041,90,214.00,77.91,48.25,2934,228576
383,383,V2R,*MANUAL*,95,993,88,165.00,61.85,31.76,4139,255984
384,384,P3/4R,*MANUAL*,92,938,93,198.00,80.60,44.43,2969,239315
385,385,V3R,*MANUAL*,92,868,88,189.00,56.61,35.68,4139,234297
386,386,P5/6R,*MANUAL*,90,803,88,197.00,62.56,48.35,4139,258932
387,387,V4R,*MANUAL*,88,697,83,187.00,61.52,39.88,4139,254622
388,388,P7/8R,*MANUAL*,85,652,87,218.00,89.12,43.13,2758,245805
389,389,QR,*MANUAL*,88,624,79,212.00,76.86,36.73,2969,228183
390,390,M,*MANUAL*,81,617,64,154.00,53.15,30.15,4139,219983
391,391,V5R,*MANUAL*,87,562,77,187.00,62.83,33.18,4109,258174
392,392,P9/10R,*MANUAL*,85,530,85,189.00,59.51,44.46,4139,246293
393,393,V6R,*MANUAL*,88,472,74,158.00,49.77,32.33,4116,204842
394,394,ALMR,*MANUAL*,90,899,56,231.00,115.86,56.51,2103,243657
395,395,CANR,*MANUAL*,88,790,70,253.00,115.15,62.02,2103,242163
396,396,HSNR,*MANUAL*,86,748,86,250.00,120.15,64.54,2103,252681
397,397,HYP7RC1,*MANUAL*,97,1047,61,174.00,50.77,25.79,4139,210131
398,398,HYP7RC2,*MANUAL*,96,937,70,147.00,50.05,27.52,4139,207164
399,399,HYP7RC3,*MANUAL*,91,820,60,220.00,46.67,32.66,4139,193154
400,400,HYP7RC4,*MANUAL*,89,668,59,150.00,47.01,29.11,4139,194569
401,401,HYP7RC5,*MANUAL*,89,525,61,183.00,51.63,28.07,4139,213701
402,402,HYP7LC1,*MANUAL*,44,1064,49,108.00,35.52,18.40,4139,147037
403,403,HYP7LC2,*MANUAL*,46,956,57,106.00,35.53,19.63,4139,147041
404,404,ALML,*MANUAL*,50,907,47,216.00,93.75,36.16,2103,197152
405,405,CANL,*MANUAL*,44,779,64,199.00,92.41,37.42,2103,194333
406,406,HSNL,*MANUAL*,46,735,85,219.00,89.10,40.41,2933,261336
407,407,HYP7LC3,*MANUAL*,45,816,53,124.00,43.40,22.42,4139,179628
408,408,HYP7LC4,*MANUAL*,48,655,53,120.00,45.26,23.05,4139,187331
409,409,HYP7LC5,*MANUAL*,52,534,49,122.00,38.02,22.91,4139,157368
410,410,HYP9,*MANUAL*,72,135,67,120.00,45.30,25.99,2969,134488
411,411,HYP101,*MANUAL*,71,107,63,118.00,32.76,26.88,2969,97259
412,412,HYP102,*MANUAL*,70,76,67,121.00,29.29,24.52,2969,86970
413,413,HYP8,*MANUAL*,67,176,57,128.00,51.41,24.11,1945,100000
414,414,HYP11,*MANUAL*,74,178,66,115.00,52.78,22.98,2103,110992
415,415,HYP71,*MANUAL*,70,242,79,126.00,50.08,26.61,2102,105264
416,416,HYP72,*MANUAL*,71,210,71,105.00,40.12,24.76,2969,119115
417,417,PVR,*MANUAL*,73,230,57,137.00,61.00,27.47,1846,112615
418,418,TR,*MANUAL*,76,246,64,109.00,46.01,19.80,2821,129783
419,419,TL,*MANUAL*,65,237,62,129.00,41.77,21.13,2969,124026
420,420,PLML,*MANUAL*,65,265,71,153.00,68.18,34.49,2619,178556
421,421,PHshl,*MANUAL*,63,280,66,194.00,97.78,36.18,1960,191652
422,422,ALNL,*MANUAL*,65,287,55,213.00,95.15,42.60,2019,192100
423,423,LUAL,*MANUAL*,61,308,58,228.00,118.77,44.52,1706,202624
424,424,PVCL,*MANUAL*,60,299,66,191.00,97.69,39.83,1877,183356
425,425,PHBL,*MANUAL*,59,319,64,215.00,105.95,31.83,1920,203419
426,426,PHAL,*MANUAL*,60,329,74,205.00,100.17,41.28,2022,202535
427,427,PVQL,*MANUAL*,60,340,66,186.00,104.68,28.17,1736,181730
428,428,REPVL,*MANUAL*,59,364,63,194.00,95.79,36.61,1815,173861
429,429,PLMR,*MANUAL*,75,265,75,196.00,86.22,39.31,2078,179174
430,430,PHshR,*MANUAL*,77,277,67,188.00,90.51,42.12,2029,183647
431,431,ALNR,*MANUAL*,76,286,58,221.00,97.16,47.53,2103,204321
432,432,LUAR,*MANUAL*,81,302,62,246.00,114.52,54.43,1559,178543
433,433,PVCR,*MANUAL*,80,297,70,244.00,105.53,45.75,1879,198287
434,434,PHBR,*MANUAL*,83,314,70,200.00,106.09,37.07,1822,193290
435,435,PHAR,*MANUAL*,81,324,78,204.00,97.12,49.90,1939,188323
436,436,PVQR,*MANUAL*,82,335,71,205.00,106.18,37.73,1902,201952
437,437,REPVR,*MANUAL*,82,367,68,221.00,105.68,44.77,1946,205645
438,438,K',*MANUAL*,78,344,59,233.00,123.00,42.27,1172,144155
439,439,*NOUSE*,*NOUSE*,0,0,0,0,0,0,0,0
440,440,F,*MANUAL*,71,339,68,206.00,123.17,33.31,2103,259016
441,441,B,*MANUAL*,70,320,82,184.00,69.59,33.44,2969,206626
442,442,DVA,*MANUAL*,71,317,66,173.00,104.23,23.87,2103,219186
443,443,DEP,*MANUAL*,72,304,55,194.00,98.06,37.96,2103,206212
444,444,DVC,*MANUAL*,69,293,71,174.00,110.73,23.13,1857,205630
445,445,REPD,*MANUAL*,72,354,47,208.00,94.59,45.48,2103,198932
446,446,YPDA,*MANUAL*,69,355,88,180.00,78.95,39.90,2103,166023
447,447,U,*MANUAL*,68,361,71,202.00,102.38,41.33,2103,215301
448,448,DA8,*MANUAL*,63,372,83,213.00,108.20,45.24,1841,199193
449,449,SPH,*MANUAL*,61,383,71,221.00,128.37,39.19,1062,136327
450,450,PVPL,*MANUAL*,64,393,84,215.00,101.67,37.97,2103,213819
451,451,IML,*MANUAL*,58,419,80,179.00,77.23,35.52,2103,162411
452,452,DD6,*MANUAL*,69,377,76,245.00,134.60,53.63,1905,256406
453,453,DA9,*MANUAL*,77,369,82,236.00,123.71,44.86,1881,232702
454,454,PVPR,*MANUAL*,78,385,83,237.00,110.93,46.16,2103,233283
455,455,PVT,*MANUAL*,74,406,87,201.00,107.56,42.47,1919,206403
456,456,IMR,*MANUAL*,83,411,81,208.00,88.57,38.62,2103,186256
457,457,HYP7RC6,*MANUAL*,85,341,58,223.00,66.42,38.26,2969,197213
458,458,K,*MANUAL*,69,336,53,173.00,96.44,29.73,2248,216797
459,459,HYP7LC6,*MANUAL*,60,340,49,175.00,47.05,31.58,4139,194723
460,460,P11/12L,*MANUAL*,54,390,72,182.00,61.64,37.25,2969,183000
461,461,P11/12R,*MANUAL*,86,363,79,240.00,71.12,43.83,2969,211166
462,462,EXC,*MANUAL*,77,1301,87,217.00,56.75,25.32,3973,225464
463,463,*NOUSE*,*NOUSE*,0,0,0,0,0,0,0,0
464,464,AIYL,*MANUAL*,51,1278,81,196.00,86.86,40.94,1733,150522
465,465,AVKL,*MANUAL*,52,1258,86,196.00,85.22,40.61,2103,179219
466,466,AIMR,*MANUAL*,77,1284,85,230.00,104.01,51.92,1583,164647
467,467,AIYR,*MANUAL*,85,1285,89,245.00,137.61,50.23,2033,279758
468,468,RIS,*MANUAL*,86,1273,86,208.00,96.15,44.84,2103,202202
469,469,AVKR,*MANUAL*,87,1255,84,225.00,119.31,36.74,2103,250899
470,470,VL1,*MANUAL*,53,1588,80,115.00,51.73,22.65,2103,108793
471,471,VL2,*MANUAL*,57,1553,92,119.00,55.46,24.11,2103,116627
472,472,VL3,*MANUAL*,56,1511,99,125.00,57.50,25.42,2103,120919
473,473,VL4,*MANUAL*,50,1467,95,120.00,65.51,21.52,2103,137772
474,474,VL5,*MANUAL*,56,1426,106,156.00,71.05,29.73,2103,149416
475,475,VL6,*MANUAL*,51,1398,101,194.00,76.80,35.21,2103,161504
476,476,VL7,*MANUAL*,54,1288,97,160.00,72.11,33.23,2055,148192
477,477,VL8,*MANUAL*,53,1235,93,190.00,92.65,35.69,2103,194834
478,478,EXC GL L,*MANUAL*,53,1213,95,176.00,68.36,37.27,2969,202966
479,479,VL9,*MANUAL*,57,1175,96,202.00,79.89,30.30,2103,168019
480,480,VL10,*MANUAL*,53,1151,91,182.00,75.75,34.73,2103,159294
481,481,VL11,*MANUAL*,58,1065,98,218.00,90.19,42.22,2103,189665
482,482,VL12,*MANUAL*,54,989,97,186.00,86.29,34.97,2103,181474
483,483,VL13,*MANUAL*,57,938,103,215.00,84.59,47.63,2103,177885
484,484,VL14,*MANUAL*,53,856,97,201.00,66.85,45.38,2969,198471
485,485,VL15,*MANUAL*,56,791,97,223.00,92.33,45.62,2960,273294
486,486,VL16,*MANUAL*,53,696,92,225.00,92.22,42.58,2103,193936
487,487,VL17,*MANUAL*,57,565,88,198.00,65.72,38.71,2969,195122
488,488,VL18,*MANUAL*,58,469,85,213.00,68.58,41.67,2103,144233
489,489,VL19,*MANUAL*,64,293,81,163.00,79.55,35.81,2017,160452
490,490,VR20,*MANUAL*,75,293,83,168.00,73.35,38.31,2103,154254
491,491,VR19,*MANUAL*,78,472,88,192.00,88.65,43.01,2103,186438
492,492,VR18,*MANUAL*,78,554,90,210.00,83.77,40.25,2103,176159
493,493,VR17,*MANUAL*,76,647,93,226.00,116.62,45.38,2103,245245
494,494,VR16,*MANUAL*,78,731,94,235.00,84.95,49.90,2956,251126
495,495,VR15,*MANUAL*,78,826,98,218.00,84.51,46.17,2969,250915
496,496,VR14,*MANUAL*,80,904,103,227.00,101.43,49.92,2103,213301
497,497,VR13,*MANUAL*,80,975,103,217.00,87.71,49.34,2969,260397
498,498,VR12,*MANUAL*,81,1021,100,245.00,91.42,54.97,2103,192261
499,499,CCRA,*MANUAL*,86,1078,93,252.00,110.06,60.26,2103,231446
500,500,CCRP,*MANUAL*,82,1049,96,251.00,115.21,58.96,2103,242297
501,501,VR11,*MANUAL*,80,1102,99,210.00,89.92,40.06,2103,189103
502,502,VR10,*MANUAL*,85,1164,96,201.00,83.00,37.20,2103,174545
503,503,VR9,*MANUAL*,83,1206,100,194.00,77.67,38.32,2103,163348
504,504,EXC GL R,*MANUAL*,86,1228,93,206.00,97.41,43.54,2103,204852
505,505,VR8,*MANUAL*,86,1248,97,195.00,82.58,43.62,2103,173672
506,506,VR7,*MANUAL*,81,1302,100,203.00,79.19,39.75,2103,166534
507,507,VR6,*MANUAL*,90,1396,101,163.00,73.34,30.40,2103,154239
508,508,VR5,*MANUAL*,83,1419,108,179.00,64.34,41.33,2103,135300
509,509,VR4,*MANUAL*,88,1475,98,157.00,63.53,25.28,2103,133598
510,510,VR3,*MANUAL*,84,1510,100,127.00,59.44,24.34,2103,125011
511,511,VR2,*MANUAL*,91,1551,97,138.00,50.35,27.25,2103,105878
512,512,VR1,*MANUAL*,93,1582,84,142.00,60.84,20.00,2103,127950
513,513,HYP5R,*MANUAL*,93,1627,69,110.00,41.48,21.75,2969,123145
514,514,DR1,*MANUAL*,94,1585,54,137.00,55.41,20.51,2103,116521
515,515,DR2,*MANUAL*,94,1547,49,147.00,70.15,24.41,2103,147521
516,516,DR3,*MANUAL*,88,1512,42,139.00,56.73,27.21,2103,119304
517,517,DR4,*MANUAL*,93,1467,48,154.00,67.66,30.01,2103,142299
518,518,DR6,*MANUAL*,85,1410,40,223.00,79.63,39.33,2103,167453
519,519,DR7,*MANUAL*,81,1290,28,206.00,88.84,42.15,2103,186834
520,520,DR8,*MANUAL*,80,1260,30,194.00,88.71,39.01,2103,186553
521,521,DR9,*MANUAL*,86,1209,29,206.00,78.42,39.65,2103,164920
522,522,DR10,*MANUAL*,90,1166,35,197.00,85.80,38.59,2103,180431
523,523,DR11,*MANUAL*,86,1118,28,213.00,87.02,50.13,2103,183004
524,524,DR12,*MANUAL*,87,1024,38,236.00,116.28,42.86,1365,158721
525,525,DR13,*MANUAL*,84,979,38,237.00,90.08,56.65,2103,189441
526,526,DR14,*MANUAL*,84,906,42,208.00,93.72,46.69,2103,197098
527,527,DR15,*MANUAL*,79,868,41,236.00,80.26,53.65,2103,168797
528,528,DR16,*MANUAL*,79,775,42,247.00,89.46,58.28,2103,188124
529,529,DR17,*MANUAL*,78,688,44,233.00,77.94,53.00,2103,163905
530,530,DR18,*MANUAL*,79,623,44,239.00,89.30,52.61,2103,187790
531,531,DR19,*MANUAL*,80,536,45,219.00,87.43,49.94,2103,183858
532,532,DR20,*MANUAL*,80,455,46,181.00,79.44,36.13,2103,167058
533,533,DR21,*MANUAL*,79,326,51,179.00,75.65,35.98,2103,159094
534,534,DL21,*MANUAL*,71,266,54,159.00,57.09,39.67,2103,120050
535,535,DL20,*MANUAL*,64,434,42,178.00,70.46,40.51,2103,148179
536,536,DL19,*MANUAL*,65,498,39,219.00,75.07,51.23,2103,157867
537,537,DL18,*MANUAL*,64,564,39,197.00,78.67,50.06,2103,165443
538,538,DL17,*MANUAL*,61,650,39,200.00,89.98,46.93,2103,189222
539,539,DL16,*MANUAL*,59,717,41,240.00,86.49,48.77,2103,181883
540,540,DL15,*MANUAL*,59,813,39,210.00,91.59,48.15,2103,192621
541,541,DL14,*MANUAL*,58,873,40,214.00,85.91,44.86,2103,180674
542,542,DL13,*MANUAL*,60,936,39,222.00,90.17,43.05,2103,189629
543,543,DL12,*MANUAL*,58,1010,34,178.00,78.18,43.57,2103,164413
544,544,DL11,*MANUAL*,59,1064,29,206.00,91.66,42.43,2103,192752
545,545,DL10,*MANUAL*,58,1154,30,179.00,75.55,33.63,2103,158882
546,546,DL9,*MANUAL*,59,1180,26,181.00,81.38,38.65,2103,171135
547,547,DL8,*MANUAL*,58,1229,26,191.00,89.42,28.16,1365,122064
548,548,HMC,*MANUAL*,73,1230,26,219.00,62.79,44.89,2969,186436
549,549,DL7,*MANUAL*,64,1271,27,189.00,79.99,35.29,2103,168213
550,550,DL6,*MANUAL*,59,1385,36,161.00,64.70,22.65,2103,136067
551,551,DL5,*MANUAL*,50,1401,42,162.00,59.04,32.01,2103,124164
552,552,DL4,*MANUAL*,51,1471,41,147.00,58.22,25.18,2103,122427
553,553,DL3,*MANUAL*,58,1511,38,133.00,58.42,19.76,2103,122864
554,554,DL2,*MANUAL*,59,1546,43,117.00,58.14,21.37,2103,122258
555,555,DL1,*MANUAL*,58,1575,48,121.00,42.98,19.36,2969,127595
556,556,Z1,*MANUAL*,78,792,90,220.00,111.13,34.36,2103,233708
557,557,Z2,*MANUAL*,74,769,87,234.00,93.36,46.23,4139,386409
558,558,Z3,*MANUAL*,62,737,86,230.00,100.13,38.44,4139,414437
559,559,Z4,*MANUAL*,60,715,87,184.00,81.74,41.93,2969,242681
560,560,CCLA,*MANUAL*,51,812,93,226.00,97.72,50.32,2103,205510
561,561,CCLP,*MANUAL*,50,778,91,235.00,115.49,47.65,2103,242878
562,562,VIRL,*MANUAL*,66,376,54,198.00,94.26,42.94,1714,161558
563,563,VIRR,*MANUAL*,77,376,54,191.00,95.08,39.76,2103,199952
564,564,AIML,*MANUAL*,60,1280,89,209.00,110.06,47.42,2103,231455
565,565,AMshR,*MANUAL*,92,1248,43,171.00,78.11,28.41,2103,164266
566,566,f1,*MANUAL*,69,1673,71,27.00, 3.56, 5.00,895,3186
567,567,f2,*MANUAL*,68,1587,71,107.00,21.49,18.46,895,19233
568,568,f3,*MANUAL*,70,1465,70,70.00,18.84, 8.68,895,16863
569,569,f4,*MANUAL*,69,1431,69,28.00, 8.85, 3.89,895,7918
570,570,f5,*MANUAL*,71,1383,69,20.00, 5.71, 3.86,895,5110
571,571,f6,*MANUAL*,67,1339,69,33.00,14.62, 4.79,895,13082
572,572,f7,*MANUAL*,67,1208,66,20.00, 4.64, 3.46,895,4157
573,573,f8,*MANUAL*,70,1122,66,15.00, 2.62, 2.57,895,2349
574,574,f9,*MANUAL*,70,581,68, 8.00, 1.13, 1.47,895,1007
575,575,f10,*MANUAL*,71,630,70,15.00, 3.04, 2.69,895,2723
