0,0,*NOUSE*,*NOUSE*,0,0,0,0,0,0,0,0
1,1,VL6,,38,1390,90,161.00,54.95,33.57,5701,313250.00
2,2,*NOUSE*,*NOUSE*,0,0,0,0,0,0,0,0
3,3,*NOUSE*,*NOUSE*,0,0,0,0,0,0,0,0
4,4,RICL,,36,1272,76,225.00,169.08,19.20,457,77268.00
5,5,AINL,,40,1254,57,215.00,101.32,48.05,2389,242063.00
6,6,*NOUSE*,*NOUSE*,0,0,0,0,0,0,0,0
7,7,*NOUSE*,*NOUSE*,0,0,0,0,0,0,0,0
8,8,*NOUSE*,*NOUSE*,0,0,0,0,0,0,0,0
9,9,*NOUSE*,*NOUSE*,0,0,0,0,0,0,0,0
10,10,*NOUSE*,*NOUSE*,0,0,0,0,0,0,0,0
11,11,*NOUSE*,*NOUSE*,0,0,0,0,0,0,0,0
12,12,*NOUSE*,*NOUSE*,0,0,0,0,0,0,0,0
13,13,VL9,,46,1169,99,203.00,70.38,41.85,5074,357093.00
14,14,*NOUSE*,*NOUSE*,0,0,0,0,0,0,0,0
15,15,*NOUSE*,*NOUSE*,0,0,0,0,0,0,0,0
16,16,*NOUSE*,*NOUSE*,0,0,0,0,0,0,0,0
17,17,VL10,,47,1103,101,171.00,61.06,38.65,5455,333101.00
18,18,*NOUSE*,*NOUSE*,0,0,0,0,0,0,0,0
19,19,DL4,,47,1480,41,178.00,64.04,41.26,5278,338028.00
20,20,AVBL,,46,1280,55,236.00,95.35,50.85,4336,413445.00
21,21,*NOUSE*,*NOUSE*,0,0,0,0,0,0,0,0
22,22,*NOUSE*,*NOUSE*,0,0,0,0,0,0,0,0
23,23,PM4L,,48,1507,64,222.00,75.91,44.32,4704,357060.00
24,24,PM7VL,,47,1210,72,161.00,57.99,34.21,5124,297155.00
25,25,*NOUSE*,*NOUSE*,0,0,0,0,0,0,0,0
26,26,*NOUSE*,*NOUSE*,0,0,0,0,0,0,0,0
27,27,MC3DL,,49,1210,52,191.00,67.36,40.92,4618,311087.00
28,28,*NOUSE*,*NOUSE*,0,0,0,0,0,0,0,0
29,29,*NOUSE*,*NOUSE*,0,0,0,0,0,0,0,0
30,30,AIYL,,44,1267,87,251.00,172.74,38.91,584,100882.00
31,31,VL14,,49,844,94,199.00,54.79,41.66,5057,277066.00
32,32,DL8,,50,1180,34,132.00,50.04,29.04,4453,222810.00
33,33,*NOUSE*,*NOUSE*,0,0,0,0,0,0,0,0
34,34,*NOUSE*,*NOUSE*,0,0,0,0,0,0,0,0
35,35,DL2,,52,1573,43,139.00,50.94,31.23,5587,284605.00
36,36,*NOUSE*,*NOUSE*,0,0,0,0,0,0,0,0
37,37,PM4VL,,51,1509,89,194.00,103.88,32.65,2114,219612.00
38,38,VL15,,51,779,93,198.00,79.77,42.56,3850,307097.00
39,39,DL3,,55,1535,38,152.00,52.40,33.00,5562,291475.00
40,40,*NOUSE*,*NOUSE*,0,0,0,0,0,0,0,0
41,41,*NOUSE*,*NOUSE*,0,0,0,0,0,0,0,0
42,42,SPH,,53,360,73,233.00,75.26,50.32,4035,303659.00
43,43,IML,,53,387,85,214.00,59.34,45.60,4975,295231.00
44,44,VL12,,52,949,90,177.00,49.79,37.16,4540,226056.00
45,45,*NOUSE*,*NOUSE*,0,0,0,0,0,0,0,0
46,46,MC1DL,,53,1526,56,180.00,89.83,29.89,3472,311905.00
47,47,DL9,,55,1159,35,161.00,49.54,37.10,5197,257442.00
48,48,DL14,,55,837,37,145.00,46.78,33.74,4422,206871.00
49,49,*NOUSE*,*NOUSE*,0,0,0,0,0,0,0,0
50,50,*NOUSE*,*NOUSE*,0,0,0,0,0,0,0,0
51,51,VL16,,55,671,92,190.00,61.33,44.55,5335,327174.00
52,52,*NOUSE*,*NOUSE*,0,0,0,0,0,0,0,0
53,53,*NOUSE*,*NOUSE*,0,0,0,0,0,0,0,0
54,54,*NOUSE*,*NOUSE*,0,0,0,0,0,0,0,0
55,55,*NOUSE*,*NOUSE*,0,0,0,0,0,0,0,0
56,56,*NOUSE*,*NOUSE*,0,0,0,0,0,0,0,0
57,57,*NOUSE*,*NOUSE*,0,0,0,0,0,0,0,0
58,58,*NOUSE*,*NOUSE*,0,0,0,0,0,0,0,0
59,59,*NOUSE*,*NOUSE*,0,0,0,0,0,0,0,0
60,60,*NOUSE*,*NOUSE*,0,0,0,0,0,0,0,0
61,61,VL17,,57,553,94,174.00,51.03,37.76,6085,310538.00
62,62,DL13,,59,915,32,147.00,47.95,35.29,4864,233229.00
63,63,*NOUSE*,*NOUSE*,0,0,0,0,0,0,0,0
64,64,*NOUSE*,*NOUSE*,0,0,0,0,0,0,0,0
65,65,*NOUSE*,*NOUSE*,0,0,0,0,0,0,0,0
66,66,DL17,,56,630,44,205.00,63.05,43.76,3735,235499.00
67,67,*NOUSE*,*NOUSE*,0,0,0,0,0,0,0,0
68,68,PVQL,,50,317,74,209.00,171.40,12.72,118,20225.00
69,69,*NOUSE*,*NOUSE*,0,0,0,0,0,0,0,0
70,70,*NOUSE*,*NOUSE*,0,0,0,0,0,0,0,0
71,71,*NOUSE*,*NOUSE*,0,0,0,0,0,0,0,0
72,72,*NOUSE*,*NOUSE*,0,0,0,0,0,0,0,0
73,73,*NOUSE*,*NOUSE*,0,0,0,0,0,0,0,0
74,74,*NOUSE*,*NOUSE*,0,0,0,0,0,0,0,0
75,75,DL12,,60,981,34,172.00,52.60,35.42,4522,237874.00
76,76,DL15,,58,796,36,156.00,55.75,37.30,3426,191009.00
77,77,*NOUSE*,*NOUSE*,0,0,0,0,0,0,0,0
78,78,ASKL,,59,1344,43,167.00,76.77,36.22,3703,284281.00
79,79,DL19,,58,491,49,222.00,64.24,46.79,3880,249254.00
80,80,*NOUSE*,*NOUSE*,0,0,0,0,0,0,0,0
81,81,*NOUSE*,*NOUSE*,0,0,0,0,0,0,0,0
82,82,*NOUSE*,*NOUSE*,0,0,0,0,0,0,0,0
83,83,DL20,,58,421,51,213.00,67.16,45.74,4024,270265.00
84,84,*NOUSE*,*NOUSE*,0,0,0,0,0,0,0,0
85,85,*NOUSE*,*NOUSE*,0,0,0,0,0,0,0,0
86,86,*NOUSE*,*NOUSE*,0,0,0,0,0,0,0,0
87,87,MC1V,,58,1528,90,224.00,115.77,44.11,2618,303092.00
88,88,PM4DL,,60,1508,50,218.00,85.15,44.93,5306,451830.00
89,89,*NOUSE*,*NOUSE*,0,0,0,0,0,0,0,0
90,90,*NOUSE*,*NOUSE*,0,0,0,0,0,0,0,0
91,91,MC3V,,62,1212,94,165.00,53.13,32.57,6201,329475.00
92,92,*NOUSE*,*NOUSE*,0,0,0,0,0,0,0,0
93,93,*NOUSE*,*NOUSE*,0,0,0,0,0,0,0,0
94,94,*NOUSE*,*NOUSE*,0,0,0,0,0,0,0,0
95,95,DB1,,56,1202,112,208.00,140.46,26.11,729,102396.00
96,96,*NOUSE*,*NOUSE*,0,0,0,0,0,0,0,0
97,97,PM7D,,67,1215,42,147.00,44.29,30.07,7248,320995.00
98,98,DL21,,65,235,60,175.00,55.05,39.99,4522,248930.00
99,99,DEP,,65,271,63,193.00,74.13,44.76,4294,318316.00
100,100,*NOUSE*,*NOUSE*,0,0,0,0,0,0,0,0
101,101,*NOUSE*,*NOUSE*,0,0,0,0,0,0,0,0
102,102,PM4VR,,64,1507,95,164.00,95.41,27.05,2302,219636.00
103,103,*NOUSE*,*NOUSE*,0,0,0,0,0,0,0,0
104,104,*NOUSE*,*NOUSE*,0,0,0,0,0,0,0,0
105,105,*NOUSE*,*NOUSE*,0,0,0,0,0,0,0,0
106,106,*NOUSE*,*NOUSE*,0,0,0,0,0,0,0,0
107,107,PM3VR,,67,1599,88,209.00,76.04,29.31,4806,365449.00
108,108,*NOUSE*,*NOUSE*,0,0,0,0,0,0,0,0
109,109,HMC,,68,1277,38,201.00,92.13,43.91,2301,211998.00
110,110,DR21,,69,304,53,179.00,64.83,39.06,4181,271058.00
111,111,*NOUSE*,*NOUSE*,0,0,0,0,0,0,0,0
112,112,*NOUSE*,*NOUSE*,0,0,0,0,0,0,0,0
113,113,*NOUSE*,*NOUSE*,0,0,0,0,0,0,0,0
114,114,*NOUSE*,*NOUSE*,0,0,0,0,0,0,0,0
115,115,DR19,,71,521,45,217.00,67.17,45.36,4265,286470.00
116,116,*NOUSE*,*NOUSE*,0,0,0,0,0,0,0,0
117,117,*NOUSE*,*NOUSE*,0,0,0,0,0,0,0,0
118,118,*NOUSE*,*NOUSE*,0,0,0,0,0,0,0,0
119,119,*NOUSE*,*NOUSE*,0,0,0,0,0,0,0,0
120,120,*NOUSE*,*NOUSE*,0,0,0,0,0,0,0,0
121,121,*NOUSE*,*NOUSE*,0,0,0,0,0,0,0,0
122,122,VR10,,72,1134,108,139.00,43.91,28.52,6009,263885.00
123,123,DR18,,72,605,45,178.00,54.32,38.67,4442,241288.00
124,124,*NOUSE*,*NOUSE*,0,0,0,0,0,0,0,0
125,125,*NOUSE*,*NOUSE*,0,0,0,0,0,0,0,0
126,126,*NOUSE*,*NOUSE*,0,0,0,0,0,0,0,0
127,127,*NOUSE*,*NOUSE*,0,0,0,0,0,0,0,0
128,128,DR15,,73,847,37,157.00,54.69,35.34,3322,181695.00
129,129,*NOUSE*,*NOUSE*,0,0,0,0,0,0,0,0
130,130,VR20,,71,251,87,177.00,69.52,39.01,4716,327846.00
131,131,VR2,,73,1569,103,184.00,54.99,28.18,5411,297568.00
132,132,*NOUSE*,*NOUSE*,0,0,0,0,0,0,0,0
133,133,DR7,,74,1310,37,166.00,50.67,35.43,5376,272408.00
134,134,*NOUSE*,*NOUSE*,0,0,0,0,0,0,0,0
135,135,PM6D,,68,1244,45,158.00,113.77,17.59,624,70990.00
136,136,*NOUSE*,*NOUSE*,0,0,0,0,0,0,0,0
137,137,*NOUSE*,*NOUSE*,0,0,0,0,0,0,0,0
138,138,DR9,,76,1183,36,156.00,49.98,33.43,4799,239838.00
139,139,*NOUSE*,*NOUSE*,0,0,0,0,0,0,0,0
140,140,*NOUSE*,*NOUSE*,0,0,0,0,0,0,0,0
141,141,*NOUSE*,*NOUSE*,0,0,0,0,0,0,0,0
142,142,*NOUSE*,*NOUSE*,0,0,0,0,0,0,0,0
143,143,PM4R,,77,1506,80,190.00,81.35,41.78,3438,279683.00
144,144,*NOUSE*,*NOUSE*,0,0,0,0,0,0,0,0
145,145,VR19,,74,453,94,183.00,49.37,35.70,7730,381666.00
146,146,VR17,,76,623,95,163.00,48.85,34.00,6812,332761.00
147,147,VR13,,77,929,99,145.00,42.55,31.59,6106,259792.00
148,148,*NOUSE*,*NOUSE*,0,0,0,0,0,0,0,0
149,149,VR4,,75,1477,108,169.00,57.29,31.98,6094,349109.00
150,150,*NOUSE*,*NOUSE*,0,0,0,0,0,0,0,0
151,151,DR14,,76,886,40,153.00,43.84,34.27,4686,205422.00
152,152,ASKR,,77,1351,47,147.00,70.17,30.47,3390,237889.00
153,153,MC1DR,,74,1531,69,220.00,97.81,29.89,2676,261751.00
154,154,IMR,,77,396,85,165.00,55.94,35.86,6207,347240.00
155,155,*NOUSE*,*NOUSE*,0,0,0,0,0,0,0,0
156,156,VR6,,76,1390,106,148.00,51.06,30.61,2721,138938.00
157,157,VR8,,74,1219,111,189.00,64.24,41.87,5558,357057.00
158,158,*NOUSE*,*NOUSE*,0,0,0,0,0,0,0,0
159,159,*NOUSE*,*NOUSE*,0,0,0,0,0,0,0,0
160,160,*NOUSE*,*NOUSE*,0,0,0,0,0,0,0,0
161,161,*NOUSE*,*NOUSE*,0,0,0,0,0,0,0,0
162,162,*NOUSE*,*NOUSE*,0,0,0,0,0,0,0,0
163,163,*NOUSE*,*NOUSE*,0,0,0,0,0,0,0,0
164,164,DR10,,79,1155,44,144.00,47.14,31.91,5105,240665.00
165,165,*NOUSE*,*NOUSE*,0,0,0,0,0,0,0,0
166,166,*NOUSE*,*NOUSE*,0,0,0,0,0,0,0,0
167,167,*NOUSE*,*NOUSE*,0,0,0,0,0,0,0,0
168,168,VR16,,78,707,94,173.00,49.38,31.37,6150,303678.00
169,169,*NOUSE*,*NOUSE*,0,0,0,0,0,0,0,0
170,170,VR12,,79,992,102,142.00,48.42,30.22,5547,268596.00
171,171,*NOUSE*,*NOUSE*,0,0,0,0,0,0,0,0
172,172,*NOUSE*,*NOUSE*,0,0,0,0,0,0,0,0
173,173,*NOUSE*,*NOUSE*,0,0,0,0,0,0,0,0
174,174,DR5,,79,1446,43,138.00,51.97,28.87,6958,361626.00
175,175,*NOUSE*,*NOUSE*,0,0,0,0,0,0,0,0
176,176,DR1,,84,1614,64,110.00,37.78,21.14,8307,313814.00
177,177,DR8,,80,1268,39,161.00,61.88,33.28,4470,276582.00
178,178,*NOUSE*,*NOUSE*,0,0,0,0,0,0,0,0
179,179,*NOUSE*,*NOUSE*,0,0,0,0,0,0,0,0
180,180,*NOUSE*,*NOUSE*,0,0,0,0,0,0,0,0
181,181,*NOUSE*,*NOUSE*,0,0,0,0,0,0,0,0
182,182,MC3DR,,83,1214,65,157.00,56.42,31.10,4259,240308.00
183,183,*NOUSE*,*NOUSE*,0,0,0,0,0,0,0,0
184,184,AINR,,86,1264,74,164.00,84.40,30.87,2759,232870.00
185,185,*NOUSE*,*NOUSE*,0,0,0,0,0,0,0,0
186,186,*NOUSE*,*NOUSE*,0,0,0,0,0,0,0,0
187,187,*NOUSE*,*NOUSE*,0,0,0,0,0,0,0,0
188,188,*NOUSE*,*NOUSE*,0,0,0,0,0,0,0,0
189,189,*NOUSE*,*NOUSE*,0,0,0,0,0,0,0,0
190,190,EXC,*MANUAL*,52,1294,90,94.00,49.94,13.77,1365,68172.00
191,191,AIML,*MANUAL*,54,1273,90,250.00,175.64,39.92,895,157201.00
192,192,AVKL,*MANUAL*,47,1254,92,201.00,138.91,31.49,895,124323.00
193,193,EXC GL L,*MANUAL*,41,1207,92,220.00,119.24,36.08,895,106719.00
194,194,AIMR,*MANUAL*,65,1286,93,217.00,150.17,28.82,895,134403.00
195,195,AIYR,*MANUAL*,71,1291,102,206.00,131.91,37.22,895,118055.00
196,196,RIS,*MANUAL*,73,1271,106,198.00,133.95,24.74,889,119082.00
197,197,AVKR,*MANUAL*,68,1265,98,190.00,137.73,25.79,895,123266.00
198,198,EXC GL R,*MANUAL*,76,1242,104,176.00,119.70,27.66,895,107134.00
199,199,G1,*MANUAL*,54,1350,113,183.00,110.59,32.32,895,98980.00
200,200,G2,*MANUAL*,54,1330,106,251.00,153.54,34.74,895,137421.00
201,201,W,*MANUAL*,54,1300,107,178.00,99.17,31.08,1365,135369.00
202,202,SABVL,*MANUAL*,57,1280,105,251.00,173.00,38.33,895,154833.00
203,203,DB2,*MANUAL*,53,1269,113,217.00,129.14,47.24,895,115579.00
204,204,SABVR,*MANUAL*,63,1261,110,232.00,170.95,26.76,895,152997.00
205,205,RIFL,*MANUAL*,56,1250,108,246.00,170.48,29.46,821,139966.00
206,206,RIFR,*MANUAL*,64,1246,109,238.00,166.92,26.80,895,149391.00
207,207,RIGL,*MANUAL*,50,1233,105,243.00,165.02,33.72,885,146047.00
208,208,AVG,*MANUAL*,59,1231,111,234.00,150.43,33.36,895,134634.00
209,209,SABD,*MANUAL*,64,1218,110,217.00,144.33,34.91,895,129172.00
210,210,DD1,*MANUAL*,51,1213,105,231.00,143.13,41.13,895,128105.00
211,211,RIGR,*MANUAL*,54,1183,107,241.00,143.72,30.22,895,128628.00
212,212,DA1,*MANUAL*,57,1168,107,206.00,132.53,27.07,895,118611.00
213,213,ADESHL,*MANUAL*,40,1174,57,251.00,163.30,54.51,843,137658.00
214,214,RMGL,*MANUAL*,36,1193,75,189.00,127.67,28.61,895,114261.00
215,215,ADAL,*MANUAL*,37,1222,78,215.00,139.22,37.77,895,124602.00
216,216,ADEL,*MANUAL*,38,1239,74,240.00,155.44,37.66,895,139117.00
217,217,FLPL,*MANUAL*,38,1254,76,205.00,139.76,35.48,895,125084.00
218,218,ASJL,*MANUAL*,36,1300,76,159.00,105.33,25.70,1365,143775.00
219,219,AUAL,*MANUAL*,36,1323,76,228.00,147.13,38.55,895,131683.00
220,220,AWCL,*MANUAL*,35,1348,70,178.00,114.90,29.03,1365,156840.00
221,221,SIBDL,*MANUAL*,35,1362,75,228.00,156.58,29.96,895,140141.00
222,222,RMDL,*MANUAL*,38,1381,76,223.00,152.16,27.88,865,131619.00
223,223,ASHL,*MANUAL*,40,1332,59,183.00,114.47,24.24,1316,150638.00
224,224,ASEL,*MANUAL*,38,1305,56,197.00,119.25,27.93,1344,160272.00
225,225,AVDL,*MANUAL*,37,1284,63,219.00,147.91,31.75,895,132377.00
226,226,AVJL,*MANUAL*,39,1269,53,220.00,139.09,35.87,895,124489.00
227,227,AVHL,*MANUAL*,43,1293,43,234.00,144.80,40.71,895,129593.00
228,228,ASGL,*MANUAL*,47,1313,44,208.00,142.62,21.69,895,127646.00
229,229,AWBL,*MANUAL*,44,1333,43,226.00,133.11,29.88,895,119129.00
230,230,AFDL,*MANUAL*,41,1353,52,201.00,127.47,25.45,895,114088.00
231,231,AVAL,*MANUAL*,37,1374,59,226.00,138.36,28.22,895,123831.00
232,232,RMDVL,*MANUAL*,38,1397,57,200.00,138.26,31.76,895,123744.00
233,233,SMDVL,*MANUAL*,46,1372,45,217.00,140.26,26.93,895,125530.00
234,234,RIVL,*MANUAL*,52,1300,37,214.00,151.33,30.51,889,134529.00
235,235,ASIL,*MANUAL*,58,1295,45,177.00,127.26,21.17,895,113896.00
236,236,ADLL,*MANUAL*,58,1318,45,155.00,116.36,13.57,895,104145.00
237,237,URXL,*MANUAL*,60,1370,44,205.00,139.62,29.52,895,124960.00
238,238,URXR,*MANUAL*,72,1374,52,171.00,124.44,21.88,895,111377.00
239,239,ADLR,*MANUAL*,74,1329,49,151.00,105.54,16.14,895,94458.00
240,240,ASIR,*MANUAL*,76,1302,49,157.00,109.10,21.03,895,97641.00
241,241,RIVR,*MANUAL*,78,1281,54,216.00,134.85,26.53,895,120693.00
242,242,AVEL,*MANUAL*,46,1365,69,205.00,131.31,38.99,895,117523.00
243,243,AIBL,*MANUAL*,47,1344,71,203.00,137.98,30.33,895,123488.00
244,244,ADFL,*MANUAL*,49,1343,54,195.00,138.40,23.02,895,123871.00
245,245,AWAL,*MANUAL*,48,1325,59,209.00,141.17,21.84,895,126349.00
246,246,RIBL,*MANUAL*,48,1307,61,235.00,152.06,32.19,895,136096.00
247,247,RIML,*MANUAL*,44,1290,73,233.00,149.47,31.36,895,133775.00
248,248,AIZL,*MANUAL*,44,1268,71,210.00,156.03,30.01,895,139647.00
249,249,RIAL,*MANUAL*,52,1361,55,212.00,142.19,31.72,895,127261.00
250,250,SAAVL,*MANUAL*,49,1383,57,227.00,153.98,29.65,893,137504.00
251,251,ADESHR,*MANUAL*,88,1189,74,202.00,121.83,31.79,895,109039.00
252,252,RMGR,*MANUAL*,87,1207,95,153.00,104.07,19.31,895,93140.00
253,253,ADAR,*MANUAL*,87,1229,99,173.00,114.54,25.13,895,102513.00
254,254,ADER,*MANUAL*,86,1247,92,186.00,127.21,25.19,895,113850.00
255,255,FLPR,*MANUAL*,84,1262,94,182.00,123.83,24.07,895,110829.00
256,256,RICR,*MANUAL*,84,1281,96,189.00,129.76,23.36,895,116138.00
257,257,ASJR,*MANUAL*,84,1309,94,139.00,100.30,16.04,895,89770.00
258,258,AUAR,*MANUAL*,85,1329,97,187.00,128.66,22.22,895,115149.00
259,259,AWCR,*MANUAL*,87,1355,88,145.00,96.85,16.43,895,86678.00
260,260,SIBDR,*MANUAL*,83,1366,96,213.00,132.19,33.19,895,118310.00
261,261,RMDR,*MANUAL*,83,1385,95,201.00,130.63,32.17,895,116912.00
262,262,ASHR,*MANUAL*,87,1336,77,149.00,100.73,16.73,895,90152.00
263,263,ASER,*MANUAL*,89,1311,75,122.00,92.23,11.67,895,82543.00
264,264,AVDR,*MANUAL*,88,1283,80,203.00,111.74,32.66,895,100008.00
265,265,AVJR,*MANUAL*,86,1279,64,203.00,133.56,26.15,895,119533.00
266,266,AVHR,*MANUAL*,86,1293,54,197.00,127.83,26.54,895,114409.00
267,267,ASGR,*MANUAL*,84,1314,56,173.00,123.83,20.11,895,110824.00
268,268,AWBR,*MANUAL*,88,1336,58,195.00,115.47,22.67,895,103350.00
269,269,AFDR,*MANUAL*,88,1359,69,159.00,104.43,18.38,895,93462.00
270,270,AVAR,*MANUAL*,88,1382,79,159.00,112.39,19.92,895,100586.00
271,271,RMDVR,*MANUAL*,88,1407,78,167.00,110.59,21.81,895,98981.00
272,272,SMDVR,*MANUAL*,87,1385,63,197.00,125.81,33.16,861,108325.00
273,273,AVER,*MANUAL*,76,1369,81,171.00,115.57,28.50,895,103439.00
274,274,AIBR,*MANUAL*,77,1344,82,167.00,117.82,20.19,895,105449.00
275,275,RIBR,*MANUAL*,77,1318,79,165.00,114.00,19.91,893,101800.00
276,276,RIMR,*MANUAL*,77,1299,86,182.00,123.80,21.67,895,110803.00
277,277,AIZR,*MANUAL*,77,1276,86,201.00,135.00,23.42,895,120827.00
278,278,ADFR,*MANUAL*,78,1350,65,162.00,105.12,26.14,895,94086.00
279,279,AWAR,*MANUAL*,79,1329,65,179.00,128.21,19.54,895,114749.00
280,280,AVBR,*MANUAL*,79,1297,66,187.00,122.26,20.11,895,109420.00
281,281,RID,*MANUAL*$150$139,70,1408,39,163.00,101.11,24.15,1384,139942.00
282,282,ALA,*MANUAL*,68,1383,40,182.00,124.05,20.09,895,111028.00
283,283,CEPDR,*MANUAL*,79,1385,46,181.00,129.64,20.77,895,116030.00
284,284,CEPDL,*MANUAL*,55,1388,39,198.00,131.09,29.03,895,117322.00
285,285,GLRDL,*MANUAL*,58,1390,55,242.00,159.58,38.38,895,142822.00
286,286,GLRDR,*MANUAL*,70,1391,57,239.00,157.56,33.26,895,141013.00
287,287,SAAVR,*MANUAL*,78,1384,67,205.00,143.12,24.36,895,128091.00
288,288,RIAR,*MANUAL*,78,1369,62,166.00,119.79,19.92,895,107213.00
289,289,GLRL,*MANUAL*,47,1381,75,237.00,148.86,42.13,895,133231.00
290,290,GLRVL,*MANUAL*,51,1382,88,240.00,163.60,43.46,895,146426.00
291,291,GLRR,*MANUAL*,72,1381,88,207.00,143.01,27.66,785,112262.00
292,292,GLRVR,*MANUAL*,66,1384,94,243.00,154.92,39.57,895,138651.00
293,293,RMDDR,*MANUAL*,72,1372,111,215.00,117.26,38.87,895,104946.00
294,294,SMDDR,*MANUAL*,69,1348,111,197.00,126.06,26.87,895,112823.00
295,295,SMBDR,*MANUAL*,68,1330,108,221.00,150.19,28.27,871,130818.00
296,296,RMDDL,*MANUAL*,42,1373,89,232.00,154.21,32.17,895,138021.00
297,297,SMDDL,*MANUAL*,42,1352,99,238.00,145.63,37.42,895,130336.00
298,298,SMBDL,*MANUAL*,43,1332,99,239.00,157.73,30.21,895,141167.00
299,299,SAADR,*MANUAL*,66,1367,100,240.00,179.45,26.40,483,86673.00
300,300,SAADL,*MANUAL*,48,1363,93,246.00,182.14,31.20,485,88336.00
301,301,RIH,*MANUAL*,58,1364,96,232.00,181.11,19.36,485,87838.00
302,302,SMBVR,*MANUAL*,60,1346,100,232.00,152.51,34.68,895,136493.00
303,303,SMBVL,*MANUAL*,51,1346,91,230.00,148.07,29.41,895,132519.00
304,304,RIR,*MANUAL*,70,1347,91,214.00,138.45,27.36,895,123910.00
305,305,AIAL,*MANUAL*,51,1328,91,239.00,185.08,28.02,485,89764.00
306,306,AIAR,*MANUAL*,61,1325,96,238.00,175.51,24.24,485,85123.00
307,307,AVL,*MANUAL*,72,1325,93,205.00,138.12,23.99,895,123618.00
308,308,SIADL,*MANUAL*,43,1331,84,242.00,167.59,32.42,895,149997.00
309,309,SIAVL,*MANUAL*,42,1314,94,220.00,150.80,30.66,895,134963.00
310,310,SIBVL,*MANUAL*,43,1352,84,232.00,157.61,31.37,895,141062.00
311,311,SIBVR,*MANUAL*,75,1357,98,231.00,145.46,37.19,895,130186.00
312,312,SIADR,*MANUAL*,76,1334,105,204.00,133.82,34.98,895,119769.00
313,313,SIAVR,*MANUAL*,71,1312,105,197.00,127.27,28.52,895,113905.00
314,314,IL2L,*MANUAL*,37,1491,62,188.00,114.15,29.66,895,102164.00
315,315,URBL,*MANUAL*,38,1461,61,243.00,153.41,53.21,881,135150.00
316,316,BAGL,*MANUAL*,38,1437,74,195.00,121.40,34.14,895,108656.00
317,317,IL1L,*MANUAL*,41,1462,72,227.00,154.38,26.26,895,138166.00
318,318,URYVL,*MANUAL*,42,1451,83,231.00,149.31,37.96,895,133632.00
319,319,OLQVL,*MANUAL*,43,1437,88,229.00,151.84,28.30,895,135900.00
320,320,CEPSHVL,*MANUAL*,42,1417,89,215.00,119.10,44.50,895,106598.00
321,321,URAVL,*MANUAL*,45,1447,99,246.00,158.61,44.86,895,141952.00
322,322,RMEL,*MANUAL*,43,1427,64,217.00,136.97,31.99,894,122447.00
323,323,RIPL,*MANUAL*,47,1444,65,203.00,126.15,31.64,895,112901.00
324,324,OLLL,*MANUAL*,46,1463,58,246.00,167.82,32.50,785,131737.00
325,325,CEPSHDL,*MANUAL*,45,1425,50,194.00,108.51,35.79,895,97120.00
326,326,URYDL,*MANUAL*,47,1445,47,223.00,156.09,33.39,895,139702.00
327,327,URADL,*MANUAL*,52,1460,52,243.00,177.26,33.56,895,158649.00
328,328,IL2DL,*MANUAL*,53,1476,45,222.00,141.29,27.72,869,122777.00
329,329,IL2R,*MANUAL*,88,1483,84,167.00,112.91,17.17,894,100938.00
330,330,URBR,*MANUAL*,87,1459,80,197.00,123.36,30.23,893,110160.00
331,331,BAGR,*MANUAL*,81,1435,93,176.00,115.36,27.84,863,99558.00
332,332,*NOUSE*,*NOUSE*,0,0,0,0,0,0,0,0
333,333,CEPSHVR,*MANUAL*,74,1416,100,200.00,114.19,36.30,895,102202.00
334,334,IL1R,*MANUAL*,80,1465,87,198.00,137.90,25.87,895,123420.00
335,335,URYVR,*MANUAL*,76,1453,97,200.00,112.57,34.91,895,100754.00
336,336,OLQVR,*MANUAL*,71,1436,99,230.00,142.30,31.27,895,127361.00
337,337,URAVR,*MANUAL*,65,1446,107,254.00,157.85,42.96,895,141272.00
338,338,RMEV,*MANUAL*,54,1407,106,238.00,136.12,36.97,895,121829.00
339,339,CEPVR,*MANUAL*,59,1423,105,226.00,174.29,20.18,484,84355.00
340,340,CEPVL,*MANUAL*,50,1423,96,220.00,152.87,34.65,485,74140.00
341,341,IL1VL,*MANUAL*,56,1441,101,248.00,178.65,27.68,895,159893.00
342,342,IL1VR,*MANUAL*,59,1459,104,247.00,168.55,31.44,876,147654.00
343,343,IL2VL,*MANUAL*,49,1465,102,223.00,145.27,43.61,893,129725.00
344,344,IL2VR,*MANUAL*,60,1476,110,205.00,126.52,33.18,895,113238.00
345,345,OLLR,*MANUAL*,77,1462,71,186.00,120.69,27.09,895,108021.00
346,346,RIPR,*MANUAL*,77,1441,77,193.00,120.75,26.64,895,108073.00
347,347,RMER,*MANUAL*,82,1427,78,170.00,116.65,20.85,895,104401.00
348,348,CEPSHDR,*MANUAL*,84,1424,64,158.00,97.02,26.42,895,86833.00
349,349,URYDR,*MANUAL*,85,1450,61,210.00,125.86,37.25,895,112645.00
350,350,URADR,*MANUAL*,81,1474,63,217.00,142.98,32.18,769,109951.00
351,351,RMED,*MANUAL*,68,1435,49,218.00,150.88,24.21,895,135041.00
352,352,OLQDR,*MANUAL*,79,1438,57,201.00,139.40,28.04,895,124760.00
353,353,OLQDL,*MANUAL*,55,1436,48,218.00,152.76,27.50,895,136722.00
354,354,IL1DR,*MANUAL*,72,1453,57,222.00,143.85,33.09,895,128745.00
355,355,IL1DL,*MANUAL*,61,1452,52,234.00,159.56,33.74,895,142803.00
356,356,IL2DR,*MANUAL*,80,1480,52,172.00,106.43,26.15,895,95252.00
357,357,OLLSOR,*MANUAL*,88,1469,66,209.00,134.49,34.38,895,120367.00
358,358,OLQSHDR,*MANUAL*,92,1492,71,212.00,140.85,27.43,861,121275.00
359,359,ILSHDR,*MANUAL*,90,1509,72,213.00,124.24,39.80,895,111193.00
360,360,HYP1R,*MANUAL*,88,1528,71,189.00,114.72,32.38,895,102672.00
361,361,CEPSODR,*MANUAL*,83,1493,67,196.00,123.55,29.24,895,110581.00
362,362,ARCPDR,*MANUAL*,84,1548,69,193.00,118.54,26.94,895,106089.00
363,363,AMSOR,*MANUAL*,87,1568,72,155.00,97.06,22.02,895,86869.00
364,364,ARCADR,*MANUAL*,87,1587,74,162.00,97.34,27.01,895,87117.00
365,365,ARCPVR,*MANUAL*,85,1589,87,204.00,128.17,29.40,895,114716.00
366,366,ILSOR,*MANUAL*,84,1568,89,198.00,123.62,33.28,895,110643.00
367,367,OLQSOVR,*MANUAL*,80,1550,98,187.00,107.29,38.03,895,96022.00
368,368,ILSHR,*MANUAL*,81,1530,98,192.00,124.25,28.72,895,111205.00
369,369,OLLSHR,*MANUAL*,88,1511,87,230.00,149.02,34.87,895,133370.00
370,370,OLQSHVR,*MANUAL*,86,1497,94,221.00,137.16,34.42,895,122758.00
371,371,XXXR,*MANUAL*,82,1481,94,218.00,137.24,42.41,895,122828.00
372,372,CEPSOVR,*MANUAL*,69,1462,105,218.00,130.26,28.55,895,116583.00
373,373,CEPSOVL,*MANUAL*,43,1463,93,226.00,135.12,44.95,895,120932.00
374,374,CEPSODL,*MANUAL*,46,1479,52,240.00,146.20,43.70,895,130848.00
375,375,OLLSOL,*MANUAL*,43,1497,51,242.00,152.35,41.29,895,136354.00
376,376,OLQSHDL,*MANUAL*,38,1509,53,243.00,155.53,34.54,861,133912.00
377,377,ILSHDL,*MANUAL*,44,1516,49,239.00,149.41,36.31,895,133726.00
378,378,HYP1L,*MANUAL*,44,1534,50,193.00,131.10,26.80,895,117331.00
379,379,AMSOL,*MANUAL*,49,1555,52,213.00,131.16,34.74,895,117391.00
380,380,ARCPDL,*MANUAL*,45,1577,53,189.00,120.23,29.32,895,107606.00
381,381,HYP2L,*MANUAL*,41,1591,59,178.00,110.59,24.57,895,98974.00
382,382,ARCADL,*MANUAL*,40,1612,65,191.00,122.87,28.18,895,109973.00
383,383,ARCPVL,*MANUAL*,40,1582,76,205.00,129.67,36.38,895,116054.00
384,384,ILSOL,*MANUAL*,41,1561,75,225.00,144.42,29.20,847,122324.00
385,385,OLQSOVL,*MANUAL*,41,1548,81,217.00,142.23,34.62,895,127297.00
386,386,ILSHL,*MANUAL*,39,1533,76,230.00,148.72,41.22,885,131613.00
387,387,OLLSHL,*MANUAL*,37,1519,66,249.00,156.10,41.56,895,139708.00
388,388,OLQSHVL,*MANUAL*,37,1508,75,243.00,155.52,53.25,811,126127.00
389,389,XXXL,*MANUAL*,39,1481,73,244.00,141.12,47.04,895,126304.00
390,390,HYP4D,*MANUAL*,71,1734,61,135.00,64.91,24.28,895,58094.00
391,391,HYP31,*MANUAL*,68,1664,49,162.00,94.96,28.52,889,84418.00
392,392,HYP32,*MANUAL*,62,1643,47,170.00,99.41,26.36,895,88971.00
393,393,ARCPD,*MANUAL*,74,1635,51,157.00,102.21,20.88,864,88309.00
394,394,ILSODR,*MANUAL*,74,1608,48,204.00,123.44,30.06,887,109492.00
395,395,OLQSODR,*MANUAL*,74,1584,47,207.00,136.96,28.95,801,109702.00
396,396,ILSODL,*MANUAL*,60,1617,44,196.00,129.62,35.28,895,116014.00
397,397,OLQSODL,*MANUAL*,62,1592,42,230.00,134.57,34.08,895,120444.00
398,398,HYP4V1,*MANUAL*,64,1725,99,156.00,80.34,28.63,895,71908.00
399,399,HYP4V2,*MANUAL*,64,1691,98,178.00,101.93,29.95,895,91223.00
400,400,ARCAV,*MANUAL*,65,1660,101,181.00,95.64,33.53,895,85597.00
401,401,HYP2V,*MANUAL*,57,1646,98,191.00,108.67,38.75,895,97259.00
402,402,ARCPV,*MANUAL*,64,1626,101,225.00,131.42,40.97,895,117621.00
403,403,HYP1V,*MANUAL*,54,1622,98,201.00,124.27,34.03,895,111222.00
404,404,ILSOVL,*MANUAL*,53,1595,98,245.00,156.97,38.41,871,136723.00
405,405,ILSHVL,*MANUAL*,53,1573,97,241.00,149.48,39.22,895,133789.00
406,406,ILSOVR,*MANUAL*,62,1598,102,241.00,160.87,33.55,875,140759.00
407,407,ILSHVR,*MANUAL*,62,1579,105,234.00,143.60,44.08,895,128522.00
408,408,HYP6V1,*MANUAL*,55,1604,107,146.00,69.86,24.03,895,62521.00
409,409,HYP6V2,*MANUAL*,55,1535,106,159.00,91.37,20.56,895,81778.00
410,410,HYP7V1,*MANUAL*,54,1456,113,199.00,80.33,32.27,895,71895.00
411,411,HYP7V2,*MANUAL*,54,1427,112,221.00,72.95,30.65,895,65287.00
412,412,HYP6D1,*MANUAL*,69,1604,39,154.00,94.81,24.39,895,84851.00
413,413,HYP6D2,*MANUAL*,69,1542,40,164.00,99.67,24.31,895,89204.00
414,414,HYP6D3,*MANUAL*,69,1493,38,171.00,111.98,23.83,895,100224.00
415,415,HYP6D4,*MANUAL*,71,1477,44,168.00,108.16,20.51,895,96806.00
416,416,HYP7D1,*MANUAL*,68,1450,40,149.00,75.05,18.33,895,67170.00
417,417,HYP7D2,*MANUAL*,68,1428,36,130.00,66.43,20.52,895,59459.00
418,418,hyP5R,*MANUAL*,85,1642,80,105.00,57.74,16.15,1365,78814.00
419,419,DR2,*MANUAL*$181$186,82,1581,57,151.00,54.40,27.92,6260,340528.00
420,420,DR3,*MANUAL*$158$175,80,1541,48,146.00,53.70,30.87,6555,352003.00
421,421,DR4,*MANUAL*$189$187,87,1502,57,177.00,55.73,32.27,7120,396801.00
422,422,DR6,*MANUAL*$188$183,85,1415,52,144.00,44.18,26.92,6310,278799.00
423,423,VR1,*MANUAL*$169$172,78,1598,96,204.00,55.87,29.33,8120,453698.00
424,424,DR11,*MANUAL*$127$132,74,1105,35,163.00,48.51,36.04,5212,252842.00
425,425,DR12,*MANUAL*$179$180,81,1015,41,158.00,56.27,31.38,3270,184009.00
426,426,DR13,*MANUAL*$173$171,80,978,34,155.00,45.60,34.45,5275,240526.00
427,427,DR16,*MANUAL*$141$140,75,758,40,159.00,41.87,30.38,4465,186955.00
428,428,DR17,*MANUAL*$129$134,72,680,40,159.00,54.11,33.99,3832,207367.00
429,429,DR20,*MANUAL*$124$142,70,427,50,187.00,57.13,42.44,4805,274514.00
430,430,VR3,*MANUAL*$126$118,70,1534,108,154.00,63.43,29.46,4686,297217.00
431,431,VR5,*MANUAL*$103$108,66,1416,112,241.00,77.97,44.27,5141,400846.00
432,432,VR7,*MANUAL*$104$105,67,1295,113,165.00,62.63,34.45,5523,345913.00
433,433,VR9,*MANUAL*$114$113,69,1180,110,168.00,59.84,37.35,5483,328093.00
434,434,VR11,*MANUAL*$125$121,71,1059,107,193.00,58.74,34.95,7273,427249.00
435,435,VR14,*MANUAL*$162$137,75,866,102,146.00,50.42,31.12,6676,336592.00
436,436,VR15,*MANUAL*$185$155,75,814,99,158.00,63.94,32.37,4291,274363.00
437,437,VR18,*MANUAL*$144$161,75,561,93,163.00,43.24,32.49,6833,295477.00
438,438,HYP5L,*MANUAL*,47,1663,64,127.00,66.56,23.40,1365,90856.00
439,439,VL2,*MANUAL*$14$8,44,1584,92,202.00,55.08,32.34,6543,360386.00
440,440,VL3,*MANUAL*$15$9,45,1542,96,166.00,60.09,33.43,5161,310131.00
441,441,VL4,*MANUAL*$3$2,40,1477,92,197.00,54.48,35.76,5916,322324.00
442,442,VL1,*MANUAL*$7$6,43,1622,77,216.00,59.77,36.42,7394,441924.00
443,443,VL5,*MANUAL*$12$11,45,1422,102,236.00,80.90,45.49,5826,471329.00
444,444,VL7,*MANUAL*$18$25,47,1275,103,218.00,80.77,43.40,4797,387473.00
445,445,VL8,*MANUAL*$10$16,45,1227,97,204.00,65.73,42.71,5250,345089.00
446,446,VL13,*MANUAL*$28$29,50,896,97,210.00,64.50,48.22,5998,386892.00
447,447,VL18,*MANUAL*$72$71$70,57,459,94,213.00,59.87,42.47,5960,356832.00
448,448,VL19,*MANUAL*$86$90,59,246,87,218.00,73.05,39.37,3862,282121.00
449,449,DL1,*MANUAL*$26$22,49,1612,49,170.00,52.88,29.19,6432,340128.00
450,450,DL5,*MANUAL*$58$52,57,1424,34,152.00,59.69,29.55,3346,199716.00
451,451,DL6,*MANUAL*,47,1407,40,173.00,88.65,27.18,895,79338.00
452,452,DL7,*MANUAL*$82$74,60,1267,31,177.00,50.20,37.45,6386,320571.00
453,453,DL10,*MANUAL*$45$53,54,1081,34,166.00,49.35,30.55,4191,206842.00
454,454,DL11,*MANUAL*$64$63,58,1039,33,170.00,52.10,37.36,3992,207968.00
455,455,DL16,*MANUAL*$65$77,57,696,38,186.00,54.25,39.76,4449,241350.00
456,456,DL18,*MANUAL*$59$54,55,541,45,217.00,63.28,43.02,4634,293255.00
457,457,Z1,*MANUAL*,78,773,88,132.00,74.85,19.97,895,66993.00
458,458,Z2,*MANUAL*,74,747,88,194.00,74.40,29.94,2103,156459.00
459,459,Z3,*MANUAL*,63,724,85,165.00,69.38,25.81,2103,145912.00
460,460,Z4,*MANUAL*,56,701,85,157.00,91.45,22.52,895,81849.00
461,461,INDL1,*MANUAL*,49,1094,47,80.00,40.21,12.45,1365,54892.00
462,462,INDR1,*MANUAL*,82,1106,52,77.00,38.13,11.93,1365,52054.00
463,463,INVL1,*MANUAL*,46,1103,84,110.00,44.24,15.05,2103,93046.00
464,464,INVR1,*MANUAL*,74,1095,93,82.00,40.48,13.64,2103,85122.00
465,465,IND2,*MANUAL*,74,1045,48,58.00,29.43, 8.60,2103,61886.00
466,466,IND3,*MANUAL*,70,977,45,68.00,26.43, 9.33,2103,55579.00
467,467,IND4,*MANUAL*,65,899,48,54.00,26.07, 7.44,2103,54835.00
468,468,IND5,*MANUAL*,73,824,55,59.00,25.75, 9.35,2103,54150.00
469,469,IND6,*MANUAL*,62,653,55,69.00,30.87,10.48,2103,64918.00
470,470,IND7,*MANUAL*,63,547,54,90.00,36.50,13.12,2103,76764.00
471,471,IND8,*MANUAL*,64,457,58,84.00,40.52,12.30,895,36261.00
472,472,IND9,*MANUAL*,56,383,58,132.00,55.95,20.29,1365,76369.00
473,473,INV2,*MANUAL*,51,1036,89,76.00,37.60,10.81,2969,111633.00
474,474,INV3,*MANUAL*,66,968,89,66.00,24.03, 9.60,2103,50539.00
475,475,INV4,*MANUAL*,63,864,87,65.00,25.86,10.91,2103,54381.00
476,476,INV5,*MANUAL*,56,771,69,66.00,30.82,10.84,2103,64814.00
477,477,INV6,*MANUAL*,75,699,69,67.00,30.03,10.23,2103,63161.00
478,478,INV7,*MANUAL*,57,604,86,64.00,34.43,12.39,2103,72402.00
479,479,INV8,*MANUAL*,68,495,84,92.00,47.17,15.98,1365,64392.00
480,480,INV9,*MANUAL*,66,401,84,104.00,57.60,16.57,895,51548.00
481,481,M,*MANUAL*$159$166$178$165,76,585,65,108.00,34.48,19.20,7121,245518.00
482,482,DA7,*MANUAL*,63,444,95,225.00,144.61,38.63,895,129426.00
483,483,DB7,*MANUAL*,63,470,99,224.00,145.30,32.16,895,130044.00
484,484,DD5,*MANUAL*,63,503,98,221.00,141.26,40.74,895,126432.00
485,485,DA6,*MANUAL*,62,596,101,214.00,147.27,32.72,895,131803.00
486,486,DB6,*MANUAL*,62,627,102,239.00,144.74,32.80,895,129546.00
487,487,DD4,*MANUAL*,62,680,100,204.00,123.67,32.86,895,110683.00
488,488,DA5,*MANUAL*,63,762,105,206.00,118.85,40.19,895,106372.00
489,489,DB5,*MANUAL*,61,805,103,207.00,133.90,31.72,895,119840.00
490,490,DD3,*MANUAL*,61,865,105,223.00,131.59,35.00,895,117772.00
491,491,DA4,*MANUAL*,59,895,103,227.00,139.98,37.59,895,125278.00
492,492,DB4,*MANUAL*,65,979,106,206.00,113.92,41.59,895,101955.00
493,493,DA3,*MANUAL*,60,1010,106,181.00,110.44,39.74,895,98842.00
494,494,DD2,*MANUAL*,60,1040,106,179.00,102.56,33.27,895,91788.00
495,495,DA2,*MANUAL*,58,1094,107,207.00,126.73,36.70,895,113423.00
496,496,DB3,*MANUAL*$73$94,56,1117,110,184.00,71.68,38.39,3441,246641.00
497,497,H0L,*MANUAL*,38,1553,60,154.00,88.05,24.89,1365,120186.00
498,498,H1L,*MANUAL*,36,1418,67,175.00,78.85,30.36,1365,107626.00
499,499,H2L,*MANUAL*,38,1223,58,130.00,64.42,21.94,1365,87940.00
500,500,AMSHL,*MANUAL*,45,1255,41,157.00,79.19,22.70,1365,108091.00
501,501,HYP7ABLV,*MANUAL*,35,1151,71,102.00,40.11,19.84,2969,119074.00
502,502,HYP7ABLD,*MANUAL*,38,1153,52,113.00,50.06,20.27,2103,105279.00
503,503,BDUL,*MANUAL*,38,1115,63,229.00,144.75,35.99,895,129548.00
504,504,ALML,*MANUAL*,51,859,45,178.00,111.63,27.92,895,99906.00
505,505,CANL,*MANUAL*,43,792,66,174.00,113.85,23.91,895,101894.00
506,506,HSNL,*MANUAL*,44,738,76,215.00,127.29,37.57,895,113925.00
507,507,V1L,*MANUAL*,40,1074,61,144.00,62.07,25.05,1365,84726.00
508,508,V2L,*MANUAL*,46,959,66,120.00,57.08,21.80,1365,77908.00
509,509,V3L,*MANUAL*,42,841,74,142.00,53.28,24.10,1365,72730.00
510,510,V4L,*MANUAL*,45,695,72,152.00,62.62,21.98,1365,85470.00
511,511,QL,*MANUAL*,44,594,75,153.00,77.29,26.67,1365,105500.00
512,512,V5L,*MANUAL*,46,540,75,144.00,68.68,26.12,1365,93743.00
513,513,V6L,*MANUAL*,48,447,78,146.00,65.72,24.16,895,58823.00
514,514,P1/2L,*MANUAL*,40,1003,82,159.00,60.28,27.28,1365,82284.00
515,515,P3/4L,*MANUAL*,40,901,77,129.00,56.80,24.61,895,50832.00
516,516,P5/6L,*MANUAL*,41,779,81,145.00,76.58,26.09,895,68542.00
517,517,P7/8L,*MANUAL*,44,641,85,172.00,87.85,28.59,895,78628.00
518,518,P9/10L,*MANUAL*,47,498,87,148.00,86.07,26.91,895,77036.00
519,519,P11/12L,*MANUAL*,48,358,83,188.00,95.19,28.95,895,85199.00
520,520,HYP7LC1,*MANUAL*,42,1019,49,105.00,39.82,18.27,2103,83751.00
521,521,HYP7LC2,*MANUAL*,42,894,50,90.00,39.73,15.99,2103,83555.00
522,522,HYP7LC3,*MANUAL*,42,775,54,113.00,47.42,20.24,2103,99719.00
523,523,HYP7LC4,*MANUAL*,46,663,55,115.00,49.93,20.39,2103,105002.00
524,524,HYP7LC5,*MANUAL*,47,528,54,136.00,55.46,25.51,2103,116624.00
525,525,HYP7LC6,*MANUAL*,51,305,57,177.00,62.74,28.70,1309,82126.00
526,526,CCLA,*MANUAL*,48,803,91,218.00,143.56,31.17,895,128486.00
527,527,CCLP,*MANUAL*,72,791,93,239.00,146.18,33.33,895,130830.00
528,528,H0R,*MANUAL*,89,1539,87,132.00,77.72,20.54,895,69555.00
529,529,H1R,*MANUAL*,89,1440,87,171.00,71.34,24.52,1365,97377.00
530,530,H2R,*MANUAL*,94,1240,81,94.00,57.97,13.01,1365,79134.00
531,531,AMSHR,*MANUAL*,93,1239,59,94.00,51.91,15.69,1365,70851.00
532,532,HYP7ABRD,*MANUAL*,89,1166,67,114.00,52.15,17.21,1365,71191.00
533,533,HYP7ABRV,*MANUAL*,86,1156,91,92.00,43.25,18.36,1365,59034.00
534,534,HYP7ABR3,*MANUAL*,89,1135,71,105.00,54.69,17.26,1365,74651.00
535,535,BDUR,*MANUAL*,86,1122,83,176.00,110.28,29.72,895,98697.00
536,536,V1R,*MANUAL*,91,1090,76,117.00,57.51,21.41,1365,78504.00
537,537,V2R,*MANUAL*,94,973,78,91.00,40.69,14.85,1365,55539.00
538,538,V3R,*MANUAL*,88,851,84,102.00,49.70,21.90,1365,67840.00
539,539,V4R,*MANUAL*,88,704,75,110.00,48.22,15.71,1365,65816.00
540,540,QR,*MANUAL*,85,597,80,126.00,62.00,24.28,1365,84634.00
541,541,V5R,*MANUAL*,82,538,76,117.00,57.92,20.80,1365,79061.00
542,542,V6R,*MANUAL*,83,446,77,132.00,66.45,21.03,1365,90711.00
543,543,CCRA,*MANUAL*,81,1064,102,189.00,115.71,31.14,895,103558.00
544,544,CCRP,*MANUAL*,80,1035,100,179.00,111.00,26.45,895,99345.00
545,545,P1/2R,*MANUAL*,88,1018,92,121.00,65.29,18.45,895,58436.00
546,546,P3/4R,*MANUAL*,86,913,86,108.00,58.00,17.26,1365,79174.00
547,547,P5/6R,*MANUAL*,86,802,88,104.00,56.44,17.34,1365,77034.00
548,548,P7/8R,*MANUAL*,85,642,87,130.00,71.58,21.97,1365,97705.00
549,549,P9/10R,*MANUAL*,83,507,89,129.00,68.35,21.54,1365,93294.00
550,550,P11/12R,*MANUAL*,81,363,81,122.00,64.79,24.31,1365,88443.00
551,551,HYP7RC1,*MANUAL*,90,1033,62,88.00,34.26,15.82,2103,72047.00
552,552,HYP7RC2,*MANUAL*,87,902,58,111.00,43.06,17.55,2103,90554.00
553,553,HYP7RC3,*MANUAL*,86,770,62,99.00,41.97,17.05,2103,88271.00
554,554,HYP7RC4,*MANUAL*,85,641,60,95.00,40.77,17.63,2103,85746.00
555,555,HYP7RC5,*MANUAL*,81,517,55,128.00,58.39,25.21,2103,122786.00
556,556,HYP7RC6,*MANUAL*,77,298,57,104.00,52.63,15.84,895,47102.00
557,557,ALMR,*MANUAL*,81,873,55,165.00,102.81,16.50,895,92014.00
558,558,CANR,*MANUAL*,85,811,71,169.00,106.29,26.90,895,95127.00
559,559,HSNR,*MANUAL*,84,722,88,196.00,117.64,35.77,895,105284.00
560,560,REPVL,*MANUAL*,51,338,74,215.00,137.66,34.62,895,123210.00
561,561,PVPL,*MANUAL*,56,366,88,235.00,164.07,31.33,895,146840.00
562,562,DA8,*MANUAL*,57,338,92,222.00,140.98,43.58,895,126180.00
563,563,DD6,*MANUAL*,61,352,86,239.00,160.92,37.54,895,144024.00
564,564,U,*MANUAL*,61,326,85,199.00,126.72,35.81,895,113418.00
565,565,YPDA,*MANUAL*,64,311,98,182.00,98.88,38.47,895,88494.00
566,566,VIRR,*MANUAL*,68,346,63,184.00,126.45,28.33,892,112797.00
567,567,VIRL,*MANUAL*,58,352,63,230.00,134.28,32.50,895,120177.00
568,568,PVT,*MANUAL*,69,375,92,211.00,127.41,29.57,895,114035.00
569,569,PVPR,*MANUAL*,72,353,87,221.00,162.00,32.55,895,144989.00
570,570,DA9,*MANUAL*,72,332,87,198.00,142.01,24.10,895,127097.00
571,571,PVQR,*MANUAL*,79,318,75,169.00,118.44,25.89,895,106000.00
572,572,REPVR,*MANUAL*,78,340,72,204.00,110.15,37.05,895,98585.00
573,573,PHBR,*MANUAL*,78,300,72,200.00,136.82,29.77,895,122450.00
574,574,PHAR,*MANUAL*,76,298,83,215.00,135.63,32.54,895,121387.00
575,575,LUAR,*MANUAL*,76,286,70,243.00,157.55,44.81,895,141010.00
576,576,PVCR,*MANUAL*,75,270,74,203.00,139.91,31.27,895,125219.00
577,577,ALNR,*MANUAL*,72,261,64,213.00,145.81,33.53,895,130504.00
578,578,PHSHR,*MANUAL*,72,247,70,237.00,137.61,39.22,895,123163.00
579,579,PLMR,*MANUAL*,72,231,79,201.00,130.98,34.01,895,117228.00
580,580,PHBL,*MANUAL*,52,296,73,227.00,149.98,29.47,895,134230.00
581,581,PHAL,*MANUAL*,53,298,84,245.00,136.44,47.14,895,122117.00
582,582,LUAL,*MANUAL*,54,282,68,253.00,176.06,43.59,895,157572.00
583,583,PVCL,*MANUAL*,54,271,78,220.00,151.23,29.06,895,135349.00
584,584,ALNL,*MANUAL*,56,263,66,243.00,149.38,41.52,895,133696.00
585,585,PHSHL,*MANUAL*,57,245,74,243.00,143.37,43.36,895,128313.00
586,586,PLML,*MANUAL*,59,227,79,218.00,145.01,31.85,895,129788.00
587,587,TL,*MANUAL*,59,207,71,157.00,78.76,25.56,2069,162953.00
588,588,TR,*MANUAL*,71,207,71,117.00,70.91,18.26,895,63468.00
589,589,PVR,*MANUAL*,68,190,67,179.00,118.78,26.20,895,106305.00
590,590,HYP71,*MANUAL*,65,199,86,189.00,108.94,28.74,895,97498.00
591,591,HYP72,*MANUAL*,65,173,81,175.00,109.06,25.19,895,97605.00
592,592,HYP8,*MANUAL*,66,142,78,144.00,83.05,16.45,895,74334.00
593,593,HYP11,*MANUAL*,61,146,68,117.00,58.59,17.56,895,52436.00
594,594,HYP9,*MANUAL*,63,106,80,143.00,84.93,30.64,895,76013.00
595,595,HYP101,*MANUAL*,65,91,77,189.00,103.87,33.58,895,92965.00
596,596,HYP102,*MANUAL*,65,67,76,176.00,101.75,39.16,895,91070.00
597,597,VPI3V,*MANUAL*,61,1170,89,207.00,125.97,29.34,879,110728.00
598,598,VPI3D,*MANUAL*,61,1166,55,190.00,106.38,40.50,885,94149.00
599,599,VPI1,*MANUAL*,63,1176,49,159.00,113.07,17.08,895,101194.00
600,600,VPI2V,*MANUAL*,58,1180,90,240.00,162.35,40.34,869,141079.00
601,601,VPI2DL,*MANUAL*,49,1176,59,244.00,156.57,41.15,895,140129.00
602,602,VPI2DR,*MANUAL*,77,1178,70,193.00,113.94,26.18,895,101972.00
603,603,PM8,*MANUAL*,61,1187,83,183.00,129.68,26.75,895,116064.00
604,604,G2R,*MANUAL*,67,1196,92,225.00,142.11,36.52,895,127187.00
605,605,G2L,*MANUAL*,52,1195,84,216.00,138.50,35.32,895,123955.00
606,606,G1P,*MANUAL*,73,1197,56,166.00,82.60,23.20,895,73926.00
607,607,M5,*MANUAL*,55,1205,44,224.00,149.28,29.25,895,133602.00
608,608,PM7VR,*MANUAL*$167$136,77,1211,86,156.00,52.65,31.20,6323,332928.00
609,609,I6,*MANUAL*,59,1237,41,218.00,142.80,33.72,895,127805.00
610,610,M1,*MANUAL*,80,1235,52,205.00,133.10,27.34,895,119127.00
611,611,PM6VL,*MANUAL*,50,1239,70,188.00,120.93,23.20,895,108232.00
612,612,PM6VR,*MANUAL*,72,1240,84,160.00,97.89,24.87,895,87613.00
613,613,I5,*MANUAL*,59,1246,90,202.00,136.12,33.75,895,121831.00
614,614,G1AL,*MANUAL*,55,1253,51,186.00,125.50,23.47,895,112321.00
615,615,G1AR,*MANUAL*,76,1253,65,157.00,105.15,22.23,895,94107.00
616,616,M2L,*MANUAL*,49,1256,69,249.00,169.47,44.16,895,151675.00
617,617,M2R,*MANUAL*,74,1260,80,227.00,153.72,28.95,895,137578.00
618,618,I4,*MANUAL*,67,1266,47,187.00,120.94,30.04,895,108237.00
619,619,PM5VL,*MANUAL*,57,1267,77,222.00,141.83,32.40,811,115027.00
620,620,PM5VR,*MANUAL*,65,1270,79,217.00,124.41,30.95,895,111346.00
621,621,PM5L,*MANUAL*,56,1277,65,206.00,128.08,34.16,895,114632.00
622,622,PM5R,*MANUAL*,71,1283,73,190.00,107.77,27.98,895,96456.00
623,623,PM5DR,*MANUAL*,67,1286,59,160.00,110.22,18.87,895,98645.00
624,624,PM5DL,*MANUAL*,59,1301,60,197.00,122.72,24.91,759,93148.00
625,625,MC2DL,*MANUAL*,64,1308,61,168.00,109.36,27.13,895,97877.00
626,626,MC2DR,*MANUAL*,70,1316,70,135.00,84.25,23.56,895,75402.00
627,627,MC2V,*MANUAL*,60,1301,77,151.00,74.79,35.38,895,66938.00
628,628,M4,*MANUAL*,66,1477,61,179.00,116.82,27.00,895,104555.00
629,629,M3L,*MANUAL*,52,1467,76,244.00,146.96,43.43,895,131533.00
630,630,M3R,*MANUAL*,68,1469,86,223.00,129.98,43.61,895,116330.00
631,631,I3,*MANUAL*,66,1496,56,207.00,145.39,24.30,895,130120.00
632,632,NSML,*MANUAL*,47,1493,78,231.00,149.51,33.36,895,133808.00
633,633,NSMR,*MANUAL*,71,1493,93,211.00,133.41,27.76,895,119404.00
634,634,MI,*MANUAL*,68,1506,51,235.00,178.58,24.59,485,86609.00
635,635,PM4DR,*MANUAL*,75,1507,60,179.00,114.89,26.72,895,102828.00
636,636,I2L,*MANUAL*,45,1511,78,251.00,182.62,34.55,893,163080.00
637,637,I2R,*MANUAL*,75,1512,94,222.00,150.52,33.22,895,134717.00
638,638,MCR,*MANUAL*,68,1518,85,242.00,161.95,39.90,895,144946.00
639,639,MCL,*MANUAL*,52,1520,76,252.00,175.93,34.36,895,157458.00
640,640,PM1DL,*MANUAL*,67,1527,57,250.00,180.73,43.26,349,63074.00
641,641,PM1DR,*MANUAL*,73,1529,58,250.00,190.22,34.38,485,92258.00
642,642,PM1L,*MANUAL*,49,1532,72,251.00,155.62,43.55,865,134609.00
643,643,PM1R,*MANUAL*,74,1532,82,243.00,169.43,37.36,860,145706.00
644,644,PM1VL,*MANUAL*,50,1532,82,249.00,169.63,39.64,895,151818.00
645,645,PM1VR,*MANUAL*,68,1532,90,246.00,174.40,35.75,895,156087.00
646,646,I1L,*MANUAL*,49,1556,77,227.00,141.01,40.01,895,126204.00
647,647,I1R,*MANUAL*,72,1549,88,192.00,108.14,35.48,895,96789.00
648,648,E2D,*MANUAL*,69,1669,60,118.00,62.69,18.78,895,56107.00
649,649,PM2D1,*MANUAL*,68,1633,59,181.00,98.53,30.87,895,88184.00
650,650,PM2D2,*MANUAL*,68,1616,57,201.00,102.26,36.26,895,91520.00
651,651,E1D,*MANUAL*,69,1584,53,218.00,136.98,32.15,773,105883.00
652,652,PM3DR,*MANUAL*,70,1580,61,162.00,74.66,21.70,895,66824.00
653,653,E3D,*MANUAL*,67,1549,53,159.00,85.12,26.46,895,76180.00
654,654,PM3DL,*MANUAL*,61,1600,56,162.00,80.63,26.24,895,72160.00
655,655,E2VL,*MANUAL*$85$81,56,1679,81,182.00,79.24,32.83,2153,170614.00
656,656,PM2VL1,*MANUAL*,54,1650,80,236.00,132.23,52.41,895,118349.00
657,657,PM2VL2,*MANUAL*,53,1636,78,226.00,141.45,44.41,895,126600.00
658,658,E1VL,*MANUAL*,51,1614,76,249.00,151.86,43.34,869,131962.00
659,659,E3VL,*MANUAL*,50,1586,77,202.00,118.94,39.24,895,106447.00
660,660,PM3L,*MANUAL*,54,1574,69,167.00,85.68,32.01,895,76683.00
661,661,PM3VL,*MANUAL*,56,1609,83,186.00,89.49,29.69,895,80094.00
662,662,E2VR,*MANUAL*,75,1679,89,152.00,72.35,31.46,895,64757.00
663,663,PM2VR1,*MANUAL*,75,1650,89,215.00,129.31,36.08,895,115729.00
664,664,PM2VR2,*MANUAL*,75,1634,89,229.00,122.04,40.78,895,109230.00
665,665,E1VR,*MANUAL*,74,1616,87,211.00,122.68,43.72,895,109795.00
666,666,E3VR,*MANUAL*,75,1592,86,168.00,103.17,31.54,485,50038.00
667,667,PM3R,*MANUAL*,73,1573,80,159.00,86.87,25.14,895,77748.00
668,668,REPD,*MANUAL*,64,324,56,212.00,143.53,30.87,885,127021.00
669,669,F,*MANUAL*,64,304,72,225.00,135.21,32.67,895,121012.00
670,670,DVA,*MANUAL*,64,293,65,199.00,125.78,26.52,895,112576.00
671,671,B,*MANUAL*,64,277,87,161.00,105.04,25.98,895,94012.00
672,672,DVC,*MANUAL*,64,261,77,201.00,142.75,21.07,895,127764.00
673,673,K,*MANUAL*,57,313,60,197.00,135.83,25.55,895,121567.00
674,674,K',*MANUAL*,73,322,62,190.00,129.18,26.12,895,115620.00
675,675,EXC DUCT,*MANUAL*,47,1310,83,175.00,110.20,33.93,895,98630.00
676,676,VL11,*MANUAL*$34$33,52,1056,104,209.00,61.41,43.48,6749,414442.00
677,677,f1,*MANUAL*,58,1614,66,81.00,16.12,11.91,895,14426.00
678,678,f2,*MANUAL*,60,1546,67,25.00,10.14, 3.25,895,9074.00
679,679,f3,*MANUAL*,62,1445,67,40.00,18.44, 5.22,895,16504.00
680,680,f4,*MANUAL*,58,1347,67,48.00,18.65, 6.83,895,16693.00
681,681,f5,*MANUAL*,62,1255,67,61.00,24.42, 8.32,895,21860.00
682,682,f6,*MANUAL*,64,1211,67,19.00, 7.81, 2.84,895,6992.00
683,683,f7,*MANUAL*,64,1011,29, 8.00, 1.75, 1.44,895,1570.00
684,684,f8,*MANUAL*,64,878,30,11.00, 1.69, 1.61,895,1512.00
685,685,f9,*MANUAL*,63,1129,29, 6.00, 0.61, 0.97,895,547.00
686,686,f10,*MANUAL*,60,440,68,16.00, 3.46, 2.67,895,3100.00
