0,0,*NOUSE*,*NOUSE*,0,0,0,0,0,0,0,0
1,1,*NOUSE*,*NOUSE*,0,0,0,0,0,0,0,0
2,2,*NOUSE*,*NOUSE*,0,0,0,0,0,0,0,0
3,3,ADAL,,34,1158,78,163.00,56.00,38.39,3675,205801
4,4,*NOUSE*,*NOUSE*,0,0,0,0,0,0,0,0
5,5,*NOUSE*,*NOUSE*,0,0,0,0,0,0,0,0
6,6,AWCL,,36,1267,74,177.00,58.29,36.61,3831,223315
7,7,*NOUSE*,*NOUSE*,0,0,0,0,0,0,0,0
8,8,ADEL,,36,1170,71,199.00,66.25,41.74,3230,213987
9,9,*NOUSE*,*NOUSE*,0,0,0,0,0,0,0,0
10,10,*NOUSE*,*NOUSE*,0,0,0,0,0,0,0,0
11,11,*NOUSE*,*NOUSE*,0,0,0,0,0,0,0,0
12,12,*NOUSE*,*NOUSE*,0,0,0,0,0,0,0,0
13,13,*NOUSE*,*NOUSE*,0,0,0,0,0,0,0,0
14,14,*NOUSE*,*NOUSE*,0,0,0,0,0,0,0,0
15,15,*NOUSE*,*NOUSE*,0,0,0,0,0,0,0,0
16,16,*NOUSE*,*NOUSE*,0,0,0,0,0,0,0,0
17,17,*NOUSE*,*NOUSE*,0,0,0,0,0,0,0,0
18,18,XXXL,,37,1385,79,238.00,82.29,53.69,2475,203677
19,19,*NOUSE*,*NOUSE*,0,0,0,0,0,0,0,0
20,20,*NOUSE*,*NOUSE*,0,0,0,0,0,0,0,0
21,21,*NOUSE*,*NOUSE*,0,0,0,0,0,0,0,0
22,22,*NOUSE*,*NOUSE*,0,0,0,0,0,0,0,0
23,23,RMDVL,,39,1320,70,182.00,58.44,42.04,3590,209782
24,24,H0L,,37,1445,73,144.00,45.26,27.54,4668,211266
25,25,SIBDL,,38,1285,80,210.00,78.49,48.68,3027,237592
26,26,RMDL,,39,1301,82,241.00,74.50,48.20,2881,214639
27,27,AINL,,38,1179,57,188.00,68.01,42.94,2673,181787
28,28,*NOUSE*,*NOUSE*,0,0,0,0,0,0,0,0
29,29,ADESHL,,39,1101,64,185.00,54.58,39.26,3790,206840
30,30,*NOUSE*,*NOUSE*,0,0,0,0,0,0,0,0
31,31,*NOUSE*,*NOUSE*,0,0,0,0,0,0,0,0
32,32,*NOUSE*,*NOUSE*,0,0,0,0,0,0,0,0
33,33,*NOUSE*,*NOUSE*,0,0,0,0,0,0,0,0
34,34,*NOUSE*,*NOUSE*,0,0,0,0,0,0,0,0
35,35,V3L,,39,811,67,77.00,25.49,12.19,5455,139039
36,36,*NOUSE*,*NOUSE*,0,0,0,0,0,0,0,0
37,37,*NOUSE*,*NOUSE*,0,0,0,0,0,0,0,0
38,38,P1/2L,,40,954,73,103.00,31.70,17.48,4619,146413
39,39,P3/4L,,39,864,75,129.00,29.63,16.01,4738,140364
40,40,*NOUSE*,*NOUSE*,0,0,0,0,0,0,0,0
41,41,IL1L,,41,1372,80,215.00,83.29,46.18,2262,188408
42,42,*NOUSE*,*NOUSE*,0,0,0,0,0,0,0,0
43,43,*NOUSE*,*NOUSE*,0,0,0,0,0,0,0,0
44,44,AMSHL,,39,1136,45,111.00,39.59,21.26,3491,138214
45,45,*NOUSE*,*NOUSE*,0,0,0,0,0,0,0,0
46,46,*NOUSE*,*NOUSE*,0,0,0,0,0,0,0,0
47,47,CANL,,42,765,56,115.00,36.44,22.98,3828,139481
48,48,*NOUSE*,*NOUSE*,0,0,0,0,0,0,0,0
49,49,HYP2L,,41,1485,64,182.00,54.39,37.63,4327,235350
50,50,*NOUSE*,*NOUSE*,0,0,0,0,0,0,0,0
51,51,P5/6L,,40,752,75,101.00,28.66,15.19,4894,140252
52,52,*NOUSE*,*NOUSE*,0,0,0,0,0,0,0,0
53,53,*NOUSE*,*NOUSE*,0,0,0,0,0,0,0,0
54,54,*NOUSE*,*NOUSE*,0,0,0,0,0,0,0,0
55,55,*NOUSE*,*NOUSE*,0,0,0,0,0,0,0,0
56,56,*NOUSE*,*NOUSE*,0,0,0,0,0,0,0,0
57,57,*NOUSE*,*NOUSE*,0,0,0,0,0,0,0,0
58,58,*NOUSE*,*NOUSE*,0,0,0,0,0,0,0,0
59,59,*NOUSE*,*NOUSE*,0,0,0,0,0,0,0,0
60,60,BDUL,,43,1022,64,171.00,47.47,38.37,3508,166540
61,61,V2L,,41,909,71,80.00,25.27,13.05,5462,138043
62,62,OLQSOVL,,42,1449,86,206.00,75.41,46.52,2668,201189
63,63,VL8,,42,1170,93,184.00,56.12,31.97,4282,240306
64,64,*NOUSE*,*NOUSE*,0,0,0,0,0,0,0,0
65,65,HYP1L,,44,1437,60,211.00,71.63,46.03,3278,234789
66,66,ARCPDL,,44,1469,62,178.00,56.78,38.46,4067,230937
67,67,*NOUSE*,*NOUSE*,0,0,0,0,0,0,0,0
68,68,AVEL,,46,1285,70,206.00,84.96,43.41,2879,244611
69,69,*NOUSE*,*NOUSE*,0,0,0,0,0,0,0,0
70,70,HSNL,,44,713,73,131.00,42.65,28.78,3880,165487
71,71,*NOUSE*,*NOUSE*,0,0,0,0,0,0,0,0
72,72,*NOUSE*,*NOUSE*,0,0,0,0,0,0,0,0
73,73,*NOUSE*,*NOUSE*,0,0,0,0,0,0,0,0
74,74,*NOUSE*,*NOUSE*,0,0,0,0,0,0,0,0
75,75,*NOUSE*,*NOUSE*,0,0,0,0,0,0,0,0
76,76,*NOUSE*,*NOUSE*,0,0,0,0,0,0,0,0
77,77,*NOUSE*,*NOUSE*,0,0,0,0,0,0,0,0
78,78,*NOUSE*,*NOUSE*,0,0,0,0,0,0,0,0
79,79,*NOUSE*,*NOUSE*,0,0,0,0,0,0,0,0
80,80,HYP7LC2,,43,891,49,68.00,23.19,10.03,4795,111206
81,81,HYP7LC1,,44,970,48,75.00,23.45,10.22,5771,135335
82,82,*NOUSE*,*NOUSE*,0,0,0,0,0,0,0,0
83,83,QL,,45,575,62,94.00,30.38,16.34,5027,152725
84,84,*NOUSE*,*NOUSE*,0,0,0,0,0,0,0,0
85,85,*NOUSE*,*NOUSE*,0,0,0,0,0,0,0,0
86,86,CCLA,,45,777,82,146.00,42.51,30.60,3859,164035
87,87,*NOUSE*,*NOUSE*,0,0,0,0,0,0,0,0
88,88,RMDDL,,42,1291,93,199.00,83.02,44.63,2278,189122
89,89,SIAVL,,43,1238,91,209.00,80.04,45.39,2508,200733
90,90,SMDDL,,43,1273,98,199.00,77.89,42.68,2535,197463
91,91,*NOUSE*,*NOUSE*,0,0,0,0,0,0,0,0
92,92,*NOUSE*,*NOUSE*,0,0,0,0,0,0,0,0
93,93,*NOUSE*,*NOUSE*,0,0,0,0,0,0,0,0
94,94,*NOUSE*,*NOUSE*,0,0,0,0,0,0,0,0
95,95,*NOUSE*,*NOUSE*,0,0,0,0,0,0,0,0
96,96,*NOUSE*,*NOUSE*,0,0,0,0,0,0,0,0
97,97,CCLP,,46,728,82,146.00,43.62,28.58,4342,189391
98,98,*NOUSE*,*NOUSE*,0,0,0,0,0,0,0,0
99,99,*NOUSE*,*NOUSE*,0,0,0,0,0,0,0,0
100,100,*NOUSE*,*NOUSE*,0,0,0,0,0,0,0,0
101,101,*NOUSE*,*NOUSE*,0,0,0,0,0,0,0,0
102,102,URAVL,,44,1360,97,217.00,83.68,46.60,2191,183337
103,103,*NOUSE*,*NOUSE*,0,0,0,0,0,0,0,0
104,104,*NOUSE*,*NOUSE*,0,0,0,0,0,0,0,0
105,105,*NOUSE*,*NOUSE*,0,0,0,0,0,0,0,0
106,106,HYP5L,,45,1554,67,107.00,33.07,19.69,4917,162591
107,107,*NOUSE*,*NOUSE*,0,0,0,0,0,0,0,0
108,108,SIBVL,,45,1274,82,211.00,88.52,42.14,2376,210328
109,109,*NOUSE*,*NOUSE*,0,0,0,0,0,0,0,0
110,110,*NOUSE*,*NOUSE*,0,0,0,0,0,0,0,0
111,111,*NOUSE*,*NOUSE*,0,0,0,0,0,0,0,0
112,112,ALML,,48,843,42,128.00,38.59,26.02,3425,132173
113,113,*NOUSE*,*NOUSE*,0,0,0,0,0,0,0,0
114,114,*NOUSE*,*NOUSE*,0,0,0,0,0,0,0,0
115,115,*NOUSE*,*NOUSE*,0,0,0,0,0,0,0,0
116,116,*NOUSE*,*NOUSE*,0,0,0,0,0,0,0,0
117,117,V5L,,46,541,66,84.00,28.36,14.51,5476,155308
118,118,*NOUSE*,*NOUSE*,0,0,0,0,0,0,0,0
119,119,*NOUSE*,*NOUSE*,0,0,0,0,0,0,0,0
120,120,*NOUSE*,*NOUSE*,0,0,0,0,0,0,0,0
121,121,*NOUSE*,*NOUSE*,0,0,0,0,0,0,0,0
122,122,*NOUSE*,*NOUSE*,0,0,0,0,0,0,0,0
123,123,*NOUSE*,*NOUSE*,0,0,0,0,0,0,0,0
124,124,REPVL,,51,357,58,180.00,45.89,34.82,4231,194149
125,125,*NOUSE*,*NOUSE*,0,0,0,0,0,0,0,0
126,126,*NOUSE*,*NOUSE*,0,0,0,0,0,0,0,0
127,127,*NOUSE*,*NOUSE*,0,0,0,0,0,0,0,0
128,128,*NOUSE*,*NOUSE*,0,0,0,0,0,0,0,0
129,129,SPH,,51,374,65,212.00,51.10,38.75,4540,231977
130,130,*NOUSE*,*NOUSE*,0,0,0,0,0,0,0,0
131,131,AIBL,,47,1261,72,193.00,75.01,39.64,3419,256443
132,132,*NOUSE*,*NOUSE*,0,0,0,0,0,0,0,0
133,133,NSML,,47,1391,83,211.00,78.45,45.06,2920,229086
134,134,*NOUSE*,*NOUSE*,0,0,0,0,0,0,0,0
135,135,*NOUSE*,*NOUSE*,0,0,0,0,0,0,0,0
136,136,*NOUSE*,*NOUSE*,0,0,0,0,0,0,0,0
137,137,PVQL,,50,335,57,190.00,51.66,37.17,3864,199618
138,138,*NOUSE*,*NOUSE*,0,0,0,0,0,0,0,0
139,139,*NOUSE*,*NOUSE*,0,0,0,0,0,0,0,0
140,140,*NOUSE*,*NOUSE*,0,0,0,0,0,0,0,0
141,141,*NOUSE*,*NOUSE*,0,0,0,0,0,0,0,0
142,142,*NOUSE*,*NOUSE*,0,0,0,0,0,0,0,0
143,143,IML,,50,398,74,174.00,42.04,32.86,4442,186731
144,144,*NOUSE*,*NOUSE*,0,0,0,0,0,0,0,0
145,145,PM6VL,,48,1164,79,152.00,59.21,29.93,3843,227535
146,146,*NOUSE*,*NOUSE*,0,0,0,0,0,0,0,0
147,147,*NOUSE*,*NOUSE*,0,0,0,0,0,0,0,0
148,148,CEPDL,,50,1305,46,218.00,82.37,46.19,2719,223977
149,149,*NOUSE*,*NOUSE*,0,0,0,0,0,0,0,0
150,150,*NOUSE*,*NOUSE*,0,0,0,0,0,0,0,0
151,151,*NOUSE*,*NOUSE*,0,0,0,0,0,0,0,0
152,152,G1AL,,49,1177,59,198.00,68.70,34.63,3274,224925
153,153,*NOUSE*,*NOUSE*,0,0,0,0,0,0,0,0
154,154,M2L,,48,1182,79,218.00,87.00,45.64,2758,239958
155,155,*NOUSE*,*NOUSE*,0,0,0,0,0,0,0,0
156,156,*NOUSE*,*NOUSE*,0,0,0,0,0,0,0,0
157,157,*NOUSE*,*NOUSE*,0,0,0,0,0,0,0,0
158,158,*NOUSE*,*NOUSE*,0,0,0,0,0,0,0,0
159,159,*NOUSE*,*NOUSE*,0,0,0,0,0,0,0,0
160,160,*NOUSE*,*NOUSE*,0,0,0,0,0,0,0,0
161,161,*NOUSE*,*NOUSE*,0,0,0,0,0,0,0,0
162,162,*NOUSE*,*NOUSE*,0,0,0,0,0,0,0,0
163,163,*NOUSE*,*NOUSE*,0,0,0,0,0,0,0,0
164,164,GLRL,,50,1295,78,224.00,84.77,43.42,3077,260835
165,165,Z4,,53,691,82,114.00,33.91,20.73,5270,178728
166,166,*NOUSE*,*NOUSE*,0,0,0,0,0,0,0,0
167,167,*NOUSE*,*NOUSE*,0,0,0,0,0,0,0,0
168,168,*NOUSE*,*NOUSE*,0,0,0,0,0,0,0,0
169,169,VL13,,52,877,94,114.00,37.42,24.39,4692,175569
170,170,*NOUSE*,*NOUSE*,0,0,0,0,0,0,0,0
171,171,DL7,,53,1182,38,164.00,54.10,32.55,3047,164855
172,172,*NOUSE*,*NOUSE*,0,0,0,0,0,0,0,0
173,173,INV5,,51,736,59,54.00,20.77, 7.63,4903,101856
174,174,INV2,,53,990,79,68.00,23.11, 8.81,5696,131634
175,175,*NOUSE*,*NOUSE*,0,0,0,0,0,0,0,0
176,176,*NOUSE*,*NOUSE*,0,0,0,0,0,0,0,0
177,177,*NOUSE*,*NOUSE*,0,0,0,0,0,0,0,0
178,178,*NOUSE*,*NOUSE*,0,0,0,0,0,0,0,0
179,179,*NOUSE*,*NOUSE*,0,0,0,0,0,0,0,0
180,180,*NOUSE*,*NOUSE*,0,0,0,0,0,0,0,0
181,181,GLRVL,,52,1297,88,228.00,98.20,51.21,2513,246773
182,182,RIGR,,53,1111,101,154.00,53.10,33.02,3663,194500
183,183,IL2VL,,50,1376,102,195.00,77.79,41.01,2047,159240
184,184,*NOUSE*,*NOUSE*,0,0,0,0,0,0,0,0
185,185,DL9,,53,1104,34,137.00,40.86,27.08,4280,174874
186,186,*NOUSE*,*NOUSE*,0,0,0,0,0,0,0,0
187,187,*NOUSE*,*NOUSE*,0,0,0,0,0,0,0,0
188,188,*NOUSE*,*NOUSE*,0,0,0,0,0,0,0,0
189,189,*NOUSE*,*NOUSE*,0,0,0,0,0,0,0,0
190,190,*NOUSE*,*NOUSE*,0,0,0,0,0,0,0,0
191,191,*NOUSE*,*NOUSE*,0,0,0,0,0,0,0,0
192,192,*NOUSE*,*NOUSE*,0,0,0,0,0,0,0,0
193,193,*NOUSE*,*NOUSE*,0,0,0,0,0,0,0,0
194,194,*NOUSE*,*NOUSE*,0,0,0,0,0,0,0,0
195,195,M3L,,51,1364,83,235.00,83.43,51.52,2906,242450
196,196,INVL1,,50,1045,89,83.00,27.65,12.35,6687,184921
197,197,*NOUSE*,*NOUSE*,0,0,0,0,0,0,0,0
198,198,*NOUSE*,*NOUSE*,0,0,0,0,0,0,0,0
199,199,*NOUSE*,*NOUSE*,0,0,0,0,0,0,0,0
200,200,*NOUSE*,*NOUSE*,0,0,0,0,0,0,0,0
201,201,*NOUSE*,*NOUSE*,0,0,0,0,0,0,0,0
202,202,*NOUSE*,*NOUSE*,0,0,0,0,0,0,0,0
203,203,*NOUSE*,*NOUSE*,0,0,0,0,0,0,0,0
204,204,*NOUSE*,*NOUSE*,0,0,0,0,0,0,0,0
205,205,*NOUSE*,*NOUSE*,0,0,0,0,0,0,0,0
206,206,*NOUSE*,*NOUSE*,0,0,0,0,0,0,0,0
207,207,*NOUSE*,*NOUSE*,0,0,0,0,0,0,0,0
208,208,*NOUSE*,*NOUSE*,0,0,0,0,0,0,0,0
209,209,E2VL,,54,1572,79,146.00,40.17,27.80,4336,174190
210,210,*NOUSE*,*NOUSE*,0,0,0,0,0,0,0,0
211,211,*NOUSE*,*NOUSE*,0,0,0,0,0,0,0,0
212,212,RIFL,,53,1178,105,227.00,88.69,48.35,2883,255687
213,213,DL11,,56,1002,32,113.00,34.29,21.42,3576,122608
214,214,*NOUSE*,*NOUSE*,0,0,0,0,0,0,0,0
215,215,*NOUSE*,*NOUSE*,0,0,0,0,0,0,0,0
216,216,*NOUSE*,*NOUSE*,0,0,0,0,0,0,0,0
217,217,DL16,,55,689,40,94.00,33.70,19.12,3378,113843
218,218,*NOUSE*,*NOUSE*,0,0,0,0,0,0,0,0
219,219,*NOUSE*,*NOUSE*,0,0,0,0,0,0,0,0
220,220,*NOUSE*,*NOUSE*,0,0,0,0,0,0,0,0
221,221,*NOUSE*,*NOUSE*,0,0,0,0,0,0,0,0
222,222,IND9,,55,401,47,94.00,31.72,16.72,4802,152305
223,223,*NOUSE*,*NOUSE*,0,0,0,0,0,0,0,0
224,224,ALNL,,57,281,51,181.00,62.70,40.76,3366,211046
225,225,*NOUSE*,*NOUSE*,0,0,0,0,0,0,0,0
226,226,*NOUSE*,*NOUSE*,0,0,0,0,0,0,0,0
227,227,*NOUSE*,*NOUSE*,0,0,0,0,0,0,0,0
228,228,*NOUSE*,*NOUSE*,0,0,0,0,0,0,0,0
229,229,*NOUSE*,*NOUSE*,0,0,0,0,0,0,0,0
230,230,G1,,55,1264,108,192.00,62.31,35.80,3058,190529
231,231,DB2,,55,1204,113,212.00,65.61,39.09,3084,202352
232,232,*NOUSE*,*NOUSE*,0,0,0,0,0,0,0,0
233,233,*NOUSE*,*NOUSE*,0,0,0,0,0,0,0,0
234,234,*NOUSE*,*NOUSE*,0,0,0,0,0,0,0,0
235,235,*NOUSE*,*NOUSE*,0,0,0,0,0,0,0,0
236,236,*NOUSE*,*NOUSE*,0,0,0,0,0,0,0,0
237,237,*NOUSE*,*NOUSE*,0,0,0,0,0,0,0,0
238,238,*NOUSE*,*NOUSE*,0,0,0,0,0,0,0,0
239,239,*NOUSE*,*NOUSE*,0,0,0,0,0,0,0,0
240,240,DB6,,56,620,93,137.00,40.75,29.58,4304,175393
241,241,*NOUSE*,*NOUSE*,0,0,0,0,0,0,0,0
242,242,*NOUSE*,*NOUSE*,0,0,0,0,0,0,0,0
243,243,*NOUSE*,*NOUSE*,0,0,0,0,0,0,0,0
244,244,*NOUSE*,*NOUSE*,0,0,0,0,0,0,0,0
245,245,*NOUSE*,*NOUSE*,0,0,0,0,0,0,0,0
246,246,*NOUSE*,*NOUSE*,0,0,0,0,0,0,0,0
247,247,*NOUSE*,*NOUSE*,0,0,0,0,0,0,0,0
248,248,*NOUSE*,*NOUSE*,0,0,0,0,0,0,0,0
249,249,DL17,,58,621,38,113.00,32.98,19.40,3784,124803
250,250,*NOUSE*,*NOUSE*,0,0,0,0,0,0,0,0
251,251,*NOUSE*,*NOUSE*,0,0,0,0,0,0,0,0
252,252,*NOUSE*,*NOUSE*,0,0,0,0,0,0,0,0
253,253,*NOUSE*,*NOUSE*,0,0,0,0,0,0,0,0
254,254,*NOUSE*,*NOUSE*,0,0,0,0,0,0,0,0
255,255,*NOUSE*,*NOUSE*,0,0,0,0,0,0,0,0
256,256,DA6,,58,590,92,152.00,41.36,32.97,4178,172785
257,257,*NOUSE*,*NOUSE*,0,0,0,0,0,0,0,0
258,258,DB5,,58,778,92,129.00,38.95,25.14,4320,168283
259,259,*NOUSE*,*NOUSE*,0,0,0,0,0,0,0,0
260,260,DB3,,58,1056,104,165.00,44.91,33.76,5995,269264
261,261,*NOUSE*,*NOUSE*,0,0,0,0,0,0,0,0
262,262,*NOUSE*,*NOUSE*,0,0,0,0,0,0,0,0
263,263,DA1,,57,1098,98,198.00,58.82,36.17,3660,215282
264,264,*NOUSE*,*NOUSE*,0,0,0,0,0,0,0,0
265,265,HYP6V2,,57,1410,108,110.00,43.20,21.08,3920,169353
266,266,*NOUSE*,*NOUSE*,0,0,0,0,0,0,0,0
267,267,*NOUSE*,*NOUSE*,0,0,0,0,0,0,0,0
268,268,*NOUSE*,*NOUSE*,0,0,0,0,0,0,0,0
269,269,MC2DL,,55,1214,61,190.00,60.05,25.89,3644,218815
270,270,*NOUSE*,*NOUSE*,0,0,0,0,0,0,0,0
271,271,*NOUSE*,*NOUSE*,0,0,0,0,0,0,0,0
272,272,*NOUSE*,*NOUSE*,0,0,0,0,0,0,0,0
273,273,INV7,,59,577,76,59.00,21.51, 9.06,6813,146514
274,274,*NOUSE*,*NOUSE*,0,0,0,0,0,0,0,0
275,275,*NOUSE*,*NOUSE*,0,0,0,0,0,0,0,0
276,276,*NOUSE*,*NOUSE*,0,0,0,0,0,0,0,0
277,277,DA4,,59,849,96,173.00,41.82,33.17,4114,172032
278,278,*NOUSE*,*NOUSE*,0,0,0,0,0,0,0,0
279,279,*NOUSE*,*NOUSE*,0,0,0,0,0,0,0,0
280,280,RMEV,,58,1315,107,177.00,59.31,37.64,4044,239851
281,281,*NOUSE*,*NOUSE*,0,0,0,0,0,0,0,0
282,282,*NOUSE*,*NOUSE*,0,0,0,0,0,0,0,0
283,283,DL19,,59,490,43,110.00,35.38,22.14,3984,140967
284,284,*NOUSE*,*NOUSE*,0,0,0,0,0,0,0,0
285,285,*NOUSE*,*NOUSE*,0,0,0,0,0,0,0,0
286,286,*NOUSE*,*NOUSE*,0,0,0,0,0,0,0,0
287,287,*NOUSE*,*NOUSE*,0,0,0,0,0,0,0,0
288,288,HYP71,,61,252,81,148.00,45.56,33.26,3937,179387
289,289,*NOUSE*,*NOUSE*,0,0,0,0,0,0,0,0
290,290,*NOUSE*,*NOUSE*,0,0,0,0,0,0,0,0
291,291,DD5,,59,519,90,154.00,41.74,31.33,4441,185385
292,292,DA3,,60,942,98,131.00,38.59,28.12,4654,179600
293,293,DA2,,60,1023,98,176.00,43.70,34.51,4470,195330
294,294,*NOUSE*,*NOUSE*,0,0,0,0,0,0,0,0
295,295,*NOUSE*,*NOUSE*,0,0,0,0,0,0,0,0
296,296,*NOUSE*,*NOUSE*,0,0,0,0,0,0,0,0
297,297,IND8,,62,450,55,73.00,28.11,12.26,5651,158852
298,298,*NOUSE*,*NOUSE*,0,0,0,0,0,0,0,0
299,299,B,,60,309,72,151.00,50.42,30.01,3687,185882
300,300,*NOUSE*,*NOUSE*,0,0,0,0,0,0,0,0
301,301,*NOUSE*,*NOUSE*,0,0,0,0,0,0,0,0
302,302,INV3,,62,916,83,58.00,19.80, 7.78,6878,136179
303,303,*NOUSE*,*NOUSE*,0,0,0,0,0,0,0,0
304,304,DA5,,60,741,96,144.00,42.30,28.34,3962,167582
305,305,*NOUSE*,*NOUSE*,0,0,0,0,0,0,0,0
306,306,*NOUSE*,*NOUSE*,0,0,0,0,0,0,0,0
307,307,*NOUSE*,*NOUSE*,0,0,0,0,0,0,0,0
308,308,*NOUSE*,*NOUSE*,0,0,0,0,0,0,0,0
309,309,M4,,60,1358,68,175.00,67.15,36.39,4271,286801
310,310,*NOUSE*,*NOUSE*,0,0,0,0,0,0,0,0
311,311,HYP4V1,,61,1609,88,147.00,38.47,28.03,4061,156217
312,312,*NOUSE*,*NOUSE*,0,0,0,0,0,0,0,0
313,313,*NOUSE*,*NOUSE*,0,0,0,0,0,0,0,0
314,314,*NOUSE*,*NOUSE*,0,0,0,0,0,0,0,0
315,315,IND4,,62,865,45,46.00,18.21, 6.26,5044,91829
316,316,REPD,,64,347,44,161.00,59.88,36.03,3334,199651
317,317,DEP,,63,297,46,155.00,55.62,34.52,3891,216426
318,318,*NOUSE*,*NOUSE*,0,0,0,0,0,0,0,0
319,319,I4,,63,1183,49,208.00,71.34,40.04,2951,210513
320,320,HYP11,,61,171,64,139.00,38.08,25.87,4510,171753
321,321,*NOUSE*,*NOUSE*,0,0,0,0,0,0,0,0
322,322,*NOUSE*,*NOUSE*,0,0,0,0,0,0,0,0
323,323,*NOUSE*,*NOUSE*,0,0,0,0,0,0,0,0
324,324,*NOUSE*,*NOUSE*,0,0,0,0,0,0,0,0
325,325,HYP7D1,,62,1364,40,111.00,45.02,19.10,4956,223117
326,326,*NOUSE*,*NOUSE*,0,0,0,0,0,0,0,0
327,327,*NOUSE*,*NOUSE*,0,0,0,0,0,0,0,0
328,328,*NOUSE*,*NOUSE*,0,0,0,0,0,0,0,0
329,329,HYP31,,64,1554,46,156.00,44.55,33.25,4273,190359
330,330,*NOUSE*,*NOUSE*,0,0,0,0,0,0,0,0
331,331,HYP4D,,62,1619,55,113.00,34.34,21.19,4449,152774
332,332,*NOUSE*,*NOUSE*,0,0,0,0,0,0,0,0
333,333,*NOUSE*,*NOUSE*,0,0,0,0,0,0,0,0
334,334,HYP8,,64,181,73,131.00,39.07,27.38,4498,175715
335,335,*NOUSE*,*NOUSE*,0,0,0,0,0,0,0,0
336,336,*NOUSE*,*NOUSE*,0,0,0,0,0,0,0,0
337,337,*NOUSE*,*NOUSE*,0,0,0,0,0,0,0,0
338,338,*NOUSE*,*NOUSE*,0,0,0,0,0,0,0,0
339,339,HYP4V2,,63,1579,94,132.00,39.36,26.77,4192,164981
340,340,*NOUSE*,*NOUSE*,0,0,0,0,0,0,0,0
341,341,*NOUSE*,*NOUSE*,0,0,0,0,0,0,0,0
342,342,*NOUSE*,*NOUSE*,0,0,0,0,0,0,0,0
343,343,ALA,,63,1300,45,202.00,75.04,37.95,3395,254755
344,344,*NOUSE*,*NOUSE*,0,0,0,0,0,0,0,0
345,345,HYP6D2,,65,1437,47,161.00,54.56,29.73,3311,180638
346,346,*NOUSE*,*NOUSE*,0,0,0,0,0,0,0,0
347,347,IND7,,66,535,54,55.00,23.09, 7.59,4547,104989
348,348,F,,63,330,58,172.00,72.44,34.85,3458,250491
349,349,HYP101,,64,131,70,148.00,40.89,31.10,4087,167102
350,350,HYP9,,64,148,73,124.00,36.36,24.97,4408,160276
351,351,*NOUSE*,*NOUSE*,0,0,0,0,0,0,0,0
352,352,*NOUSE*,*NOUSE*,0,0,0,0,0,0,0,0
353,353,*NOUSE*,*NOUSE*,0,0,0,0,0,0,0,0
354,354,*NOUSE*,*NOUSE*,0,0,0,0,0,0,0,0
355,355,*NOUSE*,*NOUSE*,0,0,0,0,0,0,0,0
356,356,*NOUSE*,*NOUSE*,0,0,0,0,0,0,0,0
357,357,*NOUSE*,*NOUSE*,0,0,0,0,0,0,0,0
358,358,*NOUSE*,*NOUSE*,0,0,0,0,0,0,0,0
359,359,*NOUSE*,*NOUSE*,0,0,0,0,0,0,0,0
360,360,*NOUSE*,,61,1247,95,164.00,93.24,35.96,170,15851
361,361,*NOUSE*,*NOUSE*,0,0,0,0,0,0,0,0
362,362,*NOUSE*,*NOUSE*,0,0,0,0,0,0,0,0
363,363,*NOUSE*,*NOUSE*,0,0,0,0,0,0,0,0
364,364,*NOUSE*,*NOUSE*,0,0,0,0,0,0,0,0
365,365,E2D,,65,1572,56,136.00,35.95,23.15,4485,161256
366,366,*NOUSE*,*NOUSE*,0,0,0,0,0,0,0,0
367,367,*NOUSE*,*NOUSE*,0,0,0,0,0,0,0,0
368,368,*NOUSE*,*NOUSE*,0,0,0,0,0,0,0,0
369,369,*NOUSE*,*NOUSE*,0,0,0,0,0,0,0,0
370,370,*NOUSE*,*NOUSE*,0,0,0,0,0,0,0,0
371,371,*NOUSE*,*NOUSE*,0,0,0,0,0,0,0,0
372,372,*NOUSE*,*NOUSE*,0,0,0,0,0,0,0,0
373,373,*NOUSE*,*NOUSE*,0,0,0,0,0,0,0,0
374,374,*NOUSE*,*NOUSE*,0,0,0,0,0,0,0,0
375,375,*NOUSE*,*NOUSE*,0,0,0,0,0,0,0,0
376,376,*NOUSE*,*NOUSE*,0,0,0,0,0,0,0,0
377,377,*NOUSE*,*NOUSE*,0,0,0,0,0,0,0,0
378,378,*NOUSE*,*NOUSE*,0,0,0,0,0,0,0,0
379,379,*NOUSE*,*NOUSE*,0,0,0,0,0,0,0,0
380,380,*NOUSE*,*NOUSE*,0,0,0,0,0,0,0,0
381,381,*NOUSE*,*NOUSE*,0,0,0,0,0,0,0,0
382,382,*NOUSE*,*NOUSE*,0,0,0,0,0,0,0,0
383,383,*NOUSE*,*NOUSE*,0,0,0,0,0,0,0,0
384,384,PHAR,,70,324,73,178.00,54.81,37.79,3483,190889
385,385,*NOUSE*,*NOUSE*,0,0,0,0,0,0,0,0
386,386,DA9,,68,357,82,179.00,60.02,36.22,4055,243378
387,387,*NOUSE*,*NOUSE*,0,0,0,0,0,0,0,0
388,388,*NOUSE*,*NOUSE*,0,0,0,0,0,0,0,0
389,389,*NOUSE*,*NOUSE*,0,0,0,0,0,0,0,0
390,390,*NOUSE*,*NOUSE*,0,0,0,0,0,0,0,0
391,391,*NOUSE*,*NOUSE*,0,0,0,0,0,0,0,0
392,392,*NOUSE*,*NOUSE*,0,0,0,0,0,0,0,0
393,393,PM5R,,70,1195,70,156.00,65.09,28.07,3423,222792
394,394,*NOUSE*,*NOUSE*,0,0,0,0,0,0,0,0
395,395,*NOUSE*,*NOUSE*,0,0,0,0,0,0,0,0
396,396,*NOUSE*,,62,405,72,36.00,24.15, 6.48,13,314
397,397,*NOUSE*,*NOUSE*,0,0,0,0,0,0,0,0
398,398,VR14,,71,828,90,116.00,34.91,21.50,5320,185731
399,399,*NOUSE*,*NOUSE*,0,0,0,0,0,0,0,0
400,400,*NOUSE*,*NOUSE*,0,0,0,0,0,0,0,0
401,401,*NOUSE*,*NOUSE*,0,0,0,0,0,0,0,0
402,402,*NOUSE*,*NOUSE*,0,0,0,0,0,0,0,0
403,403,*NOUSE*,*NOUSE*,0,0,0,0,0,0,0,0
404,404,*NOUSE*,*NOUSE*,0,0,0,0,0,0,0,0
405,405,*NOUSE*,*NOUSE*,0,0,0,0,0,0,0,0
406,406,*NOUSE*,*NOUSE*,0,0,0,0,0,0,0,0
407,407,*NOUSE*,*NOUSE*,0,0,0,0,0,0,0,0
408,408,*NOUSE*,*NOUSE*,0,0,0,0,0,0,0,0
409,409,*NOUSE*,*NOUSE*,0,0,0,0,0,0,0,0
410,410,*NOUSE*,*NOUSE*,0,0,0,0,0,0,0,0
411,411,*NOUSE*,*NOUSE*,0,0,0,0,0,0,0,0
412,412,*NOUSE*,*NOUSE*,0,0,0,0,0,0,0,0
413,413,*NOUSE*,*NOUSE*,0,0,0,0,0,0,0,0
414,414,PVCR,,70,301,67,176.00,55.50,36.96,3935,218377
415,415,*NOUSE*,*NOUSE*,0,0,0,0,0,0,0,0
416,416,*NOUSE*,*NOUSE*,0,0,0,0,0,0,0,0
417,417,VR17,,72,622,87,105.00,35.31,19.66,5172,182636
418,418,VR19,,70,460,89,133.00,38.29,25.01,5366,205453
419,419,*NOUSE*,*NOUSE*,0,0,0,0,0,0,0,0
420,420,VR15,,72,795,86,106.00,33.82,19.04,4668,157886
421,421,*NOUSE*,*NOUSE*,0,0,0,0,0,0,0,0
422,422,VR13,,73,889,95,102.00,31.50,17.99,5753,181220
423,423,*NOUSE*,*NOUSE*,0,0,0,0,0,0,0,0
424,424,SMDDR,,69,1270,107,218.00,70.24,39.32,2742,192592
425,425,*NOUSE*,,63,931,31,29.00,21.67, 5.39,15,325
426,426,*NOUSE*,*NOUSE*,0,0,0,0,0,0,0,0
427,427,DR17,,72,661,41,91.00,32.82,18.62,3713,121846
428,428,IL2DR,,72,1379,48,182.00,64.94,33.85,4981,323463
429,429,*NOUSE*,*NOUSE*,0,0,0,0,0,0,0,0
430,430,ASKR,,74,1266,48,150.00,50.35,27.22,4345,218750
431,431,*NOUSE*,*NOUSE*,0,0,0,0,0,0,0,0
432,432,REPVR,,74,359,68,152.00,44.58,32.82,4931,219810
433,433,PM2VR2,,73,1527,83,189.00,50.41,33.92,4925,248263
434,434,*NOUSE*,*NOUSE*,0,0,0,0,0,0,0,0
435,435,I1R,,72,1440,85,165.00,63.12,33.28,3754,236968
436,436,*NOUSE*,*NOUSE*,0,0,0,0,0,0,0,0
437,437,*NOUSE*,*NOUSE*,0,0,0,0,0,0,0,0
438,438,RMDDR,,71,1289,104,182.00,72.98,41.92,2606,190184
439,439,*NOUSE*,*NOUSE*,0,0,0,0,0,0,0,0
440,440,DR14,,75,874,37,89.00,29.63,16.97,4793,142018
441,441,DR18,,73,597,42,110.00,33.19,19.97,4335,143885
442,442,URXR,,70,1285,48,157.00,62.60,34.37,4087,255862
443,443,*NOUSE*,*NOUSE*,0,0,0,0,0,0,0,0
444,444,ASIR,,74,1211,49,160.00,58.33,26.39,3354,195650
445,445,*NOUSE*,*NOUSE*,0,0,0,0,0,0,0,0
446,446,PVQR,,74,339,69,134.00,42.14,29.81,4818,203040
447,447,*NOUSE*,*NOUSE*,0,0,0,0,0,0,0,0
448,448,PM2VR1,,73,1542,82,160.00,46.94,31.14,3326,156136
449,449,M2R,,71,1184,82,207.00,79.60,42.62,3108,247388
450,450,*NOUSE*,*NOUSE*,0,0,0,0,0,0,0,0
451,451,PM6VR,,73,1164,85,115.00,45.65,21.74,4923,224753
452,452,*NOUSE*,*NOUSE*,0,0,0,0,0,0,0,0
453,453,*NOUSE*,*NOUSE*,0,0,0,0,0,0,0,0
454,454,*NOUSE*,*NOUSE*,0,0,0,0,0,0,0,0
455,455,*NOUSE*,*NOUSE*,0,0,0,0,0,0,0,0
456,456,*NOUSE*,*NOUSE*,0,0,0,0,0,0,0,0
457,457,ALNR,,73,288,55,190.00,55.53,40.56,4212,233876
458,458,*NOUSE*,*NOUSE*,0,0,0,0,0,0,0,0
459,459,*NOUSE*,*NOUSE*,0,0,0,0,0,0,0,0
460,460,*NOUSE*,*NOUSE*,0,0,0,0,0,0,0,0
461,461,RIBR,,75,1235,80,183.00,63.63,34.47,3723,236887
462,462,*NOUSE*,*NOUSE*,0,0,0,0,0,0,0,0
463,463,*NOUSE*,*NOUSE*,0,0,0,0,0,0,0,0
464,464,*NOUSE*,*NOUSE*,0,0,0,0,0,0,0,0
465,465,*NOUSE*,*NOUSE*,0,0,0,0,0,0,0,0
466,466,DR11,,75,1039,36,111.00,33.59,20.75,3963,133126
467,467,*NOUSE*,*NOUSE*,0,0,0,0,0,0,0,0
468,468,*NOUSE*,*NOUSE*,0,0,0,0,0,0,0,0
469,469,*NOUSE*,*NOUSE*,0,0,0,0,0,0,0,0
470,470,*NOUSE*,*NOUSE*,0,0,0,0,0,0,0,0
471,471,DR19,,75,512,48,114.00,33.68,21.41,5143,173232
472,472,*NOUSE*,*NOUSE*,0,0,0,0,0,0,0,0
473,473,*NOUSE*,*NOUSE*,0,0,0,0,0,0,0,0
474,474,LUAR,,75,307,57,203.00,56.33,41.44,4264,240174
475,475,*NOUSE*,*NOUSE*,0,0,0,0,0,0,0,0
476,476,G1AR,,74,1177,63,131.00,54.53,26.07,3116,169919
477,477,*NOUSE*,*NOUSE*,0,0,0,0,0,0,0,0
478,478,*NOUSE*,*NOUSE*,0,0,0,0,0,0,0,0
479,479,*NOUSE*,*NOUSE*,0,0,0,0,0,0,0,0
480,480,*NOUSE*,*NOUSE*,0,0,0,0,0,0,0,0
481,481,*NOUSE*,*NOUSE*,0,0,0,0,0,0,0,0
482,482,*NOUSE*,*NOUSE*,0,0,0,0,0,0,0,0
483,483,*NOUSE*,*NOUSE*,0,0,0,0,0,0,0,0
484,484,AVER,,75,1281,80,165.00,72.38,36.58,2916,211061
485,485,INVR1,,75,1044,92,77.00,24.52, 9.63,8004,196255
486,486,*NOUSE*,*NOUSE*,0,0,0,0,0,0,0,0
487,487,*NOUSE*,*NOUSE*,0,0,0,0,0,0,0,0
488,488,*NOUSE*,*NOUSE*,0,0,0,0,0,0,0,0
489,489,*NOUSE*,*NOUSE*,0,0,0,0,0,0,0,0
490,490,*NOUSE*,*NOUSE*,0,0,0,0,0,0,0,0
491,491,*NOUSE*,*NOUSE*,0,0,0,0,0,0,0,0
492,492,*NOUSE*,*NOUSE*,0,0,0,0,0,0,0,0
493,493,*NOUSE*,*NOUSE*,0,0,0,0,0,0,0,0
494,494,*NOUSE*,*NOUSE*,0,0,0,0,0,0,0,0
495,495,RIMR,,75,1217,80,162.00,63.43,29.99,3595,228030
496,496,*NOUSE*,*NOUSE*,0,0,0,0,0,0,0,0
497,497,*NOUSE*,*NOUSE*,0,0,0,0,0,0,0,0
498,498,*NOUSE*,*NOUSE*,0,0,0,0,0,0,0,0
499,499,*NOUSE*,*NOUSE*,0,0,0,0,0,0,0,0
500,500,*NOUSE*,*NOUSE*,0,0,0,0,0,0,0,0
501,501,*NOUSE*,*NOUSE*,0,0,0,0,0,0,0,0
502,502,*NOUSE*,*NOUSE*,0,0,0,0,0,0,0,0
503,503,*NOUSE*,*NOUSE*,0,0,0,0,0,0,0,0
504,504,*NOUSE*,*NOUSE*,0,0,0,0,0,0,0,0
505,505,QR,,80,598,73,76.00,28.37,14.00,6030,171057
506,506,*NOUSE*,*NOUSE*,0,0,0,0,0,0,0,0
507,507,*NOUSE*,*NOUSE*,0,0,0,0,0,0,0,0
508,508,*NOUSE*,*NOUSE*,0,0,0,0,0,0,0,0
509,509,*NOUSE*,*NOUSE*,0,0,0,0,0,0,0,0
510,510,VR4,,74,1381,102,134.00,53.35,26.29,2768,147664
511,511,*NOUSE*,*NOUSE*,0,0,0,0,0,0,0,0
512,512,*NOUSE*,*NOUSE*,0,0,0,0,0,0,0,0
513,513,*NOUSE*,*NOUSE*,0,0,0,0,0,0,0,0
514,514,*NOUSE*,*NOUSE*,0,0,0,0,0,0,0,0
515,515,*NOUSE*,*NOUSE*,0,0,0,0,0,0,0,0
516,516,*NOUSE*,*NOUSE*,0,0,0,0,0,0,0,0
517,517,*NOUSE*,*NOUSE*,0,0,0,0,0,0,0,0
518,518,*NOUSE*,*NOUSE*,0,0,0,0,0,0,0,0
519,519,*NOUSE*,*NOUSE*,0,0,0,0,0,0,0,0
520,520,*NOUSE*,*NOUSE*,0,0,0,0,0,0,0,0
521,521,*NOUSE*,*NOUSE*,0,0,0,0,0,0,0,0
522,522,*NOUSE*,*NOUSE*,0,0,0,0,0,0,0,0
523,523,*NOUSE*,*NOUSE*,0,0,0,0,0,0,0,0
524,524,*NOUSE*,*NOUSE*,0,0,0,0,0,0,0,0
525,525,*NOUSE*,*NOUSE*,0,0,0,0,0,0,0,0
526,526,*NOUSE*,*NOUSE*,0,0,0,0,0,0,0,0
527,527,*NOUSE*,*NOUSE*,0,0,0,0,0,0,0,0
528,528,CCRA,,80,980,86,136.00,39.43,27.61,3770,148644
529,529,*NOUSE*,*NOUSE*,0,0,0,0,0,0,0,0
530,530,OLQSOVR,,79,1438,93,179.00,62.09,37.21,3777,234502
531,531,*NOUSE*,*NOUSE*,0,0,0,0,0,0,0,0
532,532,*NOUSE*,*NOUSE*,0,0,0,0,0,0,0,0
533,533,DR10,,80,1093,41,106.00,34.66,19.77,4035,139866
534,534,*NOUSE*,*NOUSE*,0,0,0,0,0,0,0,0
535,535,*NOUSE*,*NOUSE*,0,0,0,0,0,0,0,0
536,536,*NOUSE*,*NOUSE*,0,0,0,0,0,0,0,0
537,537,*NOUSE*,*NOUSE*,0,0,0,0,0,0,0,0
538,538,*NOUSE*,*NOUSE*,0,0,0,0,0,0,0,0
539,539,*NOUSE*,*NOUSE*,0,0,0,0,0,0,0,0
540,540,ARCPDR,,78,1456,65,179.00,50.36,31.40,4195,211279
541,541,IL1R,,80,1373,86,193.00,69.62,39.59,2416,168191
542,542,*NOUSE*,*NOUSE*,0,0,0,0,0,0,0,0
543,543,*NOUSE*,*NOUSE*,0,0,0,0,0,0,0,0
544,544,*NOUSE*,*NOUSE*,0,0,0,0,0,0,0,0
545,545,*NOUSE*,*NOUSE*,0,0,0,0,0,0,0,0
546,546,*NOUSE*,*NOUSE*,0,0,0,0,0,0,0,0
547,547,*NOUSE*,*NOUSE*,0,0,0,0,0,0,0,0
548,548,DR6,,81,1320,57,122.00,41.22,22.55,4989,205659
549,549,*NOUSE*,*NOUSE*,0,0,0,0,0,0,0,0
550,550,HYP1R,,80,1436,65,165.00,51.40,32.91,4138,212691
551,551,*NOUSE*,*NOUSE*,0,0,0,0,0,0,0,0
552,552,V5R,,79,547,72,81.00,27.16,13.14,5175,140553
553,553,V6R,,79,471,75,95.00,26.82,14.10,6029,161682
554,554,ADESHR,,82,1115,77,161.00,41.91,29.61,4304,180370
555,555,*NOUSE*,*NOUSE*,0,0,0,0,0,0,0,0
556,556,URYVR,,78,1360,89,206.00,86.29,44.98,1905,164375
557,557,*NOUSE*,*NOUSE*,0,0,0,0,0,0,0,0
558,558,*NOUSE*,*NOUSE*,0,0,0,0,0,0,0,0
559,559,CANR,,81,773,59,102.00,32.37,19.23,4433,143503
560,560,*NOUSE*,*NOUSE*,0,0,0,0,0,0,0,0
561,561,*NOUSE*,*NOUSE*,0,0,0,0,0,0,0,0
562,562,*NOUSE*,*NOUSE*,0,0,0,0,0,0,0,0
563,563,ILSHR,,80,1421,91,190.00,61.12,39.40,3421,209082
564,564,ADER,,83,1170,92,189.00,53.12,34.94,5259,279332
565,565,*NOUSE*,*NOUSE*,0,0,0,0,0,0,0,0
566,566,*NOUSE*,*NOUSE*,0,0,0,0,0,0,0,0
567,567,*NOUSE*,*NOUSE*,0,0,0,0,0,0,0,0
568,568,*NOUSE*,*NOUSE*,0,0,0,0,0,0,0,0
569,569,AMSOR,,83,1469,70,138.00,44.16,26.84,4546,200751
570,570,*NOUSE*,*NOUSE*,0,0,0,0,0,0,0,0
571,571,V3R,,82,811,73,68.00,23.35, 9.94,5114,119422
572,572,*NOUSE*,*NOUSE*,0,0,0,0,0,0,0,0
573,573,*NOUSE*,*NOUSE*,0,0,0,0,0,0,0,0
574,574,*NOUSE*,*NOUSE*,0,0,0,0,0,0,0,0
575,575,*NOUSE*,*NOUSE*,0,0,0,0,0,0,0,0
576,576,P3/4R,,83,869,82,80.00,27.92,13.16,4224,117931
577,577,RMDVR,,84,1317,81,151.00,49.38,32.57,3937,194413
578,578,OLQSHVR,,84,1397,87,195.00,64.39,41.08,3057,196832
579,579,ASJR,,84,1228,89,121.00,50.10,21.55,3933,197040
580,580,*NOUSE*,*NOUSE*,0,0,0,0,0,0,0,0
581,581,HYP5R,,83,1533,75,107.00,35.86,19.77,4793,171893
582,582,*NOUSE*,*NOUSE*,0,0,0,0,0,0,0,0
583,583,*NOUSE*,*NOUSE*,0,0,0,0,0,0,0,0
584,584,AUAR,,84,1246,91,173.00,64.49,38.48,3448,222360
585,585,AWCR,,84,1266,85,155.00,53.09,28.88,3731,198090
586,586,ADAR,,85,1149,93,161.00,43.87,31.17,4809,210991
587,587,*NOUSE*,*NOUSE*,0,0,0,0,0,0,0,0
588,588,*NOUSE*,*NOUSE*,0,0,0,0,0,0,0,0
589,589,*NOUSE*,*NOUSE*,0,0,0,0,0,0,0,0
590,590,*NOUSE*,*NOUSE*,0,0,0,0,0,0,0,0
591,591,BDUR,,86,1047,72,144.00,37.80,27.13,3676,138943
592,592,ARCADR,,84,1484,76,126.00,41.31,25.57,4554,188113
593,593,AVAR,,83,1294,81,159.00,61.62,36.11,3418,210634
594,594,RMGR,,86,1132,85,141.00,43.03,27.82,4815,207172
595,595,*NOUSE*,*NOUSE*,0,0,0,0,0,0,0,0
596,596,*NOUSE*,*NOUSE*,0,0,0,0,0,0,0,0
597,597,*NOUSE*,*NOUSE*,0,0,0,0,0,0,0,0
598,598,*NOUSE*,*NOUSE*,0,0,0,0,0,0,0,0
599,599,V2R,,86,907,76,79.00,23.00,10.32,5399,124159
600,600,*NOUSE*,*NOUSE*,0,0,0,0,0,0,0,0
601,601,*NOUSE*,*NOUSE*,0,0,0,0,0,0,0,0
602,602,P1/2R,,86,957,79,82.00,27.32,13.33,4806,131301
603,603,*NOUSE*,*NOUSE*,0,0,0,0,0,0,0,0
604,604,V1R,,87,1019,66,78.00,26.07,11.88,4621,120477
605,605,*NOUSE*,*NOUSE*,0,0,0,0,0,0,0,0
606,606,*NOUSE*,*NOUSE*,0,0,0,0,0,0,0,0
607,607,*NOUSE*,*NOUSE*,0,0,0,0,0,0,0,0
608,608,*NOUSE*,*NOUSE*,0,0,0,0,0,0,0,0
609,609,*NOUSE*,*NOUSE*,0,0,0,0,0,0,0,0
610,610,*NOUSE*,*NOUSE*,0,0,0,0,0,0,0,0
611,611,*NOUSE*,*NOUSE*,0,0,0,0,0,0,0,0
612,612,*NOUSE*,*NOUSE*,0,0,0,0,0,0,0,0
613,613,*NOUSE*,*NOUSE*,0,0,0,0,0,0,0,0
614,614,*NOUSE*,*NOUSE*,0,0,0,0,0,0,0,0
615,615,*NOUSE*,*NOUSE*,0,0,0,0,0,0,0,0
616,616,*NOUSE*,*NOUSE*,0,0,0,0,0,0,0,0
617,617,*NOUSE*,*NOUSE*,0,0,0,0,0,0,0,0
618,618,*NOUSE*,*NOUSE*,0,0,0,0,0,0,0,0
619,619,*NOUSE*,*NOUSE*,0,0,0,0,0,0,0,0
620,620,*NOUSE*,*NOUSE*,0,0,0,0,0,0,0,0
621,621,*NOUSE*,*NOUSE*,0,0,0,0,0,0,0,0
622,622,*NOUSE*,*NOUSE*,0,0,0,0,0,0,0,0
623,623,*NOUSE*,*NOUSE*,0,0,0,0,0,0,0,0
624,624,*NOUSE*,*NOUSE*,0,0,0,0,0,0,0,0
625,625,*NOUSE*,*NOUSE*,0,0,0,0,0,0,0,0
626,626,*NOUSE*,*NOUSE*,0,0,0,0,0,0,0,0
627,627,*NOUSE*,*NOUSE*,0,0,0,0,0,0,0,0
628,628,*NOUSE*,*NOUSE*,0,0,0,0,0,0,0,0
629,629,DA7,*MANUAL*,60,454,91,158.00,77.07,34.75,1365,105207
630,630,DD3,*MANUAL*,59,826,95,147.00,72.07,28.17,1365,98375
631,631,*NOUSE*,*NOUSE*,0,0,0,0,0,0,0,0
632,632,DD2,*MANUAL*,60,967,95,149.00,84.03,26.88,1365,114696
633,633,*NOUSE*,*NOUSE*,0,0,0,0,0,0,0,0
634,634,INDR1,*MANUAL*$633$537,79,1039,51,65.00,24.14, 8.96,4937,119182
635,635,INDL1,*MANUAL*,50,1050,49,78.00,36.28,11.55,2049,74346
636,636,IND2,*MANUAL*$389$407,69,986,42,58.00,19.34, 7.11,5460,105596
637,637,*NOUSE*,*NOUSE*,0,0,0,0,0,0,0,0
638,638,*NOUSE*,*NOUSE*,0,0,0,0,0,0,0,0
639,639,INV4,*MANUAL*,54,832,82,51.00,17.29, 7.75,2103,36365
640,640,*NOUSE*,*NOUSE*,0,0,0,0,0,0,0,0
641,641,*NOUSE*,*NOUSE*,0,0,0,0,0,0,0,0
642,642,INV6,*MANUAL*$641$515,69,684,70,58.00,19.95, 7.06,5768,115059
643,643,DB7,*MANUAL*,60,477,92,145.00,56.95,35.48,2093,119195
644,644,INV8,*MANUAL*,61,482,79,55.00,29.53, 8.48,2103,62104
645,645,*NOUSE*,*NOUSE*,0,0,0,0,0,0,0,0
646,646,*NOUSE*,*NOUSE*,0,0,0,0,0,0,0,0
647,647,*NOUSE*,*NOUSE*,0,0,0,0,0,0,0,0
648,648,ALMR,*MANUAL*,81,859,47,114.00,56.16,19.48,1341,75306
649,649,*NOUSE*,*NOUSE*,0,0,0,0,0,0,0,0
650,650,HYP7LC4,*MANUAL*,42,639,50,72.00,16.45, 9.73,2103,34601
651,651,HYP7LC5,*MANUAL*$162$160$161,49,510,51,86.00,25.32,11.51,4887,123727
652,652,HYP7LC6,*MANUAL*,51,327,42,122.00,33.75,20.83,1943,65571
653,653,V1L,*MANUAL*$32$59,41,996,58,102.00,31.21,17.54,4938,154130
654,654,V4L,*MANUAL*$84$67,43,677,71,113.00,26.97,13.20,5480,147795
655,655,P7/8L,*MANUAL*$71$85,43,631,78,120.00,30.07,17.46,4933,148324
656,656,*NOUSE*,*NOUSE*,0,0,0,0,0,0,0,0
657,657,V6L,*MANUAL*$139$125,47,455,67,93.00,28.62,15.97,5584,159832
658,658,PVPL,*MANUAL*,52,381,77,197.00,78.52,43.40,1365,107185
659,659,HYP7RC1,*MANUAL*$617$614$627$622,87,953,55,47.00,19.17, 6.60,4076,78149
660,660,HYP7RC2,*MANUAL*,86,849,55,61.00,19.20, 9.25,2103,40380
661,661,HYP7RC3,*MANUAL*$587$603,83,740,53,64.00,21.76, 9.22,4885,106291
662,662,HYP7RC4,*MANUAL*$566$597$558$573,81,640,54,62.00,21.89, 8.59,5261,115165
663,663,HYP7RC5,*MANUAL*$590$567$568,80,521,59,73.00,23.93,10.12,3969,94963
664,664,DR21,*MANUAL*,74,329,48,162.00,59.78,30.00,1365,81605
665,665,Z1,*MANUAL*,74,776,81,89.00,46.95,12.34,1302,61133
666,666,P5/6R,*MANUAL*,84,780,77,85.00,36.68,15.87,2103,77147
667,667,*NOUSE*,*NOUSE*,0,0,0,0,0,0,0,0
668,668,P7/8R,*MANUAL*$555$562,80,635,82,96.00,30.25,15.21,4531,137070
669,669,P9/10R,*MANUAL*$508$507,77,515,83,87.00,28.83,14.24,5274,152071
670,670,P11/12R,*MANUAL*,77,371,79,131.00,53.33,22.17,1762,93961
671,671,M,*MANUAL*,77,597,59,60.00,20.17, 9.56,2969,59886
672,672,CCRP,*MANUAL*,75,968,92,146.00,57.48,32.97,1365,78460
673,673,VL7,*MANUAL*,45,1209,103,187.00,83.31,35.20,1147,95562
674,674,VL18,*MANUAL*$176$194,53,427,82,148.00,38.76,26.82,4417,171219
675,675,VL17,*MANUAL*$177$193,53,544,83,126.00,35.89,22.30,4721,169459
676,676,*NOUSE*,*NOUSE*,0,0,0,0,0,0,0,0
677,677,VL15,*MANUAL*$179$178,52,755,88,145.00,39.46,24.49,4324,170637
678,678,VL14,*MANUAL*,47,815,86,105.00,42.03,21.81,1365,57372
679,679,VL12,*MANUAL*,46,923,88,109.00,42.83,24.06,2103,90065
680,680,VL11,*MANUAL*,52,980,94,129.00,48.51,29.70,2103,102010
681,681,VL10,*MANUAL*$64$75,42,1067,92,116.00,38.76,24.93,6055,234664
682,682,VL9,*MANUAL*$100$109,45,1100,92,146.00,47.55,30.12,4353,206974
683,683,EXC GL L,*MANUAL*,42,1135,92,146.00,65.17,20.12,1359,88571
684,684,VR18,*MANUAL*$402$419,71,560,87,105.00,31.73,17.38,5698,180789
685,685,VR16,*MANUAL*$436$421,72,694,91,105.00,30.68,17.39,5769,176998
686,686,VR12,*MANUAL*$498$520,77,940,92,98.00,31.28,18.18,5552,173672
687,687,VR11,*MANUAL*$454$455,73,1003,98,124.00,35.79,22.77,4847,173466
688,688,VR10,*MANUAL*$486$423,72,1070,105,185.00,40.91,27.36,5897,241218
689,689,VR8,*MANUAL*,73,1152,108,126.00,61.82,30.16,1365,84381
690,690,VR7,*MANUAL*$379$388,67,1218,108,154.00,56.93,25.97,3694,210313
691,691,DL8,*MANUAL*$247$214,55,1149,31,124.00,38.55,24.06,4004,154360
692,692,DL10,*MANUAL*$187$216,53,1048,34,99.00,33.21,17.94,3890,129168
693,693,*NOUSE*,*NOUSE*,0,0,0,0,0,0,0,0
694,694,DL12,*MANUAL*,55,942,34,105.00,48.25,20.50,1364,65819
695,695,*NOUSE*,*NOUSE*,0,0,0,0,0,0,0,0
696,696,DL13,*MANUAL*$282$248,57,891,33,101.00,34.05,19.45,3086,105065
697,697,DL14,*MANUAL*$186$184,53,822,34,108.00,32.39,17.26,3818,123653
698,698,DL15,*MANUAL*,56,778,32,114.00,44.93,19.09,1365,61326
699,699,DL18,*MANUAL*,55,546,43,122.00,55.11,21.75,1365,75226
700,700,DL20,*MANUAL*$251$252$267,57,439,45,117.00,37.12,21.57,4395,163142
701,701,DR7,*MANUAL*$489$468,74,1186,40,147.00,51.80,28.29,3377,174941
702,702,DR8,*MANUAL*$545$546,80,1155,40,90.00,33.38,17.02,4704,157034
703,703,DR9,*MANUAL*$465$512,75,1113,34,141.00,40.83,24.56,4069,166134
704,704,DR12,*MANUAL*$521$544,78,969,35,81.00,29.16,14.29,3699,107856
705,705,DR13,*MANUAL*,77,923,34,107.00,36.61,21.11,1365,49969
706,706,DR15,*MANUAL*$406$426,70,822,32,109.00,33.43,19.20,3796,126891
707,707,DR16,*MANUAL*$467$522,75,728,38,118.00,32.42,18.77,3963,128478
708,708,DR20,*MANUAL*$469$470,73,446,47,130.00,36.82,22.30,4596,169213
709,709,TR,*MANUAL*,68,249,62,102.00,44.14,16.17,2103,92834
710,710,PLMR,*MANUAL*,68,264,74,181.00,75.67,42.29,1365,103294
711,711,PHSHR,*MANUAL*,68,279,63,200.00,94.37,35.32,1365,128819
712,712,PHBR,*MANUAL*,73,322,63,162.00,96.07,21.19,1365,131137
713,713,K',*MANUAL*,73,344,55,166.00,87.11,25.27,1365,118902
714,714,VIRR,*MANUAL*,72,371,57,154.00,76.49,25.75,1212,92707
715,715,PVR,*MANUAL*,69,227,59,173.00,68.15,35.70,1364,92952
716,716,*NOUSE*,*NOUSE*,0,0,0,0,0,0,0,0
717,717,PLML,*MANUAL*,56,256,69,195.00,88.52,30.94,1365,120828
718,718,PHSHL,*MANUAL*,56,271,60,221.00,102.82,42.62,1365,140347
719,719,PVCL,*MANUAL*,54,293,61,209.00,117.05,32.92,1069,125126
720,720,LUAL,*MANUAL*,52,302,51,218.00,112.13,40.67,1365,153052
721,721,PHBL,*MANUAL*,51,317,54,165.00,99.15,25.03,1220,120963
722,722,PHAL,*MANUAL*,51,319,65,183.00,94.50,41.63,1365,128991
723,723,K,*MANUAL*,57,333,48,151.00,79.62,23.04,1365,108684
724,724,VIRL,*MANUAL*,57,370,50,173.00,78.22,33.95,1365,106769
725,725,YPDA,*MANUAL*$289$303,59,340,83,144.00,48.19,29.50,3623,174575
726,726,U,*MANUAL*,60,349,72,154.00,81.54,32.00,1365,111297
727,727,DD6,*MANUAL*,60,369,74,203.00,120.10,36.44,727,87310
728,728,DVA,*MANUAL*,61,315,55,163.00,102.38,23.35,1365,139752
729,729,DVC,*MANUAL*,62,292,62,183.00,107.25,27.35,1365,146403
730,730,DA8,*MANUAL*,55,361,78,186.00,100.06,34.29,1364,136488
731,731,PVPR,*MANUAL*,68,371,79,220.00,117.53,32.58,1365,160427
732,732,PVT,*MANUAL*,65,391,86,147.00,70.28,36.17,1365,95939
733,733,P11/12L,*MANUAL*,47,357,68,123.00,49.99,20.01,1365,68232
734,734,*NOUSE*,*NOUSE*,0,0,0,0,0,0,0,0
735,735,IMR,*MANUAL*,75,407,83,126.00,55.30,23.04,1349,74601
736,736,HYP72,*MANUAL*$352$351$335,63,222,76,148.00,37.08,27.12,4617,171184
737,737,HYP7RC6,*MANUAL*,79,379,62,101.00,25.25,10.70,2103,53105
738,738,DL21,*MANUAL*$330$346,65,266,50,161.00,46.03,32.55,4432,204009
739,739,VR20,*MANUAL*,65,283,79,140.00,78.98,24.40,1171,92484
740,740,VL19,*MANUAL*,58,284,73,169.00,89.15,25.56,1365,121695
741,741,VPI3V,*MANUAL*,64,1100,77,164.00,73.83,36.51,1231,90886
742,742,VPI3D,*MANUAL*,61,1101,45,161.00,80.98,32.79,1325,107303
743,743,VPI2V,*MANUAL*,61,1107,84,222.00,108.80,37.63,1287,140026
744,744,VPI2DR,*MANUAL*,76,1109,62,142.00,71.53,25.40,1365,97636
745,745,VPI2DL,*MANUAL*,49,1110,56,199.00,89.48,36.34,1365,122142
746,746,VPI1,*MANUAL*,65,1111,45,123.00,70.47,21.45,1365,96193
747,747,PM8,*MANUAL*,59,1116,78,170.00,86.61,28.51,1338,115881
748,748,G1P,*MANUAL*,73,1125,57,101.00,57.02,14.08,1365,77837
749,749,G2R,*MANUAL*,63,1124,86,186.00,94.93,38.19,1365,129576
750,750,G2L,*MANUAL*,49,1123,80,211.00,88.74,35.20,1365,121133
751,751,MC3V,*MANUAL*,55,1136,93,139.00,69.43,26.77,1341,93109
752,752,PM7VR,*MANUAL*,73,1136,84,107.00,65.15,14.36,1365,88930
753,753,PM7VL,*MANUAL*,45,1140,76,152.00,89.31,23.08,1278,114143
754,754,PM7D,*MANUAL*,63,1145,42,166.00,70.28,22.82,1365,95937
755,755,MC3DR,*MANUAL*,77,1140,64,117.00,71.52,22.07,895,64014
756,756,MC3DL,*MANUAL*,47,1140,58,160.00,88.66,23.09,895,79347
757,757,M5,*MANUAL*,51,1140,47,188.00,120.72,28.94,895,108043
758,758,M1,*MANUAL*,74,1164,54,154.00,80.12,28.20,1365,109359
759,759,*NOUSE*,*NOUSE*,0,0,0,0,0,0,0,0
760,760,I6,*MANUAL*,51,1166,48,200.00,100.18,40.21,1365,136747
761,761,I5,*MANUAL*,57,1171,96,182.00,99.97,33.59,1365,136459
762,762,PM5VR,*MANUAL*,64,1187,89,166.00,104.65,21.80,699,73149
763,763,PM5VL,*MANUAL*,56,1187,88,212.00,127.69,22.96,851,108667
764,764,PM5L,*MANUAL*,50,1193,69,197.00,117.44,30.43,760,89251
765,765,PM5DR,*MANUAL*,68,1195,57,157.00,93.01,22.31,1183,110031
766,766,PM5DL,*MANUAL*,58,1194,55,177.00,103.00,24.98,895,92184
767,767,MC2V,*MANUAL*,60,1217,78,145.00,70.65,27.88,892,63024
768,768,I3,*MANUAL*,61,1385,57,230.00,123.20,38.15,1365,168170
769,769,NSMR,*MANUAL*,71,1386,86,190.00,112.65,33.55,895,100824
770,770,*NOUSE*,*NOUSE*,0,0,0,0,0,0,0,0
771,771,PM4DR,*MANUAL*,70,1399,57,191.00,101.95,31.50,757,77176
772,772,MI,*MANUAL*,63,1402,55,227.00,147.44,28.99,799,117808
773,773,PM4DL,*MANUAL*,55,1399,56,220.00,140.60,30.23,895,125841
774,774,*NOUSE*,*NOUSE*,0,0,0,0,0,0,0,0
775,775,PM4R,*MANUAL*,77,1398,74,165.00,93.14,21.84,895,83357
776,776,PM4L,*MANUAL*,46,1401,71,206.00,123.13,32.37,877,107986
777,777,MCR,*MANUAL*,70,1406,83,220.00,128.67,30.80,889,114385
778,778,MCL,*MANUAL*,53,1407,79,235.00,127.19,45.28,751,95522
779,779,I2R,*MANUAL*,77,1412,89,198.00,109.32,36.51,895,97845
780,780,I2L,*MANUAL*,47,1410,83,246.00,163.02,53.46,895,145900
781,781,PM4VR,*MANUAL*,67,1399,95,158.00,77.08,24.91,1365,105221
782,782,MC1V,*MANUAL*,58,1414,94,141.00,74.35,18.95,895,66542
783,783,PM1DL,*MANUAL*,59,1422,59,248.00,151.10,49.07,605,91418
784,784,PM1DR,*MANUAL*,67,1422,59,252.00,142.85,52.31,743,106135
785,785,MC1DL,*MANUAL*,54,1425,64,225.00,118.39,36.36,856,101342
786,786,MC1DR,*MANUAL*,73,1419,64,220.00,106.72,23.78,895,95513
787,787,PM1R,*MANUAL*,75,1423,75,203.00,117.28,39.05,895,104963
788,788,PM1L,*MANUAL*,49,1426,76,233.00,130.94,46.13,895,117187
789,789,PM1VL,*MANUAL*,53,1425,90,217.00,130.92,40.02,895,117177
790,790,*NOUSE*,*NOUSE*,0,0,0,0,0,0,0,0
791,791,E3D,*MANUAL*,62,1452,57,141.00,64.39,27.21,1365,87891
792,792,PM3L,*MANUAL*,50,1460,76,153.00,78.69,29.32,1229,96709
793,793,I1L,*MANUAL*,50,1445,83,199.00,97.39,44.67,1365,132934
794,794,PM3R,*MANUAL*,74,1462,79,140.00,59.35,19.87,1311,77813
795,795,E3VR,*MANUAL*,73,1465,89,141.00,58.25,26.21,1124,65470
796,796,PM3DR,*MANUAL*,65,1470,63,97.00,45.59,18.56,1365,62230
797,797,PM3DL,*MANUAL*,58,1493,63,122.00,49.71,22.61,1291,64180
798,798,E1D,*MANUAL*,64,1498,57,170.00,83.93,32.58,1345,112891
799,799,E3VL,*MANUAL*,51,1478,83,172.00,73.60,37.69,1219,89722
800,800,E1VR,*MANUAL*,72,1477,84,121.00,62.98,24.99,1365,85961
801,801,PM3VL,*MANUAL*,54,1497,85,179.00,61.26,21.08,1323,81044
802,802,PM3VR,*MANUAL*,71,1495,86,190.00,75.57,35.15,1314,99304
803,803,PM2D2,*MANUAL*,64,1526,57,172.00,73.95,36.75,1365,100936
804,804,PM2D1,*MANUAL*,64,1544,57,181.00,73.56,37.86,1365,100412
805,805,E2VR,*MANUAL*$450$483,73,1567,82,152.00,34.76,24.00,5205,180931
806,806,PM2VL2,*MANUAL*,52,1530,79,176.00,67.36,43.60,1365,91947
807,807,PM2VL1,*MANUAL*,53,1546,79,197.00,84.19,46.66,1365,114923
808,808,AVDR,*MANUAL*,84,1203,77,175.00,97.88,29.60,1349,132041
809,809,RICR,*MANUAL*,84,1208,92,175.00,101.57,25.19,1238,125745
810,810,ASER,*MANUAL*,85,1226,70,103.00,56.23,16.15,2103,118259
811,811,ASHR,*MANUAL*,85,1249,73,122.00,68.41,19.45,1321,90366
812,812,SIBDR,*MANUAL*,83,1282,93,198.00,94.85,43.88,1355,128519
813,813,AFDR,*MANUAL*,84,1274,69,163.00,87.56,24.30,1363,119342
814,814,SMDVR,*MANUAL*,83,1300,66,205.00,93.07,38.85,1312,122112
815,815,RMGL,*MANUAL*,35,1140,72,167.00,94.91,26.74,1365,129557
816,816,AVJL,*MANUAL*,37,1194,55,187.00,76.81,46.58,1365,104848
817,817,FLPL,*MANUAL*,36,1184,76,196.00,103.68,34.79,1365,141521
818,818,AVDL,*MANUAL*,36,1205,65,213.00,88.78,46.22,1365,121191
819,819,RICL,*MANUAL*,36,1201,81,185.00,84.25,45.46,1365,115002
820,820,ASEL,*MANUAL*,38,1225,61,199.00,73.79,30.60,2076,153198
821,821,ASJL,*MANUAL*,37,1223,75,163.00,86.84,23.27,1365,118535
822,822,ASHL,*MANUAL*,37,1250,64,160.00,87.12,26.16,1365,118918
823,823,AUAL,*MANUAL*,37,1244,77,177.00,105.92,32.35,1353,143314
824,824,AFDL,*MANUAL*,38,1277,65,166.00,79.56,37.42,1365,108601
825,825,AVAL,*MANUAL*,38,1302,67,223.00,93.27,47.81,1353,126191
826,826,AIZL,*MANUAL*,42,1193,69,204.00,138.27,26.70,895,123753
827,827,RIML,*MANUAL*,46,1216,68,189.00,106.28,30.13,1365,145070
828,828,RIBL,*MANUAL*,46,1235,68,192.00,95.69,38.06,1365,130613
829,829,AVBR,*MANUAL*,77,1206,67,172.00,95.66,27.65,1347,128858
830,830,AIBR,*MANUAL*,76,1262,79,189.00,102.39,27.80,1365,139768
831,831,GLRR,*MANUAL*,72,1294,86,216.00,126.41,38.96,1211,153080
832,832,AVHR,*MANUAL*,84,1211,58,183.00,89.86,27.35,1365,122658
833,833,ASGR,*MANUAL*,81,1227,56,168.00,80.76,29.61,1365,110235
834,834,AWBR,*MANUAL*,85,1248,58,142.00,82.78,29.50,895,74085
835,835,ADFR,*MANUAL*,78,1263,62,147.00,79.70,19.81,1365,108797
836,836,AVHL,*MANUAL*,40,1211,48,212.00,97.50,50.92,1283,125096
837,837,ASGL,*MANUAL*,45,1227,49,187.00,100.60,36.17,1365,137321
838,838,AWBL,*MANUAL*,40,1247,51,181.00,110.43,36.35,847,93537
839,839,ADFL,*MANUAL*,44,1262,58,194.00,96.00,32.88,1365,131039
840,840,RIVL,*MANUAL*,46,1191,49,218.00,133.24,38.60,895,119253
841,841,*NOUSE*,*NOUSE*,0,0,0,0,0,0,0,0
842,842,ADLL,*MANUAL*,55,1234,41,139.00,81.95,22.45,1365,111861
843,843,ASKL,*MANUAL*,54,1263,42,178.00,88.30,30.79,1365,120535
844,844,URXL,*MANUAL*,56,1285,46,163.00,102.99,24.36,1365,140576
845,845,RID,*MANUAL*,61,1320,45,181.00,94.54,31.56,1312,124039
846,846,CEPDR,*MANUAL*,76,1303,50,215.00,98.32,43.66,1365,134203
847,847,ADLR,*MANUAL*$429$473,72,1238,46,118.00,47.35,22.65,4495,212858
848,848,RIVR,*MANUAL*,77,1195,52,173.00,99.95,26.13,1227,122639
849,849,RIAR,*MANUAL*,77,1283,62,151.00,84.61,24.29,1365,115490
850,850,RMDR,*MANUAL*,81,1298,95,189.00,89.31,38.88,1365,121914
851,851,SAAVR,*MANUAL*,75,1296,69,208.00,104.90,39.85,1365,143193
852,852,SMDVL,*MANUAL*,43,1290,57,194.00,104.81,42.94,1340,140441
853,853,SAAVL,*MANUAL*,48,1300,61,233.00,139.26,37.23,1351,188145
854,854,RIAL,*MANUAL*,48,1279,56,194.00,124.65,29.04,895,111566
855,855,AWAL,*MANUAL*,47,1244,57,179.00,110.55,29.58,895,98940
856,856,AVBL,*MANUAL*,46,1205,56,213.00,107.95,33.02,1365,147358
857,857,AWAR,*MANUAL*,77,1244,66,144.00,91.80,18.79,1365,125311
858,858,GLRDR,*MANUAL*,70,1304,61,219.00,122.14,35.24,895,109317
859,859,GLRDL,*MANUAL*,56,1306,55,246.00,145.86,40.20,895,130542
860,860,EXC,*MANUAL*,63,1224,93,94.00,45.43,11.90,2103,95532
861,861,*NOUSE*,*NOUSE*,0,0,0,0,0,0,0,0
862,862,SMBDR,*MANUAL*,68,1253,106,189.00,98.03,42.47,1365,133816
863,863,EXC DUCT,*MANUAL*,52,1235,85,152.00,93.18,26.91,1365,127188
864,864,VR9,*MANUAL*,68,1106,100,150.00,74.27,22.92,1365,101380
865,865,*NOUSE*,*NOUSE*,0,0,0,0,0,0,0,0
866,866,*NOUSE*,*NOUSE*,0,0,0,0,0,0,0,0
867,867,AVG,*MANUAL*,62,1149,109,180.00,98.29,28.44,895,87968
868,868,RIFR,*MANUAL*,66,1167,109,216.00,123.37,33.90,895,110420
869,869,RIGL,*MANUAL*,51,1157,106,199.00,107.39,34.91,1365,146582
870,870,SABVR,*MANUAL*,63,1187,107,229.00,134.85,40.98,1309,176514
871,871,AVKR,*MANUAL*,74,1179,105,173.00,93.17,34.65,1365,127176
872,872,SABVL,*MANUAL*,55,1194,105,244.00,124.57,51.99,1365,170042
873,873,W,*MANUAL*,53,1213,102,181.00,102.84,31.84,1365,140380
874,874,GLRVR,*MANUAL*,64,1297,91,230.00,131.89,44.72,1365,180034
875,875,SAADR,*MANUAL*,65,1282,96,226.00,154.57,31.02,691,106808
876,876,SIBVR,*MANUAL*,73,1279,96,221.00,153.67,32.95,895,137534
877,877,RIH,*MANUAL*,57,1279,95,224.00,144.03,28.83,855,123143
878,878,RIR,*MANUAL*,66,1270,89,216.00,114.76,35.24,1365,156654
879,879,SMBVL,*MANUAL*,51,1264,89,212.00,120.29,28.97,895,107662
880,880,SMBVR,*MANUAL*,62,1263,99,206.00,120.39,30.44,895,107752
881,881,AVL,*MANUAL*,68,1254,90,189.00,112.42,23.86,831,93422
882,882,AIAR,*MANUAL*,61,1248,89,222.00,143.13,23.19,822,117651
883,883,G2,*MANUAL*,55,1248,102,197.00,116.99,37.34,893,104474
884,884,SIADR,*MANUAL*,74,1245,99,213.00,136.06,30.39,859,116875
885,885,SMBDL,*MANUAL*,45,1255,98,200.00,126.79,30.19,895,113477
886,886,SIAVR,*MANUAL*,65,1241,98,194.00,108.42,40.78,1365,147996
887,887,H1R,*MANUAL*,87,1340,83,138.00,56.62,22.74,1259,71284
888,888,BAGR,*MANUAL*,82,1345,92,177.00,91.97,35.05,1288,118460
889,889,URBR,*MANUAL*,84,1364,79,183.00,95.50,38.67,1333,127304
890,890,IL2R,*MANUAL*,85,1382,80,153.00,82.82,25.43,1349,111728
891,891,OLLSHR,*MANUAL*,85,1406,77,198.00,109.09,33.46,895,97632
892,892,RMER,*MANUAL*,77,1336,83,191.00,117.33,29.39,895,105013
893,893,CEPSHVR,*MANUAL*,77,1327,98,192.00,73.72,37.58,1230,90679
894,894,CEPSHDR,*MANUAL*,80,1337,66,157.00,81.07,28.80,1365,110663
895,895,RMED,*MANUAL*,64,1343,55,225.00,148.63,31.51,785,116673
896,896,OLQDR,*MANUAL*,71,1346,59,198.00,126.66,29.41,867,109810
897,897,OLQDL,*MANUAL*,54,1346,53,230.00,163.36,29.72,895,146209
898,898,DR1,*MANUAL*$538$549,79,1509,63,137.00,36.98,20.92,5039,186366
899,899,DR2,*MANUAL*,78,1485,57,136.00,58.94,27.06,1345,79268
900,900,DR3,*MANUAL*$491$514,75,1448,52,120.00,47.21,23.06,4325,204182
901,901,DR5,*MANUAL*,74,1338,50,214.00,77.66,33.34,1365,106001
902,902,VR1,*MANUAL*,80,1500,87,152.00,51.69,28.47,2103,108698
903,903,VR2,*MANUAL*,76,1463,100,126.00,52.91,26.40,1339,70847
904,904,VR3,*MANUAL*$463$439,71,1422,105,151.00,47.49,25.22,4134,196335
905,905,VR5,*MANUAL*,68,1337,112,159.00,67.48,33.95,1335,90089
906,906,VR6,*MANUAL*,75,1319,108,121.00,58.63,22.97,1365,80029
907,907,URYDR,*MANUAL*,79,1352,62,200.00,106.33,37.72,1365,145147
908,908,OLLSOR,*MANUAL*,82,1366,62,217.00,128.72,41.95,1155,148672
909,909,OLQSHDR,*MANUAL*,85,1385,66,215.00,114.55,37.64,875,100235
910,910,ILSHDR,*MANUAL*,84,1410,65,179.00,85.51,31.48,1365,116723
911,911,OLQVR,*MANUAL*,73,1347,96,215.00,127.41,34.90,1365,173913
912,912,CEPSOVR,*MANUAL*,72,1365,100,208.00,102.45,44.64,1356,138918
913,913,RIPR,*MANUAL*,74,1350,78,185.00,97.36,37.78,1365,132897
914,914,M3R,*MANUAL*,69,1363,88,230.00,120.17,42.94,1365,164032
915,915,OLLR,*MANUAL*,76,1365,71,187.00,103.46,32.54,1365,141221
916,916,URADR,*MANUAL*,75,1365,58,225.00,154.11,34.01,760,117121
917,917,VL1,*MANUAL*,44,1502,84,219.00,75.36,29.02,1267,95485
918,918,VL2,*MANUAL*$110$122,45,1472,94,127.00,45.65,24.14,4186,191109
919,919,VL3,*MANUAL*$135$146,48,1439,100,136.00,45.95,26.52,4406,202434
920,920,PM4VL,*MANUAL*,49,1402,95,156.00,57.80,34.31,1365,78902
921,921,VL6,*MANUAL*,41,1316,96,149.00,51.23,29.82,1365,69925
922,922,DL1,*MANUAL*,48,1509,58,121.00,58.73,20.56,1361,79932
923,923,DL2,*MANUAL*,52,1486,50,225.00,82.81,43.24,1349,111704
924,924,DL3,*MANUAL*$202$235,53,1450,48,149.00,50.17,26.66,3776,189426
925,925,DL4,*MANUAL*,46,1398,45,171.00,74.96,39.48,1365,102324
926,926,DL6,*MANUAL*,45,1325,50,151.00,92.31,21.95,642,59260
927,927,DL5,*MANUAL*,52,1325,48,181.00,88.08,30.60,895,78828
928,928,IL1DR,*MANUAL*,68,1359,54,234.00,141.10,36.62,1328,187377
929,929,IL1DL,*MANUAL*,57,1359,54,243.00,161.93,33.72,895,144924
930,930,URADL,*MANUAL*,48,1371,54,251.00,183.83,36.27,687,126292
931,931,CEPSODR,*MANUAL*,80,1387,58,190.00,109.17,34.01,895,97703
932,932,BAGL,*MANUAL*,36,1342,82,188.00,90.44,39.22,895,80942
933,933,H1L,*MANUAL*,34,1355,71,138.00,70.85,20.86,1343,95158
934,934,URBL,*MANUAL*,37,1376,70,217.00,119.82,41.03,1339,160441
935,935,IL2L,*MANUAL*,37,1394,69,178.00,109.30,30.71,1365,149189
936,936,*NOUSE*,*NOUSE*,0,0,0,0,0,0,0,0
937,937,CEPSODL,*MANUAL*,40,1372,55,240.00,138.94,58.20,1243,172701
938,938,OLLSOL,*MANUAL*,40,1402,58,237.00,110.30,58.77,1363,150333
939,939,OLQSHDL,*MANUAL*,36,1413,63,227.00,116.55,43.47,889,103614
940,940,OLQSHVL,*MANUAL*,37,1412,82,208.00,118.94,43.08,883,105023
941,941,RMEL,*MANUAL*,43,1339,72,218.00,115.07,43.92,1365,157070
942,942,*NOUSE*,*NOUSE*,0,0,0,0,0,0,0,0
943,943,CEPSHDL,*MANUAL*,45,1340,59,204.00,122.89,37.85,895,109987
944,944,URYDL,*MANUAL*,45,1354,58,221.00,133.62,39.97,1365,182397
945,945,IL2DL,*MANUAL*,46,1387,56,209.00,115.22,38.29,1365,157276
946,946,OLQVL,*MANUAL*,45,1349,88,221.00,104.66,41.38,1365,142861
947,947,RIPL,*MANUAL*,46,1353,71,215.00,118.71,42.51,1365,162037
948,948,*NOUSE*,*NOUSE*,0,0,0,0,0,0,0,0
949,949,VL4,*MANUAL*,42,1388,94,151.00,65.48,34.26,1365,89385
950,950,CEPVR,*MANUAL*,61,1335,105,223.00,132.97,34.26,1195,158902
951,951,*NOUSE*,*NOUSE*,0,0,0,0,0,0,0,0
952,952,CEPVL,*MANUAL*,50,1338,98,192.00,105.90,39.87,1365,144555
953,953,IL1VL,*MANUAL*,53,1352,103,196.00,119.42,37.04,895,106878
954,954,IL2VR,*MANUAL*,57,1366,102,199.00,119.84,32.74,895,107256
955,955,IL1VR,*MANUAL*,64,1356,103,236.00,149.91,41.69,895,134171
956,956,URAVR,*MANUAL*,62,1377,103,213.00,104.40,45.64,895,93434
957,957,AMSOL,*MANUAL*,46,1454,61,205.00,97.08,43.68,1365,132518
958,958,*NOUSE*,*NOUSE*,0,0,0,0,0,0,0,0
959,959,ARCPVL,*MANUAL*,42,1477,79,181.00,98.54,31.89,1365,134502
960,960,ILSOL,*MANUAL*,42,1461,81,203.00,106.85,42.06,1365,145856
961,961,ILSHL,*MANUAL*,42,1434,86,209.00,102.71,37.19,1365,140194
962,962,ARCPVR,*MANUAL*,82,1468,87,179.00,89.57,38.70,1365,122259
963,963,ILSOR,*MANUAL*,82,1453,87,193.00,88.93,38.01,1365,121386
964,964,XXXR,*MANUAL*,81,1383,91,211.00,100.36,51.75,1365,136998
965,965,HYP32,*MANUAL*,64,1535,46,197.00,91.90,34.75,1365,125443
966,966,ARCPD,*MANUAL*,69,1522,47,164.00,81.86,35.23,1359,111250
967,967,ILSODL,*MANUAL*,62,1511,46,210.00,106.12,44.94,1277,135512
968,968,ILSODR,*MANUAL*,69,1502,47,207.00,104.93,41.61,1365,143224
969,969,OLQSODL,*MANUAL*,61,1491,47,241.00,135.16,46.64,895,120966
970,970,OLQSODR,*MANUAL*,70,1482,50,213.00,123.35,37.22,1230,151717
971,971,HYP6D1,*MANUAL*,63,1478,45,169.00,93.05,25.21,895,83284
972,972,HYP6D3,*MANUAL*$284$314,61,1417,43,187.00,60.27,33.66,4573,275634
973,973,HYP6D4,*MANUAL*,58,1395,40,165.00,86.51,38.93,1365,118088
974,974,HYP7D2,*MANUAL*$363$364$374$380,64,1266,35,117.00,41.13,17.94,5074,208670
975,975,ARCAV,*MANUAL*,61,1554,95,152.00,68.87,31.30,1365,94013
976,976,ARCPV,*MANUAL*,58,1526,98,162.00,88.14,30.50,1349,118900
977,977,HYP2V,*MANUAL*,64,1537,97,143.00,68.38,29.28,1365,93335
978,978,HYP1V,*MANUAL*,66,1511,99,201.00,83.44,44.77,861,71842
979,979,ILSOVL,*MANUAL*,59,1504,101,214.00,106.66,38.62,1365,145597
980,980,ILSOVR,*MANUAL*,64,1491,101,199.00,90.82,43.55,1339,121606
981,981,ILSHVL,*MANUAL*,55,1484,101,195.00,103.30,36.00,1365,141008
982,982,ILSHVR,*MANUAL*,66,1468,102,227.00,102.12,45.39,1287,131426
983,983,HYP6V1,*MANUAL*,58,1471,107,205.00,70.09,28.51,1365,95677
984,984,HYP7V1,*MANUAL*,56,1365,113,144.00,46.96,25.49,1365,64101
985,985,HYP7V2,*MANUAL*,56,1331,114,182.00,54.23,27.13,2103,114044
986,986,*NOUSE*,*NOUSE*,0,0,0,0,0,0,0,0
987,987,IND6,*MANUAL*,60,637,51,55.00,19.64, 6.81,2103,41297
988,988,H2R,*MANUAL*,88,1167,80,97.00,39.61,14.89,2103,83292
989,989,AMSHR,*MANUAL*,87,1133,57,107.00,46.20,16.97,2103,97168
990,990,HYP7ABRD,*MANUAL*$605$624,88,1085,67,101.00,25.41,12.18,5426,137900
991,991,HYP7ABRV,*MANUAL*$619$626,88,1081,84,58.00,21.73, 7.87,3971,86293
992,992,HYP7ABLD,*MANUAL*,39,1044,56,84.00,35.21,15.05,2969,104524
993,993,HYP7ABLV,*MANUAL*$30$22$34,37,1063,66,76.00,26.41,11.31,5652,149245
994,994,*NOUSE*,*NOUSE*,0,0,0,0,0,0,0,0
995,995,*NOUSE*,*NOUSE*,0,0,0,0,0,0,0,0
996,996,HYP7ABR3,*MANUAL*$362$373,65,1053,30,75.00,28.29,12.59,4282,121155
997,997,DB4,*MANUAL*,59,914,100,179.00,62.87,32.02,2103,132225
998,998,H0R,*MANUAL*$601$616,86,1433,79,134.00,41.42,22.88,4636,192017
999,999,E1VL,*MANUAL*,51,1510,81,202.00,93.61,38.95,1365,127774
1000,1000,HMC,*MANUAL*$326$342,63,1198,41,150.00,61.03,29.24,3363,205252
1001,1001,AIYR,*MANUAL*,75,1212,96,214.00,113.31,34.38,1352,153192
1002,1002,AIMR,*MANUAL*,65,1206,95,211.00,126.81,35.81,895,113495
1003,1003,AIML,*MANUAL*,54,1212,87,242.00,126.64,38.99,1085,137407
1004,1004,AIZR,*MANUAL*,77,1200,88,192.00,106.96,31.45,1365,146000
1005,1005,AIYL,*MANUAL*,45,1210,88,252.00,136.28,40.70,1365,186019
1006,1006,AVJR,*MANUAL*,84,1191,58,191.00,95.03,28.32,1365,129715
1007,1007,VL16,*MANUAL*,48,666,86,123.00,48.18,23.68,1365,65764
1008,1008,DD4,*MANUAL*,58,662,94,159.00,59.07,36.37,1365,80636
1009,1009,AVKL,*MANUAL*,47,1190,93,175.00,106.49,23.79,1365,145358
1010,1010,FLPR,*MANUAL*,86,1189,92,168.00,97.36,24.52,895,87133
1011,1011,EXC GL R,*MANUAL*$509$499,77,1131,99,130.00,46.24,27.17,4540,209948
1012,1012,*NOUSE*,*NOUSE*,0,0,0,0,0,0,0,0
1013,1013,SAADL,*MANUAL*,49,1282,90,233.00,153.90,28.56,895,137738
1014,1014,AIAL,*MANUAL*,52,1250,90,228.00,145.46,34.01,894,130039
1015,1015,AINR,*MANUAL*,85,1185,71,168.00,88.75,23.88,895,79434
1016,1016,IND3,*MANUAL*,62,932,43,40.00,15.38, 7.09,2103,32351
1017,1017,IND5,*MANUAL*,71,788,44,46.00,16.10, 5.36,2103,33848
1018,1018,HYP7LC3,*MANUAL*$91$78,43,805,48,62.00,23.44, 9.61,5097,119462
1019,1019,ASIL,*MANUAL*,52,1212,43,183.00,110.29,27.40,895,98710
1020,1020,PM6D,*MANUAL*,63,1167,48,146.00,75.95,22.91,895,67979
1021,1021,TL,*MANUAL*,58,236,60,124.00,40.39,18.37,1365,55137
1022,1022,MC2DR,*MANUAL*$381$390,67,1217,63,137.00,53.02,21.05,4761,252423
1023,1023,H2L,*MANUAL*$21$995,35,1118,59,130.00,35.47,18.30,5103,181028
1024,1024,HYP102,*MANUAL*$478$358,64,100,70,143.00,40.46,28.90,3832,155059
1025,1025,V4R,*MANUAL*$628$667,82,674,74,79.00,24.94,12.12,5958,148605
1026,1026,*NOUSE*,*NOUSE*,0,0,0,0,0,0,0,0
1027,1027,INV9,*MANUAL*,66,410,77,77.00,35.47,12.76,1365,48414
1028,1028,Z2,*MANUAL*$385$1026,70,751,79,115.00,31.12,16.53,10517,327333
1029,1029,P9/10L,*MANUAL*$144$656,46,506,74,97.00,30.56,15.85,5114,156286
1030,1030,HSNR,*MANUAL*$613$496,79,707,81,110.00,34.77,21.26,4536,157725
1031,1031,Z3,*MANUAL*$377$647,58,718,83,117.00,36.41,19.57,8901,324071
1032,1032,PM1VR,*MANUAL*$322$790,63,1433,93,184.00,60.75,38.85,3373,204925
1033,1033,RIS,*MANUAL*,74,1196,106,170.00,97.73,32.47,895,87465
1034,1034,f1,*MANUAL*,65,1414,71,101.00,28.43,14.65,895,25446
1035,1035,f2,*MANUAL*,64,1392,70,66.00,16.63, 8.01,895,14886
1036,1036,f3,*MANUAL*,64,1376,71,28.00,10.71, 4.08,895,9583
1037,1037,f4,*MANUAL*,64,1338,71,34.00,11.98, 4.35,895,10719
1038,1038,f5,*MANUAL*,64,1311,67,65.00,11.95, 7.95,895,10696
1039,1039,f6,*MANUAL*,64,1284,67,35.00,16.70, 4.45,895,14946
1040,1040,f7,*MANUAL*,64,1266,66,37.00,12.82, 5.02,895,11471
1041,1041,f8,*MANUAL*,65,1244,63,39.00,14.24, 5.46,895,12741
1042,1042,f9,*MANUAL*,64,1164,63,37.00,10.85, 5.44,895,9707
1043,1043,f10,*MANUAL*,65,1137,63,45.00,12.22, 5.50,895,10938
1044,1044,DR4,*MANUAL*,81,1403,54,127.00,69.84,18.32,895,62507
1045,1045,CEPSOVL,*MANUAL*,42,1373,94,223.00,119.95,38.14,895,107357
1046,1046,OLLSHL,*MANUAL*,37,1418,73,220.00,130.81,36.77,895,117073
1047,1047,ILSHDL,*MANUAL*,42,1423,59,232.00,116.14,53.95,895,103948
1048,1048,OLLL,*MANUAL*,45,1367,65,236.00,144.42,30.12,895,129255
1049,1049,URYVL,*MANUAL*,42,1361,83,211.00,137.39,32.11,895,122962
1050,1050,CEPSHVL,*MANUAL*,42,1332,89,194.00,94.76,33.96,895,84809
1051,1051,ARCADL,*MANUAL*,42,1505,69,175.00,83.72,32.50,1365,114283
1052,1052,VL5,*MANUAL*,46,1326,107,135.00,71.64,27.21,895,64117
1053,1053,SIADL,*MANUAL*,42,1252,84,202.00,127.03,32.37,895,113696
1054,1054,DD1,*MANUAL*,50,1136,103,189.00,113.72,29.75,895,101783
1055,1055,SABD,*MANUAL*,66,1127,105,194.00,116.54,27.23,885,103138
1056,1056,DB1,*MANUAL*,56,1126,109,172.00,102.09,27.87,895,91368
