0,0,*NOUSE*,*NOUSE*,0,0,0,0,0,0,0,0
1,1,IL2R,,33,1348,67,140.00,55.32,31.52,2826,156334.00
2,2,*NOUSE*,*NOUSE*,0,0,0,0,0,0,0,0
3,3,*NOUSE*,*NOUSE*,0,0,0,0,0,0,0,0
4,4,H2R,,34,1140,61,112.00,50.95,23.35,3268,166510.00
5,5,*NOUSE*,*NOUSE*,0,0,0,0,0,0,0,0
6,6,*NOUSE*,*NOUSE*,0,0,0,0,0,0,0,0
7,7,*NOUSE*,*NOUSE*,0,0,0,0,0,0,0,0
8,8,*NOUSE*,*NOUSE*,0,0,0,0,0,0,0,0
9,9,*NOUSE*,*NOUSE*,0,0,0,0,0,0,0,0
10,10,*NOUSE*,*NOUSE*,0,0,0,0,0,0,0,0
11,11,XXXR,,38,1348,56,194.00,73.14,43.93,4476,327366.00
12,12,*NOUSE*,*NOUSE*,0,0,0,0,0,0,0,0
13,13,H0R,,35,1423,70,115.00,46.25,23.08,5970,276116.00
14,14,RMDVR,,37,1282,70,151.00,57.05,32.44,4522,257960.00
15,15,RMGR,,39,1137,47,166.00,61.22,34.66,4876,298519.00
16,16,*NOUSE*,*NOUSE*,0,0,0,0,0,0,0,0
17,17,*NOUSE*,*NOUSE*,0,0,0,0,0,0,0,0
18,18,*NOUSE*,*NOUSE*,0,0,0,0,0,0,0,0
19,19,*NOUSE*,*NOUSE*,0,0,0,0,0,0,0,0
20,20,*NOUSE*,*NOUSE*,0,0,0,0,0,0,0,0
21,21,*NOUSE*,*NOUSE*,0,0,0,0,0,0,0,0
22,22,*NOUSE*,*NOUSE*,0,0,0,0,0,0,0,0
23,23,ADAR,,38,1154,48,182.00,70.04,40.95,4153,290868.00
24,24,*NOUSE*,*NOUSE*,0,0,0,0,0,0,0,0
25,25,*NOUSE*,*NOUSE*,0,0,0,0,0,0,0,0
26,26,*NOUSE*,*NOUSE*,0,0,0,0,0,0,0,0
27,27,*NOUSE*,*NOUSE*,0,0,0,0,0,0,0,0
28,28,*NOUSE*,*NOUSE*,0,0,0,0,0,0,0,0
29,29,*NOUSE*,*NOUSE*,0,0,0,0,0,0,0,0
30,30,*NOUSE*,*NOUSE*,0,0,0,0,0,0,0,0
31,31,ADEshR,,39,1086,49,188.00,60.48,43.39,5011,303056.00
32,32,*NOUSE*,*NOUSE*,0,0,0,0,0,0,0,0
33,33,*NOUSE*,*NOUSE*,0,0,0,0,0,0,0,0
34,34,*NOUSE*,*NOUSE*,0,0,0,0,0,0,0,0
35,35,ARCADR,,38,1471,71,141.00,50.47,30.40,5588,282006.00
36,36,HYP7RC1,,37,935,75,81.00,32.39,13.72,6658,215625.00
37,37,AINR,,41,1160,79,177.00,78.27,39.29,4233,331322.00
38,38,*NOUSE*,*NOUSE*,0,0,0,0,0,0,0,0
39,39,*NOUSE*,*NOUSE*,0,0,0,0,0,0,0,0
40,40,HYP7ABRV,,37,1055,52,104.00,35.28,16.34,4897,172773.00
41,41,*NOUSE*,*NOUSE*,0,0,0,0,0,0,0,0
42,42,*NOUSE*,*NOUSE*,0,0,0,0,0,0,0,0
43,43,V1R,,39,982,58,110.00,39.29,19.93,5556,218313.00
44,44,*NOUSE*,*NOUSE*,0,0,0,0,0,0,0,0
45,45,BDUR,,40,1009,59,177.00,55.06,41.20,4716,259672.00
46,46,*NOUSE*,*NOUSE*,0,0,0,0,0,0,0,0
47,47,*NOUSE*,*NOUSE*,0,0,0,0,0,0,0,0
48,48,*NOUSE*,*NOUSE*,0,0,0,0,0,0,0,0
49,49,*NOUSE*,*NOUSE*,0,0,0,0,0,0,0,0
50,50,*NOUSE*,*NOUSE*,0,0,0,0,0,0,0,0
51,51,*NOUSE*,*NOUSE*,0,0,0,0,0,0,0,0
52,52,*NOUSE*,*NOUSE*,0,0,0,0,0,0,0,0
53,53,P1/2R,,41,938,46,111.00,39.37,21.81,5531,217768.00
54,54,*NOUSE*,*NOUSE*,0,0,0,0,0,0,0,0
55,55,*NOUSE*,*NOUSE*,0,0,0,0,0,0,0,0
56,56,*NOUSE*,*NOUSE*,0,0,0,0,0,0,0,0
57,57,*NOUSE*,*NOUSE*,0,0,0,0,0,0,0,0
58,58,*NOUSE*,*NOUSE*,0,0,0,0,0,0,0,0
59,59,CANR,,42,748,63,151.00,52.12,35.55,4994,260264.00
60,60,AMsoR,,42,1450,77,146.00,54.45,32.28,5524,300773.00
61,61,*NOUSE*,*NOUSE*,0,0,0,0,0,0,0,0
62,62,*NOUSE*,*NOUSE*,0,0,0,0,0,0,0,0
63,63,*NOUSE*,*NOUSE*,0,0,0,0,0,0,0,0
64,64,*NOUSE*,*NOUSE*,0,0,0,0,0,0,0,0
65,65,*NOUSE*,*NOUSE*,0,0,0,0,0,0,0,0
66,66,*NOUSE*,*NOUSE*,0,0,0,0,0,0,0,0
67,67,*NOUSE*,*NOUSE*,0,0,0,0,0,0,0,0
68,68,*NOUSE*,*NOUSE*,0,0,0,0,0,0,0,0
69,69,*NOUSE*,*NOUSE*,0,0,0,0,0,0,0,0
70,70,ALMR,,42,816,86,167.00,55.84,39.10,5403,301682.00
71,71,*NOUSE*,*NOUSE*,0,0,0,0,0,0,0,0
72,72,P3/4R,,41,837,46,123.00,42.84,23.33,4346,186193.00
73,73,HSNR,,44,674,47,192.00,53.35,40.22,5359,285882.00
74,74,V3R,,43,783,52,99.00,38.55,20.37,5877,226537.00
75,75,*NOUSE*,*NOUSE*,0,0,0,0,0,0,0,0
76,76,VR1,,43,1477,53,116.00,48.83,23.75,5703,278456.00
77,77,*NOUSE*,*NOUSE*,0,0,0,0,0,0,0,0
78,78,HYP5R,,40,1517,71,101.00,41.95,21.34,3837,160956.00
79,79,*NOUSE*,*NOUSE*,0,0,0,0,0,0,0,0
80,80,*NOUSE*,*NOUSE*,0,0,0,0,0,0,0,0
81,81,*NOUSE*,*NOUSE*,0,0,0,0,0,0,0,0
82,82,ARCPDR,,44,1431,80,166.00,62.47,35.23,5074,316970.00
83,83,DR4,,42,1361,90,157.00,74.24,26.41,2011,149302.00
84,84,VR4,,44,1350,42,152.00,61.83,30.34,3768,232974.00
85,85,*NOUSE*,*NOUSE*,0,0,0,0,0,0,0,0
86,86,*NOUSE*,*NOUSE*,0,0,0,0,0,0,0,0
87,87,*NOUSE*,*NOUSE*,0,0,0,0,0,0,0,0
88,88,*NOUSE*,*NOUSE*,0,0,0,0,0,0,0,0
89,89,*NOUSE*,*NOUSE*,0,0,0,0,0,0,0,0
90,90,*NOUSE*,*NOUSE*,0,0,0,0,0,0,0,0
91,91,DR1,,45,1481,81,129.00,50.68,25.54,5597,283631.00
92,92,*NOUSE*,*NOUSE*,0,0,0,0,0,0,0,0
93,93,DR6,,43,1290,91,137.00,56.55,28.75,4548,257181.00
94,94,*NOUSE*,*NOUSE*,0,0,0,0,0,0,0,0
95,95,*NOUSE*,*NOUSE*,0,0,0,0,0,0,0,0
96,96,*NOUSE*,*NOUSE*,0,0,0,0,0,0,0,0
97,97,V5R,,44,507,61,106.00,39.46,20.10,6758,266647.00
98,98,*NOUSE*,*NOUSE*,0,0,0,0,0,0,0,0
99,99,*NOUSE*,*NOUSE*,0,0,0,0,0,0,0,0
100,100,*NOUSE*,*NOUSE*,0,0,0,0,0,0,0,0
101,101,*NOUSE*,*NOUSE*,0,0,0,0,0,0,0,0
102,102,CEPshDR,,45,1300,82,159.00,67.67,33.03,4857,328695.00
103,103,DR10,,46,1074,88,155.00,57.81,35.84,4096,236783.00
104,104,DR14,,46,847,92,180.00,50.76,36.50,5945,301775.00
105,105,*NOUSE*,*NOUSE*,0,0,0,0,0,0,0,0
106,106,*NOUSE*,*NOUSE*,0,0,0,0,0,0,0,0
107,107,*NOUSE*,*NOUSE*,0,0,0,0,0,0,0,0
108,108,*NOUSE*,*NOUSE*,0,0,0,0,0,0,0,0
109,109,P7/8R,,45,595,48,124.00,44.59,24.85,4007,178671.00
110,110,*NOUSE*,*NOUSE*,0,0,0,0,0,0,0,0
111,111,*NOUSE*,*NOUSE*,0,0,0,0,0,0,0,0
112,112,*NOUSE*,*NOUSE*,0,0,0,0,0,0,0,0
113,113,DR12,,47,944,96,168.00,52.15,34.55,5760,300368.00
114,114,*NOUSE*,*NOUSE*,0,0,0,0,0,0,0,0
115,115,*NOUSE*,*NOUSE*,0,0,0,0,0,0,0,0
116,116,*NOUSE*,*NOUSE*,0,0,0,0,0,0,0,0
117,117,*NOUSE*,*NOUSE*,0,0,0,0,0,0,0,0
118,118,EXC GL R,,47,1121,34,176.00,58.27,39.46,4921,286765.00
119,119,CCRA,,49,966,39,160.00,52.08,36.71,4933,256896.00
120,120,P9/10R,,46,474,52,131.00,43.06,24.66,5855,252094.00
121,121,PM7VR,,48,1104,57,154.00,50.96,30.14,5357,272991.00
122,122,*NOUSE*,*NOUSE*,0,0,0,0,0,0,0,0
123,123,PVQR,,49,296,70,212.00,57.64,42.98,5228,301325.00
124,124,PHBR,,50,282,76,189.00,71.15,46.40,4226,300678.00
125,125,G1AR,,48,1139,78,174.00,67.96,35.58,3900,265033.00
126,126,INDR1,,49,1031,87,90.00,37.30,16.39,8316,310202.00
127,127,*NOUSE*,*NOUSE*,0,0,0,0,0,0,0,0
128,128,VR8,,49,1144,36,173.00,75.20,38.50,3771,283576.00
129,129,*NOUSE*,*NOUSE*,0,0,0,0,0,0,0,0
130,130,*NOUSE*,*NOUSE*,0,0,0,0,0,0,0,0
131,131,*NOUSE*,*NOUSE*,0,0,0,0,0,0,0,0
132,132,*NOUSE*,*NOUSE*,0,0,0,0,0,0,0,0
133,133,*NOUSE*,*NOUSE*,0,0,0,0,0,0,0,0
134,134,*NOUSE*,*NOUSE*,0,0,0,0,0,0,0,0
135,135,*NOUSE*,*NOUSE*,0,0,0,0,0,0,0,0
136,136,DR2,,47,1462,88,133.00,55.43,26.81,3142,174156.00
137,137,*NOUSE*,*NOUSE*,0,0,0,0,0,0,0,0
138,138,IL2DR,,50,1348,93,180.00,73.60,34.85,4889,359852.00
139,139,*NOUSE*,*NOUSE*,0,0,0,0,0,0,0,0
140,140,DR8,,49,1160,99,167.00,72.02,34.06,3283,236444.00
141,141,*NOUSE*,*NOUSE*,0,0,0,0,0,0,0,0
142,142,VR16,,51,658,44,161.00,53.03,33.91,5110,270968.00
143,143,VR19,,48,415,52,174.00,59.39,38.94,3842,228174.00
144,144,*NOUSE*,*NOUSE*,0,0,0,0,0,0,0,0
145,145,*NOUSE*,*NOUSE*,0,0,0,0,0,0,0,0
146,146,PHAR,,52,279,63,203.00,66.77,48.52,4603,307328.00
147,147,*NOUSE*,*NOUSE*,0,0,0,0,0,0,0,0
148,148,REPVR,,49,317,72,156.00,48.87,33.57,4388,214435.00
149,149,*NOUSE*,*NOUSE*,0,0,0,0,0,0,0,0
150,150,M1,,51,1122,89,202.00,66.78,46.16,4808,321072.00
151,151,*NOUSE*,*NOUSE*,0,0,0,0,0,0,0,0
152,152,DR16,,50,701,91,157.00,51.06,33.95,5068,258748.00
153,153,DR13,,51,885,98,170.00,53.52,37.63,5876,314458.00
154,154,*NOUSE*,*NOUSE*,0,0,0,0,0,0,0,0
155,155,*NOUSE*,*NOUSE*,0,0,0,0,0,0,0,0
156,156,*NOUSE*,*NOUSE*,0,0,0,0,0,0,0,0
157,157,PM6VR,,50,1127,60,153.00,58.83,31.11,4377,257489.00
158,158,*NOUSE*,*NOUSE*,0,0,0,0,0,0,0,0
159,159,*NOUSE*,*NOUSE*,0,0,0,0,0,0,0,0
160,160,*NOUSE*,*NOUSE*,0,0,0,0,0,0,0,0
161,161,*NOUSE*,*NOUSE*,0,0,0,0,0,0,0,0
162,162,LUAR,,51,268,77,247.00,84.18,60.85,3810,320737.00
163,163,DR17,,50,617,90,148.00,45.88,29.81,5566,255379.00
164,164,DR3,,48,1419,93,127.00,53.80,25.00,2479,133364.00
165,165,*NOUSE*,*NOUSE*,0,0,0,0,0,0,0,0
166,166,*NOUSE*,*NOUSE*,0,0,0,0,0,0,0,0
167,167,*NOUSE*,*NOUSE*,0,0,0,0,0,0,0,0
168,168,VR10,,52,1053,35,152.00,49.94,32.12,5133,256351.00
169,169,*NOUSE*,*NOUSE*,0,0,0,0,0,0,0,0
170,170,Z1,,53,724,46,154.00,49.91,33.84,5346,266843.00
171,171,AVKR,,48,1163,49,182.00,91.63,37.77,2483,227515.00
172,172,*NOUSE*,*NOUSE*,0,0,0,0,0,0,0,0
173,173,NSMR,,50,1355,55,187.00,78.39,42.68,3327,260793.00
174,174,M2R,,49,1146,61,225.00,97.44,47.45,2833,276045.00
175,175,P11/12R,,49,341,62,130.00,45.56,26.31,4867,221722.00
176,176,*NOUSE*,*NOUSE*,0,0,0,0,0,0,0,0
177,177,RIPR,,51,1315,67,169.00,75.18,36.45,3754,282240.00
178,178,*NOUSE*,*NOUSE*,0,0,0,0,0,0,0,0
179,179,*NOUSE*,*NOUSE*,0,0,0,0,0,0,0,0
180,180,*NOUSE*,*NOUSE*,0,0,0,0,0,0,0,0
181,181,*NOUSE*,*NOUSE*,0,0,0,0,0,0,0,0
182,182,DR15,,51,782,95,151.00,49.92,34.30,5955,297283.00
183,183,DR9,,50,1108,100,150.00,50.13,29.49,4869,244090.00
184,184,*NOUSE*,*NOUSE*,0,0,0,0,0,0,0,0
185,185,*NOUSE*,*NOUSE*,0,0,0,0,0,0,0,0
186,186,*NOUSE*,*NOUSE*,0,0,0,0,0,0,0,0
187,187,VR18,,53,522,47,148.00,46.14,30.47,2984,137688.00
188,188,*NOUSE*,*NOUSE*,0,0,0,0,0,0,0,0
189,189,*NOUSE*,*NOUSE*,0,0,0,0,0,0,0,0
190,190,INV6,,52,654,64,71.00,30.76,11.45,7287,224165.00
191,191,*NOUSE*,*NOUSE*,0,0,0,0,0,0,0,0
192,192,*NOUSE*,*NOUSE*,0,0,0,0,0,0,0,0
193,193,*NOUSE*,*NOUSE*,0,0,0,0,0,0,0,0
194,194,*NOUSE*,*NOUSE*,0,0,0,0,0,0,0,0
195,195,DR11,,54,1007,97,173.00,51.27,37.22,5094,261155.00
196,196,VR13,,54,885,38,165.00,52.21,37.59,4496,234718.00
197,197,INVR1,,52,1027,47,88.00,36.58,15.57,5126,187497.00
198,198,*NOUSE*,*NOUSE*,0,0,0,0,0,0,0,0
199,199,VR2,,51,1446,43,157.00,58.56,29.29,2123,124318.00
200,200,*NOUSE*,*NOUSE*,0,0,0,0,0,0,0,0
201,201,DA9,,55,310,60,205.00,70.58,47.77,4434,312963.00
202,202,E2VR,,53,1541,62,147.00,44.79,28.36,5622,251814.00
203,203,*NOUSE*,*NOUSE*,0,0,0,0,0,0,0,0
204,204,*NOUSE*,*NOUSE*,0,0,0,0,0,0,0,0
205,205,*NOUSE*,*NOUSE*,0,0,0,0,0,0,0,0
206,206,DR18,,53,562,90,141.00,46.26,29.94,3929,181756.00
207,207,*NOUSE*,*NOUSE*,0,0,0,0,0,0,0,0
208,208,*NOUSE*,*NOUSE*,0,0,0,0,0,0,0,0
209,209,*NOUSE*,*NOUSE*,0,0,0,0,0,0,0,0
210,210,*NOUSE*,*NOUSE*,0,0,0,0,0,0,0,0
211,211,VR9,,55,1087,31,173.00,54.07,34.86,5813,314313.00
212,212,*NOUSE*,*NOUSE*,0,0,0,0,0,0,0,0
213,213,CCRP,,57,951,36,172.00,55.10,38.35,4705,259241.00
214,214,VR3,,54,1405,40,156.00,56.75,32.82,4053,229996.00
215,215,*NOUSE*,*NOUSE*,0,0,0,0,0,0,0,0
216,216,*NOUSE*,*NOUSE*,0,0,0,0,0,0,0,0
217,217,*NOUSE*,*NOUSE*,0,0,0,0,0,0,0,0
218,218,MC1DR,,51,1386,78,187.00,70.35,34.41,3773,265435.00
219,219,ALNR,,55,245,78,245.00,84.40,57.29,3639,307138.00
220,220,G1P,,56,1084,81,149.00,55.31,32.00,5401,298723.00
221,221,*NOUSE*,*NOUSE*,0,0,0,0,0,0,0,0
222,222,DR19,,54,469,88,169.00,56.59,39.31,3983,225397.00
223,223,*NOUSE*,*NOUSE*,0,0,0,0,0,0,0,0
224,224,*NOUSE*,*NOUSE*,0,0,0,0,0,0,0,0
225,225,*NOUSE*,*NOUSE*,0,0,0,0,0,0,0,0
226,226,*NOUSE*,*NOUSE*,0,0,0,0,0,0,0,0
227,227,*NOUSE*,*NOUSE*,0,0,0,0,0,0,0,0
228,228,*NOUSE*,*NOUSE*,0,0,0,0,0,0,0,0
229,229,VR17,,56,582,46,171.00,51.84,35.08,4654,241270.00
230,230,*NOUSE*,*NOUSE*,0,0,0,0,0,0,0,0
231,231,I1R,,54,1407,60,187.00,67.36,39.62,4168,280749.00
232,232,*NOUSE*,*NOUSE*,0,0,0,0,0,0,0,0
233,233,*NOUSE*,*NOUSE*,0,0,0,0,0,0,0,0
234,234,*NOUSE*,*NOUSE*,0,0,0,0,0,0,0,0
235,235,*NOUSE*,*NOUSE*,0,0,0,0,0,0,0,0
236,236,*NOUSE*,*NOUSE*,0,0,0,0,0,0,0,0
237,237,*NOUSE*,*NOUSE*,0,0,0,0,0,0,0,0
238,238,*NOUSE*,*NOUSE*,0,0,0,0,0,0,0,0
239,239,*NOUSE*,*NOUSE*,0,0,0,0,0,0,0,0
240,240,*NOUSE*,*NOUSE*,0,0,0,0,0,0,0,0
241,241,*NOUSE*,*NOUSE*,0,0,0,0,0,0,0,0
242,242,*NOUSE*,*NOUSE*,0,0,0,0,0,0,0,0
243,243,VR11,,58,999,32,177.00,55.26,38.46,4974,274854.00
244,244,G2R,,54,1089,49,226.00,76.88,50.65,4118,316587.00
245,245,*NOUSE*,*NOUSE*,0,0,0,0,0,0,0,0
246,246,HYP9,,58,116,63,197.00,64.25,47.23,3689,237032.00
247,247,HYP101,,57,104,67,197.00,65.48,49.26,4427,289892.00
248,248,*NOUSE*,*NOUSE*,0,0,0,0,0,0,0,0
249,249,*NOUSE*,*NOUSE*,0,0,0,0,0,0,0,0
250,250,*NOUSE*,*NOUSE*,0,0,0,0,0,0,0,0
251,251,IND2,,57,969,85,74.00,30.24,11.08,8343,252312.00
252,252,IND5,,57,751,84,69.00,29.00,10.43,8523,247139.00
253,253,*NOUSE*,*NOUSE*,0,0,0,0,0,0,0,0
254,254,*NOUSE*,*NOUSE*,0,0,0,0,0,0,0,0
255,255,*NOUSE*,*NOUSE*,0,0,0,0,0,0,0,0
256,256,*NOUSE*,*NOUSE*,0,0,0,0,0,0,0,0
257,257,RIFR,,57,1153,36,227.00,103.95,50.65,2483,258105.00
258,258,*NOUSE*,*NOUSE*,0,0,0,0,0,0,0,0
259,259,*NOUSE*,*NOUSE*,0,0,0,0,0,0,0,0
260,260,*NOUSE*,*NOUSE*,0,0,0,0,0,0,0,0
261,261,PM5R,,54,1157,69,178.00,78.42,35.50,3954,310083.00
262,262,*NOUSE*,*NOUSE*,0,0,0,0,0,0,0,0
263,263,PM3R,,55,1430,65,121.00,50.94,25.17,3072,156483.00
264,264,*NOUSE*,*NOUSE*,0,0,0,0,0,0,0,0
265,265,*NOUSE*,*NOUSE*,0,0,0,0,0,0,0,0
266,266,*NOUSE*,*NOUSE*,0,0,0,0,0,0,0,0
267,267,*NOUSE*,*NOUSE*,0,0,0,0,0,0,0,0
268,268,*NOUSE*,*NOUSE*,0,0,0,0,0,0,0,0
269,269,*NOUSE*,*NOUSE*,0,0,0,0,0,0,0,0
270,270,VPI3V,,67,1069,47,205.00,65.75,44.50,4013,263854.00
271,271,MC1V,,62,1389,50,223.00,71.82,37.55,4041,290217.00
272,272,*NOUSE*,*NOUSE*,0,0,0,0,0,0,0,0
273,273,M3R,,57,1327,54,226.00,85.78,51.50,3380,289949.00
274,274,HYP72,,58,169,64,161.00,48.91,35.43,5386,263456.00
275,275,HYP102,,56,77,67,168.00,50.34,37.78,4401,221546.00
276,276,PVR,,60,188,76,193.00,57.51,46.13,4558,262109.00
277,277,*NOUSE*,*NOUSE*,0,0,0,0,0,0,0,0
278,278,*NOUSE*,*NOUSE*,0,0,0,0,0,0,0,0
279,279,*NOUSE*,*NOUSE*,0,0,0,0,0,0,0,0
280,280,*NOUSE*,*NOUSE*,0,0,0,0,0,0,0,0
281,281,*NOUSE*,*NOUSE*,0,0,0,0,0,0,0,0
282,282,*NOUSE*,*NOUSE*,0,0,0,0,0,0,0,0
283,283,*NOUSE*,*NOUSE*,0,0,0,0,0,0,0,0
284,284,*NOUSE*,*NOUSE*,0,0,0,0,0,0,0,0
285,285,*NOUSE*,*NOUSE*,0,0,0,0,0,0,0,0
286,286,*NOUSE*,*NOUSE*,0,0,0,0,0,0,0,0
287,287,HYP31,,61,1535,95,196.00,62.63,46.73,4746,297262.00
288,288,*NOUSE*,*NOUSE*,0,0,0,0,0,0,0,0
289,289,*NOUSE*,*NOUSE*,0,0,0,0,0,0,0,0
290,290,*NOUSE*,*NOUSE*,0,0,0,0,0,0,0,0
291,291,SABD,,57,1125,29,200.00,84.27,48.80,3585,302109.00
292,292,*NOUSE*,*NOUSE*,0,0,0,0,0,0,0,0
293,293,*NOUSE*,*NOUSE*,0,0,0,0,0,0,0,0
294,294,*NOUSE*,*NOUSE*,0,0,0,0,0,0,0,0
295,295,*NOUSE*,*NOUSE*,0,0,0,0,0,0,0,0
296,296,*NOUSE*,*NOUSE*,0,0,0,0,0,0,0,0
297,297,PM3DR,,58,1426,80,146.00,52.41,22.53,3858,202212.00
298,298,*NOUSE*,*NOUSE*,0,0,0,0,0,0,0,0
299,299,*NOUSE*,*NOUSE*,0,0,0,0,0,0,0,0
300,300,*NOUSE*,*NOUSE*,0,0,0,0,0,0,0,0
301,301,*NOUSE*,*NOUSE*,0,0,0,0,0,0,0,0
302,302,*NOUSE*,*NOUSE*,0,0,0,0,0,0,0,0
303,303,*NOUSE*,*NOUSE*,0,0,0,0,0,0,0,0
304,304,VPI2V,,67,1077,42,249.00,94.95,54.80,3613,343059.00
305,305,*NOUSE*,*NOUSE*,0,0,0,0,0,0,0,0
306,306,*NOUSE*,*NOUSE*,0,0,0,0,0,0,0,0
307,307,*NOUSE*,*NOUSE*,0,0,0,0,0,0,0,0
308,308,*NOUSE*,*NOUSE*,0,0,0,0,0,0,0,0
309,309,HYP71,,61,194,56,170.00,51.24,37.77,5036,258036.00
310,310,*NOUSE*,*NOUSE*,0,0,0,0,0,0,0,0
311,311,*NOUSE*,*NOUSE*,0,0,0,0,0,0,0,0
312,312,*NOUSE*,*NOUSE*,0,0,0,0,0,0,0,0
313,313,MC3V,,65,1104,43,170.00,55.97,36.93,5310,297222.00
314,314,*NOUSE*,*NOUSE*,0,0,0,0,0,0,0,0
315,315,*NOUSE*,*NOUSE*,0,0,0,0,0,0,0,0
316,316,*NOUSE*,*NOUSE*,0,0,0,0,0,0,0,0
317,317,DD5,,64,473,44,202.00,56.98,43.61,4407,251097.00
318,318,*NOUSE*,*NOUSE*,0,0,0,0,0,0,0,0
319,319,PM8,,67,1082,53,171.00,71.06,39.76,3822,271587.00
320,320,*NOUSE*,*NOUSE*,0,0,0,0,0,0,0,0
321,321,B,,62,268,58,172.00,67.80,40.81,4074,276229.00
322,322,HYP4D,,61,1595,89,126.00,38.84,23.41,5559,215910.00
323,323,DEP,,62,259,83,229.00,82.92,51.33,3277,271744.00
324,324,E3D,,62,1405,86,146.00,51.98,28.15,5553,288643.00
325,325,*NOUSE*,*NOUSE*,0,0,0,0,0,0,0,0
326,326,HYP6D3,,63,1391,101,177.00,61.69,37.72,5096,314349.00
327,327,*NOUSE*,*NOUSE*,0,0,0,0,0,0,0,0
328,328,HYP4V2,,63,1553,47,161.00,46.77,33.15,4713,220444.00
329,329,*NOUSE*,*NOUSE*,0,0,0,0,0,0,0,0
330,330,YPDA,,61,296,49,173.00,64.00,38.18,3488,223230.00
331,331,HYP4V1,,62,1585,51,172.00,46.40,33.51,4681,217208.00
332,332,*NOUSE*,*NOUSE*,0,0,0,0,0,0,0,0
333,333,*NOUSE*,*NOUSE*,0,0,0,0,0,0,0,0
334,334,*NOUSE*,*NOUSE*,0,0,0,0,0,0,0,0
335,335,*NOUSE*,*NOUSE*,0,0,0,0,0,0,0,0
336,336,*NOUSE*,*NOUSE*,0,0,0,0,0,0,0,0
337,337,E2D,,63,1541,85,138.00,44.93,28.44,5414,243241.00
338,338,I4,,64,1146,92,234.00,86.32,46.01,3735,322422.00
339,339,PM6D,,64,1128,93,179.00,69.65,38.54,4638,323052.00
340,340,HYP32,,66,1518,96,193.00,65.78,46.74,3948,259697.00
341,341,RID,,65,1287,100,200.00,63.26,40.38,5083,321557.00
342,342,HYP7D1,,63,1334,102,157.00,60.26,28.23,3179,191564.00
343,343,HYP6D4,,64,1354,101,168.00,71.00,38.18,4656,330569.00
344,344,*NOUSE*,*NOUSE*,0,0,0,0,0,0,0,0
345,345,DB4,,65,903,38,179.00,50.96,38.17,3674,187219.00
346,346,*NOUSE*,*NOUSE*,0,0,0,0,0,0,0,0
347,347,*NOUSE*,*NOUSE*,0,0,0,0,0,0,0,0
348,348,*NOUSE*,*NOUSE*,0,0,0,0,0,0,0,0
349,349,*NOUSE*,*NOUSE*,0,0,0,0,0,0,0,0
350,350,*NOUSE*,*NOUSE*,0,0,0,0,0,0,0,0
351,351,*NOUSE*,*NOUSE*,0,0,0,0,0,0,0,0
352,352,DVC,,62,248,68,189.00,112.60,36.30,2251,253467.00
353,353,HYP11,,63,149,73,153.00,49.39,31.98,5218,257728.00
354,354,F,,62,290,72,216.00,99.63,45.63,2958,294712.00
355,355,IND4,,66,837,84,66.00,29.63,10.56,9753,288975.00
356,356,PM7D,,64,1104,94,191.00,58.51,36.67,5302,310241.00
357,357,*NOUSE*,*NOUSE*,0,0,0,0,0,0,0,0
358,358,*NOUSE*,*NOUSE*,0,0,0,0,0,0,0,0
359,359,DA5,,65,699,37,196.00,62.51,45.21,3838,239898.00
360,360,*NOUSE*,*NOUSE*,0,0,0,0,0,0,0,0
361,361,DA3,,66,925,37,171.00,52.85,37.94,3795,200577.00
362,362,*NOUSE*,*NOUSE*,0,0,0,0,0,0,0,0
363,363,DA4,,66,824,38,187.00,53.89,42.37,3656,197023.00
364,364,*NOUSE*,*NOUSE*,0,0,0,0,0,0,0,0
365,365,ARCAV,,65,1520,45,187.00,55.45,39.27,3306,183322.00
366,366,I5,,65,1134,48,170.00,73.85,38.69,3708,273832.00
367,367,*NOUSE*,*NOUSE*,0,0,0,0,0,0,0,0
368,368,*NOUSE*,*NOUSE*,0,0,0,0,0,0,0,0
369,369,I3,,64,1349,84,215.00,87.97,48.21,3720,327253.00
370,370,IND6,,67,614,77,78.00,32.93,13.39,7640,251613.00
371,371,DL13,,68,860,94,214.00,55.04,45.56,4416,243047.00
372,372,HYP6D2,,65,1428,96,180.00,60.36,36.75,5031,303663.00
373,373,*NOUSE*,*NOUSE*,0,0,0,0,0,0,0,0
374,374,AVG,,63,1141,32,232.00,98.19,47.67,2540,249402.00
375,375,*NOUSE*,*NOUSE*,0,0,0,0,0,0,0,0
376,376,*NOUSE*,*NOUSE*,0,0,0,0,0,0,0,0
377,377,HYP6V2,,65,1394,36,116.00,47.35,19.50,1565,74109.00
378,378,*NOUSE*,*NOUSE*,0,0,0,0,0,0,0,0
379,379,Z4,,67,654,48,159.00,51.86,33.43,5023,260474.00
380,380,*NOUSE*,*NOUSE*,0,0,0,0,0,0,0,0
381,381,*NOUSE*,*NOUSE*,0,0,0,0,0,0,0,0
382,382,DVA,,63,272,76,223.00,94.37,47.07,3024,285370.00
383,383,M4,,66,1325,72,198.00,74.80,40.43,4505,336959.00
384,384,DL20,,67,405,88,174.00,53.89,38.01,4295,231459.00
385,385,*NOUSE*,*NOUSE*,0,0,0,0,0,0,0,0
386,386,DA1,,68,1072,29,193.00,69.25,46.49,3588,248458.00
387,387,RMEV,,64,1285,34,202.00,73.66,48.17,3062,225556.00
388,388,DB3,,68,1041,32,205.00,56.95,43.37,3813,217145.00
389,389,*NOUSE*,*NOUSE*,0,0,0,0,0,0,0,0
390,390,*NOUSE*,*NOUSE*,0,0,0,0,0,0,0,0
391,391,HYP6D1,,63,1483,100,177.00,74.89,40.58,1483,111060.00
392,392,*NOUSE*,*NOUSE*,0,0,0,0,0,0,0,0
393,393,*NOUSE*,*NOUSE*,0,0,0,0,0,0,0,0
394,394,*NOUSE*,*NOUSE*,0,0,0,0,0,0,0,0
395,395,*NOUSE*,*NOUSE*,0,0,0,0,0,0,0,0
396,396,*NOUSE*,*NOUSE*,0,0,0,0,0,0,0,0
397,397,*NOUSE*,*NOUSE*,0,0,0,0,0,0,0,0
398,398,DD2,,68,960,33,197.00,59.03,41.76,4333,255761.00
399,399,*NOUSE*,*NOUSE*,0,0,0,0,0,0,0,0
400,400,DA8,,68,316,54,221.00,84.94,53.09,2642,224418.00
401,401,VL18,,68,426,52,164.00,52.51,34.59,3648,191552.00
402,402,*NOUSE*,*NOUSE*,0,0,0,0,0,0,0,0
403,403,*NOUSE*,*NOUSE*,0,0,0,0,0,0,0,0
404,404,*NOUSE*,*NOUSE*,0,0,0,0,0,0,0,0
405,405,*NOUSE*,*NOUSE*,0,0,0,0,0,0,0,0
406,406,RIGR,,68,1094,27,185.00,67.47,44.79,3899,263051.00
407,407,*NOUSE*,*NOUSE*,0,0,0,0,0,0,0,0
408,408,DL19,,69,455,87,192.00,57.53,42.34,3864,222299.00
409,409,DL16,,70,643,90,186.00,56.95,41.59,3491,198815.00
410,410,DA2,,70,1009,32,217.00,64.69,47.75,4004,259012.00
411,411,*NOUSE*,*NOUSE*,0,0,0,0,0,0,0,0
412,412,VL15,,72,712,44,197.00,58.02,39.79,4853,281568.00
413,413,*NOUSE*,*NOUSE*,0,0,0,0,0,0,0,0
414,414,U,,68,306,60,183.00,76.78,46.46,2920,224187.00
415,415,VIRL,,70,330,74,172.00,54.68,34.39,3110,170062.00
416,416,*NOUSE*,*NOUSE*,0,0,0,0,0,0,0,0
417,417,*NOUSE*,*NOUSE*,0,0,0,0,0,0,0,0
418,418,DL12,,72,918,99,192.00,59.36,43.41,3844,228173.00
419,419,*NOUSE*,*NOUSE*,0,0,0,0,0,0,0,0
420,420,INV2,,73,966,48,82.00,33.94,13.94,7338,249047.00
421,421,*NOUSE*,*NOUSE*,0,0,0,0,0,0,0,0
422,422,*NOUSE*,*NOUSE*,0,0,0,0,0,0,0,0
423,423,*NOUSE*,*NOUSE*,0,0,0,0,0,0,0,0
424,424,*NOUSE*,*NOUSE*,0,0,0,0,0,0,0,0
425,425,DL15,,71,730,91,217.00,59.11,41.21,3303,195227.00
426,426,*NOUSE*,*NOUSE*,0,0,0,0,0,0,0,0
427,427,*NOUSE*,*NOUSE*,0,0,0,0,0,0,0,0
428,428,DL11,,72,986,96,195.00,54.40,42.17,5251,285659.00
429,429,DL14,,73,794,95,180.00,53.41,39.62,5717,305358.00
430,430,VL11,,73,945,40,212.00,55.49,39.12,4546,252251.00
431,431,VL13,,73,839,44,173.00,58.84,41.89,2633,154926.00
432,432,VL17,,71,524,49,159.00,49.00,30.78,4685,229573.00
433,433,VL16,,72,636,47,177.00,57.63,39.95,3760,216687.00
434,434,LUAL,,74,267,71,255.00,99.59,69.33,3051,303858.00
435,435,PHshL,,70,236,70,225.00,82.59,54.51,3488,288062.00
436,436,ALNL,,70,250,76,246.00,92.61,60.50,3136,290412.00
437,437,*NOUSE*,*NOUSE*,0,0,0,0,0,0,0,0
438,438,*NOUSE*,*NOUSE*,0,0,0,0,0,0,0,0
439,439,*NOUSE*,*NOUSE*,0,0,0,0,0,0,0,0
440,440,DL17,,72,586,90,158.00,51.29,34.83,5295,271579.00
441,441,*NOUSE*,*NOUSE*,0,0,0,0,0,0,0,0
442,442,*NOUSE*,*NOUSE*,0,0,0,0,0,0,0,0
443,443,DL9,,73,1073,96,213.00,61.92,43.90,4745,293792.00
444,444,DL10,,74,1032,97,203.00,55.55,41.48,6264,347970.00
445,445,*NOUSE*,*NOUSE*,0,0,0,0,0,0,0,0
446,446,*NOUSE*,*NOUSE*,0,0,0,0,0,0,0,0
447,447,PHAL,,72,279,60,221.00,78.97,53.82,3507,276959.00
448,448,*NOUSE*,*NOUSE*,0,0,0,0,0,0,0,0
449,449,*NOUSE*,*NOUSE*,0,0,0,0,0,0,0,0
450,450,I1L,,73,1410,60,200.00,78.46,47.02,3980,312287.00
451,451,*NOUSE*,*NOUSE*,0,0,0,0,0,0,0,0
452,452,PM1VL,,74,1388,57,253.00,103.03,55.95,4347,447864.00
453,453,*NOUSE*,*NOUSE*,0,0,0,0,0,0,0,0
454,454,*NOUSE*,*NOUSE*,0,0,0,0,0,0,0,0
455,455,*NOUSE*,*NOUSE*,0,0,0,0,0,0,0,0
456,456,PM1L,,77,1391,69,222.00,87.51,51.33,2329,203806.00
457,457,*NOUSE*,*NOUSE*,0,0,0,0,0,0,0,0
458,458,INDL1,,75,1013,84,100.00,40.92,19.89,6927,283472.00
459,459,*NOUSE*,*NOUSE*,0,0,0,0,0,0,0,0
460,460,*NOUSE*,*NOUSE*,0,0,0,0,0,0,0,0
461,461,*NOUSE*,*NOUSE*,0,0,0,0,0,0,0,0
462,462,*NOUSE*,*NOUSE*,0,0,0,0,0,0,0,0
463,463,PM4VL,,70,1365,47,165.00,70.11,31.50,3363,235771.00
464,464,*NOUSE*,*NOUSE*,0,0,0,0,0,0,0,0
465,465,*NOUSE*,*NOUSE*,0,0,0,0,0,0,0,0
466,466,*NOUSE*,*NOUSE*,0,0,0,0,0,0,0,0
467,467,*NOUSE*,*NOUSE*,0,0,0,0,0,0,0,0
468,468,*NOUSE*,*NOUSE*,0,0,0,0,0,0,0,0
469,469,PVCL,,73,258,63,216.00,87.60,54.40,3222,282250.00
470,470,*NOUSE*,*NOUSE*,0,0,0,0,0,0,0,0
471,471,*NOUSE*,*NOUSE*,0,0,0,0,0,0,0,0
472,472,*NOUSE*,*NOUSE*,0,0,0,0,0,0,0,0
473,473,PHBL,,74,281,72,202.00,84.47,50.02,3594,303579.00
474,474,*NOUSE*,*NOUSE*,0,0,0,0,0,0,0,0
475,475,*NOUSE*,*NOUSE*,0,0,0,0,0,0,0,0
476,476,*NOUSE*,*NOUSE*,0,0,0,0,0,0,0,0
477,477,*NOUSE*,*NOUSE*,0,0,0,0,0,0,0,0
478,478,*NOUSE*,*NOUSE*,0,0,0,0,0,0,0,0
479,479,RIFL,,71,1153,34,248.00,106.77,56.19,2101,224328.00
480,480,IL2VL,,71,1343,37,184.00,73.55,41.35,2652,195058.00
481,481,*NOUSE*,*NOUSE*,0,0,0,0,0,0,0,0
482,482,VL12,,76,879,48,170.00,54.41,39.30,4538,246895.00
483,483,G2L,,75,1090,50,246.00,77.50,52.72,3830,296833.00
484,484,CCLP,,76,741,45,220.00,62.51,46.42,3765,235343.00
485,485,*NOUSE*,*NOUSE*,0,0,0,0,0,0,0,0
486,486,M3L,,73,1329,56,252.00,99.54,58.46,3052,303801.00
487,487,*NOUSE*,*NOUSE*,0,0,0,0,0,0,0,0
488,488,*NOUSE*,*NOUSE*,0,0,0,0,0,0,0,0
489,489,*NOUSE*,*NOUSE*,0,0,0,0,0,0,0,0
490,490,V6L,,75,417,63,147.00,45.62,26.26,4462,203569.00
491,491,*NOUSE*,*NOUSE*,0,0,0,0,0,0,0,0
492,492,PVQL,,76,297,67,208.00,63.95,44.95,4240,271133.00
493,493,REPVL,,75,317,67,182.00,54.83,42.35,3506,192235.00
494,494,PM5L,,74,1159,69,216.00,100.20,44.17,1414,141678.00
495,495,*NOUSE*,*NOUSE*,0,0,0,0,0,0,0,0
496,496,*NOUSE*,*NOUSE*,0,0,0,0,0,0,0,0
497,497,M5,,76,1099,86,237.00,83.12,56.62,3615,300476.00
498,498,*NOUSE*,*NOUSE*,0,0,0,0,0,0,0,0
499,499,*NOUSE*,*NOUSE*,0,0,0,0,0,0,0,0
500,500,*NOUSE*,*NOUSE*,0,0,0,0,0,0,0,0
501,501,*NOUSE*,*NOUSE*,0,0,0,0,0,0,0,0
502,502,*NOUSE*,*NOUSE*,0,0,0,0,0,0,0,0
503,503,*NOUSE*,*NOUSE*,0,0,0,0,0,0,0,0
504,504,*NOUSE*,*NOUSE*,0,0,0,0,0,0,0,0
505,505,P9/10L,,76,467,52,156.00,45.75,26.50,5331,243887.00
506,506,*NOUSE*,*NOUSE*,0,0,0,0,0,0,0,0
507,507,*NOUSE*,*NOUSE*,0,0,0,0,0,0,0,0
508,508,PM7VL,,78,1107,58,183.00,66.24,41.77,3345,221581.00
509,509,*NOUSE*,*NOUSE*,0,0,0,0,0,0,0,0
510,510,*NOUSE*,*NOUSE*,0,0,0,0,0,0,0,0
511,511,*NOUSE*,*NOUSE*,0,0,0,0,0,0,0,0
512,512,*NOUSE*,*NOUSE*,0,0,0,0,0,0,0,0
513,513,*NOUSE*,*NOUSE*,0,0,0,0,0,0,0,0
514,514,*NOUSE*,*NOUSE*,0,0,0,0,0,0,0,0
515,515,ALML,,79,817,87,188.00,58.62,44.38,5304,310934.00
516,516,DL2,,78,1447,90,195.00,63.50,35.47,4716,299474.00
517,517,DL3,,76,1409,96,171.00,62.72,33.85,3678,230688.00
518,518,*NOUSE*,*NOUSE*,0,0,0,0,0,0,0,0
519,519,RIGL,,74,1141,32,208.00,89.48,50.89,2862,256090.00
520,520,VL9,,77,1088,34,172.00,61.69,37.01,1883,116164.00
521,521,VL3,,77,1402,43,154.00,57.62,29.91,3800,218944.00
522,522,INVL1,,79,1014,49,103.00,40.18,19.20,6279,252282.00
523,523,PM6VL,,77,1126,60,157.00,62.74,34.11,4350,272913.00
524,524,*NOUSE*,*NOUSE*,0,0,0,0,0,0,0,0
525,525,*NOUSE*,*NOUSE*,0,0,0,0,0,0,0,0
526,526,*NOUSE*,*NOUSE*,0,0,0,0,0,0,0,0
527,527,*NOUSE*,*NOUSE*,0,0,0,0,0,0,0,0
528,528,G1AL,,78,1138,79,216.00,87.81,45.60,3840,337190.00
529,529,*NOUSE*,*NOUSE*,0,0,0,0,0,0,0,0
530,530,DL6,,78,1296,94,197.00,74.05,39.31,4503,333463.00
531,531,DL8,,78,1136,100,191.00,62.88,39.54,4694,295147.00
532,532,DL5,,75,1318,101,145.00,63.89,29.37,1149,73411.00
533,533,AVKL,,79,1160,45,211.00,87.26,47.81,3085,269182.00
534,534,*NOUSE*,*NOUSE*,0,0,0,0,0,0,0,0
535,535,V4L,,79,649,57,122.00,45.81,25.81,4846,222016.00
536,536,*NOUSE*,*NOUSE*,0,0,0,0,0,0,0,0
537,537,*NOUSE*,*NOUSE*,0,0,0,0,0,0,0,0
538,538,*NOUSE*,*NOUSE*,0,0,0,0,0,0,0,0
539,539,MC3DL,,81,1102,75,188.00,64.79,44.48,4329,280490.00
540,540,PM4DL,,73,1364,83,201.00,83.94,35.71,1582,132788.00
541,541,*NOUSE*,*NOUSE*,0,0,0,0,0,0,0,0
542,542,*NOUSE*,*NOUSE*,0,0,0,0,0,0,0,0
543,543,*NOUSE*,*NOUSE*,0,0,0,0,0,0,0,0
544,544,*NOUSE*,*NOUSE*,0,0,0,0,0,0,0,0
545,545,*NOUSE*,*NOUSE*,0,0,0,0,0,0,0,0
546,546,*NOUSE*,*NOUSE*,0,0,0,0,0,0,0,0
547,547,OLQVL,,80,1313,52,205.00,81.59,45.67,2895,236206.00
548,548,*NOUSE*,*NOUSE*,0,0,0,0,0,0,0,0
549,549,*NOUSE*,*NOUSE*,0,0,0,0,0,0,0,0
550,550,*NOUSE*,*NOUSE*,0,0,0,0,0,0,0,0
551,551,*NOUSE*,*NOUSE*,0,0,0,0,0,0,0,0
552,552,*NOUSE*,*NOUSE*,0,0,0,0,0,0,0,0
553,553,I6,,76,1125,89,236.00,87.14,53.85,3794,330614.00
554,554,*NOUSE*,*NOUSE*,0,0,0,0,0,0,0,0
555,555,*NOUSE*,*NOUSE*,0,0,0,0,0,0,0,0
556,556,EXC GL L,,82,1110,38,196.00,63.58,42.78,4224,268543.00
557,557,VL10,,81,1053,40,181.00,55.47,37.71,4293,238145.00
558,558,VL2,,80,1440,47,132.00,58.23,27.38,2931,170658.00
559,559,HSNL,,78,669,51,190.00,61.68,44.19,3595,221737.00
560,560,*NOUSE*,*NOUSE*,0,0,0,0,0,0,0,0
561,561,*NOUSE*,*NOUSE*,0,0,0,0,0,0,0,0
562,562,P11/12L,,80,360,58,133.00,42.55,24.77,4752,202200.00
563,563,*NOUSE*,*NOUSE*,0,0,0,0,0,0,0,0
564,564,HYP7LC4,,80,621,76,114.00,41.43,20.01,6162,255271.00
565,565,*NOUSE*,*NOUSE*,0,0,0,0,0,0,0,0
566,566,*NOUSE*,*NOUSE*,0,0,0,0,0,0,0,0
567,567,CEPshDL,,82,1299,81,213.00,81.82,47.56,4170,341196.00
568,568,*NOUSE*,*NOUSE*,0,0,0,0,0,0,0,0
569,569,*NOUSE*,*NOUSE*,0,0,0,0,0,0,0,0
570,570,*NOUSE*,*NOUSE*,0,0,0,0,0,0,0,0
571,571,*NOUSE*,*NOUSE*,0,0,0,0,0,0,0,0
572,572,VL8,,82,1134,40,178.00,71.33,41.42,3487,248739.00
573,573,*NOUSE*,*NOUSE*,0,0,0,0,0,0,0,0
574,574,*NOUSE*,*NOUSE*,0,0,0,0,0,0,0,0
575,575,P3/4L,,82,845,53,132.00,48.43,28.31,4679,226599.00
576,576,V2L,,82,903,61,129.00,45.21,27.06,5151,232861.00
577,577,*NOUSE*,*NOUSE*,0,0,0,0,0,0,0,0
578,578,*NOUSE*,*NOUSE*,0,0,0,0,0,0,0,0
579,579,*NOUSE*,*NOUSE*,0,0,0,0,0,0,0,0
580,580,*NOUSE*,*NOUSE*,0,0,0,0,0,0,0,0
581,581,*NOUSE*,*NOUSE*,0,0,0,0,0,0,0,0
582,582,URYDL,,81,1314,82,232.00,107.89,56.34,2677,288809.00
583,583,*NOUSE*,*NOUSE*,0,0,0,0,0,0,0,0
584,584,*NOUSE*,*NOUSE*,0,0,0,0,0,0,0,0
585,585,*NOUSE*,*NOUSE*,0,0,0,0,0,0,0,0
586,586,VL6,,83,1285,43,162.00,59.52,36.05,3299,196358.00
587,587,*NOUSE*,*NOUSE*,0,0,0,0,0,0,0,0
588,588,*NOUSE*,*NOUSE*,0,0,0,0,0,0,0,0
589,589,*NOUSE*,*NOUSE*,0,0,0,0,0,0,0,0
590,590,*NOUSE*,*NOUSE*,0,0,0,0,0,0,0,0
591,591,*NOUSE*,*NOUSE*,0,0,0,0,0,0,0,0
592,592,*NOUSE*,*NOUSE*,0,0,0,0,0,0,0,0
593,593,*NOUSE*,*NOUSE*,0,0,0,0,0,0,0,0
594,594,DL1,,81,1479,83,154.00,55.71,31.11,4902,273083.00
595,595,*NOUSE*,*NOUSE*,0,0,0,0,0,0,0,0
596,596,*NOUSE*,*NOUSE*,0,0,0,0,0,0,0,0
597,597,*NOUSE*,*NOUSE*,0,0,0,0,0,0,0,0
598,598,*NOUSE*,*NOUSE*,0,0,0,0,0,0,0,0
599,599,CEPsoVL,,82,1331,49,227.00,91.93,53.81,2151,197736.00
600,600,*NOUSE*,*NOUSE*,0,0,0,0,0,0,0,0
601,601,ARCADL,,86,1469,71,218.00,64.97,48.24,4314,280298.00
602,602,*NOUSE*,*NOUSE*,0,0,0,0,0,0,0,0
603,603,*NOUSE*,*NOUSE*,0,0,0,0,0,0,0,0
604,604,*NOUSE*,*NOUSE*,0,0,0,0,0,0,0,0
605,605,*NOUSE*,*NOUSE*,0,0,0,0,0,0,0,0
606,606,*NOUSE*,*NOUSE*,0,0,0,0,0,0,0,0
607,607,V3L,,85,780,59,135.00,45.22,27.02,5490,248243.00
608,608,*NOUSE*,*NOUSE*,0,0,0,0,0,0,0,0
609,609,HYP5L,,83,1515,72,124.00,44.43,25.35,5730,254557.00
610,610,HYP2L,,85,1451,77,209.00,68.62,46.43,4292,294522.00
611,611,*NOUSE*,*NOUSE*,0,0,0,0,0,0,0,0
612,612,*NOUSE*,*NOUSE*,0,0,0,0,0,0,0,0
613,613,*NOUSE*,*NOUSE*,0,0,0,0,0,0,0,0
614,614,P1/2L,,85,942,53,142.00,48.32,31.09,5174,250001.00
615,615,URYVL,,86,1330,60,233.00,94.04,58.02,2672,251276.00
616,616,BDUL,,87,1033,63,241.00,74.51,57.23,3512,261669.00
617,617,*NOUSE*,*NOUSE*,0,0,0,0,0,0,0,0
618,618,*NOUSE*,*NOUSE*,0,0,0,0,0,0,0,0
619,619,IL1L,,86,1343,63,236.00,84.27,52.42,3079,259470.00
620,620,*NOUSE*,*NOUSE*,0,0,0,0,0,0,0,0
621,621,*NOUSE*,*NOUSE*,0,0,0,0,0,0,0,0
622,622,*NOUSE*,*NOUSE*,0,0,0,0,0,0,0,0
623,623,ADAL,,89,1134,52,212.00,81.04,52.83,3662,296775.00
624,624,*NOUSE*,*NOUSE*,0,0,0,0,0,0,0,0
625,625,V1L,,88,1003,65,144.00,50.74,32.22,5570,282649.00
626,626,HYP7ABLD,,88,1056,75,117.00,41.71,21.15,4296,179203.00
627,627,OLQshDL,,89,1379,81,238.00,83.10,57.67,3410,283359.00
628,628,*NOUSE*,*NOUSE*,0,0,0,0,0,0,0,0
629,629,*NOUSE*,*NOUSE*,0,0,0,0,0,0,0,0
630,630,*NOUSE*,*NOUSE*,0,0,0,0,0,0,0,0
631,631,*NOUSE*,*NOUSE*,0,0,0,0,0,0,0,0
632,632,*NOUSE*,*NOUSE*,0,0,0,0,0,0,0,0
633,633,*NOUSE*,*NOUSE*,0,0,0,0,0,0,0,0
634,634,*NOUSE*,*NOUSE*,0,0,0,0,0,0,0,0
635,635,XXXL,,90,1358,61,245.00,83.56,55.72,3269,273173.00
636,636,OLLshL,,90,1378,64,206.00,66.61,46.81,4357,290200.00
637,637,IL2L,,90,1353,72,226.00,88.20,54.07,3162,278889.00
638,638,*NOUSE*,*NOUSE*,0,0,0,0,0,0,0,0
639,639,*NOUSE*,*NOUSE*,0,0,0,0,0,0,0,0
640,640,*NOUSE*,*NOUSE*,0,0,0,0,0,0,0,0
641,641,*NOUSE*,*NOUSE*,0,0,0,0,0,0,0,0
642,642,*NOUSE*,*NOUSE*,0,0,0,0,0,0,0,0
643,643,H2L,,91,1140,65,167.00,59.32,34.77,2781,164956.00
644,644,*NOUSE*,*NOUSE*,0,0,0,0,0,0,0,0
645,645,*NOUSE*,*NOUSE*,0,0,0,0,0,0,0,0
646,646,H0L,,90,1418,69,133.00,55.95,28.36,1370,76657.00
647,647,AMshL,,88,1139,82,157.00,60.23,34.02,3978,239582.00
648,648,*NOUSE*,*NOUSE*,0,0,0,0,0,0,0,0
649,649,*NOUSE*,*NOUSE*,0,0,0,0,0,0,0,0
650,650,*NOUSE*,*NOUSE*,0,0,0,0,0,0,0,0
651,651,*NOUSE*,*NOUSE*,0,0,0,0,0,0,0,0
652,652,*NOUSE*,*NOUSE*,0,0,0,0,0,0,0,0
653,653,*NOUSE*,*NOUSE*,0,0,0,0,0,0,0,0
654,654,*NOUSE*,*NOUSE*,0,0,0,0,0,0,0,0
655,655,*NOUSE*,*NOUSE*,0,0,0,0,0,0,0,0
656,656,*NOUSE*,*NOUSE*,0,0,0,0,0,0,0,0
657,657,*NOUSE*,*NOUSE*,0,0,0,0,0,0,0,0
658,658,ARCPVL,*MANUAL*,86,1447,62,193.00,104.82,41.22,1919,201142.00
659,659,ILsoL,*MANUAL*,86,1431,62,213.00,113.98,41.94,2078,236858.00
660,660,OLQsoVL,*MANUAL*,83,1417,56,201.00,101.20,46.18,2103,212819.00
661,661,RMED,*MANUAL*,64,1305,94,243.00,126.28,48.94,1828,230846.00
662,662,OLQDR,*MANUAL*,57,1310,90,235.00,162.86,31.21,1197,194943.00
663,663,OLQDL,*MANUAL*,71,1314,90,235.00,144.80,45.47,1359,196781.00
664,664,IL1DR,*MANUAL*,59,1323,86,226.00,162.40,28.24,1207,196022.00
665,665,IL1DL,*MANUAL*,70,1326,86,251.00,170.90,36.46,1279,218580.00
666,666,URADL,*MANUAL*,79,1330,85,251.00,152.71,59.28,1302,198834.00
667,667,RMEL,*MANUAL*,83,1303,67,209.00,125.48,35.85,1321,165765.00
668,668,RIPL,*MANUAL*,79,1317,70,237.00,144.18,37.86,1279,184405.00
669,669,OLLL,*MANUAL*,79,1332,73,246.00,133.99,49.94,1707,228726.00
670,670,CEPsoDL,*MANUAL*,82,1348,81,242.00,125.22,46.84,2091,261840.00
671,671,OLLsoL,*MANUAL*,88,1364,82,253.00,130.33,64.16,1297,169035.00
672,672,ILshDL,*MANUAL*,83,1392,85,236.00,113.11,61.55,1680,190023.00
673,673,HYP1L,*MANUAL*,88,1401,82,240.00,100.82,67.70,2103,212029.00
674,674,AMsoL,*MANUAL*,81,1415,82,230.00,103.90,50.43,2103,218500.00
675,675,ARCPDL,*MANUAL*,85,1432,81,217.00,104.52,40.58,1365,142663.00
676,676,URBL,*MANUAL*,89,1334,73,254.00,112.09,67.50,2969,332782.00
677,677,BAGL,*MANUAL*,87,1317,62,212.00,109.21,46.55,2103,229660.00
678,678,ILshL,*MANUAL*,83,1395,52,208.00,116.48,42.51,1243,144787.00
679,679,OLQshVL,*MANUAL*,87,1400,60,233.00,129.84,49.26,1365,177230.00
680,680,CEPshVL,*MANUAL*,82,1300,49,193.00,97.36,41.30,2103,204747.00
681,681,HYP1R,*MANUAL*,41,1409,82,187.00,89.14,37.48,2086,185944.00
682,682,ILshDR,*MANUAL*,41,1395,85,190.00,81.67,42.40,2081,169960.00
683,683,ARCPVR,*MANUAL*,38,1458,62,184.00,85.57,39.01,2103,179946.00
684,684,ILsoR,*MANUAL*,38,1438,60,171.00,93.67,35.47,1365,127855.00
685,685,OLQsoVR,*MANUAL*,42,1422,53,216.00,101.13,44.06,1365,138047.00
686,686,ILshR,*MANUAL*,42,1406,54,218.00,107.60,40.59,2036,219066.00
687,687,OLLshR,*MANUAL*,35,1403,63,221.00,111.56,45.72,1365,152283.00
688,688,OLQshVR,*MANUAL*,35,1387,57,197.00,113.37,33.73,1365,154746.00
689,689,RMER,*MANUAL*,46,1301,65,163.00,98.81,36.22,1340,132400.00
690,690,OLLR,*MANUAL*,48,1330,71,181.00,107.77,30.96,1894,204117.00
691,691,URYDR,*MANUAL*,49,1316,83,203.00,125.24,34.84,2103,263389.00
692,692,URADR,*MANUAL*,50,1331,84,224.00,126.75,42.83,2103,266548.00
693,693,CEPsoDR,*MANUAL*,41,1345,82,178.00,79.98,36.44,2969,237448.00
694,694,OLLsoR,*MANUAL*,36,1364,80,170.00,108.56,27.87,1365,148182.00
695,695,OLQshDR,*MANUAL*,34,1387,76,178.00,91.50,31.25,2103,192429.00
696,696,URBR,*MANUAL*,37,1328,69,197.00,95.34,40.10,2037,194198.00
697,697,BAGR,*MANUAL*,40,1309,57,179.00,91.59,27.75,1965,179973.00
698,698,IL1R,*MANUAL*,42,1335,59,179.00,105.51,30.58,2103,221881.00
699,699,URYVR,*MANUAL*,44,1324,49,205.00,131.61,31.50,1283,168854.00
700,700,OLQVR,*MANUAL*,48,1310,48,192.00,130.23,29.84,1365,177767.00
701,701,CEPshVR,*MANUAL*,44,1295,48,205.00,124.90,37.02,895,111786.00
702,702,CEPVL,*MANUAL*,70,1297,39,252.00,148.17,39.10,1325,196321.00
703,703,CEPVR,*MANUAL*,59,1301,39,215.00,147.99,33.20,1356,200679.00
704,704,IL1VL,*MANUAL*,68,1313,40,223.00,134.87,35.73,1361,183560.00
705,705,URAVL,*MANUAL*,75,1327,40,235.00,117.59,52.41,1342,157811.00
706,706,IL1VR,*MANUAL*,64,1330,40,228.00,137.92,42.66,1262,174055.00
707,707,IL2VR,*MANUAL*,60,1345,36,201.00,98.48,43.17,2103,207102.00
708,708,URAVR,*MANUAL*,54,1322,40,201.00,112.16,44.24,2046,229470.00
709,709,CEPsoVR,*MANUAL*,47,1332,42,190.00,113.75,38.80,1365,155263.00
710,710,HYP2V,*MANUAL*,62,1498,41,160.00,66.05,41.44,2089,137974.00
711,711,ARCPV,*MANUAL*,67,1485,43,189.00,89.45,42.99,2019,180593.00
712,712,HYP1V,*MANUAL*,61,1474,42,199.00,95.59,39.03,2077,198550.00
713,713,ILsoVR,*MANUAL*,62,1444,40,222.00,113.72,45.43,1365,155223.00
714,714,ILshVR,*MANUAL*,62,1425,41,237.00,97.64,56.67,1933,188738.00
715,715,ILsoVL,*MANUAL*,71,1458,42,207.00,113.49,43.72,1128,128020.00
716,716,ILshVL,*MANUAL*,70,1432,42,239.00,126.65,45.88,1365,172876.00
717,717,ARCPD,*MANUAL*,57,1506,93,194.00,100.65,39.55,1939,195153.00
718,718,ILsoDR,*MANUAL*,56,1478,94,207.00,104.05,42.17,2037,211956.00
719,719,OLQsoDR,*MANUAL*,55,1454,95,205.00,103.64,48.99,1987,205932.00
720,720,ILsoDL,*MANUAL*,72,1489,93,217.00,108.74,50.60,2045,222367.00
721,721,OLQsoDL,*MANUAL*,72,1466,94,235.00,105.43,54.70,2103,221726.00
722,722,NSML,*MANUAL*,76,1355,54,232.00,129.44,40.42,1314,170079.00
723,723,MI,*MANUAL*,65,1365,87,243.00,155.66,35.28,1048,163127.00
724,724,*NOUSE*,*NOUSE*,0,0,0,0,0,0,0,0
725,725,PM4DR,*MANUAL*$724$277,56,1363,84,247.00,96.82,42.34,3234,313107.00
726,726,PM4L,*MANUAL*$537$536,79,1365,69,186.00,80.73,40.23,3653,294913.00
727,727,PM4R,*MANUAL*,48,1366,67,170.00,80.31,39.26,2102,168809.00
728,728,PM4VR,*MANUAL*,58,1364,47,167.00,87.01,23.94,2073,180380.00
729,729,MCR,*MANUAL*,56,1374,59,217.00,126.92,39.18,1320,167532.00
730,730,I2R,*MANUAL*,47,1370,53,221.00,106.35,41.13,2103,223662.00
731,731,MCL,*MANUAL*,71,1375,61,254.00,121.74,56.30,1949,237267.00
732,732,I2L,*MANUAL*,79,1373,55,247.00,136.69,53.46,1365,186581.00
733,733,PM1DL,*MANUAL*,66,1379,88,229.00,123.56,50.44,1124,138877.00
734,734,PM1DR,*MANUAL*,60,1383,82,254.00,153.51,45.74,1365,209547.00
735,735,PM1VR,*MANUAL*,51,1388,55,243.00,134.72,52.15,1365,183895.00
736,736,PM1R,*MANUAL*,47,1393,67,204.00,88.99,43.02,1365,121476.00
737,737,MC1DL,*MANUAL*,74,1387,80,189.00,102.94,26.94,2103,216482.00
738,738,PM2D1,*MANUAL*,64,1498,86,174.00,77.76,36.17,2103,163532.00
739,739,PM2D2,*MANUAL*,64,1480,84,218.00,96.33,45.53,2103,202591.00
740,740,E1D,*MANUAL*,61,1452,85,189.00,88.60,37.53,1892,167626.00
741,741,PM2VR1,*MANUAL*,53,1513,61,168.00,77.39,41.84,2069,160120.00
742,742,PM2VR2,*MANUAL*,53,1499,61,184.00,85.69,44.89,2103,180196.00
743,743,*NOUSE*,*NOUSE*,0,0,0,0,0,0,0,0
744,744,E1VR,*MANUAL*,51,1474,60,186.00,99.25,43.88,1300,129027.00
745,745,E3VR,*MANUAL*,52,1440,57,150.00,82.81,32.38,1365,113035.00
746,746,E2VL,*MANUAL*$451$448,72,1547,61,162.00,45.98,31.37,5114,235124.00
747,747,PM2VL1,*MANUAL*,74,1516,59,181.00,81.43,43.98,1357,110506.00
748,748,PM2VL2,*MANUAL*,74,1501,59,236.00,107.81,56.83,1365,147154.00
749,749,E1VL,*MANUAL*,75,1476,59,225.00,124.87,47.51,1175,146720.00
750,750,E3VL,*MANUAL*,77,1443,58,220.00,110.55,33.34,1365,150905.00
751,751,PM3L,*MANUAL*,74,1429,66,159.00,73.09,31.22,1365,99769.00
752,752,PM3DL,*MANUAL*,68,1458,80,161.00,69.62,28.42,2103,146411.00
753,753,PM3VR,*MANUAL*,57,1465,56,174.00,78.72,24.82,1924,151459.00
754,754,PM3VL,*MANUAL*,71,1465,57,205.00,62.45,26.10,2103,131342.00
755,755,RMDVL,*MANUAL*,89,1275,71,207.00,121.76,36.32,1365,166197.00
756,756,ALA,*MANUAL*,64,1269,97,209.00,129.61,34.10,1365,176919.00
757,757,GLRDR,*MANUAL*,59,1271,84,228.00,138.88,44.17,1267,175955.00
758,758,GLRDL,*MANUAL*,71,1270,84,253.00,162.67,45.72,1231,200250.00
759,759,SAAVL,*MANUAL*,78,1264,79,253.00,171.28,37.07,1327,227295.00
760,760,SAAVR,*MANUAL*,49,1269,79,245.00,155.40,37.88,1365,212119.00
761,761,CEPDL,*MANUAL*,78,1271,94,252.00,150.50,40.55,1365,205429.00
762,762,CEPDR,*MANUAL*,51,1270,94,201.00,129.34,30.00,1365,176551.00
763,763,URXR,*MANUAL*,60,1254,91,207.00,135.15,21.17,1365,184480.00
764,764,URXL,*MANUAL*,73,1254,94,223.00,151.83,28.46,1292,196168.00
765,765,ASKL,*MANUAL*,70,1231,92,173.00,119.59,21.57,1364,163127.00
766,766,ASKR,*MANUAL*,54,1236,94,175.00,102.17,25.61,2089,213442.00
767,767,ADLR,*MANUAL*,55,1216,93,159.00,92.57,28.02,2103,194682.00
768,768,ADLL,*MANUAL*,68,1207,93,172.00,104.04,29.24,2103,218802.00
769,769,ASIL,*MANUAL*,73,1188,88,214.00,130.08,30.81,2081,270696.00
770,770,ASIR,*MANUAL*,57,1191,88,178.00,114.58,26.54,2103,240956.00
771,771,RIVR,*MANUAL*,49,1173,91,214.00,134.08,35.30,1365,183021.00
772,772,RIVL,*MANUAL*,78,1168,92,243.00,143.94,43.05,1357,195331.00
773,773,AVAL,*MANUAL*,88,1259,75,213.00,136.70,36.06,1365,186594.00
774,774,SMDVL,*MANUAL*,83,1254,89,228.00,144.28,38.03,1365,196948.00
775,775,AFDL,*MANUAL*,87,1238,79,199.00,103.76,42.96,1985,205965.00
776,776,AWBL,*MANUAL*,85,1215,89,208.00,121.92,46.01,1365,166415.00
777,777,ASGL,*MANUAL*,82,1198,87,236.00,145.22,36.68,1345,195319.00
778,778,AVHL,*MANUAL*,86,1182,89,237.00,139.14,51.34,1365,189921.00
779,779,AVJL,*MANUAL*,88,1165,81,247.00,135.04,55.67,1365,184333.00
780,780,AINL,*MANUAL*,88,1155,70,244.00,133.47,59.53,1365,182184.00
781,781,AVDL,*MANUAL*,89,1176,70,243.00,151.47,42.18,1321,200095.00
782,782,RMDL,*MANUAL*,88,1262,57,226.00,121.26,51.89,1365,165526.00
783,783,SIBDL,*MANUAL*,89,1248,58,242.00,139.56,45.20,1246,173891.00
784,784,AWCL,*MANUAL*,90,1231,63,187.00,94.50,41.23,1918,181256.00
785,785,AUAL,*MANUAL*,91,1213,57,213.00,119.74,45.95,1187,142127.00
786,786,ASJL,*MANUAL*,91,1194,58,175.00,82.36,43.17,2100,172957.00
787,787,ASHL,*MANUAL*,89,1217,74,168.00,89.33,38.64,2103,187863.00
788,788,ASEL,*MANUAL*,89,1195,76,178.00,101.46,36.04,2103,213368.00
789,789,RIAL,*MANUAL*,78,1243,83,218.00,151.16,29.25,1365,206337.00
790,790,ADFL,*MANUAL*,78,1227,82,199.00,135.56,28.29,1365,185042.00
791,791,AWAL,*MANUAL*,78,1208,80,198.00,130.16,32.85,1365,177675.00
792,792,AVBL,*MANUAL*,81,1176,79,241.00,163.79,33.09,979,160348.00
793,793,AVEL,*MANUAL*,81,1249,68,249.00,140.37,35.29,1365,191605.00
794,794,AIBL,*MANUAL*,81,1229,66,220.00,136.38,36.25,1365,186161.00
795,795,RIBL,*MANUAL*,81,1205,66,228.00,131.98,39.64,1365,180153.00
796,796,RIML,*MANUAL*,82,1188,65,201.00,124.43,43.08,1365,169842.00
797,797,AIZL,*MANUAL*,82,1168,63,222.00,145.05,36.77,1365,197989.00
798,798,ADEshL,*MANUAL*,89,1088,63,234.00,124.88,52.49,1365,170460.00
799,799,RMGL,*MANUAL*,89,1101,50,218.00,102.10,46.71,2103,214713.00
800,800,ADEL,*MANUAL*,87,1149,55,250.00,157.74,46.96,1328,209476.00
801,801,FLPL,*MANUAL*,90,1161,55,231.00,132.90,43.92,1365,181403.00
802,802,RICL,*MANUAL*,90,1177,56,218.00,132.14,46.40,1353,178788.00
803,803,AVAR,*MANUAL*,38,1263,71,160.00,104.27,19.29,1365,142331.00
804,804,AFDR,*MANUAL*,39,1243,77,163.00,100.23,23.38,2103,210780.00
805,805,SMDVR,*MANUAL*,44,1255,90,191.00,114.04,35.38,1365,155658.00
806,806,RIAR,*MANUAL*,52,1250,80,192.00,118.43,29.24,1365,161663.00
807,807,ADFR,*MANUAL*,44,1231,86,164.00,106.76,25.51,1365,145724.00
808,808,AWAR,*MANUAL*,49,1218,75,168.00,117.68,21.14,1348,158633.00
809,809,AWBR,*MANUAL*,40,1215,88,190.00,101.03,35.54,2103,212462.00
810,810,ASGR,*MANUAL*,51,1205,83,197.00,134.17,25.72,1365,183146.00
811,811,AVHR,*MANUAL*,39,1189,88,200.00,105.57,43.92,1365,144106.00
812,812,AVBR,*MANUAL*,48,1181,78,227.00,143.23,27.49,1351,193505.00
813,813,AVDR,*MANUAL*,37,1181,69,191.00,110.74,33.76,1365,151162.00
814,814,AVJR,*MANUAL*,37,1171,83,200.00,112.05,35.15,1365,152950.00
815,815,RMDR,*MANUAL*,40,1266,55,177.00,109.94,33.24,1365,150070.00
816,816,SIBDR,*MANUAL*,36,1253,52,196.00,125.02,32.92,1347,168399.00
817,817,AWCR,*MANUAL*,37,1238,58,136.00,89.29,22.36,2103,187772.00
818,818,AUAR,*MANUAL*,37,1221,52,193.00,97.79,38.35,2025,198022.00
819,819,ASJR,*MANUAL*,39,1206,51,140.00,78.19,24.42,2103,164444.00
820,820,ASHR,*MANUAL*,37,1222,70,141.00,85.47,19.86,2103,179749.00
821,821,ASER,*MANUAL*,37,1204,73,146.00,80.16,21.58,2103,168572.00
822,822,ADER,*MANUAL*,38,1153,67,193.00,102.03,40.13,1365,139266.00
823,823,FLPR,*MANUAL*,38,1166,58,185.00,119.08,30.40,1365,162551.00
824,824,RICR,*MANUAL*,38,1181,51,177.00,101.30,35.06,1365,138272.00
825,825,AIZR,*MANUAL*,48,1178,63,188.00,127.09,30.17,1362,173103.00
826,826,AVER,*MANUAL*,49,1254,65,181.00,118.21,27.93,1355,160181.00
827,827,RIMR,*MANUAL*,44,1191,60,166.00,106.21,24.98,1351,143483.00
828,828,RIBR,*MANUAL*,49,1197,70,182.00,120.58,29.38,1365,164585.00
829,829,AIBR,*MANUAL*,49,1234,69,183.00,118.10,22.54,1365,161205.00
830,830,RMDDR,*MANUAL*,48,1260,39,192.00,109.66,41.57,1365,149686.00
831,831,SMDDR,*MANUAL*,51,1241,37,182.00,118.60,28.12,1342,159158.00
832,832,SMBDR,*MANUAL*,55,1224,38,206.00,126.93,32.80,1295,164375.00
833,833,SIAVR,*MANUAL*,49,1210,41,210.00,117.94,34.77,1351,159343.00
834,834,RMDDL,*MANUAL*,83,1255,43,225.00,114.90,48.39,1251,143736.00
835,835,SMDDL,*MANUAL*,81,1239,41,216.00,129.01,40.23,1345,173515.00
836,836,SMBDL,*MANUAL*,79,1224,39,212.00,126.24,40.07,1365,172322.00
837,837,SIAVL,*MANUAL*,80,1205,42,207.00,117.49,43.79,1333,156620.00
838,838,EXC DUCT,*MANUAL*,77,1199,52,199.00,113.27,34.39,1365,154610.00
839,839,SIBVL,*MANUAL*,81,1241,55,239.00,150.32,34.93,1357,203983.00
840,840,SIBVR,*MANUAL*,47,1248,49,212.00,145.17,31.83,1253,181900.00
841,841,SIADR,*MANUAL*,44,1227,45,203.00,135.80,33.55,1365,185373.00
842,842,AVL,*MANUAL*,52,1218,57,191.00,108.85,29.82,1333,145098.00
843,843,AIAR,*MANUAL*,61,1217,48,239.00,132.43,52.94,1346,178254.00
844,844,AIAL,*MANUAL*,72,1215,47,224.00,164.81,35.42,889,146512.00
845,845,SIADL,*MANUAL*,83,1215,52,226.00,148.87,39.17,1365,203213.00
846,846,RIR,*MANUAL*,54,1236,55,213.00,111.78,43.93,1357,151689.00
847,847,SMBVR,*MANUAL*,61,1233,45,221.00,142.25,28.55,1365,194174.00
848,848,SMBVL,*MANUAL*,74,1232,48,231.00,137.80,36.79,1365,188093.00
849,849,RIH,*MANUAL*,65,1249,47,223.00,142.25,39.02,1182,168143.00
850,850,SAADR,*MANUAL*,55,1251,43,227.00,156.31,37.48,1365,213365.00
851,851,SAADL,*MANUAL*,75,1250,44,242.00,157.96,34.26,1365,215611.00
852,852,GLRVL,*MANUAL*,74,1265,49,248.00,144.73,50.55,1319,190902.00
853,853,GLRVR,*MANUAL*,55,1265,49,211.00,132.74,38.38,1365,181192.00
854,854,GLRR,*MANUAL*,52,1266,62,199.00,118.40,33.08,1365,161612.00
855,855,GLRL,*MANUAL*,77,1262,59,252.00,125.40,60.09,1365,171166.00
856,856,G1,*MANUAL*,69,1245,31,173.00,82.92,39.46,1365,113184.00
857,857,G2,*MANUAL*,66,1224,36,218.00,115.55,49.19,1365,157722.00
858,858,W,*MANUAL*,70,1194,34,207.00,84.67,42.12,1991,168584.00
859,859,MC2V,*MANUAL*,66,1173,59,172.00,98.08,29.02,1365,133886.00
860,860,MC2DR,*MANUAL*,58,1174,73,155.00,90.17,25.04,2080,187546.00
861,861,MC2DL,*MANUAL*,73,1175,75,211.00,113.50,28.02,2103,238687.00
862,862,PM5DL,*MANUAL*,71,1157,86,204.00,130.60,27.96,1328,173437.00
863,863,PM5DR,*MANUAL*,58,1157,86,187.00,109.36,31.37,2103,229984.00
864,864,PM5VR,*MANUAL*,58,1149,55,212.00,137.13,30.38,1365,187176.00
865,865,PM5VL,*MANUAL*,70,1149,55,214.00,143.75,33.04,1167,167760.00
866,866,M2L,*MANUAL*,77,1144,60,252.00,169.29,47.21,1365,231081.00
867,867,MC3DR,*MANUAL*,48,1101,76,174.00,78.31,34.66,1953,152949.00
868,868,VPI3D,*MANUAL*,65,1062,73,216.00,102.14,42.01,2095,213986.00
869,869,VPI1,*MANUAL*,63,1069,85,181.00,97.33,34.97,1365,132862.00
870,870,VPI2DR,*MANUAL*,50,1073,65,200.00,106.12,44.69,1365,144857.00
871,871,VPI2DL,*MANUAL*,78,1072,72,228.00,116.95,53.39,1365,159634.00
872,872,INV3,*MANUAL*,64,918,50,111.00,32.51,12.72,3974,129192.00
873,873,INV4,*MANUAL*,60,804,53,116.00,31.41,13.04,4010,125973.00
874,874,IND3,*MANUAL*,60,888,85,65.00,32.74, 9.67,4139,135499.00
875,875,INV5,*MANUAL*,71,711,66,93.00,38.47,15.32,3846,147940.00
876,876,IND7,*MANUAL*$266$250,55,500,78,66.00,30.28,11.02,5682,172036.00
877,877,IND8,*MANUAL*,61,420,82,154.00,49.91,20.62,4036,201427.00
878,878,IND9,*MANUAL*,76,366,75,115.00,40.79,22.82,4139,168847.00
879,879,INV7,*MANUAL*,66,557,57,75.00,34.17,10.86,4059,138701.00
880,880,INV8,*MANUAL*,61,457,52,97.00,41.41,20.35,4131,171070.00
881,881,*NOUSE*,*NOUSE*,0,0,0,0,0,0,0,0
882,882,DB7,*MANUAL*,61,440,45,188.00,85.64,37.46,2103,180094.00
883,883,DA7,*MANUAL*,61,418,47,203.00,103.91,39.29,2103,218531.00
884,884,DD4,*MANUAL*,65,634,38,197.00,81.14,48.33,2103,170638.00
885,885,DB6,*MANUAL*,66,571,42,168.00,79.93,34.14,2103,168098.00
886,886,DA6,*MANUAL*,66,548,43,190.00,77.76,42.44,2103,163530.00
887,887,DB5,*MANUAL*,70,754,40,206.00,93.49,42.73,1955,182776.00
888,888,DD3,*MANUAL*,69,801,39,199.00,93.47,43.04,1891,176745.00
889,889,DB1,*MANUAL*,69,1117,25,208.00,92.95,48.79,1950,181254.00
890,890,DD1,*MANUAL*,75,1124,32,238.00,139.34,42.85,1365,190203.00
891,891,SABVR,*MANUAL*,63,1161,35,252.00,160.91,46.02,1185,190675.00
892,892,SABVL,*MANUAL*,71,1164,34,242.00,139.33,56.24,1365,190180.00
893,893,DB2,*MANUAL*,70,1177,30,219.00,117.09,46.03,1183,138516.00
894,894,EXC,*MANUAL*,58,1198,46,145.00,54.00,18.55,4076,220094.00
895,895,AIMR,*MANUAL*,58,1180,47,225.00,145.25,37.43,1205,175024.00
896,896,AIYR,*MANUAL*,49,1182,44,213.00,140.90,30.62,1365,192325.00
897,897,RIS,*MANUAL*,52,1170,36,188.00,101.25,39.70,1365,138205.00
898,898,AIML,*MANUAL*,71,1177,45,246.00,132.59,45.71,1231,163223.00
899,899,AIYL,*MANUAL*,80,1175,50,234.00,144.73,44.86,1365,197561.00
900,900,P5/6L,*MANUAL*$588$606,82,720,52,136.00,45.15,25.31,4914,221862.00
901,901,P7/8L,*MANUAL*$561$545,80,605,51,144.00,44.82,26.27,4788,214576.00
902,902,QL,*MANUAL*,80,548,58,141.00,47.12,26.60,4139,195048.00
903,903,V5L,*MANUAL*$549$509,78,497,59,119.00,43.87,24.24,5089,223273.00
904,904,V2R,*MANUAL*$55$42$56,39,891,52,105.00,36.94,17.34,5938,219333.00
905,905,P5/6R,*MANUAL*,44,747,46,142.00,65.34,28.72,2103,137401.00
906,906,V4R,*MANUAL*,39,647,55,112.00,48.95,20.67,4139,202606.00
907,907,QR,*MANUAL*,44,552,57,133.00,59.29,21.20,2969,176035.00
908,908,M,*MANUAL*$179$178,50,559,73,102.00,35.66,18.44,7018,250295.00
909,909,V6R,*MANUAL*$87$98,42,434,64,108.00,38.81,20.51,6585,255553.00
910,910,CANL,*MANUAL*,82,710,67,175.00,89.23,36.66,2103,187661.00
911,911,HYP8,*MANUAL*,58,142,62,189.00,80.67,46.54,2103,169656.00
912,912,TL,*MANUAL*,69,207,70,187.00,74.39,39.27,2879,214177.00
913,913,TR,*MANUAL*,57,205,74,161.00,72.88,30.65,2969,216381.00
914,914,PLML,*MANUAL*,67,223,63,224.00,129.95,46.72,1365,177384.00
915,915,SPH,*MANUAL*,76,332,64,200.00,120.40,40.12,1347,162173.00
916,916,VIRR,*MANUAL*,58,330,80,159.00,64.11,31.59,2103,134813.00
917,917,PLMR,*MANUAL*,54,222,64,225.00,120.55,50.88,1365,164551.00
918,918,PHshR,*MANUAL*,54,232,73,223.00,122.22,48.78,1362,166465.00
919,919,PVCR,*MANUAL*,52,257,70,199.00,110.27,44.11,2103,231903.00
920,920,REPD,*MANUAL*,67,307,86,240.00,120.91,48.67,1341,162140.00
921,921,K,*MANUAL*,68,291,83,212.00,121.98,39.68,1791,218465.00
922,922,VL19,*MANUAL*,67,246,56,193.00,99.33,50.58,1746,173436.00
923,923,VR20,*MANUAL*,57,246,58,220.00,108.01,50.66,2103,227147.00
924,924,DL21,*MANUAL*,63,227,80,225.00,97.81,56.83,2103,205704.00
925,925,DR21,*MANUAL*,58,293,87,195.00,98.53,43.90,2086,205533.00
926,926,Z2,*MANUAL*,54,703,52,184.00,79.89,28.99,4139,330666.00
927,927,Z3,*MANUAL*,66,675,50,198.00,83.31,32.52,4139,344804.00
928,928,H1R,*MANUAL*,35,1295,59,130.00,60.36,21.58,2969,179194.00
929,929,AMshR,*MANUAL*,35,1105,77,138.00,53.03,23.99,4139,219498.00
930,930,HYP7ABRD,*MANUAL*$49$26,35,1064,67,103.00,39.56,19.12,5358,211970.00
931,931,HYP7ABR3,*MANUAL*$66$48,37,1029,67,101.00,34.92,16.78,6649,232162.00
932,932,HYP7RC2,*MANUAL*$69$50,37,835,73,84.00,33.86,14.87,6742,228314.00
933,933,HYP7RC3,*MANUAL*$67$65,38,724,67,87.00,33.87,15.29,5518,186902.00
934,934,HYP7RC4,*MANUAL*$80$101$89,41,604,77,92.00,32.85,14.19,6212,204056.00
935,935,HYP7RC6,*MANUAL*,49,312,86,133.00,24.14,23.29,2961,71466.00
936,936,H1L,*MANUAL*,90,1292,62,169.00,53.31,33.27,4139,220640.00
937,937,HYP7ABLV,*MANUAL*$639$638,89,1063,58,110.00,41.76,20.64,5394,225239.00
938,938,HYP7LC1,*MANUAL*$617$611,85,956,74,116.00,40.34,21.37,6305,254348.00
939,939,HYP7LC2,*MANUAL*$580$591,81,855,75,117.00,39.09,21.49,6270,245116.00
940,940,HYP7LC3,*MANUAL*$595$602,83,739,79,103.00,39.90,19.20,5636,224893.00
941,941,HYP7LC5,*MANUAL*$566$565,79,538,77,117.00,37.87,19.16,6270,237431.00
942,942,HYP7RC5,*MANUAL*$550$527,77,460,73,102.00,40.37,20.11,5907,238474.00
943,943,HYP7LC6,*MANUAL*,76,298,81,148.00,45.55,35.02,2103,95783.00
944,944,PVPL,*MANUAL*,73,345,53,241.00,112.37,53.04,1359,152717.00
945,945,DD6,*MANUAL*,67,327,57,230.00,134.14,46.24,1343,180150.00
946,946,PVPR,*MANUAL*,56,326,58,226.00,124.65,51.52,1365,170153.00
947,947,PVT,*MANUAL*,61,346,56,203.00,111.86,39.78,1365,152684.00
948,948,IMR,*MANUAL*,46,375,56,143.00,77.09,31.43,1156,89114.00
949,949,INV9,*MANUAL*,54,374,63,124.00,52.21,21.91,2969,155016.00
950,950,IML,*MANUAL*,69,381,52,159.00,57.22,40.08,2103,120330.00
951,951,VR5,*MANUAL*,53,1289,33,159.00,97.72,33.00,1113,108758.00
952,952,VR6,*MANUAL*,46,1286,37,154.00,81.79,31.40,1365,111647.00
953,953,VR7,*MANUAL*,54,1193,32,151.00,61.74,32.86,2103,129849.00
954,954,VR12,*MANUAL*,53,918,44,148.00,85.25,25.34,1365,116363.00
955,955,VR14,*MANUAL*,55,810,42,149.00,71.62,39.13,2103,150623.00
956,956,VR15,*MANUAL*,59,745,42,186.00,109.71,33.90,1365,149758.00
957,957,DR5,*MANUAL*,48,1311,98,164.00,65.22,37.94,2103,137151.00
958,958,DR7,*MANUAL*,55,1188,102,193.00,84.22,42.05,2103,177123.00
959,959,HMC,*MANUAL*,63,1166,101,199.00,83.80,46.61,2103,176240.00
960,960,DR20,*MANUAL*,50,422,90,155.00,71.85,42.12,2103,151097.00
961,961,VL1,*MANUAL*,84,1478,57,226.00,77.27,50.96,2103,162490.00
962,962,VL4,*MANUAL*,84,1351,48,175.00,64.31,42.02,2103,135235.00
963,963,VL5,*MANUAL*,78,1307,37,160.00,72.30,39.76,1365,98689.00
964,964,VL7,*MANUAL*,77,1184,35,214.00,78.96,46.27,2103,166055.00
965,965,VL14,*MANUAL*,76,804,49,173.00,83.65,34.55,2103,175907.00
966,966,CCLA,*MANUAL*,77,761,48,189.00,81.58,48.55,2103,171557.00
967,967,DL4,*MANUAL*,82,1358,91,201.00,90.10,45.23,2103,189474.00
968,968,IL2DL,*MANUAL*,73,1343,94,214.00,114.04,46.60,2103,239825.00
969,969,DL7,*MANUAL*,73,1177,102,198.00,89.27,47.95,2103,187726.00
970,970,DL18,*MANUAL*,72,501,86,162.00,74.65,40.61,2103,156991.00
971,971,HYP6V1,*MANUAL*,65,1463,36,151.00,58.61,36.97,2103,123262.00
972,972,HYP7V1,*MANUAL*,65,1327,29,118.00,41.97,28.68,2103,88268.00
973,973,HYP7V2,*MANUAL*,64,1305,29,165.00,52.38,39.19,2103,110153.00
974,974,HYP7D2,*MANUAL*,65,1250,104,151.00,50.63,29.84,2969,150310.00
975,975,K',*MANUAL*,55,304,82,203.00,138.36,29.46,895,123830.00
976,976,F1,*MANUAL*,65,1567,71, 7.00, 1.23, 1.22,895,1100.00
977,977,F2,*MANUAL*,65,1515,66,34.00, 9.70, 6.44,895,8682.00
978,978,F3,*MANUAL*,64,1478,64,75.00,16.13,12.61,895,14437.00
979,979,F4,*MANUAL*,64,1293,66,14.00, 6.81, 2.12,895,6093.00
980,980,F5,*MANUAL*,62,1243,66,30.00,15.78, 3.20,895,14123.00
981,981,F6,*MANUAL*,62,1209,66,28.00,13.76, 3.54,895,12316.00
982,982,F7,*MANUAL*,62,1115,66,19.00, 8.15, 2.89,895,7291.00
983,983,F8,*MANUAL*,60,1038,66,18.00, 8.89, 2.40,895,7959.00
984,984,F9,*MANUAL*,60,996,64,16.00, 6.24, 3.48,895,5589.00
985,985,F10,*MANUAL*,60,888,63,14.00, 4.90, 3.00,895,4389.00
