0,0,*NOUSE*,*NOUSE*,0,0,0,0,0,0,0,0
1,1,AWCL,,34,1214,72,165.00,60.45,37.83,4707,284522.00
2,2,ADAL,,35,1127,76,224.00,80.95,53.19,3735,302339.00
3,3,AUAL,,36,1196,77,203.00,78.97,48.20,4273,337451.00
4,4,*NOUSE*,*NOUSE*,0,0,0,0,0,0,0,0
5,5,*NOUSE*,*NOUSE*,0,0,0,0,0,0,0,0
6,6,*NOUSE*,*NOUSE*,0,0,0,0,0,0,0,0
7,7,IL2L,,37,1328,59,179.00,66.28,41.68,3937,260926.00
8,8,OLLshL,OLLSHL,35,1366,65,191.00,64.72,45.35,3860,249820.00
9,9,*NOUSE*,*NOUSE*,0,0,0,0,0,0,0,0
10,10,H1L,,36,1264,69,132.00,47.06,24.78,5648,265767.00
11,11,RMDVL,,38,1254,57,171.00,63.22,40.43,4651,294042.00
12,12,ASJL,,37,1178,74,175.00,66.86,38.84,4583,306423.00
13,13,hyp7ABLV,,35,1072,71,138.00,40.15,22.74,7563,303672.00
14,14,*NOUSE*,*NOUSE*,0,0,0,0,0,0,0,0
15,15,*NOUSE*,*NOUSE*,0,0,0,0,0,0,0,0
16,16,ADEshL,,36,1096,66,213.00,65.01,45.92,4549,295744.00
17,17,RMGL,,37,1112,75,201.00,66.55,44.06,4410,293485.00
18,18,*NOUSE*,*NOUSE*,0,0,0,0,0,0,0,0
19,19,AVAL,,38,1236,63,180.00,74.11,44.35,4177,309568.00
20,20,ASHL,,38,1200,62,154.00,68.80,35.81,4037,277738.00
21,21,XXXL,,38,1329,71,214.00,81.21,50.92,3125,253793.00
22,22,*NOUSE*,*NOUSE*,0,0,0,0,0,0,0,0
23,23,*NOUSE*,*NOUSE*,0,0,0,0,0,0,0,0
24,24,*NOUSE*,*NOUSE*,0,0,0,0,0,0,0,0
25,25,V1L,,39,986,56,141.00,43.14,29.15,6061,261471.00
26,26,ARCADL,,39,1448,63,163.00,48.79,31.14,4993,243602.00
27,27,RICL,,39,1161,72,229.00,84.57,50.84,3524,298009.00
28,28,*NOUSE*,*NOUSE*,0,0,0,0,0,0,0,0
29,29,*NOUSE*,*NOUSE*,0,0,0,0,0,0,0,0
30,30,URBL,,39,1306,60,234.00,82.98,49.80,3539,293650.00
31,31,HYP2L,,40,1430,59,150.00,53.79,31.30,3957,212855.00
32,32,BAGL,,39,1287,67,167.00,67.72,39.50,3765,254964.00
33,33,*NOUSE*,*NOUSE*,0,0,0,0,0,0,0,0
34,34,ILshL,ILSHL,41,1377,75,154.00,63.91,35.06,3554,227141.00
35,35,*NOUSE*,*NOUSE*,0,0,0,0,0,0,0,0
36,36,*NOUSE*,*NOUSE*,0,0,0,0,0,0,0,0
37,37,*NOUSE*,*NOUSE*,0,0,0,0,0,0,0,0
38,38,*NOUSE*,*NOUSE*,0,0,0,0,0,0,0,0
39,39,AFDL,,41,1219,61,180.00,79.98,36.23,3286,262804.00
40,40,*NOUSE*,*NOUSE*,0,0,0,0,0,0,0,0
41,41,*NOUSE*,*NOUSE*,0,0,0,0,0,0,0,0
42,42,CANL,,42,696,70,173.00,51.71,36.49,6392,330534.00
43,43,*NOUSE*,*NOUSE*,0,0,0,0,0,0,0,0
44,44,P3/4L,,40,807,84,135.00,42.28,27.64,6013,254242.00
45,45,*NOUSE*,*NOUSE*,0,0,0,0,0,0,0,0
46,46,ASEL,,41,1182,55,171.00,68.85,37.92,3472,239046.00
47,47,AINL,,42,1142,55,202.00,82.29,43.04,3044,250484.00
48,48,IL1L,,42,1316,69,182.00,86.01,45.51,3087,265517.00
49,49,*NOUSE*,*NOUSE*,0,0,0,0,0,0,0,0
50,50,exc gl L,,41,1107,90,192.00,63.22,39.68,5262,332676.00
51,51,*NOUSE*,*NOUSE*,0,0,0,0,0,0,0,0
52,52,*NOUSE*,*NOUSE*,0,0,0,0,0,0,0,0
53,53,HYP1L,,43,1379,46,167.00,59.62,36.71,5412,322683.00
54,54,*NOUSE*,*NOUSE*,0,0,0,0,0,0,0,0
55,55,*NOUSE*,*NOUSE*,0,0,0,0,0,0,0,0
56,56,BDUL,,42,1004,62,230.00,70.12,56.58,3675,257705.00
57,57,hyp7LC3,,42,753,60,99.00,33.78,19.73,6238,210747.00
58,58,V2L,,41,854,77,132.00,36.79,23.71,6375,234541.00
59,59,*NOUSE*,*NOUSE*,0,0,0,0,0,0,0,0
60,60,V3L,,42,755,82,118.00,37.74,22.58,5186,195721.00
61,61,*NOUSE*,*NOUSE*,0,0,0,0,0,0,0,0
62,62,*NOUSE*,*NOUSE*,0,0,0,0,0,0,0,0
63,63,*NOUSE*,*NOUSE*,0,0,0,0,0,0,0,0
64,64,*NOUSE*,*NOUSE*,0,0,0,0,0,0,0,0
65,65,*NOUSE*,*NOUSE*,0,0,0,0,0,0,0,0
66,66,*NOUSE*,*NOUSE*,0,0,0,0,0,0,0,0
67,67,*NOUSE*,*NOUSE*,0,0,0,0,0,0,0,0
68,68,*NOUSE*,*NOUSE*,0,0,0,0,0,0,0,0
69,69,*NOUSE*,*NOUSE*,0,0,0,0,0,0,0,0
70,70,CEPsoVL,,44,1315,83,190.00,80.64,38.30,3370,271773.00
71,71,*NOUSE*,*NOUSE*,0,0,0,0,0,0,0,0
72,72,CEPshVL,,43,1273,83,183.00,61.87,36.42,3749,231963.00
73,73,*NOUSE*,*NOUSE*,0,0,0,0,0,0,0,0
74,74,*NOUSE*,*NOUSE*,0,0,0,0,0,0,0,0
75,75,*NOUSE*,*NOUSE*,0,0,0,0,0,0,0,0
76,76,*NOUSE*,*NOUSE*,0,0,0,0,0,0,0,0
77,77,*NOUSE*,*NOUSE*,0,0,0,0,0,0,0,0
78,78,*NOUSE*,*NOUSE*,0,0,0,0,0,0,0,0
79,79,*NOUSE*,*NOUSE*,0,0,0,0,0,0,0,0
80,80,OLQVL,,45,1289,80,182.00,83.26,41.37,2636,219471.00
81,81,P1/2L,,45,897,80,147.00,45.38,31.90,5244,237996.00
82,82,*NOUSE*,*NOUSE*,0,0,0,0,0,0,0,0
83,83,*NOUSE*,*NOUSE*,0,0,0,0,0,0,0,0
84,84,VL4,,43,1334,88,123.00,52.36,21.74,2697,141217.00
85,85,*NOUSE*,*NOUSE*,0,0,0,0,0,0,0,0
86,86,*NOUSE*,*NOUSE*,0,0,0,0,0,0,0,0
87,87,*NOUSE*,*NOUSE*,0,0,0,0,0,0,0,0
88,88,*NOUSE*,*NOUSE*,0,0,0,0,0,0,0,0
89,89,ALML,,46,812,45,205.00,56.98,44.31,5103,290749.00
90,90,CEPshDL,,45,1270,47,177.00,67.11,36.09,3951,265138.00
91,91,*NOUSE*,*NOUSE*,0,0,0,0,0,0,0,0
92,92,RMEL,,46,1277,61,182.00,73.10,40.50,3818,279102.00
93,93,*NOUSE*,*NOUSE*,0,0,0,0,0,0,0,0
94,94,*NOUSE*,*NOUSE*,0,0,0,0,0,0,0,0
95,95,*NOUSE*,*NOUSE*,0,0,0,0,0,0,0,0
96,96,V5L,,46,479,72,166.00,46.81,33.02,6675,312429.00
97,97,*NOUSE*,*NOUSE*,0,0,0,0,0,0,0,0
98,98,AVKL,,44,1131,88,216.00,91.20,44.87,3151,287373.00
99,99,*NOUSE*,*NOUSE*,0,0,0,0,0,0,0,0
100,100,SIADL,,45,1198,87,228.00,104.03,48.06,3157,328429.00
101,101,*NOUSE*,*NOUSE*,0,0,0,0,0,0,0,0
102,102,*NOUSE*,*NOUSE*,0,0,0,0,0,0,0,0
103,103,*NOUSE*,*NOUSE*,0,0,0,0,0,0,0,0
104,104,*NOUSE*,*NOUSE*,0,0,0,0,0,0,0,0
105,105,OLLsoL,,47,1343,59,166.00,69.10,35.27,3773,260720.00
106,106,*NOUSE*,*NOUSE*,0,0,0,0,0,0,0,0
107,107,V6L,,47,401,68,140.00,41.15,27.95,6550,269527.00
108,108,*NOUSE*,*NOUSE*,0,0,0,0,0,0,0,0
109,109,HSNL,,47,656,85,193.00,58.41,44.61,3574,208760.00
110,110,*NOUSE*,*NOUSE*,0,0,0,0,0,0,0,0
111,111,SIAVL,,47,1181,95,226.00,87.40,46.34,3490,305031.00
112,112,*NOUSE*,*NOUSE*,0,0,0,0,0,0,0,0
113,113,*NOUSE*,*NOUSE*,0,0,0,0,0,0,0,0
114,114,*NOUSE*,*NOUSE*,0,0,0,0,0,0,0,0
115,115,*NOUSE*,*NOUSE*,0,0,0,0,0,0,0,0
116,116,*NOUSE*,*NOUSE*,0,0,0,0,0,0,0,0
117,117,QL,,50,484,52,181.00,57.84,41.94,8599,497388.00
118,118,mc3DL,,45,1095,61,188.00,75.07,44.05,1565,117477.00
119,119,pm1L,,50,1372,56,182.00,76.63,40.08,2497,191338.00
120,120,P11/12L,,46,331,68,149.00,49.49,34.14,4488,222116.00
121,121,RIBL,,47,1190,71,207.00,90.54,42.45,3305,299230.00
122,122,*NOUSE*,*NOUSE*,0,0,0,0,0,0,0,0
123,123,VL2,,46,1418,85,102.00,46.41,18.40,3365,156180.00
124,124,*NOUSE*,*NOUSE*,0,0,0,0,0,0,0,0
125,125,*NOUSE*,*NOUSE*,0,0,0,0,0,0,0,0
126,126,*NOUSE*,*NOUSE*,0,0,0,0,0,0,0,0
127,127,*NOUSE*,*NOUSE*,0,0,0,0,0,0,0,0
128,128,SMDDL,,47,1219,102,204.00,91.77,44.85,3413,313206.00
129,129,SMBDL,,47,1196,103,214.00,91.20,46.64,3417,311635.00
130,130,*NOUSE*,*NOUSE*,0,0,0,0,0,0,0,0
131,131,*NOUSE*,*NOUSE*,0,0,0,0,0,0,0,0
132,132,*NOUSE*,*NOUSE*,0,0,0,0,0,0,0,0
133,133,vpi2DL,,48,1061,52,214.00,65.35,49.29,3876,253289.00
134,134,*NOUSE*,*NOUSE*,0,0,0,0,0,0,0,0
135,135,*NOUSE*,*NOUSE*,0,0,0,0,0,0,0,0
136,136,AVEL,,47,1229,72,221.00,98.96,47.44,2528,250166.00
137,137,*NOUSE*,*NOUSE*,0,0,0,0,0,0,0,0
138,138,*NOUSE*,*NOUSE*,0,0,0,0,0,0,0,0
139,139,*NOUSE*,*NOUSE*,0,0,0,0,0,0,0,0
140,140,*NOUSE*,*NOUSE*,0,0,0,0,0,0,0,0
141,141,M5,,51,1087,50,214.00,67.92,47.23,3757,255169.00
142,142,*NOUSE*,*NOUSE*,0,0,0,0,0,0,0,0
143,143,SAAVL,,48,1240,57,223.00,94.84,47.72,2907,275708.00
144,144,ADFL,,50,1209,57,180.00,83.49,38.26,3024,252461.00
145,145,*NOUSE*,*NOUSE*,0,0,0,0,0,0,0,0
146,146,RIPL,,49,1293,61,203.00,82.37,40.31,3380,278417.00
147,147,RIML,,49,1172,65,202.00,98.03,40.17,3090,302910.00
148,148,*NOUSE*,*NOUSE*,0,0,0,0,0,0,0,0
149,149,PVQL,,51,277,67,186.00,63.23,43.42,4600,290862.00
150,150,*NOUSE*,*NOUSE*,0,0,0,0,0,0,0,0
151,151,*NOUSE*,*NOUSE*,0,0,0,0,0,0,0,0
152,152,*NOUSE*,*NOUSE*,0,0,0,0,0,0,0,0
153,153,*NOUSE*,*NOUSE*,0,0,0,0,0,0,0,0
154,154,VL5,,49,1273,98,162.00,62.26,31.73,3407,212131.00
155,155,*NOUSE*,*NOUSE*,0,0,0,0,0,0,0,0
156,156,*NOUSE*,*NOUSE*,0,0,0,0,0,0,0,0
157,157,inDL1,,52,994,41,94.00,35.03,18.95,6909,242036.00
158,158,*NOUSE*,*NOUSE*,0,0,0,0,0,0,0,0
159,159,OLLL,,48,1308,55,192.00,93.53,40.42,2247,210153.00
160,160,*NOUSE*,*NOUSE*,0,0,0,0,0,0,0,0
161,161,repVL,,51,295,66,221.00,72.32,52.58,4036,291871.00
162,162,NSML,,50,1333,71,204.00,79.54,42.37,3149,250465.00
163,163,AIBL,,49,1208,75,191.00,82.30,40.00,3734,307326.00
164,164,g2L,,54,1067,81,251.00,81.36,52.61,4370,355526.00
165,165,*NOUSE*,*NOUSE*,0,0,0,0,0,0,0,0
166,166,*NOUSE*,*NOUSE*,0,0,0,0,0,0,0,0
167,167,*NOUSE*,*NOUSE*,0,0,0,0,0,0,0,0
168,168,*NOUSE*,*NOUSE*,0,0,0,0,0,0,0,0
169,169,*NOUSE*,*NOUSE*,0,0,0,0,0,0,0,0
170,170,CEPDL,,52,1233,40,203.00,85.88,45.90,2892,248365.00
171,171,*NOUSE*,*NOUSE*,0,0,0,0,0,0,0,0
172,172,*NOUSE*,*NOUSE*,0,0,0,0,0,0,0,0
173,173,*NOUSE*,*NOUSE*,0,0,0,0,0,0,0,0
174,174,*NOUSE*,*NOUSE*,0,0,0,0,0,0,0,0
175,175,*NOUSE*,*NOUSE*,0,0,0,0,0,0,0,0
176,176,I6,,51,1117,52,223.00,84.09,49.39,3371,283481.00
177,177,PHBL,,52,259,62,204.00,80.49,50.66,3403,273923.00
178,178,imL,,51,355,72,166.00,52.01,37.17,5075,263963.00
179,179,g1aL,,51,1126,64,202.00,86.61,42.83,3103,268750.00
180,180,I1L,,51,1384,71,177.00,67.57,37.89,3994,269856.00
181,181,*NOUSE*,,47,1294,77,171.00,82.40,38.19,215,17716.00
182,182,exc duct,,54,1177,84,192.00,77.35,32.07,5382,416298.00
183,183,*NOUSE*,*NOUSE*,0,0,0,0,0,0,0,0
184,184,*NOUSE*,*NOUSE*,0,0,0,0,0,0,0,0
185,185,*NOUSE*,*NOUSE*,0,0,0,0,0,0,0,0
186,186,*NOUSE*,*NOUSE*,0,0,0,0,0,0,0,0
187,187,*NOUSE*,*NOUSE*,0,0,0,0,0,0,0,0
188,188,*NOUSE*,*NOUSE*,0,0,0,0,0,0,0,0
189,189,*NOUSE*,*NOUSE*,0,0,0,0,0,0,0,0
190,190,DL16,,53,633,47,155.00,47.12,34.10,5157,243007.00
191,191,pm3L,,53,1408,63,129.00,48.62,25.99,3699,179852.00
192,192,pm6VL,,52,1113,83,177.00,66.62,35.27,4815,320759.00
193,193,*NOUSE*,*NOUSE*,0,0,0,0,0,0,0,0
194,194,*NOUSE*,*NOUSE*,0,0,0,0,0,0,0,0
195,195,VL14,,52,762,92,135.00,42.03,26.99,4636,194855.00
196,196,IL2vL,IL2VR,53,1320,92,189.00,74.36,37.25,3429,254979.00
197,197,*NOUSE*,*NOUSE*,0,0,0,0,0,0,0,0
198,198,*NOUSE*,*NOUSE*,0,0,0,0,0,0,0,0
199,199,CCLA,,53,735,95,185.00,50.89,39.86,3780,192380.00
200,200,*NOUSE*,*NOUSE*,0,0,0,0,0,0,0,0
201,201,*NOUSE*,*NOUSE*,0,0,0,0,0,0,0,0
202,202,ASGL,,52,1181,49,209.00,90.46,42.23,3224,291639.00
203,203,LUAL,,54,246,56,250.00,93.44,63.11,3230,301802.00
204,204,*NOUSE*,*NOUSE*,0,0,0,0,0,0,0,0
205,205,PVCL,,55,240,67,230.00,77.51,52.71,3607,279588.00
206,206,PHAL,,54,262,74,216.00,79.27,51.54,3609,286070.00
207,207,*NOUSE*,*NOUSE*,0,0,0,0,0,0,0,0
208,208,M2L,,52,1130,79,249.00,111.60,54.68,2795,311927.00
209,209,CCLP,,56,721,95,194.00,53.89,43.86,3718,200360.00
210,210,VL13,,54,825,99,162.00,46.45,33.77,5033,233788.00
211,211,RIFL,,53,1120,102,222.00,89.11,51.77,3496,311523.00
212,212,DL11,,55,962,31,159.00,48.94,37.12,4400,215343.00
213,213,*NOUSE*,*NOUSE*,0,0,0,0,0,0,0,0
214,214,*NOUSE*,*NOUSE*,0,0,0,0,0,0,0,0
215,215,*NOUSE*,*NOUSE*,0,0,0,0,0,0,0,0
216,216,*NOUSE*,*NOUSE*,0,0,0,0,0,0,0,0
217,217,*NOUSE*,*NOUSE*,0,0,0,0,0,0,0,0
218,218,*NOUSE*,*NOUSE*,0,0,0,0,0,0,0,0
219,219,*NOUSE*,*NOUSE*,0,0,0,0,0,0,0,0
220,220,*NOUSE*,*NOUSE*,0,0,0,0,0,0,0,0
221,221,M3L,,53,1306,74,217.00,82.28,46.48,4028,331431.00
222,222,*NOUSE*,*NOUSE*,0,0,0,0,0,0,0,0
223,223,*NOUSE*,*NOUSE*,0,0,0,0,0,0,0,0
224,224,*NOUSE*,*NOUSE*,0,0,0,0,0,0,0,0
225,225,*NOUSE*,*NOUSE*,0,0,0,0,0,0,0,0
226,226,*NOUSE*,*NOUSE*,0,0,0,0,0,0,0,0
227,227,*NOUSE*,*NOUSE*,0,0,0,0,0,0,0,0
228,228,inD6,,58,591,58,86.00,29.54,14.92,9026,266620.00
229,229,*NOUSE*,*NOUSE*,0,0,0,0,0,0,0,0
230,230,*NOUSE*,*NOUSE*,0,0,0,0,0,0,0,0
231,231,*NOUSE*,*NOUSE*,0,0,0,0,0,0,0,0
232,232,*NOUSE*,*NOUSE*,0,0,0,0,0,0,0,0
233,233,pm4VL,,55,1338,83,158.00,53.71,25.38,4505,241980.00
234,234,SMBVL,,55,1205,95,217.00,122.48,43.72,3555,435421.00
235,235,*NOUSE*,*NOUSE*,0,0,0,0,0,0,0,0
236,236,ILsoDL,,59,1456,39,206.00,66.63,41.12,5842,389251.00
237,237,ALNL,,57,229,56,233.00,83.54,57.38,3340,279013.00
238,238,virL,,59,307,55,205.00,75.66,49.26,3621,273963.00
239,239,pm5L,,55,1143,70,196.00,88.78,40.87,3351,297487.00
240,240,*NOUSE*,*NOUSE*,0,0,0,0,0,0,0,0
241,241,e2VL,,57,1507,72,110.00,36.53,22.30,4602,168113.00
242,242,*NOUSE*,*NOUSE*,0,0,0,0,0,0,0,0
243,243,PVPL,,56,338,79,218.00,80.83,54.47,3587,289920.00
244,244,ARCpV,,56,1451,90,143.00,53.12,28.72,3821,202978.00
245,245,DD4,,56,598,100,178.00,50.55,40.42,3771,190627.00
246,246,*NOUSE*,*NOUSE*,0,0,0,0,0,0,0,0
247,247,ASKL,,57,1208,42,142.00,59.06,29.32,3774,222896.00
248,248,DL18,,58,472,39,190.00,51.42,39.18,5781,297246.00
249,249,*NOUSE*,*NOUSE*,0,0,0,0,0,0,0,0
250,250,PLML,,59,190,70,203.00,58.96,42.59,5552,327366.00
251,251,*NOUSE*,*NOUSE*,0,0,0,0,0,0,0,0
252,252,DA8,,58,305,80,215.00,89.76,52.51,2959,265595.00
253,253,DB6,,57,548,96,169.00,50.38,40.53,3996,201311.00
254,254,*NOUSE*,*NOUSE*,0,0,0,0,0,0,0,0
255,255,*NOUSE*,*NOUSE*,0,0,0,0,0,0,0,0
256,256,*NOUSE*,*NOUSE*,0,0,0,0,0,0,0,0
257,257,*NOUSE*,*NOUSE*,0,0,0,0,0,0,0,0
258,258,GLRDL,,57,1241,50,220.00,85.15,48.41,3065,260975.00
259,259,*NOUSE*,*NOUSE*,0,0,0,0,0,0,0,0
260,260,*NOUSE*,*NOUSE*,0,0,0,0,0,0,0,0
261,261,*NOUSE*,*NOUSE*,0,0,0,0,0,0,0,0
262,262,PHshL,,58,214,67,206.00,71.20,48.78,3787,269644.00
263,263,*NOUSE*,*NOUSE*,0,0,0,0,0,0,0,0
264,264,*NOUSE*,*NOUSE*,0,0,0,0,0,0,0,0
265,265,Z4,,59,648,91,156.00,49.18,31.85,4514,222021.00
266,266,*NOUSE*,*NOUSE*,0,0,0,0,0,0,0,0
267,267,*NOUSE*,*NOUSE*,0,0,0,0,0,0,0,0
268,268,DA6,,59,528,94,190.00,55.36,44.89,3770,208713.00
269,269,*NOUSE*,*NOUSE*,0,0,0,0,0,0,0,0
270,270,*NOUSE*,*NOUSE*,0,0,0,0,0,0,0,0
271,271,DB2,,59,1147,108,192.00,84.02,44.64,3314,278453.00
272,272,*NOUSE*,*NOUSE*,0,0,0,0,0,0,0,0
273,273,ADLL,,61,1190,41,137.00,62.22,29.16,3952,245905.00
274,274,DL20,,60,383,42,151.00,47.30,34.40,5881,278179.00
275,275,*NOUSE*,*NOUSE*,0,0,0,0,0,0,0,0
276,276,K,,60,268,53,184.00,73.07,36.52,3744,273572.00
277,277,*NOUSE*,*NOUSE*,0,0,0,0,0,0,0,0
278,278,*NOUSE*,*NOUSE*,0,0,0,0,0,0,0,0
279,279,inV2,,62,937,85,91.00,27.83,12.95,9430,262443.00
280,280,DA7,,60,414,89,205.00,79.67,51.68,3390,270080.00
281,281,*NOUSE*,*NOUSE*,0,0,0,0,0,0,0,0
282,282,*NOUSE*,*NOUSE*,0,0,0,0,0,0,0,0
283,283,DD5,,60,475,92,212.00,63.31,51.31,3530,223496.00
284,284,RIGR,,60,1052,105,199.00,78.11,44.64,4071,317967.00
285,285,*NOUSE*,*NOUSE*,0,0,0,0,0,0,0,0
286,286,*NOUSE*,*NOUSE*,0,0,0,0,0,0,0,0
287,287,*NOUSE*,*NOUSE*,0,0,0,0,0,0,0,0
288,288,URXL,,60,1223,43,193.00,86.15,42.96,2729,235107.00
289,289,*NOUSE*,*NOUSE*,0,0,0,0,0,0,0,0
290,290,*NOUSE*,*NOUSE*,0,0,0,0,0,0,0,0
291,291,pm5DR,,68,1144,54,189.00,79.04,35.65,5751,454534.00
292,292,pm5DL,,58,1143,58,168.00,80.43,30.80,1603,128935.00
293,293,inV7,,62,538,77,79.00,26.73,11.51,7304,195236.00
294,294,vpi2V,,63,1052,77,241.00,86.30,57.61,3569,308010.00
295,295,YPDA,,61,285,86,181.00,61.45,41.04,4069,250044.00
296,296,DB3,,61,985,98,207.00,58.70,45.60,4808,282212.00
297,297,DA2,,61,964,98,221.00,63.42,50.42,4771,302578.00
298,298,hyp6V2,,61,1375,97,112.00,42.69,18.97,3920,167336.00
299,299,DD3,,61,761,102,188.00,49.45,39.76,3940,194834.00
300,300,DA4,,62,778,104,191.00,52.26,43.03,3964,207158.00
301,301,*NOUSE*,*NOUSE*,0,0,0,0,0,0,0,0
302,302,*NOUSE*,*NOUSE*,0,0,0,0,0,0,0,0
303,303,*NOUSE*,*NOUSE*,0,0,0,0,0,0,0,0
304,304,*NOUSE*,*NOUSE*,0,0,0,0,0,0,0,0
305,305,*NOUSE*,*NOUSE*,0,0,0,0,0,0,0,0
306,306,*NOUSE*,*NOUSE*,0,0,0,0,0,0,0,0
307,307,*NOUSE*,*NOUSE*,0,0,0,0,0,0,0,0
308,308,*NOUSE*,*NOUSE*,0,0,0,0,0,0,0,0
309,309,PM8,,64,1061,74,182.00,73.46,41.36,3161,232201.00
310,310,*NOUSE*,*NOUSE*,0,0,0,0,0,0,0,0
311,311,U,,62,292,72,186.00,89.94,44.80,2727,245272.00
312,312,*NOUSE*,*NOUSE*,0,0,0,0,0,0,0,0
313,313,DB7,,61,438,92,196.00,57.54,45.99,4308,247879.00
314,314,*NOUSE*,*NOUSE*,0,0,0,0,0,0,0,0
315,315,DA1,,62,1039,95,215.00,75.33,47.53,4342,327083.00
316,316,G2,,61,1189,101,212.00,100.04,44.81,3755,375651.00
317,317,*NOUSE*,*NOUSE*,0,0,0,0,0,0,0,0
318,318,hyp6V1,,60,1449,100,75.00,37.11,14.61,949,35220.00
319,319,*NOUSE*,*NOUSE*,0,0,0,0,0,0,0,0
320,320,*NOUSE*,*NOUSE*,0,0,0,0,0,0,0,0
321,321,DA5,,63,652,102,197.00,64.34,46.47,2857,183808.00
322,322,*NOUSE*,*NOUSE*,0,0,0,0,0,0,0,0
323,323,DB4,,63,848,104,163.00,54.27,38.38,4535,246135.00
324,324,G1,,61,1213,108,192.00,80.60,41.80,4630,373189.00
325,325,*NOUSE*,*NOUSE*,0,0,0,0,0,0,0,0
326,326,RIVL,,62,1156,43,225.00,94.77,47.38,2939,278526.00
327,327,I4,,64,1131,48,211.00,77.29,43.88,3417,264084.00
328,328,*NOUSE*,*NOUSE*,0,0,0,0,0,0,0,0
329,329,*NOUSE*,*NOUSE*,0,0,0,0,0,0,0,0
330,330,*NOUSE*,*NOUSE*,0,0,0,0,0,0,0,0
331,331,*NOUSE*,*NOUSE*,0,0,0,0,0,0,0,0
332,332,*NOUSE*,*NOUSE*,0,0,0,0,0,0,0,0
333,333,*NOUSE*,*NOUSE*,0,0,0,0,0,0,0,0
334,334,*NOUSE*,*NOUSE*,0,0,0,0,0,0,0,0
335,335,*NOUSE*,*NOUSE*,0,0,0,0,0,0,0,0
336,336,RID,,64,1249,31,162.00,53.77,32.91,4648,249906.00
337,337,hyp6D3,,65,1333,29,151.00,57.27,30.68,4583,262459.00
338,338,ASIL,,62,1172,41,187.00,84.67,38.65,3398,287697.00
339,339,I3,,65,1328,47,182.00,71.82,38.46,3642,261571.00
340,340,pm6D,,63,1116,46,164.00,65.62,35.28,3895,255592.00
341,341,*NOUSE*,*NOUSE*,0,0,0,0,0,0,0,0
342,342,*NOUSE*,*NOUSE*,0,0,0,0,0,0,0,0
343,343,DVC,,64,229,68,174.00,101.18,35.14,2052,207622.00
344,344,hyp9,,65,102,72,151.00,51.48,36.00,3632,186977.00
345,345,B,,62,247,81,157.00,58.20,34.20,3396,197632.00
346,346,*NOUSE*,*NOUSE*,0,0,0,0,0,0,0,0
347,347,DA3,,65,881,101,173.00,51.49,39.96,5091,262161.00
348,348,*NOUSE*,*NOUSE*,0,0,0,0,0,0,0,0
349,349,*NOUSE*,*NOUSE*,0,0,0,0,0,0,0,0
350,350,*NOUSE*,*NOUSE*,0,0,0,0,0,0,0,0
351,351,*NOUSE*,*NOUSE*,0,0,0,0,0,0,0,0
352,352,*NOUSE*,*NOUSE*,0,0,0,0,0,0,0,0
353,353,*NOUSE*,*NOUSE*,0,0,0,0,0,0,0,0
354,354,*NOUSE*,*NOUSE*,0,0,0,0,0,0,0,0
355,355,E3D,,65,1375,43,149.00,53.68,28.58,4187,224766.00
356,356,DL21,,66,213,54,169.00,58.52,40.01,4178,244513.00
357,357,inD5,,68,737,54,73.00,26.59,11.68,8487,225655.00
358,358,M4,,64,1304,57,171.00,59.53,32.00,5346,318245.00
359,359,F,,64,269,67,216.00,97.92,44.23,3225,315782.00
360,360,*NOUSE*,*NOUSE*,0,0,0,0,0,0,0,0
361,361,hyp101,,66,89,66,179.00,52.00,39.64,5389,280250.00
362,362,hyp71,,65,169,75,160.00,45.88,33.32,4976,228279.00
363,363,*NOUSE*,*NOUSE*,0,0,0,0,0,0,0,0
364,364,*NOUSE*,*NOUSE*,0,0,0,0,0,0,0,0
365,365,inV3,,68,873,84,67.00,26.21,10.52,8958,234832.00
366,366,*NOUSE*,*NOUSE*,0,0,0,0,0,0,0,0
367,367,*NOUSE*,*NOUSE*,0,0,0,0,0,0,0,0
368,368,RIFR,,66,1109,106,215.00,79.75,50.95,4497,358645.00
369,369,*NOUSE*,*NOUSE*,0,0,0,0,0,0,0,0
370,370,hyp31,,67,1509,40,121.00,39.74,25.44,5223,207574.00
371,371,*NOUSE*,*NOUSE*,0,0,0,0,0,0,0,0
372,372,*NOUSE*,*NOUSE*,0,0,0,0,0,0,0,0
373,373,hyp72,,67,152,71,162.00,46.67,34.28,5293,247027.00
374,374,PLMR,,67,207,78,159.00,52.73,38.07,4586,241801.00
375,375,hyp4V2,,65,1510,87,101.00,34.84,18.59,4449,155012.00
376,376,*NOUSE*,*NOUSE*,0,0,0,0,0,0,0,0
377,377,IL1VL,,63,1292,93,192.00,85.63,42.88,3227,276324.00
378,378,*NOUSE*,*NOUSE*,0,0,0,0,0,0,0,0
379,379,*NOUSE*,*NOUSE*,0,0,0,0,0,0,0,0
380,380,*NOUSE*,*NOUSE*,0,0,0,0,0,0,0,0
381,381,*NOUSE*,*NOUSE*,0,0,0,0,0,0,0,0
382,382,inD3,,67,894,42,72.00,25.89,11.41,7953,205938.00
383,383,*NOUSE*,*NOUSE*,0,0,0,0,0,0,0,0
384,384,*NOUSE*,*NOUSE*,0,0,0,0,0,0,0,0
385,385,*NOUSE*,*NOUSE*,0,0,0,0,0,0,0,0
386,386,DVA,,65,253,61,171.00,81.60,36.58,2827,230678.00
387,387,hyp8,,68,130,73,138.00,46.13,30.80,2426,111923.00
388,388,Z2,,70,693,86,143.00,44.28,26.73,9210,407856.00
389,389,PHAR,,71,258,79,205.00,74.67,48.48,4178,311976.00
390,390,*NOUSE*,*NOUSE*,0,0,0,0,0,0,0,0
391,391,I5,,67,1118,93,207.00,78.47,41.23,3870,303677.00
392,392,inD7,,69,499,51,79.00,28.50,12.71,8497,242201.00
393,393,dep,,66,238,56,198.00,88.98,46.85,3050,271403.00
394,394,*NOUSE*,*NOUSE*,0,0,0,0,0,0,0,0
395,395,mc2V,,68,1165,77,161.00,65.76,27.22,3468,228062.00
396,396,*NOUSE*,*NOUSE*,0,0,0,0,0,0,0,0
397,397,*NOUSE*,*NOUSE*,0,0,0,0,0,0,0,0
398,398,*NOUSE*,*NOUSE*,0,0,0,0,0,0,0,0
399,399,hyp4D,,68,1557,46,89.00,32.05,15.71,4671,149689.00
400,400,PVR,,69,170,59,170.00,50.38,39.47,4807,242177.00
401,401,*NOUSE*,*NOUSE*,0,0,0,0,0,0,0,0
402,402,*NOUSE*,*NOUSE*,0,0,0,0,0,0,0,0
403,403,VR17,,69,564,91,141.00,44.84,29.18,4439,199044.00
404,404,*NOUSE*,*NOUSE*,0,0,0,0,0,0,0,0
405,405,*NOUSE*,*NOUSE*,0,0,0,0,0,0,0,0
406,406,*NOUSE*,*NOUSE*,0,0,0,0,0,0,0,0
407,407,e2D,,68,1496,49,96.00,34.86,17.88,4801,167341.00
408,408,*NOUSE*,*NOUSE*,0,0,0,0,0,0,0,0
409,409,*NOUSE*,*NOUSE*,0,0,0,0,0,0,0,0
410,410,*NOUSE*,*NOUSE*,0,0,0,0,0,0,0,0
411,411,PVT,,66,338,80,198.00,64.48,42.85,3880,250176.00
412,412,*NOUSE*,*NOUSE*,0,0,0,0,0,0,0,0
413,413,*NOUSE*,*NOUSE*,0,0,0,0,0,0,0,0
414,414,*NOUSE*,*NOUSE*,0,0,0,0,0,0,0,0
415,415,ADLR,,71,1198,42,132.00,56.47,28.00,4443,250910.00
416,416,*NOUSE*,*NOUSE*,0,0,0,0,0,0,0,0
417,417,g1P,,73,1078,52,121.00,41.36,24.22,5132,212251.00
418,418,VR20,,71,234,77,199.00,72.87,47.81,4603,335442.00
419,419,*NOUSE*,*NOUSE*,0,0,0,0,0,0,0,0
420,420,DA9,,69,298,81,212.00,89.13,51.23,3257,290290.00
421,421,pm4VR,,69,1344,87,148.00,52.61,24.20,3962,208454.00
422,422,*NOUSE*,*NOUSE*,0,0,0,0,0,0,0,0
423,423,*NOUSE*,*NOUSE*,0,0,0,0,0,0,0,0
424,424,GLRVR,,70,1246,89,235.00,89.25,51.66,3658,326466.00
425,425,Z1,,73,712,91,160.00,49.84,32.81,4378,218185.00
426,426,*NOUSE*,*NOUSE*,0,0,0,0,0,0,0,0
427,427,IL2VR,,70,1320,93,166.00,61.28,34.61,3865,236856.00
428,428,*NOUSE*,*NOUSE*,0,0,0,0,0,0,0,0
429,429,*NOUSE*,*NOUSE*,0,0,0,0,0,0,0,0
430,430,*NOUSE*,*NOUSE*,0,0,0,0,0,0,0,0
431,431,*NOUSE*,*NOUSE*,0,0,0,0,0,0,0,0
432,432,*NOUSE*,*NOUSE*,0,0,0,0,0,0,0,0
433,433,*NOUSE*,*NOUSE*,0,0,0,0,0,0,0,0
434,434,*NOUSE*,*NOUSE*,0,0,0,0,0,0,0,0
435,435,*NOUSE*,*NOUSE*,0,0,0,0,0,0,0,0
436,436,*NOUSE*,*NOUSE*,0,0,0,0,0,0,0,0
437,437,*NOUSE*,*NOUSE*,0,0,0,0,0,0,0,0
438,438,*NOUSE*,*NOUSE*,0,0,0,0,0,0,0,0
439,439,M3R,,72,1305,77,189.00,72.06,40.73,4686,337690.00
440,440,g2R,,72,1069,81,204.00,66.63,42.31,4850,323152.00
441,441,*NOUSE*,*NOUSE*,0,0,0,0,0,0,0,0
442,442,*NOUSE*,*NOUSE*,0,0,0,0,0,0,0,0
443,443,VR15,,72,733,98,142.00,43.61,30.52,4458,194410.00
444,444,*NOUSE*,*NOUSE*,0,0,0,0,0,0,0,0
445,445,IL1DR,,69,1299,43,190.00,93.60,39.52,2878,269375.00
446,446,DR15,,75,757,41,185.00,43.72,31.10,5905,258165.00
447,447,*NOUSE*,*NOUSE*,0,0,0,0,0,0,0,0
448,448,ASKR,,74,1214,44,160.00,61.96,34.02,3639,225480.00
449,449,pm3DR,,70,1395,52,104.00,42.23,16.67,1990,84047.00
450,450,mc2DR,,71,1166,60,174.00,65.96,25.24,3986,262916.00
451,451,*NOUSE*,*NOUSE*,0,0,0,0,0,0,0,0
452,452,*NOUSE*,*NOUSE*,0,0,0,0,0,0,0,0
453,453,*NOUSE*,*NOUSE*,0,0,0,0,0,0,0,0
454,454,*NOUSE*,*NOUSE*,0,0,0,0,0,0,0,0
455,455,*NOUSE*,*NOUSE*,0,0,0,0,0,0,0,0
456,456,*NOUSE*,*NOUSE*,0,0,0,0,0,0,0,0
457,457,*NOUSE*,*NOUSE*,0,0,0,0,0,0,0,0
458,458,*NOUSE*,*NOUSE*,0,0,0,0,0,0,0,0
459,459,URADR,,78,1306,45,179.00,87.24,40.95,2978,259797.00
460,460,*NOUSE*,*NOUSE*,0,0,0,0,0,0,0,0
461,461,*NOUSE*,*NOUSE*,0,0,0,0,0,0,0,0
462,462,K',,73,278,60,205.00,68.11,43.25,3934,267932.00
463,463,ALNR,,74,225,60,228.00,74.58,52.03,3721,277512.00
464,464,PHshR,,70,216,68,201.00,78.88,50.13,3517,277405.00
465,465,*NOUSE*,*NOUSE*,0,0,0,0,0,0,0,0
466,466,ILsoR,,86,1412,73,168.00,53.64,33.75,5026,269611.00
467,467,I1R,,74,1385,76,154.00,55.26,29.35,4146,229110.00
468,468,*NOUSE*,*NOUSE*,0,0,0,0,0,0,0,0
469,469,URAVR,,72,1301,91,206.00,81.32,42.03,3142,255510.00
470,470,DR5,,75,1266,34,145.00,54.48,30.35,4003,218070.00
471,471,*NOUSE*,*NOUSE*,0,0,0,0,0,0,0,0
472,472,*NOUSE*,*NOUSE*,0,0,0,0,0,0,0,0
473,473,*NOUSE*,*NOUSE*,0,0,0,0,0,0,0,0
474,474,*NOUSE*,*NOUSE*,0,0,0,0,0,0,0,0
475,475,pm1R,,75,1369,56,115.00,47.80,21.65,3925,187620.00
476,476,ARCPDR,,82,1394,55,144.00,49.27,28.91,4957,244236.00
477,477,*NOUSE*,*NOUSE*,0,0,0,0,0,0,0,0
478,478,TR,,73,191,66,116.00,39.88,23.36,5813,231808.00
479,479,*NOUSE*,*NOUSE*,0,0,0,0,0,0,0,0
480,480,pm1VR,,73,1365,78,203.00,78.43,38.91,3934,308533.00
481,481,inVR1,,76,1000,84,90.00,32.49,16.14,5829,189359.00
482,482,VR9,,74,1050,96,154.00,53.71,32.94,6161,330898.00
483,483,VR3,,74,1380,94,115.00,43.48,20.83,4013,174503.00
484,484,*NOUSE*,*NOUSE*,0,0,0,0,0,0,0,0
485,485,VR16,,75,655,95,149.00,43.97,29.94,4935,216973.00
486,486,*NOUSE*,*NOUSE*,0,0,0,0,0,0,0,0
487,487,*NOUSE*,*NOUSE*,0,0,0,0,0,0,0,0
488,488,*NOUSE*,*NOUSE*,0,0,0,0,0,0,0,0
489,489,*NOUSE*,*NOUSE*,0,0,0,0,0,0,0,0
490,490,*NOUSE*,*NOUSE*,0,0,0,0,0,0,0,0
491,491,PVCR,,76,240,66,198.00,70.01,49.00,3492,244483.00
492,492,M,,75,548,67,98.00,30.64,17.14,6937,212541.00
493,493,*NOUSE*,*NOUSE*,0,0,0,0,0,0,0,0
494,494,PVQR,,76,277,76,173.00,53.10,38.24,4701,249600.00
495,495,*NOUSE*,*NOUSE*,0,0,0,0,0,0,0,0
496,496,NSMR,,78,1334,79,169.00,69.61,34.61,3737,260133.00
497,497,*NOUSE*,*NOUSE*,0,0,0,0,0,0,0,0
498,498,*NOUSE*,*NOUSE*,0,0,0,0,0,0,0,0
499,499,*NOUSE*,*NOUSE*,0,0,0,0,0,0,0,0
500,500,DR8,,77,1128,34,155.00,48.34,28.34,4863,235062.00
501,501,IL2DR,,75,1318,38,150.00,69.57,30.77,4138,287891.00
502,502,DR14,,77,812,42,118.00,37.40,23.51,5708,213496.00
503,503,mc1DR,,77,1350,49,138.00,67.81,27.37,1275,86462.00
504,504,*NOUSE*,*NOUSE*,0,0,0,0,0,0,0,0
505,505,*NOUSE*,*NOUSE*,0,0,0,0,0,0,0,0
506,506,imR,,76,369,80,161.00,42.75,30.07,5365,229351.00
507,507,*NOUSE*,*NOUSE*,0,0,0,0,0,0,0,0
508,508,VR7,,77,1164,103,160.00,64.84,28.28,4060,263247.00
509,509,CEPDR,,77,1237,37,192.00,69.81,42.18,3458,241394.00
510,510,*NOUSE*,*NOUSE*,0,0,0,0,0,0,0,0
511,511,DR20,,78,411,49,175.00,48.47,34.96,4286,207733.00
512,512,*NOUSE*,*NOUSE*,0,0,0,0,0,0,0,0
513,513,*NOUSE*,*NOUSE*,0,0,0,0,0,0,0,0
514,514,*NOUSE*,*NOUSE*,0,0,0,0,0,0,0,0
515,515,g1aR,,79,1128,58,167.00,67.88,34.63,3529,239548.00
516,516,*NOUSE*,*NOUSE*,0,0,0,0,0,0,0,0
517,517,repVR,,78,298,70,178.00,57.97,41.92,5347,309959.00
518,518,PHBR,,77,263,69,205.00,68.78,45.80,3715,255506.00
519,519,*NOUSE*,*NOUSE*,0,0,0,0,0,0,0,0
520,520,AVL,,78,1197,87,174.00,87.63,35.47,3103,271908.00
521,521,CEPshVR,,79,1282,88,167.00,57.08,34.09,4125,235462.00
522,522,*NOUSE*,*NOUSE*,0,0,0,0,0,0,0,0
523,523,*NOUSE*,*NOUSE*,0,0,0,0,0,0,0,0
524,524,*NOUSE*,*NOUSE*,0,0,0,0,0,0,0,0
525,525,*NOUSE*,*NOUSE*,0,0,0,0,0,0,0,0
526,526,*NOUSE*,*NOUSE*,0,0,0,0,0,0,0,0
527,527,DR16,,78,675,47,127.00,40.20,25.76,5566,223781.00
528,528,*NOUSE*,*NOUSE*,0,0,0,0,0,0,0,0
529,529,*NOUSE*,*NOUSE*,0,0,0,0,0,0,0,0
530,530,M1,,77,1113,51,178.00,57.03,38.37,4069,232060.00
531,531,*NOUSE*,*NOUSE*,0,0,0,0,0,0,0,0
532,532,LUAR,,76,252,62,234.00,78.50,53.35,4044,317448.00
533,533,RIPR,,79,1295,67,152.00,73.26,30.91,2897,212248.00
534,534,*NOUSE*,*NOUSE*,0,0,0,0,0,0,0,0
535,535,*NOUSE*,*NOUSE*,0,0,0,0,0,0,0,0
536,536,pm6VR,,78,1114,79,144.00,58.77,30.83,4064,238837.00
537,537,*NOUSE*,*NOUSE*,0,0,0,0,0,0,0,0
538,538,OLQsoVR,,83,1401,80,155.00,58.34,32.65,3994,232999.00
539,539,*NOUSE*,*NOUSE*,0,0,0,0,0,0,0,0
540,540,*NOUSE*,*NOUSE*,0,0,0,0,0,0,0,0
541,541,*NOUSE*,*NOUSE*,0,0,0,0,0,0,0,0
542,542,*NOUSE*,*NOUSE*,0,0,0,0,0,0,0,0
543,543,*NOUSE*,*NOUSE*,0,0,0,0,0,0,0,0
544,544,*NOUSE*,*NOUSE*,0,0,0,0,0,0,0,0
545,545,pm7VR,,79,1089,78,123.00,49.77,28.41,2655,132151.00
546,546,M2R,,79,1130,76,207.00,91.97,43.17,2864,263413.00
547,547,*NOUSE*,*NOUSE*,0,0,0,0,0,0,0,0
548,548,*NOUSE*,*NOUSE*,0,0,0,0,0,0,0,0
549,549,ILshR,,81,1391,85,165.00,60.54,36.27,3230,195544.00
550,550,*NOUSE*,*NOUSE*,0,0,0,0,0,0,0,0
551,551,HSNR,,81,670,89,180.00,45.87,37.44,4085,187393.00
552,552,P9/10R,,80,474,86,131.00,40.32,27.47,5306,213960.00
553,553,*NOUSE*,*NOUSE*,0,0,0,0,0,0,0,0
554,554,*NOUSE*,*NOUSE*,0,0,0,0,0,0,0,0
555,555,*NOUSE*,*NOUSE*,0,0,0,0,0,0,0,0
556,556,exc gl R,,82,1069,91,176.00,51.83,33.31,5748,297918.00
557,557,*NOUSE*,*NOUSE*,0,0,0,0,0,0,0,0
558,558,*NOUSE*,*NOUSE*,0,0,0,0,0,0,0,0
559,559,*NOUSE*,*NOUSE*,0,0,0,0,0,0,0,0
560,560,*NOUSE*,*NOUSE*,0,0,0,0,0,0,0,0
561,561,*NOUSE*,*NOUSE*,0,0,0,0,0,0,0,0
562,562,*NOUSE*,*NOUSE*,0,0,0,0,0,0,0,0
563,563,*NOUSE*,*NOUSE*,0,0,0,0,0,0,0,0
564,564,mc3DR,,81,1094,57,130.00,46.22,28.86,3189,147398.00
565,565,*NOUSE*,*NOUSE*,0,0,0,0,0,0,0,0
566,566,V6R,,81,414,80,108.00,36.17,20.95,6466,233887.00
567,567,*NOUSE*,*NOUSE*,0,0,0,0,0,0,0,0
568,568,RMDDR,,80,1241,97,187.00,83.38,40.44,1906,158914.00
569,569,*NOUSE*,*NOUSE*,0,0,0,0,0,0,0,0
570,570,*NOUSE*,*NOUSE*,0,0,0,0,0,0,0,0
571,571,CEPshDR,,82,1276,50,147.00,55.39,29.93,3885,215172.00
572,572,*NOUSE*,*NOUSE*,0,0,0,0,0,0,0,0
573,573,RIBR,,83,1194,73,169.00,71.69,34.74,3907,280074.00
574,574,AIBR,,81,1215,76,168.00,71.69,31.68,3602,258216.00
575,575,OLQshVR,,84,1378,82,146.00,55.19,31.86,3625,200054.00
576,576,VR4,,82,1330,91,109.00,50.12,18.76,3062,153472.00
577,577,RIS,,81,1143,95,166.00,74.83,36.72,3311,247754.00
578,578,AVKR,,79,1126,99,196.00,68.11,38.90,4367,297434.00
579,579,*NOUSE*,*NOUSE*,0,0,0,0,0,0,0,0
580,580,*NOUSE*,*NOUSE*,0,0,0,0,0,0,0,0
581,581,*NOUSE*,*NOUSE*,0,0,0,0,0,0,0,0
582,582,ALMR,,83,795,52,166.00,45.08,33.00,4380,197463.00
583,583,*NOUSE*,*NOUSE*,0,0,0,0,0,0,0,0
584,584,*NOUSE*,*NOUSE*,0,0,0,0,0,0,0,0
585,585,CANR,,84,698,76,143.00,43.48,30.99,5558,241687.00
586,586,*NOUSE*,*NOUSE*,0,0,0,0,0,0,0,0
587,587,VR12,,84,893,95,155.00,43.43,30.97,5818,252664.00
588,588,*NOUSE*,*NOUSE*,0,0,0,0,0,0,0,0
589,589,*NOUSE*,*NOUSE*,0,0,0,0,0,0,0,0
590,590,*NOUSE*,*NOUSE*,0,0,0,0,0,0,0,0
591,591,*NOUSE*,*NOUSE*,0,0,0,0,0,0,0,0
592,592,*NOUSE*,*NOUSE*,0,0,0,0,0,0,0,0
593,593,*NOUSE*,*NOUSE*,0,0,0,0,0,0,0,0
594,594,*NOUSE*,*NOUSE*,0,0,0,0,0,0,0,0
595,595,OLQVR,,81,1297,83,158.00,71.97,35.25,1871,134652.00
596,596,CCRP,,85,926,89,160.00,43.65,35.32,5424,236761.00
597,597,*NOUSE*,*NOUSE*,0,0,0,0,0,0,0,0
598,598,*NOUSE*,*NOUSE*,0,0,0,0,0,0,0,0
599,599,VR6,,85,1261,95,106.00,39.23,20.29,4658,182718.00
600,600,DR2,,83,1414,46,124.00,50.02,22.29,4290,214588.00
601,601,*NOUSE*,*NOUSE*,0,0,0,0,0,0,0,0
602,602,*NOUSE*,*NOUSE*,0,0,0,0,0,0,0,0
603,603,HYP1R,,87,1374,55,144.00,51.64,30.03,5161,266504.00
604,604,*NOUSE*,*NOUSE*,0,0,0,0,0,0,0,0
605,605,*NOUSE*,*NOUSE*,0,0,0,0,0,0,0,0
606,606,AMsoR,,87,1410,59,111.00,42.36,21.69,4741,200845.00
607,607,*NOUSE*,*NOUSE*,0,0,0,0,0,0,0,0
608,608,BDUR,,86,997,67,175.00,49.01,39.20,4562,223580.00
609,609,P3/4R,,85,806,89,123.00,37.45,23.83,4643,173874.00
610,610,*NOUSE*,*NOUSE*,0,0,0,0,0,0,0,0
611,611,*NOUSE*,*NOUSE*,0,0,0,0,0,0,0,0
612,612,IL1R,,87,1320,70,152.00,55.89,30.12,3652,204104.00
613,613,*NOUSE*,*NOUSE*,0,0,0,0,0,0,0,0
614,614,*NOUSE*,*NOUSE*,0,0,0,0,0,0,0,0
615,615,AMshR,,87,1135,48,135.00,48.28,21.87,4596,221875.00
616,616,*NOUSE*,*NOUSE*,0,0,0,0,0,0,0,0
617,617,*NOUSE*,*NOUSE*,0,0,0,0,0,0,0,0
618,618,*NOUSE*,*NOUSE*,0,0,0,0,0,0,0,0
619,619,*NOUSE*,*NOUSE*,0,0,0,0,0,0,0,0
620,620,*NOUSE*,*NOUSE*,0,0,0,0,0,0,0,0
621,621,*NOUSE*,*NOUSE*,0,0,0,0,0,0,0,0
622,622,hyp5R,,86,1487,68,86.00,31.47,13.86,5533,174146.00
623,623,*NOUSE*,*NOUSE*,0,0,0,0,0,0,0,0
624,624,hyp7ABRD,,89,1058,73,82.00,32.47,14.68,6669,216539.00
625,625,BAGR,,89,1285,76,134.00,51.14,27.28,4111,210216.00
626,626,FLPR,,89,1145,78,176.00,66.79,38.57,4097,273634.00
627,627,RMDR,,89,1250,80,156.00,59.76,33.12,3486,208323.00
628,628,*NOUSE*,*NOUSE*,0,0,0,0,0,0,0,0
629,629,*NOUSE*,*NOUSE*,0,0,0,0,0,0,0,0
630,630,*NOUSE*,*NOUSE*,0,0,0,0,0,0,0,0
631,631,*NOUSE*,*NOUSE*,0,0,0,0,0,0,0,0
632,632,RMDVR,,89,1261,61,138.00,46.69,28.76,4194,195829.00
633,633,*NOUSE*,*NOUSE*,0,0,0,0,0,0,0,0
634,634,*NOUSE*,*NOUSE*,0,0,0,0,0,0,0,0
635,635,*NOUSE*,*NOUSE*,0,0,0,0,0,0,0,0
636,636,*NOUSE*,*NOUSE*,0,0,0,0,0,0,0,0
637,637,hyp7ABRV,,89,1045,56,96.00,33.88,17.65,5894,199662.00
638,638,*NOUSE*,*NOUSE*,0,0,0,0,0,0,0,0
639,639,ARCaDR,,90,1428,65,117.00,42.50,23.18,4911,208694.00
640,640,*NOUSE*,*NOUSE*,0,0,0,0,0,0,0,0
641,641,*NOUSE*,*NOUSE*,0,0,0,0,0,0,0,0
642,642,*NOUSE*,*NOUSE*,0,0,0,0,0,0,0,0
643,643,hyp7ABR3,,90,1019,62,104.00,33.67,18.36,5650,190210.00
644,644,V1R,,90,980,63,98.00,32.62,16.98,4963,161890.00
645,645,*NOUSE*,*NOUSE*,0,0,0,0,0,0,0,0
646,646,*NOUSE*,*NOUSE*,0,0,0,0,0,0,0,0
647,647,XXXR,,90,1334,77,206.00,62.48,39.73,3519,219884.00
648,648,*NOUSE*,*NOUSE*,0,0,0,0,0,0,0,0
649,649,DR4,,87,1334,40,94.00,54.10,16.88,224,12118.00
650,650,*NOUSE*,*NOUSE*,0,0,0,0,0,0,0,0
651,651,*NOUSE*,*NOUSE*,0,0,0,0,0,0,0,0
652,652,*NOUSE*,*NOUSE*,0,0,0,0,0,0,0,0
653,653,AFDR,,90,1226,62,149.00,59.75,32.00,3105,185509.00
654,654,*NOUSE*,*NOUSE*,0,0,0,0,0,0,0,0
655,655,ADEshR,,91,1093,76,158.00,48.94,35.03,4979,243655.00
656,656,AUAR,,91,1204,82,164.00,60.04,35.33,4739,284535.00
657,657,AWCR,,93,1223,76,130.00,52.62,29.54,4586,241306.00
658,658,hyp7RC1,,91,934,61,78.00,26.28,12.12,5953,156432.00
659,659,*NOUSE*,*NOUSE*,0,0,0,0,0,0,0,0
660,660,ASHR,,93,1211,66,138.00,55.82,30.40,3784,211230.00
661,661,*NOUSE*,*NOUSE*,0,0,0,0,0,0,0,0
662,662,*NOUSE*,*NOUSE*,0,0,0,0,0,0,0,0
663,663,*NOUSE*,*NOUSE*,0,0,0,0,0,0,0,0
664,664,P1/2R,,94,894,82,115.00,39.81,24.33,5228,208134.00
665,665,*NOUSE*,*NOUSE*,0,0,0,0,0,0,0,0
666,666,RMGR,,91,1114,78,149.00,50.60,30.86,4938,249868.00
667,667,*NOUSE*,*NOUSE*,0,0,0,0,0,0,0,0
668,668,*NOUSE*,*NOUSE*,0,0,0,0,0,0,0,0
669,669,ADAR,,93,1129,77,169.00,63.19,39.01,3903,246617.00
670,670,*NOUSE*,*NOUSE*,0,0,0,0,0,0,0,0
671,671,*NOUSE*,*NOUSE*,0,0,0,0,0,0,0,0
672,672,*NOUSE*,*NOUSE*,0,0,0,0,0,0,0,0
673,673,*NOUSE*,*NOUSE*,0,0,0,0,0,0,0,0
674,674,*NOUSE*,*NOUSE*,0,0,0,0,0,0,0,0
675,675,DL17,*MANUAL*$218$217,55,558,40,161.00,48.59,35.13,5832,283351.00
676,676,*NOUSE*,*NOUSE*,0,0,0,0,0,0,0,0
677,677,inV4,*MANUAL*$364$346,64,785,85,64.00,24.30, 9.41,6987,169769.00
678,678,*NOUSE*,*NOUSE*,0,0,0,0,0,0,0,0
679,679,*NOUSE*,*NOUSE*,0,0,0,0,0,0,0,0
680,680,hyp7LC2,*MANUAL*$77$67,43,859,52,122.00,35.32,20.93,6488,229146.00
681,681,VL12,*MANUAL*$183$197,51,873,93,141.00,41.88,27.52,5615,235137.00
682,682,DL12,*MANUAL*$216$215,54,915,37,159.00,47.55,34.92,4454,211785.00
683,683,hyp7LC5,*MANUAL*$158$142,48,440,53,126.00,36.41,21.69,6819,248282.00
684,684,V2R,*MANUAL*$663$667,92,853,76,75.00,26.80,12.36,5517,147845.00
685,685,hyp7RC2,*MANUAL*$618$604$611,86,824,59,77.00,25.75,11.72,5940,152984.00
686,686,*NOUSE*,*NOUSE*,0,0,0,0,0,0,0,0
687,687,hyp7RC3,*MANUAL*$620$686,86,694,64,70.00,27.02,12.57,4194,113329.00
688,688,V4R,*MANUAL*$598$597,82,620,92,104.00,30.10,17.13,5400,162545.00
689,689,P7/8R,*MANUAL*$553$554,78,575,93,143.00,44.46,28.80,4137,183934.00
690,690,QR,*MANUAL*$535$516,80,586,72,155.00,45.98,33.01,9117,419161.00
691,691,V3R,*MANUAL*$636$635,88,750,87,102.00,32.28,17.19,5431,175332.00
692,692,P5/6R,*MANUAL*$628$613,84,712,91,140.00,42.01,26.36,3685,154806.00
693,693,*NOUSE*,*NOUSE*,0,0,0,0,0,0,0,0
694,694,*NOUSE*,*NOUSE*,0,0,0,0,0,0,0,0
695,695,DR18,*MANUAL*$488$456,75,536,45,157.00,45.81,31.63,5446,249503.00
696,696,V5R,*MANUAL*$547$548,80,509,82,150.00,42.78,26.14,6976,298425.00
697,697,*NOUSE*,*NOUSE*,0,0,0,0,0,0,0,0
698,698,hyp7RC5,*MANUAL*$617$607,85,463,65,87.00,28.24,14.31,7117,200954.00
699,699,hyp7ABLD,*MANUAL*$28$22,37,1036,67,109.00,37.68,20.10,6608,248982.00
700,700,hyp7LC1,*MANUAL*$94$54,42,946,53,101.00,35.20,20.15,6853,241252.00
701,701,P5/6L,*MANUAL*$73$62,41,691,86,134.00,40.32,25.20,5160,208073.00
702,702,V4L,*MANUAL*$82$83,43,625,84,124.00,40.91,24.62,4672,191141.00
703,703,P9/10L,*MANUAL*$108$122,47,447,74,159.00,47.16,32.30,6041,284900.00
704,704,inVL1,*MANUAL*$152$151,51,996,81,101.00,37.34,20.83,7152,267022.00
705,705,inV6,*MANUAL*$452$410,71,640,80,67.00,25.82,11.50,7145,184451.00
706,706,inV8,*MANUAL*$310$363,63,440,75,83.00,33.83,15.59,6441,217894.00
707,707,inV9,*MANUAL*$465$394,67,353,73,119.00,43.39,24.64,5942,257839.00
708,708,*NOUSE*,*NOUSE*,0,0,0,0,0,0,0,0
709,709,*NOUSE*,*NOUSE*,0,0,0,0,0,0,0,0
710,710,*NOUSE*,*NOUSE*,0,0,0,0,0,0,0,0
711,711,DR13,*MANUAL*$487$455,74,866,34,129.00,43.08,28.21,4733,203920.00
712,712,*NOUSE*,*NOUSE*,0,0,0,0,0,0,0,0
713,713,*NOUSE*,*NOUSE*,0,0,0,0,0,0,0,0
714,714,inV5,*MANUAL*$251$220,53,694,67,90.00,31.26,14.77,5887,184026.00
715,715,inD8,*MANUAL*$328$383,66,399,54,92.00,36.22,17.55,6489,235018.00
716,716,*NOUSE*,*NOUSE*,0,0,0,0,0,0,0,0
717,717,inD9,*MANUAL*$398$716,58,331,48,118.00,38.49,21.31,6596,253887.00
718,718,VR1,*MANUAL*,81,1442,87,93.00,46.04,17.15,849,39087.00
719,719,ARCPVR,*MANUAL*,84,1439,78,129.00,81.89,22.99,859,70341.00
720,720,*NOUSE*,*NOUSE*,0,0,0,0,0,0,0,0
721,721,VR8,*MANUAL*$558$569,78,1082,102,153.00,50.08,29.36,6759,338505.00
722,722,VR10,*MANUAL*$539$579,80,1023,93,156.00,44.46,32.04,5743,255351.00
723,723,CCRA,*MANUAL*,83,957,91,191.00,124.99,29.70,847,105869.00
724,724,*NOUSE*,*NOUSE*,0,0,0,0,0,0,0,0
725,725,VR11,*MANUAL*$724$498,77,947,98,182.00,58.59,42.15,3482,204012.00
726,726,VR14,*MANUAL*$567$499,76,788,97,137.00,39.24,26.31,5734,225021.00
727,727,VR13,*MANUAL*$507$557,76,846,100,135.00,46.18,28.93,4650,214719.00
728,728,VR19,*MANUAL*$422$441,69,407,87,174.00,58.11,39.23,4892,284277.00
729,729,hyp7D1,*MANUAL*$335$351,63,1290,27,101.00,45.65,18.26,3731,170327.00
730,730,hyp6D2,*MANUAL*$354$378,65,1383,30,141.00,55.33,28.39,5692,314950.00
731,731,DR7,*MANUAL*$471$444,72,1158,31,155.00,57.32,29.46,3531,202407.00
732,732,DR9,*MANUAL*$433$432,71,1077,32,159.00,43.92,28.55,4146,182084.00
733,733,DR19,*MANUAL*$489$510,78,461,44,164.00,50.42,38.55,5205,262433.00
734,734,*NOUSE*,*NOUSE*,0,0,0,0,0,0,0,0
735,735,hyp7RC4,*MANUAL*$734$694,85,606,68,93.00,27.64,14.03,3798,104972.00
736,736,DR17,*MANUAL*,75,606,51,148.00,83.67,21.91,895,74881.00
737,737,inD2,*MANUAL*,71,950,45,66.00,35.78,13.97,895,32025.00
738,738,DR12,*MANUAL*,80,937,37,111.00,68.03,21.39,895,60891.00
739,739,DL5,*MANUAL*$168$214,52,1255,35,130.00,57.61,28.84,3577,206067.00
740,740,DL6,*MANUAL*$87$88,43,1254,41,136.00,56.78,28.00,3823,217072.00
741,741,*NOUSE*,*NOUSE*,0,0,0,0,0,0,0,0
742,742,*NOUSE*,*NOUSE*,0,0,0,0,0,0,0,0
743,743,DL7,*MANUAL*$742$325,61,1132,32,164.00,68.67,33.16,2454,168513.00
744,744,*NOUSE*,*NOUSE*,0,0,0,0,0,0,0,0
745,745,DL8,*MANUAL*$744$115,47,1103,36,152.00,49.79,30.42,3242,161411.00
746,746,DL10,*MANUAL*$131$130,48,1029,36,159.00,43.11,29.31,4786,206344.00
747,747,inD4,*MANUAL*,60,823,50,78.00,31.40,13.34,2103,66040.00
748,748,DL13,*MANUAL*,52,828,37,192.00,98.41,30.52,895,88077.00
749,749,DL14,*MANUAL*$171$173,52,771,42,176.00,46.96,35.51,5480,257367.00
750,750,DL15,*MANUAL*$172$174,52,720,44,163.00,48.90,35.55,5694,278443.00
751,751,DL19,*MANUAL*$287$275,61,425,41,209.00,56.43,42.17,4568,257792.00
752,752,VL6,*MANUAL*$45$63,41,1257,92,153.00,53.76,28.64,4886,262664.00
753,753,VL3,*MANUAL*$138$153,48,1383,90,107.00,48.43,21.90,3626,175593.00
754,754,*NOUSE*,*NOUSE*,0,0,0,0,0,0,0,0
755,755,*NOUSE*,*NOUSE*,0,0,0,0,0,0,0,0
756,756,*NOUSE*,*NOUSE*,0,0,0,0,0,0,0,0
757,757,*NOUSE*,*NOUSE*,0,0,0,0,0,0,0,0
758,758,DD2,*MANUAL*,67,914,100,211.00,137.44,37.66,895,123012.00
759,759,VL11,*MANUAL*,56,918,98,162.00,86.98,30.34,895,77849.00
760,760,VL10,*MANUAL*$99$101,45,1011,90,167.00,46.67,31.72,6174,288131.00
761,761,VL9,*MANUAL*$165$166,50,1032,90,166.00,53.70,34.85,5174,277840.00
762,762,VL17,*MANUAL*$225$224,54,504,86,162.00,48.29,31.60,4771,230399.00
763,763,VL18,*MANUAL*$222$232,54,403,82,170.00,53.68,36.28,4683,251389.00
764,764,P11/12R,*MANUAL*,79,325,78,134.00,68.87,26.81,895,61639.00
765,765,PVPR,*MANUAL*,69,315,78,203.00,146.09,23.94,884,129144.00
766,766,*NOUSE*,*NOUSE*,0,0,0,0,0,0,0,0
767,767,virR,*MANUAL*,70,309,62,196.00,120.28,35.47,895,107651.00
768,768,hyp7RC6,*MANUAL*,80,308,60,85.00,36.91,12.69,895,33035.00
769,769,DD6,*MANUAL*,59,319,78,229.00,154.78,31.73,895,138527.00
770,770,sph,*MANUAL*,51,313,71,209.00,144.79,34.63,895,129584.00
771,771,hyp11,*MANUAL*$329$307,63,132,61,176.00,50.25,35.44,7455,374578.00
772,772,DR21,*MANUAL*,74,281,49,184.00,102.13,37.12,831,84871.00
773,773,repD,*MANUAL*,65,283,49,207.00,141.67,24.01,895,126792.00
774,774,exc,*MANUAL*$231$278,53,1163,80,98.00,52.39,13.59,907,47518.00
775,775,vpi3D,*MANUAL*,65,1054,43,215.00,101.73,48.97,821,83523.00
776,776,*NOUSE*,*NOUSE*,0,0,0,0,0,0,0,0
777,777,*NOUSE*,*NOUSE*,0,0,0,0,0,0,0,0
778,778,*NOUSE*,*NOUSE*,0,0,0,0,0,0,0,0
779,779,vpi3V,*MANUAL*$778$777,65,1047,69,181.00,76.59,47.03,1774,135865.00
780,780,vpi2DR,*MANUAL*,77,1059,55,199.00,89.27,37.68,895,79894.00
781,781,vpi1,*MANUAL*,65,1063,44,171.00,100.02,37.81,895,89520.00
782,782,pm7D,*MANUAL*$304$286,62,1094,42,152.00,49.17,31.25,4970,244389.00
783,783,pm5VR,*MANUAL*,72,1138,83,195.00,116.12,25.87,858,99634.00
784,784,pm5VL,*MANUAL*,62,1138,84,197.00,126.86,32.18,895,113542.00
785,785,pm5R,*MANUAL*,78,1143,66,167.00,115.07,19.71,895,102987.00
786,786,ADER,*MANUAL*,89,1139,66,191.00,134.70,22.33,889,119748.00
787,787,VL7,*MANUAL*,47,1154,100,166.00,104.11,25.63,895,93175.00
788,788,W,*MANUAL*,61,1161,100,183.00,117.87,27.27,895,105496.00
789,789,MI,*MANUAL*,66,1342,45,189.00,142.77,21.44,854,121927.00
790,790,*NOUSE*,*NOUSE*,0,0,0,0,0,0,0,0
791,791,pm4DR,*MANUAL*,76,1343,49,138.00,91.76,19.34,895,82129.00
792,792,*NOUSE*,*NOUSE*,0,0,0,0,0,0,0,0
793,793,I2R,*MANUAL*,80,1350,81,181.00,116.04,23.16,864,100258.00
794,794,MCR,*MANUAL*,72,1352,75,193.00,125.02,28.98,895,111889.00
795,795,I2L,*MANUAL*,51,1358,78,213.00,119.26,37.13,855,101964.00
796,796,MCL,*MANUAL*,55,1358,67,201.00,136.34,25.91,895,122021.00
797,797,mc1V,*MANUAL*,64,1369,83,155.00,84.34,26.37,699,58951.00
798,798,pm1VL,*MANUAL*,56,1369,82,184.00,96.45,34.67,895,86319.00
799,799,*NOUSE*,*NOUSE*,0,0,0,0,0,0,0,0
800,800,mc1DL,*MANUAL*,50,1365,49,140.00,93.55,14.19,701,65580.00
801,801,pm1DL,*MANUAL*,56,1369,46,228.00,130.04,39.69,895,116382.00
802,802,PM1DR,*MANUAL*,66,1356,46,217.00,140.00,29.14,895,125297.00
803,803,PM4L,PHARYNX,46,1350,75,226.00,124.04,33.38,895,111013.00
804,804,OLQshVL,*MANUAL*,38,1350,66,211.00,132.96,29.08,895,118997.00
805,805,*NOUSE*,*NOUSE*,0,0,0,0,0,0,0,0
806,806,e3VR,*MANUAL*,74,1411,79,144.00,86.01,21.12,895,76981.00
807,807,pm3VR,*MANUAL*,73,1422,77,137.00,79.02,19.87,895,70720.00
808,808,e2VR,*MANUAL*$497$495,76,1503,76,102.00,35.36,19.16,5099,180295.00
809,809,pm2VL1,*MANUAL*,52,1479,72,131.00,76.07,28.44,895,68084.00
810,810,pm2VL2,*MANUAL*,51,1462,72,140.00,84.41,23.05,895,75549.00
811,811,pm2VR1,*MANUAL*,74,1478,76,114.00,63.76,19.92,895,57061.00
812,812,pm2VR2,*MANUAL*,73,1461,77,139.00,79.41,23.20,895,71076.00
813,813,pm2D1,*MANUAL*,65,1459,49,137.00,80.20,25.75,895,71777.00
814,814,pm2D2,*MANUAL*,65,1443,49,181.00,97.63,25.80,895,87381.00
815,815,DR1,*MANUAL*$592$593,84,1442,55,94.00,37.54,15.61,4966,186421.00
816,816,DR11,*MANUAL*$413$414,72,983,31,169.00,44.64,30.31,4323,192962.00
817,817,DR3,*MANUAL*$541$526,77,1373,34,120.00,48.15,21.93,5429,261416.00
818,818,DL3,*MANUAL*$167$184,51,1371,32,123.00,50.97,24.23,5773,294246.00
819,819,hyp5L,*MANUAL*$106$135,46,1492,60,91.00,33.95,16.93,5541,188127.00
820,820,DL1,*MANUAL*$134$140,47,1458,49,107.00,43.65,21.34,5269,229991.00
821,821,*NOUSE*,*NOUSE*,0,0,0,0,0,0,0,0
822,822,*NOUSE*,*NOUSE*,0,0,0,0,0,0,0,0
823,823,*NOUSE*,*NOUSE*,0,0,0,0,0,0,0,0
824,824,DR6,*MANUAL*$610$588,83,1266,41,118.00,45.06,23.39,3906,175998.00
825,825,DR10,*MANUAL*$542$560,79,1045,37,116.00,42.46,24.79,4402,186900.00
826,826,pm3DL,*MANUAL*,59,1424,50,101.00,47.38,16.55,879,41648.00
827,827,*NOUSE*,*NOUSE*,0,0,0,0,0,0,0,0
828,828,AIMR,*MANUAL*,70,1155,90,221.00,160.58,26.99,799,128303.00
829,829,AIYR,*MANUAL*,79,1158,89,215.00,141.27,28.69,895,126438.00
830,830,AIML,*MANUAL*,52,1148,87,232.00,172.58,30.07,769,132713.00
831,831,AIYL,*MANUAL*,43,1148,86,230.00,148.16,39.59,895,132600.00
832,832,e3VL,*MANUAL*,50,1409,72,156.00,83.14,23.94,884,73497.00
833,833,*NOUSE*,*NOUSE*,0,0,0,0,0,0,0,0
834,834,e1VR,*MANUAL*,75,1443,78,140.00,90.04,21.07,889,80043.00
835,835,e1VL,*MANUAL*,49,1449,71,147.00,79.31,29.88,875,69392.00
836,836,*NOUSE*,*NOUSE*,0,0,0,0,0,0,0,0
837,837,ASER,*MANUAL*,92,1188,58,136.00,83.23,16.31,895,74492.00
838,838,ASGR,*MANUAL*,83,1188,48,179.00,114.80,21.92,895,102743.00
839,839,AWBR,*MANUAL*,88,1203,52,164.00,109.90,23.56,885,97258.00
840,840,AWAR,*MANUAL*,79,1201,58,158.00,103.89,23.19,895,92985.00
841,841,ADFR,*MANUAL*,79,1215,60,151.00,96.01,25.26,895,85925.00
842,842,RIVR,*MANUAL*,76,1164,45,227.00,155.12,29.15,709,109978.00
843,843,AVJR,*MANUAL*,84,1163,47,236.00,137.56,43.76,885,121743.00
844,844,AVHR,*MANUAL*,83,1173,43,215.00,130.98,35.29,889,116445.00
845,845,ASIR,*MANUAL*,74,1180,43,211.00,119.35,27.69,895,106817.00
846,846,URXR,*MANUAL*,72,1228,43,193.00,119.16,29.10,895,106646.00
847,847,ALA,*MANUAL*,62,1234,34,198.00,115.90,23.02,895,103730.00
848,848,GLRDR,*MANUAL*,69,1243,51,209.00,142.42,29.99,885,126040.00
849,849,SAAVR,*MANUAL*,78,1245,57,202.00,130.87,28.76,895,117128.00
850,850,AWAL,*MANUAL*,52,1196,56,188.00,128.89,25.83,895,115357.00
851,851,AWBL,*MANUAL*,44,1199,47,186.00,122.05,29.59,895,109237.00
852,852,AVDL,*MANUAL*,38,1164,57,225.00,121.63,51.43,895,108858.00
853,853,AVJL,*MANUAL*,43,1155,51,223.00,150.42,28.85,886,133270.00
854,854,AIZL,*MANUAL*,49,1152,67,222.00,158.98,30.49,885,140695.00
855,855,FLPL,*MANUAL*,39,1148,68,217.00,153.47,29.72,895,137354.00
856,856,SIBDR,*MANUAL*,89,1235,86,170.00,118.50,23.38,895,106056.00
857,857,AVER,*MANUAL*,81,1235,76,172.00,114.74,25.23,895,102692.00
858,858,ASJR,*MANUAL*,92,1184,79,140.00,86.15,18.78,893,76931.00
859,859,RIMR,*MANUAL*,82,1178,78,176.00,114.57,23.20,895,102542.00
860,860,AIZR,*MANUAL*,82,1159,72,206.00,124.67,27.32,879,109581.00
861,861,RICR,*MANUAL*,90,1161,79,174.00,117.53,20.72,895,105189.00
862,862,GLRR,*MANUAL*,78,1245,82,191.00,128.56,28.74,895,115062.00
863,863,GLRVL,*MANUAL*,56,1245,87,217.00,135.39,42.26,895,121178.00
864,864,*NOUSE*,*NOUSE*,0,0,0,0,0,0,0,0
865,865,SMDDR,*MANUAL*,78,1217,104,203.00,127.39,25.79,895,114010.00
866,866,RIR,*MANUAL*,73,1217,89,201.00,141.22,23.25,759,107188.00
867,867,SIBVR,*MANUAL*,81,1223,91,203.00,141.40,26.94,839,118633.00
868,868,RIH,*MANUAL*,63,1227,95,212.00,157.15,19.37,791,124306.00
869,869,*NOUSE*,*NOUSE*,0,0,0,0,0,0,0,0
870,870,SAADL,*MANUAL*,54,1227,94,231.00,174.61,25.43,895,156276.00
871,871,SAADR,*MANUAL*,73,1227,94,215.00,153.95,22.57,895,137789.00
872,872,*NOUSE*,*NOUSE*,0,0,0,0,0,0,0,0
873,873,GLRL,*MANUAL*$872$864,50,1238,79,220.00,141.14,32.78,1626,229488.00
874,874,SIBDL,*MANUAL*,38,1228,81,224.00,155.19,30.49,895,138893.00
875,875,SIBVL,*MANUAL*,47,1218,88,215.00,149.37,27.40,895,133689.00
876,876,*NOUSE*,*NOUSE*,0,0,0,0,0,0,0,0
877,877,SMBVR,*MANUAL*,69,1205,99,213.00,154.04,20.84,895,137862.00
878,878,SMBDR,*MANUAL*,77,1193,102,211.00,140.59,25.26,895,125825.00
879,879,AIAR,*MANUAL*,67,1190,90,216.00,160.27,21.76,737,118117.00
880,880,AIAL,*MANUAL*,59,1193,90,231.00,166.96,26.03,895,149430.00
881,881,H0R,*MANUAL*$645$654,90,1383,70,105.00,40.01,19.22,4578,183144.00
882,882,H2R,*MANUAL*,95,1145,60,111.00,56.22,18.61,893,50207.00
883,883,*NOUSE*,*NOUSE*,0,0,0,0,0,0,0,0
884,884,H0L,*MANUAL*$14$18,36,1389,62,127.00,44.44,22.67,5886,261558.00
885,885,SIAVR,*MANUAL*,74,1176,92,217.00,140.66,26.64,893,125605.00
886,886,SIADR,*MANUAL*,83,1183,94,212.00,141.26,25.65,895,126431.00
887,887,*NOUSE*,*NOUSE*,0,0,0,0,0,0,0,0
888,888,CEPsODL,*MANUAL*,47,1322,46,219.00,141.82,29.09,895,126932.00
889,889,DL4,*MANUAL*,41,1332,42,175.00,94.08,26.60,895,84201.00
890,890,OLQsoVL,OLQSOVL,43,1396,80,169.00,103.74,24.99,895,92849.00
891,891,ILsoL,ILSOL,40,1405,72,159.00,102.74,25.81,895,91956.00
892,892,ARCPVL,ARCPVL,40,1423,70,141.00,93.49,22.21,895,83678.00
893,893,AMsoL,*MANUAL*,42,1412,51,159.00,104.97,24.59,867,91006.00
894,894,ARCPDL,*MANUAL*,47,1404,47,184.00,104.45,29.12,895,93479.00
895,895,OLQshDL,*MANUAL*,36,1356,52,204.00,123.29,29.85,891,109848.00
896,896,ILSHDL,*MANUAL*,43,1352,44,197.00,111.86,38.73,895,100112.00
897,897,CEPVL,*MANUAL*,53,1283,89,195.00,126.60,28.91,895,113306.00
898,898,URAVL,*MANUAL*,53,1297,90,217.00,131.02,28.67,895,117260.00
899,899,VR5,*MANUAL*,75,1282,101,147.00,81.79,26.51,881,72055.00
900,900,CEPVR,*MANUAL*,67,1279,96,185.00,132.34,21.63,895,118446.00
901,901,OLQDL,*MANUAL*,55,1279,39,178.00,134.44,23.97,621,83487.00
902,902,*NOUSE*,*NOUSE*,0,0,0,0,0,0,0,0
903,903,RMEV,*MANUAL*$320$367,61,1264,101,178.00,63.45,39.06,4153,263528.00
904,904,URYDL,*MANUAL*,46,1289,45,211.00,135.66,33.30,891,120872.00
905,905,OLQDR,*MANUAL*,72,1287,41,180.00,127.52,19.53,895,114134.00
906,906,RMED,*MANUAL*,62,1278,39,190.00,135.05,22.94,895,120866.00
907,907,URADL,*MANUAL*,47,1301,44,243.00,185.46,27.34,847,157082.00
908,908,IL1DL,*MANUAL*,55,1296,46,249.00,185.32,32.15,895,165860.00
909,909,*NOUSE*,*NOUSE*,0,0,0,0,0,0,0,0
910,910,IL2R,*MANUAL*,90,1334,66,131.00,79.86,16.06,895,71476.00
911,911,H1R,*MANUAL*,93,1284,66,111.00,58.61,20.28,895,52460.00
912,912,RMER,*MANUAL*,82,1284,63,167.00,109.65,21.32,895,98137.00
913,913,*NOUSE*,*NOUSE*,0,0,0,0,0,0,0,0
914,914,URBR,*MANUAL*,88,1305,65,162.00,100.44,27.20,895,89894.00
915,915,URYDR,*MANUAL*,80,1294,47,179.00,119.44,23.53,895,106896.00
916,916,OLQshDR,*MANUAL*,90,1342,55,153.00,101.37,20.12,895,90730.00
917,917,ILshDR,*MANUAL*,86,1354,52,161.00,91.57,23.63,895,81951.00
918,918,OLLsoR,CEPSODR,84,1330,52,152.00,103.45,20.38,895,92592.00
919,919,VR2,*MANUAL*,75,1414,93,134.00,79.74,18.92,895,71364.00
920,920,ILshVR,*MANUAL*,65,1414,91,201.00,122.48,26.06,664,81324.00
921,921,ILshVL,*MANUAL*,58,1416,89,190.00,115.85,32.32,895,103690.00
922,922,hyp1V,*MANUAL*$317$376,65,1460,90,137.00,47.36,26.69,5232,247788.00
923,923,ILsoVR,*MANUAL*,66,1433,90,160.00,100.10,23.93,760,76078.00
924,924,ILsoVL,*MANUAL*,58,1433,90,187.00,107.26,25.51,895,95994.00
925,925,ARCaV,*MANUAL*,57,1475,88,112.00,71.44,15.05,895,63939.00
926,926,hyp2V,*MANUAL*,67,1485,88,125.00,68.54,19.94,895,61347.00
927,927,hyp7V2,*MANUAL*,60,1310,102,127.00,71.98,19.61,895,64426.00
928,928,IL1VR,IL1VR,59,1309,90,198.00,132.14,26.76,895,118268.00
929,929,hyp7V1,*MANUAL*$322$319,59,1340,102,120.00,37.73,16.97,4218,159148.00
930,930,hyp7D2,*MANUAL*$369$352,63,1204,27,102.00,41.52,18.17,3916,162575.00
931,931,hyp32,*MANUAL*,63,1480,39,141.00,81.98,22.81,895,73372.00
932,932,ARCpD,*MANUAL*,71,1470,40,137.00,78.37,25.53,895,70144.00
933,933,OLQsoDL,*MANUAL*,57,1435,38,216.00,110.78,36.04,893,98926.00
934,934,DL2,*MANUAL*,50,1423,40,122.00,68.99,16.45,895,61745.00
935,935,HMC,*MANUAL*,58,1149,32,166.00,102.08,23.93,895,91365.00
936,936,pm3R,*MANUAL*$805$493,75,1403,70,137.00,49.64,21.95,2647,131401.00
937,937,OLQsoDR,*MANUAL*,75,1422,38,146.00,92.61,23.30,895,82889.00
938,938,*NOUSE*,*NOUSE*,0,0,0,0,0,0,0,0
939,939,e1D,*MANUAL*$827$836,65,1414,45,136.00,86.79,23.13,1790,155348.00
940,940,AVG,*MANUAL*,57,1092,106,227.00,141.25,34.65,781,110314.00
941,941,SABD,*MANUAL*,65,1071,105,213.00,137.71,36.40,895,123254.00
942,942,RIGL,*MANUAL*,50,1098,102,228.00,149.12,34.74,895,133465.00
943,943,VL8,*MANUAL*,44,1064,95,171.00,90.74,26.41,895,81215.00
944,944,DD1,*MANUAL*,52,1072,101,234.00,154.59,36.07,895,138357.00
945,945,SABVL,*MANUAL*,58,1136,101,240.00,167.58,34.13,895,149984.00
946,946,SABVR,*MANUAL*,67,1129,106,238.00,150.88,44.53,895,135036.00
947,947,DL9,*MANUAL*,53,1061,34,168.00,92.03,25.37,895,82369.00
948,948,H2L,*MANUAL*,38,1124,57,123.00,62.50,19.61,895,55939.00
949,949,ADEL,*MANUAL*,40,1133,70,233.00,164.18,32.68,895,146945.00
950,950,AINR,*MANUAL*,87,1152,58,180.00,124.59,23.52,895,111504.00
951,951,AVBL,*MANUAL*,51,1163,51,206.00,148.28,28.38,847,125592.00
952,952,AVHL,*MANUAL*,48,1169,44,235.00,153.85,31.27,895,137692.00
953,953,AVDR,*MANUAL*,90,1169,62,186.00,118.88,31.34,895,106399.00
954,954,AVBR,*MANUAL*,80,1178,61,201.00,126.86,23.83,895,113542.00
955,955,DB1,*MANUAL*,60,1083,106,221.00,142.79,37.18,895,127800.00
956,956,RIAL,*MANUAL*,51,1224,55,218.00,148.78,30.67,827,123040.00
957,957,SMDVL,*MANUAL*,45,1229,50,205.00,136.99,27.17,895,122606.00
958,958,RIAR,*MANUAL*,77,1229,58,185.00,119.02,20.71,880,104736.00
959,959,*NOUSE*,*NOUSE*,0,0,0,0,0,0,0,0
960,960,Z3,*MANUAL*$333$194,58,667,90,185.00,48.16,31.14,8442,406545.00
961,961,PM4R,*MANUAL*,83,1349,69,157.00,90.92,23.58,875,79555.00
962,962,OLLshR,*MANUAL*,90,1354,75,158.00,101.44,22.28,895,90790.00
963,963,CEPsoDR,*MANUAL*,89,1313,50,166.00,79.41,34.81,803,63769.00
964,964,*NOUSE*,*NOUSE*,0,0,0,0,0,0,0,0
965,965,*NOUSE*,*NOUSE*,0,0,0,0,0,0,0,0
966,966,pm4dl,*MANUAL*,55,1343,41,178.00,110.78,25.63,895,99146.00
967,967,AMshL,*MANUAL*$66$75,42,1125,46,142.00,52.96,26.46,4488,237685.00
968,968,hyp7LC6,*MANUAL*$175$160,50,285,51,149.00,42.66,24.00,5365,228896.00
969,969,inDR1,*MANUAL*$529$457,76,1001,45,98.00,32.47,16.50,6035,195976.00
970,970,SMDVR,*MANUAL*,83,1233,48,177.00,106.12,30.63,895,94977.00
971,971,AVAR,*MANUAL*,89,1244,64,135.00,93.08,18.65,895,83311.00
972,972,OLLR,*MANUAL*,77,1308,57,167.00,108.42,23.49,895,97034.00
973,973,TL,*MANUAL*$260$261,59,190,57,120.00,39.94,22.34,5518,220405.00
974,974,hyp7LC4,*MANUAL*$68$55,41,583,58,111.00,33.16,18.52,7522,249410.00
975,975,HYP102,*MANUAL*$385$384,66,66,65,151.00,45.14,30.23,4899,221133.00
976,976,mc2DL,*MANUAL*$308$342,59,1167,64,178.00,75.26,32.84,3041,228871.00
977,977,VL19,*MANUAL*$242$240,56,228,78,180.00,61.75,41.64,4195,259025.00
978,978,pm7VL,*MANUAL*$97$223$137,48,1085,82,159.00,56.91,33.36,5695,324115.00
979,979,hyp4V1,*MANUAL*$401$402,67,1536,83,109.00,33.95,18.52,4244,144080.00
980,980,P7/8L,*MANUAL*$61$59,41,567,84,129.00,40.78,27.01,5292,215803.00
981,981,RMDDL,*MANUAL*,45,1236,90,234.00,149.21,31.20,895,133543.00
982,982,VR18,*MANUAL*$426$442,69,502,89,147.00,47.32,29.99,4855,229728.00
983,983,mc3V,*MANUAL*$331$314,64,1080,93,181.00,68.00,37.61,5219,354906.00
984,984,VL16,*MANUAL*$235$227,54,627,93,138.00,46.53,31.86,4524,210483.00
985,985,URYVR,*MANUAL*,84,1307,78,188.00,118.32,21.92,895,105898.00
986,986,CEPsoVR,*MANUAL*,82,1319,81,162.00,85.74,28.94,895,76735.00
987,987,hyp6D4,*MANUAL*,62,1316,35,162.00,109.77,19.98,886,97252.00
988,988,IL2DL,*MANUAL*,52,1312,37,177.00,124.93,25.25,895,111810.00
989,989,hyp6D1,*MANUAL*,65,1441,34,174.00,97.35,25.26,755,73503.00
990,990,ILsoDR,*MANUAL*,72,1441,39,161.00,96.64,19.90,895,86497.00
991,991,VL15,*MANUAL*,54,701,93,159.00,94.46,23.97,895,84546.00
992,992,DB5,*MANUAL*,62,704,103,177.00,104.67,25.67,895,93682.00
993,993,pm3VL,*MANUAL*,55,1424,76,103.00,61.46,14.85,895,55011.00
994,994,RMDL,*MANUAL*,38,1245,79,189.00,130.05,29.96,895,116391.00
995,995,URYVL,*MANUAL*,43,1299,75,202.00,132.84,32.98,895,118895.00
996,996,VL1,*MANUAL*,42,1444,77,123.00,67.38,19.07,895,60301.00
997,997,f1,*MANUAL*,67,1554,68, 5.00, 0.25, 0.64,895,225.00
998,998,f2,*MANUAL*,70,1443,69,49.00, 8.68, 6.33,895,7765.00
999,999,f3,*MANUAL*,70,1272,67,15.00, 4.93, 2.27,895,4411.00
1000,1000,f4,*MANUAL*,66,1322,67,18.00, 9.00, 2.85,895,8053.00
1001,1001,f5,*MANUAL*,63,1198,67,27.00,13.47, 3.61,895,12054.00
1002,1002,f6,*MANUAL*,64,1114,67,24.00,10.84, 3.50,895,9700.00
1003,1003,f7,*MANUAL*,64,1084,67,16.00, 7.24, 2.98,895,6480.00
1004,1004,f8,*MANUAL*,63,1024,67,12.00, 1.68, 1.84,895,1502.00
1005,1005,f9,*MANUAL*,63,888,64,12.00, 1.65, 1.61,895,1478.00
1006,1006,f10,*MANUAL*,63,804,68, 8.00, 1.73, 1.46,895,1546.00
