0,0,*NOUSE*,*NOUSE*,0,0,0,0,0,0,0,0
1,1,ADAR,,33,1276,61,237.00,83.81,58.18,4351,364678.00
2,2,AWCR,,33,1389,70,194.00,75.54,45.27,5079,383647.00
3,3,*NOUSE*,*NOUSE*,0,0,0,0,0,0,0,0
4,4,*NOUSE*,*NOUSE*,0,0,0,0,0,0,0,0
5,5,RMGR,,33,1255,61,251.00,77.13,56.99,4769,367829.00
6,6,AUAR,,34,1367,61,246.00,89.56,58.19,4255,381089.00
7,7,*NOUSE*,*NOUSE*,0,0,0,0,0,0,0,0
8,8,*NOUSE*,*NOUSE*,0,0,0,0,0,0,0,0
9,9,ASHR,,35,1370,79,202.00,72.80,43.30,4873,354775.00
10,10,ASJR,,37,1345,62,208.00,78.09,44.05,4684,365768.00
11,11,RICR,,35,1322,63,252.00,102.84,61.87,3881,399135.00
12,12,ADESHR,,35,1232,65,253.00,92.16,65.55,4665,429945.00
13,13,BAGR,,36,1450,72,185.00,63.64,40.43,5623,357838.00
14,14,*NOUSE*,*NOUSE*,0,0,0,0,0,0,0,0
15,15,*NOUSE*,*NOUSE*,0,0,0,0,0,0,0,0
16,16,*NOUSE*,*NOUSE*,0,0,0,0,0,0,0,0
17,17,AVAR,,35,1414,83,216.00,86.12,52.06,4148,357210.00
18,18,RMDVR,,35,1434,87,227.00,67.37,46.42,4797,323168.00
19,19,AMSHR,,38,1294,93,182.00,62.08,32.85,6276,389626.00
20,20,*NOUSE*,*NOUSE*,0,0,0,0,0,0,0,0
21,21,*NOUSE*,*NOUSE*,0,0,0,0,0,0,0,0
22,22,IL2R,,35,1519,90,208.00,69.40,45.74,4770,331043.00
23,23,RMDR,,36,1422,69,226.00,88.75,53.31,4046,359064.00
24,24,*NOUSE*,*NOUSE*,0,0,0,0,0,0,0,0
25,25,OLQSHVR,,35,1539,80,251.00,94.84,60.14,3701,351010.00
26,26,*NOUSE*,*NOUSE*,0,0,0,0,0,0,0,0
27,27,*NOUSE*,*NOUSE*,0,0,0,0,0,0,0,0
28,28,*NOUSE*,*NOUSE*,0,0,0,0,0,0,0,0
29,29,*NOUSE*,*NOUSE*,0,0,0,0,0,0,0,0
30,30,*NOUSE*,*NOUSE*,0,0,0,0,0,0,0,0
31,31,*NOUSE*,*NOUSE*,0,0,0,0,0,0,0,0
32,32,*NOUSE*,*NOUSE*,0,0,0,0,0,0,0,0
33,33,*NOUSE*,*NOUSE*,0,0,0,0,0,0,0,0
34,34,*NOUSE*,*NOUSE*,0,0,0,0,0,0,0,0
35,35,*NOUSE*,*NOUSE*,0,0,0,0,0,0,0,0
36,36,*NOUSE*,*NOUSE*,0,0,0,0,0,0,0,0
37,37,AFDR,,38,1393,84,228.00,89.88,47.29,3982,357909.00
38,38,ARCADR,,37,1618,91,209.00,62.72,41.95,4108,257662.00
39,39,*NOUSE*,*NOUSE*,0,0,0,0,0,0,0,0
40,40,*NOUSE*,*NOUSE*,0,0,0,0,0,0,0,0
41,41,AVJR,,37,1320,92,246.00,96.77,60.49,3642,352453.00
42,42,*NOUSE*,*NOUSE*,0,0,0,0,0,0,0,0
43,43,P3/4R,,39,924,62,172.00,49.86,33.31,6723,335195.00
44,44,*NOUSE*,*NOUSE*,0,0,0,0,0,0,0,0
45,45,SIBDR,,37,1406,66,251.00,105.66,59.93,3703,391272.00
46,46,*NOUSE*,*NOUSE*,0,0,0,0,0,0,0,0
47,47,AVDR,,37,1323,77,252.00,105.76,60.01,3286,347511.00
48,48,URYVR,,42,1484,73,230.00,104.74,53.19,3931,411720.00
49,49,ARCPVR,,39,1617,78,248.00,80.17,51.54,4387,351691.00
50,50,*NOUSE*,*NOUSE*,0,0,0,0,0,0,0,0
51,51,*NOUSE*,*NOUSE*,0,0,0,0,0,0,0,0
52,52,VPI2DR,,46,1202,88,251.00,86.26,57.51,5464,471339.00
53,53,*NOUSE*,*NOUSE*,0,0,0,0,0,0,0,0
54,54,*NOUSE*,*NOUSE*,0,0,0,0,0,0,0,0
55,55,*NOUSE*,*NOUSE*,0,0,0,0,0,0,0,0
56,56,HYP7RC1,,37,1037,87,120.00,34.93,19.20,8778,306631.00
57,57,*NOUSE*,*NOUSE*,0,0,0,0,0,0,0,0
58,58,*NOUSE*,*NOUSE*,0,0,0,0,0,0,0,0
59,59,*NOUSE*,*NOUSE*,0,0,0,0,0,0,0,0
60,60,*NOUSE*,*NOUSE*,0,0,0,0,0,0,0,0
61,61,*NOUSE*,*NOUSE*,0,0,0,0,0,0,0,0
62,62,*NOUSE*,*NOUSE*,0,0,0,0,0,0,0,0
63,63,*NOUSE*,*NOUSE*,0,0,0,0,0,0,0,0
64,64,IL1R,,40,1497,81,241.00,98.69,52.02,2753,271692.00
65,65,*NOUSE*,*NOUSE*,0,0,0,0,0,0,0,0
66,66,*NOUSE*,*NOUSE*,0,0,0,0,0,0,0,0
67,67,BDUR,,41,1134,79,253.00,85.45,67.48,4208,359581.00
68,68,CANR,,41,819,78,216.00,58.96,45.20,5276,311098.00
69,69,*NOUSE*,*NOUSE*,0,0,0,0,0,0,0,0
70,70,RMER,,41,1456,88,217.00,82.29,50.93,4269,351300.00
71,71,AVHR,,42,1337,95,250.00,103.82,60.34,3687,382794.00
72,72,AMSOR,,42,1598,95,184.00,58.81,34.70,4918,289236.00
73,73,*NOUSE*,*NOUSE*,0,0,0,0,0,0,0,0
74,74,*NOUSE*,*NOUSE*,0,0,0,0,0,0,0,0
75,75,*NOUSE*,*NOUSE*,0,0,0,0,0,0,0,0
76,76,*NOUSE*,*NOUSE*,0,0,0,0,0,0,0,0
77,77,*NOUSE*,*NOUSE*,0,0,0,0,0,0,0,0
78,78,*NOUSE*,*NOUSE*,0,0,0,0,0,0,0,0
79,79,HYP5R,,41,1690,86,159.00,46.39,27.03,6439,298700.00
80,80,MC3DR,,43,1236,87,212.00,59.44,43.21,6589,391677.00
81,81,*NOUSE*,*NOUSE*,0,0,0,0,0,0,0,0
82,82,SMDDR,,43,1391,44,240.00,106.85,55.20,3811,407197.00
83,83,*NOUSE*,*NOUSE*,0,0,0,0,0,0,0,0
84,84,*NOUSE*,*NOUSE*,0,0,0,0,0,0,0,0
85,85,*NOUSE*,*NOUSE*,0,0,0,0,0,0,0,0
86,86,AWBR,,43,1379,91,220.00,97.35,48.87,3387,329728.00
87,87,ASGR,,43,1361,95,240.00,100.12,55.56,3856,386058.00
88,88,RIS,,45,1304,43,225.00,96.67,50.88,4428,428059.00
89,89,CCRA,,44,1086,55,242.00,79.10,60.37,5258,415924.00
90,90,*NOUSE*,*NOUSE*,0,0,0,0,0,0,0,0
91,91,OLQVR,,45,1470,67,234.00,101.20,53.80,3708,375243.00
92,92,*NOUSE*,*NOUSE*,0,0,0,0,0,0,0,0
93,93,*NOUSE*,*NOUSE*,0,0,0,0,0,0,0,0
94,94,*NOUSE*,*NOUSE*,0,0,0,0,0,0,0,0
95,95,*NOUSE*,*NOUSE*,0,0,0,0,0,0,0,0
96,96,*NOUSE*,*NOUSE*,0,0,0,0,0,0,0,0
97,97,*NOUSE*,*NOUSE*,0,0,0,0,0,0,0,0
98,98,*NOUSE*,*NOUSE*,0,0,0,0,0,0,0,0
99,99,*NOUSE*,*NOUSE*,0,0,0,0,0,0,0,0
100,100,CEPSHDR,,45,1458,99,190.00,74.32,41.48,4348,323134.00
101,101,ALMR,,45,888,98,218.00,66.63,51.44,4664,310774.00
102,102,*NOUSE*,*NOUSE*,0,0,0,0,0,0,0,0
103,103,*NOUSE*,*NOUSE*,0,0,0,0,0,0,0,0
104,104,*NOUSE*,*NOUSE*,0,0,0,0,0,0,0,0
105,105,CCRP,,46,1056,55,244.00,75.40,58.95,5292,399020.00
106,106,*NOUSE*,*NOUSE*,0,0,0,0,0,0,0,0
107,107,*NOUSE*,*NOUSE*,0,0,0,0,0,0,0,0
108,108,*NOUSE*,*NOUSE*,0,0,0,0,0,0,0,0
109,109,*NOUSE*,*NOUSE*,0,0,0,0,0,0,0,0
110,110,*NOUSE*,*NOUSE*,0,0,0,0,0,0,0,0
111,111,*NOUSE*,*NOUSE*,0,0,0,0,0,0,0,0
112,112,PM6VR,,47,1263,66,188.00,69.73,39.44,6173,430430.00
113,113,RIBR,,46,1352,70,247.00,101.45,55.14,4448,451235.00
114,114,*NOUSE*,*NOUSE*,0,0,0,0,0,0,0,0
115,115,*NOUSE*,*NOUSE*,0,0,0,0,0,0,0,0
116,116,*NOUSE*,*NOUSE*,0,0,0,0,0,0,0,0
117,117,*NOUSE*,*NOUSE*,0,0,0,0,0,0,0,0
118,118,G1AR,,46,1276,86,240.00,83.14,47.40,4794,398570.00
119,119,VR10,,48,1181,46,210.00,62.95,45.24,6982,439498.00
120,120,SIADR,,45,1367,53,253.00,125.33,57.28,3597,450819.00
121,121,HSNR,,45,739,56,196.00,52.40,40.95,5985,313633.00
122,122,*NOUSE*,*NOUSE*,0,0,0,0,0,0,0,0
123,123,*NOUSE*,*NOUSE*,0,0,0,0,0,0,0,0
124,124,*NOUSE*,*NOUSE*,0,0,0,0,0,0,0,0
125,125,*NOUSE*,*NOUSE*,0,0,0,0,0,0,0,0
126,126,*NOUSE*,*NOUSE*,0,0,0,0,0,0,0,0
127,127,AVER,,47,1405,75,230.00,109.39,52.21,3747,409897.00
128,128,*NOUSE*,*NOUSE*,0,0,0,0,0,0,0,0
129,129,VR7,,49,1329,37,218.00,72.49,43.08,6380,462476.00
130,130,*NOUSE*,*NOUSE*,0,0,0,0,0,0,0,0
131,131,*NOUSE*,*NOUSE*,0,0,0,0,0,0,0,0
132,132,RIMR,,47,1331,67,227.00,95.01,48.64,4521,429527.00
133,133,*NOUSE*,*NOUSE*,0,0,0,0,0,0,0,0
134,134,AIBR,,47,1383,73,237.00,101.16,50.03,4250,429949.00
135,135,AVBR,,47,1325,84,243.00,113.77,50.91,3867,439945.00
136,136,*NOUSE*,*NOUSE*,0,0,0,0,0,0,0,0
137,137,*NOUSE*,*NOUSE*,0,0,0,0,0,0,0,0
138,138,*NOUSE*,*NOUSE*,0,0,0,0,0,0,0,0
139,139,*NOUSE*,*NOUSE*,0,0,0,0,0,0,0,0
140,140,*NOUSE*,*NOUSE*,0,0,0,0,0,0,0,0
141,141,SMBDR,,49,1373,41,243.00,110.87,53.59,3896,431966.00
142,142,VR9,,51,1205,43,200.00,72.09,46.97,6823,491841.00
143,143,*NOUSE*,*NOUSE*,0,0,0,0,0,0,0,0
144,144,*NOUSE*,*NOUSE*,0,0,0,0,0,0,0,0
145,145,*NOUSE*,*NOUSE*,0,0,0,0,0,0,0,0
146,146,*NOUSE*,*NOUSE*,0,0,0,0,0,0,0,0
147,147,*NOUSE*,*NOUSE*,0,0,0,0,0,0,0,0
148,148,*NOUSE*,*NOUSE*,0,0,0,0,0,0,0,0
149,149,M2R,,47,1283,70,255.00,123.42,67.63,3574,441113.00
150,150,*NOUSE*,*NOUSE*,0,0,0,0,0,0,0,0
151,151,*NOUSE*,*NOUSE*,0,0,0,0,0,0,0,0
152,152,*NOUSE*,*NOUSE*,0,0,0,0,0,0,0,0
153,153,M,,48,602,77,83.00,28.44,11.66,9311,264824.00
154,154,PM5R,,51,1296,80,243.00,95.19,43.89,5685,541145.00
155,155,*NOUSE*,*NOUSE*,0,0,0,0,0,0,0,0
156,156,*NOUSE*,*NOUSE*,0,0,0,0,0,0,0,0
157,157,*NOUSE*,*NOUSE*,0,0,0,0,0,0,0,0
158,158,M1,,50,1262,96,245.00,83.64,54.82,4673,390871.00
159,159,DR19,,47,493,99,129.00,41.51,23.68,5374,223050.00
160,160,*NOUSE*,*NOUSE*,0,0,0,0,0,0,0,0
161,161,*NOUSE*,*NOUSE*,0,0,0,0,0,0,0,0
162,162,DR10,,50,1187,106,205.00,55.18,38.12,6485,357818.00
163,163,*NOUSE*,*NOUSE*,0,0,0,0,0,0,0,0
164,164,*NOUSE*,*NOUSE*,0,0,0,0,0,0,0,0
165,165,SIAVR,,50,1348,45,250.00,93.53,54.54,4908,459065.00
166,166,*NOUSE*,*NOUSE*,0,0,0,0,0,0,0,0
167,167,*NOUSE*,*NOUSE*,0,0,0,0,0,0,0,0
168,168,*NOUSE*,*NOUSE*,0,0,0,0,0,0,0,0
169,169,*NOUSE*,*NOUSE*,0,0,0,0,0,0,0,0
170,170,*NOUSE*,*NOUSE*,0,0,0,0,0,0,0,0
171,171,*NOUSE*,*NOUSE*,0,0,0,0,0,0,0,0
172,172,*NOUSE*,*NOUSE*,0,0,0,0,0,0,0,0
173,173,*NOUSE*,*NOUSE*,0,0,0,0,0,0,0,0
174,174,*NOUSE*,*NOUSE*,0,0,0,0,0,0,0,0
175,175,*NOUSE*,*NOUSE*,0,0,0,0,0,0,0,0
176,176,REPVR,,49,325,76,199.00,48.61,28.45,4471,217354.00
177,177,*NOUSE*,*NOUSE*,0,0,0,0,0,0,0,0
178,178,*NOUSE*,*NOUSE*,0,0,0,0,0,0,0,0
179,179,*NOUSE*,*NOUSE*,0,0,0,0,0,0,0,0
180,180,INDR1,,52,1133,98,116.00,38.84,18.35,9542,370609.00
181,181,DR12,,50,1030,109,208.00,57.80,43.41,6126,354098.00
182,182,DR2,,48,1615,104,155.00,63.30,30.29,4590,290557.00
183,183,DR3,,50,1575,109,167.00,61.80,33.39,3553,219572.00
184,184,*NOUSE*,*NOUSE*,0,0,0,0,0,0,0,0
185,185,*NOUSE*,*NOUSE*,0,0,0,0,0,0,0,0
186,186,INVR1,,52,1129,59,117.00,38.56,20.20,10275,396231.00
187,187,*NOUSE*,*NOUSE*,0,0,0,0,0,0,0,0
188,188,*NOUSE*,*NOUSE*,0,0,0,0,0,0,0,0
189,189,*NOUSE*,*NOUSE*,0,0,0,0,0,0,0,0
190,190,*NOUSE*,*NOUSE*,0,0,0,0,0,0,0,0
191,191,GLRR,,49,1414,64,254.00,123.59,59.27,3742,462463.00
192,192,*NOUSE*,*NOUSE*,0,0,0,0,0,0,0,0
193,193,*NOUSE*,*NOUSE*,0,0,0,0,0,0,0,0
194,194,*NOUSE*,*NOUSE*,0,0,0,0,0,0,0,0
195,195,PVQR,,50,301,75,120.00,47.11,25.29,5016,236307.00
196,196,*NOUSE*,*NOUSE*,0,0,0,0,0,0,0,0
197,197,*NOUSE*,*NOUSE*,0,0,0,0,0,0,0,0
198,198,*NOUSE*,*NOUSE*,0,0,0,0,0,0,0,0
199,199,*NOUSE*,*NOUSE*,0,0,0,0,0,0,0,0
200,200,*NOUSE*,*NOUSE*,0,0,0,0,0,0,0,0
201,201,*NOUSE*,*NOUSE*,0,0,0,0,0,0,0,0
202,202,VR11,,53,1075,44,211.00,62.06,43.37,6688,415029.00
203,203,AVKR,,51,1295,50,223.00,105.06,46.31,4035,423927.00
204,204,*NOUSE*,*NOUSE*,0,0,0,0,0,0,0,0
205,205,*NOUSE*,*NOUSE*,0,0,0,0,0,0,0,0
206,206,*NOUSE*,*NOUSE*,0,0,0,0,0,0,0,0
207,207,ADFR,,49,1366,82,239.00,90.54,47.19,4573,414020.00
208,208,DR20,,50,420,98,112.00,37.79,18.93,5416,204652.00
209,209,*NOUSE*,*NOUSE*,0,0,0,0,0,0,0,0
210,210,*NOUSE*,*NOUSE*,0,0,0,0,0,0,0,0
211,211,*NOUSE*,*NOUSE*,0,0,0,0,0,0,0,0
212,212,INV6,,54,717,80,76.00,28.69,11.31,9335,267784.00
213,213,VIRR,,55,339,83,151.00,49.90,27.33,4283,213724.00
214,214,*NOUSE*,*NOUSE*,0,0,0,0,0,0,0,0
215,215,DR17,,52,673,105,154.00,44.91,28.72,5462,245305.00
216,216,*NOUSE*,*NOUSE*,0,0,0,0,0,0,0,0
217,217,*NOUSE*,*NOUSE*,0,0,0,0,0,0,0,0
218,218,*NOUSE*,*NOUSE*,0,0,0,0,0,0,0,0
219,219,DR5,,52,1447,110,204.00,62.82,35.49,2557,160632.00
220,220,*NOUSE*,*NOUSE*,0,0,0,0,0,0,0,0
221,221,VR15,,54,831,53,190.00,57.63,41.59,6918,398664.00
222,222,*NOUSE*,*NOUSE*,0,0,0,0,0,0,0,0
223,223,*NOUSE*,*NOUSE*,0,0,0,0,0,0,0,0
224,224,AVL,,54,1355,57,211.00,100.99,46.41,4250,429197.00
225,225,*NOUSE*,*NOUSE*,0,0,0,0,0,0,0,0
226,226,*NOUSE*,*NOUSE*,0,0,0,0,0,0,0,0
227,227,PM3R,,52,1613,80,177.00,60.17,31.38,3239,194884.00
228,228,*NOUSE*,*NOUSE*,0,0,0,0,0,0,0,0
229,229,*NOUSE*,*NOUSE*,0,0,0,0,0,0,0,0
230,230,*NOUSE*,*NOUSE*,0,0,0,0,0,0,0,0
231,231,*NOUSE*,*NOUSE*,0,0,0,0,0,0,0,0
232,232,*NOUSE*,*NOUSE*,0,0,0,0,0,0,0,0
233,233,*NOUSE*,*NOUSE*,0,0,0,0,0,0,0,0
234,234,*NOUSE*,*NOUSE*,0,0,0,0,0,0,0,0
235,235,*NOUSE*,*NOUSE*,0,0,0,0,0,0,0,0
236,236,Z1,,52,807,59,176.00,52.90,31.79,6623,350380.00
237,237,*NOUSE*,*NOUSE*,0,0,0,0,0,0,0,0
238,238,E2VR,,54,1741,73,178.00,50.34,36.18,5921,298047.00
239,239,M3R,,53,1490,77,253.00,103.25,60.30,4363,450477.00
240,240,*NOUSE*,*NOUSE*,0,0,0,0,0,0,0,0
241,241,*NOUSE*,*NOUSE*,0,0,0,0,0,0,0,0
242,242,*NOUSE*,*NOUSE*,0,0,0,0,0,0,0,0
243,243,*NOUSE*,*NOUSE*,0,0,0,0,0,0,0,0
244,244,PHSHR,,55,230,81,138.00,50.72,29.80,4035,204653.00
245,245,*NOUSE*,*NOUSE*,0,0,0,0,0,0,0,0
246,246,*NOUSE*,*NOUSE*,0,0,0,0,0,0,0,0
247,247,*NOUSE*,*NOUSE*,0,0,0,0,0,0,0,0
248,248,*NOUSE*,*NOUSE*,0,0,0,0,0,0,0,0
249,249,*NOUSE*,*NOUSE*,0,0,0,0,0,0,0,0
250,250,*NOUSE*,*NOUSE*,0,0,0,0,0,0,0,0
251,251,*NOUSE*,*NOUSE*,0,0,0,0,0,0,0,0
252,252,*NOUSE*,*NOUSE*,0,0,0,0,0,0,0,0
253,253,DA9,,56,320,63,151.00,56.94,29.88,3868,220261.00
254,254,*NOUSE*,*NOUSE*,0,0,0,0,0,0,0,0
255,255,*NOUSE*,*NOUSE*,0,0,0,0,0,0,0,0
256,256,IND5,,56,820,93,84.00,29.28,11.18,9192,269184.00
257,257,*NOUSE*,*NOUSE*,0,0,0,0,0,0,0,0
258,258,ASKR,,57,1377,97,187.00,74.20,40.81,5164,383151.00
259,259,HYP32,,58,1689,107,188.00,61.05,41.05,5351,326697.00
260,260,*NOUSE*,*NOUSE*,0,0,0,0,0,0,0,0
261,261,*NOUSE*,*NOUSE*,0,0,0,0,0,0,0,0
262,262,*NOUSE*,*NOUSE*,0,0,0,0,0,0,0,0
263,263,*NOUSE*,*NOUSE*,0,0,0,0,0,0,0,0
264,264,PM4VR,,56,1528,60,177.00,65.26,34.24,4197,273907.00
265,265,*NOUSE*,*NOUSE*,0,0,0,0,0,0,0,0
266,266,*NOUSE*,*NOUSE*,0,0,0,0,0,0,0,0
267,267,*NOUSE*,*NOUSE*,0,0,0,0,0,0,0,0
268,268,*NOUSE*,*NOUSE*,0,0,0,0,0,0,0,0
269,269,*NOUSE*,*NOUSE*,0,0,0,0,0,0,0,0
270,270,*NOUSE*,*NOUSE*,0,0,0,0,0,0,0,0
271,271,GLRDR,,59,1422,90,252.00,110.64,60.97,3238,358248.00
272,272,*NOUSE*,*NOUSE*,0,0,0,0,0,0,0,0
273,273,ASIR,,56,1335,97,210.00,85.79,46.19,4430,380031.00
274,274,SMBVR,,59,1385,47,244.00,124.05,54.33,4311,534764.00
275,275,*NOUSE*,*NOUSE*,0,0,0,0,0,0,0,0
276,276,*NOUSE*,*NOUSE*,0,0,0,0,0,0,0,0
277,277,*NOUSE*,*NOUSE*,0,0,0,0,0,0,0,0
278,278,*NOUSE*,*NOUSE*,0,0,0,0,0,0,0,0
279,279,*NOUSE*,*NOUSE*,0,0,0,0,0,0,0,0
280,280,*NOUSE*,*NOUSE*,0,0,0,0,0,0,0,0
281,281,MC2DR,,58,1316,84,186.00,82.84,34.61,3781,313231.00
282,282,*NOUSE*,*NOUSE*,0,0,0,0,0,0,0,0
283,283,*NOUSE*,*NOUSE*,0,0,0,0,0,0,0,0
284,284,*NOUSE*,*NOUSE*,0,0,0,0,0,0,0,0
285,285,*NOUSE*,*NOUSE*,0,0,0,0,0,0,0,0
286,286,IND2,,59,1066,100,83.00,31.36,12.97,10775,337913.00
287,287,*NOUSE*,*NOUSE*,0,0,0,0,0,0,0,0
288,288,*NOUSE*,*NOUSE*,0,0,0,0,0,0,0,0
289,289,DR15,,60,848,110,194.00,60.96,41.17,4940,301135.00
290,290,DR7,,58,1302,108,190.00,80.76,38.64,2763,223130.00
291,291,IND7,,61,555,95,73.00,24.07, 8.02,7780,187259.00
292,292,*NOUSE*,*NOUSE*,0,0,0,0,0,0,0,0
293,293,ADLR,,59,1355,99,196.00,71.19,37.77,5277,375675.00
294,294,I5,,60,1271,52,216.00,92.28,48.13,3970,366340.00
295,295,*NOUSE*,*NOUSE*,0,0,0,0,0,0,0,0
296,296,PM3DR,,59,1619,92,135.00,55.80,25.64,3414,190496.00
297,297,*NOUSE*,*NOUSE*,0,0,0,0,0,0,0,0
298,298,*NOUSE*,*NOUSE*,0,0,0,0,0,0,0,0
299,299,*NOUSE*,*NOUSE*,0,0,0,0,0,0,0,0
300,300,*NOUSE*,*NOUSE*,0,0,0,0,0,0,0,0
301,301,*NOUSE*,*NOUSE*,0,0,0,0,0,0,0,0
302,302,*NOUSE*,*NOUSE*,0,0,0,0,0,0,0,0
303,303,*NOUSE*,*NOUSE*,0,0,0,0,0,0,0,0
304,304,DVA,,60,275,87,119.00,55.97,25.34,4228,236629.00
305,305,DL21,,60,220,94,115.00,40.25,21.53,2252,90651.00
306,306,IND8,,63,441,94,61.00,27.27, 9.09,8266,225450.00
307,307,*NOUSE*,*NOUSE*,0,0,0,0,0,0,0,0
308,308,VPI3D,,66,1192,93,212.00,71.33,48.71,4859,346601.00
309,309,*NOUSE*,*NOUSE*,0,0,0,0,0,0,0,0
310,310,VPI1,,64,1203,96,206.00,75.87,42.10,4742,359770.00
311,311,HYP31,,63,1708,107,185.00,56.98,39.48,5842,332902.00
312,312,*NOUSE*,*NOUSE*,0,0,0,0,0,0,0,0
313,313,*NOUSE*,*NOUSE*,0,0,0,0,0,0,0,0
314,314,*NOUSE*,*NOUSE*,0,0,0,0,0,0,0,0
315,315,*NOUSE*,*NOUSE*,0,0,0,0,0,0,0,0
316,316,*NOUSE*,*NOUSE*,0,0,0,0,0,0,0,0
317,317,*NOUSE*,*NOUSE*,0,0,0,0,0,0,0,0
318,318,E3D,,64,1591,98,153.00,54.44,28.87,7422,404066.00
319,319,*NOUSE*,*NOUSE*,0,0,0,0,0,0,0,0
320,320,*NOUSE*,*NOUSE*,0,0,0,0,0,0,0,0
321,321,INV3,,65,990,55,68.00,28.48,11.28,11126,316905.00
322,322,*NOUSE*,*NOUSE*,0,0,0,0,0,0,0,0
323,323,HYP4V2,,64,1753,57,181.00,49.29,36.36,6616,326116.00
324,324,INV4,,67,889,60,77.00,28.94,11.39,9788,283311.00
325,325,MC2V,,62,1307,65,186.00,87.63,36.81,4307,377403.00
326,326,*NOUSE*,*NOUSE*,0,0,0,0,0,0,0,0
327,327,*NOUSE*,*NOUSE*,0,0,0,0,0,0,0,0
328,328,*NOUSE*,*NOUSE*,0,0,0,0,0,0,0,0
329,329,*NOUSE*,*NOUSE*,0,0,0,0,0,0,0,0
330,330,*NOUSE*,*NOUSE*,0,0,0,0,0,0,0,0
331,331,PM2D1,,64,1681,97,196.00,63.62,43.29,5007,318522.00
332,332,IND4,,65,916,100,83.00,28.93,12.34,10793,312200.00
333,333,*NOUSE*,*NOUSE*,0,0,0,0,0,0,0,0
334,334,*NOUSE*,*NOUSE*,0,0,0,0,0,0,0,0
335,335,DB2,,65,1321,27,248.00,83.23,49.73,5039,419394.00
336,336,*NOUSE*,*NOUSE*,0,0,0,0,0,0,0,0
337,337,*NOUSE*,*NOUSE*,0,0,0,0,0,0,0,0
338,338,*NOUSE*,*NOUSE*,0,0,0,0,0,0,0,0
339,339,*NOUSE*,*NOUSE*,0,0,0,0,0,0,0,0
340,340,HYP4V1,,65,1776,60,197.00,50.17,38.03,6201,311091.00
341,341,*NOUSE*,*NOUSE*,0,0,0,0,0,0,0,0
342,342,INV7,,67,611,69,64.00,27.02, 9.83,9606,259581.00
343,343,I4,,65,1282,98,227.00,94.18,51.84,3896,366934.00
344,344,*NOUSE*,*NOUSE*,0,0,0,0,0,0,0,0
345,345,G1,,64,1401,33,192.00,67.31,37.96,5960,401169.00
346,346,DA1,,65,1207,36,219.00,82.11,50.40,5712,469015.00
347,347,DB4,,67,969,37,182.00,55.09,41.80,6149,338779.00
348,348,*NOUSE*,*NOUSE*,0,0,0,0,0,0,0,0
349,349,DA2,,66,1116,40,228.00,68.67,53.34,5169,354972.00
350,350,DA4,,67,902,41,238.00,64.56,50.36,5486,354190.00
351,351,*NOUSE*,*NOUSE*,0,0,0,0,0,0,0,0
352,352,HYP2V,,68,1698,56,195.00,56.70,40.51,4555,258289.00
353,353,*NOUSE*,*NOUSE*,0,0,0,0,0,0,0,0
354,354,HYP4D,,65,1785,96,137.00,42.63,27.02,5998,255687.00
355,355,*NOUSE*,*NOUSE*,0,0,0,0,0,0,0,0
356,356,DL12,,76,984,110,179.00,50.07,35.24,7629,381999.00
357,357,*NOUSE*,*NOUSE*,0,0,0,0,0,0,0,0
358,358,HYP6D3,,66,1578,112,162.00,58.26,32.19,4515,263058.00
359,359,*NOUSE*,*NOUSE*,0,0,0,0,0,0,0,0
360,360,DB3,,68,1153,37,214.00,62.74,48.13,5857,367442.00
361,361,RIGR,,69,1227,35,233.00,82.13,50.90,5180,425443.00
362,362,DD2,,66,1062,40,218.00,64.05,49.17,6098,390603.00
363,363,DA3,,68,1020,38,209.00,56.01,44.41,6149,344435.00
364,364,DA5,,68,765,44,220.00,56.93,42.67,5502,313203.00
365,365,DB5,,68,806,47,206.00,56.51,42.49,6309,356512.00
366,366,*NOUSE*,*NOUSE*,0,0,0,0,0,0,0,0
367,367,*NOUSE*,*NOUSE*,0,0,0,0,0,0,0,0
368,368,DB7,,68,468,53,142.00,47.16,29.86,5209,245675.00
369,369,*NOUSE*,*NOUSE*,0,0,0,0,0,0,0,0
370,370,*NOUSE*,*NOUSE*,0,0,0,0,0,0,0,0
371,371,*NOUSE*,*NOUSE*,0,0,0,0,0,0,0,0
372,372,*NOUSE*,*NOUSE*,0,0,0,0,0,0,0,0
373,373,*NOUSE*,*NOUSE*,0,0,0,0,0,0,0,0
374,374,*NOUSE*,*NOUSE*,0,0,0,0,0,0,0,0
375,375,*NOUSE*,*NOUSE*,0,0,0,0,0,0,0,0
376,376,*NOUSE*,*NOUSE*,0,0,0,0,0,0,0,0
377,377,M4,,66,1487,92,174.00,73.04,35.96,5610,409733.00
378,378,IND6,,70,665,97,69.00,25.64, 9.28,9246,237060.00
379,379,I3,,68,1518,101,198.00,68.92,42.96,4991,343958.00
380,380,PM6D,,64,1262,99,175.00,72.67,39.98,4797,348608.00
381,381,*NOUSE*,*NOUSE*,0,0,0,0,0,0,0,0
382,382,HYP6D4,,67,1544,117,140.00,50.68,28.46,4893,247953.00
383,383,*NOUSE*,*NOUSE*,0,0,0,0,0,0,0,0
384,384,*NOUSE*,*NOUSE*,0,0,0,0,0,0,0,0
385,385,*NOUSE*,*NOUSE*,0,0,0,0,0,0,0,0
386,386,*NOUSE*,*NOUSE*,0,0,0,0,0,0,0,0
387,387,*NOUSE*,*NOUSE*,0,0,0,0,0,0,0,0
388,388,*NOUSE*,*NOUSE*,0,0,0,0,0,0,0,0
389,389,*NOUSE*,*NOUSE*,0,0,0,0,0,0,0,0
390,390,U,,68,318,70,115.00,48.54,22.22,5150,249998.00
391,391,HYP9,,67,87,78,73.00,29.83,12.58,4504,134365.00
392,392,VIRL,,71,339,90,135.00,48.60,25.24,4761,231408.00
393,393,*NOUSE*,*NOUSE*,0,0,0,0,0,0,0,0
394,394,*NOUSE*,*NOUSE*,0,0,0,0,0,0,0,0
395,395,DL19,,70,467,106,146.00,46.24,26.79,3293,152273.00
396,396,DL13,,71,939,113,206.00,54.91,41.81,5670,311335.00
397,397,*NOUSE*,*NOUSE*,0,0,0,0,0,0,0,0
398,398,W,,68,1342,34,191.00,66.44,34.47,6918,459630.00
399,399,*NOUSE*,*NOUSE*,0,0,0,0,0,0,0,0
400,400,DD3,,69,881,42,235.00,63.00,50.92,5907,372161.00
401,401,DA6,,70,577,50,172.00,52.62,36.98,4986,262342.00
402,402,*NOUSE*,*NOUSE*,0,0,0,0,0,0,0,0
403,403,*NOUSE*,*NOUSE*,0,0,0,0,0,0,0,0
404,404,HYP102,,66,37,77,60.00,28.04,10.32,3631,101828.00
405,405,*NOUSE*,*NOUSE*,0,0,0,0,0,0,0,0
406,406,RID,,68,1435,110,163.00,58.60,33.40,4804,281516.00
407,407,*NOUSE*,*NOUSE*,0,0,0,0,0,0,0,0
408,408,DB6,,71,604,50,167.00,48.59,34.29,6103,296520.00
409,409,*NOUSE*,*NOUSE*,0,0,0,0,0,0,0,0
410,410,INV2,,72,1068,58,75.00,30.22,12.38,7872,237864.00
411,411,*NOUSE*,*NOUSE*,0,0,0,0,0,0,0,0
412,412,DA8,,71,329,60,138.00,52.76,27.38,3540,186772.00
413,413,*NOUSE*,*NOUSE*,0,0,0,0,0,0,0,0
414,414,HYP72,,69,157,74,124.00,36.29,19.20,4380,158951.00
415,415,*NOUSE*,*NOUSE*,0,0,0,0,0,0,0,0
416,416,*NOUSE*,*NOUSE*,0,0,0,0,0,0,0,0
417,417,*NOUSE*,*NOUSE*,0,0,0,0,0,0,0,0
418,418,ALA,,66,1415,106,212.00,89.83,48.41,3110,279372.00
419,419,*NOUSE*,*NOUSE*,0,0,0,0,0,0,0,0
420,420,*NOUSE*,*NOUSE*,0,0,0,0,0,0,0,0
421,421,*NOUSE*,*NOUSE*,0,0,0,0,0,0,0,0
422,422,*NOUSE*,*NOUSE*,0,0,0,0,0,0,0,0
423,423,*NOUSE*,*NOUSE*,0,0,0,0,0,0,0,0
424,424,*NOUSE*,*NOUSE*,0,0,0,0,0,0,0,0
425,425,*NOUSE*,*NOUSE*,0,0,0,0,0,0,0,0
426,426,*NOUSE*,*NOUSE*,0,0,0,0,0,0,0,0
427,427,PVPL,,71,356,62,134.00,51.73,29.24,5093,263484.00
428,428,HYP101,,69,65,79,73.00,30.08,12.20,4259,128126.00
429,429,*NOUSE*,*NOUSE*,0,0,0,0,0,0,0,0
430,430,PVR,,69,176,89,95.00,35.10,17.18,4479,157194.00
431,431,*NOUSE*,*NOUSE*,0,0,0,0,0,0,0,0
432,432,ALNL,,70,247,92,145.00,58.48,31.90,4002,234028.00
433,433,*NOUSE*,*NOUSE*,0,0,0,0,0,0,0,0
434,434,*NOUSE*,*NOUSE*,0,0,0,0,0,0,0,0
435,435,*NOUSE*,*NOUSE*,0,0,0,0,0,0,0,0
436,436,*NOUSE*,*NOUSE*,0,0,0,0,0,0,0,0
437,437,*NOUSE*,*NOUSE*,0,0,0,0,0,0,0,0
438,438,*NOUSE*,*NOUSE*,0,0,0,0,0,0,0,0
439,439,*NOUSE*,*NOUSE*,0,0,0,0,0,0,0,0
440,440,*NOUSE*,*NOUSE*,0,0,0,0,0,0,0,0
441,441,*NOUSE*,*NOUSE*,0,0,0,0,0,0,0,0
442,442,*NOUSE*,*NOUSE*,0,0,0,0,0,0,0,0
443,443,*NOUSE*,*NOUSE*,0,0,0,0,0,0,0,0
444,444,*NOUSE*,*NOUSE*,0,0,0,0,0,0,0,0
445,445,*NOUSE*,*NOUSE*,0,0,0,0,0,0,0,0
446,446,*NOUSE*,*NOUSE*,0,0,0,0,0,0,0,0
447,447,*NOUSE*,*NOUSE*,0,0,0,0,0,0,0,0
448,448,*NOUSE*,*NOUSE*,0,0,0,0,0,0,0,0
449,449,ARCPV,,70,1674,53,214.00,67.69,48.26,6914,467979.00
450,450,DD4,,75,655,49,195.00,49.13,34.19,5796,284730.00
451,451,*NOUSE*,*NOUSE*,0,0,0,0,0,0,0,0
452,452,Z4,,74,713,58,135.00,41.76,22.79,7461,311553.00
453,453,*NOUSE*,*NOUSE*,0,0,0,0,0,0,0,0
454,454,*NOUSE*,*NOUSE*,0,0,0,0,0,0,0,0
455,455,*NOUSE*,*NOUSE*,0,0,0,0,0,0,0,0
456,456,*NOUSE*,*NOUSE*,0,0,0,0,0,0,0,0
457,457,*NOUSE*,*NOUSE*,0,0,0,0,0,0,0,0
458,458,*NOUSE*,*NOUSE*,0,0,0,0,0,0,0,0
459,459,*NOUSE*,*NOUSE*,0,0,0,0,0,0,0,0
460,460,VL15,,76,789,53,178.00,47.88,32.59,6817,326431.00
461,461,GLRVL,,72,1419,55,249.00,105.22,57.68,4236,445718.00
462,462,*NOUSE*,*NOUSE*,0,0,0,0,0,0,0,0
463,463,*NOUSE*,*NOUSE*,0,0,0,0,0,0,0,0
464,464,*NOUSE*,*NOUSE*,0,0,0,0,0,0,0,0
465,465,DL9,,76,1198,107,187.00,58.08,40.44,5214,302839.00
466,466,*NOUSE*,*NOUSE*,0,0,0,0,0,0,0,0
467,467,*NOUSE*,*NOUSE*,0,0,0,0,0,0,0,0
468,468,*NOUSE*,*NOUSE*,0,0,0,0,0,0,0,0
469,469,*NOUSE*,*NOUSE*,0,0,0,0,0,0,0,0
470,470,*NOUSE*,*NOUSE*,0,0,0,0,0,0,0,0
471,471,*NOUSE*,*NOUSE*,0,0,0,0,0,0,0,0
472,472,*NOUSE*,*NOUSE*,0,0,0,0,0,0,0,0
473,473,M3L,,73,1489,72,222.00,88.13,50.17,4188,369098.00
474,474,PM5L,,76,1294,74,209.00,84.34,38.41,4485,378250.00
475,475,MC2DL,,71,1310,82,192.00,82.63,32.80,4238,350193.00
476,476,*NOUSE*,*NOUSE*,0,0,0,0,0,0,0,0
477,477,*NOUSE*,*NOUSE*,0,0,0,0,0,0,0,0
478,478,INDL1,,76,1116,102,87.00,35.04,15.37,9229,323423.00
479,479,ASKL,,74,1379,100,166.00,68.27,36.25,4760,324945.00
480,480,*NOUSE*,*NOUSE*,0,0,0,0,0,0,0,0
481,481,*NOUSE*,*NOUSE*,0,0,0,0,0,0,0,0
482,482,*NOUSE*,*NOUSE*,0,0,0,0,0,0,0,0
483,483,*NOUSE*,*NOUSE*,0,0,0,0,0,0,0,0
484,484,*NOUSE*,*NOUSE*,0,0,0,0,0,0,0,0
485,485,*NOUSE*,*NOUSE*,0,0,0,0,0,0,0,0
486,486,GLRL,,78,1410,62,223.00,105.39,48.57,3435,362031.00
487,487,*NOUSE*,*NOUSE*,0,0,0,0,0,0,0,0
488,488,E2VL,,75,1741,68,161.00,46.65,32.76,4983,232442.00
489,489,*NOUSE*,*NOUSE*,0,0,0,0,0,0,0,0
490,490,*NOUSE*,*NOUSE*,0,0,0,0,0,0,0,0
491,491,*NOUSE*,*NOUSE*,0,0,0,0,0,0,0,0
492,492,ADLL,,73,1357,99,159.00,65.59,32.41,5553,364203.00
493,493,DL14,,75,855,109,186.00,55.16,38.21,5523,304653.00
494,494,*NOUSE*,*NOUSE*,0,0,0,0,0,0,0,0
495,495,VL9,,77,1203,43,196.00,64.33,41.89,6839,439967.00
496,496,*NOUSE*,*NOUSE*,0,0,0,0,0,0,0,0
497,497,*NOUSE*,*NOUSE*,0,0,0,0,0,0,0,0
498,498,*NOUSE*,*NOUSE*,0,0,0,0,0,0,0,0
499,499,P9/10L,,82,488,68,91.00,35.06,17.18,6443,225910.00
500,500,*NOUSE*,*NOUSE*,0,0,0,0,0,0,0,0
501,501,INV5,,78,781,82,71.00,28.04,10.55,9009,252577.00
502,502,SPH,,76,341,72,157.00,53.10,30.14,4034,214188.00
503,503,PM3L,,77,1595,79,149.00,60.20,29.92,3356,202030.00
504,504,*NOUSE*,*NOUSE*,0,0,0,0,0,0,0,0
505,505,*NOUSE*,*NOUSE*,0,0,0,0,0,0,0,0
506,506,*NOUSE*,*NOUSE*,0,0,0,0,0,0,0,0
507,507,*NOUSE*,*NOUSE*,0,0,0,0,0,0,0,0
508,508,*NOUSE*,*NOUSE*,0,0,0,0,0,0,0,0
509,509,RIVL,,78,1314,97,231.00,98.62,51.43,3792,373973.00
510,510,VL3,,78,1576,48,155.00,56.28,28.16,6859,386035.00
511,511,PM6VL,,78,1261,63,159.00,63.84,31.17,5057,322854.00
512,512,*NOUSE*,*NOUSE*,0,0,0,0,0,0,0,0
513,513,M2L,,77,1281,65,245.00,110.89,56.50,3196,354419.00
514,514,*NOUSE*,*NOUSE*,0,0,0,0,0,0,0,0
515,515,REPVL,,78,325,79,123.00,43.96,23.77,5024,220841.00
516,516,*NOUSE*,*NOUSE*,0,0,0,0,0,0,0,0
517,517,*NOUSE*,*NOUSE*,0,0,0,0,0,0,0,0
518,518,QL,,81,518,95,143.00,46.83,27.06,6649,311343.00
519,519,*NOUSE*,*NOUSE*,0,0,0,0,0,0,0,0
520,520,*NOUSE*,*NOUSE*,0,0,0,0,0,0,0,0
521,521,*NOUSE*,*NOUSE*,0,0,0,0,0,0,0,0
522,522,AVKL,,79,1289,50,212.00,92.44,44.12,3887,359319.00
523,523,INVL1,,80,1129,56,104.00,34.46,16.57,9208,317262.00
524,524,*NOUSE*,*NOUSE*,0,0,0,0,0,0,0,0
525,525,*NOUSE*,*NOUSE*,0,0,0,0,0,0,0,0
526,526,PM7VL,,79,1234,62,171.00,60.30,34.16,4964,299332.00
527,527,*NOUSE*,*NOUSE*,0,0,0,0,0,0,0,0
528,528,*NOUSE*,*NOUSE*,0,0,0,0,0,0,0,0
529,529,*NOUSE*,*NOUSE*,0,0,0,0,0,0,0,0
530,530,*NOUSE*,*NOUSE*,0,0,0,0,0,0,0,0
531,531,*NOUSE*,*NOUSE*,0,0,0,0,0,0,0,0
532,532,*NOUSE*,*NOUSE*,0,0,0,0,0,0,0,0
533,533,*NOUSE*,*NOUSE*,0,0,0,0,0,0,0,0
534,534,*NOUSE*,*NOUSE*,0,0,0,0,0,0,0,0
535,535,VPI2DL,,81,1202,80,236.00,63.93,46.68,5609,358580.00
536,536,ADFL,,81,1377,85,183.00,79.81,37.06,4208,335849.00
537,537,*NOUSE*,*NOUSE*,0,0,0,0,0,0,0,0
538,538,*NOUSE*,*NOUSE*,0,0,0,0,0,0,0,0
539,539,*NOUSE*,*NOUSE*,0,0,0,0,0,0,0,0
540,540,*NOUSE*,*NOUSE*,0,0,0,0,0,0,0,0
541,541,VL10,,82,1175,45,176.00,54.70,36.20,6408,350501.00
542,542,SIBVL,,82,1392,55,219.00,97.73,46.28,3411,333343.00
543,543,*NOUSE*,*NOUSE*,0,0,0,0,0,0,0,0
544,544,CCLP,,85,771,62,192.00,51.34,38.92,6206,318611.00
545,545,*NOUSE*,*NOUSE*,0,0,0,0,0,0,0,0
546,546,*NOUSE*,*NOUSE*,0,0,0,0,0,0,0,0
547,547,AWAL,,80,1357,79,169.00,72.76,37.22,4550,331052.00
548,548,*NOUSE*,*NOUSE*,0,0,0,0,0,0,0,0
549,549,G1AL,,81,1276,83,201.00,70.33,36.32,4983,350471.00
550,550,RIPL,,81,1469,84,200.00,80.67,40.59,3554,286684.00
551,551,CEPDL,,78,1412,99,227.00,102.38,52.10,3628,371424.00
552,552,*NOUSE*,*NOUSE*,0,0,0,0,0,0,0,0
553,553,*NOUSE*,*NOUSE*,0,0,0,0,0,0,0,0
554,554,*NOUSE*,*NOUSE*,0,0,0,0,0,0,0,0
555,555,*NOUSE*,*NOUSE*,0,0,0,0,0,0,0,0
556,556,SIAVL,,83,1349,45,236.00,80.70,46.09,4874,393346.00
557,557,*NOUSE*,*NOUSE*,0,0,0,0,0,0,0,0
558,558,*NOUSE*,*NOUSE*,0,0,0,0,0,0,0,0
559,559,*NOUSE*,*NOUSE*,0,0,0,0,0,0,0,0
560,560,AIBL,,81,1378,67,198.00,76.41,39.66,4368,333756.00
561,561,AVEL,,81,1401,72,194.00,85.18,41.65,3489,297181.00
562,562,*NOUSE*,*NOUSE*,0,0,0,0,0,0,0,0
563,563,I6,,78,1263,95,235.00,77.01,51.91,4532,348987.00
564,564,*NOUSE*,*NOUSE*,0,0,0,0,0,0,0,0
565,565,*NOUSE*,*NOUSE*,0,0,0,0,0,0,0,0
566,566,ALML,,83,884,104,206.00,59.25,46.01,5062,299910.00
567,567,SMDDL,,83,1392,40,237.00,93.28,47.37,4060,378711.00
568,568,VL13,,82,924,50,165.00,47.40,32.34,6062,287310.00
569,569,VL14,,84,872,51,145.00,43.84,27.75,7661,335849.00
570,570,CEPSOVL,,81,1492,59,203.00,87.76,42.64,3743,328479.00
571,571,*NOUSE*,*NOUSE*,0,0,0,0,0,0,0,0
572,572,*NOUSE*,*NOUSE*,0,0,0,0,0,0,0,0
573,573,*NOUSE*,*NOUSE*,0,0,0,0,0,0,0,0
574,574,*NOUSE*,*NOUSE*,0,0,0,0,0,0,0,0
575,575,URYDL,,83,1467,98,205.00,96.31,47.39,3198,308004.00
576,576,*NOUSE*,*NOUSE*,0,0,0,0,0,0,0,0
577,577,*NOUSE*,*NOUSE*,0,0,0,0,0,0,0,0
578,578,*NOUSE*,*NOUSE*,0,0,0,0,0,0,0,0
579,579,*NOUSE*,*NOUSE*,0,0,0,0,0,0,0,0
580,580,EXC GL L,,82,1234,44,203.00,66.06,42.70,6034,398626.00
581,581,*NOUSE*,*NOUSE*,0,0,0,0,0,0,0,0
582,582,*NOUSE*,*NOUSE*,0,0,0,0,0,0,0,0
583,583,CEPSHVL,,84,1451,55,183.00,65.98,38.27,5049,333151.00
584,584,*NOUSE*,*NOUSE*,0,0,0,0,0,0,0,0
585,585,*NOUSE*,*NOUSE*,0,0,0,0,0,0,0,0
586,586,*NOUSE*,*NOUSE*,0,0,0,0,0,0,0,0
587,587,DL1,,83,1649,91,148.00,52.61,27.69,3702,194760.00
588,588,ASGL,,85,1344,93,196.00,76.45,42.72,4202,321259.00
589,589,*NOUSE*,*NOUSE*,0,0,0,0,0,0,0,0
590,590,*NOUSE*,*NOUSE*,0,0,0,0,0,0,0,0
591,591,*NOUSE*,*NOUSE*,0,0,0,0,0,0,0,0
592,592,*NOUSE*,*NOUSE*,0,0,0,0,0,0,0,0
593,593,*NOUSE*,*NOUSE*,0,0,0,0,0,0,0,0
594,594,VL6,,85,1436,45,136.00,50.95,26.92,3285,167371.00
595,595,URYVL,,85,1480,63,201.00,86.69,45.31,3517,304894.00
596,596,*NOUSE*,*NOUSE*,0,0,0,0,0,0,0,0
597,597,*NOUSE*,*NOUSE*,0,0,0,0,0,0,0,0
598,598,*NOUSE*,*NOUSE*,0,0,0,0,0,0,0,0
599,599,CEPSHDL,,84,1453,94,194.00,70.93,41.02,3736,264988.00
600,600,*NOUSE*,*NOUSE*,0,0,0,0,0,0,0,0
601,601,*NOUSE*,*NOUSE*,0,0,0,0,0,0,0,0
602,602,RIML,,85,1328,65,200.00,77.99,38.60,4110,320541.00
603,603,*NOUSE*,*NOUSE*,0,0,0,0,0,0,0,0
604,604,*NOUSE*,*NOUSE*,0,0,0,0,0,0,0,0
605,605,*NOUSE*,*NOUSE*,0,0,0,0,0,0,0,0
606,606,*NOUSE*,*NOUSE*,0,0,0,0,0,0,0,0
607,607,*NOUSE*,*NOUSE*,0,0,0,0,0,0,0,0
608,608,OLQSHVL,,87,1548,59,169.00,72.18,36.08,4216,304313.00
609,609,*NOUSE*,*NOUSE*,0,0,0,0,0,0,0,0
610,610,*NOUSE*,*NOUSE*,0,0,0,0,0,0,0,0
611,611,*NOUSE*,*NOUSE*,0,0,0,0,0,0,0,0
612,612,*NOUSE*,*NOUSE*,0,0,0,0,0,0,0,0
613,613,*NOUSE*,*NOUSE*,0,0,0,0,0,0,0,0
614,614,*NOUSE*,*NOUSE*,0,0,0,0,0,0,0,0
615,615,ARCPDL,,88,1593,91,192.00,58.32,36.16,5104,297687.00
616,616,*NOUSE*,*NOUSE*,0,0,0,0,0,0,0,0
617,617,*NOUSE*,*NOUSE*,0,0,0,0,0,0,0,0
618,618,*NOUSE*,*NOUSE*,0,0,0,0,0,0,0,0
619,619,*NOUSE*,*NOUSE*,0,0,0,0,0,0,0,0
620,620,*NOUSE*,*NOUSE*,0,0,0,0,0,0,0,0
621,621,HSNL,,88,737,69,168.00,51.65,35.80,5095,263179.00
622,622,RMEL,,86,1454,80,181.00,68.72,35.84,3882,266774.00
623,623,*NOUSE*,*NOUSE*,0,0,0,0,0,0,0,0
624,624,HYP2L,,89,1616,89,201.00,60.25,39.12,5125,308769.00
625,625,AWBL,,88,1363,91,188.00,75.79,42.78,4115,311879.00
626,626,*NOUSE*,*NOUSE*,0,0,0,0,0,0,0,0
627,627,*NOUSE*,*NOUSE*,0,0,0,0,0,0,0,0
628,628,*NOUSE*,*NOUSE*,0,0,0,0,0,0,0,0
629,629,*NOUSE*,*NOUSE*,0,0,0,0,0,0,0,0
630,630,*NOUSE*,*NOUSE*,0,0,0,0,0,0,0,0
631,631,*NOUSE*,*NOUSE*,0,0,0,0,0,0,0,0
632,632,AVHL,,88,1327,92,233.00,88.50,52.96,3844,340207.00
633,633,HYP7LC2,,89,953,100,88.00,31.77,15.51,7278,231191.00
634,634,RMDL,,88,1418,61,192.00,74.04,41.13,3884,287586.00
635,635,*NOUSE*,*NOUSE*,0,0,0,0,0,0,0,0
636,636,*NOUSE*,*NOUSE*,0,0,0,0,0,0,0,0
637,637,*NOUSE*,*NOUSE*,0,0,0,0,0,0,0,0
638,638,ARCADL,,89,1633,77,169.00,53.43,31.99,5549,296491.00
639,639,*NOUSE*,*NOUSE*,0,0,0,0,0,0,0,0
640,640,BDUL,,91,1147,79,220.00,65.47,51.43,4357,285249.00
641,641,AINL,,88,1299,80,199.00,81.01,43.40,4025,326085.00
642,642,*NOUSE*,*NOUSE*,0,0,0,0,0,0,0,0
643,643,*NOUSE*,*NOUSE*,0,0,0,0,0,0,0,0
644,644,V1L,,90,1107,83,120.00,38.00,20.80,6873,261151.00
645,645,AFDL,,89,1388,82,181.00,77.37,37.75,3436,265846.00
646,646,CANL,,91,767,86,160.00,45.71,29.12,5952,272053.00
647,647,HYP7LC3,,90,827,100,100.00,31.86,16.85,7719,245927.00
648,648,*NOUSE*,*NOUSE*,0,0,0,0,0,0,0,0
649,649,SIBDL,,91,1400,60,234.00,85.51,50.43,4152,355044.00
650,650,*NOUSE*,*NOUSE*,0,0,0,0,0,0,0,0
651,651,*NOUSE*,*NOUSE*,0,0,0,0,0,0,0,0
652,652,*NOUSE*,*NOUSE*,0,0,0,0,0,0,0,0
653,653,RMDVL,,92,1429,80,178.00,58.70,35.38,4905,287909.00
654,654,*NOUSE*,*NOUSE*,0,0,0,0,0,0,0,0
655,655,*NOUSE*,*NOUSE*,0,0,0,0,0,0,0,0
656,656,*NOUSE*,*NOUSE*,0,0,0,0,0,0,0,0
657,657,ADESHL,,92,1233,58,184.00,61.85,40.33,5818,359856.00
658,658,RICL,,93,1316,60,188.00,73.61,42.55,4419,325292.00
659,659,ADEL,,90,1282,63,211.00,79.81,46.72,4353,347434.00
660,660,ASJL,,91,1342,58,147.00,63.51,31.87,5126,325551.00
661,661,P3/4L,,91,914,68,114.00,39.45,21.34,5331,210325.00
662,662,*NOUSE*,*NOUSE*,0,0,0,0,0,0,0,0
663,663,V3L,,92,852,74,107.00,34.88,18.20,8587,299524.00
664,664,ASHL,,92,1364,75,146.00,67.32,32.97,4196,282481.00
665,665,IL2L,,93,1500,76,160.00,60.46,36.54,4308,260453.00
666,666,P5/6L,,93,786,70,113.00,37.01,19.13,5629,208306.00
667,667,*NOUSE*,*NOUSE*,0,0,0,0,0,0,0,0
668,668,ILSHDL,,93,1527,91,202.00,63.10,38.98,4454,281036.00
669,669,HYP1L,,90,1556,93,215.00,71.53,42.08,4144,296430.00
670,670,*NOUSE*,*NOUSE*,0,0,0,0,0,0,0,0
671,671,*NOUSE*,*NOUSE*,0,0,0,0,0,0,0,0
672,672,*NOUSE*,*NOUSE*,0,0,0,0,0,0,0,0
673,673,*NOUSE*,*NOUSE*,0,0,0,0,0,0,0,0
674,674,V4L,,93,685,75,89.00,32.30,15.80,8895,287329.00
675,675,*NOUSE*,*NOUSE*,0,0,0,0,0,0,0,0
676,676,*NOUSE*,*NOUSE*,0,0,0,0,0,0,0,0
677,677,*NOUSE*,*NOUSE*,0,0,0,0,0,0,0,0
678,678,AUAL,,93,1364,56,217.00,76.81,47.40,4463,342822.00
679,679,AWCL,,93,1385,68,150.00,64.51,33.43,4932,318158.00
680,680,OLLSHL,,95,1540,73,192.00,63.82,39.85,4979,317737.00
681,681,*NOUSE*,*NOUSE*,0,0,0,0,0,0,0,0
682,682,OLQSHDL,,95,1511,89,182.00,61.09,38.07,4264,260483.00
683,683,*NOUSE*,*NOUSE*,0,0,0,0,0,0,0,0
684,684,ADAL,,93,1263,59,179.00,60.54,36.87,5035,304818.00
685,685,*NOUSE*,*NOUSE*,0,0,0,0,0,0,0,0
686,686,*NOUSE*,*NOUSE*,0,0,0,0,0,0,0,0
687,687,*NOUSE*,*NOUSE*,0,0,0,0,0,0,0,0
688,688,*NOUSE*,*NOUSE*,0,0,0,0,0,0,0,0
689,689,*NOUSE*,*NOUSE*,0,0,0,0,0,0,0,0
690,690,*NOUSE*,*NOUSE*,0,0,0,0,0,0,0,0
691,691,*NOUSE*,*NOUSE*,0,0,0,0,0,0,0,0
692,692,*NOUSE*,*NOUSE*,0,0,0,0,0,0,0,0
693,693,*NOUSE*,*NOUSE*,0,0,0,0,0,0,0,0
694,694,*NOUSE*,*NOUSE*,0,0,0,0,0,0,0,0
695,695,*NOUSE*,*NOUSE*,0,0,0,0,0,0,0,0
696,696,*NOUSE*,*NOUSE*,0,0,0,0,0,0,0,0
697,697,*NOUSE*,*NOUSE*,0,0,0,0,0,0,0,0
698,698,*NOUSE*,*NOUSE*,0,0,0,0,0,0,0,0
699,699,*NOUSE*,*NOUSE*,0,0,0,0,0,0,0,0
700,700,*NOUSE*,*NOUSE*,0,0,0,0,0,0,0,0
701,701,*NOUSE*,*NOUSE*,0,0,0,0,0,0,0,0
702,702,*NOUSE*,*NOUSE*,0,0,0,0,0,0,0,0
703,703,*NOUSE*,*NOUSE*,0,0,0,0,0,0,0,0
704,704,*NOUSE*,*NOUSE*,0,0,0,0,0,0,0,0
705,705,EXC,*MANUAL*,67,1330,49,135.00,51.88,18.77,2103,109101.00
706,706,AIML,*MANUAL*,69,1306,51,254.00,201.09,29.89,889,178768.00
707,707,AIYL,*MANUAL*,83,1306,49,250.00,159.26,42.68,895,142542.00
708,708,AIMR,*MANUAL*,59,1311,52,254.00,208.04,28.42,895,186199.00
709,709,AIYR,*MANUAL*,46,1319,53,242.00,171.38,38.69,895,153386.00
710,710,EXC GL R,*MANUAL*$83$73,43,1234,47,250.00,70.36,52.37,6729,473450.00
711,711,G2,*MANUAL*$422$397,66,1370,38,232.00,109.25,49.15,2895,316281.00
712,712,SABVL,*MANUAL*,68,1306,34,253.00,187.12,32.12,889,166351.00
713,713,SABVR,*MANUAL*,60,1298,35,253.00,184.65,43.55,895,165261.00
714,714,RIFL,*MANUAL*,72,1287,37,244.00,185.19,31.82,895,165746.00
715,715,RIFR,*MANUAL*,58,1284,39,254.00,190.40,32.91,895,170404.00
716,716,RIGL,*MANUAL*,75,1267,39,249.00,173.44,24.05,856,148465.00
717,717,AVG,*MANUAL*,65,1271,36,244.00,165.65,26.25,895,148257.00
718,718,SABD,*MANUAL*,56,1251,38,250.00,166.43,46.14,895,148953.00
719,719,DB1,*MANUAL*,65,1243,30,227.00,149.29,27.66,895,133618.00
720,720,DD1,*MANUAL*,74,1246,37,249.00,156.05,41.67,895,139665.00
721,721,ADER,*MANUAL*,40,1290,64,249.00,191.65,36.13,895,171523.00
722,722,FLPR,*MANUAL*,36,1303,62,248.00,176.27,30.27,895,157765.00
723,723,ASER,*MANUAL*$29$30,36,1345,82,181.00,74.36,41.45,4759,353869.00
724,724,AINR,*MANUAL*,40,1306,80,252.00,176.65,30.10,895,158101.00
725,725,SMDVR,*MANUAL*,42,1406,95,230.00,143.48,41.38,895,128414.00
726,726,AWAR,*MANUAL*,50,1349,86,216.00,148.59,32.16,895,132992.00
727,727,AIZR,*MANUAL*,46,1312,66,246.00,165.00,46.72,895,147671.00
728,728,RIVR,*MANUAL*,51,1315,99,240.00,175.78,27.75,895,157322.00
729,729,URXR,*MANUAL*,58,1403,100,219.00,145.24,32.28,895,129994.00
730,730,URXL,*MANUAL*,69,1398,102,226.00,142.93,27.77,895,127924.00
731,731,ASIL,*MANUAL*,74,1334,97,169.00,115.30,28.70,895,103197.00
732,732,RMGL,*MANUAL*$671$687,94,1247,66,196.00,58.53,40.51,4707,275486.00
733,733,FLPL,*MANUAL*,92,1297,62,216.00,139.88,32.70,871,121836.00
734,734,ASEL,*MANUAL*,93,1341,77,163.00,94.53,25.84,1365,129030.00
735,735,AVDL,*MANUAL*,92,1317,75,193.00,128.94,30.56,895,115402.00
736,736,AVJL,*MANUAL*,92,1310,91,233.00,144.41,38.33,895,129247.00
737,737,AVAL,*MANUAL*,91,1409,79,173.00,111.07,27.90,1365,151613.00
738,738,SMDVL,*MANUAL*,86,1403,90,210.00,143.15,28.72,877,125540.00
739,739,AVBL,*MANUAL*,81,1318,83,219.00,148.35,25.94,895,132776.00
740,740,RIBL,*MANUAL*,81,1338,79,207.00,143.17,21.89,895,128140.00
741,741,AIZL,*MANUAL*,86,1305,65,233.00,151.41,36.19,895,135513.00
742,742,GLRVR,*MANUAL*,56,1422,56,253.00,179.24,46.83,895,160419.00
743,743,RMDDL,*MANUAL*,83,1411,45,212.00,139.14,34.18,1365,189929.00
744,744,SMBDL,*MANUAL*,82,1369,39,243.00,136.27,38.68,895,121966.00
745,745,RMDDR,*MANUAL*,42,1412,49,253.00,157.71,50.41,895,141151.00
746,746,SIBVR,*MANUAL*,46,1394,59,241.00,181.57,28.82,895,162509.00
747,747,SAADL,*MANUAL*,74,1404,47,248.00,196.76,21.21,485,95431.00
748,748,RIH,*MANUAL*,63,1404,51,243.00,196.82,19.98,485,95457.00
749,749,SAADR,*MANUAL*,54,1404,51,253.00,210.17,20.01,485,101932.00
750,750,SMBVL,*MANUAL*,72,1384,49,211.00,157.17,23.82,895,140666.00
751,751,RIR,*MANUAL*,52,1378,59,232.00,165.69,29.61,895,148297.00
752,752,AIAL,*MANUAL*,72,1367,52,253.00,197.74,25.05,895,176979.00
753,753,AIAR,*MANUAL*,60,1364,48,249.00,194.89,24.99,895,174429.00
754,754,SIADL,*MANUAL*,83,1365,52,247.00,185.71,26.69,895,166211.00
755,755,RIAL,*MANUAL*,79,1395,89,211.00,146.84,24.95,895,131422.00
756,756,SAAVL,*MANUAL*,79,1414,84,238.00,162.27,29.52,895,145235.00
757,757,SAAVR,*MANUAL*,50,1416,86,248.00,174.11,30.72,895,155829.00
758,758,RIAR,*MANUAL*,50,1394,91,242.00,159.85,32.31,895,143070.00
759,759,GLRDL,*MANUAL*,69,1419,91,249.00,182.16,35.06,895,163034.00
760,760,URBL,*MANUAL*,93,1478,80,214.00,126.26,34.62,895,113002.00
761,761,BAGL,*MANUAL*,88,1465,68,153.00,108.76,15.02,797,86681.00
762,762,IL1L,*MANUAL*,87,1486,73,188.00,134.52,27.69,895,120394.00
763,763,OLQVL,*MANUAL*,82,1466,62,198.00,139.21,25.17,895,124591.00
764,764,URAVL,*MANUAL*,75,1480,54,248.00,160.89,36.00,895,143997.00
765,765,OLLL,*MANUAL*,83,1483,89,213.00,142.58,24.48,895,127610.00
766,766,URADL,*MANUAL*,80,1480,101,249.00,166.10,42.53,895,148656.00
767,767,CEPSODL,*MANUAL*,82,1494,98,249.00,162.84,51.90,894,145582.00
768,768,URBR,*MANUAL*,39,1491,94,238.00,158.19,41.01,895,141580.00
769,769,CEPSHVR,*MANUAL*,44,1458,58,240.00,156.19,38.16,895,139789.00
770,770,URAVR,*MANUAL*,53,1479,57,249.00,172.54,37.57,895,154419.00
771,771,CEPSOVR,*MANUAL*,44,1499,66,252.00,159.23,42.02,895,142513.00
772,772,RIPR,*MANUAL*,47,1470,85,237.00,156.06,35.97,895,139672.00
773,773,OLLR,*MANUAL*,48,1481,96,220.00,156.28,25.03,895,139872.00
774,774,URYDR,*MANUAL*,48,1471,104,253.00,161.20,36.84,895,144272.00
775,775,URADR,*MANUAL*,50,1491,107,234.00,151.90,40.68,895,135952.00
776,776,CEPSODR,*MANUAL*,47,1503,103,242.00,157.51,37.11,895,140970.00
777,777,RMEV,*MANUAL*,63,1448,44,216.00,136.20,25.47,1365,185916.00
778,778,CEPVL,*MANUAL*,70,1459,49,222.00,170.72,25.05,895,152797.00
779,779,CEPVR,*MANUAL*,58,1461,52,247.00,190.32,29.93,895,170339.00
780,780,IL1VL,*MANUAL*,66,1470,53,241.00,180.48,31.27,895,161529.00
781,781,IL1VR,*MANUAL*,62,1487,58,249.00,189.97,31.09,895,170025.00
782,782,IL2VR,*MANUAL*,54,1496,54,234.00,172.28,27.98,895,154195.00
783,783,RMED,*MANUAL*,64,1451,110,226.00,136.17,27.84,893,121602.00
784,784,OLQDL,*MANUAL*,71,1460,108,229.00,144.63,27.69,895,129445.00
785,785,OLQDR,*MANUAL*,60,1465,108,242.00,159.17,34.01,895,142456.00
786,786,IL1DL,*MANUAL*,69,1475,107,225.00,167.23,30.91,895,149671.00
787,787,IL1DR,*MANUAL*,60,1483,108,243.00,165.98,30.24,895,148555.00
788,788,IL2DR,*MANUAL*,60,1503,116,197.00,122.40,29.63,895,109550.00
789,789,IL2DL,*MANUAL*,72,1496,113,200.00,130.12,33.58,895,116453.00
790,790,OLLSOL,*MANUAL*,89,1500,92,239.00,133.94,46.73,895,119874.00
791,791,AMSOL,*MANUAL*,88,1574,95,207.00,121.82,36.67,893,108785.00
792,792,ARCPVL,*MANUAL*,88,1605,71,182.00,105.71,26.59,1365,144293.00
793,793,ILSOL,*MANUAL*,88,1582,65,229.00,125.20,35.40,895,112054.00
794,794,OLQSOVL,*MANUAL*,85,1568,61,186.00,124.38,22.10,895,111316.00
795,795,ILSHL,*MANUAL*,91,1557,70,183.00,124.76,27.60,895,111661.00
796,796,XXXL,*MANUAL*,89,1511,68,201.00,124.76,34.90,883,110165.00
797,797,XXXR,*MANUAL*,37,1512,78,251.00,157.89,39.95,891,140684.00
798,798,OLLSHR,*MANUAL*,35,1553,84,245.00,151.88,49.44,895,135934.00
799,799,ILSHR,*MANUAL*,40,1563,74,242.00,135.20,41.68,1365,184542.00
800,800,OLQSOVR,*MANUAL*,42,1583,72,240.00,151.20,38.22,895,135326.00
801,801,ILSOR,*MANUAL*,41,1597,77,248.00,145.15,36.37,895,129910.00
802,802,ARCPDR,*MANUAL*,44,1580,97,217.00,136.71,33.20,895,122355.00
803,803,HYP1R,*MANUAL*,44,1562,100,215.00,149.10,33.31,847,126285.00
804,804,OLQSHDR,*MANUAL*,37,1551,99,206.00,133.74,33.58,828,110740.00
805,805,ILSHDR,*MANUAL*,41,1543,101,222.00,138.22,36.88,895,123710.00
806,806,OLLSOR,*MANUAL*,38,1516,101,243.00,142.88,45.73,895,127882.00
807,807,VPI3V,*MANUAL*,67,1193,62,223.00,133.51,42.97,885,118158.00
808,808,VPI2V,*MANUAL*,59,1200,59,254.00,185.90,42.49,865,160802.00
809,809,PM8,*MANUAL*,61,1209,63,203.00,133.00,31.13,891,118501.00
810,810,g2r,*MANUAL*,54,1217,59,254.00,174.91,39.65,895,156547.00
811,811,G2L,*MANUAL*,68,1217,56,253.00,172.36,48.48,895,154261.00
812,812,G1P,*MANUAL*$179$197,52,1221,94,169.00,57.46,35.12,6595,378920.00
813,813,MC3V,*MANUAL*$338$351,65,1235,49,189.00,65.94,36.46,6093,401762.00
814,814,MC3DL,*MANUAL*,83,1236,84,179.00,101.37,31.99,895,90725.00
815,815,PM7VR,*MANUAL*,47,1236,69,202.00,118.68,23.47,895,106219.00
816,816,PM7D,*MANUAL*$344$353,65,1236,101,182.00,56.50,33.80,5924,334732.00
817,817,M5,*MANUAL*,79,1231,94,236.00,160.72,29.14,895,143844.00
818,818,PM5VR,*MANUAL*,57,1286,64,242.00,160.46,27.35,485,77822.00
819,819,PM5VL,*MANUAL*,67,1286,58,242.00,164.99,33.60,485,80021.00
820,820,PM5DR,*MANUAL*,57,1294,91,226.00,115.56,31.43,895,103423.00
821,821,PM5DL,*MANUAL*,73,1294,92,217.00,132.81,30.38,895,118866.00
822,822,NSMR,*MANUAL*,45,1519,74,234.00,155.75,35.14,895,139392.00
823,823,NSML,*MANUAL*,80,1517,69,229.00,142.91,32.24,895,127905.00
824,824,PM4VL,*MANUAL*$471$485,73,1531,58,161.00,65.55,32.50,5985,392331.00
825,825,PM4R,*MANUAL*$157$136,46,1534,83,227.00,96.20,49.01,3860,371339.00
826,826,PM4L,*MANUAL*$562$548,83,1528,83,162.00,64.29,32.16,4831,310570.00
827,827,PM4DR,*MANUAL*,57,1533,98,160.00,99.97,22.74,889,88870.00
828,828,PM4DL,*MANUAL*,76,1537,98,169.00,96.08,26.71,845,81186.00
829,829,MI,*MANUAL*,67,1537,101,212.00,150.77,24.37,895,134942.00
830,830,I2R,*MANUAL*,45,1540,70,251.00,167.15,38.80,895,149603.00
831,831,MCR,*MANUAL*,56,1542,73,251.00,163.43,48.47,895,146266.00
832,832,MCL,*MANUAL*,73,1542,74,246.00,144.13,42.71,889,128131.00
833,833,I2L,*MANUAL*,81,1536,69,252.00,181.76,35.09,895,162673.00
834,834,MC1V,*MANUAL*,65,1558,62,251.00,132.11,40.32,814,107534.00
835,835,MC1DR,*MANUAL*,51,1559,94,233.00,136.36,32.37,884,120546.00
836,836,MC1DL,*MANUAL*,79,1558,90,199.00,124.56,30.07,821,102266.00
837,837,PM1VR,*MANUAL*,57,1561,69,254.00,176.38,48.85,895,157863.00
838,838,PM1VL,*MANUAL*,73,1557,66,248.00,160.63,37.30,895,143765.00
839,839,PM1R,*MANUAL*,51,1562,81,254.00,177.90,49.50,895,159223.00
840,840,PM1L,*MANUAL*,82,1563,82,224.00,151.28,37.32,895,135393.00
841,841,PM1DL,*MANUAL*,72,1562,96,240.00,162.43,40.45,895,145376.00
842,842,PM1DR,*MANUAL*,61,1559,98,254.00,178.53,55.63,895,159785.00
843,843,I1R,*MANUAL*,53,1584,75,230.00,141.76,34.05,895,126875.00
844,844,I1L,*MANUAL*,77,1581,73,212.00,129.68,39.79,895,116066.00
845,845,PM2VL1,*MANUAL*,76,1695,70,206.00,109.67,45.72,1365,149696.00
846,846,PM2VL2,*MANUAL*,76,1678,69,217.00,114.71,49.94,895,102665.00
847,847,E1VL,*MANUAL*,75,1653,70,248.00,126.90,58.13,889,112818.00
848,848,E3VL,*MANUAL*,75,1628,71,179.00,97.85,38.56,895,87574.00
849,849,PM3VL,*MANUAL*,70,1645,66,145.00,67.83,20.11,895,60711.00
850,850,E3VR,*MANUAL*$205$226,50,1630,72,191.00,73.96,40.12,6416,474530.00
851,851,PM2VR1,*MANUAL*,53,1706,75,230.00,120.99,45.97,895,108290.00
852,852,PM2VR2,*MANUAL*,53,1695,74,236.00,130.67,51.19,895,116949.00
853,853,E1VR,*MANUAL*,48,1665,73,207.00,132.20,36.16,895,118321.00
854,854,E2D,*MANUAL*,66,1731,97,127.00,72.73,26.21,895,65096.00
855,855,*NOUSE*,*NOUSE*,0,0,0,0,0,0,0,0
856,856,PM2D2,*MANUAL*,64,1660,96,194.00,116.55,37.04,696,81117.00
857,857,E1D,*MANUAL*,65,1631,97,183.00,118.09,31.34,895,105692.00
858,858,PM3DL,*MANUAL*,68,1646,89,106.00,47.17,13.25,895,42213.00
859,859,ARCAV,*MANUAL*$314$300,63,1716,57,208.00,61.01,43.86,7492,457090.00
860,860,HYP1V,*MANUAL*,55,1680,55,221.00,135.33,42.63,895,121116.00
861,861,ILSOVR,*MANUAL*,54,1638,54,221.00,153.38,37.10,895,137279.00
862,862,ILSHVR,*MANUAL*,54,1616,55,251.00,164.34,42.75,895,147083.00
863,863,ILSOVL,*MANUAL*,68,1634,52,237.00,137.28,46.09,895,122870.00
864,864,ILSHVL,*MANUAL*,69,1611,54,249.00,172.12,45.13,895,154051.00
865,865,HYP6V1,*MANUAL*,62,1668,48,150.00,64.97,30.07,895,58146.00
866,866,*NOUSE*,*NOUSE*,0,0,0,0,0,0,0,0
867,867,HYP6V2,*MANUAL*$295$866,62,1591,52,144.00,59.42,27.17,6283,373334.00
868,868,HYP7V1,*MANUAL*$337$320,62,1527,43,154.00,47.89,23.54,7285,348846.00
869,869,IL2VL,*MANUAL*,68,1498,54,226.00,145.31,32.05,895,130055.00
870,870,HYP7V2,*MANUAL*,63,1501,41,160.00,53.02,26.25,2103,111506.00
871,871,ILSODL,*MANUAL*,73,1641,104,200.00,130.63,37.73,895,116914.00
872,872,OLQSODL,*MANUAL*,71,1617,107,226.00,146.87,32.89,895,131445.00
873,873,ILSODR,*MANUAL*,56,1630,107,218.00,126.62,37.16,1227,155364.00
874,874,OLQSODR,*MANUAL*,58,1608,110,228.00,133.98,33.85,895,119911.00
875,875,HYP6D1,*MANUAL*$334$319,62,1660,112,176.00,55.28,32.09,4598,254175.00
876,876,HYP6D2,*MANUAL*,63,1634,112,188.00,101.19,33.31,1365,138120.00
877,877,HYP7D1,*MANUAL*,67,1475,120,132.00,51.67,22.41,895,46242.00
878,878,HYP7D2,*MANUAL*$455$436$419,67,1349,113,127.00,45.50,20.83,5281,240271.00
879,879,HYP5L,*MANUAL*$652$630$639,88,1689,80,114.00,39.41,19.20,7198,283642.00
880,880,VL1,*MANUAL*,85,1651,63,197.00,70.93,34.26,1365,96814.00
881,881,VL2,*MANUAL*,81,1613,54,165.00,96.83,28.39,895,86660.00
882,882,VL4,*MANUAL*$642$601$609,85,1513,53,144.00,55.90,22.61,4801,268377.00
883,883,VL5,*MANUAL*,79,1464,40,155.00,65.59,30.27,1365,89531.00
884,884,VL7,*MANUAL*$539$528,79,1319,35,201.00,68.47,35.48,6042,413699.00
885,885,VL8,*MANUAL*,83,1263,43,179.00,94.68,36.11,1365,129233.00
886,886,VL11,*MANUAL*$458$446,74,1086,41,196.00,54.03,38.84,6532,352951.00
887,887,VL12,*MANUAL*$618$529,85,993,51,158.00,43.68,27.76,7982,348682.00
888,888,CCLA,*MANUAL*,75,826,48,226.00,144.02,31.69,895,128895.00
889,889,VL16,*MANUAL*$581$582$557,82,681,57,136.00,42.34,25.21,6337,268289.00
890,890,VL17,*MANUAL*$472$451,75,553,57,139.00,41.57,23.10,6329,263111.00
891,891,VL18,*MANUAL*$487$498,76,431,63,102.00,36.46,18.61,6063,221069.00
892,892,VL19,*MANUAL*,71,244,68,121.00,69.45,17.43,895,62160.00
893,893,DL2,*MANUAL*,82,1616,99,146.00,98.49,19.61,895,88145.00
894,894,DL3,*MANUAL*,82,1575,105,173.00,98.61,28.23,895,88252.00
895,895,DL4,*MANUAL*$627$590,84,1511,102,145.00,57.87,26.67,4657,269502.00
896,896,DL5,*MANUAL*,80,1446,106,161.00,83.94,29.29,895,75124.00
897,897,DL6,*MANUAL*,85,1427,97,142.00,82.57,25.31,895,73896.00
898,898,DL7,*MANUAL*$464$469,72,1314,109,182.00,73.18,36.41,3670,268580.00
899,899,HMC,*MANUAL*$480$445$456,71,1293,110,184.00,69.59,36.96,5020,349318.00
900,900,DL8,*MANUAL*$554$579,81,1235,110,174.00,51.89,32.46,5519,286376.00
901,901,DL10,*MANUAL*$553$520,78,1145,111,193.00,53.65,36.30,5608,300846.00
902,902,DL11,*MANUAL*$494$483,76,1061,112,190.00,54.19,37.05,6114,331325.00
903,903,DL15,*MANUAL*$482$454,74,811,111,191.00,52.41,36.38,5684,297926.00
904,904,DL16,*MANUAL*$468$466,73,725,110,150.00,47.50,29.11,5528,262586.00
905,905,DL17,*MANUAL*$435$434,72,633,111,164.00,46.09,28.99,5758,265384.00
906,906,DL18,*MANUAL*,72,525,107,120.00,60.69,19.25,895,54320.00
907,907,DL20,*MANUAL*,68,337,104,82.00,45.66,12.54,895,40862.00
908,908,VR1,*MANUAL*$85$78,41,1642,66,156.00,57.28,29.74,6185,354246.00
909,909,VR2,*MANUAL*$131$123,45,1608,61,178.00,63.59,34.74,4733,300976.00
910,910,VR3,*MANUAL*$146$145,48,1570,55,166.00,62.81,34.18,6594,414154.00
911,911,VR4,*MANUAL*$61$74,39,1531,60,174.00,61.71,32.31,5345,329845.00
912,912,*NOUSE*,*NOUSE*,0,0,0,0,0,0,0,0
913,913,VR5,*MANUAL*$184$912,47,1471,45,167.00,65.60,32.62,5001,328062.00
914,914,VR6,*MANUAL*$66$60,39,1442,52,178.00,57.37,33.75,6419,368241.00
915,915,VR8,*MANUAL*$103$102,45,1263,43,225.00,69.05,43.55,6123,422780.00
916,916,VR12,*MANUAL*$130$167,49,1029,49,202.00,58.05,42.17,6690,388343.00
917,917,VR13,*MANUAL*$168$166,50,966,48,220.00,56.07,42.20,7234,405618.00
918,918,VR14,*MANUAL*$169$170,51,899,51,198.00,56.39,38.33,6827,384996.00
919,919,VR16,*MANUAL*$235$242,54,717,51,160.00,50.29,30.78,5856,294519.00
920,920,VR18,*MANUAL*$266$265,56,534,55,128.00,44.65,25.40,6040,269687.00
921,921,VR19,*MANUAL*,56,437,57,142.00,63.03,24.32,1365,86039.00
922,922,DR1,*MANUAL*$98$99,43,1637,96,128.00,49.52,24.36,6164,305256.00
923,923,DR4,*MANUAL*$163$140,46,1522,108,155.00,66.87,31.06,3472,232180.00
924,924,*NOUSE*,*NOUSE*,0,0,0,0,0,0,0,0
925,925,DR8,*MANUAL*$164$200,49,1286,109,178.00,65.24,34.92,5699,371828.00
926,926,DR9,*MANUAL*$231$260,55,1207,110,181.00,62.44,40.77,5333,332976.00
927,927,DR11,*MANUAL*$220$218,55,1106,112,221.00,63.85,45.47,5728,365739.00
928,928,DR13,*MANUAL*$232$233,55,960,112,247.00,62.52,45.63,5693,355904.00
929,929,DR14,*MANUAL*,50,922,107,221.00,97.58,35.77,895,87337.00
930,930,DR16,*MANUAL*$216$199,51,752,106,185.00,49.75,33.44,5512,274217.00
931,931,DR18,*MANUAL*$230$228,53,617,105,145.00,45.51,27.37,5083,231312.00
932,932,*NOUSE*,*NOUSE*,0,0,0,0,0,0,0,0
933,933,Z2,*MANUAL*$173$932,55,778,64,172.00,49.33,29.55,13913,686368.00
934,934,*NOUSE*,*NOUSE*,0,0,0,0,0,0,0,0
935,935,Z3,*MANUAL*$426$934,71,744,61,173.00,46.43,25.98,13512,627338.00
936,936,DA7,*MANUAL*,69,444,56,150.00,100.26,22.41,895,89736.00
937,937,DD5,*MANUAL*$369$339,67,505,52,157.00,48.79,33.11,5623,274330.00
938,938,INV8,*MANUAL*$279$303,61,490,67,75.00,29.50,10.69,8296,244733.00
939,939,INV9,*MANUAL*,57,393,64,57.00,32.56, 7.71,895,29145.00
940,940,IND3,*MANUAL*$333$329,63,994,101,72.00,27.74,10.73,9011,250010.00
941,941,IND9,*MANUAL*$433$415,70,368,96,73.00,29.86,10.87,6299,188106.00
942,942,H0L,*MANUAL*$692$693,94,1583,78,125.00,50.44,24.47,5739,289474.00
943,943,H1L,*MANUAL*$694$699,95,1437,66,116.00,42.04,18.30,4708,197941.00
944,944,H2L,*MANUAL*$700$691,95,1275,78,98.00,44.90,17.11,4940,221812.00
945,945,HYP7ABLD,*MANUAL*$698$683$676,93,1194,91,125.00,34.86,16.49,6861,239195.00
946,946,HYP7ABLV,*MANUAL*$695$689$685,94,1191,69,95.00,31.37,13.33,7681,240954.00
947,947,AMSHL,*MANUAL*$616$626,87,1288,97,137.00,59.41,25.60,5475,325250.00
948,948,V2L,*MANUAL*$662$651,91,981,72,99.00,32.45,16.36,8558,277703.00
949,949,V5L,*MANUAL*$585$572,84,528,75,88.00,32.01,13.98,8121,259945.00
950,950,V6L,*MANUAL*$611$598,84,432,83,78.00,26.43,10.69,6509,172015.00
951,951,P1/2L,*MANUAL*$672$677,93,1039,64,128.00,40.73,22.72,6227,253604.00
952,952,*NOUSE*,*NOUSE*,0,0,0,0,0,0,0,0
953,953,P7/8L,*MANUAL*$643$952,88,607,68,98.00,33.55,16.32,6156,206553.00
954,954,P11/12L,*MANUAL*,85,358,74,68.00,30.84,11.43,1365,42092.00
955,955,IML,*MANUAL*$545$527,79,385,70,100.00,35.68,17.50,5617,200437.00
956,956,HYP7LC1,*MANUAL*$654$675,91,1054,93,109.00,30.99,15.59,7941,246073.00
957,957,HYP7LC4,*MANUAL*$656$667,89,618,94,79.00,27.13,11.23,5313,144133.00
958,958,HYP7LC5,*MANUAL*$589$574,81,474,95,88.00,28.22,12.47,5829,164467.00
959,959,HYP7LC6,*MANUAL*,77,300,100,83.00,34.08,14.55,1365,46520.00
960,960,H0R,*MANUAL*$31$39,34,1574,87,145.00,53.89,28.88,4380,236022.00
961,961,H1R,*MANUAL*,37,1477,86,163.00,67.47,28.26,1365,92101.00
962,962,H2R,*MANUAL*$4$7,31,1283,78,151.00,54.92,27.98,2917,160215.00
963,963,HYP7ABRD,*MANUAL*$28$26,33,1202,83,138.00,45.67,24.59,3266,149160.00
964,964,HYP7ABRV,*MANUAL*,36,1177,76,149.00,46.85,23.20,2103,98517.00
965,965,HYP7ABR3,*MANUAL*$51$35,38,1157,83,162.00,42.47,25.80,7864,333985.00
966,966,V1R,*MANUAL*$27$36,37,1104,81,150.00,41.85,26.02,8483,355041.00
967,967,V2R,*MANUAL*$62$46,39,978,67,140.00,42.58,27.08,9214,392354.00
968,968,*NOUSE*,*NOUSE*,0,0,0,0,0,0,0,0
969,969,V3R,*MANUAL*$84$968,41,851,64,150.00,42.33,24.74,8883,376010.00
970,970,V4R,*MANUAL*$110$111,44,697,64,112.00,35.98,17.66,8002,287890.00
971,971,QR,*MANUAL*$94$95,46,664,80,187.00,56.14,36.75,9038,507395.00
972,972,V5R,*MANUAL*$150$114,46,541,67,135.00,41.54,23.94,7513,312082.00
973,973,V6R,*MANUAL*$115$124,44,441,69,94.00,33.12,15.68,5928,196358.00
974,974,P1/2R,*MANUAL*$44$55,38,1036,61,197.00,51.21,36.02,6419,328691.00
975,975,P5/6R,*MANUAL*$108$75,41,810,60,179.00,55.60,34.12,5535,307739.00
976,976,P7/8R,*MANUAL*$188$190,49,647,55,156.00,43.05,26.39,5483,236025.00
977,977,P9/10R,*MANUAL*$147$122,46,499,58,116.00,41.11,22.38,5969,245357.00
978,978,P11/12R,*MANUAL*,45,348,66,115.00,51.19,20.06,1365,69872.00
979,979,IMR,*MANUAL*,49,376,64,123.00,62.79,19.77,895,56195.00
980,980,HYP7RC2,*MANUAL*$58$57,38,912,88,134.00,35.38,20.50,8933,316062.00
981,981,HYP7RC3,*MANUAL*$65$69,38,790,88,117.00,33.70,16.96,7558,254701.00
982,982,HYP7RC4,*MANUAL*$137$92,41,640,85,86.00,29.62,13.60,6457,191233.00
983,983,HYP7RC5,*MANUAL*$96$117$93,41,481,82,74.00,27.04,11.08,7146,193249.00
984,984,HYP7RC6,*MANUAL*,46,288,91,56.00,26.14, 8.07,1365,35681.00
985,985,DD6,*MANUAL*,63,341,67,179.00,115.35,26.35,875,100934.00
986,986,PVPR,*MANUAL*,54,339,62,179.00,107.01,27.12,895,95777.00
987,987,PVT,*MANUAL*,57,359,60,133.00,91.74,14.08,895,82105.00
988,988,YPDA,*MANUAL*$386$387,66,307,57,124.00,45.00,20.62,4321,194436.00
989,989,PVQL,*MANUAL*,77,299,82,127.00,93.82,12.48,895,83973.00
990,990,PHBL,*MANUAL*,77,281,87,129.00,93.41,12.11,895,83606.00
991,991,PHAL,*MANUAL*,76,281,74,142.00,90.22,22.54,895,80744.00
992,992,LUAL,*MANUAL*,74,267,89,157.00,107.70,18.22,895,96389.00
993,993,PVCL,*MANUAL*,73,255,82,135.00,98.60,14.00,887,87460.00
994,994,PLML,*MANUAL*,69,222,74,132.00,84.57,15.63,895,75686.00
995,995,K',*MANUAL*,54,303,89,150.00,87.98,23.58,895,78742.00
996,996,DR21,*MANUAL*$272$247,53,321,99,113.00,41.89,17.22,3175,133009.00
997,997,PHBR,*MANUAL*,48,282,80,158.00,93.20,24.34,895,83411.00
998,998,PHAR,*MANUAL*,56,286,70,172.00,98.71,26.83,895,88343.00
999,999,PVCR,*MANUAL*,51,268,73,159.00,107.19,21.24,895,95936.00
1000,1000,LUAR,*MANUAL*,50,257,80,136.00,82.84,20.90,895,74146.00
1001,1001,ALNR,*MANUAL*,53,243,88,143.00,94.67,18.66,895,84733.00
1002,1002,PLMR,*MANUAL*,57,214,74,134.00,82.20,16.21,895,73573.00
1003,1003,K,*MANUAL*,66,291,94,130.00,82.03,16.19,895,73420.00
1004,1004,REPD,*MANUAL*,66,311,97,135.00,83.68,17.46,895,74895.00
1005,1005,F,*MANUAL*,63,294,79,153.00,92.89,20.16,895,83134.00
1006,1006,DEP,*MANUAL*,61,258,92,119.00,80.70,14.99,895,72224.00
1007,1007,B,*MANUAL*,64,269,66,117.00,67.54,18.74,895,60450.00
1008,1008,DVC,*MANUAL*,64,250,78,123.00,93.18,12.14,895,83400.00
1009,1009,PHSHL,*MANUAL*,70,235,86,153.00,99.50,19.83,895,89049.00
1010,1010,TL,*MANUAL*,70,201,83,63.00,32.39,10.24,1365,44207.00
1011,1011,TR,*MANUAL*,55,193,82,72.00,27.17,11.99,1365,37091.00
1012,1012,HYP71,*MANUAL*$389$403,66,183,67,87.00,33.75,15.26,4802,162057.00
1013,1013,HYP8,*MANUAL*,67,125,74,97.00,54.96,15.08,895,49193.00
1014,1014,HYP11,*MANUAL*,63,126,87,67.00,34.65,10.25,895,31015.00
1015,1015,VR20,*MANUAL*,57,244,66,128.00,66.04,23.33,895,59103.00
1016,1016,DR6,*MANUAL*,47,1424,101,177.00,116.30,23.81,861,100131.00
1017,1017,CEPDR,*MANUAL*,54,1417,103,233.00,172.71,29.03,895,154571.00
1018,1018,EXC DUCT,*MANUAL*,74,1345,56,202.00,125.67,30.73,895,112471.00
1019,1019,PM3VR,*MANUAL*,54,1649,66,128.00,64.12,21.47,895,57390.00
1020,1020,VR17,*MANUAL*$262$250,57,619,53,160.00,45.76,28.53,6779,310217.00
1021,1021,*NOUSE*,*NOUSE*,0,0,0,0,0,0,0,0
1022,1022,ARCpD,*MANUAL*,72,1666,103,193.00,120.41,28.11,895,107771.00
1023,1023,F1,*MANUAL*,67,1772,80, 8.00, 0.99, 1.11,895,884.00
1024,1024,F2,*MANUAL*,65,1692,78,43.00,12.38, 8.24,895,11084.00
1025,1025,F3,*MANUAL*,65,1571,79,44.00,19.84, 5.30,895,17754.00
1026,1026,F4,*MANUAL*,65,1508,76,29.00,11.33, 2.99,895,10141.00
1027,1027,F5,*MANUAL*,65,1449,75,14.00, 5.60, 2.01,895,5016.00
1028,1028,F6,*MANUAL*,65,1339,74,32.00,15.34, 4.00,895,13725.00
1029,1029,F7,*MANUAL*,65,1250,73,17.00, 6.86, 2.61,895,6142.00
1030,1030,F8,*MANUAL*,65,1169,68, 9.00, 3.24, 1.49,895,2897.00
1031,1031,F9,*MANUAL*,65,1096,79, 9.00, 2.37, 1.39,895,2125.00
1032,1032,F10,*MANUAL*,57,942,52, 7.00, 1.83, 1.25,895,1639.00
