0,0,*NOUSE*,*NOUSE*,0,0,0,0,0,0,0,0
1,1,FLPL,,35,1236,72,212.00,62.83,47.66,4072,255845
2,2,ADEL,,34,1215,75,220.00,63.19,50.45,4007,253197
3,3,ADAL,,35,1189,81,206.00,66.51,50.46,3926,261103
4,4,*NOUSE*,*NOUSE*,0,0,0,0,0,0,0,0
5,5,*NOUSE*,*NOUSE*,0,0,0,0,0,0,0,0
6,6,*NOUSE*,*NOUSE*,0,0,0,0,0,0,0,0
7,7,*NOUSE*,*NOUSE*,0,0,0,0,0,0,0,0
8,8,*NOUSE*,*NOUSE*,0,0,0,0,0,0,0,0
9,9,*NOUSE*,*NOUSE*,0,0,0,0,0,0,0,0
10,10,AMSHL,,36,1221,49,147.00,44.00,28.39,4041,177813
11,11,AINL,,37,1244,56,202.00,67.56,48.67,3457,233572
12,12,AVDL,,37,1264,62,218.00,72.26,49.09,3117,225228
13,13,ASJL,,38,1280,78,166.00,57.32,35.79,4100,234992
14,14,ASHL,,39,1302,64,149.00,57.56,37.54,3649,210034
15,15,OLQSHDL,,39,1489,65,195.00,52.90,39.22,3935,208161
16,16,IL2L,,39,1448,69,171.00,58.58,40.21,3514,205862
17,17,*NOUSE*,*NOUSE*,0,0,0,0,0,0,0,0
18,18,OLLSHL,,38,1483,78,184.00,58.34,41.12,3611,210676
19,19,AUAL,,39,1300,79,198.00,66.39,46.46,3558,236232
20,20,OLQSHVL,,38,1467,80,194.00,62.63,42.26,3317,207729
21,21,RMDVL,,39,1369,62,207.00,54.93,40.77,3620,198862
22,22,ASEL,,39,1282,60,173.00,60.68,38.21,3453,209520
23,23,H0L,,40,1522,73,132.00,43.16,26.76,4345,187540
24,24,HYP7ABLD,,39,1117,57,146.00,33.52,21.44,6749,226213
25,25,*NOUSE*,*NOUSE*,0,0,0,0,0,0,0,0
26,26,URBL,,40,1425,67,213.00,68.09,46.91,3278,223184
27,27,bagl,,40,1406,73,156.00,57.01,36.91,3821,217833
28,28,RMDL,,40,1353,78,198.00,71.51,46.25,3209,229463
29,29,SIBDL,,40,1335,80,229.00,79.52,53.51,3009,239271
30,30,XXXL,,41,1451,81,199.00,70.60,46.47,3138,221545
31,31,RMGL,,41,1165,80,224.00,62.96,48.39,4463,281006
32,32,ILSHDL,,42,1474,57,174.00,56.21,37.57,3764,211562
33,33,AVAL,,41,1349,63,191.00,65.39,41.86,3327,217553
34,34,HYP7LC1,,41,976,58,107.00,30.57,17.92,7316,223654
35,35,*NOUSE*,*NOUSE*,0,0,0,0,0,0,0,0
36,36,HYP7ABLV,,42,1101,76,105.00,33.52,19.34,6789,227588
37,37,V3L,,42,759,83,115.00,35.98,22.16,7107,255711
38,38,*NOUSE*,*NOUSE*,0,0,0,0,0,0,0,0
39,39,I6,,47,1229,49,216.00,69.15,47.57,4237,292994
40,40,*NOUSE*,*NOUSE*,0,0,0,0,0,0,0,0
41,41,ADESHL,,42,1149,48,230.00,69.75,55.93,3028,211199
42,42,AVJL,,43,1259,50,204.00,80.00,49.77,2772,221772
43,43,CEPSODL,,43,1459,57,181.00,62.05,42.62,3033,188206
44,44,HYP2L,,43,1553,63,158.00,46.45,31.15,4071,189109
45,45,V1L,,43,1024,70,164.00,39.07,27.59,6012,234892
46,46,il1l,,43,1435,77,201.00,80.68,47.82,3059,246810
47,47,*NOUSE*,*NOUSE*,0,0,0,0,0,0,0,0
48,48,*NOUSE*,*NOUSE*,0,0,0,0,0,0,0,0
49,49,uryvl,,42,1423,82,215.00,70.98,44.81,3104,220327
50,50,*NOUSE*,*NOUSE*,0,0,0,0,0,0,0,0
51,51,*NOUSE*,*NOUSE*,0,0,0,0,0,0,0,0
52,52,AVHL,,44,1274,46,246.00,81.90,53.51,2589,212029
53,53,*NOUSE*,*NOUSE*,0,0,0,0,0,0,0,0
54,54,HYP7LC3,,42,725,57,94.00,29.11,16.43,6745,196357
55,55,MC3DL,,44,1204,59,204.00,58.67,43.22,4084,239609
56,56,ARCADL,,43,1568,69,148.00,42.23,29.63,4412,186336
57,57,RIML,,44,1271,72,189.00,80.24,42.44,2948,236535
58,58,CANL,,44,702,72,170.00,44.35,35.43,4682,207647
59,59,AIYL,,43,1252,89,203.00,78.20,47.68,3410,266650
60,60,*NOUSE*,*NOUSE*,0,0,0,0,0,0,0,0
61,61,VL6,,44,1362,94,168.00,47.94,34.70,4287,205531
62,62,DL5,,44,1378,43,187.00,48.04,33.05,2881,138393
63,63,*NOUSE*,*NOUSE*,0,0,0,0,0,0,0,0
64,64,HYP1L,,45,1500,56,154.00,54.10,33.74,3774,204184
65,65,*NOUSE*,*NOUSE*,0,0,0,0,0,0,0,0
66,66,*NOUSE*,*NOUSE*,0,0,0,0,0,0,0,0
67,67,*NOUSE*,*NOUSE*,0,0,0,0,0,0,0,0
68,68,HYP5L,,44,1603,70,109.00,36.62,22.31,4638,169852
69,69,cepshvl,,44,1392,86,203.00,62.35,43.07,3609,225015
70,70,P3/4L,,45,828,88,159.00,39.12,26.50,5431,212436
71,71,ILSHL,,44,1498,90,188.00,64.61,42.90,3133,202429
72,72,*NOUSE*,*NOUSE*,43,710,84,46.00,17.38, 9.26,170,2954
73,73,*NOUSE*,*NOUSE*,0,0,0,0,0,0,0,0
74,74,*NOUSE*,*NOUSE*,0,0,0,0,0,0,0,0
75,75,*NOUSE*,*NOUSE*,0,0,0,0,0,0,0,0
76,76,*NOUSE*,*NOUSE*,0,0,0,0,0,0,0,0
77,77,cepshdl,,45,1397,51,177.00,59.04,37.20,3504,206885
78,78,AMSOL,,46,1537,57,149.00,47.30,29.35,3869,182989
79,79,*NOUSE*,*NOUSE*,0,0,0,0,0,0,0,0
80,80,*NOUSE*,*NOUSE*,0,0,0,0,0,0,0,0
81,81,PM7VL,,46,1200,81,175.00,56.30,37.43,4190,235881
82,82,CEPSOVL,,46,1443,88,213.00,71.20,39.75,3504,249474
83,83,RMDDL,,47,1345,90,215.00,80.31,44.73,3391,272337
84,84,*NOUSE*,*NOUSE*,0,0,0,0,0,0,0,0
85,85,*NOUSE*,*NOUSE*,0,0,0,0,0,0,0,0
86,86,VL15,,54,708,98,189.00,48.31,35.23,4176,201733
87,87,*NOUSE*,*NOUSE*,0,0,0,0,0,0,0,0
88,88,*NOUSE*,*NOUSE*,0,0,0,0,0,0,0,0
89,89,HYP7LC4,,46,586,64,94.00,25.94,13.60,6339,164463
90,90,QL,,50,497,75,175.00,48.67,35.19,8277,402868
91,91,*NOUSE*,*NOUSE*,0,0,0,0,0,0,0,0
92,92,*NOUSE*,*NOUSE*,0,0,0,0,0,0,0,0
93,93,AVKL,,47,1239,96,204.00,69.99,42.90,3967,277643
94,94,*NOUSE*,*NOUSE*,0,0,0,0,0,0,0,0
95,95,ASGL,,48,1288,46,198.00,69.65,40.85,2942,204919
96,96,*NOUSE*,*NOUSE*,0,0,0,0,0,0,0,0
97,97,ARCPDL,,48,1519,56,168.00,49.48,34.04,4071,201429
98,98,*NOUSE*,*NOUSE*,0,0,0,0,0,0,0,0
99,99,V5L,,49,471,88,153.00,42.89,29.38,7975,342085
100,100,EXC GL L,,47,1175,92,226.00,72.37,47.31,3757,271900
101,101,SMDDL,,48,1328,96,215.00,75.49,44.64,3117,235306
102,102,*NOUSE*,*NOUSE*,0,0,0,0,0,0,0,0
103,103,*NOUSE*,*NOUSE*,0,0,0,0,0,0,0,0
104,104,M5,,49,1199,49,221.00,65.29,48.61,3501,228592
105,105,AVBL,,50,1273,57,225.00,85.55,41.88,3962,338934
106,106,RIBL,,48,1288,68,197.00,75.60,43.44,3352,253420
107,107,AVEL,,49,1340,71,219.00,86.65,45.66,2581,223634
108,108,BDUL,,48,1052,73,242.00,74.86,58.69,3126,233997
109,109,PM6VL,,51,1229,78,163.00,53.09,32.50,4782,253885
110,110,*NOUSE*,*NOUSE*,0,0,0,0,0,0,0,0
111,111,*NOUSE*,*NOUSE*,0,0,0,0,0,0,0,0
112,112,*NOUSE*,*NOUSE*,0,0,0,0,0,0,0,0
113,113,*NOUSE*,*NOUSE*,0,0,0,0,0,0,0,0
114,114,ALML,,49,802,45,211.00,56.35,43.86,4201,236709
115,115,ADFL,,49,1315,54,180.00,66.88,36.98,3217,215166
116,116,DL1,,49,1581,54,127.00,41.16,23.38,4449,183107
117,117,VPI2DL,,51,1170,50,199.00,62.71,46.15,3722,233404
118,118,*NOUSE*,*NOUSE*,0,0,0,0,0,0,0,0
119,119,ripl,,49,1410,61,189.00,65.13,39.05,3435,223726
120,120,*NOUSE*,*NOUSE*,0,0,0,0,0,0,0,0
121,121,PVQL,,50,275,71,204.00,62.02,46.60,4178,259132
122,122,*NOUSE*,*NOUSE*,0,0,0,0,0,0,0,0
123,123,PM4L,,48,1476,74,174.00,68.53,38.43,2186,149806
124,124,*NOUSE*,*NOUSE*,0,0,0,0,0,0,0,0
125,125,*NOUSE*,*NOUSE*,0,0,0,0,0,0,0,0
126,126,*NOUSE*,*NOUSE*,0,0,0,0,0,0,0,0
127,127,*NOUSE*,*NOUSE*,0,0,0,0,0,0,0,0
128,128,*NOUSE*,*NOUSE*,0,0,0,0,0,0,0,0
129,129,SIAVL,,49,1291,95,190.00,67.95,41.96,3578,243125
130,130,*NOUSE*,*NOUSE*,0,0,0,0,0,0,0,0
131,131,CEPDL,,51,1351,39,207.00,70.12,45.31,2721,190783
132,132,DL12,,51,922,37,171.00,47.09,36.16,4478,210859
133,133,*NOUSE*,*NOUSE*,0,0,0,0,0,0,0,0
134,134,SAAVL,,50,1352,55,219.00,79.41,46.23,2598,206302
135,135,PHBL,,51,258,62,204.00,75.96,48.80,3317,251947
136,136,*NOUSE*,*NOUSE*,0,0,0,0,0,0,0,0
137,137,*NOUSE*,*NOUSE*,0,0,0,0,0,0,0,0
138,138,P11/12L,,49,333,81,173.00,49.89,35.60,3311,165189
139,139,*NOUSE*,*NOUSE*,0,0,0,0,0,0,0,0
140,140,P9/10L,,51,440,89,136.00,38.70,27.59,4330,167568
141,141,*NOUSE*,*NOUSE*,0,0,0,0,0,0,0,0
142,142,RIVL,,51,1264,43,230.00,98.13,52.57,2135,209512
143,143,DL2,,50,1538,46,129.00,45.22,24.35,4211,190438
144,144,*NOUSE*,*NOUSE*,0,0,0,0,0,0,0,0
145,145,G1AL,,51,1242,59,190.00,66.71,37.88,3729,248766
146,146,REPVL,,53,303,72,207.00,61.92,42.41,4216,261069
147,147,*NOUSE*,*NOUSE*,0,0,0,0,0,0,0,0
148,148,*NOUSE*,*NOUSE*,0,0,0,0,0,0,0,0
149,149,SPH,,56,322,74,217.00,67.85,46.80,4161,282317
150,150,M2L,,52,1248,77,246.00,90.11,51.40,2993,269695
151,151,*NOUSE*,*NOUSE*,0,0,0,0,0,0,0,0
152,152,NSML,,52,1464,86,204.00,63.09,40.33,3415,215452
153,153,*NOUSE*,*NOUSE*,0,0,0,0,0,0,0,0
154,154,VL5,,50,1384,100,156.00,49.12,29.57,4131,202915
155,155,*NOUSE*,*NOUSE*,0,0,0,0,0,0,0,0
156,156,VL3,,52,1489,103,150.00,48.40,27.74,4315,208848
157,157,*NOUSE*,*NOUSE*,0,0,0,0,0,0,0,0
158,158,DL6,,51,1383,36,147.00,50.85,31.77,3046,154878
159,159,DL16,,53,647,45,147.00,42.56,30.80,5342,227361
160,160,*NOUSE*,*NOUSE*,0,0,0,0,0,0,0,0
161,161,LUAL,,53,243,60,252.00,82.62,62.88,3274,270505
162,162,*NOUSE*,*NOUSE*,0,0,0,0,0,0,0,0
163,163,EXC DUCT,,53,1287,81,173.00,64.58,33.21,4174,269544
164,164,HSNL,,53,655,89,173.00,48.36,38.97,3569,172608
165,165,*NOUSE*,*NOUSE*,0,0,0,0,0,0,0,0
166,166,*NOUSE*,*NOUSE*,0,0,0,0,0,0,0,0
167,167,VL14,,52,778,97,150.00,46.45,34.02,3757,174528
168,168,*NOUSE*,*NOUSE*,0,0,0,0,0,0,0,0
169,169,CCLP,,53,735,98,190.00,55.22,43.97,3273,180735
170,170,*NOUSE*,*NOUSE*,0,0,0,0,0,0,0,0
171,171,*NOUSE*,*NOUSE*,0,0,0,0,0,0,0,0
172,172,*NOUSE*,*NOUSE*,0,0,0,0,0,0,0,0
173,173,*NOUSE*,*NOUSE*,0,0,0,0,0,0,0,0
174,174,DL14,,55,784,38,159.00,44.54,35.07,6044,269176
175,175,*NOUSE*,*NOUSE*,0,0,0,0,0,0,0,0
176,176,PVCL,,54,233,68,225.00,81.66,55.89,3180,259663
177,177,PHAL,,54,255,73,221.00,79.71,52.53,3338,266088
178,178,Z3,,57,681,90,147.00,41.70,27.69,8354,348382
179,179,*NOUSE*,*NOUSE*,0,0,0,0,0,0,0,0
180,180,*NOUSE*,*NOUSE*,0,0,0,0,0,0,0,0
181,181,CEPVL,,56,1397,93,191.00,74.96,43.61,3931,294658
182,182,*NOUSE*,*NOUSE*,0,0,0,0,0,0,0,0
183,183,VL9,,53,1142,103,167.00,57.74,39.04,3727,215188
184,184,*NOUSE*,*NOUSE*,0,0,0,0,0,0,0,0
185,185,*NOUSE*,*NOUSE*,0,0,0,0,0,0,0,0
186,186,DL7,,55,1249,32,185.00,55.26,36.74,3110,171849
187,187,*NOUSE*,*NOUSE*,0,0,0,0,0,0,0,0
188,188,*NOUSE*,*NOUSE*,0,0,0,0,0,0,0,0
189,189,*NOUSE*,*NOUSE*,0,0,0,0,0,0,0,0
190,190,*NOUSE*,*NOUSE*,0,0,0,0,0,0,0,0
191,191,*NOUSE*,*NOUSE*,0,0,0,0,0,0,0,0
192,192,ALNL,,56,221,53,249.00,80.19,60.96,3268,262077
193,193,*NOUSE*,*NOUSE*,0,0,0,0,0,0,0,0
194,194,*NOUSE*,*NOUSE*,0,0,0,0,0,0,0,0
195,195,*NOUSE*,*NOUSE*,0,0,0,0,0,0,0,0
196,196,G2L,,57,1181,83,236.00,77.84,52.14,3742,291272
197,197,INVL1,,56,1107,89,100.00,34.11,19.00,6809,232253
198,198,*NOUSE*,*NOUSE*,0,0,0,0,0,0,0,0
199,199,AIML,,55,1259,92,214.00,83.20,46.64,3538,294374
200,200,*NOUSE*,*NOUSE*,0,0,0,0,0,0,0,0
201,201,*NOUSE*,*NOUSE*,0,0,0,0,0,0,0,0
202,202,INDL1,,56,1087,44,105.00,32.80,18.86,6447,211490
203,203,*NOUSE*,*NOUSE*,0,0,0,0,0,0,0,0
204,204,*NOUSE*,*NOUSE*,0,0,0,0,0,0,0,0
205,205,GLRDL,,56,1359,48,224.00,76.66,48.91,2810,215413
206,206,*NOUSE*,*NOUSE*,0,0,0,0,0,0,0,0
207,207,PM5L,,53,1258,67,203.00,75.32,40.87,3276,246738
208,208,INV5,,58,725,76,85.00,24.61,11.92,7380,181647
209,209,*NOUSE*,*NOUSE*,0,0,0,0,0,0,0,0
210,210,*NOUSE*,*NOUSE*,0,0,0,0,0,0,0,0
211,211,I1L,,55,1521,79,178.00,53.18,34.30,4047,215207
212,212,PM2VL1,,56,1616,82,158.00,41.63,32.90,4619,192277
213,213,PM2VL2,,56,1601,81,167.00,50.50,36.92,3312,167268
214,214,DL11,,57,994,34,187.00,49.31,39.46,4286,211328
215,215,*NOUSE*,*NOUSE*,0,0,0,0,0,0,0,0
216,216,DL13,,57,845,37,178.00,46.20,36.36,4825,222894
217,217,ADLL,,56,1299,40,129.00,51.96,26.50,3919,203612
218,218,URXL,,56,1338,41,178.00,72.09,39.63,2969,214045
219,219,OLQDL,,56,1400,43,176.00,73.79,40.25,2920,215475
220,220,K,,55,273,48,151.00,53.96,31.29,1912,103163
221,221,*NOUSE*,*NOUSE*,0,0,0,0,0,0,0,0
222,222,*NOUSE*,*NOUSE*,0,0,0,0,0,0,0,0
223,223,*NOUSE*,*NOUSE*,0,0,0,0,0,0,0,0
224,224,IML,,58,353,86,190.00,50.14,35.62,4997,250560
225,225,CCLA,,56,754,100,192.00,55.38,44.73,3228,178774
226,226,VL11,,57,965,102,211.00,59.68,43.60,3302,197057
227,227,*NOUSE*,*NOUSE*,0,0,0,0,0,0,0,0
228,228,OLQSODL,,57,1571,44,167.00,60.68,32.98,3481,211219
229,229,VPI3D,,63,1163,44,172.00,51.96,36.67,4004,208046
230,230,*NOUSE*,*NOUSE*,0,0,0,0,0,0,0,0
231,231,PM4DL,,54,1475,56,152.00,65.09,31.04,2494,162326
232,232,REPD,,59,288,48,172.00,62.48,38.27,4460,278648
233,233,*NOUSE*,*NOUSE*,0,0,0,0,0,0,0,0
234,234,*NOUSE*,*NOUSE*,0,0,0,0,0,0,0,0
235,235,F,,60,271,60,212.00,73.88,41.25,5175,382343
236,236,RIGL,,57,1172,100,200.00,81.16,49.45,3937,319538
237,237,*NOUSE*,*NOUSE*,0,0,0,0,0,0,0,0
238,238,ASIL,,58,1278,40,174.00,65.29,37.12,3375,220342
239,239,ILSODL,,59,1589,45,190.00,57.53,35.44,3449,198426
240,240,DL20,,58,379,48,162.00,43.91,33.86,4952,217460
241,241,DA8,,58,302,85,209.00,73.77,47.46,2881,212533
242,242,*NOUSE*,*NOUSE*,0,0,0,0,0,0,0,0
243,243,INV7,,59,556,90,60.00,23.47, 9.81,5360,125815
244,244,PM7D,,61,1207,40,164.00,44.18,31.74,4945,218474
245,245,MC2DL,,58,1281,57,144.00,60.64,29.51,2543,154207
246,246,PHSHL,,59,209,63,234.00,75.76,51.65,3477,263411
247,247,*NOUSE*,*NOUSE*,0,0,0,0,0,0,0,0
248,248,M3L,,55,1435,79,215.00,75.92,48.30,3155,239542
249,249,PLML,,60,193,75,225.00,71.92,54.50,3627,260856
250,250,VL19,,59,221,77,221.00,66.36,43.42,3602,239039
251,251,*NOUSE*,*NOUSE*,0,0,0,0,0,0,0,0
252,252,VL18,,59,394,89,137.00,42.02,27.95,4171,175253
253,253,ILSOVL,,60,1575,96,177.00,58.35,37.64,3315,193418
254,254,Z4,,60,659,101,127.00,40.05,24.26,3617,144850
255,255,*NOUSE*,*NOUSE*,0,0,0,0,0,0,0,0
256,256,VL17,,59,489,105,134.00,37.31,24.82,4284,159823
257,257,W,,60,1245,102,156.00,60.47,33.14,3907,236245
258,258,*NOUSE*,*NOUSE*,0,0,0,0,0,0,0,0
259,259,*NOUSE*,*NOUSE*,0,0,0,0,0,0,0,0
260,260,*NOUSE*,*NOUSE*,0,0,0,0,0,0,0,0
261,261,*NOUSE*,*NOUSE*,0,0,0,0,0,0,0,0
262,262,*NOUSE*,*NOUSE*,0,0,0,0,0,0,0,0
263,263,E2VL,,60,1646,82,109.00,30.62,20.05,4867,149046
264,264,*NOUSE*,*NOUSE*,0,0,0,0,0,0,0,0
265,265,PM4VL,,60,1475,92,130.00,52.67,25.69,3881,204394
266,266,PVPL,,58,332,85,219.00,76.15,48.19,3311,252141
267,267,DB6,,61,555,105,155.00,41.01,33.32,3243,133007
268,268,VL16,,62,620,101,133.00,41.03,30.38,3554,145815
269,269,*NOUSE*,*NOUSE*,0,0,0,0,0,0,0,0
270,270,*NOUSE*,*NOUSE*,0,0,0,0,0,0,0,0
271,271,RID,,62,1363,33,181.00,47.11,33.62,3921,184710
272,272,HYP6D2,,62,1497,37,136.00,48.34,27.15,3917,189358
273,273,*NOUSE*,*NOUSE*,0,0,0,0,0,0,0,0
274,274,*NOUSE*,*NOUSE*,0,0,0,0,0,0,0,0
275,275,I3,,62,1464,54,177.00,58.27,36.32,3608,210221
276,276,*NOUSE*,*NOUSE*,0,0,0,0,0,0,0,0
277,277,*NOUSE*,*NOUSE*,0,0,0,0,0,0,0,0
278,278,PM8,,65,1175,74,170.00,62.33,38.74,3400,211920
279,279,*NOUSE*,*NOUSE*,0,0,0,0,0,0,0,0
280,280,*NOUSE*,*NOUSE*,0,0,0,0,0,0,0,0
281,281,VPI2V,,67,1167,81,222.00,79.98,47.84,3434,274659
282,282,*NOUSE*,*NOUSE*,0,0,0,0,0,0,0,0
283,283,INV4,,62,823,90,70.00,23.26,10.64,8129,189117
284,284,*NOUSE*,*NOUSE*,0,0,0,0,0,0,0,0
285,285,DA4,,62,801,106,218.00,53.09,44.25,3342,177420
286,286,DA5,,62,683,107,170.00,45.78,37.59,3260,149238
287,287,DB2,,62,1230,110,195.00,62.90,42.78,4197,264010
288,288,DA6,,61,536,109,164.00,44.86,35.02,3453,154907
289,289,ALA,,63,1344,33,177.00,68.04,39.67,2801,190584
290,290,PM6D,,62,1229,45,162.00,54.84,30.40,3687,202191
291,291,I4,,62,1247,46,198.00,69.42,42.47,2993,207789
292,292,HYP31,,63,1634,47,138.00,40.00,27.09,4313,172527
293,293,HYP32,,63,1615,45,135.00,41.18,25.52,4252,175103
294,294,DEP,,64,237,48,214.00,62.29,43.19,4048,252140
295,295,DL21,,64,204,50,193.00,60.45,42.25,4216,254865
296,296,*NOUSE*,*NOUSE*,0,0,0,0,0,0,0,0
297,297,VIRL,,62,313,55,195.00,58.90,40.41,4028,237256
298,298,*NOUSE*,*NOUSE*,0,0,0,0,0,0,0,0
299,299,M4,,62,1437,58,155.00,53.84,30.78,4646,250118
300,300,*NOUSE*,*NOUSE*,0,0,0,0,0,0,0,0
301,301,INV3,,67,942,88,83.00,25.08,12.57,8892,223012
302,302,I5,,64,1232,91,179.00,60.90,37.97,4087,248907
303,303,MC3V,,65,1200,92,203.00,60.33,37.77,4137,249592
304,304,*NOUSE*,*NOUSE*,0,0,0,0,0,0,0,0
305,305,RMEV,,62,1377,100,189.00,57.31,38.56,4265,244421
306,306,DB4,,63,886,107,177.00,51.15,39.02,4503,230315
307,307,DB5,,63,719,106,169.00,45.66,35.51,3720,169861
308,308,DD4,,63,598,106,165.00,45.51,36.83,2739,124647
309,309,DD3,,62,784,105,190.00,53.22,43.37,3409,181418
310,310,*NOUSE*,*NOUSE*,0,0,0,0,0,0,0,0
311,311,DVA,,63,253,54,180.00,67.80,36.62,3610,244761
312,312,*NOUSE*,*NOUSE*,0,0,0,0,0,0,0,0
313,313,*NOUSE*,*NOUSE*,0,0,0,0,0,0,0,0
314,314,*NOUSE*,*NOUSE*,0,0,0,0,0,0,0,0
315,315,*NOUSE*,*NOUSE*,0,0,0,0,0,0,0,0
316,316,DA7,,64,407,94,166.00,50.09,40.00,3066,153577
317,317,*NOUSE*,*NOUSE*,0,0,0,0,0,0,0,0
318,318,*NOUSE*,*NOUSE*,0,0,0,0,0,0,0,0
319,319,G1,,63,1316,107,173.00,57.30,34.69,4433,254006
320,320,*NOUSE*,*NOUSE*,0,0,0,0,0,0,0,0
321,321,DA3,,64,931,105,197.00,55.81,44.32,4426,247020
322,322,HYP7V2,,62,1409,106,126.00,42.41,21.16,3053,129480
323,323,*NOUSE*,*NOUSE*,0,0,0,0,0,0,0,0
324,324,*NOUSE*,*NOUSE*,0,0,0,0,0,0,0,0
325,325,*NOUSE*,*NOUSE*,0,0,0,0,0,0,0,0
326,326,VPI1,,67,1174,41,175.00,53.21,35.31,3604,191776
327,327,*NOUSE*,*NOUSE*,0,0,0,0,0,0,0,0
328,328,*NOUSE*,*NOUSE*,0,0,0,0,0,0,0,0
329,329,*NOUSE*,*NOUSE*,0,0,0,0,0,0,0,0
330,330,*NOUSE*,*NOUSE*,0,0,0,0,0,0,0,0
331,331,*NOUSE*,*NOUSE*,0,0,0,0,0,0,0,0
332,332,*NOUSE*,*NOUSE*,0,0,0,0,0,0,0,0
333,333,MC2V,,66,1282,74,167.00,58.41,30.55,3340,195090
334,334,*NOUSE*,*NOUSE*,0,0,0,0,0,0,0,0
335,335,DD5,,65,446,102,182.00,47.61,39.47,3427,163159
336,336,RIGR,,65,1130,104,211.00,58.58,45.03,3984,233373
337,337,HYP7V1,,63,1437,104,106.00,43.89,21.13,1567,68773
338,338,OLQDR,,67,1405,41,182.00,69.08,37.93,3563,246117
339,339,RMED,,64,1388,37,186.00,62.25,38.67,3267,203373
340,340,*NOUSE*,*NOUSE*,0,0,0,0,0,0,0,0
341,341,*NOUSE*,*NOUSE*,0,0,0,0,0,0,0,0
342,342,DVC,,65,227,63,202.00,81.13,38.08,3149,255478
343,343,B,,64,247,72,198.00,56.43,34.86,4351,245530
344,344,INV2,,66,1024,92,86.00,29.28,14.54,7506,219798
345,345,*NOUSE*,*NOUSE*,0,0,0,0,0,0,0,0
346,346,DB7,,65,425,98,166.00,48.73,39.11,2815,137164
347,347,DA2,,66,1047,106,213.00,61.46,48.53,4290,263672
348,348,*NOUSE*,*NOUSE*,0,0,0,0,0,0,0,0
349,349,PM2D1,,67,1611,55,135.00,42.52,27.36,3905,166043
350,350,*NOUSE*,*NOUSE*,0,0,0,0,0,0,0,0
351,351,*NOUSE*,*NOUSE*,0,0,0,0,0,0,0,0
352,352,IND6,,67,608,59,73.00,22.83, 9.92,7782,177639
353,353,*NOUSE*,*NOUSE*,0,0,0,0,0,0,0,0
354,354,DA1,,67,1114,103,192.00,56.17,44.57,4139,232483
355,355,*NOUSE*,*NOUSE*,0,0,0,0,0,0,0,0
356,356,*NOUSE*,*NOUSE*,0,0,0,0,0,0,0,0
357,357,OLQSODR,,69,1533,40,147.00,53.77,32.57,4013,215765
358,358,IND5,,68,774,54,64.00,23.09,10.38,7957,183690
359,359,PM2D2,,67,1591,54,154.00,51.33,28.66,3617,185659
360,360,PVR,,69,150,62,210.00,61.28,47.63,4264,261281
361,361,*NOUSE*,*NOUSE*,0,0,0,0,0,0,0,0
362,362,*NOUSE*,*NOUSE*,0,0,0,0,0,0,0,0
363,363,*NOUSE*,*NOUSE*,0,0,0,0,0,0,0,0
364,364,Z2,,71,707,92,131.00,44.23,25.92,8350,369331
365,365,*NOUSE*,*NOUSE*,0,0,0,0,0,0,0,0
366,366,DB3,,68,1077,107,213.00,52.83,42.23,5202,274823
367,367,IND2,,70,1031,45,78.00,28.09,14.20,6751,189651
368,368,IND4,,69,869,49,79.00,22.35, 9.73,8217,183687
369,369,*NOUSE*,*NOUSE*,0,0,0,0,0,0,0,0
370,370,RIR,,68,1324,81,192.00,78.15,39.78,3126,244309
371,371,HYP71,,68,177,81,198.00,52.69,40.99,5149,271317
372,372,*NOUSE*,*NOUSE*,0,0,0,0,0,0,0,0
373,373,*NOUSE*,*NOUSE*,0,0,0,0,0,0,0,0
374,374,INV8,,71,444,88,86.00,29.97,14.48,5652,169364
375,375,VR15,,70,741,101,149.00,44.24,32.90,4182,184998
376,376,*NOUSE*,*NOUSE*,0,0,0,0,0,0,0,0
377,377,HYP6V2,,65,1491,105,109.00,45.97,21.61,3700,170092
378,378,*NOUSE*,*NOUSE*,0,0,0,0,0,0,0,0
379,379,ARCPD,,70,1596,44,154.00,48.62,32.96,4250,206616
380,380,*NOUSE*,*NOUSE*,0,0,0,0,0,0,0,0
381,381,G1P,,72,1190,46,121.00,38.62,25.46,5269,203515
382,382,DR18,,70,536,52,121.00,36.40,23.52,5267,191734
383,383,HYP4D,,68,1690,55,92.00,28.65,15.21,4439,127190
384,384,E2D,,69,1642,55,99.00,33.96,20.70,4309,146334
385,385,*NOUSE*,*NOUSE*,0,0,0,0,0,0,0,0
386,386,*NOUSE*,*NOUSE*,0,0,0,0,0,0,0,0
387,387,G2R,,71,1186,85,195.00,65.89,41.16,4262,280824
388,388,*NOUSE*,*NOUSE*,0,0,0,0,0,0,0,0
389,389,*NOUSE*,*NOUSE*,0,0,0,0,0,0,0,0
390,390,*NOUSE*,*NOUSE*,0,0,0,0,0,0,0,0
391,391,*NOUSE*,*NOUSE*,0,0,0,0,0,0,0,0
392,392,URXR,,70,1336,40,188.00,65.08,38.48,3063,199335
393,393,*NOUSE*,*NOUSE*,0,0,0,0,0,0,0,0
394,394,*NOUSE*,*NOUSE*,0,0,0,0,0,0,0,0
395,395,HYP101,,70,68,75,233.00,68.38,50.94,4808,328764
396,396,*NOUSE*,*NOUSE*,0,0,0,0,0,0,0,0
397,397,*NOUSE*,*NOUSE*,0,0,0,0,0,0,0,0
398,398,HYP9,,71,80,80,201.00,59.87,44.31,3476,208108
399,399,INV6,,71,662,79,62.00,23.16, 9.74,6672,154537
400,400,*NOUSE*,*NOUSE*,0,0,0,0,0,0,0,0
401,401,*NOUSE*,*NOUSE*,0,0,0,0,0,0,0,0
402,402,*NOUSE*,*NOUSE*,0,0,0,0,0,0,0,0
403,403,ILSODR,,70,1569,42,144.00,55.10,32.05,3795,209098
404,404,*NOUSE*,*NOUSE*,0,0,0,0,0,0,0,0
405,405,VIRR,,71,312,61,201.00,53.36,36.14,4474,238727
406,406,*NOUSE*,*NOUSE*,0,0,0,0,0,0,0,0
407,407,*NOUSE*,*NOUSE*,0,0,0,0,0,0,0,0
408,408,SMBVR,,69,1317,94,197.00,85.10,40.03,3450,293609
409,409,*NOUSE*,*NOUSE*,0,0,0,0,0,0,0,0
410,410,*NOUSE*,*NOUSE*,0,0,0,0,0,0,0,0
411,411,*NOUSE*,*NOUSE*,0,0,0,0,0,0,0,0
412,412,DR9,,73,1154,31,175.00,42.70,32.69,4698,200597
413,413,*NOUSE*,*NOUSE*,0,0,0,0,0,0,0,0
414,414,MC2DR,,71,1285,56,135.00,53.06,25.90,4018,213184
415,415,*NOUSE*,*NOUSE*,0,0,0,0,0,0,0,0
416,416,PLMR,,73,198,71,224.00,65.16,50.16,4292,279666
417,417,M3R,,72,1435,76,178.00,63.77,38.56,3666,233780
418,418,*NOUSE*,*NOUSE*,0,0,0,0,0,0,0,0
419,419,HYP102,,71,36,77,219.00,55.60,45.00,4946,275018
420,420,PVT,,71,334,86,167.00,56.45,38.75,4383,247420
421,421,*NOUSE*,*NOUSE*,0,0,0,0,0,0,0,0
422,422,*NOUSE*,*NOUSE*,0,0,0,0,0,0,0,0
423,423,*NOUSE*,*NOUSE*,0,0,0,0,0,0,0,0
424,424,*NOUSE*,*NOUSE*,0,0,0,0,0,0,0,0
425,425,Z1,,73,726,97,124.00,38.25,26.55,2557,97816
426,426,VR17,,73,562,96,113.00,34.79,22.32,4289,149233
427,427,*NOUSE*,*NOUSE*,0,0,0,0,0,0,0,0
428,428,*NOUSE*,*NOUSE*,0,0,0,0,0,0,0,0
429,429,DR13,,74,894,34,154.00,44.32,33.60,4592,203521
430,430,IL2DR,,73,1455,42,125.00,51.08,27.58,3865,197434
431,431,TR,,72,177,64,116.00,41.79,24.51,5462,228244
432,432,*NOUSE*,*NOUSE*,0,0,0,0,0,0,0,0
433,433,*NOUSE*,*NOUSE*,0,0,0,0,0,0,0,0
434,434,*NOUSE*,*NOUSE*,0,0,0,0,0,0,0,0
435,435,VR20,,72,222,74,162.00,54.95,36.38,4484,246392
436,436,*NOUSE*,*NOUSE*,0,0,0,0,0,0,0,0
437,437,I1R,,75,1525,77,151.00,50.50,30.83,4066,205320
438,438,*NOUSE*,*NOUSE*,0,0,0,0,0,0,0,0
439,439,AVL,,76,1310,79,156.00,66.11,30.48,3787,250345
440,440,HYP4V1,,72,1686,94,102.00,32.51,19.21,4078,132573
441,441,VR16,,73,666,100,124.00,42.04,26.94,4127,173492
442,442,*NOUSE*,*NOUSE*,0,0,0,0,0,0,0,0
443,443,*NOUSE*,*NOUSE*,0,0,0,0,0,0,0,0
444,444,ASKR,,74,1322,40,155.00,54.20,33.16,3676,199234
445,445,ADLR,,73,1300,39,133.00,47.88,26.22,4243,203153
446,446,CEPDR,,75,1350,38,182.00,70.24,42.37,2966,208341
447,447,*NOUSE*,*NOUSE*,0,0,0,0,0,0,0,0
448,448,*NOUSE*,*NOUSE*,0,0,0,0,0,0,0,0
449,449,ASIR,,75,1282,43,164.00,59.04,33.20,3520,207837
450,450,ALNR,,74,224,51,204.00,66.41,49.49,4138,274793
451,451,*NOUSE*,*NOUSE*,0,0,0,0,0,0,0,0
452,452,*NOUSE*,*NOUSE*,0,0,0,0,0,0,0,0
453,453,RIPR,,76,1409,58,167.00,58.30,36.06,3403,198378
454,454,PHSHR,,72,211,60,213.00,68.58,49.87,4056,278175
455,455,*NOUSE*,*NOUSE*,0,0,0,0,0,0,0,0
456,456,*NOUSE*,*NOUSE*,0,0,0,0,0,0,0,0
457,457,PM5R,,75,1261,65,168.00,61.64,32.09,3740,230526
458,458,*NOUSE*,*NOUSE*,0,0,0,0,0,0,0,0
459,459,VR13,,75,879,103,168.00,46.73,34.32,5025,234810
460,460,*NOUSE*,*NOUSE*,0,0,0,0,0,0,0,0
461,461,*NOUSE*,*NOUSE*,0,0,0,0,0,0,0,0
462,462,DR15,,75,784,38,150.00,38.21,27.79,6804,259991
463,463,*NOUSE*,*NOUSE*,0,0,0,0,0,0,0,0
464,464,PM4DR,,72,1473,52,152.00,60.80,31.33,1919,116669
465,465,PHBR,,77,262,58,182.00,59.89,40.55,4358,261019
466,466,PHAR,,75,257,71,177.00,58.44,40.69,4139,241871
467,467,*NOUSE*,*NOUSE*,0,0,0,0,0,0,0,0
468,468,E3VR,,77,1549,79,129.00,42.84,25.62,3832,164175
469,469,*NOUSE*,*NOUSE*,0,0,0,0,0,0,0,0
470,470,*NOUSE*,*NOUSE*,0,0,0,0,0,0,0,0
471,471,PM4VR,,73,1476,88,148.00,50.62,29.09,3300,167059
472,472,NSMR,,77,1463,81,165.00,54.27,33.34,3737,202813
473,473,*NOUSE*,*NOUSE*,0,0,0,0,0,0,0,0
474,474,*NOUSE*,*NOUSE*,0,0,0,0,0,0,0,0
475,475,*NOUSE*,*NOUSE*,0,0,0,0,0,0,0,0
476,476,*NOUSE*,*NOUSE*,0,0,0,0,0,0,0,0
477,477,*NOUSE*,*NOUSE*,0,0,0,0,0,0,0,0
478,478,*NOUSE*,*NOUSE*,0,0,0,0,0,0,0,0
479,479,M1,,75,1229,48,176.00,56.38,37.44,3825,215668
480,480,RIAR,,78,1337,56,169.00,62.47,34.97,3267,204099
481,481,*NOUSE*,*NOUSE*,0,0,0,0,0,0,0,0
482,482,*NOUSE*,*NOUSE*,0,0,0,0,0,0,0,0
483,483,PVQR,,78,275,69,161.00,45.04,33.53,5340,240523
484,484,PM6VR,,78,1227,78,153.00,47.87,26.98,4685,224273
485,485,*NOUSE*,*NOUSE*,0,0,0,0,0,0,0,0
486,486,*NOUSE*,*NOUSE*,0,0,0,0,0,0,0,0
487,487,VR14,,78,803,98,146.00,39.49,27.90,4914,194070
488,488,*NOUSE*,*NOUSE*,0,0,0,0,0,0,0,0
489,489,SMBDR,,78,1306,100,176.00,68.09,36.50,3882,264322
490,490,*NOUSE*,*NOUSE*,0,0,0,0,0,0,0,0
491,491,SMDDR,,79,1330,99,166.00,61.51,33.28,3673,225914
492,492,VR6,,83,1375,97,129.00,38.48,22.12,8050,309758
493,493,*NOUSE*,*NOUSE*,0,0,0,0,0,0,0,0
494,494,*NOUSE*,*NOUSE*,0,0,0,0,0,0,0,0
495,495,*NOUSE*,*NOUSE*,0,0,0,0,0,0,0,0
496,496,DR17,,78,624,46,103.00,34.36,22.12,6279,215734
497,497,LUAR,,76,248,56,247.00,74.96,56.13,3765,282209
498,498,*NOUSE*,*NOUSE*,0,0,0,0,0,0,0,0
499,499,PM4R,,80,1476,70,138.00,49.03,29.75,3915,191970
500,500,M2R,,78,1245,74,203.00,74.78,40.34,2991,223657
501,501,SIAVR,,78,1291,92,173.00,63.35,33.90,4113,260551
502,502,CCRP,,79,974,96,206.00,58.47,45.33,4245,248215
503,503,*NOUSE*,*NOUSE*,0,0,0,0,0,0,0,0
504,504,*NOUSE*,*NOUSE*,0,0,0,0,0,0,0,0
505,505,DR12,,79,946,35,154.00,40.45,30.16,5044,204022
506,506,DR14,,81,835,40,127.00,37.03,25.62,5525,204608
507,507,RIVR,,78,1265,45,180.00,73.80,40.53,2824,208404
508,508,*NOUSE*,*NOUSE*,0,0,0,0,0,0,0,0
509,509,*NOUSE*,*NOUSE*,0,0,0,0,0,0,0,0
510,510,G1AR,,79,1240,59,142.00,53.12,27.43,3930,208764
511,511,AVBR,,83,1277,61,165.00,63.61,32.74,3898,247969
512,512,M,,77,551,72,66.00,20.92, 9.70,6387,133626
513,513,PM7VR,,80,1201,77,147.00,45.28,28.45,4596,208123
514,514,OLQVR,,79,1411,79,157.00,59.36,33.58,3092,183544
515,515,E2VR,,79,1642,81,107.00,31.60,20.39,4433,140073
516,516,*NOUSE*,*NOUSE*,0,0,0,0,0,0,0,0
517,517,*NOUSE*,*NOUSE*,0,0,0,0,0,0,0,0
518,518,*NOUSE*,*NOUSE*,0,0,0,0,0,0,0,0
519,519,CEPSHDR,,81,1394,47,151.00,46.15,30.36,4102,189316
520,520,AWAR,,80,1316,54,156.00,59.29,33.63,3237,191911
521,521,MC3DR,,81,1203,56,148.00,41.66,28.04,4388,182819
522,522,AVER,,80,1346,72,187.00,73.32,37.24,2777,203607
523,523,AIBR,,80,1324,72,178.00,65.53,33.91,3160,207084
524,524,*NOUSE*,*NOUSE*,0,0,0,0,0,0,0,0
525,525,EXC GL R,,82,1172,87,157.00,52.25,34.31,5456,285072
526,526,INVR1,,81,1096,85,86.00,29.87,14.08,5801,173254
527,527,RIS,,80,1247,98,151.00,55.63,32.46,4384,243869
528,528,*NOUSE*,*NOUSE*,0,0,0,0,0,0,0,0
529,529,*NOUSE*,*NOUSE*,0,0,0,0,0,0,0,0
530,530,*NOUSE*,*NOUSE*,0,0,0,0,0,0,0,0
531,531,*NOUSE*,*NOUSE*,0,0,0,0,0,0,0,0
532,532,*NOUSE*,*NOUSE*,0,0,0,0,0,0,0,0
533,533,*NOUSE*,*NOUSE*,0,0,0,0,0,0,0,0
534,534,*NOUSE*,*NOUSE*,0,0,0,0,0,0,0,0
535,535,ARCPDR,,81,1523,52,145.00,43.91,27.96,4217,185177
536,536,SMDVR,,83,1346,50,173.00,66.38,37.70,3139,208366
537,537,*NOUSE*,*NOUSE*,0,0,0,0,0,0,0,0
538,538,*NOUSE*,*NOUSE*,0,0,0,0,0,0,0,0
539,539,RIBR,,82,1295,73,166.00,62.53,33.27,3547,221805
540,540,CEPSHVR,,82,1396,86,156.00,54.14,32.58,3608,195355
541,541,*NOUSE*,*NOUSE*,0,0,0,0,0,0,0,0
542,542,AVKR,,82,1230,95,154.00,47.13,31.15,5078,239345
543,543,*NOUSE*,*NOUSE*,0,0,0,0,0,0,0,0
544,544,DR10,,82,1079,35,132.00,39.70,27.15,4949,196498
545,545,*NOUSE*,*NOUSE*,0,0,0,0,0,0,0,0
546,546,*NOUSE*,*NOUSE*,0,0,0,0,0,0,0,0
547,547,*NOUSE*,*NOUSE*,0,0,0,0,0,0,0,0
548,548,RMER,,82,1396,64,167.00,48.86,32.41,3742,182819
549,549,*NOUSE*,*NOUSE*,0,0,0,0,0,0,0,0
550,550,RIMR,,82,1277,77,150.00,61.01,30.11,4122,251469
551,551,*NOUSE*,*NOUSE*,0,0,0,0,0,0,0,0
552,552,HSNR,,83,668,90,163.00,44.20,35.21,4545,200911
553,553,RMDDR,,81,1348,94,192.00,69.09,37.35,2996,206999
554,554,OLQSOVR,,83,1522,88,136.00,45.44,27.50,3806,172941
555,555,*NOUSE*,*NOUSE*,0,0,0,0,0,0,0,0
556,556,*NOUSE*,*NOUSE*,0,0,0,0,0,0,0,0
557,557,*NOUSE*,*NOUSE*,0,0,0,0,0,0,0,0
558,558,HYP1R,,84,1504,52,134.00,47.15,25.97,4058,191331
559,559,ALMR,,85,803,49,147.00,42.31,32.00,5118,216542
560,560,*NOUSE*,*NOUSE*,0,0,0,0,0,0,0,0
561,561,QR,,87,615,65,128.00,39.97,27.48,10555,421838
562,562,*NOUSE*,*NOUSE*,0,0,0,0,0,0,0,0
563,563,bagr,,86,1415,69,143.00,47.44,27.13,4030,191195
564,564,uryvr,,85,1428,79,161.00,56.93,33.70,3559,202599
565,565,*NOUSE*,*NOUSE*,0,0,0,0,0,0,0,0
566,566,*NOUSE*,*NOUSE*,0,0,0,0,0,0,0,0
567,567,AMSOR,,85,1538,56,113.00,39.59,22.01,4734,187396
568,568,CANR,,85,744,70,147.00,40.85,29.18,4643,189662
569,569,*NOUSE*,*NOUSE*,0,0,0,0,0,0,0,0
570,570,ILSHR,,86,1507,88,141.00,46.29,27.25,3639,168445
571,571,SIADR,,82,1316,92,167.00,73.38,34.55,3232,237150
572,572,V5R,,86,493,92,106.00,35.30,20.90,9450,333553
573,573,CCRA,,85,993,93,201.00,46.04,37.50,5099,234763
574,574,*NOUSE*,*NOUSE*,0,0,0,0,0,0,0,0
575,575,P9/10R,,86,456,94,123.00,34.14,22.68,5440,185734
576,576,*NOUSE*,*NOUSE*,0,0,0,0,0,0,0,0
577,577,*NOUSE*,*NOUSE*,0,0,0,0,0,0,0,0
578,578,AVHR,,86,1273,47,198.00,67.83,41.33,3379,229205
579,579,*NOUSE*,*NOUSE*,0,0,0,0,0,0,0,0
580,580,*NOUSE*,*NOUSE*,0,0,0,0,0,0,0,0
581,581,*NOUSE*,*NOUSE*,0,0,0,0,0,0,0,0
582,582,*NOUSE*,*NOUSE*,0,0,0,0,0,0,0,0
583,583,*NOUSE*,*NOUSE*,0,0,0,0,0,0,0,0
584,584,AWBR,,90,1308,51,172.00,58.87,37.15,3710,218402
585,585,*NOUSE*,*NOUSE*,0,0,0,0,0,0,0,0
586,586,*NOUSE*,*NOUSE*,0,0,0,0,0,0,0,0
587,587,*NOUSE*,*NOUSE*,0,0,0,0,0,0,0,0
588,588,V4R,,88,629,89,81.00,28.76,14.73,7241,208255
589,589,P7/8R,,86,577,94,98.00,32.47,18.83,4619,149999
590,590,*NOUSE*,*NOUSE*,0,0,0,0,0,0,0,0
591,591,OLLSOR,,88,1425,50,184.00,56.12,35.56,3900,218874
592,592,*NOUSE*,*NOUSE*,0,0,0,0,0,0,0,0
593,593,AVAR,,89,1356,66,151.00,52.16,30.10,4168,217385
594,594,OLQSHVR,,89,1457,77,167.00,52.10,32.48,4079,212505
595,595,*NOUSE*,*NOUSE*,0,0,0,0,0,0,0,0
596,596,P3/4R,,89,835,90,114.00,37.03,24.35,5430,201049
597,597,*NOUSE*,*NOUSE*,0,0,0,0,0,0,0,0
598,598,*NOUSE*,*NOUSE*,0,0,0,0,0,0,0,0
599,599,*NOUSE*,*NOUSE*,0,0,0,0,0,0,0,0
600,600,AVJR,,90,1262,57,162.00,59.52,35.28,4004,238318
601,601,il2r,,91,1446,61,126.00,43.03,25.74,4792,206202
602,602,RMDVR,,91,1372,61,155.00,44.31,29.83,5000,221554
603,603,ARCPVR,,89,1553,74,133.00,41.18,24.99,4837,199170
604,604,BDUR,,89,1036,74,168.00,48.70,37.93,4381,213365
605,605,*NOUSE*,*NOUSE*,0,0,0,0,0,0,0,0
606,606,*NOUSE*,*NOUSE*,0,0,0,0,0,0,0,0
607,607,ADFR,,90,1328,55,146.00,55.08,30.15,3820,210408
608,608,*NOUSE*,*NOUSE*,0,0,0,0,0,0,0,0
609,609,*NOUSE*,*NOUSE*,0,0,0,0,0,0,0,0
610,610,*NOUSE*,*NOUSE*,0,0,0,0,0,0,0,0
611,611,hYP7RC4,,89,571,67,67.00,22.47,10.68,7060,158642
612,612,*NOUSE*,*NOUSE*,0,0,0,0,0,0,0,0
613,613,ASHR,,92,1311,69,126.00,47.46,24.86,4891,232148
614,614,RMGR,,90,1184,82,152.00,45.38,33.18,5895,267512
615,615,*NOUSE*,*NOUSE*,0,0,0,0,0,0,0,0
616,616,ADAR,,93,1207,83,158.00,43.05,31.90,5543,238619
617,617,*NOUSE*,*NOUSE*,0,0,0,0,0,0,0,0
618,618,*NOUSE*,*NOUSE*,0,0,0,0,0,0,0,0
619,619,*NOUSE*,*NOUSE*,0,0,0,0,0,0,0,0
620,620,AMSHR,,90,1240,48,92.00,37.30,16.36,5050,188367
621,621,*NOUSE*,*NOUSE*,0,0,0,0,0,0,0,0
622,622,AINR,,93,1246,65,157.00,48.05,30.62,5036,241973
623,623,OLLSHR,,92,1464,67,156.00,45.24,30.45,4616,208818
624,624,*NOUSE*,*NOUSE*,0,0,0,0,0,0,0,0
625,625,AFDR,,91,1339,67,154.00,49.67,30.24,4849,240865
626,626,ILSOR,,88,1529,75,128.00,44.72,26.20,4198,187729
627,627,AWCR,,92,1324,81,141.00,50.93,28.41,5000,254637
628,628,FLPR,,93,1241,81,155.00,49.74,30.86,5007,249026
629,629,*NOUSE*,*NOUSE*,0,0,0,0,0,0,0,0
630,630,RMDR,,89,1355,82,174.00,56.23,35.24,4040,227186
631,631,*NOUSE*,*NOUSE*,0,0,0,0,0,0,0,0
632,632,*NOUSE*,*NOUSE*,0,0,0,0,0,0,0,0
633,633,*NOUSE*,*NOUSE*,0,0,0,0,0,0,0,0
634,634,*NOUSE*,*NOUSE*,0,0,0,0,0,0,0,0
635,635,*NOUSE*,*NOUSE*,0,0,0,0,0,0,0,0
636,636,AUAR,,93,1302,84,153.00,52.47,32.85,5081,266590
637,637,ASJR,,93,1283,83,122.00,46.92,24.59,5590,262269
638,638,*NOUSE*,*NOUSE*,0,0,0,0,0,0,0,0
639,639,ASER,,93,1289,59,108.00,43.82,20.91,4597,201430
640,640,*NOUSE*,*NOUSE*,0,0,0,0,0,0,0,0
641,641,H2R,,95,1171,69,78.00,28.72,13.42,6533,187633
642,642,*NOUSE*,*NOUSE*,0,0,0,0,0,0,0,0
643,643,SIBDR,,91,1340,85,179.00,58.32,38.15,4360,254291
644,644,*NOUSE*,*NOUSE*,0,0,0,0,0,0,0,0
645,645,AVDR,,96,1266,69,157.00,49.39,33.68,5360,264723
646,646,*NOUSE*,*NOUSE*,0,0,0,0,0,0,0,0
647,647,*NOUSE*,*NOUSE*,0,0,0,0,0,0,0,0
648,648,*NOUSE*,*NOUSE*,0,0,0,0,0,0,0,0
649,649,*NOUSE*,*NOUSE*,0,0,0,0,0,0,0,0
650,650,*NOUSE*,*NOUSE*,0,0,0,0,0,0,0,0
651,651,*NOUSE*,*NOUSE*,0,0,0,0,0,0,0,0
652,652,*NOUSE*,*NOUSE*,0,0,0,0,0,0,0,0
653,653,*NOUSE*,*NOUSE*,0,0,0,0,0,0,0,0
654,654,*NOUSE*,*NOUSE*,0,0,0,0,0,0,0,0
655,655,ADER,,93,1227,78,144.00,46.89,28.99,4550,213351
656,656,*NOUSE*,*NOUSE*,0,0,0,0,0,0,0,0
657,657,*NOUSE*,*NOUSE*,0,0,0,0,0,0,0,0
658,658,*NOUSE*,*NOUSE*,0,0,0,0,0,0,0,0
659,659,*NOUSE*,*NOUSE*,0,0,0,0,0,0,0,0
660,660,*NOUSE*,*NOUSE*,0,0,0,0,0,0,0,0
661,661,*NOUSE*,*NOUSE*,0,0,0,0,0,0,0,0
662,662,*NOUSE*,*NOUSE*,0,0,0,0,0,0,0,0
663,663,*NOUSE*,*NOUSE*,0,0,0,0,0,0,0,0
664,664,VPI3V,*MANUAL*$498$280,72,1163,72,190.00,52.28,37.67,4427,231465
665,665,VPI2DR,*MANUAL*,82,1172,55,165.00,84.51,30.97,1365,115351
666,666,PM5VL,*MANUAL*,61,1254,81,192.00,136.05,19.35,465,63265
667,667,PM5VR,*MANUAL*,69,1254,80,189.00,121.44,22.82,485,58899
668,668,PM5DL,*MANUAL*,58,1261,51,199.00,121.90,29.32,865,105443
669,669,PM5DR,*MANUAL*,68,1261,50,175.00,103.19,23.54,889,91733
670,670,MI,*MANUAL*,63,1479,51,183.00,133.92,15.49,485,64951
671,671,I2L,*MANUAL*,50,1489,86,223.00,151.72,25.78,470,71308
672,672,MCL,*MANUAL*,57,1486,82,226.00,117.39,40.21,895,105067
673,673,I2R,*MANUAL*,80,1495,81,169.00,120.65,21.20,881,106293
674,674,MCR,*MANUAL*,72,1490,78,203.00,110.29,34.19,895,98706
675,675,MC1DL,*MANUAL*,52,1497,62,176.00,84.02,19.51,895,75197
676,676,MC1DR,*MANUAL*,75,1497,60,162.00,83.75,18.42,860,72028
677,677,MC1V,*MANUAL*,66,1497,91,151.00,79.68,18.73,778,61988
678,678,PM1DL,*MANUAL*,63,1497,53,179.00,139.91,20.74,467,65336
679,679,PM1DR,*MANUAL*,70,1501,54,173.00,123.24,21.57,485,59771
680,680,PM1L,*MANUAL*,53,1501,74,192.00,104.25,40.47,895,93301
681,681,PM1R,*MANUAL*,76,1504,71,162.00,88.95,33.41,895,79607
682,682,PM1VL,*MANUAL*,60,1503,87,178.00,123.28,22.84,485,59793
683,683,PM1VR,*MANUAL*,73,1501,88,165.00,81.67,34.03,895,73095
684,684,PM2VR1,*MANUAL*,79,1615,81,150.00,66.65,30.01,895,59651
685,685,PM2VR2,*MANUAL*,79,1601,79,143.00,67.40,30.31,1365,92002
686,686,E1VR,*MANUAL*,80,1576,78,163.00,75.83,25.20,1164,88265
687,687,PM3R,*MANUAL*$434$436,76,1540,69,108.00,40.05,22.15,4701,188268
688,688,e1vl,*MANUAL*,55,1583,80,156.00,91.42,26.46,839,76704
689,689,E3VL,*MANUAL*,53,1551,82,150.00,75.81,29.78,890,67474
690,690,PM3L,*MANUAL*$194$195,54,1545,72,121.00,43.41,25.26,4543,197230
691,691,PM3VL,*MANUAL*,60,1576,82,113.00,47.71,16.99,895,42702
692,692,PM3VR,*MANUAL*,73,1576,81,111.00,50.69,18.56,895,45371
693,693,E1D,*MANUAL*,65,1570,51,142.00,89.55,17.81,870,77909
694,694,E3D,*MANUAL*,64,1535,51,131.00,63.72,20.53,895,57026
695,695,PM3DR,*MANUAL*,69,1553,54,91.00,44.91,14.06,895,40194
696,696,PM3DL,*MANUAL*,59,1576,56,113.00,55.70,18.39,895,49851
697,697,EXC,*MANUAL*,61,1274,89,82.00,44.63,14.09,1365,60926
698,698,AIMR,*MANUAL*,71,1260,91,189.00,121.51,27.72,1231,149583
699,699,AIYR,*MANUAL*,81,1260,90,184.00,114.58,21.10,1365,156396
700,700,G2,*MANUAL*$378$318,64,1295,100,169.00,65.54,36.14,3984,261125
701,701,SABVL,*MANUAL*,57,1213,106,248.00,137.79,50.32,1240,170863
702,702,SABVR,*MANUAL*,66,1215,106,251.00,134.82,55.93,1365,184023
703,703,RIFL,*MANUAL*,56,1196,104,214.00,137.29,38.91,1365,187401
704,704,RIFR,*MANUAL*,71,1201,104,215.00,117.94,37.17,1363,160757
705,705,AVG,*MANUAL*,64,1185,106,208.00,128.39,33.63,1339,171918
706,706,SABD,*MANUAL*,73,1180,101,214.00,111.70,36.93,1365,152470
707,707,DD1,*MANUAL*,67,1162,98,212.00,109.42,36.69,1365,149352
708,708,DB1,*MANUAL*,63,1150,106,187.00,116.78,29.41,1365,159408
709,709,ADESHR,*MANUAL*,87,1155,43,182.00,86.59,38.36,1365,118192
710,710,RICR,*MANUAL*,93,1259,83,157.00,97.30,18.46,1337,130086
711,711,ASGR,*MANUAL*,82,1300,55,154.00,90.78,23.02,1365,123912
712,712,ASKL,*MANUAL*$215$189,56,1320,40,151.00,53.74,32.15,3818,205162
713,713,RICL,*MANUAL*,37,1253,77,223.00,124.37,42.09,1333,165783
714,714,AWCL,*MANUAL*,39,1319,76,193.00,100.15,27.98,1279,128089
715,715,AFDL,*MANUAL*,41,1328,59,195.00,100.56,33.26,1359,136657
716,716,SMDVL,*MANUAL*,46,1339,48,213.00,122.17,27.14,833,101764
717,717,RIAL,*MANUAL*,51,1333,54,231.00,106.50,37.80,1365,145375
718,718,AWBL,*MANUAL*,42,1302,49,200.00,126.69,28.22,861,109083
719,719,AWAL,*MANUAL*,49,1299,57,190.00,112.35,29.19,1365,153358
720,720,AIBL,*MANUAL*,49,1318,72,200.00,118.42,33.79,1365,161645
721,721,AIZL,*MANUAL*,41,1255,67,211.00,139.82,26.33,895,125141
722,722,AIZR,*MANUAL*,87,1256,74,166.00,112.53,18.54,895,100713
723,723,SAAVR,*MANUAL*,77,1356,54,211.00,116.20,25.81,880,102257
724,724,GLRDR,*MANUAL*,69,1359,46,221.00,114.18,37.43,1365,155852
725,725,GLRVR,*MANUAL*,70,1360,85,229.00,119.68,39.63,880,105321
726,726,GLRR,*MANUAL*,74,1354,77,209.00,132.12,32.77,895,118246
727,727,GLRVL,*MANUAL*,58,1356,84,242.00,143.47,48.00,885,126973
728,728,GLRL,*MANUAL*,52,1354,75,233.00,138.17,41.34,895,123666
729,729,SAADR,*MANUAL*,72,1342,89,213.00,148.06,22.42,485,71807
730,730,SAADL,*MANUAL*,56,1339,86,229.00,162.83,22.33,463,75391
731,731,RIH,*MANUAL*,63,1337,89,215.00,137.55,24.33,485,66714
732,732,SIBVR,*MANUAL*,79,1335,85,211.00,125.82,26.38,895,112610
733,733,SIBVL,*MANUAL*,48,1327,83,220.00,144.49,32.28,895,129317
734,734,SMBDL,*MANUAL*,50,1310,100,208.00,110.37,31.86,1317,145360
735,735,SMBVL,*MANUAL*,57,1314,93,243.00,146.70,24.83,895,131293
736,736,AIAL,*MANUAL*,58,1303,87,225.00,151.72,21.59,485,73586
737,737,AIAR,*MANUAL*,69,1301,87,196.00,133.98,22.03,485,64982
738,738,SIADL,*MANUAL*,47,1308,86,230.00,128.17,32.79,1365,174948
739,739,olqvl,*MANUAL*,48,1411,83,212.00,125.49,25.91,891,111810
740,740,rmel,*MANUAL*,46,1394,64,204.00,116.78,32.97,778,90855
741,741,olll,*MANUAL*,49,1430,62,187.00,114.20,24.07,895,102213
742,742,urYdl,*MANUAL*,49,1415,46,238.00,114.53,43.58,1362,155986
743,743,uradl,*MANUAL*,50,1429,47,210.00,121.77,39.26,1365,166221
744,744,urbr,*MANUAL*,88,1428,63,162.00,89.90,28.63,1359,122168
745,745,il1r,*MANUAL*,83,1442,70,155.00,90.87,24.22,895,81325
746,746,OLLR,*MANUAL*,77,1429,58,167.00,103.93,17.43,895,93015
747,747,URYDR,*MANUAL*,75,1418,46,192.00,112.81,31.56,1337,150833
748,748,URADR,*MANUAL*,72,1438,45,186.00,99.16,28.90,1291,128014
749,749,IL1DL,*MANUAL*,58,1420,47,209.00,143.71,18.07,473,67973
750,750,IL1DR,*MANUAL*,66,1422,46,199.00,137.43,18.23,485,66654
751,751,IL2DL,*MANUAL*,50,1447,46,188.00,104.04,31.17,1309,136183
752,752,CEPVR,*MANUAL*,70,1393,94,206.00,112.52,22.70,1365,153595
753,753,URAVL,*MANUAL*,55,1412,92,210.00,133.04,28.28,895,119070
754,754,URAVR,*MANUAL*,74,1412,90,186.00,112.32,32.53,1205,135350
755,755,IL1VR,*MANUAL*,67,1407,90,198.00,138.90,22.93,895,124317
756,756,IL1VL,*MANUAL*,63,1424,93,196.00,117.68,29.93,885,104150
757,757,IL2VL,*MANUAL*,52,1428,94,187.00,110.17,27.52,1365,150382
758,758,IL2VR,*MANUAL*,75,1430,93,175.00,95.89,27.90,895,85824
759,759,CEPSOVR,*MANUAL*,78,1442,92,155.00,85.68,26.87,797,68290
760,760,XXXR,*MANUAL*,87,1442,82,154.00,92.63,26.26,895,82901
761,761,ARCADR,*MANUAL*$609$640,90,1553,63,114.00,36.79,20.32,4701,172969
762,762,ILSHDR,*MANUAL*,82,1485,49,160.00,77.50,27.52,1365,105789
763,763,OLQSHDR,*MANUAL*,89,1469,53,177.00,89.14,35.07,1344,119805
764,764,CEPSODR,*MANUAL*,82,1460,52,174.00,101.33,31.45,895,90687
765,765,OLQSOVL,*MANUAL*,49,1514,94,183.00,87.08,38.20,1329,115729
766,766,ILSOL,*MANUAL*,45,1523,88,160.00,81.72,36.07,1365,111546
767,767,ARCPVL,*MANUAL*,44,1544,83,164.00,76.10,36.47,1365,103875
768,768,OLLSOL,*MANUAL*,43,1441,57,217.00,110.32,43.09,895,98733
769,769,HYP6D1,*MANUAL*$310$273,61,1547,39,126.00,47.66,21.98,3825,182313
770,770,HYP6D3,*MANUAL*,62,1469,36,125.00,72.98,21.08,1365,99616
771,771,HYP6D4,*MANUAL*,61,1456,36,129.00,73.05,18.13,1365,99714
772,772,HYP7D1,*MANUAL*$258$270,60,1413,30,122.00,37.81,17.84,3793,143426
773,773,HYP7D2,*MANUAL*$325$324,63,1308,27,111.00,36.26,18.88,4279,155140
774,774,HYP4V2,*MANUAL*$409$388,69,1649,96,103.00,35.79,22.84,4100,146719
775,775,ARCAV,*MANUAL*,65,1622,96,129.00,60.21,27.95,1365,82182
776,776,ARCPV,*MANUAL*,63,1597,97,164.00,75.88,34.00,1365,103578
777,777,ILSHVL,*MANUAL*,57,1552,97,167.00,87.30,33.02,1176,102666
778,778,HYP2V,*MANUAL*,72,1608,97,141.00,65.58,28.88,1365,89513
779,779,HYP1V,*MANUAL*,71,1586,97,146.00,76.45,32.01,1365,104353
780,780,ILSOVR,*MANUAL*,73,1563,96,178.00,84.01,33.93,1342,112743
781,781,ILSHVR,*MANUAL*,72,1543,97,181.00,88.58,30.93,1191,105498
782,782,HYP6V1,*MANUAL*,63,1559,101,152.00,64.03,28.13,1365,87399
783,783,DD2,*MANUAL*,67,979,103,207.00,104.37,42.30,1365,142466
784,784,H0R,*MANUAL*$650$651,92,1503,70,94.00,35.36,16.77,5369,189854
785,785,H1R,*MANUAL*$654$656$649,94,1380,74,88.00,28.64,11.19,5296,151676
786,786,HYP7ABRD,*MANUAL*,95,1163,51,86.00,35.30,14.22,1365,48191
787,787,HYP7ABRV,*MANUAL*$659$653,96,1099,74,83.00,27.51,14.04,7295,200657
788,788,HYP7ABR3,*MANUAL*$648$658,95,1076,62,86.00,27.50,13.81,6797,186951
789,789,V1R,*MANUAL*$652$646,93,1009,73,101.00,29.64,16.06,6629,196479
790,790,hYP7RC1,*MANUAL*$632$621,91,960,56,82.00,25.38,12.79,7125,180832
791,791,P1/2R,*MANUAL*$617$595,90,948,87,118.00,37.06,24.46,6020,223123
792,792,*NOUSE*,*NOUSE*,0,0,0,0,0,0,0,0
793,793,V2R,*MANUAL*$662$792,90,892,83,89.00,28.77,14.88,6550,188418
794,794,hYP7RC2,*MANUAL*$638$633,91,837,62,82.00,24.55,12.14,7345,180298
795,795,V3R,*MANUAL*$660$587,88,763,84,99.00,31.38,16.84,7727,242507
796,796,hYP7RC3,*MANUAL*$634$608,89,720,65,76.00,25.55,12.50,6486,165695
797,797,P5/6R,*MANUAL*$618$619,87,708,94,120.00,37.40,22.09,5340,199729
798,798,hYP7RC5,*MANUAL*$585$592,86,462,70,87.00,25.51,13.89,6753,172239
799,799,V6R,*MANUAL*$605$580,87,400,76,83.00,27.21,13.86,6623,180237
800,800,P11/12R,*MANUAL*,82,317,79,173.00,67.86,26.98,2003,135919
801,801,hYP7RC6,*MANUAL*,82,292,54,103.00,33.94,14.90,2089,70894
802,802,H1L,*MANUAL*,37,1388,68,186.00,58.06,31.14,2969,172384
803,803,H2L,*MANUAL*$5$6,36,1167,65,115.00,36.14,21.03,6494,234663
804,804,V2L,*MANUAL*$47$92$48,42,888,78,122.00,34.05,20.64,6340,215848
805,805,V4L,*MANUAL*$126$111,49,621,86,94.00,32.32,18.52,5984,193431
806,806,V6L,*MANUAL*$148$137,50,388,76,99.00,30.39,16.62,6073,184539
807,807,P1/2L,*MANUAL*,42,945,88,159.00,72.19,29.71,2103,151814
808,808,P5/6L,*MANUAL*,42,705,89,137.00,55.61,22.30,2103,116956
809,809,P7/8L,*MANUAL*$102$103,47,567,95,116.00,34.28,21.04,3790,129923
810,810,HYP7LC2,*MANUAL*$96$66$65,45,842,55,101.00,31.29,18.41,6633,207546
811,811,HYP7LC5,*MANUAL*$124$122,49,455,68,123.00,31.02,17.57,5905,183172
812,812,HYP7LC6,*MANUAL*$120$118,47,298,60,114.00,33.73,19.50,6451,217609
813,813,INDR1,*MANUAL*$579$477,80,1095,44,102.00,30.67,15.76,6538,200552
814,814,IND3,*MANUAL*$341$340$327,65,959,43,96.00,24.12,11.72,7719,186199
815,815,IND7,*MANUAL*$332$385,65,511,69,66.00,23.81,10.30,6116,145617
816,816,*NOUSE*,*NOUSE*,0,0,0,0,0,0,0,0
817,817,IND9,*MANUAL*$277$816,63,349,52,118.00,36.96,20.24,5271,194831
818,818,INV9,*MANUAL*$400$396,69,357,80,118.00,40.07,20.81,4024,161231
819,819,DL3,*MANUAL*$133$113,49,1488,43,140.00,45.75,25.99,4210,192595
820,820,DL4,*MANUAL*,42,1440,46,141.00,70.48,29.14,1365,96205
821,821,DL8,*MANUAL*$94$88,46,1194,35,138.00,43.63,29.48,4710,205499
822,822,DL9,*MANUAL*$184$172,54,1151,32,191.00,43.19,31.81,4709,203366
823,823,DL10,*MANUAL*$187$188,54,1057,38,166.00,45.94,34.33,4463,205031
824,824,DL15,*MANUAL*$203$190,55,733,41,144.00,44.82,32.45,5098,228467
825,825,DL17,*MANUAL*$204$191,55,576,46,146.00,42.41,29.96,5737,243331
826,826,DL18,*MANUAL*$221$206,55,501,58,138.00,41.75,28.67,4475,186828
827,827,DL19,*MANUAL*$234$230,58,443,50,159.00,43.62,31.37,5041,219897
828,828,VL1,*MANUAL*$110$127,47,1575,87,122.00,43.87,23.08,3278,143813
829,829,VL2,*MANUAL*,51,1545,98,163.00,72.42,26.65,895,64817
830,830,VL4,*MANUAL*$84$85,44,1445,96,141.00,52.09,29.63,3237,168613
831,831,VL7,*MANUAL*$171$155,51,1264,103,152.00,54.97,29.95,4095,225101
832,832,VL10,*MANUAL*$179$180,53,1061,99,187.00,45.47,34.57,5913,268840
833,833,VL12,*MANUAL*$141$130,50,897,97,192.00,46.65,36.96,5082,237061
834,834,VL13,*MANUAL*$182$200,54,848,101,176.00,44.11,34.04,4775,210633
835,835,HYP5R,*MANUAL*$610$612,89,1604,68,81.00,29.21,14.53,5125,149712
836,836,DR1,*MANUAL*$566$560,82,1576,52,105.00,36.08,18.77,5272,190188
837,837,DR2,*MANUAL*$531$508,77,1546,44,118.00,44.27,21.33,4319,191203
838,838,DR3,*MANUAL*$476$463,75,1490,39,137.00,48.04,23.16,3912,187934
839,839,DR4,*MANUAL*,81,1438,44,152.00,67.09,27.47,895,60048
840,840,DR5,*MANUAL*$443$493,74,1395,34,157.00,46.17,28.11,3273,151112
841,841,DR6,*MANUAL*$534$532,81,1367,39,130.00,40.36,23.06,4528,182761
842,842,DR7,*MANUAL*,75,1259,32,138.00,74.30,26.72,1365,101425
843,843,HMC,*MANUAL*,65,1248,32,157.00,79.89,27.39,895,71503
844,844,DR8,*MANUAL*$474$494,77,1197,30,126.00,38.59,25.50,4528,174740
845,845,DR11,*MANUAL*$391$475,76,1035,33,190.00,45.75,34.59,4722,216030
846,846,DR16,*MANUAL*$495$478,77,686,43,143.00,37.27,24.40,5386,200748
847,847,DR19,*MANUAL*$452$451,75,470,54,148.00,39.49,26.17,5028,198555
848,848,DR20,*MANUAL*$509$448,76,399,45,130.00,40.34,26.84,7000,282357
849,849,DR21,*MANUAL*$380$393,70,274,43,162.00,54.24,32.72,4538,246158
850,850,VR1,*MANUAL*$615$597,85,1568,87,90.00,36.89,17.47,2332,86021
851,851,VR2,*MANUAL*,81,1540,97,145.00,59.57,25.88,1365,81317
852,852,VR3,*MANUAL*$516$488,77,1503,101,121.00,43.54,22.61,4266,185734
853,853,VR4,*MANUAL*,84,1448,93,127.00,62.04,19.99,895,55524
854,854,VR5,*MANUAL*,78,1386,103,119.00,60.23,20.63,895,53903
855,855,VR8,*MANUAL*,82,1202,98,170.00,77.46,26.67,1365,105736
856,856,VR9,*MANUAL*$555$528,80,1151,99,149.00,45.76,31.86,6022,275579
857,857,VR10,*MANUAL*$583$541,84,1089,98,153.00,38.18,25.24,7988,304967
858,858,VR11,*MANUAL*$530$517,79,1025,101,169.00,46.77,33.13,5955,278542
859,859,VR12,*MANUAL*$543$529,81,929,98,164.00,42.67,32.12,5796,247343
860,860,VR18,*MANUAL*$460$490,76,477,102,135.00,36.86,23.97,4799,176912
861,861,VR19,*MANUAL*$485$486,75,394,88,142.00,41.39,27.53,4653,192580
862,862,DD6,*MANUAL*,62,315,82,232.00,130.09,44.33,1235,160666
863,863,U,*MANUAL*,62,293,77,188.00,104.95,33.57,1209,126888
864,864,YPDA,*MANUAL*$363$334,64,276,85,169.00,53.58,33.29,3646,195343
865,865,IMR,*MANUAL*$549$524,80,352,84,148.00,42.54,27.80,6322,268959
866,866,PVPR,*MANUAL*,72,316,83,213.00,132.31,33.56,1365,180598
867,867,DA9,*MANUAL*,72,295,81,189.00,99.53,35.78,2097,208722
868,868,REPVR,*MANUAL*,77,298,68,166.00,81.24,30.29,2103,170843
869,869,PVCR,*MANUAL*,75,237,64,189.00,114.68,28.72,1365,156544
870,870,K',*MANUAL*,71,280,55,191.00,110.98,26.42,1365,151486
871,871,TL,*MANUAL*$279$312$247,60,174,67,135.00,41.66,25.99,6116,254764
872,872,HYP72,*MANUAL*$397$372,69,153,80,229.00,51.99,41.16,5045,262268
873,873,HYP8,*MANUAL*,70,115,78,181.00,99.08,31.40,1917,189931
874,874,HYP11,*MANUAL*,63,115,70,190.00,116.84,31.75,1365,159490
875,875,IND8,*MANUAL*$351$350,67,416,56,101.00,30.05,13.86,7353,220972
876,876,VL8,*MANUAL*$87$74,44,1208,98,183.00,52.87,36.77,4794,253435
877,877,VR7,*MANUAL*$504$503,78,1272,103,145.00,51.48,28.12,4757,244874
878,878,f1,*MANUAL*,65,1425,74,84.00,16.08,10.02,895,14388
879,879,f2,*MANUAL*,65,1403,61,48.00,11.25, 6.51,895,10071
880,880,f3,*MANUAL*,65,1319,57,33.00,10.80, 5.40,895,9667
881,881,f4,*MANUAL*,65,1300,52,38.00,14.17, 5.06,895,12683
882,882,f5,*MANUAL*,65,1265,60,91.00,29.46,12.96,895,26370
883,883,f6,*MANUAL*,65,1233,60,31.00,10.49, 4.44,895,9387
884,884,f7,*MANUAL*,65,1215,94,44.00, 9.88, 7.29,895,8846
885,885,f8,*MANUAL*,65,1162,86,157.00,20.88,29.48,895,18689
886,886,f9,*MANUAL*,65,1126,88,13.00, 1.65, 1.88,895,1473
887,887,f10,*MANUAL*,65,1096,93,52.00, 7.06, 6.84,895,6320
