0,0,*NOUSE*,*NOUSE*,0,0,0,0,0,0,0,0
1,1,*NOUSE*,*NOUSE*,0,0,0,0,0,0,0,0
2,2,*NOUSE*,*NOUSE*,0,0,0,0,0,0,0,0
3,3,INDL1,,50,1100,59,78.00,21.18,14.33,9969,211151.00
4,4,*NOUSE*,*NOUSE*,0,0,0,0,0,0,0,0
5,5,*NOUSE*,*NOUSE*,0,0,0,0,0,0,0,0
6,6,HYP5L,,45,1602,76,113.00,46.66,18.89,3108,145034.00
7,7,*NOUSE*,*NOUSE*,0,0,0,0,0,0,0,0
8,8,*NOUSE*,*NOUSE*,0,0,0,0,0,0,0,0
9,9,*NOUSE*,*NOUSE*,0,0,0,0,0,0,0,0
10,10,*NOUSE*,*NOUSE*,0,0,0,0,0,0,0,0
11,11,*NOUSE*,*NOUSE*,0,0,0,0,0,0,0,0
12,12,*NOUSE*,*NOUSE*,0,0,0,0,0,0,0,0
13,13,*NOUSE*,*NOUSE*,0,0,0,0,0,0,0,0
14,14,*NOUSE*,*NOUSE*,0,0,0,0,0,0,0,0
15,15,*NOUSE*,*NOUSE*,0,0,0,0,0,0,0,0
16,16,*NOUSE*,*NOUSE*,0,0,0,0,0,0,0,0
17,17,*NOUSE*,*NOUSE*,0,0,0,0,0,0,0,0
18,18,*NOUSE*,*NOUSE*,0,0,0,0,0,0,0,0
19,19,*NOUSE*,*NOUSE*,0,0,0,0,0,0,0,0
20,20,*NOUSE*,*NOUSE*,0,0,0,0,0,0,0,0
21,21,*NOUSE*,*NOUSE*,0,0,0,0,0,0,0,0
22,22,*NOUSE*,*NOUSE*,0,0,0,0,0,0,0,0
23,23,*NOUSE*,*NOUSE*,0,0,0,0,0,0,0,0
24,24,*NOUSE*,*NOUSE*,0,0,0,0,0,0,0,0
25,25,*NOUSE*,*NOUSE*,0,0,0,0,0,0,0,0
26,26,INV3,,68,956,95,91.00,27.16,13.12,7118,193334.00
27,27,*NOUSE*,*NOUSE*,0,0,0,0,0,0,0,0
28,28,*NOUSE*,*NOUSE*,0,0,0,0,0,0,0,0
29,29,*NOUSE*,*NOUSE*,0,0,0,0,0,0,0,0
30,30,*NOUSE*,*NOUSE*,0,0,0,0,0,0,0,0
31,31,HYP6D4,,63,1460,44,143.00,74.06,23.68,1361,100796.00
32,32,*NOUSE*,*NOUSE*,0,0,0,0,0,0,0,0
33,33,HYP6D3,,64,1487,44,152.00,87.96,24.48,1219,107218.00
34,34,*NOUSE*,*NOUSE*,0,0,0,0,0,0,0,0
35,35,*NOUSE*,*NOUSE*,0,0,0,0,0,0,0,0
36,36,*NOUSE*,*NOUSE*,0,0,0,0,0,0,0,0
37,37,*NOUSE*,*NOUSE*,0,0,0,0,0,0,0,0
38,38,*NOUSE*,*NOUSE*,0,0,0,0,0,0,0,0
39,39,*NOUSE*,*NOUSE*,0,0,0,0,0,0,0,0
40,40,*NOUSE*,*NOUSE*,0,0,0,0,0,0,0,0
41,41,*NOUSE*,*NOUSE*,0,0,0,0,0,0,0,0
42,42,*NOUSE*,*NOUSE*,0,0,0,0,0,0,0,0
43,43,*NOUSE*,*NOUSE*,0,0,0,0,0,0,0,0
44,44,*NOUSE*,*NOUSE*,0,0,0,0,0,0,0,0
45,45,*NOUSE*,*NOUSE*,0,0,0,0,0,0,0,0
46,46,*NOUSE*,*NOUSE*,0,0,0,0,0,0,0,0
47,47,*NOUSE*,*NOUSE*,0,0,0,0,0,0,0,0
48,48,*NOUSE*,*NOUSE*,0,0,0,0,0,0,0,0
49,49,*NOUSE*,*NOUSE*,0,0,0,0,0,0,0,0
50,50,*NOUSE*,*NOUSE*,0,0,0,0,0,0,0,0
51,51,*NOUSE*,*NOUSE*,0,0,0,0,0,0,0,0
52,52,*NOUSE*,*NOUSE*,0,0,0,0,0,0,0,0
53,53,*NOUSE*,*NOUSE*,0,0,0,0,0,0,0,0
54,54,*NOUSE*,*NOUSE*,0,0,0,0,0,0,0,0
55,55,*NOUSE*,*NOUSE*,0,0,0,0,0,0,0,0
56,56,*NOUSE*,*NOUSE*,0,0,0,0,0,0,0,0
57,57,*NOUSE*,*NOUSE*,0,0,0,0,0,0,0,0
58,58,*NOUSE*,*NOUSE*,0,0,0,0,0,0,0,0
59,59,*NOUSE*,*NOUSE*,0,0,0,0,0,0,0,0
60,60,HYP5R,,85,1605,65,143.00,48.24,27.39,3742,180528.00
61,61,*NOUSE*,*NOUSE*,0,0,0,0,0,0,0,0
62,62,*NOUSE*,*NOUSE*,0,0,0,0,0,0,0,0
63,63,*NOUSE*,*NOUSE*,0,0,0,0,0,0,0,0
64,64,*NOUSE*,*NOUSE*,0,0,0,0,0,0,0,0
65,65,*NOUSE*,*NOUSE*,0,0,0,0,0,0,0,0
66,66,*NOUSE*,*NOUSE*,0,0,0,0,0,0,0,0
67,67,*NOUSE*,*NOUSE*,0,0,0,0,0,0,0,0
68,68,*NOUSE*,*NOUSE*,0,0,0,0,0,0,0,0
69,69,*NOUSE*,*NOUSE*,0,0,0,0,0,0,0,0
70,70,*NOUSE*,*NOUSE*,0,0,0,0,0,0,0,0
71,71,*NOUSE*,*NOUSE*,0,0,0,0,0,0,0,0
72,72,*NOUSE*,*NOUSE*,0,0,0,0,0,0,0,0
73,73,*NOUSE*,*NOUSE*,0,0,0,0,0,0,0,0
74,74,*NOUSE*,*NOUSE*,0,0,0,0,0,0,0,0
75,75,*NOUSE*,*NOUSE*,0,0,0,0,0,0,0,0
76,76,*NOUSE*,*NOUSE*,0,0,0,0,0,0,0,0
77,77,*NOUSE*,*NOUSE*,0,0,0,0,0,0,0,0
78,78,*NOUSE*,*NOUSE*,0,0,0,0,0,0,0,0
79,79,*NOUSE*,*NOUSE*,0,0,0,0,0,0,0,0
80,80,*NOUSE*,*NOUSE*,0,0,0,0,0,0,0,0
81,81,*NOUSE*,*NOUSE*,0,0,0,0,0,0,0,0
82,82,*NOUSE*,*NOUSE*,0,0,0,0,0,0,0,0
83,83,*NOUSE*,,89,891,55,82.00,64.50,12.64,8,516.00
84,84,*NOUSE*,*NOUSE*,0,0,0,0,0,0,0,0
85,85,*NOUSE*,*NOUSE*,0,0,0,0,0,0,0,0
86,86,*NOUSE*,*NOUSE*,0,0,0,0,0,0,0,0
87,87,*NOUSE*,*NOUSE*,0,0,0,0,0,0,0,0
88,88,*NOUSE*,*NOUSE*,0,0,0,0,0,0,0,0
89,89,HYP7ABRD,,96,1145,72,117.00,45.53,20.50,4211,191735.00
90,90,DA7,*MANUAL*,66,477,95,226.00,126.36,38.67,1337,168939.00
91,91,DB7,*MANUAL*,65,501,96,182.00,99.55,35.97,1365,135887.00
92,92,DD5,*MANUAL*,66,528,98,217.00,126.02,35.72,895,112790.00
93,93,DA6,*MANUAL*,66,599,97,211.00,119.50,30.46,895,106955.00
94,94,DB6,*MANUAL*,65,619,100,202.00,119.93,34.74,895,107339.00
95,95,DD4,*MANUAL*,65,690,101,198.00,107.16,39.46,1365,146274.00
96,96,DA5,*MANUAL*,67,755,93,189.00,100.79,38.04,1365,137572.00
97,97,DB5,*MANUAL*,67,789,92,190.00,102.68,33.55,1365,140159.00
98,98,DD3,*MANUAL*,67,864,98,213.00,110.89,40.00,1365,151366.00
99,99,DA4,*MANUAL*,67,888,105,206.00,109.59,34.98,1365,149592.00
100,100,DB4,*MANUAL*,65,965,112,166.00,94.99,31.71,1365,129657.00
101,101,DA3,*MANUAL*,68,992,111,206.00,107.63,40.11,1365,146913.00
102,102,DD2,*MANUAL*,68,1049,111,221.00,123.89,30.36,869,107660.00
103,103,DA2,*MANUAL*,69,1089,112,197.00,115.80,30.26,895,103643.00
104,104,DB3,*MANUAL*,70,1109,111,166.00,94.63,30.39,1365,129166.00
105,105,INDR1,*MANUAL*,77,1098,52,85.00,35.28,15.23,2073,73127.00
106,106,INVR1,*MANUAL*,81,1095,92,99.00,39.73,15.74,2103,83545.00
107,107,INVL1,*MANUAL*,61,1109,92,80.00,39.74,13.69,2103,83579.00
108,108,IND2,*MANUAL*,72,1041,52,74.00,26.37,11.60,2103,55450.00
109,109,INV2,*MANUAL*,64,1035,96,93.00,29.59,12.81,2103,62230.00
110,110,IND3,*MANUAL*,63,981,54,58.00,17.06, 9.52,2969,50641.00
111,111,IND4,*MANUAL*,64,907,54,57.00,19.37, 9.50,2103,40742.00
112,112,INV4,*MANUAL*,66,864,81,80.00,21.44,11.12,2969,63669.00
113,113,IND5,*MANUAL*,70,806,45,64.00,16.71, 9.23,2103,35137.00
114,114,INV5,*MANUAL*,59,764,58,69.00,24.02,10.25,2946,70766.00
115,115,INV6,*MANUAL*,75,703,65,72.00,20.78,11.33,2103,43697.00
116,116,IND6,*MANUAL*,63,653,62,67.00,21.72,11.11,2103,45682.00
117,117,INV7,*MANUAL*,64,608,82,70.00,24.19,13.12,2103,50866.00
118,118,IND7,*MANUAL*,70,557,56,74.00,22.99,11.19,2103,48355.00
119,119,INV8,*MANUAL*,67,500,81,87.00,36.43,18.19,1365,49727.00
120,120,IND8,*MANUAL*,69,466,56,109.00,40.87,17.50,1365,55787.00
121,121,IND9,*MANUAL*,68,406,48,107.00,49.66,20.04,1365,67786.00
122,122,INV9,*MANUAL*,68,424,83,109.00,51.63,18.22,1365,70480.00
123,123,BDUR,*MANUAL*,88,1074,77,225.00,120.62,43.51,1365,164642.00
124,124,ALMR,*MANUAL*,82,942,49,206.00,126.67,34.79,895,113374.00
125,125,CANR,*MANUAL*,89,794,62,212.00,133.79,35.88,895,119744.00
126,126,HSNR,*MANUAL*,88,723,77,249.00,124.00,52.94,1300,161194.00
127,127,BDUL,*MANUAL*,45,1103,83,225.00,110.58,25.65,895,98968.00
128,128,ALML,*MANUAL*,46,895,46,148.00,84.67,23.35,1365,115576.00
129,129,CANL,*MANUAL*,46,762,56,143.00,89.29,19.14,895,79915.00
130,130,HSNL,*MANUAL*,50,725,79,186.00,109.59,28.21,895,98083.00
131,131,Z1,*MANUAL*,80,777,79,187.00,93.16,34.00,1365,127160.00
132,132,Z2,*MANUAL*,78,756,75,193.00,89.87,25.32,2103,189007.00
133,133,Z3,*MANUAL*,64,731,76,172.00,85.98,24.54,2103,180819.00
134,134,Z4,*MANUAL*,64,712,84,144.00,80.74,23.99,895,72262.00
135,135,V1R,*MANUAL*,92,1049,74,153.00,55.94,27.79,1365,76357.00
136,136,P1/2R,*MANUAL*,91,1002,91,171.00,78.40,31.51,1365,107019.00
137,137,HYP7RC1,*MANUAL*,90,996,63,126.00,27.56,16.96,2103,57965.00
138,138,V2R,*MANUAL*,90,952,87,130.00,45.46,27.17,1365,62053.00
139,139,P3/4R,*MANUAL*,89,901,89,171.00,83.56,30.25,1365,114061.00
140,140,*NOUSE*,*NOUSE*,0,0,0,0,0,0,0,0
141,141,V3R,*MANUAL*,90,838,70,143.00,50.95,29.06,2103,107156.00
142,142,P5/6R,*MANUAL*,89,789,78,156.00,72.08,31.55,1365,98390.00
143,143,HYP7RC3,*MANUAL*,91,764,55,98.00,28.57,15.11,2103,60075.00
144,144,V4R,*MANUAL*,87,677,80,140.00,45.51,27.16,2103,95714.00
145,145,P7/8R,*MANUAL*,85,650,93,172.00,80.43,33.39,1365,109792.00
146,146,HYP7RC4,*MANUAL*,91,602,66,114.00,32.16,19.68,2103,67634.00
147,147,QR,*MANUAL*,89,641,74,132.00,66.71,28.27,1365,91056.00
148,148,V5R,*MANUAL*,88,559,82,118.00,52.52,24.06,1365,71690.00
149,149,P9/10R,*MANUAL*,84,522,90,174.00,66.65,31.02,1365,90975.00
150,150,HYP7RC5,*MANUAL*,86,501,64,100.00,34.41,19.78,2103,72360.00
151,151,V6R,*MANUAL*,86,464,79,117.00,37.27,23.62,2103,78377.00
152,152,P11/12R,*MANUAL*,84,394,83,164.00,70.01,38.29,1360,95210.00
153,153,HYP7RC6,*MANUAL*,87,348,64,122.00,38.72,21.55,1359,52614.00
154,154,IMR,*MANUAL*,82,433,86,165.00,84.37,34.29,895,75514.00
155,155,V1L,*MANUAL*,39,1073,78,104.00,42.29,19.20,1365,57722.00
156,156,P1/2L,*MANUAL*,44,1012,97,117.00,62.07,18.85,1365,84720.00
157,157,HYP7LC1,*MANUAL*,42,1025,70,72.00,22.80,13.39,2103,47939.00
158,158,V2L,*MANUAL*,42,966,92,102.00,35.07,18.75,1365,47876.00
159,159,P3/4L,*MANUAL*,44,906,93,120.00,65.31,19.39,1365,89153.00
160,160,HYP7LC2,*MANUAL*,40,925,66,72.00,20.86,12.44,2103,43875.00
161,161,V3L,*MANUAL*,43,842,69,89.00,32.66,13.89,1365,44579.00
162,162,P5/6L,*MANUAL*,44,790,78,103.00,45.61,18.46,1365,62261.00
163,163,HYP7LC3,*MANUAL*,44,799,46,75.00,25.46,13.62,2103,53536.00
164,164,V4L,*MANUAL*,44,686,79,103.00,43.45,20.85,1365,59309.00
165,165,P7/8L,*MANUAL*,45,630,87,102.00,51.82,18.75,1365,70731.00
166,166,HYP7LC4,*MANUAL*,45,643,63,64.00,19.71,11.18,2103,41459.00
167,167,QL,*MANUAL*,50,565,63,104.00,53.17,19.32,2103,111813.00
168,168,V5L,*MANUAL*,50,541,77,135.00,52.49,21.22,2103,110381.00
169,169,P9/10L,*MANUAL*,49,517,86,118.00,48.35,22.98,1365,65993.00
170,170,HYP7LC5,*MANUAL*,49,498,59,74.00,26.16,14.74,2103,55020.00
171,171,V6L,*MANUAL*,49,447,69,109.00,36.38,21.43,1365,49660.00
172,172,P11/12L,*MANUAL*,50,397,75,119.00,51.85,26.29,895,46404.00
173,173,HYP7LC6,*MANUAL*,57,329,52,91.00,41.74,17.13,895,37361.00
174,174,IML,*MANUAL*,55,416,82,188.00,89.83,30.80,895,80402.00
175,175,M,*MANUAL*,80,619,65,121.00,44.18,23.49,2103,92917.00
176,176,DR1,*MANUAL*,84,1557,54,141.00,76.23,20.13,895,68226.00
177,177,DR2,*MANUAL*,81,1530,47,143.00,67.41,23.65,887,59793.00
178,178,DR3,*MANUAL*,77,1489,42,136.00,63.18,27.18,895,56545.00
179,179,DR4,*MANUAL*,84,1450,47,145.00,79.44,26.26,895,71103.00
180,180,DR5,*MANUAL*,77,1400,40,181.00,77.49,35.57,821,63616.00
181,181,DR6,*MANUAL*,85,1373,43,131.00,66.68,22.01,895,59681.00
182,182,VR1,*MANUAL*,88,1557,82,136.00,70.44,23.26,839,59101.00
183,183,VR2,*MANUAL*,85,1530,93,151.00,71.46,27.85,893,63812.00
184,184,VR3,*MANUAL*,83,1496,98,140.00,70.26,26.98,895,62882.00
185,185,VR4,*MANUAL*,90,1441,93,168.00,85.16,29.09,895,76219.00
186,186,VR5,*MANUAL*,85,1377,100,179.00,87.51,29.27,825,72199.00
187,187,VR6,*MANUAL*,92,1358,91,169.00,86.14,32.78,895,77092.00
188,188,DL1,*MANUAL*,47,1562,59,134.00,70.51,19.08,895,63109.00
189,189,DL2,*MANUAL*,50,1523,53,118.00,67.82,14.70,895,60701.00
190,190,DL3,*MANUAL*,51,1489,48,120.00,64.67,16.93,895,57880.00
191,191,IL2DL,*MANUAL*,56,1444,48,144.00,79.78,26.89,895,71407.00
192,192,DL5,*MANUAL*,52,1389,44,157.00,80.23,21.41,895,71806.00
193,193,DL6,*MANUAL*,45,1373,51,124.00,53.19,17.20,895,47607.00
194,194,VL1,*MANUAL*,49,1558,92,111.00,67.47,14.82,884,59646.00
195,195,VL2,*MANUAL*,54,1529,100,138.00,83.59,19.58,876,73226.00
196,196,VL3,*MANUAL*,60,1501,103,138.00,84.35,22.87,895,75491.00
197,197,VL4,*MANUAL*,50,1452,103,113.00,66.08,19.50,895,59140.00
198,198,VL5,*MANUAL*,58,1381,108,162.00,83.89,24.98,879,73743.00
199,199,VL6,*MANUAL*,50,1366,102,137.00,75.52,22.28,895,67591.00
200,200,VR19,*MANUAL*,75,472,91,197.00,105.11,38.73,895,94073.00
201,201,VL18,*MANUAL*,56,473,91,170.00,83.05,28.02,895,74330.00
202,202,VL17,*MANUAL*,60,568,93,142.00,76.61,22.79,895,68567.00
203,203,VL16,*MANUAL*,57,696,91,159.00,85.50,26.21,895,76521.00
204,204,VL15,*MANUAL*,60,772,88,179.00,99.54,28.77,895,89087.00
205,205,CCLP,*MANUAL*,52,750,78,178.00,113.96,29.01,895,101998.00
206,206,CCLA,*MANUAL*,56,800,86,206.00,113.32,33.04,895,101422.00
207,207,VL14,*MANUAL*,55,851,85,163.00,79.23,28.09,895,70910.00
208,208,VL13,*MANUAL*,58,913,104,183.00,93.29,26.81,1365,127336.00
209,209,VL12,*MANUAL*,54,987,103,148.00,74.27,25.29,1365,101378.00
210,210,VL11,*MANUAL*,61,1042,108,164.00,98.66,20.20,895,88300.00
211,211,VL10,*MANUAL*,58,1102,107,158.00,77.89,27.05,1365,106314.00
212,212,VL9,*MANUAL*,60,1163,108,183.00,91.24,25.12,895,81657.00
213,213,VL8,*MANUAL*,57,1205,109,194.00,93.71,27.09,1349,126414.00
214,214,VL7,*MANUAL*,61,1246,111,179.00,99.35,25.78,875,86935.00
215,215,VR18,*MANUAL*,77,556,94,207.00,88.49,33.84,895,79203.00
216,216,VR17,*MANUAL*,76,631,96,231.00,102.08,38.05,1365,139337.00
217,217,VR16,*MANUAL*,80,723,85,188.00,100.35,36.87,1365,136973.00
218,218,VR15,*MANUAL*,77,814,86,191.00,96.50,36.22,1365,131721.00
219,219,VR14,*MANUAL*,80,868,90,163.00,82.72,27.31,1365,112918.00
220,220,VR13,*MANUAL*,76,948,105,202.00,86.44,36.00,1365,117992.00
221,221,VR12,*MANUAL*,81,993,100,178.00,90.91,28.31,1365,124088.00
222,222,VR11,*MANUAL*,77,1057,106,205.00,101.35,30.13,895,90706.00
223,223,CCRP,*MANUAL*,84,1038,97,200.00,115.02,35.49,895,102947.00
224,224,CCRA,*MANUAL*,84,1059,96,237.00,128.83,40.69,895,115302.00
225,225,VR10,*MANUAL*,86,1126,101,181.00,86.58,30.41,1365,118181.00
226,226,VR9,*MANUAL*,84,1163,102,197.00,94.49,37.47,1365,128978.00
227,227,VR8,*MANUAL*,88,1208,101,147.00,75.48,23.71,1365,103033.00
228,228,VR7,*MANUAL*,86,1274,103,145.00,80.77,26.80,895,72286.00
229,229,DR20,*MANUAL*,80,468,50,181.00,96.69,38.72,895,86538.00
230,230,DR19,*MANUAL*,81,537,48,177.00,80.44,35.11,1365,109807.00
231,231,DR18,*MANUAL*,80,605,45,173.00,89.35,33.73,1365,121969.00
232,232,DR17,*MANUAL*,79,674,46,203.00,93.83,32.59,1365,128077.00
233,233,DR16,*MANUAL*,80,774,32,180.00,82.51,33.98,1365,112621.00
234,234,DR15,*MANUAL*,75,872,29,176.00,89.87,33.93,1365,122667.00
235,235,DR14,*MANUAL*,77,919,44,185.00,92.77,32.71,1365,126626.00
236,236,DR13,*MANUAL*,75,967,43,164.00,80.78,29.74,1365,110264.00
237,237,DR12,*MANUAL*,81,1024,43,197.00,85.63,34.83,1365,116890.00
238,238,DR11,*MANUAL*,75,1083,38,170.00,91.51,31.76,1365,124911.00
239,239,DR10,*MANUAL*,82,1144,40,160.00,87.05,29.44,1365,118823.00
240,240,DR9,*MANUAL*,77,1174,34,160.00,74.87,35.94,1365,102196.00
241,241,DR8,*MANUAL*,81,1226,35,184.00,77.61,32.32,1365,105936.00
242,242,DR7,*MANUAL*,73,1275,37,172.00,88.31,29.83,1365,120549.00
243,243,DL20,*MANUAL*,62,453,45,156.00,74.10,32.94,1365,101141.00
244,244,DL19,*MANUAL*,62,499,45,170.00,82.06,34.16,1365,112008.00
245,245,DL18,*MANUAL*,61,559,45,149.00,74.00,28.78,1365,101007.00
246,246,DL17,*MANUAL*,59,650,44,162.00,83.80,31.97,1365,114392.00
247,247,DL16,*MANUAL*,58,704,33,151.00,62.99,28.72,1365,85988.00
248,248,DL15,*MANUAL*,56,809,30,158.00,81.51,28.99,1365,111260.00
249,249,DL14,*MANUAL*,54,876,33,144.00,73.38,24.90,1365,100165.00
250,250,DL13,*MANUAL*,52,930,43,157.00,72.62,24.36,1365,99120.00
251,251,DL12,*MANUAL*,50,999,45,130.00,52.64,22.84,1365,71855.00
252,252,DL11,*MANUAL*,53,1047,40,138.00,70.33,23.59,1365,96000.00
253,253,DL10,*MANUAL*,55,1116,41,132.00,57.22,26.39,1365,78103.00
254,254,DL9,*MANUAL*,56,1156,42,167.00,75.57,24.23,1365,103152.00
255,255,DL8,*MANUAL*,50,1210,41,122.00,60.77,22.32,1365,82947.00
256,256,DL7,*MANUAL*,59,1260,39,165.00,95.39,24.74,877,83655.00
257,257,HMC,*MANUAL*,66,1251,41,203.00,102.29,31.27,1365,139621.00
258,258,TR,*MANUAL*,76,265,70,137.00,62.45,29.69,1365,85239.00
259,259,PLMR,*MANUAL*,73,277,79,227.00,144.75,34.19,895,129552.00
260,260,PHSHR,*MANUAL*,76,292,71,229.00,142.30,38.69,895,127361.00
261,261,ALNR,*MANUAL*,76,305,64,234.00,150.67,33.61,895,134846.00
262,262,LUAR,*MANUAL*,80,321,68,245.00,166.33,37.48,895,148864.00
263,263,PVCR,*MANUAL*,77,313,78,224.00,137.56,41.63,895,123116.00
264,264,PHAR,*MANUAL*,78,335,84,249.00,155.20,36.56,853,132382.00
265,265,PHBR,*MANUAL*,81,333,75,225.00,153.52,26.35,895,137397.00
266,266,PVQR,*MANUAL*,81,350,79,213.00,132.17,26.71,895,118293.00
267,267,REPVR,*MANUAL*,83,371,74,211.00,133.03,29.79,895,119065.00
268,268,TL,*MANUAL*,63,269,69,134.00,60.52,26.19,1365,82605.00
269,269,PLML,*MANUAL*,64,251,76,208.00,139.84,26.07,895,125158.00
270,270,PHSHL,*MANUAL*,61,290,71,238.00,143.86,37.17,895,128757.00
271,271,ALNL,*MANUAL*,63,302,61,246.00,148.82,32.14,895,133198.00
272,272,LUAL,*MANUAL*,58,318,64,245.00,160.45,35.89,891,142957.00
273,273,PVCL,*MANUAL*,59,309,73,217.00,141.75,28.90,843,119494.00
274,274,PHBL,*MANUAL*,58,332,66,208.00,135.81,20.56,895,121546.00
275,275,PHAL,*MANUAL*,57,334,77,208.00,136.00,29.19,895,121720.00
276,276,PVQL,*MANUAL*,57,348,69,184.00,110.35,28.50,895,98767.00
277,277,REPVL,*MANUAL*,57,367,70,196.00,116.44,27.30,895,104212.00
278,278,SPH,*MANUAL*,57,385,72,191.00,112.10,33.50,895,100331.00
279,279,K,*MANUAL*,63,344,57,191.00,125.82,29.16,895,112606.00
280,280,REPD,*MANUAL*,68,358,52,241.00,136.39,39.45,895,122070.00
281,281,F,*MANUAL*,68,339,72,241.00,131.60,36.10,895,117779.00
282,282,B,*MANUAL*,68,324,83,183.00,91.40,36.53,1365,124767.00
283,283,DVA,*MANUAL*,69,328,65,201.00,133.91,24.85,895,119846.00
284,284,DVC,*MANUAL*,68,307,75,197.00,141.71,20.37,895,126833.00
285,285,DEP,*MANUAL*,68,316,59,221.00,135.82,34.21,895,121557.00
286,286,DL21,*MANUAL*,71,286,59,188.00,101.06,36.11,895,90446.00
287,287,K',*MANUAL*,77,353,64,207.00,130.06,33.70,895,116401.00
288,288,DR21,*MANUAL*,79,356,52,162.00,75.10,29.59,895,67217.00
289,289,YPDA,*MANUAL*,68,351,94,185.00,92.76,41.55,895,83020.00
290,290,*NOUSE*,*NOUSE*,0,0,0,0,0,0,0,0
291,291,U,*MANUAL*,64,361,81,192.00,100.34,35.27,895,89802.00
292,292,DD6,*MANUAL*,65,384,85,248.00,158.34,32.31,895,141718.00
293,293,DA8,*MANUAL*,63,373,88,249.00,143.62,29.23,895,128541.00
294,294,PVPL,*MANUAL*,61,398,86,195.00,132.47,25.79,895,118562.00
295,295,DA9,*MANUAL*,77,370,88,235.00,137.43,37.61,895,122999.00
296,296,PVPR,*MANUAL*,76,387,86,241.00,167.08,28.71,895,149536.00
297,297,PVT,*MANUAL*,72,407,88,196.00,108.30,39.55,1365,147833.00
298,298,VIRR,*MANUAL*,76,382,67,195.00,103.10,37.92,895,92275.00
299,299,VIRL,*MANUAL*,64,378,59,164.00,93.22,32.79,895,83433.00
300,300,PVR,*MANUAL*,70,249,63,225.00,121.56,33.48,895,108793.00
301,301,HYP71,*MANUAL*,67,237,80,197.00,103.23,35.79,895,92394.00
302,302,HYP72,*MANUAL*,67,221,73,208.00,117.92,30.77,895,105537.00
303,303,HYP8,*MANUAL*,67,193,73,188.00,94.85,31.41,1347,127762.00
304,304,HYP9,*MANUAL*,66,158,74,177.00,95.21,34.04,895,85213.00
305,305,HYP101,*MANUAL*,67,141,72,183.00,83.20,38.32,895,74468.00
306,306,HYP102,*MANUAL*,67,103,74,178.00,75.95,36.59,895,67974.00
307,307,HYP11,*MANUAL*,63,197,63,193.00,99.50,32.75,895,89055.00
308,308,VPI3D,*MANUAL*,70,1140,66,185.00,106.80,30.73,895,95585.00
309,309,VPI3V,*MANUAL*,65,1151,92,215.00,107.31,41.38,895,96046.00
310,310,VPI1,*MANUAL*,70,1149,57,164.00,91.26,30.42,895,81675.00
311,311,VPI2V,*MANUAL*,74,1159,94,234.00,130.70,48.00,889,116189.00
312,312,VPI2DR,*MANUAL*,85,1155,70,217.00,110.10,41.98,895,98538.00
313,313,VPI2DL,*MANUAL*,52,1154,69,189.00,90.89,34.97,882,80166.00
314,314,PM8,*MANUAL*,68,1162,85,174.00,89.69,33.32,895,80276.00
315,315,G1P,*MANUAL*,76,1166,55,168.00,83.43,30.91,1365,113878.00
316,316,G2R,*MANUAL*,75,1176,92,228.00,131.36,39.65,895,117565.00
317,317,G2L,*MANUAL*,58,1176,90,220.00,126.01,37.90,895,112780.00
318,318,M5,*MANUAL*,55,1179,55,201.00,123.73,25.82,895,110736.00
319,319,PM7D,*MANUAL*,67,1191,47,153.00,78.20,28.13,1365,106749.00
320,320,PM7VR,*MANUAL*,83,1185,81,185.00,98.78,27.21,895,88411.00
321,321,PM7VL,*MANUAL*,52,1192,82,137.00,65.45,21.98,1365,89334.00
322,322,MC3V,*MANUAL*,66,1190,94,178.00,75.23,27.10,1365,102686.00
323,323,MC3DR,*MANUAL*,83,1187,62,202.00,97.40,38.86,1365,132948.00
324,324,MC3DL,*MANUAL*,50,1186,65,150.00,81.61,25.96,895,73041.00
325,325,M1,*MANUAL*,80,1207,53,221.00,133.36,36.21,895,119361.00
326,326,I6,*MANUAL*,55,1214,53,189.00,115.83,25.35,895,103664.00
327,327,PM6D,*MANUAL*,69,1213,50,155.00,104.71,18.57,895,93716.00
328,328,PM6VR,*MANUAL*,83,1208,79,157.00,97.64,23.39,895,87392.00
329,329,PM6VL,*MANUAL*,57,1215,80,137.00,84.64,18.09,895,75754.00
330,330,I5,*MANUAL*,71,1218,93,189.00,116.38,30.37,895,104164.00
331,331,G1AR,*MANUAL*,83,1219,61,203.00,115.48,30.42,895,103355.00
332,332,G1AL,*MANUAL*,56,1224,66,164.00,100.17,22.32,895,89648.00
333,333,M2R,*MANUAL*,84,1228,80,236.00,156.50,30.58,895,140065.00
334,334,M2L,*MANUAL*,57,1231,83,220.00,140.87,27.50,891,125517.00
335,335,I4,*MANUAL*,67,1234,51,220.00,139.37,26.40,895,124739.00
336,336,PM5DR,*MANUAL*,77,1239,58,169.00,109.25,25.28,895,97783.00
337,337,PM5DL,*MANUAL*,62,1244,61,211.00,102.67,24.81,895,91889.00
338,338,PM5R,*MANUAL*,82,1241,75,184.00,117.73,27.72,895,105370.00
339,339,PM5L,*MANUAL*,59,1243,77,176.00,105.54,35.58,895,94462.00
340,340,PM5VR,*MANUAL*,76,1232,88,216.00,130.28,28.80,872,113608.00
341,341,PM5VL,*MANUAL*,66,1232,90,232.00,140.48,30.40,895,125727.00
342,342,MC2V,*MANUAL*,71,1252,89,156.00,92.28,26.67,895,82588.00
343,343,MC2DR,*MANUAL*,78,1254,71,171.00,106.43,22.67,835,88869.00
344,344,MC2DL,*MANUAL*,63,1257,73,163.00,85.66,18.97,895,76665.00
345,345,M4,*MANUAL*,67,1408,65,188.00,104.75,25.43,895,93754.00
346,346,M3R,*MANUAL*,77,1403,81,231.00,139.70,36.59,877,122517.00
347,347,M3L,*MANUAL*,60,1406,83,227.00,117.31,36.69,895,104992.00
348,348,I3,*MANUAL*,69,1438,60,209.00,135.15,29.42,875,118259.00
349,349,NSMR,*MANUAL*,80,1434,85,220.00,137.25,35.46,895,122837.00
350,350,NSML,*MANUAL*,56,1436,90,189.00,116.96,25.34,895,104676.00
351,351,PM4R,*MANUAL*,81,1452,74,198.00,106.29,35.99,885,94070.00
352,352,PM4L,*MANUAL*,54,1450,78,182.00,91.94,33.00,870,79985.00
353,353,MI,*MANUAL*,68,1452,56,236.00,156.07,24.53,681,106287.00
354,354,PM4DR,*MANUAL*,74,1447,62,165.00,103.17,23.54,895,92341.00
355,355,PM4DL,*MANUAL*,61,1450,61,201.00,122.78,26.32,895,109891.00
356,356,MCR,*MANUAL*,78,1453,84,231.00,138.53,45.00,861,119275.00
357,357,I2R,*MANUAL*,84,1463,87,223.00,118.97,43.83,895,106476.00
358,358,MCL,*MANUAL*,60,1457,84,224.00,112.68,37.33,857,96571.00
359,359,I2L,*MANUAL*,53,1462,89,221.00,138.53,31.13,865,119829.00
360,360,PM4VR,*MANUAL*,76,1449,93,153.00,89.72,25.30,895,80296.00
361,361,PM4VL,*MANUAL*,63,1451,96,163.00,78.60,26.67,895,70349.00
362,362,MC1V,*MANUAL*,69,1469,95,143.00,80.05,23.09,895,71648.00
363,363,PM1VR,*MANUAL*,77,1476,85,194.00,113.72,42.23,895,101781.00
364,364,PM1VL,*MANUAL*,61,1477,88,212.00,133.56,39.80,895,119539.00
365,365,PM1R,*MANUAL*,82,1477,74,242.00,152.81,39.10,895,136763.00
366,366,PM1L,*MANUAL*,54,1480,73,213.00,113.44,33.61,895,101530.00
367,367,MC1DR,*MANUAL*,79,1469,65,171.00,102.84,25.53,827,85048.00
368,368,MC1DL,*MANUAL*,58,1470,66,174.00,94.32,25.23,857,80829.00
369,369,PM1DR,*MANUAL*,74,1474,59,245.00,150.72,43.39,845,127359.00
370,370,PM1DL,*MANUAL*,65,1471,59,249.00,168.13,47.69,895,150477.00
371,371,I1R,*MANUAL*,79,1498,80,210.00,125.37,35.55,895,112202.00
372,372,I1L,*MANUAL*,57,1500,83,148.00,92.17,23.59,894,82403.00
373,373,PM3R,*MANUAL*,80,1511,72,157.00,80.82,28.44,895,72336.00
374,374,PM3L,*MANUAL*,58,1511,75,127.00,56.37,19.54,895,50454.00
375,375,E3VL,*MANUAL*,55,1536,83,150.00,88.22,22.17,785,69254.00
376,376,E3VR,*MANUAL*,80,1526,79,156.00,85.74,28.16,895,76739.00
377,377,E3D,*MANUAL*,68,1509,54,157.00,67.58,28.18,895,60488.00
378,378,PM3DR,*MANUAL*,72,1530,58,127.00,62.90,17.68,895,56294.00
379,379,PM3DL,*MANUAL*,61,1546,59,138.00,68.81,22.39,761,52365.00
380,380,E1D,*MANUAL*,66,1541,54,179.00,102.64,23.81,875,89811.00
381,381,PM3VR,*MANUAL*,74,1545,81,191.00,83.07,24.99,879,73020.00
382,382,PM3VL,*MANUAL*,59,1552,86,149.00,63.32,20.56,832,52683.00
383,383,E1VR,*MANUAL*,81,1552,77,207.00,115.09,40.00,895,103008.00
384,384,E1VL,*MANUAL*,53,1558,82,176.00,94.89,30.90,895,84923.00
385,385,PM2D2,*MANUAL*,66,1575,57,168.00,96.50,30.61,889,85786.00
386,386,PM2D1,*MANUAL*,66,1593,57,174.00,94.66,27.92,895,84721.00
387,387,E2D,*MANUAL*,64,1616,58,130.00,70.14,25.86,886,62142.00
388,388,E2VR,*MANUAL*,75,1617,78,163.00,74.61,36.79,895,66779.00
389,389,PM2VR1,*MANUAL*,78,1588,77,205.00,98.10,45.73,895,87799.00
390,390,PM2VR2,*MANUAL*,78,1575,77,216.00,108.79,36.66,895,97369.00
391,391,E2VL,*MANUAL*,57,1621,85,127.00,68.93,21.03,895,61696.00
392,392,PM2VL1,*MANUAL*,57,1594,84,177.00,101.43,28.14,895,90780.00
393,393,PM2VL2,*MANUAL*,57,1583,83,170.00,96.81,30.50,895,86645.00
394,394,HYP7ABLV,*MANUAL*,43,1127,84,70.00,25.40,12.37,2103,53419.00
395,395,HYP7ABLD,*MANUAL*,42,1146,72,85.00,32.71,13.17,2103,68782.00
396,396,H2L,*MANUAL*,39,1216,79,94.00,36.27,14.30,1365,49506.00
397,397,AMSHL,*MANUAL*,42,1228,58,106.00,45.38,15.78,1365,61944.00
398,398,HYP7ABR3,*MANUAL*,92,1077,59,105.00,42.69,16.93,1365,58273.00
399,399,HYP7ABRV,*MANUAL*,94,1109,72,116.00,44.58,21.16,2103,93754.00
400,400,H2R,*MANUAL*,98,1217,65,145.00,56.88,28.73,1365,77642.00
401,401,AMSHR,*MANUAL*,93,1189,51,135.00,66.47,26.38,1365,90736.00
402,402,ADESHL,*MANUAL*,44,1169,87,158.00,94.55,27.47,895,84618.00
403,403,RMGL,*MANUAL*,44,1214,92,134.00,85.36,17.44,895,76401.00
404,404,ADAL,*MANUAL*,45,1232,93,181.00,109.09,20.06,895,97632.00
405,405,ADEL,*MANUAL*,46,1237,81,204.00,123.78,24.58,885,109545.00
406,406,AINL,*MANUAL*,46,1248,70,175.00,117.69,20.41,885,104159.00
407,407,AVJL,*MANUAL*,45,1260,61,197.00,127.85,26.25,895,114425.00
408,408,FLPL,*MANUAL*,45,1249,89,184.00,113.37,21.82,895,101465.00
409,409,RICL,*MANUAL*,45,1264,90,166.00,104.64,21.79,895,93649.00
410,410,AVDL,*MANUAL*,45,1266,73,158.00,108.58,19.79,895,97182.00
411,411,ASEL,*MANUAL*,45,1284,67,126.00,86.42,16.08,1363,117789.00
412,412,ASJL,*MANUAL*,45,1284,87,118.00,80.56,14.56,895,72104.00
413,413,ASHL,*MANUAL*,45,1306,74,137.00,85.43,15.26,895,76463.00
414,414,AUAL,*MANUAL*,44,1303,90,187.00,115.42,19.12,839,96836.00
415,415,AWCL,*MANUAL*,43,1323,86,171.00,99.36,17.15,895,88931.00
416,416,SIBDL,*MANUAL*,44,1337,90,220.00,128.51,27.64,895,115017.00
417,417,RMDL,*MANUAL*,45,1353,90,185.00,103.95,23.77,895,93036.00
418,418,AFDL,*MANUAL*,44,1327,69,156.00,100.19,19.39,893,89469.00
419,419,AVAL,*MANUAL*,44,1348,72,159.00,99.51,19.88,889,88464.00
420,420,RMDVL,*MANUAL*,42,1364,72,141.00,88.53,16.88,895,79231.00
421,421,SMDVL,*MANUAL*,45,1337,57,176.00,109.47,25.00,895,97979.00
422,422,AVHL,*MANUAL*,48,1272,54,190.00,131.75,26.50,895,117915.00
423,423,ASGL,*MANUAL*,51,1285,56,176.00,124.42,20.12,895,111355.00
424,424,AWBL,*MANUAL*,46,1303,57,164.00,111.89,19.10,895,100138.00
425,425,ADFL,*MANUAL*,51,1315,62,165.00,101.87,18.84,895,91176.00
426,426,ADESHR,*MANUAL*,94,1167,69,207.00,122.39,41.70,895,109539.00
427,427,RMGR,*MANUAL*,95,1200,80,184.00,98.76,35.91,1365,134809.00
428,428,ADAR,*MANUAL*,95,1232,78,229.00,142.84,29.59,895,127840.00
429,429,ASJR,*MANUAL*,96,1279,76,180.00,104.58,27.33,1354,141595.00
430,430,ASER,*MANUAL*,94,1286,59,150.00,101.84,18.69,895,91147.00
431,431,ASHR,*MANUAL*,95,1307,60,175.00,117.77,23.30,895,105406.00
432,432,AUAR,*MANUAL*,96,1302,76,197.00,134.28,23.77,895,120185.00
433,433,AWBR,*MANUAL*,89,1301,48,214.00,129.82,39.31,895,116187.00
434,434,ASGR,*MANUAL*,85,1286,48,201.00,136.08,30.81,889,120973.00
435,435,AVHR,*MANUAL*,87,1271,47,240.00,154.59,36.10,895,138357.00
436,436,AVKR,*MANUAL*,88,1236,95,212.00,116.13,41.81,895,103937.00
437,437,RIS,*MANUAL*,88,1247,94,194.00,115.42,26.23,895,103301.00
438,438,AIYR,*MANUAL*,88,1263,90,205.00,128.91,32.83,895,115370.00
439,439,FLPR,*MANUAL*,95,1254,77,221.00,138.55,31.00,889,123168.00
440,440,RICR,*MANUAL*,95,1251,60,233.00,140.96,36.32,895,126161.00
441,441,AVDR,*MANUAL*,94,1266,60,216.00,141.40,40.28,895,126555.00
442,442,AWCR,*MANUAL*,96,1323,70,183.00,98.51,30.53,1365,134472.00
443,443,SIBDR,*MANUAL*,95,1339,76,228.00,134.46,38.40,895,120342.00
444,444,RMDR,*MANUAL*,95,1353,77,202.00,116.30,40.53,895,104085.00
445,445,AFDR,*MANUAL*,92,1329,59,214.00,114.75,35.27,895,102702.00
446,446,AVAR,*MANUAL*,93,1349,60,202.00,125.37,28.26,895,112209.00
447,447,RMDVR,*MANUAL*,92,1369,59,219.00,109.40,36.99,895,97913.00
448,448,SMDVR,*MANUAL*,88,1337,47,235.00,124.17,45.93,889,110384.00
449,449,ADFR,*MANUAL*,85,1316,53,209.00,129.51,24.14,895,115908.00
450,450,RID,*MANUAL*,64,1372,38,172.00,95.37,27.02,895,85354.00
451,451,ALA,*MANUAL*,64,1349,41,207.00,127.27,23.81,889,113147.00
452,452,CEPDR,*MANUAL*,77,1350,38,215.00,130.50,34.94,895,116795.00
453,453,CEPDL,*MANUAL*,54,1349,46,197.00,134.65,23.20,879,118361.00
454,454,GLRDR,*MANUAL*,74,1357,49,245.00,149.26,39.75,895,133592.00
455,455,GLRDL,*MANUAL*,58,1356,53,206.00,122.03,29.73,895,109215.00
456,456,URXR,*MANUAL*,74,1336,43,221.00,135.60,30.05,895,121359.00
457,457,URXL, ,59,1333,47,199.00,123.82,22.65,895,110821.00
458,458,ASKL,*MANUAL*,57,1314,50,151.00,99.15,20.11,895,88743.00
459,459,ASKR,*MANUAL*,76,1315,44,196.00,123.81,25.14,895,110808.00
460,460,ADLR,*MANUAL*,75,1291,48,192.00,129.67,20.96,895,116051.00
461,461,ADLL,*MANUAL*,63,1291,47,151.00,105.89,16.79,895,94770.00
462,462,ASIL,*MANUAL*,61,1277,57,166.00,112.18,19.17,895,100401.00
463,463,ASIR,*MANUAL*,74,1271,51,209.00,144.08,21.05,895,128954.00
464,464,RIVR,*MANUAL*,80,1257,47,246.00,179.74,29.45,845,151880.00
465,465,RIVL,*MANUAL*,56,1259,50,203.00,136.50,24.91,895,122164.00
466,466,SAAVL,*MANUAL*,52,1349,64,202.00,114.25,26.80,895,102251.00
467,467,RIAL,*MANUAL*,53,1332,64,170.00,119.27,19.39,895,106748.00
468,468,AWAL,*MANUAL*,56,1298,63,177.00,106.03,22.08,895,94895.00
469,469,AVBL,*MANUAL*,55,1266,63,197.00,124.50,30.97,895,111428.00
470,470,SAAVR,*MANUAL*,82,1349,53,239.00,152.62,32.49,895,136593.00
471,471,RIAR,*MANUAL*,82,1331,53,225.00,143.54,26.51,895,128465.00
472,472,AWAR,*MANUAL*,83,1299,59,206.00,130.21,23.31,895,116537.00
473,473,AVBR,*MANUAL*,83,1269,61,209.00,143.72,20.07,895,128630.00
474,474,AVER,*MANUAL*,84,1338,69,214.00,138.92,27.93,885,122942.00
475,475,AIBR,*MANUAL*,84,1317,70,233.00,134.57,28.52,895,120439.00
476,476,RIBR,*MANUAL*,85,1291,72,206.00,127.62,28.53,895,114219.00
477,477,RIMR,*MANUAL*,86,1273,74,196.00,131.46,25.93,895,117654.00
478,478,AIZR,*MANUAL*,87,1255,69,232.00,156.19,31.28,895,139786.00
479,479,AVEL,*MANUAL*,53,1339,78,221.00,118.76,31.26,875,103915.00
480,480,AIBL,*MANUAL*,54,1313,80,173.00,103.90,24.09,895,92991.00
481,481,RIBL,*MANUAL*,54,1294,78,168.00,101.91,24.00,895,91212.00
482,482,RIML,*MANUAL*,54,1276,76,152.00,103.13,19.24,895,92300.00
483,483,AIZL,*MANUAL*,53,1256,81,171.00,115.29,23.82,895,103187.00
484,484,GLRL,*MANUAL*,58,1348,80,231.00,139.26,33.88,847,117955.00
485,485,GLRVL,*MANUAL*,65,1351,86,250.00,154.33,38.95,895,138128.00
486,486,GLRVR,*MANUAL*,79,1349,83,247.00,147.83,46.51,895,132312.00
487,487,GLRR,*MANUAL*,81,1348,72,224.00,132.69,31.29,895,118757.00
488,488,G1,*MANUAL*,73,1331,110,202.00,110.54,27.43,895,98935.00
489,489,G2,*MANUAL*,72,1309,108,223.00,117.18,33.96,895,104874.00
490,490,RIH,*MANUAL*,71,1337,93,243.00,159.14,23.19,737,117286.00
491,491,SAADR,*MANUAL*,79,1337,90,246.00,179.14,27.33,881,157820.00
492,492,SAADL,*MANUAL*,62,1339,94,243.00,168.21,22.75,871,146511.00
493,493,RMDDL,*MANUAL*,53,1343,97,230.00,140.98,29.95,895,126176.00
494,494,RMDDR,*MANUAL*,88,1342,93,240.00,145.71,33.98,895,130411.00
495,495,SMDDR,*MANUAL*,88,1325,95,247.00,150.31,27.23,884,132878.00
496,496,SMDDL,*MANUAL*,54,1329,102,218.00,126.66,25.45,895,113358.00
497,497,SMBVR,*MANUAL*,78,1321,95,246.00,156.77,25.52,879,137797.00
498,498,RIR,*MANUAL*,68,1321,92,243.00,156.64,24.39,821,128603.00
499,499,SMBVL,*MANUAL*,60,1320,96,201.00,142.00,26.15,895,127086.00
500,500,AVL,*MANUAL*,85,1310,85,194.00,119.78,25.95,895,107204.00
501,501,SMBDR,*MANUAL*,85,1309,99,219.00,144.38,28.80,873,126044.00
502,502,SMBDL,*MANUAL*,57,1310,105,215.00,132.28,30.90,895,118389.00
503,503,AIAR,*MANUAL*,76,1304,98,234.00,157.28,27.43,895,140769.00
504,504,AIAL,*MANUAL*,64,1303,98,241.00,151.85,27.23,895,135902.00
505,505,SIADL,*MANUAL*,51,1308,94,214.00,135.49,26.80,895,121260.00
506,506,SIADR,*MANUAL*,92,1301,89,229.00,134.23,36.73,895,120132.00
507,507,SIAVL,*MANUAL*,55,1292,102,174.00,114.16,25.21,885,101035.00
508,508,SIAVR,*MANUAL*,84,1289,95,218.00,127.75,29.77,895,114335.00
509,509,EXC DUCT,*MANUAL*,57,1286,93,143.00,77.72,24.44,895,69557.00
510,510,EXC,*MANUAL*,62,1266,100,88.00,41.64,13.72,1365,56833.00
511,511,SIBVL,*MANUAL*,55,1329,89,232.00,142.08,30.73,895,127160.00
512,512,SIBVR,*MANUAL*,85,1329,83,231.00,145.95,30.65,895,130623.00
513,513,AIYL,*MANUAL*,56,1250,98,205.00,135.43,25.52,886,119995.00
514,514,AVKL,*MANUAL*,55,1234,101,185.00,113.01,25.81,895,101144.00
515,515,AIML,*MANUAL*,66,1248,102,217.00,150.98,25.30,895,135127.00
516,516,AIMR,*MANUAL*,77,1258,101,233.00,137.93,33.30,895,123446.00
517,517,ADER,*MANUAL*,94,1238,62,218.00,142.36,38.22,895,127415.00
518,518,AINR,*MANUAL*,87,1243,48,226.00,132.42,41.05,895,118513.00
519,519,AVJR,*MANUAL*,89,1257,50,243.00,164.56,41.52,895,147284.00
520,520,EXC GL R,*MANUAL*,90,1177,93,190.00,102.92,35.50,895,92111.00
521,521,EXC GL L,*MANUAL*,55,1182,106,189.00,110.43,26.94,895,98831.00
522,522,W,*MANUAL*,71,1274,112,171.00,97.52,27.23,895,87280.00
523,523,DB2,*MANUAL*,72,1253,113,199.00,129.56,27.10,895,115958.00
524,524,SABVR,*MANUAL*,77,1233,108,234.00,143.60,35.63,817,117319.00
525,525,SABVL,*MANUAL*,70,1237,112,250.00,164.34,35.24,895,147086.00
526,526,RIFL,*MANUAL*,68,1223,111,224.00,146.70,32.26,895,131299.00
527,527,RIFR,*MANUAL*,78,1219,106,208.00,137.68,32.17,895,123221.00
528,528,RIGL,*MANUAL*,67,1205,112,228.00,152.81,26.62,699,106816.00
529,529,AVG,*MANUAL*,74,1205,112,218.00,122.39,37.16,895,109543.00
530,530,DD1,*MANUAL*,67,1185,111,225.00,140.07,35.72,797,111635.00
531,531,DA1,*MANUAL*,72,1148,113,194.00,114.39,30.11,895,102381.00
532,532,RIGR,*MANUAL*,73,1164,112,182.00,112.24,28.63,895,100452.00
533,533,DB1,*MANUAL*,73,1186,116,221.00,119.55,39.97,895,106999.00
534,534,SABD,*MANUAL*,79,1191,107,215.00,118.42,39.48,895,105988.00
535,535,H1R,*MANUAL*,94,1382,69,143.00,62.91,24.79,879,55295.00
536,536,H1L,*MANUAL*,40,1388,80,123.00,50.88,18.95,877,44621.00
537,537,BAGR,*MANUAL*,91,1399,74,226.00,113.12,32.73,895,101240.00
538,538,URBR,*MANUAL*,91,1414,66,229.00,137.96,40.06,875,120713.00
539,539,IL1R,*MANUAL*,91,1429,70,198.00,120.56,33.21,895,107901.00
540,540,RMER,*MANUAL*,88,1389,65,222.00,135.15,33.45,895,120960.00
541,541,CEPSHVR,*MANUAL*,88,1382,86,203.00,114.44,35.03,895,102421.00
542,542,CEPSHDR,*MANUAL*,86,1387,51,217.00,95.58,40.99,895,85547.00
543,543,RIPR,*MANUAL*,83,1402,62,234.00,141.67,33.93,895,126797.00
544,544,OLLR,*MANUAL*,84,1419,61,214.00,139.87,27.92,823,115114.00
545,545,OLQVR,*MANUAL*,84,1395,82,216.00,141.34,25.62,895,126497.00
546,546,URYVR,*MANUAL*,90,1414,81,224.00,139.00,36.51,871,121069.00
547,547,URAVR,*MANUAL*,82,1399,94,239.00,136.61,46.36,895,122267.00
548,548,URYDR,*MANUAL*,82,1402,51,246.00,155.85,36.39,895,139484.00
549,549,URADR,*MANUAL*,80,1416,52,247.00,152.53,42.03,895,136516.00
550,550,IL2L,*MANUAL*,42,1444,78,118.00,80.77,15.73,895,72285.00
551,551,URBL,*MANUAL*,44,1419,76,166.00,98.17,20.89,895,87861.00
552,552,URYVL,*MANUAL*,47,1411,91,190.00,119.91,26.06,889,106598.00
553,553,RMEL,*MANUAL*,47,1389,72,178.00,112.69,21.00,895,100862.00
554,554,CEPSHVL,*MANUAL*,50,1376,93,219.00,110.24,38.22,895,98669.00
555,555,CEPSHDL,*MANUAL*,49,1392,57,168.00,82.77,26.37,895,74080.00
556,556,RIPL,*MANUAL*,49,1402,74,176.00,104.93,22.37,895,93913.00
557,557,OLLL,*MANUAL*,51,1415,67,181.00,105.15,24.61,895,94108.00
558,558,URYDL,*MANUAL*,51,1410,54,221.00,133.25,28.84,843,112332.00
559,559,URADL,*MANUAL*,51,1424,55,183.00,113.89,26.11,895,101931.00
560,560,IL1L,*MANUAL*,46,1425,88,158.00,103.64,19.06,895,92762.00
561,561,BAGL,*MANUAL*,48,1391,91,170.00,106.10,19.60,895,94956.00
562,562,OLQVL,*MANUAL*,52,1403,97,217.00,123.48,34.18,895,110513.00
563,563,RMEV,*MANUAL*,70,1369,98,217.00,120.66,29.27,895,107987.00
564,564,*NOUSE*,*NOUSE*,0,0,0,0,0,0,0,0
565,565,CEPVL,*MANUAL*,61,1382,98,235.00,163.96,27.28,895,146742.00
566,566,*NOUSE*,*NOUSE*,0,0,0,0,0,0,0,0
567,567,CEPVR,*MANUAL*,78,1382,97,249.00,164.47,30.57,853,140292.00
568,568,IL1VR,*MANUAL*,71,1389,97,249.00,167.34,35.53,863,144411.00
569,569,IL1VL,*MANUAL*,70,1406,99,243.00,166.30,36.37,893,148509.00
570,570,URAVL,*MANUAL*,62,1396,99,251.00,173.15,32.40,895,154966.00
571,571,CEPSOVR,*MANUAL*,87,1420,89,215.00,128.19,37.51,895,114726.00
572,572,IL2VR,*MANUAL*,79,1412,100,233.00,120.18,43.81,895,107559.00
573,573,IL2R,*MANUAL*,94,1448,62,190.00,120.28,25.07,895,107651.00
574,574,IL2VL,*MANUAL*,61,1416,105,213.00,133.02,33.68,880,117056.00
575,575,CEPSOVL,*MANUAL*,53,1422,101,202.00,115.79,32.93,895,103630.00
576,576,RMED,*MANUAL*,64,1392,43,221.00,133.10,28.93,874,116331.00
577,577,OLQDR,*MANUAL*,69,1402,44,237.00,160.29,23.88,895,143463.00
578,578,OLQDL,*MANUAL*,58,1400,47,208.00,138.58,23.65,895,124031.00
579,579,IL1DR,*MANUAL*,69,1414,48,236.00,152.18,32.55,865,131635.00
580,580,IL1DL,*MANUAL*,60,1412,52,228.00,150.42,31.90,895,134623.00
581,581,DL4,*MANUAL*,47,1457,55,106.00,69.17,15.82,895,61908.00
582,582,CEPSODL,*MANUAL*,47,1435,62,172.00,97.69,30.41,895,87433.00
583,583,IL2DR,*MANUAL*,78,1428,46,196.00,114.92,38.77,895,102849.00
584,584,CEPSODR,*MANUAL*,85,1438,56,224.00,127.47,41.51,895,114088.00
585,585,OLQSHDR,*MANUAL*,93,1466,55,245.00,105.78,55.99,857,90650.00
586,586,H0R,*MANUAL*,95,1498,66,150.00,79.60,26.52,895,71246.00
587,587,OLLSHR,*MANUAL*,93,1476,70,225.00,130.53,41.89,895,116825.00
588,588,OLQSHVR,*MANUAL*,93,1462,74,225.00,115.00,47.57,895,102925.00
589,589,XXXR,*MANUAL*,94,1442,76,238.00,136.64,38.18,895,122293.00
590,590,OLLSOR,*MANUAL*,87,1459,56,234.00,136.40,45.72,895,122077.00
591,591,ILSHDR,*MANUAL*,87,1477,54,231.00,141.92,44.81,895,127014.00
592,592,ILSHR,*MANUAL*,90,1487,79,189.00,112.39,32.45,895,100593.00
593,593,OLQSOVR,*MANUAL*,89,1504,81,208.00,117.98,40.57,895,105594.00
594,594,ILSOR,*MANUAL*,91,1519,72,202.00,121.59,33.95,895,108822.00
595,595,ARCPVR,*MANUAL*,89,1538,71,185.00,93.30,34.61,895,83507.00
596,596,HYP1R,*MANUAL*,87,1492,56,243.00,130.64,35.77,895,116927.00
597,597,ARCPDR,*MANUAL*,85,1510,56,196.00,110.12,38.28,895,98557.00
598,598,AMSOR,*MANUAL*,86,1526,56,174.00,104.90,29.42,895,93886.00
599,599,ARCADR,*MANUAL*,89,1550,62,176.00,90.75,34.02,895,81225.00
600,600,OLQSHDL,*MANUAL*,40,1466,71,136.00,86.20,19.01,894,77066.00
601,601,OLLSHL,*MANUAL*,41,1471,82,184.00,122.31,24.23,895,109464.00
602,602,XXXL,*MANUAL*,44,1442,92,187.00,118.41,29.40,895,105979.00
603,603,OLQSHVL,*MANUAL*,43,1461,89,186.00,125.43,30.94,895,112258.00
604,604,ILSHL,*MANUAL*,48,1484,90,175.00,105.54,31.71,895,94457.00
605,605,OLLSOL,*MANUAL*,45,1454,66,155.00,93.57,27.53,895,83744.00
606,606,ILSHDL,*MANUAL*,46,1474,65,160.00,102.72,21.75,895,91931.00
607,607,HYP1L,*MANUAL*,43,1488,66,157.00,97.57,21.12,895,87327.00
608,608,ARCPDL,*MANUAL*,49,1500,61,139.00,91.80,21.36,895,82162.00
609,609,AMSOL,*MANUAL*,44,1514,67,120.00,80.52,16.08,895,72065.00
610,610,HYP2L,*MANUAL*,44,1534,70,123.00,73.04,19.02,895,65371.00
611,611,ARCADL,*MANUAL*,43,1553,77,120.00,75.95,16.81,895,67978.00
612,612,H0L,*MANUAL*,41,1500,78,119.00,65.20,19.15,895,58356.00
613,613,OLQSOVL,*MANUAL*,51,1498,93,168.00,99.48,27.81,895,89033.00
614,614,ILSOL,*MANUAL*,48,1512,85,156.00,95.02,22.00,895,85039.00
615,615,ARCPVL,*MANUAL*,48,1532,85,157.00,104.61,20.36,895,93625.00
616,616,HYP4D,*MANUAL*,63,1671,58,122.00,54.72,25.09,1365,74689.00
617,617,HYP4V1,*MANUAL*,66,1657,94,148.00,76.17,30.04,895,68174.00
618,618,HYP4V2,*MANUAL*,66,1632,97,134.00,75.72,23.32,895,67768.00
619,619,HYP31,*MANUAL*,66,1612,48,176.00,88.93,39.76,895,79589.00
620,620,HYP32,*MANUAL*,57,1598,51,151.00,84.38,29.31,895,75522.00
621,621,ARCPD,*MANUAL*,71,1575,47,184.00,94.90,30.38,895,84933.00
622,622,ILSODR,*MANUAL*,71,1543,45,204.00,123.46,37.56,895,110499.00
623,623,OLQSODR,*MANUAL*,71,1519,44,203.00,129.20,37.17,871,112533.00
624,624,ILSODL,*MANUAL*,54,1567,51,185.00,114.15,30.03,753,85954.00
625,625,OLQSODL,*MANUAL*,55,1542,50,181.00,108.64,28.10,895,97235.00
626,626,HYP6D1,*MANUAL*,62,1565,44,163.00,77.04,28.06,2103,162011.00
627,627,HYP6D2,*MANUAL*,63,1525,42,176.00,97.51,27.36,895,87273.00
628,628,HYP7D1,*MANUAL*,63,1428,40,108.00,47.42,15.70,1365,64727.00
629,629,HYP7D2,*MANUAL*,63,1323,37,112.00,47.37,19.13,1365,64661.00
630,630,HYP2V,*MANUAL*,72,1605,95,178.00,88.45,35.55,895,79166.00
631,631,HYP1V,*MANUAL*,74,1578,95,205.00,117.06,35.56,895,104771.00
632,632,ILSOVR,*MANUAL*,74,1558,95,215.00,115.56,47.68,895,103426.00
633,633,ILSHVR,*MANUAL*,75,1535,96,210.00,126.04,39.21,895,112808.00
634,634,ARCAV,*MANUAL*,65,1594,97,157.00,84.38,27.03,895,75519.00
635,635,ARCPV,*MANUAL*,64,1571,98,204.00,121.53,33.16,895,108772.00
636,636,ILSOVL,*MANUAL*,64,1551,97,203.00,130.84,29.23,895,117103.00
637,637,ILSHVL,*MANUAL*,64,1527,98,199.00,115.18,28.68,895,103088.00
638,638,HYP6V1,*MANUAL*,71,1545,104,133.00,53.68,28.55,895,48045.00
639,639,HYP6V2,*MANUAL*,72,1470,108,130.00,65.49,21.50,895,58618.00
640,640,HYP7V1,*MANUAL*,72,1423,111,144.00,54.58,21.93,1365,74501.00
641,641,*NOUSE*,*NOUSE*,0,0,0,0,0,0,0,0
642,642,VR20,*MANUAL*,71,298,87,180.00,101.66,35.74,873,88751.00
643,643,VL19,*MANUAL*,62,296,86,184.00,119.87,30.91,895,107284.00
644,644,HYP7RC2,*MANUAL*,90,896,63,116.00,33.51,20.22,2103,70475.00
645,645,HYP7V2,*MANUAL*,70,1389,108,168.00,67.29,21.65,895,60222.00
646,646,f1,*MANUAL*,72,1107,49,93.00,25.22,18.50,895,22576.00
647,647,f2,*MANUAL*,64,1090,57,31.00, 5.57, 4.57,895,4987.00
648,648,f3,*MANUAL*,89,1103,58,63.00, 7.91, 9.43,895,7079.00
649,649,f4,*MANUAL*,92,1199,58,87.00,12.07,13.49,895,10800.00
650,650,f5,*MANUAL*,93,1204,48,97.00,15.86,20.92,895,14199.00
651,651,f6,*MANUAL*,93,1195,43,77.00, 6.92,14.58,895,6195.00
652,652,f7,*MANUAL*,93,1179,45,94.00, 8.19,15.68,895,7334.00
653,653,f8,*MANUAL*,93,1175,55,72.00,14.28,16.31,895,12783.00
654,654,f9,*MANUAL*,40,1241,57,67.00,15.80,12.62,895,14144.00
655,655,f10,*MANUAL*,41,1240,73,121.00,32.03,21.29,895,28663.00
