0,0,*NOUSE*,*NOUSE*,0,0,0,0,0,0,0,0
1,1,*NOUSE*,*NOUSE*,0,0,0,0,0,0,0,0
2,2,*NOUSE*,*NOUSE*,0,0,0,0,0,0,0,0
3,3,AWAR,,52,1239,82,193.00,57.87,45.54,5049,292197
4,4,ASKR,,58,1258,99,171.00,103.13,33.53,560,57753
5,5,*NOUSE*,*NOUSE*,0,0,0,0,0,0,0,0
6,6,AWAL,,81,1236,90,181.00,63.05,37.28,5030,317139
7,7,*NOUSE*,*NOUSE*,0,0,0,0,0,0,0,0
8,8,AMsHL,,88,1167,90,112.00,56.95,19.39,1154,65718
9,9,ADEsHL,*MANUAL*,89,1089,89,188.00,122.24,24.98,893,109164
10,10,RMGL,*MANUAL*,89,1149,61,141.00,93.47,17.68,895,83660
11,11,ADAL,*MANUAL*,92,1165,65,161.00,94.87,26.65,889,84340
12,12,ADEL,*MANUAL*,86,1170,72,178.00,121.52,21.72,799,97097
13,13,FLPL,*MANUAL*,91,1180,80,171.00,112.04,21.74,825,92434
14,14,RICL,*MANUAL*,90,1185,65,174.00,95.56,25.92,895,85522
15,15,AVDL,*MANUAL*,90,1193,80,185.00,112.38,22.14,871,97884
16,16,AIZL,*MANUAL*,84,1185,77,176.00,120.03,20.53,895,107425
17,17,AVJL,*MANUAL*,81,1191,96,232.00,142.32,31.67,792,112717
18,18,AWCL,*MANUAL*,91,1250,69,136.00,90.62,13.87,895,81106
19,19,AUAL,*MANUAL*,91,1233,65,176.00,104.34,22.04,889,92758
20,20,ASJL,*MANUAL*,91,1211,66,132.00,79.22,13.85,895,70903
21,21,ASHL,*MANUAL*,90,1235,79,149.00,86.24,19.06,895,77183
22,22,ASEL,*MANUAL*,90,1215,88,139.00,84.68,22.70,879,74435
23,23,AVBL,*MANUAL*,82,1202,89,167.00,117.26,19.49,895,104944
24,24,SIBDR,*MANUAL*,45,1274,55,245.00,152.88,30.82,895,136826
25,25,RMDR,*MANUAL*,42,1290,58,225.00,131.34,28.74,895,117547
26,26,AVAR,*MANUAL*,42,1287,72,180.00,118.51,22.67,895,106062
27,27,RMDVR,*MANUAL*,42,1303,75,192.00,115.68,25.85,895,103533
28,28,AFDR,*MANUAL*,42,1268,73,182.00,111.94,24.50,895,100184
29,29,AWBR,*MANUAL*,45,1245,90,212.00,122.58,38.36,895,109709
30,30,AVHR,*MANUAL*,47,1211,93,210.00,138.66,35.84,895,124105
31,31,ASGR,*MANUAL*,50,1227,94,196.00,124.50,31.11,879,109439
32,32,SIBDL,*MANUAL*,91,1266,65,168.00,110.68,20.64,894,98949
33,33,RMDL,*MANUAL*,91,1282,65,144.00,97.53,17.11,895,87288
34,34,AVAL,*MANUAL*,89,1279,76,158.00,98.89,17.88,895,88508
35,35,RMDVL,*MANUAL*,90,1298,77,147.00,89.16,18.51,867,77301
36,36,AFDL,*MANUAL*,88,1260,79,146.00,90.26,20.19,895,80784
37,37,AWBL,*MANUAL*,87,1240,95,194.00,111.35,26.70,895,99658
38,38,RIML,*MANUAL*,83,1203,72,150.00,99.89,22.59,895,89402
39,39,RIBL,*MANUAL*,82,1226,72,190.00,115.14,26.27,895,103050
40,40,AIBL,*MANUAL*,80,1246,71,176.00,106.37,21.54,895,95198
41,41,AVEL,*MANUAL*,81,1268,71,181.00,117.95,21.42,895,105563
42,42,AINL,*MANUAL*,75,1185,96,233.00,144.74,27.90,885,128098
43,43,AVHL,*MANUAL*,77,1208,100,194.00,123.72,29.42,895,110731
44,44,RIVL,*MANUAL*,70,1197,98,213.00,136.13,39.78,895,121833
45,45,ASGL,*MANUAL*,81,1226,100,177.00,111.42,22.68,895,99719
46,46,ADLL,*MANUAL*,68,1220,103,153.00,90.32,24.51,895,80840
47,47,ASIL,*MANUAL*,79,1218,88,152.00,92.97,23.44,1365,126901
48,48,ASKL,*MANUAL*,73,1251,101,147.00,100.89,16.03,873,88074
49,49,URXL,*MANUAL*,73,1270,101,180.00,112.17,24.18,895,100394
50,50,ALA,*MANUAL*,68,1282,104,183.00,113.62,21.65,895,101694
51,51,RID,*MANUAL*,68,1299,107,156.00,86.91,23.19,895,77787
52,52,SMDVL,*MANUAL*,85,1273,90,174.00,104.21,24.53,895,93271
53,53,RIAL,*MANUAL*,77,1262,92,174.00,110.12,24.29,895,98560
54,54,SAAVL,*MANUAL*,79,1281,83,193.00,109.39,29.81,895,97903
55,55,CEPDL,*MANUAL*,80,1284,100,188.00,112.65,27.63,895,100823
56,56,GLRDL,*MANUAL*,73,1290,92,208.00,121.52,33.99,895,108761
57,57,GLRL,*MANUAL*,77,1278,65,199.00,120.07,33.21,825,99054
58,58,GLRVL,*MANUAL*,72,1281,58,223.00,146.99,28.45,895,131559
59,59,ADFL,*MANUAL*,82,1251,87,164.00,99.80,19.81,895,89317
60,60,ADEsHR,*MANUAL*,44,1096,67,235.00,137.42,49.73,895,122995
61,61,RMGR,*MANUAL*,45,1163,56,240.00,147.12,37.10,889,130792
62,62,ADAR,*MANUAL*,46,1181,54,217.00,151.16,26.45,895,135286
63,63,ADER,*MANUAL*,47,1182,67,232.00,156.31,30.95,889,138961
64,64,FLPR,*MANUAL*,42,1189,74,212.00,150.61,26.87,895,134793
65,65,RICR,*MANUAL*,46,1198,59,225.00,145.15,29.24,889,129042
66,66,AWCR,*MANUAL*,43,1258,61,177.00,117.42,19.07,895,105093
67,67,AUAR,*MANUAL*,44,1241,56,211.00,133.71,34.52,895,119674
68,68,ASJR,*MANUAL*,46,1222,58,157.00,107.17,21.29,895,95919
69,69,ASHR,*MANUAL*,44,1248,73,169.00,105.49,17.68,895,94410
70,70,ASER,*MANUAL*,43,1225,80,158.00,93.08,20.73,895,83310
71,71,AVDR,*MANUAL*,42,1204,77,227.00,145.70,32.65,895,130404
72,72,AINR,*MANUAL*,46,1198,88,229.00,150.98,39.39,892,134678
73,73,AVBR,*MANUAL*,50,1212,82,201.00,137.65,22.31,895,123197
74,74,AVJR,*MANUAL*,56,1202,92,229.00,155.15,33.55,895,138858
75,75,RIVR,*MANUAL*,56,1188,91,213.00,144.70,33.25,881,127484
76,76,ASIR,*MANUAL*,58,1220,96,187.00,129.18,22.47,895,115617
77,77,ADLR,*MANUAL*,58,1241,101,156.00,96.37,18.82,895,86255
78,78,URXR,*MANUAL*,60,1272,99,199.00,113.80,28.42,895,101854
79,79,ADFR,*MANUAL*,50,1256,84,189.00,116.69,23.97,895,104439
80,80,SMDVR,*MANUAL*,46,1279,83,218.00,131.34,28.71,852,111900
81,81,RIAR,*MANUAL*,52,1270,82,196.00,124.16,26.58,895,111120
82,82,SAAVR,*MANUAL*,52,1287,81,225.00,136.49,30.44,895,122163
83,83,CEPDR,*MANUAL*,54,1285,97,215.00,119.78,41.57,867,103853
84,84,GLRDR,*MANUAL*,59,1293,93,221.00,134.17,40.47,895,120080
85,85,GLRR,*MANUAL*,56,1282,64,252.00,146.59,45.00,629,92206
86,86,GLRVR,*MANUAL*,61,1281,57,247.00,160.77,30.72,895,143886
87,87,AIZR,*MANUAL*,51,1197,72,236.00,153.64,34.53,895,137508
88,88,RIMR,*MANUAL*,52,1213,66,198.00,130.14,25.43,895,116475
89,89,RIBR,*MANUAL*,51,1233,68,212.00,134.63,37.99,895,120497
90,90,AIBR,*MANUAL*,54,1255,69,196.00,133.10,25.97,895,119128
91,91,AVER,*MANUAL*,51,1276,66,237.00,153.21,31.19,895,137119
92,92,DA1,*MANUAL*,71,1056,40,207.00,125.09,29.54,895,111956
93,93,RIGR,*MANUAL*,70,1074,38,204.00,115.85,27.62,895,103687
94,94,DD1,*MANUAL*,76,1091,40,221.00,133.84,29.87,895,119786
95,95,DB1,*MANUAL*,69,1096,32,194.00,113.31,29.89,895,101409
96,96,SABD,*MANUAL*,63,1118,34,222.00,107.07,47.49,895,95827
97,97,RIGL,*MANUAL*,78,1111,36,172.00,108.52,28.24,895,97129
98,98,AVG,*MANUAL*,71,1130,32,177.00,113.45,23.62,799,90644
99,99,RIFL,*MANUAL*,79,1133,36,171.00,120.07,23.75,895,107467
100,100,RIFR,*MANUAL*,61,1149,34,219.00,132.45,31.88,877,116157
101,101,SABVL,*MANUAL*,76,1153,34,212.00,137.90,28.88,818,112806
102,102,SABVR,*MANUAL*,68,1157,34,228.00,142.33,31.51,895,127382
103,103,DB2,*MANUAL*,67,1177,30,157.00,93.48,25.60,895,83663
104,104,W,*MANUAL*,72,1195,38,158.00,96.25,20.17,859,82678
105,105,G2,*MANUAL*,72,1229,41,204.00,119.89,30.48,895,107303
106,106,G1,*MANUAL*,72,1251,37,160.00,99.70,27.62,895,89233
107,107,EXC,*MANUAL*,75,1199,52,112.00,50.79,13.64,1365,69324
108,108,AIML,*MANUAL*,75,1179,47,202.00,122.61,29.02,857,105079
109,109,AIYL,*MANUAL*,82,1180,54,182.00,109.04,24.87,895,97593
110,110,AVKL,*MANUAL*,85,1164,49,149.00,89.53,25.38,895,80125
111,111,AIMR,*MANUAL*,64,1188,50,219.00,143.40,29.98,878,125902
112,112,AIYR,*MANUAL*,56,1194,56,222.00,150.03,32.04,895,134274
113,113,RIS,*MANUAL*,56,1183,45,198.00,120.72,27.54,895,108040
114,114,AVKR,*MANUAL*,53,1164,44,227.00,121.05,37.84,895,108342
115,115,SMBDR,*MANUAL*,60,1235,43,205.00,130.43,26.94,895,116731
116,116,SMDDR,*MANUAL*,56,1248,44,201.00,121.14,32.65,894,108299
117,117,RMDDR,*MANUAL*,55,1270,44,231.00,135.90,32.28,861,117010
118,118,SAADR,*MANUAL*,62,1266,50,220.00,159.04,22.54,843,134074
119,119,SMBVR,*MANUAL*,66,1246,49,209.00,139.16,23.37,881,122598
120,120,AIAR,*MANUAL*,66,1230,54,218.00,137.69,30.25,845,116352
121,121,SIADR,*MANUAL*,55,1223,46,202.00,134.69,31.61,893,120274
122,122,SIAVR,*MANUAL*,61,1219,55,209.00,145.34,23.68,895,130081
123,123,AVL,*MANUAL*,59,1239,59,204.00,124.00,23.81,895,110977
124,124,RIR,*MANUAL*,64,1255,59,212.00,143.35,26.28,879,126009
125,125,SIBVR,*MANUAL*,55,1259,55,226.00,159.54,24.58,895,142790
126,126,SMBDL,*MANUAL*,84,1238,43,183.00,107.62,26.27,895,96323
127,127,SMDDL,*MANUAL*,84,1258,43,177.00,102.21,26.84,895,91480
128,128,RMDDL,*MANUAL*,85,1272,52,195.00,122.19,26.61,831,101539
129,129,SAADL,*MANUAL*,79,1265,53,211.00,145.38,32.23,794,115432
130,130,RIH,*MANUAL*,71,1263,51,200.00,143.74,20.28,895,128646
131,131,SMBVL,*MANUAL*,76,1244,52,188.00,131.31,17.90,895,117524
132,132,AIAL,*MANUAL*,75,1230,57,216.00,143.51,22.21,895,128440
133,133,SIAVL,*MANUAL*,84,1217,47,172.00,104.82,21.52,895,93812
134,134,SIADL,*MANUAL*,85,1232,55,196.00,119.07,30.79,895,106568
135,135,EXC DUCT,*MANUAL*,76,1215,59,174.00,97.96,23.12,895,87670
136,136,SIBVL,*MANUAL*,82,1253,57,183.00,116.72,25.84,895,104467
137,137,vpi3V,*MANUAL*,67,1079,62,187.00,103.09,39.90,883,91028
138,138,vpi3D,*MANUAL*,69,1083,92,180.00,108.67,28.06,823,89434
139,139,vpi2V,*MANUAL*,67,1085,53,249.00,135.22,46.20,895,121024
140,140,vpi2DR,*MANUAL*,52,1090,85,227.00,129.24,47.47,886,114510
141,141,vpi2DL,*MANUAL*,82,1087,80,163.00,98.77,30.52,895,88396
142,142,vpi1,*MANUAL*,66,1091,95,179.00,90.74,33.10,895,81212
143,143,pm8,*MANUAL*,69,1091,63,186.00,98.16,32.95,895,87853
144,144,g2R,*MANUAL*,61,1100,53,244.00,136.71,39.49,895,122355
145,145,g2L,*MANUAL*,74,1102,52,208.00,125.26,33.63,895,112106
146,146,g1p,*MANUAL*,56,1104,79,142.00,78.01,24.57,895,69818
147,147,M5,*MANUAL*,80,1104,83,182.00,105.51,27.37,895,94431
148,148,pm7D,*MANUAL*,68,1124,98,161.00,91.00,24.12,895,81446
149,149,pm7VR,*MANUAL*,56,1120,59,178.00,111.00,26.03,895,99349
150,150,pm7VL,*MANUAL*,79,1116,63,144.00,80.37,20.25,895,71934
151,151,mc3V,*MANUAL*,65,1113,47,207.00,106.92,30.11,895,95691
152,152,mc3DL,*MANUAL*,84,1117,86,147.00,83.34,24.04,895,74592
153,153,mc3DR,*MANUAL*,49,1124,78,204.00,114.33,31.24,895,102321
154,154,pm6D,*MANUAL*,66,1145,91,168.00,108.63,20.49,895,97221
155,155,pm6VR,*MANUAL*,56,1145,58,173.00,111.29,21.40,895,99607
156,156,pm6VL,*MANUAL*,79,1142,61,125.00,84.30,16.26,895,75447
157,157,M1,*MANUAL*,55,1144,88,230.00,139.21,32.38,895,124596
158,158,I6,*MANUAL*,78,1144,92,192.00,123.17,25.83,895,110233
159,159,I5,*MANUAL*,69,1147,47,198.00,116.48,23.34,895,104253
160,160,g1aR,*MANUAL*,54,1157,78,189.00,116.76,32.26,895,104497
161,161,g1aL,*MANUAL*,79,1157,83,163.00,102.17,23.01,895,91444
162,162,I4,*MANUAL*,66,1160,91,216.00,134.79,32.44,895,120637
163,163,M2R,*MANUAL*,55,1160,60,248.00,170.74,31.33,880,150253
164,164,M2L,*MANUAL*,78,1160,65,212.00,130.09,30.54,891,115911
165,165,pm5VR,*MANUAL*,63,1164,54,186.00,124.55,23.29,797,99269
166,166,pM5VL,*MANUAL*,71,1164,57,234.00,130.29,29.44,895,116612
167,167,pm5L,*MANUAL*,78,1169,75,207.00,118.03,26.53,895,105638
168,168,pM5DL,*MANUAL*,69,1175,87,193.00,119.09,23.54,891,106110
169,169,pm5DR,*MANUAL*,59,1170,85,206.00,117.84,25.69,895,105471
170,170,pm5R,*MANUAL*,56,1171,70,209.00,127.35,29.32,895,113981
171,171,mc2V,*MANUAL*,68,1192,64,163.00,96.47,27.25,895,86344
172,172,mc2DR,*MANUAL*,59,1191,79,165.00,105.85,25.75,895,94732
173,173,mc2DL,*MANUAL*,73,1192,82,161.00,92.97,22.57,895,83208
174,174,H1L,*MANUAL*,96,1306,72,114.00,51.49,17.09,1365,70282
175,175,URBL,*MANUAL*,92,1340,78,169.00,104.15,21.65,883,91963
176,176,IL1L,*MANUAL*,92,1351,66,150.00,89.61,21.27,895,80199
177,177,URYVL,*MANUAL*,90,1340,61,167.00,99.29,21.82,895,88866
178,178,BAGL,*MANUAL*,91,1325,69,131.00,84.41,15.72,1276,107708
179,179,OLQVL,*MANUAL*,85,1325,61,157.00,96.79,19.16,895,86627
180,180,CEPshVL,*MANUAL*,89,1308,60,137.00,74.64,23.41,895,66806
181,181,URAVL,*MANUAL*,84,1331,49,183.00,116.95,29.78,895,104671
182,182,IL2VL,*MANUAL*,79,1350,43,169.00,100.04,25.65,895,89534
183,183,IL1VL,*MANUAL*,73,1337,46,205.00,123.04,25.91,878,108027
184,184,CEPVL,*MANUAL*,76,1317,48,192.00,130.27,20.54,878,114376
185,185,RMEV,*MANUAL*,70,1303,41,166.00,107.03,20.99,895,95796
186,186,CEPsoVL,*MANUAL*,88,1354,53,169.00,104.88,24.23,880,92297
187,187,IL2L,*MANUAL*,95,1361,78,139.00,82.40,18.51,819,67486
188,188,XXXL,*MANUAL*,94,1371,67,170.00,100.65,22.40,895,90083
189,189,OLLshL,*MANUAL*,92,1390,69,167.00,92.89,28.09,895,83137
190,190,OLQsHVL,*MANUAL*,89,1404,60,170.00,97.32,23.16,893,86911
191,191,ILshL,*MANUAL*,85,1417,55,166.00,90.67,29.67,895,81151
192,192,OLQsoVL,*MANUAL*,85,1430,55,145.00,89.03,21.95,895,79684
193,193,ILsoL,*MANUAL*,89,1440,63,159.00,90.25,18.00,895,80773
194,194,ARCpVL,*MANUAL*,87,1455,59,153.00,84.34,24.68,773,65197
195,195,ARCaDL,*MANUAL*,89,1471,67,134.00,78.28,20.40,895,70057
196,196,hyp2L,*MANUAL*,90,1457,73,128.00,74.24,18.51,895,66444
197,197,AMsoL,*MANUAL*,89,1440,79,113.00,64.72,17.78,895,57928
198,198,ARCpDL,*MANUAL*,87,1422,85,136.00,76.91,20.83,895,68832
199,199,hyp1L,*MANUAL*,92,1407,80,163.00,85.46,26.29,895,76484
200,200,ILshDL,*MANUAL*,86,1400,90,197.00,98.32,29.23,895,87992
201,201,OLQshDL,*MANUAL*,91,1386,83,173.00,97.20,33.65,895,86997
202,202,OLLsoL,*MANUAL*,89,1364,84,176.00,102.74,29.01,895,91955
203,203,CEPsoDL,*MANUAL*,85,1357,93,203.00,114.42,33.15,839,95996
204,204,RMEL,*MANUAL*,85,1319,77,155.00,92.76,20.13,895,83016
205,205,RIPL,*MANUAL*,84,1332,79,156.00,103.55,20.65,895,92679
206,206,OLLL,*MANUAL*,84,1345,84,166.00,94.01,20.03,895,84137
207,207,CEPshDL,*MANUAL*,83,1323,92,169.00,96.71,27.25,895,86554
208,208,URYDL,*MANUAL*,82,1336,95,177.00,110.66,24.57,889,98379
209,209,URADL,*MANUAL*,78,1352,97,199.00,125.64,27.61,895,112449
210,210,IL2DL,*MANUAL*,73,1372,103,163.00,91.57,26.32,895,81956
211,211,IL1DL,*MANUAL*,72,1341,96,192.00,116.84,26.68,895,104575
212,212,OLQDL,*MANUAL*,73,1328,102,175.00,108.98,25.84,755,82280
213,213,RMED,*MANUAL*,66,1323,102,194.00,116.57,25.92,895,104331
214,214,H1R,*MANUAL*,38,1318,67,141.00,65.15,29.03,1332,86778
215,215,URBR,*MANUAL*,38,1358,74,208.00,118.71,42.60,895,106244
216,216,IL1R,*MANUAL*,40,1367,65,193.00,122.86,30.90,895,109959
217,217,URYVR,*MANUAL*,41,1354,63,209.00,136.08,24.27,894,121658
218,218,BAGR,*MANUAL*,41,1340,69,172.00,100.87,27.25,895,90275
219,219,OLQVR,*MANUAL*,49,1334,57,192.00,109.71,33.10,895,98190
220,220,CEPshVR,*MANUAL*,47,1316,57,205.00,108.11,42.24,895,96756
221,221,URAVR,*MANUAL*,56,1330,47,238.00,141.65,33.72,895,126774
222,222,IL2VR,*MANUAL*,59,1345,42,214.00,128.27,26.82,862,110572
223,223,CEPVR,*MANUAL*,62,1313,42,201.00,131.71,29.21,777,102341
224,224,IL1VR,*MANUAL*,66,1323,48,215.00,141.75,23.04,895,126868
225,225,CEPsoVR,*MANUAL*,47,1352,53,226.00,126.90,35.66,895,113573
226,226,IL2R,*MANUAL*,38,1379,76,175.00,96.54,36.52,889,85822
227,227,XXXR,*MANUAL*,41,1393,64,237.00,138.32,50.79,851,117713
228,228,OLQshVR,*MANUAL*,47,1398,58,224.00,116.77,38.99,895,104506
229,229,ILshR,*MANUAL*,47,1415,57,199.00,113.40,37.30,895,101492
230,230,OLQsoVR,*MANUAL*,51,1433,54,189.00,114.11,31.76,895,102125
231,231,ILsoR,*MANUAL*,48,1441,62,205.00,117.80,32.20,895,105434
232,232,ARCpVR,*MANUAL*,48,1462,62,170.00,93.18,30.86,895,83399
233,233,ARCaDR,*MANUAL*,46,1486,69,178.00,103.85,33.62,895,92942
234,234,AMsoR,*MANUAL*,46,1470,76,157.00,84.16,27.81,895,75327
235,235,ARCpDR,*MANUAL*,46,1444,77,158.00,83.40,21.18,895,74646
236,236,hyp1R,*MANUAL*,50,1431,84,172.00,92.67,27.70,895,82940
237,237,ILshDR,*MANUAL*,47,1416,83,200.00,111.87,34.14,835,93413
238,238,OLLsOR,*MANUAL*,49,1407,84,207.00,121.47,36.99,895,108717
239,239,OLLshR,*MANUAL*,41,1398,82,218.00,124.18,38.70,895,111137
240,240,OLQshDR,*MANUAL*,44,1385,82,213.00,123.99,33.16,873,108240
241,241,CEPsoDR,*MANUAL*,45,1366,84,226.00,118.86,45.38,895,106377
242,242,RMER,*MANUAL*,46,1323,71,217.00,136.51,29.92,895,122176
243,243,RIPR,*MANUAL*,48,1335,79,229.00,127.25,29.64,895,113893
244,244,OLLR,*MANUAL*,47,1350,82,183.00,112.98,28.14,881,99535
245,245,CEPshDR,*MANUAL*,47,1324,87,181.00,100.96,30.92,895,90357
246,246,URYDR,*MANUAL*,49,1340,92,210.00,122.91,33.38,895,110002
247,247,URADR,*MANUAL*,50,1352,92,202.00,128.48,30.18,895,114994
248,248,IL2DR,*MANUAL*,53,1368,101,161.00,96.81,26.96,895,86647
249,249,IL1DR,*MANUAL*,60,1348,100,197.00,119.22,28.14,895,106706
250,250,OLQDR,*MANUAL*,61,1335,100,191.00,126.12,24.82,879,110861
251,251,H0R,*MANUAL*,42,1415,69,139.00,65.51,21.71,1365,89415
252,252,M3R,*MANUAL*,57,1334,66,234.00,143.07,30.20,895,128048
253,253,M3L,*MANUAL*,75,1332,68,188.00,115.04,25.97,895,102962
254,254,M4,*MANUAL*,65,1331,83,172.00,98.29,24.29,895,87968
255,255,I3,*MANUAL*,67,1359,88,223.00,119.39,30.13,895,106853
256,256,NSMR,*MANUAL*,55,1359,59,207.00,138.91,25.97,895,124325
257,257,NSML,*MANUAL*,80,1358,59,168.00,112.93,20.12,895,101072
258,258,mi,*MANUAL*,67,1375,91,198.00,123.05,25.12,827,101765
259,259,pm4DL,*MANUAL*,75,1378,86,154.00,92.51,25.97,895,82792
260,260,pm4L,*MANUAL*,81,1370,71,152.00,83.80,26.90,895,75002
261,261,pm4VL,*MANUAL*,75,1373,50,156.00,83.92,21.48,895,75106
262,262,pm4VR,*MANUAL*,62,1368,52,162.00,83.96,23.73,895,75141
263,263,pm4R,*MANUAL*,53,1373,71,216.00,115.00,30.11,895,102927
264,264,pm4DR,*MANUAL*,59,1371,86,171.00,101.55,26.30,895,90885
265,265,I2R,*MANUAL*,55,1373,60,203.00,132.81,32.65,895,118867
266,266,MCR,*MANUAL*,54,1384,59,197.00,125.52,28.98,895,112339
267,267,MCL,*MANUAL*,77,1378,63,190.00,114.47,26.73,839,96039
268,268,I2L,*MANUAL*,84,1376,57,191.00,113.61,27.05,895,101683
269,269,pm1DR,*MANUAL*,63,1392,87,205.00,123.44,36.32,609,75173
270,270,pm1DL,*MANUAL*,70,1393,87,234.00,142.08,38.56,892,126737
271,271,mc1DL,*MANUAL*,78,1391,79,143.00,80.92,19.17,871,70485
272,272,pm1L,*MANUAL*,81,1395,70,193.00,97.73,28.52,895,87469
273,273,pm1VL,*MANUAL*,78,1394,56,209.00,114.31,27.25,879,100479
274,274,mc1V,*MANUAL*,70,1392,49,165.00,87.20,20.81,895,78047
275,275,pm1VR,*MANUAL*,61,1396,57,206.00,109.46,37.84,895,97971
276,276,pm1R,*MANUAL*,55,1397,70,223.00,133.15,32.78,895,119165
277,277,mc1DR,*MANUAL*,55,1392,81,182.00,99.22,20.69,895,88803
278,278,e3D,*MANUAL*,68,1420,88,141.00,71.23,27.59,895,63753
279,279,I1R,*MANUAL*,59,1413,64,185.00,99.85,29.74,895,89368
280,280,I1L,*MANUAL*,80,1410,64,171.00,100.04,22.11,895,89537
281,281,pm3R,*MANUAL*,58,1437,70,130.00,70.22,23.76,876,61517
282,282,pm3L,*MANUAL*,78,1435,69,96.00,62.33,12.80,879,54788
283,283,pm3DR,*MANUAL*,63,1441,84,110.00,58.26,19.77,895,52139
284,284,e3VR,*MANUAL*,59,1455,63,134.00,67.00,27.35,895,59962
285,285,e3VL,*MANUAL*,79,1454,61,159.00,81.42,26.24,895,72873
286,286,e1D,*MANUAL*,67,1461,88,151.00,83.13,22.76,651,54118
287,287,pm3DL,*MANUAL*,72,1466,85,145.00,68.33,26.23,895,61155
288,288,pm3VL,*MANUAL*,72,1470,58,97.00,50.84,15.43,895,45499
289,289,pm3VR,*MANUAL*,61,1481,62,119.00,53.47,17.56,895,47856
290,290,pm2D2,*MANUAL*,67,1491,87,157.00,86.15,27.70,895,77106
291,291,pm2D1,*MANUAL*,69,1509,87,157.00,78.00,29.15,895,69808
292,292,e2D,*MANUAL*,70,1532,87,98.00,54.35,18.64,895,48647
293,293,pm2VR2,*MANUAL*,58,1520,65,154.00,82.63,30.27,895,73953
294,294,pm2VR1,*MANUAL*,58,1544,64,133.00,67.99,20.49,895,60847
295,295,e2VR,*MANUAL*,60,1566,61,173.00,92.85,27.46,895,83101
296,296,pm2VL2,*MANUAL*,78,1508,61,156.00,86.22,28.79,895,77171
297,297,e1VL,*MANUAL*,78,1485,60,165.00,97.04,28.23,847,82192
298,298,pm2VL1,*MANUAL*,78,1521,61,154.00,86.08,28.94,895,77045
299,299,e2VL,*MANUAL*,79,1551,61,113.00,53.84,22.57,895,48190
300,300,hyp5L,*MANUAL*,87,1517,69,103.00,46.15,13.42,895,41306
301,301,hyp5R,*MANUAL*,50,1541,75,103.00,47.77,15.07,895,42750
302,302,hyp4V1,*MANUAL*,71,1588,53,129.00,63.76,28.05,895,57066
303,303,hyp4V2,*MANUAL*,70,1561,49,150.00,72.94,27.51,895,65279
304,304,ARCaV,*MANUAL*,72,1534,46,151.00,79.68,26.94,895,71317
305,305,hyp2V,*MANUAL*,64,1525,48,150.00,74.14,26.03,895,66353
306,306,ARCpV,*MANUAL*,72,1508,45,170.00,98.36,23.24,895,88031
307,307,hyp1V,*MANUAL*,64,1500,48,178.00,96.58,27.67,892,86148
308,308,ILsoVR,*MANUAL*,64,1479,47,180.00,106.04,25.99,895,94905
309,309,ILshVR,*MANUAL*,64,1455,46,201.00,118.60,31.78,895,106149
310,310,ILsoVL,*MANUAL*,73,1489,45,171.00,105.15,28.96,883,92851
311,311,ILsHVL,*MANUAL*,72,1465,44,182.00,115.23,32.03,811,93454
312,312,hyp7V2,*MANUAL*,68,1339,36,140.00,60.34,24.36,2103,126886
313,313,hyp7V1,*MANUAL*,68,1362,35,118.00,56.96,17.98,1365,77750
314,314,hyp6V2,*MANUAL*,68,1439,40,114.00,53.02,16.71,1365,72376
315,315,hyp6V1,*MANUAL*,68,1496,38,108.00,48.43,18.54,1365,66106
316,316,hyp4d,*MANUAL*,72,1582,95,95.00,38.45,18.87,895,34411
317,317,hyp31,*MANUAL*,65,1518,99,160.00,84.16,27.88,895,75319
318,318,hyp32,*MANUAL*,67,1506,99,157.00,92.18,22.34,895,82499
319,319,ARCpD,*MANUAL*,71,1489,98,158.00,99.12,23.21,803,79597
320,320,hyp7D2,*MANUAL*,66,1260,114,128.00,43.47,25.09,895,38908
321,321,hyp7D1,*MANUAL*,66,1354,109,101.00,39.01,15.76,895,34915
322,322,hyp6D4,*MANUAL*,66,1393,105,146.00,73.72,23.13,895,65976
323,323,hyp6D3,*MANUAL*,68,1415,101,130.00,68.60,17.79,895,61401
324,324,hyp6D2,*MANUAL*,66,1450,99,138.00,78.71,20.57,621,48879
325,325,hyp6D1,*MANUAL*,67,1482,99,150.00,81.17,22.43,745,60471
326,326,ILsoDR,*MANUAL*,59,1483,96,197.00,95.39,30.61,895,85378
327,327,OLQsoDR,*MANUAL*,61,1463,97,190.00,108.93,33.17,843,91828
328,328,ILsoDL,*MANUAL*,73,1470,98,184.00,94.35,28.83,895,84447
329,329,OLQsoDL,*MANUAL*,73,1450,98,187.00,101.72,28.33,895,91038
330,330,VL1,*MANUAL*,85,1488,54,124.00,63.79,14.64,895,57093
331,331,VL2,*MANUAL*,81,1468,46,134.00,76.08,16.61,895,68093
332,332,VL3,*MANUAL*,80,1426,41,116.00,70.82,15.45,895,63384
333,333,VL4,*MANUAL*,91,1386,52,113.00,61.81,16.20,895,55320
334,334,VL5,*MANUAL*,81,1314,40,132.00,70.31,23.58,895,62924
335,335,VL6,*MANUAL*,90,1292,49,125.00,66.44,18.52,895,59468
336,336,VL7,*MANUAL*,80,1191,38,142.00,79.62,25.66,895,71258
337,337,VL8,*MANUAL*,88,1138,45,122.00,66.65,18.79,895,59654
338,338,EXC GL L,*MANUAL*,87,1101,47,161.00,89.97,27.74,895,80519
339,339,VL9,*MANUAL*,83,1076,46,161.00,79.88,28.62,895,71495
340,340,VL10,*MANUAL*,87,1040,44,164.00,83.95,27.85,895,75131
341,341,VL11,*MANUAL*,75,957,37,192.00,102.45,30.72,889,91082
342,342,VL12,*MANUAL*,81,913,39,151.00,87.46,28.09,895,78273
343,343,VL13,*MANUAL*,76,847,40,191.00,98.05,28.79,895,87753
344,344,VL14,*MANUAL*,81,806,53,155.00,84.22,26.66,895,75378
345,345,CCLA,*MANUAL*,75,779,48,241.00,110.25,49.23,895,98676
346,346,CCLP,*MANUAL*,78,764,49,212.00,115.91,33.45,895,103738
347,347,VL15,*MANUAL*,75,730,46,170.00,96.82,26.81,895,86656
348,348,VL16,*MANUAL*,77,659,50,138.00,77.34,21.60,895,69223
349,349,VL17,*MANUAL*,76,549,52,122.00,64.85,19.61,895,58041
350,350,VL18,*MANUAL*,77,437,54,138.00,64.75,22.02,895,57949
351,351,VL19,*MANUAL*,72,271,62,151.00,95.88,23.14,867,83132
352,352,VR20,*MANUAL*,62,272,63,141.00,90.62,21.08,895,81103
353,353,VR19,*MANUAL*,61,452,53,152.00,74.47,26.87,873,65014
354,354,VR18,*MANUAL*,56,534,54,116.00,61.34,23.48,895,54898
355,355,VR17,*MANUAL*,62,616,54,155.00,70.75,26.78,895,63319
356,356,VR16,*MANUAL*,55,691,55,175.00,92.46,25.98,895,82752
357,357,VR15,*MANUAL*,57,770,54,179.00,99.27,25.51,895,88848
358,358,VR14,*MANUAL*,54,811,54,178.00,92.54,28.31,895,82827
359,359,VR13,*MANUAL*,57,877,41,186.00,105.74,32.13,895,94637
360,360,VR12,*MANUAL*,53,927,42,179.00,90.17,31.52,895,80699
361,361,CCRA,*MANUAL*,53,980,48,246.00,140.62,46.83,895,125859
362,362,CCRP,*MANUAL*,56,962,44,227.00,132.11,41.48,895,118237
363,363,VR11,*MANUAL*,57,999,40,186.00,109.00,29.77,895,97556
364,364,VR10,*MANUAL*,55,1056,41,217.00,94.06,40.48,895,84180
365,365,VR9,*MANUAL*,57,1090,41,182.00,105.00,32.02,895,93977
366,366,EXC GL R,*MANUAL*,46,1120,51,201.00,114.64,33.36,895,102600
367,367,VR8,*MANUAL*,49,1142,43,184.00,97.59,33.65,895,87345
368,368,VR7,*MANUAL*,56,1204,40,170.00,98.26,23.06,895,87946
369,369,VR6,*MANUAL*,48,1291,45,180.00,83.92,25.93,895,75106
370,370,VR5,*MANUAL*,55,1310,39,167.00,87.82,26.00,895,78598
371,371,VR4,*MANUAL*,46,1366,49,147.00,68.60,21.51,895,61393
372,372,VR3,*MANUAL*,54,1421,41,131.00,67.26,23.46,895,60199
373,373,VR2,*MANUAL*,54,1465,44,127.00,67.91,22.56,895,60782
374,374,VR1,*MANUAL*,48,1482,54,118.00,62.28,19.48,895,55742
375,375,DR1,*MANUAL*,50,1492,86,110.00,59.94,17.97,895,53647
376,376,DR2,*MANUAL*,53,1462,92,142.00,66.81,24.09,895,59792
377,377,DR3,*MANUAL*,56,1421,97,129.00,68.50,20.38,895,61306
378,378,DR5,*MANUAL*,54,1327,102,163.00,80.19,29.57,895,71772
379,379,DR4,*MANUAL*,46,1384,92,147.00,77.35,22.31,895,69225
380,380,DR6,*MANUAL*,47,1300,92,147.00,74.19,24.16,895,66402
381,381,DR7,*MANUAL*,54,1191,101,172.00,99.21,28.94,895,88795
382,382,DR8,*MANUAL*,52,1158,100,193.00,92.74,31.59,895,83005
383,383,DR9,*MANUAL*,56,1107,106,188.00,67.66,37.22,895,60560
384,384,DR10,*MANUAL*,50,1057,97,212.00,99.12,40.43,895,88712
385,385,DR11,*MANUAL*,58,1024,102,198.00,100.96,36.79,895,90357
386,386,DR12,*MANUAL*,57,953,101,214.00,104.17,40.62,895,93236
387,387,DR13,*MANUAL*,60,910,104,187.00,90.19,40.78,895,80718
388,388,DR14,*MANUAL*,60,852,103,222.00,105.92,32.48,895,94798
389,389,DR15,*MANUAL*,64,806,108,178.00,94.96,34.26,895,84985
390,390,DR16,*MANUAL*,59,727,101,176.00,80.28,36.34,895,71848
391,391,DR17,*MANUAL*,58,655,94,136.00,71.74,24.50,895,64205
392,392,DR18,*MANUAL*,58,571,96,164.00,79.00,25.82,895,70708
393,393,DR19,*MANUAL*,60,493,94,180.00,92.70,29.19,895,82967
394,394,DR20,*MANUAL*,61,433,93,154.00,87.13,29.14,895,77978
395,395,DR21,*MANUAL*,62,327,94,156.00,77.53,26.36,895,69385
396,396,DL21,*MANUAL*,68,256,85,164.00,90.72,22.62,889,80653
397,397,DL20,*MANUAL*,75,413,94,149.00,79.42,26.48,895,71085
398,398,DL19,*MANUAL*,73,458,94,171.00,99.70,26.84,884,88135
399,399,DL18,*MANUAL*,75,527,97,134.00,69.23,21.96,895,61958
400,400,DL17,*MANUAL*,78,597,98,146.00,70.62,20.52,895,63208
401,401,DL16,*MANUAL*,80,676,94,125.00,57.72,21.03,895,51661
402,402,DL15,*MANUAL*,80,752,103,157.00,78.96,22.89,895,70668
403,403,DL14,*MANUAL*,84,814,103,159.00,82.13,28.02,895,73510
404,404,DL13,*MANUAL*,81,867,103,168.00,84.25,30.82,895,75407
405,405,DL12,*MANUAL*,82,921,101,179.00,85.38,26.42,895,76412
406,406,DL11,*MANUAL*,81,987,102,166.00,93.27,24.82,895,83473
407,407,DL10,*MANUAL*,83,1042,102,134.00,77.65,21.12,895,69496
408,408,DL9,*MANUAL*,78,1089,104,165.00,75.85,26.83,895,67883
409,409,DL8,*MANUAL*,82,1135,104,147.00,56.58,27.83,895,50640
410,410,DL7,*MANUAL*,69,1183,105,183.00,104.63,26.46,895,93647
411,411,HMC,*MANUAL*,63,1169,102,172.00,78.73,38.86,895,70463
412,412,DL6,*MANUAL*,87,1306,95,128.00,67.63,18.56,895,60531
413,413,DL5,*MANUAL*,79,1316,103,130.00,62.48,24.24,895,55920
414,414,DL4,*MANUAL*,87,1378,96,149.00,74.87,23.11,895,67006
415,415,DL3,*MANUAL*,81,1418,96,118.00,65.91,16.36,895,58991
416,416,DL2,*MANUAL*,82,1458,90,109.00,59.99,13.30,895,53689
417,417,DL1,*MANUAL*,84,1487,84,99.00,58.86,14.26,895,52678
418,418,hyp102,*MANUAL*,74,94,78,117.00,53.58,21.11,895,47955
419,419,hyp101,*MANUAL*,72,131,79,142.00,76.56,28.11,895,68523
420,420,hyp9,*MANUAL*,75,139,71,161.00,76.03,23.69,895,68043
421,421,hyp8,*MANUAL*,72,175,71,122.00,75.75,19.43,857,64920
422,422,hyp11,*MANUAL*,79,174,78,115.00,72.60,17.46,895,64976
423,423,hyp72,*MANUAL*,71,206,70,138.00,75.70,22.94,895,67754
424,424,hyp71,*MANUAL*,70,226,63,155.00,70.27,24.52,895,62893
425,425,PVR,*MANUAL*,69,217,81,186.00,99.15,23.67,895,88741
426,426,TL,*MANUAL*,76,235,80,118.00,57.39,19.79,895,51362
427,427,PLML,*MANUAL*,73,247,71,163.00,108.36,19.81,895,96980
428,428,PHshL,*MANUAL*,74,264,78,191.00,116.54,24.53,895,104306
429,429,ALNL,*MANUAL*,74,278,84,196.00,117.36,23.64,895,105037
430,430,PVCL,*MANUAL*,76,287,72,181.00,113.81,19.42,889,101177
431,431,LUAL,*MANUAL*,77,294,82,201.00,126.28,28.92,895,113018
432,432,PHBL,*MANUAL*,77,306,79,151.00,106.15,17.64,893,94793
433,433,PHAL,*MANUAL*,77,306,67,181.00,113.94,28.59,859,97872
434,434,PVQL,*MANUAL*,78,320,75,150.00,104.47,16.24,895,93503
435,435,repVL,*MANUAL*,79,347,74,147.00,98.81,18.38,889,87845
436,436,SPH,*MANUAL*,79,364,68,173.00,125.73,17.48,892,112153
437,437,virL,*MANUAL*,76,362,85,176.00,92.22,24.28,895,82536
438,438,virR,*MANUAL*,63,363,83,161.00,101.45,26.12,895,90797
439,439,K,*MANUAL*,75,326,88,150.00,89.60,24.31,895,80195
440,440,repD,*MANUAL*,69,340,93,185.00,115.40,22.86,885,102132
441,441,DVC,*MANUAL*,67,280,72,168.00,110.65,19.95,895,99029
442,442,DEP,*MANUAL*,67,288,85,166.00,99.60,22.37,895,89138
443,443,DVA,*MANUAL*,67,307,85,167.00,102.88,17.33,895,92081
444,444,B,*MANUAL*,67,303,64,163.00,91.12,24.74,1363,124199
445,445,F,*MANUAL*,67,323,79,173.00,114.94,19.21,895,102870
446,446,K',*MANUAL*,60,338,87,209.00,118.53,30.27,777,92101
447,447,TR,*MANUAL*,62,235,79,117.00,58.28,20.32,895,52164
448,448,PLMR,*MANUAL*,61,250,71,168.00,101.54,25.60,895,90880
449,449,PHsHR,*MANUAL*,61,262,79,184.00,115.65,28.64,895,103505
450,450,ALNR,*MANUAL*,60,275,83,197.00,122.72,25.44,895,109836
451,451,PVCR,*MANUAL*,57,287,76,171.00,113.07,22.92,891,100742
452,452,LUAR,*MANUAL*,56,296,83,215.00,132.28,30.77,895,118392
453,453,PHBR,*MANUAL*,55,308,81,158.00,105.52,20.84,895,94437
454,454,PHAR,*MANUAL*,57,308,67,189.00,104.20,36.10,895,93260
455,455,PVQR,*MANUAL*,55,323,73,157.00,104.49,22.84,895,93516
456,456,repVR,*MANUAL*,55,352,76,172.00,106.62,26.74,895,95424
457,457,YPDA,*MANUAL*,67,334,56,173.00,83.56,28.63,895,74786
458,458,U,*MANUAL*,71,341,69,148.00,92.50,22.20,895,82790
459,459,DA9,*MANUAL*,58,344,65,176.00,103.14,25.09,895,92313
460,460,DA8,*MANUAL*,73,348,59,178.00,117.96,27.21,893,105341
461,461,DD6,*MANUAL*,69,357,65,202.00,135.53,25.80,892,120893
462,462,PVPR,*MANUAL*,59,363,65,199.00,127.09,24.15,895,113750
463,463,PVPL,*MANUAL*,73,372,59,180.00,109.80,21.14,895,98267
464,464,PVT,*MANUAL*,62,381,60,179.00,99.72,23.42,895,89251
465,465,imR,*MANUAL*,56,402,64,186.00,60.24,29.47,895,53913
466,466,imL,*MANUAL*,79,393,60,176.00,85.08,28.38,895,76145
467,467,H2L,*MANUAL*,96,1138,72,86.00,38.89,14.26,2103,81782
468,468,hyp7ABLV,*MANUAL*,94,1082,64,88.00,42.09,14.10,1365,57458
469,469,hyp7ABLD,*MANUAL*,95,1095,80,97.00,43.23,15.68,1365,59008
470,470,hyp7ABRV,*MANUAL*,42,1065,72,160.00,56.70,28.82,2103,119248
471,471,hyp7ABRD,*MANUAL*,42,1086,83,156.00,73.09,31.55,1365,99774
472,472,hyp7ABR3,*MANUAL*,42,1042,67,144.00,44.62,25.24,2103,93834
473,473,V1R,*MANUAL*,45,973,62,190.00,88.38,31.31,895,79101
474,474,hyp7RC1,*MANUAL*,45,995,78,104.00,37.13,17.20,1365,50686
475,475,hyp7RC2,*MANUAL*,48,860,82,111.00,42.20,20.31,2103,88753
476,476,hyp7RC3,*MANUAL*,47,721,85,151.00,44.04,23.82,1365,60110
477,477,hyp7RC4,*MANUAL*,49,609,82,86.00,37.29,15.01,1365,50895
478,478,hyp7RC5,*MANUAL*,51,488,78,104.00,40.25,18.83,1365,54946
479,479,hyp7RC6,*MANUAL*,52,340,87,153.00,52.18,29.73,1365,71228
480,480,hyp7LC1,*MANUAL*,95,1032,75,72.00,27.53,12.19,2103,57887
481,481,hyp7LC2,*MANUAL*,91,895,80,74.00,31.67,12.47,2103,66612
482,482,hyp7LC3,*MANUAL*,91,763,87,96.00,30.51,14.07,2103,64166
483,483,hyp7LC4,*MANUAL*,89,641,78,81.00,30.34,12.37,1365,41412
484,484,hyp7LC5,*MANUAL*,84,514,83,88.00,33.23,14.77,2103,69889
485,485,hyp7LC6,*MANUAL*,84,371,86,97.00,46.12,18.35,1365,62947
486,486,V1L,*MANUAL*,92,990,73,114.00,49.89,18.69,895,44656
487,487,BDUL,*MANUAL*,90,1014,70,192.00,109.92,28.29,895,98378
488,488,P1/2L,*MANUAL*,90,937,48,125.00,64.36,20.83,895,57606
489,489,V2L,*MANUAL*,92,894,55,102.00,47.91,18.30,1365,65397
490,490,P3/4L,*MANUAL*,92,848,54,123.00,57.99,20.23,1365,79156
491,491,V3L,*MANUAL*,92,789,64,95.00,43.68,16.29,1365,59626
492,492,canl,*MANUAL*,89,735,74,141.00,80.96,20.38,895,72455
493,493,ALML,*MANUAL*,89,857,95,173.00,104.70,27.55,895,93705
494,494,P5/6L,*MANUAL*,89,717,54,97.00,59.75,15.97,895,53473
495,495,HSNL,*MANUAL*,86,691,56,165.00,95.57,26.50,895,85536
496,496,V4L,*MANUAL*,88,665,57,108.00,47.57,16.73,895,42572
497,497,P7/8L,*MANUAL*,88,622,56,123.00,60.65,21.47,895,54279
498,498,QL,*MANUAL*,87,576,65,109.00,58.60,15.84,895,52450
499,499,V5L,*MANUAL*,83,530,66,101.00,48.66,17.50,895,43551
500,500,P9/10L,*MANUAL*,83,503,60,117.00,70.09,17.56,895,62732
501,501,V6L,*MANUAL*,84,456,67,116.00,40.63,21.29,1365,55460
502,502,P11/12L,*MANUAL*,85,374,66,131.00,57.54,23.15,1365,78545
503,503,P1/2R,*MANUAL*,45,934,50,172.00,96.48,28.00,895,86349
504,504,V2R,*MANUAL*,46,890,59,123.00,58.55,25.43,895,52403
505,505,P3/4R,*MANUAL*,47,843,57,162.00,85.77,27.98,895,76761
506,506,V3R,*MANUAL*,47,789,69,146.00,70.50,25.20,1365,96239
507,507,CANR,*MANUAL*,50,766,82,208.00,111.22,32.80,895,99541
508,508,ALMR,*MANUAL*,54,833,97,208.00,123.67,27.13,895,110688
509,509,P5/6R,*MANUAL*,46,752,65,147.00,73.23,25.68,895,65544
510,510,HSNR,*MANUAL*,48,685,67,229.00,118.92,40.75,895,106430
511,511,V4R,*MANUAL*,49,649,65,138.00,57.74,25.50,1365,78810
512,512,P7/8R,*MANUAL*,49,611,59,122.00,73.44,20.96,895,65731
513,513,QR,*MANUAL*,49,587,64,146.00,76.48,23.20,847,64776
514,514,M,*MANUAL*,58,584,71,105.00,41.95,18.98,2013,84443
515,515,V5R,*MANUAL*,48,528,68,144.00,59.34,22.71,1365,80998
516,516,P9/10R,*MANUAL*,50,498,61,151.00,79.32,23.97,895,70988
517,517,V6R,*MANUAL*,52,451,65,134.00,67.79,25.29,895,60675
518,518,P11/12R,*MANUAL*,52,377,67,143.00,81.95,23.40,895,73345
519,519,inVR1,*MANUAL*,58,1022,55,110.00,41.18,17.85,2103,86598
520,520,inVL1,*MANUAL*,79,1027,51,114.00,48.95,16.19,2103,102941
521,521,inDL1,*MANUAL*,82,1030,91,100.00,46.48,15.30,1365,63452
522,522,inDR1,*MANUAL*,56,1032,88,106.00,53.12,16.59,1365,72507
523,523,inD2,*MANUAL*,66,985,98,105.00,38.54,14.43,2103,81041
524,524,inV2,*MANUAL*,73,973,54,90.00,35.15,12.13,2103,73911
525,525,inD3,*MANUAL*,70,927,88,65.00,26.01,11.55,2103,54708
526,526,inV3,*MANUAL*,65,913,51,80.00,30.79,13.40,2103,64743
527,527,inD4,*MANUAL*,71,863,87,84.00,27.55,11.69,2103,57931
528,528,inV4,*MANUAL*,69,832,56,74.00,25.92,11.85,2103,54519
529,529,inD5,*MANUAL*,69,785,91,62.00,23.73, 9.91,2103,49909
530,530,inV5,*MANUAL*,75,746,69,58.00,20.71,10.02,2103,43558
531,531,inD6,*MANUAL*,72,654,80,68.00,22.04, 8.68,2103,46351
532,532,inV6,*MANUAL*,62,702,84,79.00,27.35,11.28,2103,57507
533,533,inV7,*MANUAL*,68,581,63,70.00,30.99,10.57,2103,65168
534,534,inD7,*MANUAL*,68,536,87,91.00,28.88,12.81,2103,60736
535,535,inV8,*MANUAL*,65,488,57,68.00,33.53,10.22,1365,45771
536,536,inD8,*MANUAL*,67,451,85,96.00,38.88,13.41,2103,81764
537,537,inD9,*MANUAL*,70,386,93,97.00,48.19,14.49,1365,65786
538,538,inV9,*MANUAL*,68,399,64,93.00,52.57,14.32,895,47051
539,539,DB3,*MANUAL*,68,1025,38,198.00,113.96,29.60,895,101998
540,540,DA2,*MANUAL*,68,1004,42,219.00,135.76,33.74,895,121502
541,541,DD2,*MANUAL*,66,964,37,240.00,138.48,35.66,895,123943
542,542,DA3,*MANUAL*,67,924,34,219.00,126.58,34.01,895,113288
543,543,DB4,*MANUAL*,68,893,32,200.00,116.52,33.81,895,104281
544,544,DA4,*MANUAL*,69,824,41,226.00,117.13,33.33,895,104830
545,545,DD3,*MANUAL*,69,808,44,181.00,111.97,26.51,895,100210
546,546,DB5,*MANUAL*,68,747,44,178.00,98.59,33.37,895,88241
547,547,DA5,*MANUAL*,65,713,41,163.00,100.50,27.39,895,89946
548,548,DD4,*MANUAL*,69,644,42,197.00,98.89,33.26,895,88510
549,549,DB6,*MANUAL*,69,587,48,212.00,100.80,30.28,895,90217
550,550,DA6,*MANUAL*,68,568,47,184.00,97.34,24.33,895,87122
551,551,DD5,*MANUAL*,69,500,47,182.00,103.55,31.24,895,92677
552,552,DB7,*MANUAL*,70,477,45,157.00,96.38,27.58,895,86264
553,553,DA7,*MANUAL*,70,452,47,185.00,104.44,29.27,895,93477
554,554,Z4,*MANUAL*,72,683,49,140.00,77.58,19.45,895,69430
555,555,Z3,*MANUAL*,72,705,55,165.00,65.93,28.41,2103,138658
556,556,Z2,*MANUAL*,58,733,63,182.00,70.03,28.41,1365,95585
557,557,Z1,*MANUAL*,56,750,63,163.00,89.80,26.75,895,80367
558,558,AMsHR,*MANUAL*,43,1172,83,185.00,80.58,29.53,895,72119
559,559,E1VR,*MANUAL*,57,1497,63,183.00,94.75,29.43,895,84800
560,560,H2R,*MANUAL*,40,1126,63,145.00,69.27,28.34,1365,94557
561,561,H0L,*MANUAL*,94,1421,68,92.00,50.42,15.15,1365,68825
562,562,BDUR,*MANUAL*,48,1085,63,234.00,149.53,43.47,895,133830
563,563,F1,*MANUAL*,66,1227,82,21.00, 9.31, 3.74,859,8000
564,564,F2,*MANUAL*,67,1247,82,26.00,10.46, 3.83,885,9261
565,565,F3,*MANUAL*,86,1181,92,74.00,19.96,11.67,895,17866
566,566,F4,*MANUAL*,67,1229,93,78.00,17.21, 8.89,895,15404
567,567,F5,*MANUAL*,68,1251,94,109.00,19.42,17.70,895,17380
568,568,F6,*MANUAL*,55,1224,80,83.00,18.61,10.47,895,16653
569,569,F7,*MANUAL*,91,1151,88,25.00, 7.62, 4.51,895,6821
570,570,F8,*MANUAL*,70,1235,73,44.00,10.38, 5.14,895,9287
571,571,F9,*MANUAL*,69,1348,72,22.00, 6.13, 3.48,895,5482
572,572,F10,*MANUAL*,68,1435,71,68.00,20.80,12.16,895,18620
