0,0,*NOUSE*,*NOUSE*,0,0,0,0,0,0,0,0
1,1,AVJL,,42,1222,60,220.00,126.54,34.50,959,121350.00
2,2,DD1,,55,1146,105,218.00,85.24,46.88,4405,375472.00
3,3,DD3,,57,810,108,216.00,56.55,50.86,4592,259677.00
4,4,DD4,,57,639,104,227.00,73.98,53.09,3508,259520.00
5,5,*NOUSE*,*NOUSE*,0,0,0,0,0,0,0,0
6,6,DD5,,62,482,100,240.00,51.21,54.55,5530,283190.00
7,7,*NOUSE*,*NOUSE*,0,0,0,0,0,0,0,0
8,8,AWAR,,78,1263,60,182.00,142.05,19.78,105,14915.00
9,9,ASER,,89,1242,67,198.00,85.75,34.06,2767,237262.00
10,10,AVJR,,86,1226,56,233.00,150.08,34.58,527,79093.00
11,11,vpi3d,*MANUAL*,69,1118,47,194.00,116.21,31.27,699,81229.00
12,12,VPI3V,*MANUAL*,57,1115,73,182.00,94.37,38.36,857,80879.00
13,13,VPI2V,*MANUAL*,56,1122,80,232.00,145.38,38.41,875,127210.00
14,14,VPI1,*MANUAL*,69,1125,47,176.00,88.59,37.38,895,79285.00
15,15,VPI2DL,*MANUAL*,50,1123,54,209.00,96.72,42.46,1365,132020.00
16,16,VPI2DR,*MANUAL*,78,1126,60,213.00,95.20,44.64,1301,123855.00
17,17,PM8,*MANUAL*,65,1127,78,197.00,108.94,30.30,895,97501.00
18,18,G2L,*MANUAL*,57,1135,86,233.00,129.65,33.76,895,116035.00
19,19,G2R,*MANUAL*,72,1136,87,245.00,140.93,50.22,893,125853.00
20,20,G1P,*MANUAL*,76,1137,63,126.00,60.35,20.23,1365,82383.00
21,21,PM7D,*MANUAL*,63,1152,42,168.00,86.40,29.18,1365,117937.00
22,22,PM7VL,*MANUAL*,46,1152,76,154.00,75.71,25.08,1365,103347.00
23,23,PM7VR,*MANUAL*,76,1152,82,201.00,99.47,24.43,1365,135777.00
24,24,MC3DL,*MANUAL*,46,1151,59,178.00,76.70,34.93,892,68415.00
25,25,MC3DR,*MANUAL*,81,1153,61,207.00,91.16,40.19,1365,124439.00
26,26,MC3V,*MANUAL*,65,1148,93,183.00,99.32,29.10,895,88888.00
27,27,M5,*MANUAL*,50,1147,50,193.00,112.88,24.37,895,101028.00
28,28,PM6D,*MANUAL*,64,1176,47,158.00,96.27,22.44,1365,131408.00
29,29,PM6VL,*MANUAL*,51,1176,78,154.00,82.33,21.41,1365,112378.00
30,30,PM6VR,*MANUAL*,74,1176,81,164.00,108.00,20.03,895,96659.00
31,31,I6,*MANUAL*,52,1174,47,194.00,115.07,25.63,895,102987.00
32,32,M1,*MANUAL*,78,1174,53,224.00,124.96,42.96,895,111843.00
33,33,I5,*MANUAL*,63,1180,93,195.00,130.93,24.16,873,114298.00
34,34,G1AL,*MANUAL*,53,1185,60,206.00,100.75,22.76,895,90172.00
35,35,G1AR,*MANUAL*,77,1185,60,179.00,103.88,30.69,895,92972.00
36,36,M2L,*MANUAL*,52,1192,76,211.00,130.92,33.75,895,117174.00
37,37,M2R,*MANUAL*,79,1192,77,250.00,156.74,41.58,877,137464.00
38,38,I4,*MANUAL*,68,1192,46,221.00,131.63,35.82,895,117807.00
39,39,PM5DL,*MANUAL*,60,1202,51,181.00,107.85,26.13,895,96527.00
40,40,PM5DR,*MANUAL*,71,1204,50,191.00,113.76,32.03,895,101818.00
41,41,PM5L,*MANUAL*,56,1204,68,195.00,105.61,29.28,895,94519.00
42,42,PM5R,*MANUAL*,76,1204,70,209.00,130.07,26.13,895,116411.00
43,43,PM5VL,*MANUAL*,60,1200,84,204.00,125.22,26.37,895,112074.00
44,44,PM5VR,*MANUAL*,72,1200,83,204.00,131.92,26.90,895,118066.00
45,45,MC2DL,*MANUAL*,60,1217,59,146.00,86.72,21.50,895,77616.00
46,46,MC2DR,*MANUAL*,73,1218,61,165.00,100.65,21.75,895,90079.00
47,47,MC2V,*MANUAL*,65,1218,78,172.00,107.73,23.60,895,96416.00
48,48,M4,*MANUAL*,59,1354,57,176.00,109.09,21.83,895,97632.00
49,49,M3L,*MANUAL*,53,1356,76,178.00,112.91,30.72,895,101055.00
50,50,M3R,*MANUAL*,68,1356,75,205.00,131.17,29.80,895,117399.00
51,51,I3,*MANUAL*,61,1385,55,181.00,121.61,21.86,895,108837.00
52,52,NSML,*MANUAL*,51,1382,85,193.00,112.27,31.08,895,100479.00
53,53,NSMR,*MANUAL*,74,1379,85,217.00,126.77,29.84,895,113461.00
54,54,MI,*MANUAL*,64,1399,53,195.00,122.01,31.61,1213,148001.00
55,55,PM4DL,*MANUAL*,56,1400,57,175.00,98.83,32.02,895,88456.00
56,56,PM4DR,*MANUAL*,70,1396,59,174.00,92.14,33.46,895,82467.00
57,57,PM4L,*MANUAL*,51,1395,76,145.00,90.65,25.67,895,81135.00
58,58,PM4R,*MANUAL*,78,1391,72,206.00,119.07,37.80,799,95140.00
59,59,PM4VL,*MANUAL*,57,1391,96,135.00,85.62,19.70,895,76628.00
60,60,PM4VR,*MANUAL*,69,1391,95,147.00,90.78,18.25,895,81247.00
61,61,I2R,*MANUAL*,78,1396,89,209.00,135.38,32.51,713,96525.00
62,62,MCR,*MANUAL*,72,1399,83,227.00,140.49,33.34,895,125738.00
63,63,I2L,*MANUAL*,49,1408,88,175.00,110.66,22.73,556,61525.00
64,64,MCL,*MANUAL*,55,1405,86,200.00,139.30,33.20,895,124675.00
65,65,MC1DL,*MANUAL*,52,1415,67,173.00,78.89,26.05,882,69577.00
66,66,MC1DR,*MANUAL*,74,1414,69,156.00,85.76,22.79,875,75036.00
67,67,MC1V,*MANUAL*,64,1413,96,156.00,95.29,21.97,889,84716.00
68,68,PM1DL,*MANUAL*,59,1417,61,208.00,155.65,21.82,447,69577.00
69,69,PM1DR,*MANUAL*,67,1414,61,232.00,155.13,34.51,895,138838.00
70,70,PM1R,*MANUAL*,77,1420,82,217.00,145.64,38.09,829,120736.00
71,71,PM1L,*MANUAL*,51,1425,75,171.00,95.58,34.12,886,84687.00
72,72,PM1VL,*MANUAL*,56,1421,93,201.00,113.05,40.47,895,101176.00
73,73,PM1VR,*MANUAL*,72,1418,90,230.00,152.67,37.03,895,136641.00
74,74,I1L,*MANUAL*,54,1443,85,176.00,102.63,28.02,872,89492.00
75,75,I1R,*MANUAL*,74,1436,85,192.00,127.01,28.79,895,113678.00
76,76,E2VR,*MANUAL*,74,1555,84,140.00,57.50,29.64,895,51461.00
77,77,PM2VR1,*MANUAL*,74,1528,85,206.00,106.64,42.28,895,95442.00
78,78,PM2VR2,*MANUAL*,74,1514,86,212.00,120.02,42.94,895,107422.00
79,79,E1VR,*MANUAL*,76,1495,85,217.00,135.91,35.26,690,93780.00
80,80,E3VR,*MANUAL*,76,1465,86,169.00,110.93,24.65,821,91070.00
81,81,PM3R,*MANUAL*,76,1453,79,168.00,83.03,28.96,895,74311.00
82,82,E2VL,*MANUAL*,53,1564,83,132.00,65.00,28.48,895,58177.00
83,83,PM2VL1,*MANUAL*,53,1543,85,172.00,99.15,33.25,895,88743.00
84,84,PM2VL2,*MANUAL*,53,1524,87,169.00,92.67,31.97,895,82937.00
85,85,E1VL,*MANUAL*,53,1503,85,177.00,98.64,32.28,736,72600.00
86,86,E3VL,*MANUAL*,52,1475,86,172.00,81.46,33.60,895,72908.00
87,87,PM3L,*MANUAL*,53,1457,78,119.00,68.60,18.80,895,61398.00
88,88,PM3VL,*MANUAL*,57,1497,89,135.00,68.62,16.26,895,61418.00
89,89,PM3VR,*MANUAL*,70,1492,89,191.00,80.82,32.05,895,72330.00
90,90,E2D,*MANUAL*,65,1561,60,126.00,47.27,29.05,1358,64190.00
91,91,PM2D1,*MANUAL*,66,1530,61,154.00,67.34,27.33,1300,87547.00
92,92,PM2D2,*MANUAL*,66,1503,61,156.00,101.15,25.02,875,88508.00
93,93,E1D,*MANUAL*,66,1477,60,160.00,90.26,31.16,873,78797.00
94,94,E3D,*MANUAL*,64,1434,58,138.00,73.90,26.56,895,66144.00
95,95,PM3DR,*MANUAL*,70,1457,63,125.00,73.25,17.08,895,65562.00
96,96,PM3DL,*MANUAL*,59,1491,64,111.00,43.52,19.01,895,38949.00
97,97,ADESHL,*MANUAL*,38,1173,77,151.00,83.96,21.33,1365,114612.00
98,98,RMGL,*MANUAL*,38,1187,74,174.00,92.44,25.82,1365,126174.00
99,99,ADAL,*MANUAL*,41,1198,66,202.00,119.34,29.81,883,105379.00
100,100,AIZL,*MANUAL*,47,1213,68,178.00,127.18,21.87,580,73763.00
101,101,FLPL,*MANUAL*,40,1204,75,180.00,117.86,22.67,895,105481.00
102,102,RICL,*MANUAL*,41,1216,73,185.00,122.51,23.82,1354,165879.00
103,103,ASJL,*MANUAL*,41,1236,77,143.00,87.61,17.06,1364,119494.00
104,104,AUAL,*MANUAL*,41,1255,86,189.00,121.59,25.21,895,108822.00
105,105,AWCL,*MANUAL*,39,1276,81,145.00,97.26,16.96,1365,132765.00
106,106,SIBDL,*MANUAL*,39,1289,90,185.00,122.91,30.33,895,110003.00
107,107,RMDL,*MANUAL*,40,1305,87,163.00,107.95,18.78,895,96616.00
108,108,ASHL,*MANUAL*,42,1264,73,148.00,91.70,22.14,1365,125164.00
109,109,ASEL,*MANUAL*,42,1247,62,157.00,89.94,25.68,1340,120523.00
110,110,AVDL,*MANUAL*,41,1234,62,199.00,119.58,29.24,705,84301.00
111,111,AWBL,*MANUAL*,43,1263,56,173.00,101.32,34.87,895,90682.00
112,112,AFDL,*MANUAL*,39,1284,66,153.00,87.65,27.67,1354,118677.00
113,113,AVAL,*MANUAL*,40,1299,75,166.00,97.68,25.12,1365,133334.00
114,114,RMDVL,*MANUAL*,40,1316,65,136.00,82.04,21.03,895,73426.00
115,115,SMDVL,*MANUAL*,41,1298,63,180.00,113.76,28.20,794,90327.00
116,116,ADFL,*MANUAL*,49,1275,64,155.00,100.24,23.12,895,89719.00
117,117,RIAL,*MANUAL*,49,1287,60,156.00,101.93,25.52,895,91223.00
118,118,SAAVL,*MANUAL*,49,1300,65,187.00,124.02,30.08,895,110997.00
119,119,AWAL,*MANUAL*,51,1259,63,175.00,106.94,25.00,885,94638.00
120,120,ASGL,*MANUAL*,50,1245,54,180.00,106.69,31.52,895,95491.00
121,121,AVEL,*MANUAL*,49,1291,79,178.00,120.68,24.88,887,107047.00
122,122,AIBL,*MANUAL*,51,1272,78,169.00,112.62,21.62,895,100792.00
123,123,RIBL,*MANUAL*,51,1250,75,181.00,109.38,26.15,895,97893.00
124,124,RIML,*MANUAL*,48,1227,73,180.00,93.46,31.05,1305,121964.00
125,125,AVBL,*MANUAL*,49,1235,61,206.00,126.23,26.15,881,111208.00
126,126,AVHL,*MANUAL*,48,1230,49,229.00,134.68,34.03,884,119056.00
127,127,ADEL,*MANUAL*,50,1220,53,213.00,135.24,30.18,875,118336.00
128,128,AINL,*MANUAL*,56,1215,46,212.00,130.86,38.10,895,117120.00
129,129,RIVL,*MANUAL*,58,1226,44,198.00,127.03,36.86,873,110893.00
130,130,URXL,*MANUAL*,61,1289,48,176.00,115.42,27.26,867,100073.00
131,131,ASKL,*MANUAL*,54,1275,50,145.00,92.07,21.92,895,82407.00
132,132,ADLL,*MANUAL*,56,1255,47,141.00,71.50,28.47,1365,97600.00
133,133,ASIL,*MANUAL*,60,1237,43,195.00,110.59,39.10,895,98979.00
134,134,ADESHR,*MANUAL*,85,1121,76,211.00,108.85,39.71,1365,148580.00
135,135,RMGR,*MANUAL*,90,1175,79,181.00,91.94,41.14,1365,125502.00
136,136,ADAR,*MANUAL*,92,1191,79,238.00,126.05,43.08,1347,169788.00
137,137,FLPR,*MANUAL*,86,1200,77,251.00,169.68,34.97,895,151863.00
138,138,ADER,*MANUAL*,92,1209,70,208.00,148.35,31.26,889,131883.00
139,139,RICR,*MANUAL*,92,1213,82,222.00,141.20,36.14,895,126375.00
140,140,ASJR,*MANUAL*,90,1239,84,175.00,108.22,23.75,1309,141665.00
141,141,AUAR,*MANUAL*,91,1259,86,248.00,134.94,37.42,895,120769.00
142,142,AWCR,*MANUAL*,90,1274,86,189.00,125.61,19.74,895,112419.00
143,143,SIBDR,*MANUAL*,88,1287,92,237.00,149.88,40.95,895,134146.00
144,144,RMDR,*MANUAL*,88,1303,89,198.00,122.73,40.55,895,109841.00
145,145,ASHR,*MANUAL*,89,1264,71,164.00,107.51,20.94,895,96222.00
146,146,AVDR,*MANUAL*,92,1223,70,234.00,145.38,36.07,895,130116.00
147,147,AINR,*MANUAL*,85,1214,63,215.00,145.49,34.32,895,130211.00
148,148,AVHR,*MANUAL*,85,1235,54,217.00,125.18,42.68,895,112038.00
149,149,ASGR,*MANUAL*,84,1248,54,200.00,109.78,33.47,895,98249.00
150,150,RIVR,*MANUAL*,79,1226,51,234.00,152.43,38.29,895,136428.00
151,151,ASIR,*MANUAL*,75,1238,47,213.00,105.38,36.04,1365,143844.00
152,152,ADLR,*MANUAL*,74,1255,47,173.00,86.95,25.47,1365,118692.00
153,153,ASKR,*MANUAL*,74,1277,52,155.00,98.36,25.10,895,88030.00
154,154,URXR,*MANUAL*,73,1290,51,184.00,93.63,34.50,895,83799.00
155,155,RIAR,*MANUAL*,77,1287,66,198.00,114.87,33.15,895,102808.00
156,156,SAAVR,*MANUAL*,77,1301,64,223.00,138.93,36.84,811,112670.00
157,157,AWBR,*MANUAL*,85,1263,58,218.00,143.51,28.87,895,128442.00
158,158,ADFR,*MANUAL*,87,1275,64,188.00,91.94,39.04,1365,125494.00
159,159,AFDR,*MANUAL*,88,1284,77,183.00,116.92,24.35,895,104646.00
160,160,AVAR,*MANUAL*,88,1303,77,183.00,120.96,27.57,889,107531.00
161,161,SMDVR,*MANUAL*,85,1299,67,223.00,139.79,33.02,895,125112.00
162,162,RMDVR,*MANUAL*,87,1318,67,206.00,116.98,36.52,895,104697.00
163,163,AVER,*MANUAL*,78,1294,79,232.00,150.46,28.91,895,134663.00
164,164,AIBR,*MANUAL*,78,1273,77,216.00,131.03,33.31,895,117275.00
165,165,RIBR,*MANUAL*,80,1248,71,206.00,121.88,31.65,857,104448.00
166,166,AVBR,*MANUAL*,80,1233,66,206.00,127.41,26.96,891,113524.00
167,167,RIMR,*MANUAL*,82,1233,81,212.00,131.95,30.39,895,118091.00
168,168,AIZR,*MANUAL*,81,1219,78,237.00,149.90,37.26,895,134160.00
169,169,RID,*MANUAL*,66,1313,38,156.00,87.28,26.88,895,78120.00
170,170,ALA,*MANUAL*,66,1297,43,182.00,106.89,27.06,895,95665.00
171,171,GLRDL,*MANUAL*,58,1306,51,210.00,132.10,41.18,811,107132.00
172,172,GLRDR,*MANUAL*,70,1306,55,216.00,130.58,40.98,701,91540.00
173,173,CEPDR,*MANUAL*,75,1302,51,229.00,152.32,33.88,733,111651.00
174,174,CEPDL,*MANUAL*,55,1298,49,178.00,117.31,26.50,895,104995.00
175,175,GLRVR,*MANUAL*,75,1305,91,233.00,158.41,33.74,895,141779.00
176,176,GLRR,*MANUAL*,76,1305,79,218.00,132.82,31.28,895,118878.00
177,177,GLRVL,*MANUAL*,59,1307,89,217.00,138.16,45.71,889,122820.00
178,178,GLRL,*MANUAL*,54,1300,84,217.00,137.68,38.88,895,123220.00
179,179,RMDDR,*MANUAL*,80,1296,102,220.00,143.18,32.95,895,128149.00
180,180,SMDDR,*MANUAL*,80,1270,107,207.00,119.46,33.21,895,106917.00
181,181,SMBDR,*MANUAL*,79,1253,103,207.00,112.90,41.42,895,101045.00
182,182,RMDDL,*MANUAL*,47,1296,98,196.00,145.93,20.13,739,107841.00
183,183,SMDDL,*MANUAL*,50,1272,104,189.00,122.21,26.54,895,109382.00
184,184,SMBDL,*MANUAL*,50,1254,103,182.00,114.77,28.36,895,102720.00
185,185,SAADR,*MANUAL*,71,1291,97,244.00,190.67,22.75,418,79701.00
186,186,SAADL,*MANUAL*,55,1291,97,236.00,166.03,26.87,1322,219494.00
187,187,RIH,*MANUAL*,64,1289,95,229.00,182.00,16.99,485,88271.00
188,188,SIBVR,*MANUAL*,78,1280,93,241.00,170.06,26.58,895,152204.00
189,189,SIBVL,*MANUAL*,50,1280,92,191.00,141.74,21.99,895,126861.00
190,190,SMBVL,*MANUAL*,59,1271,95,225.00,147.82,27.36,895,132295.00
191,191,SMBVR,*MANUAL*,70,1269,99,249.00,160.87,25.97,895,143975.00
192,192,RIR,*MANUAL*,72,1271,88,223.00,158.54,24.08,895,141890.00
193,193,AIAL,*MANUAL*,61,1256,91,233.00,171.19,22.56,472,80803.00
194,194,AIAR,*MANUAL*,70,1253,91,236.00,163.02,27.17,895,145902.00
195,195,AVL,*MANUAL*,77,1255,81,190.00,118.41,27.26,895,105981.00
196,196,SIADR,*MANUAL*,80,1263,93,238.00,147.36,30.48,895,131888.00
197,197,SIAVR,*MANUAL*,80,1243,94,205.00,130.97,30.67,895,117222.00
198,198,SIADL,*MANUAL*,51,1260,90,228.00,152.85,27.30,895,136803.00
199,199,SIAVL,*MANUAL*,51,1244,94,180.00,125.01,22.04,895,111881.00
200,200,EXC DUCT,*MANUAL*,59,1239,84,160.00,103.45,23.79,895,92586.00
201,201,EXC,*MANUAL*,69,1228,90,116.00,56.27,14.42,1365,76810.00
202,202,G1,*MANUAL*,64,1277,112,176.00,104.30,29.27,1365,142369.00
203,203,G2,*MANUAL*,64,1252,104,202.00,118.60,27.20,1365,161890.00
204,204,W,*MANUAL*,60,1216,103,196.00,93.44,29.50,1326,123904.00
205,205,DA1,*MANUAL*,62,1107,102,214.00,120.69,42.77,1328,160282.00
206,206,RIGR,*MANUAL*,61,1117,110,170.00,106.02,28.33,1359,144085.00
207,207,DB1,*MANUAL*,56,1128,104,207.00,114.66,38.08,1365,156509.00
208,208,AIMR,*MANUAL*,73,1210,93,243.00,156.85,37.96,831,130346.00
209,209,AIYR,*MANUAL*,83,1213,95,234.00,137.37,36.41,1365,187513.00
210,210,RIS,*MANUAL*,85,1198,95,198.00,110.62,32.54,1303,144133.00
211,211,AVKR,*MANUAL*,82,1188,94,188.00,121.14,36.69,895,108420.00
212,212,EXC GL R,*MANUAL*,80,1140,94,190.00,98.59,39.01,1365,134582.00
213,213,AIML,*MANUAL*,56,1213,89,220.00,146.13,31.48,875,127863.00
214,214,AIYL,*MANUAL*,48,1208,87,211.00,127.44,34.84,895,114060.00
215,215,AVKL,*MANUAL*,47,1192,90,175.00,105.40,21.88,895,94331.00
216,216,EXC GL L,*MANUAL*,47,1139,97,187.00,110.81,23.44,895,99178.00
217,217,SABVL,*MANUAL*,67,1205,100,222.00,155.36,28.71,895,139047.00
218,218,DB2,*MANUAL*,62,1187,109,193.00,118.79,32.98,835,99189.00
219,219,SABVR,*MANUAL*,67,1193,103,235.00,164.80,35.91,895,147495.00
220,220,RIFL,*MANUAL*,58,1180,102,214.00,141.48,30.82,895,126629.00
221,221,RIFR,*MANUAL*,72,1180,103,222.00,146.75,33.86,895,131345.00
222,222,RIGL,*MANUAL*,57,1161,107,201.00,130.02,30.81,895,116368.00
223,223,AVG,*MANUAL*,69,1165,105,195.00,126.21,36.42,895,112955.00
224,224,SABD,*MANUAL*,73,1145,104,218.00,114.76,51.05,895,102710.00
225,225,IL2L,*MANUAL*,39,1393,69,131.00,87.94,15.58,895,78704.00
226,226,URBL,*MANUAL*,39,1371,64,182.00,103.89,23.86,801,83212.00
227,227,BAGL,*MANUAL*,42,1348,76,152.00,93.84,23.13,1143,107263.00
228,228,CEPSHVL,*MANUAL*,44,1334,86,174.00,106.73,21.42,748,79832.00
229,229,URYVL,*MANUAL*,44,1365,80,173.00,98.91,31.35,895,88520.00
230,230,OLQVL,*MANUAL*,46,1349,86,169.00,122.49,18.11,800,97990.00
231,231,IL1L,*MANUAL*,40,1377,77,157.00,84.91,25.63,1365,115906.00
232,232,RMEL,*MANUAL*,44,1337,62,168.00,89.03,33.35,1137,101232.00
233,233,RIPL,*MANUAL*,45,1352,59,160.00,100.34,19.41,895,89808.00
234,234,OLLL,*MANUAL*,46,1368,58,166.00,95.50,31.27,1365,130356.00
235,235,CEPSHDL,*MANUAL*,46,1341,51,170.00,104.53,32.15,895,93557.00
236,236,URYDL,*MANUAL*,48,1355,46,197.00,130.61,34.62,895,116898.00
237,237,URADL,*MANUAL*,50,1369,45,205.00,137.53,30.70,895,123088.00
238,238,CEPSHDR,*MANUAL*,79,1334,52,178.00,97.21,30.40,879,85450.00
239,239,URYDR,*MANUAL*,78,1353,49,223.00,121.31,45.39,895,108572.00
240,240,URADR,*MANUAL*,76,1367,49,228.00,144.65,34.26,875,126572.00
241,241,RMER,*MANUAL*,78,1337,62,195.00,116.06,32.53,895,103870.00
242,242,RIPR,*MANUAL*,78,1353,62,199.00,122.38,28.87,848,103782.00
243,243,OLLR,*MANUAL*,77,1364,59,230.00,143.29,28.15,677,97006.00
244,244,IL2R,*MANUAL*,85,1387,69,189.00,125.26,25.02,895,112106.00
245,245,URBR,*MANUAL*,84,1361,61,217.00,114.70,42.92,1365,156563.00
246,246,BAGR,*MANUAL*,84,1337,75,174.00,108.28,29.51,995,107738.00
247,247,IL1R,*MANUAL*,82,1370,73,198.00,99.99,36.25,895,89491.00
248,248,URYVR,*MANUAL*,81,1355,79,194.00,110.18,38.81,895,98612.00
249,249,OLQVR,*MANUAL*,76,1344,80,201.00,128.92,25.77,895,115384.00
250,250,*NOUSE*,*NOUSE*,0,0,0,0,0,0,0,0
251,251,RMEV,*MANUAL*,61,1330,98,199.00,132.55,29.87,886,117437.00
252,252,CEPSHVR,*MANUAL*,70,1333,96,209.00,143.57,30.00,665,95477.00
253,253,CEPVL,*MANUAL*,50,1339,90,201.00,136.95,26.29,864,118321.00
254,254,CEPVR,*MANUAL*,68,1342,92,210.00,150.48,29.40,886,133323.00
255,255,URAVR,*MANUAL*,76,1352,91,234.00,125.06,50.51,895,111925.00
256,256,IL1VR,*MANUAL*,64,1352,94,224.00,149.40,32.98,889,132815.00
257,257,URAVL,*MANUAL*,50,1354,92,205.00,142.87,26.48,895,127869.00
258,258,IL1VL,*MANUAL*,59,1365,97,213.00,129.81,37.53,847,109949.00
259,259,IL2VR,*MANUAL*,67,1367,102,209.00,112.94,31.82,895,101085.00
260,260,IL2VL,*MANUAL*,52,1375,102,172.00,99.02,28.99,895,88623.00
261,261,CEPSOVL,*MANUAL*,45,1373,89,151.00,93.11,21.94,895,83330.00
262,262,XXXL,*MANUAL*,39,1401,79,168.00,106.77,25.17,895,95560.00
263,263,OLLSHL,*MANUAL*,43,1425,83,171.00,100.71,26.77,895,90135.00
264,264,OLQSHVL,*MANUAL*,49,1436,94,152.00,83.41,29.80,1305,108846.00
265,265,ILSHL,*MANUAL*,44,1443,87,177.00,100.98,21.84,873,88154.00
266,266,OLQSOVL,*MANUAL*,47,1455,95,157.00,91.00,25.23,895,81444.00
267,267,RMED,*MANUAL*,67,1330,37,189.00,119.25,29.06,895,106733.00
268,268,OLQDL,*MANUAL*,58,1342,42,202.00,132.73,33.59,869,115341.00
269,269,OLQDR,*MANUAL*,70,1345,42,211.00,144.89,26.60,895,129673.00
270,270,IL1DL,*MANUAL*,59,1359,44,222.00,149.33,31.51,859,128271.00
271,271,IL1DR,*MANUAL*,68,1359,48,229.00,155.13,27.18,895,138838.00
272,272,IL2DR,*MANUAL*,72,1381,43,183.00,107.25,30.77,895,95989.00
273,273,IL2DL,*MANUAL*,57,1382,41,174.00,103.92,27.73,895,93009.00
274,274,CEPSODR,*MANUAL*,80,1382,54,220.00,92.17,43.28,1365,125815.00
275,275,OLLSOR,*MANUAL*,84,1411,64,158.00,83.99,37.93,1365,114642.00
276,276,OLQSHDR,*MANUAL*,81,1436,65,204.00,118.45,42.78,891,105538.00
277,277,ILSHDR,*MANUAL*,78,1428,59,204.00,109.07,32.62,895,97614.00
278,278,HYP1R,*MANUAL*,81,1450,65,220.00,125.25,32.54,895,112101.00
279,279,ARCPDR,*MANUAL*,82,1468,65,214.00,114.60,33.98,893,102339.00
280,280,AMSOR,*MANUAL*,85,1478,70,185.00,109.23,28.28,895,97757.00
281,281,ARCADR,*MANUAL*,86,1496,73,177.00,98.42,35.56,895,88087.00
282,282,ARCPVR,*MANUAL*,85,1481,83,201.00,110.26,38.08,895,98687.00
283,283,ILSOR,*MANUAL*,85,1464,86,211.00,118.83,39.94,865,102786.00
284,284,OLQSOVR,*MANUAL*,82,1455,90,202.00,117.84,42.87,895,105468.00
285,285,ILSHR,*MANUAL*,83,1443,90,220.00,135.07,33.44,895,120892.00
286,286,OLQSHVR,*MANUAL*,82,1427,94,210.00,111.74,41.75,895,100004.00
287,287,OLLSHR,*MANUAL*,85,1427,83,220.00,120.86,35.99,895,108169.00
288,288,XXXR,*MANUAL*,85,1383,79,226.00,115.24,47.18,895,103143.00
289,289,CEPSOVR,*MANUAL*,80,1365,88,183.00,98.95,35.67,895,88556.00
290,290,OLLSOL,*MANUAL*,43,1389,55,182.00,98.20,31.76,895,87886.00
291,291,OLQSHDL,*MANUAL*,40,1414,60,181.00,108.42,27.95,785,85106.00
292,292,ILSHDL,*MANUAL*,46,1412,56,184.00,108.78,32.56,895,97357.00
293,293,HYP1L,*MANUAL*,45,1429,57,163.00,94.99,29.24,895,85020.00
294,294,ARCPDL,*MANUAL*,47,1443,60,155.00,80.65,23.49,895,72185.00
295,295,AMSOL,*MANUAL*,43,1456,61,120.00,62.82,23.66,1365,85755.00
296,296,HYP2L,*MANUAL*,42,1481,72,132.00,64.36,21.93,1365,87852.00
297,297,ARCADL,*MANUAL*,42,1499,78,153.00,76.48,22.42,1365,104400.00
298,298,ARCPVL,*MANUAL*,43,1475,88,157.00,79.75,30.06,895,71379.00
299,299,ILSOL,*MANUAL*,43,1461,82,150.00,84.08,25.09,895,75254.00
300,300,HYP4D,*MANUAL*,60,1610,56,129.00,51.73,26.60,2103,108787.00
301,301,HYP31,*MANUAL*,63,1569,51,165.00,84.54,31.53,1365,115392.00
302,302,HYP32,*MANUAL*,59,1556,51,165.00,92.23,28.21,895,82542.00
303,303,ILSODL,*MANUAL*,58,1527,51,201.00,114.40,30.68,889,101703.00
304,304,OLQSODL,*MANUAL*,58,1500,51,169.00,100.25,26.34,895,89725.00
305,305,cepsodl,*MANUAL*,58,1462,50,192.00,104.02,39.74,895,93095.00
306,306,arcpd,,71,1534,52,169.00,86.58,35.86,895,77487.00
307,307,ILSODR,*MANUAL*,71,1505,52,166.00,104.17,25.68,895,93231.00
308,308,OLQSODR,*MANUAL*,71,1477,51,221.00,121.67,36.30,664,80789.00
309,309,HYP6D1,*MANUAL*,65,1521,46,159.00,85.60,26.91,895,76613.00
310,310,HYP6D2,*MANUAL*,65,1480,46,171.00,99.69,27.05,895,89221.00
311,311,HYP6D3,*MANUAL*,66,1437,45,177.00,103.90,25.95,895,92989.00
312,312,HYP6D4,*MANUAL*,64,1403,39,143.00,83.92,21.01,895,75106.00
313,313,HYP7D1,*MANUAL*,64,1365,34,131.00,52.08,18.87,1365,71093.00
314,314,HYP7D2,*MANUAL*,69,1274,38,115.00,45.01,22.12,1365,61440.00
315,315,HYP4V1,*MANUAL*,61,1610,91,155.00,71.02,26.61,1365,96948.00
316,316,HYP4V2,*MANUAL*,63,1588,96,129.00,58.54,30.75,1365,79906.00
317,317,ARCAV,*MANUAL*,61,1562,96,155.00,82.62,32.36,895,73946.00
318,318,ARCPV,*MANUAL*,59,1531,101,203.00,95.11,41.57,895,85120.00
319,319,ILSOVL,*MANUAL*,59,1504,102,198.00,112.13,37.25,823,92284.00
320,320,ILSHVL,*MANUAL*,57,1483,102,197.00,99.59,41.00,739,73599.00
321,321,HYP2V,*MANUAL*,67,1542,99,158.00,78.47,35.15,895,70228.00
322,322,HYP1V,*MANUAL*,68,1520,101,211.00,105.29,44.71,895,94232.00
323,323,ILSOVR,*MANUAL*,72,1499,101,208.00,105.57,54.43,516,54474.00
324,324,ILSHVR,*MANUAL*,71,1477,103,205.00,99.04,39.91,895,88638.00
325,325,HYP6V1,*MANUAL*,65,1495,105,193.00,75.86,38.67,2103,159544.00
326,326,HYP6V2,*MANUAL*,65,1457,105,128.00,52.93,27.07,2103,111319.00
327,327,HYP7V1,*MANUAL*,60,1397,112,87.00,32.58,13.15,1365,44472.00
328,328,HYP7V2,*MANUAL*,59,1353,104,109.00,60.49,17.57,895,54141.00
329,329,HYP5L,*MANUAL*,45,1559,74,107.00,45.94,17.21,2103,96607.00
330,330,DL1,*MANUAL*,48,1504,60,118.00,67.18,20.98,1365,91705.00
331,331,DL2,*MANUAL*,50,1475,53,159.00,72.43,27.02,1365,98873.00
332,332,DL3,*MANUAL*,51,1430,44,133.00,61.75,21.82,895,55265.00
333,333,DL4,*MANUAL*,48,1390,44,148.00,85.99,20.34,895,76962.00
334,334,DL5,*MANUAL*,52,1335,39,156.00,71.68,27.88,895,64157.00
335,335,DL6,*MANUAL*,47,1308,47,127.00,71.98,20.83,895,64426.00
336,336,DL7,*MANUAL*,58,1206,36,184.00,102.28,34.97,895,91538.00
337,337,HMC,*MANUAL*,71,1219,38,165.00,80.06,30.24,895,71656.00
338,338,DL8,*MANUAL*,50,1159,33,140.00,50.41,27.24,1365,68806.00
339,339,DL9,*MANUAL*,55,1118,35,179.00,84.22,28.72,1365,114965.00
340,340,DL10,*MANUAL*,52,1053,40,156.00,60.65,27.04,2103,127542.00
341,341,DL11,*MANUAL*,51,998,39,170.00,67.45,32.07,2103,141839.00
342,342,DL12,*MANUAL*,51,921,42,156.00,82.59,30.26,1365,112738.00
343,343,DL13,*MANUAL*,54,873,42,182.00,72.29,39.05,2103,152035.00
344,344,DL14,*MANUAL*,52,798,48,208.00,84.30,39.06,2103,177281.00
345,345,DL15,*MANUAL*,55,756,44,192.00,76.37,41.97,2103,160613.00
346,346,DL16,*MANUAL*,53,657,45,230.00,84.62,39.38,2103,177957.00
347,347,DL17,*MANUAL*,56,592,45,230.00,90.82,46.04,2103,190990.00
348,348,DL18,*MANUAL*,58,509,49,206.00,89.76,45.58,2072,185982.00
349,349,DL19,*MANUAL*,58,451,50,211.00,100.45,42.89,1999,200803.00
350,350,DL20,*MANUAL*,57,391,51,191.00,77.38,46.38,1365,105624.00
351,351,DL21,*MANUAL*,66,224,60,225.00,125.38,39.88,1365,171146.00
352,352,VL1,*MANUAL*,46,1508,89,154.00,83.87,27.36,895,75064.00
353,353,VL2,*MANUAL*,51,1477,102,166.00,88.64,30.72,1365,120994.00
354,354,VL3,*MANUAL*,52,1441,105,130.00,64.73,23.26,1365,88363.00
355,355,VL4,*MANUAL*,44,1407,96,101.00,62.06,15.39,895,55540.00
356,356,VL5,*MANUAL*,50,1330,101,148.00,90.26,18.76,895,80787.00
357,357,VL6,*MANUAL*,42,1337,95,148.00,81.11,25.09,895,72593.00
358,358,VL7,*MANUAL*,50,1223,101,154.00,80.71,24.83,1365,110166.00
359,359,VL8,*MANUAL*,43,1164,96,152.00,68.59,23.36,1365,93623.00
360,360,VL9,*MANUAL*,50,1109,99,181.00,74.54,37.90,2103,156755.00
361,361,VL10,*MANUAL*,43,1065,99,165.00,69.20,28.06,1169,80889.00
362,362,VL11,*MANUAL*,50,978,105,170.00,80.68,31.66,1309,105610.00
363,363,VL12,*MANUAL*,43,941,97,132.00,63.14,22.98,1365,86186.00
364,364,VL13,*MANUAL*,52,865,105,182.00,84.49,34.86,1365,115326.00
365,365,VL14,*MANUAL*,50,813,98,196.00,98.54,40.86,895,88195.00
366,366,CCLA,*MANUAL*,51,778,95,197.00,108.34,43.44,1365,147890.00
367,367,CCLP,*MANUAL*,51,760,97,225.00,105.88,44.55,1365,144527.00
368,368,VL15,*MANUAL*,52,726,95,232.00,99.53,39.54,1365,135854.00
369,369,VL16,*MANUAL*,51,649,96,197.00,83.89,34.85,2072,173830.00
370,370,VL17,*MANUAL*,55,528,95,198.00,97.41,41.79,1353,131801.00
371,371,VL18,*MANUAL*,54,427,91,213.00,93.93,42.80,1281,120323.00
372,372,IML,*MANUAL*,55,372,89,205.00,104.88,41.36,1365,143162.00
373,373,VL19,*MANUAL*,60,240,88,233.00,133.77,42.07,1342,179523.00
374,374,VR20,*MANUAL*,70,238,88,233.00,117.48,47.65,895,105148.00
375,375,HYP5R,*MANUAL*,84,1537,72,134.00,45.96,27.65,2103,96661.00
376,376,DR1,*MANUAL*,82,1504,61,143.00,72.27,23.52,1365,98649.00
377,377,DR2,*MANUAL*,79,1477,53,185.00,75.67,32.48,1365,103286.00
378,378,DR3,*MANUAL*,76,1440,45,133.00,65.70,30.29,895,58805.00
379,379,DR4,*MANUAL*,82,1404,52,129.00,68.83,22.90,895,61600.00
380,380,DR5,*MANUAL*,78,1334,42,152.00,75.30,32.16,895,67397.00
381,381,DR6,*MANUAL*,82,1304,53,218.00,111.19,33.31,895,99516.00
382,382,DR7,*MANUAL*,73,1198,34,167.00,79.21,36.94,895,70897.00
383,383,DR8,*MANUAL*,80,1187,39,179.00,90.50,33.53,895,80998.00
384,384,DR9,*MANUAL*,78,1134,38,178.00,85.04,37.88,1365,116079.00
385,385,DR10,*MANUAL*,82,1103,44,169.00,69.25,32.67,2103,145628.00
386,386,DR11,*MANUAL*,73,1033,39,202.00,89.99,40.32,1365,122831.00
387,387,DR12,*MANUAL*,74,964,44,196.00,88.97,31.35,1365,121450.00
388,388,DR13,*MANUAL*,72,914,41,213.00,68.23,40.36,2103,143490.00
389,389,DR14,*MANUAL*,76,856,50,195.00,80.89,39.95,2103,170106.00
390,390,DR15,*MANUAL*,74,800,47,224.00,82.31,45.90,2103,173088.00
391,391,DR16,*MANUAL*,76,705,47,235.00,87.06,49.68,2103,183085.00
392,392,DR17,*MANUAL*,74,643,48,226.00,96.64,47.69,2103,203227.00
393,393,DR18,*MANUAL*,72,564,48,221.00,89.88,50.70,2103,189021.00
394,394,DR19,*MANUAL*,75,477,52,247.00,88.92,52.03,2103,187006.00
395,395,DR20,*MANUAL*,75,406,55,242.00,101.07,46.23,1364,137862.00
396,396,DR21,*MANUAL*,74,287,56,239.00,128.34,52.77,852,109342.00
397,397,VR1,*MANUAL*,81,1500,87,194.00,88.87,39.93,1365,121309.00
398,398,VR2,*MANUAL*,81,1466,100,134.00,53.59,29.60,895,47959.00
399,399,VR3,*MANUAL*,78,1437,105,153.00,66.58,29.43,895,59592.00
400,400,VR4,*MANUAL*,84,1391,92,155.00,66.57,29.93,1365,90873.00
401,401,VR5,*MANUAL*,77,1337,99,189.00,102.91,27.69,895,92103.00
402,402,VR6,*MANUAL*,83,1320,98,160.00,60.03,28.56,1365,81944.00
403,403,VR7,*MANUAL*,79,1224,104,179.00,89.72,36.33,1365,122470.00
404,404,VR8,*MANUAL*,82,1165,98,178.00,83.94,35.90,1365,114580.00
405,405,VR9,*MANUAL*,76,1118,100,169.00,96.69,28.01,1365,131985.00
406,406,VR10,*MANUAL*,76,1060,102,178.00,83.13,32.59,1365,113477.00
407,407,VR11,*MANUAL*,72,1015,105,198.00,88.40,37.94,1365,120667.00
408,408,VR12,*MANUAL*,73,943,103,196.00,85.81,40.16,1365,117134.00
409,409,VR13,*MANUAL*,70,888,105,201.00,98.44,37.31,1365,134366.00
410,410,VR14,*MANUAL*,70,833,103,201.00,111.54,32.82,1359,151585.00
411,411,VR15,*MANUAL*,70,768,101,212.00,117.17,34.91,1365,159935.00
412,412,CCRA,*MANUAL*,77,1003,97,232.00,129.67,44.17,1365,176994.00
413,413,CCRP,*MANUAL*,75,973,98,235.00,122.83,46.18,1365,167669.00
414,414,VR16,*MANUAL*,72,681,99,219.00,106.51,41.01,1365,145392.00
415,415,VR17,*MANUAL*,70,594,100,241.00,108.75,41.41,1365,148439.00
416,416,VR18,*MANUAL*,69,530,97,204.00,87.88,39.15,2071,182007.00
417,417,VR19,*MANUAL*,72,420,94,237.00,89.19,49.64,1337,119245.00
418,418,DA7,*MANUAL*,63,427,97,248.00,143.89,50.23,1365,196407.00
419,419,DB7,*MANUAL*,62,452,99,250.00,118.51,51.49,1304,154539.00
420,420,DA6,*MANUAL*,59,558,103,245.00,122.03,49.99,1365,166573.00
421,421,DB6,*MANUAL*,58,582,103,239.00,124.54,42.35,1365,170001.00
422,422,DA5,*MANUAL*,61,721,106,248.00,132.33,48.10,1365,180632.00
423,423,DB5,*MANUAL*,59,747,103,241.00,115.95,43.34,1365,158270.00
424,424,DA4,*MANUAL*,58,833,110,223.00,123.46,45.75,1365,168526.00
425,425,DB4,*MANUAL*,58,916,110,172.00,91.66,34.82,1365,125117.00
426,426,DA3,*MANUAL*,57,949,109,188.00,99.33,37.26,1365,135582.00
427,427,DD2,*MANUAL*,59,985,107,216.00,122.13,37.44,1355,165492.00
428,428,DA2,*MANUAL*,59,1032,106,211.00,111.21,39.45,1365,151808.00
429,429,DB3,*MANUAL*,59,1057,106,176.00,98.34,36.59,1365,134234.00
430,430,INDL1,*MANUAL*,55,1069,48,110.00,46.41,18.02,2103,97593.00
431,431,INDR1,*MANUAL*,76,1061,51,115.00,44.60,21.35,2103,93794.00
432,432,INVR1,*MANUAL*,75,1078,93,101.00,42.51,17.07,2103,89397.00
433,433,INVL1,*MANUAL*,49,1067,91,118.00,42.61,17.57,2969,126507.00
434,434,INV2,*MANUAL*,60,1009,92,111.00,45.80,16.47,2969,135976.00
435,435,INV3,*MANUAL*,63,940,93,94.00,37.10,15.13,2969,110159.00
436,436,INV4,*MANUAL*,59,835,91,72.00,29.94,11.55,2969,88879.00
437,437,INV5,*MANUAL*,54,723,68,104.00,32.62,17.18,4136,134937.00
438,438,INV6,*MANUAL*,63,667,79,109.00,33.94,15.85,2969,100758.00
439,439,INV7,*MANUAL*,57,562,86,104.00,39.70,16.77,2969,117883.00
440,440,INV8,*MANUAL*,66,453,87,138.00,57.57,19.38,2103,121072.00
441,441,INV9,*MANUAL*,68,375,85,153.00,64.47,25.95,2103,135573.00
442,442,IND2,*MANUAL*,65,1013,48,106.00,37.76,16.95,2103,79417.00
443,443,IND3,*MANUAL*,59,945,53,82.00,27.89,10.14,2969,82814.00
444,444,IND4,*MANUAL*,60,861,56,77.00,29.07,12.44,2103,61139.00
445,445,IND5,*MANUAL*,67,776,62,94.00,33.32,15.76,4139,137894.00
446,446,IND6,*MANUAL*,62,621,63,100.00,36.92,16.84,4077,150508.00
447,447,IND7,*MANUAL*,68,509,61,98.00,35.81,15.31,4139,148211.00
448,448,IND8,*MANUAL*,63,413,58,139.00,56.62,23.12,2969,168114.00
449,449,IND9,*MANUAL*,57,355,61,128.00,64.55,23.67,2103,135752.00
450,450,Z1,*MANUAL*,73,742,94,226.00,108.72,31.51,1668,181349.00
451,451,Z2,*MANUAL*,71,721,90,244.00,89.84,38.35,4139,371843.00
452,452,Z3,*MANUAL*,57,694,90,193.00,98.32,31.95,2896,284731.00
453,453,Z4,*MANUAL*,56,678,98,176.00,93.38,32.44,1365,127460.00
454,454,H0L,*MANUAL*,39,1440,76,106.00,52.18,15.58,2103,109740.00
455,455,H1L,*MANUAL*,36,1340,69,144.00,58.98,22.96,2969,175104.00
456,456,H2L,*MANUAL*,37,1123,65,96.00,46.32,13.82,2103,97410.00
457,457,AMSHL,*MANUAL*,42,1188,50,113.00,53.96,16.84,2103,113486.00
458,458,HYP7ABLV,*MANUAL*,37,1087,74,83.00,25.97,14.18,2931,76120.00
459,459,HYP7ABLD,*MANUAL*,40,1075,61,106.00,34.02,17.31,4139,140798.00
460,460,BDUL,*MANUAL*,42,1050,73,188.00,77.37,36.52,2103,162709.00
461,461,ALML,*MANUAL*,44,828,53,173.00,86.00,40.60,2103,180868.00
462,462,CANL,*MANUAL*,42,711,63,173.00,72.67,32.18,2103,152828.00
463,463,HSNL,*MANUAL*,45,690,83,227.00,112.30,43.44,2103,236164.00
464,464,V1L,*MANUAL*,37,1027,72,105.00,37.56,20.91,2969,111518.00
465,465,V2L,*MANUAL*,38,918,82,99.00,37.10,17.17,2969,110145.00
466,466,V3L,*MANUAL*,40,792,86,106.00,38.74,19.08,2103,81471.00
467,467,V4L,*MANUAL*,42,647,80,98.00,37.17,18.34,4139,153849.00
468,468,V5L,*MANUAL*,48,493,81,149.00,73.72,27.05,2969,218878.00
469,469,QL,*MANUAL*,51,488,62,169.00,96.74,30.04,2969,287231.00
470,470,V6L,*MANUAL*,47,409,74,117.00,36.83,21.34,2969,109340.00
471,471,P1/2L,*MANUAL*,38,969,86,130.00,60.98,20.97,2103,128244.00
472,472,P3/4L,*MANUAL*,39,865,88,121.00,48.89,24.89,2969,145167.00
473,473,P5/6L,*MANUAL*,41,732,85,169.00,56.20,27.62,2969,166854.00
474,474,P7/8L,*MANUAL*,42,597,87,124.00,48.06,26.24,2969,142704.00
475,475,P9/10L,*MANUAL*,47,522,87,162.00,84.01,28.66,1365,114673.00
476,476,P11/12L,*MANUAL*,47,354,81,173.00,56.82,28.32,2103,119501.00
477,477,HYP7LC1,*MANUAL*,40,998,58,85.00,29.77,15.68,4139,123221.00
478,478,HYP7LC2,*MANUAL*,39,915,57,104.00,27.22,16.08,4139,112672.00
479,479,HYP7LC3,*MANUAL*,42,773,63,89.00,28.84,14.17,2103,60651.00
480,480,HYP7LC4,*MANUAL*,43,591,60,110.00,33.17,19.89,4139,137311.00
481,481,HYP7LC5,*MANUAL*,48,442,57,135.00,42.40,24.77,4139,175510.00
482,482,HYP7LC6,*MANUAL*,50,298,64,181.00,77.48,34.17,2661,206164.00
483,483,H0R,*MANUAL*,88,1445,76,139.00,78.90,22.78,1365,107701.00
484,484,H1R,*MANUAL*,90,1330,73,167.00,58.79,27.87,2103,123633.00
485,485,H2R,*MANUAL*,90,1143,76,129.00,49.48,23.56,2969,146895.00
486,486,AMSHR,*MANUAL*,90,1188,58,123.00,54.93,21.60,2969,163073.00
487,487,HYP7ABRD,*MANUAL*,89,1106,62,142.00,47.94,22.27,2969,142340.00
488,488,HYP7ABRV,*MANUAL*,88,1083,78,140.00,41.76,22.47,4139,172847.00
489,489,HYP7ABR3,*MANUAL*,87,1063,67,137.00,53.53,22.77,2969,158922.00
490,490,BDUR,*MANUAL*,83,1025,75,243.00,128.23,43.93,1365,175037.00
491,491,ALMR,*MANUAL*,81,826,58,220.00,130.47,41.78,1365,178090.00
492,492,CANR,*MANUAL*,83,748,78,245.00,104.71,51.39,2103,220198.00
493,493,HSNR,*MANUAL*,81,696,94,254.00,128.55,78.99,1365,175470.00
494,494,V1R,*MANUAL*,86,1004,76,152.00,53.43,26.11,2969,158633.00
495,495,V2R,*MANUAL*,84,904,88,154.00,46.55,29.93,4139,192688.00
496,496,V3R,*MANUAL*,84,787,91,142.00,53.78,27.83,2969,159672.00
497,497,V4R,*MANUAL*,83,650,91,150.00,56.87,30.32,2969,168861.00
498,498,V5R,*MANUAL*,83,516,77,163.00,65.37,39.22,4098,267873.00
499,499,V6R,*MANUAL*,83,411,78,140.00,40.99,29.04,2969,121703.00
500,500,QR,*MANUAL*,83,667,69,212.00,101.78,51.98,4139,421288.00
501,501,P1/2R,*MANUAL*,83,955,92,174.00,75.25,34.66,2103,158244.00
502,502,P3/4R,*MANUAL*,81,851,93,181.00,78.14,32.58,2103,164332.00
503,503,P5/6R,*MANUAL*,81,745,96,211.00,96.01,40.26,1365,131051.00
504,504,P7/8R,*MANUAL*,81,605,94,204.00,92.28,40.14,2103,194075.00
505,505,P9/10R,*MANUAL*,79,520,91,206.00,77.61,44.02,2103,163218.00
506,506,P11/12R,*MANUAL*,79,335,87,198.00,97.99,37.36,887,86916.00
507,507,IMR,*MANUAL*,78,359,89,203.00,85.13,49.92,1365,116204.00
508,508,HYP7RC1,*MANUAL*,83,951,67,131.00,40.87,23.69,4139,169169.00
509,509,HYP7RC2,*MANUAL*,83,841,73,126.00,39.90,22.09,4139,165135.00
510,510,HYP7RC3,*MANUAL*,85,726,71,170.00,45.96,28.96,4139,190208.00
511,511,HYP7RC4,*MANUAL*,85,619,69,140.00,48.49,27.92,4085,198079.00
512,512,HYP7RC5,*MANUAL*,82,458,71,147.00,37.17,26.80,4139,153827.00
513,513,HYP7RC6,*MANUAL*,79,296,62,186.00,59.03,31.40,1887,111391.00
514,514,REPVR,*MANUAL*,77,319,75,238.00,139.96,38.01,1365,191042.00
515,515,PVQR,*MANUAL*,76,293,78,244.00,144.81,50.58,1344,194628.00
516,516,PHBR,*MANUAL*,76,268,74,241.00,152.17,43.80,1361,207106.00
517,517,PHAR,*MANUAL*,75,278,83,252.00,135.92,72.24,1362,185122.00
518,518,LUAR,*MANUAL*,76,256,67,255.00,209.98,35.99,893,187511.00
519,519,PVCR,*MANUAL*,75,246,76,245.00,135.94,58.44,1269,172506.00
520,520,ALNR,*MANUAL*,73,240,62,252.00,173.30,44.29,895,155101.00
521,521,PHSHR,*MANUAL*,71,229,72,246.00,160.94,44.24,895,144040.00
522,522,PLMR,*MANUAL*,70,212,81,249.00,138.41,42.37,1347,186432.00
523,523,SPH,*MANUAL*,52,336,81,238.00,136.40,45.22,1303,177729.00
524,524,REPVL,*MANUAL*,52,317,78,219.00,125.42,38.30,1365,171197.00
525,525,PVQL,*MANUAL*,52,288,76,242.00,146.90,36.86,895,131476.00
526,526,PHBL,*MANUAL*,54,269,73,222.00,148.38,32.77,895,132799.00
527,527,PHAL,*MANUAL*,56,277,85,249.00,150.23,51.50,887,133256.00
528,528,LUAL,*MANUAL*,56,257,67,252.00,171.25,45.93,894,153094.00
529,529,PVCL,*MANUAL*,56,251,79,239.00,150.36,37.41,833,125249.00
530,530,ALNL,*MANUAL*,58,241,64,242.00,160.17,40.36,895,143354.00
531,531,PHSHL,*MANUAL*,61,230,75,252.00,160.53,45.01,895,143677.00
532,532,PLML,*MANUAL*,60,194,80,236.00,159.32,37.17,895,142590.00
533,533,DA8,*MANUAL*,58,317,91,252.00,170.29,37.18,895,152408.00
534,534,PVPL,*MANUAL*,59,336,94,252.00,164.15,46.33,895,146918.00
535,535,PVT,*MANUAL*,63,356,95,209.00,116.03,45.61,1365,158377.00
536,536,DD6,*MANUAL*,63,327,86,254.00,184.20,44.86,893,164490.00
537,537,DA9,*MANUAL*,70,318,88,241.00,163.99,37.13,889,145790.00
538,538,PVPR,*MANUAL*,69,340,90,251.00,163.89,50.49,895,146680.00
539,539,U,*MANUAL*,64,311,82,234.00,145.76,32.84,895,130459.00
540,540,YPDA,*MANUAL*,65,302,96,249.00,112.56,50.85,1365,153647.00
541,541,VIRR,*MANUAL*,69,329,68,222.00,129.49,44.68,895,115898.00
542,542,VIRL,*MANUAL*,57,332,68,215.00,123.33,43.10,895,110381.00
543,543,REPD,*MANUAL*,64,306,58,249.00,159.76,40.96,895,142985.00
544,544,K,*MANUAL*,60,294,64,217.00,130.24,32.79,1358,176867.00
545,545,K',*MANUAL*,73,299,67,247.00,164.56,34.61,895,147280.00
546,546,F,*MANUAL*,66,291,74,244.00,171.00,27.45,895,153048.00
547,547,B,*MANUAL*,66,270,88,235.00,89.29,46.12,2103,187774.00
548,548,DVA,*MANUAL*,66,275,69,223.00,131.08,34.65,1365,178920.00
549,549,DEP,*MANUAL*,66,255,61,232.00,159.42,29.02,895,142682.00
550,550,DVC,*MANUAL*,66,249,78,244.00,162.28,29.53,1365,221518.00
551,551,TR,*MANUAL*,71,199,70,146.00,67.43,24.70,2102,141734.00
552,552,TL,*MANUAL*,58,210,73,138.00,65.84,21.90,2969,195474.00
553,553,PVR,*MANUAL*,67,179,65,218.00,115.63,46.45,1365,157834.00
554,554,HYP71,*MANUAL*,67,183,85,193.00,93.33,41.75,1365,127400.00
555,555,HYP72,*MANUAL*,66,166,78,215.00,117.30,34.05,1365,160119.00
556,556,HYP8,*MANUAL*,65,140,76,201.00,92.68,40.01,2065,191392.00
557,557,HYP11,*MANUAL*,59,145,68,201.00,93.97,41.94,1365,128263.00
558,558,HYP9,*MANUAL*,63,101,77,166.00,75.88,39.03,1365,103574.00
559,559,HYP101,*MANUAL*,63,93,68,191.00,82.14,43.10,895,73519.00
560,560,HYP102,*MANUAL*,66,63,73,167.00,63.71,38.85,1365,86961.00
561,561,M,*MANUAL*,76,572,75,143.00,38.53,25.46,4139,159478.00
562,562,f1,*MANUAL*,76,1262,66,185.00,63.40,37.03,895,56746.00
563,563,f2,*MANUAL*,60,1262,66,89.00,23.39,12.91,895,20935.00
564,564,f3,*MANUAL*,76,1243,65,170.00,53.08,29.94,895,47506.00
565,565,f4,*MANUAL*,54,1226,64,135.00,61.40,26.28,895,54949.00
566,566,f5,*MANUAL*,54,1149,96,135.00,48.41,22.69,895,43329.00
567,567,f6,*MANUAL*,55,993,102,133.00,24.87,21.34,895,22258.00
568,568,f7,*MANUAL*,61,815,103,152.00,14.60,21.46,895,13065.00
569,569,f8,*MANUAL*,61,644,96,165.00,17.78,18.16,895,15911.00
570,570,f9,*MANUAL*,61,487,92,115.00, 6.02,10.84,895,5388.00
571,571,f10,*MANUAL*,61,336,80,195.00,45.06,36.50,895,40327.00
