0,0,*NOUSE*,*NOUSE*,0,0,0,0,0,0,0,0
1,1,*NOUSE*,*NOUSE*,0,0,0,0,0,0,0,0
2,2,*NOUSE*,*NOUSE*,0,0,0,0,0,0,0,0
3,3,*NOUSE*,*NOUSE*,0,0,0,0,0,0,0,0
4,4,*NOUSE*,*NOUSE*,0,0,0,0,0,0,0,0
5,5,*NOUSE*,*NOUSE*,0,0,0,0,0,0,0,0
6,6,*NOUSE*,*NOUSE*,0,0,0,0,0,0,0,0
7,7,*NOUSE*,*NOUSE*,0,0,0,0,0,0,0,0
8,8,*NOUSE*,*NOUSE*,0,0,0,0,0,0,0,0
9,9,H0L,,38,1460,72,179.00,55.72,29.17,5972,332784
10,10,V2L,,38,913,75,133.00,32.02,26.00,8019,256758
11,11,*NOUSE*,*NOUSE*,0,0,0,0,0,0,0,0
12,12,*NOUSE*,*NOUSE*,0,0,0,0,0,0,0,0
13,13,*NOUSE*,*NOUSE*,0,0,0,0,0,0,0,0
14,14,*NOUSE*,*NOUSE*,0,0,0,0,0,0,0,0
15,15,*NOUSE*,*NOUSE*,0,0,0,0,0,0,0,0
16,16,*NOUSE*,*NOUSE*,0,0,0,0,0,0,0,0
17,17,*NOUSE*,*NOUSE*,0,0,0,0,0,0,0,0
18,18,*NOUSE*,*NOUSE*,0,0,0,0,0,0,0,0
19,19,*NOUSE*,*NOUSE*,0,0,0,0,0,0,0,0
20,20,*NOUSE*,*NOUSE*,0,0,0,0,0,0,0,0
21,21,P3/4L,,38,859,79,118.00,33.94,22.25,6280,213167
22,22,*NOUSE*,*NOUSE*,0,0,0,0,0,0,0,0
23,23,*NOUSE*,*NOUSE*,0,0,0,0,0,0,0,0
24,24,*NOUSE*,*NOUSE*,0,0,0,0,0,0,0,0
25,25,*NOUSE*,*NOUSE*,0,0,0,0,0,0,0,0
26,26,QL,,41,556,74,94.00,34.47,19.20,4806,165661
27,27,*NOUSE*,*NOUSE*,0,0,0,0,0,0,0,0
28,28,P1/2L,,38,961,80,135.00,57.60,22.93,2853,164323
29,29,P7/8L,,40,615,83,96.00,30.41,18.78,5596,170188
30,30,*NOUSE*,*NOUSE*,0,0,0,0,0,0,0,0
31,31,*NOUSE*,*NOUSE*,0,0,0,0,0,0,0,0
32,32,*NOUSE*,*NOUSE*,0,0,0,0,0,0,0,0
33,33,*NOUSE*,*NOUSE*,0,0,0,0,0,0,0,0
34,34,*NOUSE*,*NOUSE*,0,0,0,0,0,0,0,0
35,35,*NOUSE*,*NOUSE*,0,0,0,0,0,0,0,0
36,36,*NOUSE*,*NOUSE*,0,0,0,0,0,0,0,0
37,37,*NOUSE*,*NOUSE*,0,0,0,0,0,0,0,0
38,38,*NOUSE*,*NOUSE*,0,0,0,0,0,0,0,0
39,39,*NOUSE*,*NOUSE*,0,0,0,0,0,0,0,0
40,40,*NOUSE*,*NOUSE*,0,0,0,0,0,0,0,0
41,41,*NOUSE*,*NOUSE*,0,0,0,0,0,0,0,0
42,42,*NOUSE*,*NOUSE*,0,0,0,0,0,0,0,0
43,43,*NOUSE*,*NOUSE*,0,0,0,0,0,0,0,0
44,44,P11/12L,,46,334,74,113.00,46.78,23.24,5325,249121
45,45,*NOUSE*,*NOUSE*,0,0,0,0,0,0,0,0
46,46,*NOUSE*,*NOUSE*,0,0,0,0,0,0,0,0
47,47,*NOUSE*,*NOUSE*,0,0,0,0,0,0,0,0
48,48,*NOUSE*,*NOUSE*,0,0,0,0,0,0,0,0
49,49,hyp5L,,41,1574,68,116.00,73.05,10.89,540,39449
50,50,*NOUSE*,*NOUSE*,0,0,0,0,0,0,0,0
51,51,TL,,52,197,59,76.00,23.23,16.61,5579,129597
52,52,P9/10L,,46,475,80,77.00,36.25,14.92,3495,126682
53,53,*NOUSE*,*NOUSE*,0,0,0,0,0,0,0,0
54,54,*NOUSE*,*NOUSE*,0,0,0,0,0,0,0,0
55,55,*NOUSE*,*NOUSE*,0,0,0,0,0,0,0,0
56,56,*NOUSE*,*NOUSE*,0,0,0,0,0,0,0,0
57,57,*NOUSE*,*NOUSE*,0,0,0,0,0,0,0,0
58,58,*NOUSE*,*NOUSE*,0,0,0,0,0,0,0,0
59,59,*NOUSE*,*NOUSE*,0,0,0,0,0,0,0,0
60,60,*NOUSE*,*NOUSE*,0,0,0,0,0,0,0,0
61,61,*NOUSE*,*NOUSE*,0,0,0,0,0,0,0,0
62,62,*NOUSE*,*NOUSE*,0,0,0,0,0,0,0,0
63,63,inV4,,55,828,86,79.00,28.19, 9.70,6997,197211
64,64,hyp6D1,,59,1509,40,160.00,74.35,31.57,5487,407976
65,65,inV7,,57,561,82,57.00,24.69, 7.69,4776,117941
66,66,*NOUSE*,*NOUSE*,0,0,0,0,0,0,0,0
67,67,*NOUSE*,*NOUSE*,0,0,0,0,0,0,0,0
68,68,hyp7D1,,61,1368,42,166.00,47.54,27.14,8759,416374
69,69,*NOUSE*,*NOUSE*,0,0,0,0,0,0,0,0
70,70,EXC,,57,1232,90,123.00,57.56,13.78,4027,231795
71,71,*NOUSE*,*NOUSE*,0,0,0,0,0,0,0,0
72,72,*NOUSE*,*NOUSE*,0,0,0,0,0,0,0,0
73,73,*NOUSE*,*NOUSE*,0,0,0,0,0,0,0,0
74,74,*NOUSE*,*NOUSE*,0,0,0,0,0,0,0,0
75,75,*NOUSE*,*NOUSE*,0,0,0,0,0,0,0,0
76,76,*NOUSE*,*NOUSE*,0,0,0,0,0,0,0,0
77,77,inV3,,59,914,87,59.00,31.34, 9.18,5804,181898
78,78,hyp6V2,,61,1476,100,147.00,33.93,28.58,7070,239876
79,79,*NOUSE*,*NOUSE*,0,0,0,0,0,0,0,0
80,80,hyp6D3,,60,1412,38,128.00,56.53,26.09,4848,274044
81,81,*NOUSE*,*NOUSE*,0,0,0,0,0,0,0,0
82,82,*NOUSE*,*NOUSE*,0,0,0,0,0,0,0,0
83,83,*NOUSE*,*NOUSE*,0,0,0,0,0,0,0,0
84,84,*NOUSE*,*NOUSE*,0,0,0,0,0,0,0,0
85,85,inD3,,58,948,45,68.00,31.61,10.30,4137,130758
86,86,*NOUSE*,*NOUSE*,0,0,0,0,0,0,0,0
87,87,inD7,,60,512,54,69.00,26.65, 8.50,4446,118490
88,88,hyp72,,59,165,66,101.00,47.77,21.94,2174,103850
89,89,*NOUSE*,*NOUSE*,0,0,0,0,0,0,0,0
90,90,M3L,,53,1387,84,225.00,190.76,15.79,110,20984
91,91,hyp6D4,,61,1390,42,145.00,70.47,27.61,3522,248186
92,92,*NOUSE*,*NOUSE*,0,0,0,0,0,0,0,0
93,93,*NOUSE*,*NOUSE*,0,0,0,0,0,0,0,0
94,94,TR,,64,197,60,78.00,25.33,17.38,8477,214758
95,95,*NOUSE*,*NOUSE*,0,0,0,0,0,0,0,0
96,96,*NOUSE*,*NOUSE*,0,0,0,0,0,0,0,0
97,97,*NOUSE*,*NOUSE*,0,0,0,0,0,0,0,0
98,98,PHshR,,65,230,56,104.00,72.92,15.84,1240,90420
99,99,*NOUSE*,*NOUSE*,0,0,0,0,0,0,0,0
100,100,*NOUSE*,*NOUSE*,0,0,0,0,0,0,0,0
101,101,*NOUSE*,*NOUSE*,0,0,0,0,0,0,0,0
102,102,*NOUSE*,*NOUSE*,0,0,0,0,0,0,0,0
103,103,*NOUSE*,*NOUSE*,0,0,0,0,0,0,0,0
104,104,*NOUSE*,*NOUSE*,0,0,0,0,0,0,0,0
105,105,*NOUSE*,*NOUSE*,0,0,0,0,0,0,0,0
106,106,*NOUSE*,*NOUSE*,0,0,0,0,0,0,0,0
107,107,*NOUSE*,*NOUSE*,0,0,0,0,0,0,0,0
108,108,*NOUSE*,*NOUSE*,0,0,0,0,0,0,0,0
109,109,*NOUSE*,*NOUSE*,0,0,0,0,0,0,0,0
110,110,*NOUSE*,*NOUSE*,0,0,0,0,0,0,0,0
111,111,*NOUSE*,*NOUSE*,0,0,0,0,0,0,0,0
112,112,*NOUSE*,*NOUSE*,0,0,0,0,0,0,0,0
113,113,*NOUSE*,*NOUSE*,0,0,0,0,0,0,0,0
114,114,*NOUSE*,*NOUSE*,0,0,0,0,0,0,0,0
115,115,*NOUSE*,*NOUSE*,0,0,0,0,0,0,0,0
116,116,*NOUSE*,*NOUSE*,0,0,0,0,0,0,0,0
117,117,V3R,,83,802,72,92.00,21.58,18.34,8372,180635
118,118,*NOUSE*,*NOUSE*,0,0,0,0,0,0,0,0
119,119,*NOUSE*,*NOUSE*,0,0,0,0,0,0,0,0
120,120,*NOUSE*,*NOUSE*,0,0,0,0,0,0,0,0
121,121,P7/8R,,79,609,77,70.00,33.00,12.32,3124,103093
122,122,*NOUSE*,*NOUSE*,0,0,0,0,0,0,0,0
123,123,*NOUSE*,*NOUSE*,0,0,0,0,0,0,0,0
124,124,P5/6R,,80,767,78,97.00,35.52,15.85,5205,184876
125,125,*NOUSE*,*NOUSE*,0,0,0,0,0,0,0,0
126,126,*NOUSE*,*NOUSE*,0,0,0,0,0,0,0,0
127,127,*NOUSE*,*NOUSE*,0,0,0,0,0,0,0,0
128,128,P3/4R,,82,862,82,94.00,32.54,19.42,5166,168099
129,129,*NOUSE*,*NOUSE*,0,0,0,0,0,0,0,0
130,130,*NOUSE*,*NOUSE*,0,0,0,0,0,0,0,0
131,131,*NOUSE*,*NOUSE*,0,0,0,0,0,0,0,0
132,132,*NOUSE*,*NOUSE*,0,0,0,0,0,0,0,0
133,133,H0R,,86,1464,72,124.00,41.80,23.22,7892,329898
134,134,*NOUSE*,*NOUSE*,0,0,0,0,0,0,0,0
135,135,*NOUSE*,*NOUSE*,0,0,0,0,0,0,0,0
136,136,*NOUSE*,*NOUSE*,0,0,0,0,0,0,0,0
137,137,*NOUSE*,*NOUSE*,0,0,0,0,0,0,0,0
138,138,*NOUSE*,*NOUSE*,0,0,0,0,0,0,0,0
139,139,*NOUSE*,*NOUSE*,0,0,0,0,0,0,0,0
140,140,V1R,,87,1034,70,95.00,24.84,21.07,8273,205535
141,141,*NOUSE*,*NOUSE*,0,0,0,0,0,0,0,0
142,142,*NOUSE*,*NOUSE*,0,0,0,0,0,0,0,0
143,143,*NOUSE*,*NOUSE*,0,0,0,0,0,0,0,0
144,144,*NOUSE*,*NOUSE*,0,0,0,0,0,0,0,0
145,145,*NOUSE*,*NOUSE*,0,0,0,0,0,0,0,0
146,146,*NOUSE*,*NOUSE*,0,0,0,0,0,0,0,0
147,147,*NOUSE*,*NOUSE*,0,0,0,0,0,0,0,0
148,148,*NOUSE*,*NOUSE*,0,0,0,0,0,0,0,0
149,149,*NOUSE*,*NOUSE*,0,0,0,0,0,0,0,0
150,150,*NOUSE*,*NOUSE*,0,0,0,0,0,0,0,0
151,151,*NOUSE*,*NOUSE*,0,0,0,0,0,0,0,0
152,152,*NOUSE*,*NOUSE*,0,0,0,0,0,0,0,0
153,153,*NOUSE*,*NOUSE*,0,0,0,0,0,0,0,0
154,154,*NOUSE*,*NOUSE*,0,0,0,0,0,0,0,0
155,155,hyp7ABRD,*MANUAL*$132$131,85,1114,70,94.00,23.80,18.35,10299,245153
156,156,hyp7ABRV,*MANUAL*$141$147$144,86,1091,78,74.00,20.55,16.02,9763,200627
157,157,hyp7ABR3,*MANUAL*$145$137,87,1075,58,141.00,26.88,20.08,8290,222820
158,158,*NOUSE*,*NOUSE*,0,0,0,0,0,0,0,0
159,159,AMshR,*MANUAL*$158$151,85,1141,52,116.00,56.35,17.59,1327,74783
160,160,H2R,*MANUAL*$149$152,90,1184,71,133.00,46.12,19.21,5554,256155
161,161,*NOUSE*,*NOUSE*,0,0,0,0,0,0,0,0
162,162,H1R,*MANUAL*$150$161,88,1341,77,155.00,47.04,29.12,6784,319105
163,163,hyp6V1,*MANUAL*$20$23 WRONG,39,1518,73,166.00,46.37,29.06,6841,317203
164,164,hyp6D2,*MANUAL*$84$81,60,1470,41,128.00,51.54,24.02,5152,265530
165,165,hyp7V1,*MANUAL*$71$73,59,1410,110,103.00,26.04,20.83,6719,174938
166,166,hyp7V2,*MANUAL*$72$66,60,1363,108,174.00,39.09,30.41,8216,321194
167,167,*NOUSE*,*NOUSE*,0,0,0,0,0,0,0,0
168,168,hyp7D2,*MANUAL*$101$167,60,1292,33,127.00,36.55,21.82,9945,363452
169,169,ADEshR,*MANUAL*,86,1144,77,182.00,115.83,30.02,895,103665
170,170,RMGR,*MANUAL*,86,1165,85,158.00,94.69,29.10,895,84746
171,171,ADAR,*MANUAL*,86,1185,84,161.00,112.58,22.19,895,100757
172,172,ADER,*MANUAL*,84,1200,76,194.00,121.22,34.69,893,108245
173,173,FLPR,*MANUAL*,86,1207,86,190.00,124.86,29.15,895,111749
174,174,RICR,*MANUAL*,87,1222,87,187.00,122.89,28.25,895,109985
175,175,AWCR,*MANUAL*,89,1284,75,133.00,95.69,17.64,895,85645
176,176,AUAR,*MANUAL*,88,1267,84,169.00,105.56,30.96,895,94474
177,177,ASJR,*MANUAL*,87,1248,86,132.00,84.73,22.00,886,75069
178,178,ASHR,*MANUAL*,87,1265,67,136.00,98.40,17.44,895,88066
179,179,ASER,*MANUAL*,87,1242,70,129.00,84.00,18.30,1275,107096
180,180,ADEshL,*MANUAL*,41,1129,70,240.00,135.43,40.37,895,121210
181,181,SIBDR,*MANUAL*,87,1295,82,180.00,128.19,23.62,877,112424
182,182,RMDR,*MANUAL*,84,1311,84,180.00,113.45,30.32,883,100173
183,183,afdr,*MANUAL*,85,1288,62,147.00,90.49,25.03,895,80987
184,184,avdr,*MANUAL*,87,1220,73,190.00,117.82,29.74,881,103796
185,185,ainr,*MANUAL*,86,1205,60,172.00,107.41,28.37,895,96133
186,186,AVJR,*MANUAL*,87,1218,54,186.00,117.14,31.50,889,104136
187,187,AVHR,*MANUAL*,83,1232,48,177.00,123.89,25.12,895,110882
188,188,AWBR,*MANUAL*,84,1263,51,157.00,98.85,24.57,895,88469
189,189,ASGR,*MANUAL*,81,1247,47,177.00,102.77,24.86,895,91981
190,190,AVAR,*MANUAL*,86,1308,69,156.00,109.10,19.15,895,97648
191,191,RMDVR,*MANUAL*,86,1325,69,156.00,101.11,23.45,895,90497
192,192,SMDVR,*MANUAL*,81,1302,49,160.00,87.53,30.08,1365,119483
193,193,RIVR,*MANUAL*,81,1215,44,183.00,123.50,28.04,895,110530
194,194,ASIR,*MANUAL*,72,1233,44,150.00,112.42,15.93,895,100613
195,195,ADLR,*MANUAL*,70,1258,43,126.00,96.72,11.48,895,86564
196,196,ASKR,*MANUAL*,70,1280,42,130.00,96.21,15.51,895,86112
197,197,URXR,*MANUAL*,69,1297,45,163.00,107.70,24.43,895,96395
198,198,CEPDR,*MANUAL*,76,1314,40,172.00,112.95,24.88,895,101086
199,199,SAAVR,*MANUAL*,77,1313,57,200.00,132.61,23.30,757,100383
200,200,GLRDR,*MANUAL*,69,1316,55,197.00,148.29,23.36,895,132724
201,201,GLRR,*MANUAL*,75,1312,78,202.00,130.05,27.28,879,114311
202,202,GLRVR,*MANUAL*,68,1314,86,191.00,138.84,29.55,895,124265
203,203,ADFR,*MANUAL*,78,1276,53,152.00,100.96,21.28,895,90359
204,204,AWAR,*MANUAL*,78,1258,61,139.00,101.65,15.86,895,90978
205,205,AIZR,*MANUAL*,78,1217,78,194.00,142.09,21.69,895,127172
206,206,RIMR,*MANUAL*,78,1233,81,162.00,118.73,18.79,895,106260
207,207,RIBR,*MANUAL*,78,1245,72,165.00,116.39,19.74,895,104168
208,208,AIBR,*MANUAL*,78,1277,71,156.00,112.38,18.43,895,100582
209,209,AVER,*MANUAL*,78,1298,73,170.00,116.94,20.23,895,104657
210,210,RMGL,*MANUAL*,39,1146,80,182.00,134.16,24.79,895,120076
211,211,ADAL,*MANUAL*,38,1179,82,211.00,138.24,39.51,895,123729
212,212,ADEL,*MANUAL*,38,1189,75,225.00,154.52,36.52,895,138299
213,213,FLPL,*MANUAL*,37,1203,81,208.00,147.00,26.87,895,131567
214,214,RICL,*MANUAL*,37,1217,79,205.00,154.79,25.59,895,138539
215,215,AINL,*MANUAL*,38,1199,63,205.00,150.57,28.39,895,134761
216,216,AVDL,*MANUAL*,37,1223,66,235.00,169.88,25.05,895,152044
217,217,AWCL,*MANUAL*,37,1281,73,159.00,108.41,23.12,1363,147762
218,218,AUAL,*MANUAL*,38,1261,77,183.00,129.93,25.28,895,116291
219,219,ASJL,*MANUAL*,38,1241,78,148.00,105.62,18.56,1365,144168
220,220,ASHL,*MANUAL*,37,1264,61,177.00,122.17,19.96,895,109340
221,221,ASEL,*MANUAL*,37,1242,60,161.00,124.54,13.70,895,111465
222,222,AVJL,*MANUAL*,42,1212,56,211.00,143.35,26.64,895,128301
223,223,AVHL,*MANUAL*,42,1227,46,200.00,136.15,32.26,895,121854
224,224,SIBDL,*MANUAL*,39,1296,80,218.00,155.78,27.59,889,138492
225,225,RMDL,*MANUAL*,40,1310,80,205.00,141.98,24.61,794,112729
226,226,AVAL,*MANUAL*,38,1304,66,182.00,130.55,26.92,895,116841
227,227,RMDVL,*MANUAL*,38,1323,64,179.00,115.39,28.30,895,103275
228,228,AFDL,*MANUAL*,40,1286,61,155.00,103.99,25.98,1304,135597
229,229,AWBL,*MANUAL*,42,1262,50,198.00,132.81,26.23,855,113554
230,230,ASGL,*MANUAL*,44,1243,48,178.00,120.17,30.86,895,107549
231,231,AIZL,*MANUAL*,42,1210,71,216.00,157.45,25.36,895,140921
232,232,AVBL,*MANUAL*,48,1226,58,210.00,140.23,27.69,895,125506
233,233,AWAL,*MANUAL*,50,1257,53,207.00,138.32,26.39,895,123794
234,234,ADFL,*MANUAL*,48,1273,55,176.00,121.52,21.10,895,108764
235,235,RIML,*MANUAL*,46,1229,71,206.00,136.12,30.95,895,121826
236,236,RIBL,*MANUAL*,47,1247,66,197.00,140.51,26.45,895,125758
237,237,AIBL,*MANUAL*,49,1270,71,200.00,119.44,36.43,895,106896
238,238,AVEL,*MANUAL*,46,1296,71,202.00,143.00,28.26,895,127984
239,239,SMDVL,*MANUAL*,43,1299,48,179.00,124.17,23.32,895,111135
240,240,SAAVL,*MANUAL*,48,1309,59,202.00,138.39,28.21,875,121093
241,241,RIAL,*MANUAL*,49,1289,57,206.00,134.49,29.38,895,120369
242,242,CEPDL,*MANUAL*,47,1317,45,215.00,128.80,29.27,891,114759
243,243,GLRDL,*MANUAL*,54,1316,54,227.00,154.11,28.32,895,137930
244,244,RIVL,*MANUAL*,48,1215,40,216.00,142.30,27.85,895,127362
245,245,ASIL,*MANUAL*,53,1233,43,159.00,120.43,16.13,895,107783
246,246,ADLL,*MANUAL*,56,1255,40,134.00,89.40,19.50,1365,122032
247,247,ASKL,*MANUAL*,56,1278,44,135.00,97.06,17.83,895,86870
248,248,URXL,*MANUAL*,55,1301,46,173.00,125.44,18.66,895,112267
249,249,GLRL,*MANUAL*,48,1308,78,209.00,143.52,32.07,893,128160
250,250,GLRVL,*MANUAL*,54,1312,87,213.00,140.66,32.17,895,125894
251,251,ALML,*MANUAL*,56,1214,89,228.00,154.68,32.03,778,120342
252,252,AIYL,*MANUAL*,48,1214,87,236.00,158.97,34.68,895,142276
253,253,AVKL,*MANUAL*,49,1200,88,194.00,125.73,26.75,895,112524
254,254,AIMR,*MANUAL*,67,1218,89,233.00,156.58,25.28,865,135445
255,255,DA1,*MANUAL*,58,1110,102,201.00,116.09,30.82,895,103899
256,256,RIGR,*MANUAL*,57,1127,100,181.00,130.76,25.37,839,109709
257,257,DB1,*MANUAL*,58,1145,105,174.00,110.93,21.59,895,99285
258,258,DD1,*MANUAL*,53,1159,100,193.00,128.63,33.05,895,115125
259,259,SABD,*MANUAL*,67,1158,103,184.00,126.23,24.08,895,112975
260,260,AVG,*MANUAL*,59,1172,105,197.00,120.92,25.74,895,108224
261,261,RIGL,*MANUAL*,51,1180,100,202.00,135.50,28.31,889,120463
262,262,RIFR,*MANUAL*,68,1183,102,204.00,143.67,27.81,880,126432
263,263,RIFL,*MANUAL*,54,1195,103,235.00,157.33,35.78,825,129796
264,264,W,*MANUAL*,58,1240,104,160.00,104.12,23.30,895,93187
265,265,DB2,*MANUAL*,58,1221,107,186.00,126.66,28.88,895,113358
266,266,SABVR,*MANUAL*,63,1196,102,239.00,161.49,35.10,895,144538
267,267,SABVL,*MANUAL*,58,1207,104,227.00,151.10,33.95,895,135231
268,268,RIS,*MANUAL*,73,1206,102,165.00,112.90,24.34,895,101044
269,269,AIYR,*MANUAL*,76,1220,93,198.00,141.07,29.34,895,126262
270,270,AVKR,*MANUAL*,76,1200,88,186.00,126.08,19.85,895,112840
271,271,BAGR,*MANUAL*,86,1360,83,141.00,103.81,16.38,891,92498
272,272,URBR,*MANUAL*,89,1374,75,162.00,107.25,23.95,895,95993
273,273,IL1R,*MANUAL*,83,1387,81,177.00,120.43,23.42,895,107786
274,274,URYVR,*MANUAL*,80,1375,89,185.00,125.47,24.71,831,104263
275,275,OLQVR,*MANUAL*,77,1359,90,182.00,124.67,22.53,895,111577
276,276,CEPshVR,*MANUAL*,77,1346,92,179.00,104.05,32.63,895,93127
277,277,CEPVR,*MANUAL*,65,1349,99,201.00,144.10,21.36,894,128828
278,278,RMEV,*MANUAL*,58,1334,104,163.00,100.86,23.49,895,90267
279,279,G1,*MANUAL*,59,1286,108,148.00,98.32,21.60,895,87997
280,280,G2,*MANUAL*,59,1266,101,193.00,128.11,25.02,889,113886
281,281,SMBDL,*MANUAL*,49,1270,98,209.00,138.60,24.04,889,123211
282,282,SMDDL,*MANUAL*,47,1285,97,198.00,133.11,25.58,895,119132
283,283,RMDDL,*MANUAL*,46,1303,94,208.00,138.36,26.34,831,114977
284,284,SAADL,*MANUAL*,53,1297,93,215.00,151.23,24.60,849,128394
285,285,SMBVL,*MANUAL*,54,1276,90,195.00,137.15,30.06,895,122749
286,286,SIAVL,*MANUAL*,47,1253,92,192.00,132.21,28.27,895,118329
287,287,SIADL,*MANUAL*,47,1266,85,214.00,139.84,26.62,847,118441
288,288,AIAL,*MANUAL*,55,1261,87,210.00,147.30,22.82,881,129773
289,289,SIBVL,*MANUAL*,48,1287,84,204.00,142.44,31.05,895,127482
290,290,EXC DUCT,*MANUAL*,50,1246,81,154.00,98.78,28.04,895,88406
291,291,SMBDR,*MANUAL*,74,1264,99,180.00,131.56,18.97,895,117750
292,292,SMDDR,*MANUAL*,78,1283,98,194.00,116.65,27.45,895,104398
293,293,RMDDR,*MANUAL*,77,1307,98,161.00,110.88,22.22,895,99237
294,294,SMBVR,*MANUAL*,65,1278,93,198.00,143.42,20.50,895,128365
295,295,SAADR,*MANUAL*,70,1299,93,211.00,141.31,30.80,827,116863
296,296,AIAR,*MANUAL*,65,1264,89,223.00,149.41,22.96,895,133722
297,297,SIAVR,*MANUAL*,68,1249,89,194.00,125.48,32.33,895,112307
298,298,SIADR,*MANUAL*,78,1250,90,210.00,140.72,27.69,895,125948
299,299,AVL,*MANUAL*,77,1267,87,175.00,129.60,16.75,895,115988
300,300,RIR,*MANUAL*,73,1285,82,189.00,127.58,23.53,895,114182
301,301,SIBVR,*MANUAL*,79,1295,89,227.00,155.49,25.52,895,139163
302,302,ALA,*MANUAL*,60,1314,42,156.00,116.54,16.51,895,104302
303,303,RID,*MANUAL*,60,1334,38,164.00,112.40,20.95,889,99924
304,304,URAVR,*MANUAL*,73,1374,95,212.00,139.61,25.27,895,124954
305,305,IL1VR,*MANUAL*,61,1367,98,188.00,130.52,26.39,895,116816
306,306,IL2VR,*MANUAL*,67,1392,100,184.00,120.96,29.57,861,104143
307,307,CEPsoVR,*MANUAL*,74,1388,94,182.00,117.41,31.40,895,105081
308,308,IL2R,*MANUAL*,89,1398,74,137.00,87.98,20.33,849,74693
309,309,XXXR,*MANUAL*,86,1399,83,159.00,107.41,25.91,895,96132
310,310,OLQshVR,*MANUAL*,86,1414,82,162.00,110.73,21.09,889,98442
311,311,OLLshR,*MANUAL*,86,1435,80,177.00,110.82,32.72,853,94533
312,312,ILshR,*MANUAL*,82,1447,85,155.00,92.07,23.43,895,82404
313,313,OLQsoVR,*MANUAL*,80,1466,86,152.00,90.11,26.75,895,80648
314,314,ILsoR,*MANUAL*,82,1479,80,153.00,92.96,22.78,895,83201
315,315,ARCpVR,*MANUAL*,82,1493,77,154.00,100.54,26.03,886,89080
316,316,ARCaDR,*MANUAL*,83,1506,67,111.00,73.80,16.06,895,66050
317,317,AMsoR,*MANUAL*,82,1490,58,108.00,72.81,14.71,895,65166
318,318,ARCpDR,*MANUAL*,80,1471,54,134.00,91.44,21.12,895,81835
319,319,hyp1R,*MANUAL*,82,1451,54,138.00,88.74,20.95,895,79421
320,320,ILshDR,*MANUAL*,85,1433,55,175.00,107.53,25.74,895,96237
321,321,OLQshDR,*MANUAL*,89,1419,63,166.00,99.97,24.11,895,89473
322,322,OLLsOR,*MANUAL*,86,1405,59,163.00,99.65,25.77,895,89188
323,323,CEPsODR,*MANUAL*,82,1393,58,175.00,107.12,27.93,895,95869
324,324,RMER,*MANUAL*,80,1353,76,176.00,90.58,34.05,895,81067
325,325,RIPR,*MANUAL*,78,1366,75,161.00,106.49,23.70,895,95308
326,326,OLLR,*MANUAL*,80,1379,66,143.00,98.75,20.37,895,88378
327,327,CEPshDR,*MANUAL*,81,1345,62,159.00,78.79,27.95,895,70514
328,328,URYDR,*MANUAL*,80,1361,56,162.00,101.28,28.83,895,90647
329,329,URADR,*MANUAL*,80,1377,54,167.00,112.24,29.96,895,100459
330,330,IL1DR,*MANUAL*,70,1369,56,193.00,143.11,21.89,895,128079
331,331,OLQDR,*MANUAL*,72,1355,49,190.00,133.72,25.25,895,119682
332,332,RMED,*MANUAL*,61,1353,49,195.00,138.32,34.93,853,117991
333,333,IL2DR,*MANUAL*,75,1388,47,135.00,90.42,20.31,895,80927
334,334,BAGL,*MANUAL*,38,1366,77,173.00,117.91,24.05,875,103175
335,335,URBL,*MANUAL*,38,1384,74,214.00,146.49,24.01,819,119972
336,336,OLQVL,*MANUAL*,47,1362,88,190.00,130.08,24.86,895,116418
337,337,IL1L,*MANUAL*,44,1390,77,191.00,134.57,25.34,895,120440
338,338,URYVL,*MANUAL*,44,1379,87,209.00,133.76,30.20,889,118911
339,339,URAVL,*MANUAL*,51,1374,94,205.00,130.67,35.65,895,116948
340,340,CEPsHVL,*MANUAL*,46,1348,90,179.00,103.22,30.91,895,92381
341,341,CEPVL,*MANUAL*,54,1352,99,208.00,144.59,25.14,861,124493
342,342,IL1VL,*MANUAL*,58,1383,101,182.00,120.00,25.52,895,107403
343,343,IL2VL,*MANUAL*,55,1400,99,177.00,106.64,27.42,895,95444
344,344,CEPsoVL,*MANUAL*,47,1392,93,171.00,115.62,25.55,895,103482
345,345,XXXL,*MANUAL*,42,1403,82,212.00,128.41,31.99,875,112360
346,346,IL2L,*MANUAL*,37,1405,73,186.00,124.15,22.27,895,111111
347,347,OLQshVL,*MANUAL*,39,1424,79,196.00,122.48,26.50,893,109373
348,348,OLLshL,*MANUAL*,39,1442,76,200.00,124.00,31.62,695,86183
349,349,ILshL,*MANUAL*,41,1445,83,189.00,131.86,25.29,895,118011
350,350,OLQsOVL,*MANUAL*,44,1462,83,174.00,109.79,32.17,895,98264
351,351,ILsOL,*MANUAL*,43,1475,78,190.00,125.28,24.50,891,111627
352,352,ARCpVL,*MANUAL*,46,1506,80,164.00,111.51,27.44,759,84638
353,353,ARCaDL,*MANUAL*,42,1520,59,159.00,99.10,23.41,895,88692
354,354,hyP2L,*MANUAL*,42,1496,58,180.00,102.71,22.65,895,91924
355,355,ARCpDL,*MANUAL*,43,1477,57,161.00,106.36,20.14,895,95194
356,356,AMsoL,*MANUAL*,44,1459,55,171.00,113.25,24.06,895,101360
357,357,hyp1L,*MANUAL*,41,1442,56,176.00,115.83,26.08,885,102511
358,358,ILshDL,*MANUAL*,41,1426,56,205.00,125.67,31.56,895,112476
359,359,OLQshDL,*MANUAL*,39,1412,60,222.00,150.81,31.69,797,120196
360,360,OLLsOL,*MANUAL*,45,1406,59,227.00,143.20,36.83,895,128164
361,361,IL2DL,*MANUAL*,48,1394,49,165.00,114.63,24.37,895,102596
362,362,CEPsoDL,*MANUAL*,40,1379,56,240.00,149.07,37.94,745,111058
363,363,RMEL,*MANUAL*,44,1353,73,184.00,102.19,40.70,895,91461
364,364,RIPL,*MANUAL*,47,1368,72,201.00,133.31,31.40,895,119314
365,365,OLLL,*MANUAL*,46,1386,65,195.00,125.07,27.94,895,111939
366,366,CEPshDL,*MANUAL*,43,1345,59,209.00,116.20,34.11,895,103999
367,367,URYDL,*MANUAL*,44,1365,58,194.00,125.36,26.56,895,112193
368,368,URADL,*MANUAL*,47,1378,53,252.00,174.35,32.79,825,143836
369,369,IL1DL,*MANUAL*,54,1373,56,222.00,153.76,30.70,895,137611
370,370,OLQDL,*MANUAL*,52,1356,51,197.00,142.06,24.75,895,127140
371,371,hyp5R,*MANUAL*,81,1570,65,81.00,43.54,13.98,1365,59432
372,372,hyp4D,*MANUAL*,60,1643,49,107.00,62.98,19.57,895,56369
373,373,hyp31,*MANUAL*,62,1582,39,145.00,89.97,23.58,895,80527
374,374,hyp32,*MANUAL*,55,1564,41,160.00,94.64,29.66,895,84705
375,375,ARCpD,*MANUAL*,65,1549,41,166.00,106.12,22.85,895,94979
376,376,ILsoDR,*MANUAL*,65,1530,41,182.00,119.07,28.20,895,106568
377,377,OLQsoDR,*MANUAL*,70,1506,39,171.00,103.07,33.25,895,92246
378,378,ILsoDL,*MANUAL*,52,1540,44,170.00,113.31,22.93,895,101412
379,379,OLQsoDL,*MANUAL*,50,1523,44,194.00,123.68,32.20,895,110698
380,380,hyp4V1,*MANUAL*,63,1624,88,132.00,68.07,27.57,895,60923
381,381,hyp4V2,*MANUAL*,62,1589,89,126.00,77.79,21.88,895,69622
382,382,ARCaV,*MANUAL*,67,1561,91,126.00,72.23,21.09,895,64642
383,383,hyp2V,*MANUAL*,59,1542,95,121.00,80.88,19.42,895,72389
384,384,ARCpV,*MANUAL*,66,1525,93,146.00,98.96,21.89,893,88369
385,385,hyp1V,*MANUAL*,59,1516,95,150.00,105.43,20.47,895,94363
386,386,ILsOVL,*MANUAL*,58,1500,97,181.00,117.27,21.89,873,102378
387,387,ILsHVL,*MANUAL*,57,1485,94,175.00,99.50,41.18,876,87166
388,388,ILsOVR,*MANUAL*,67,1504,93,157.00,111.72,23.92,895,99991
389,389,ILsHVR,*MANUAL*,67,1483,92,164.00,106.04,36.68,895,94904
390,390,vpi3D,*MANUAL*,54,1110,50,178.00,118.32,22.78,895,105892
391,391,vpi3v,*MANUAL*,61,1118,82,179.00,94.71,41.70,885,83815
392,392,vpi2DL,*MANUAL*,47,1122,59,198.00,126.30,30.59,895,113038
393,393,vpi2DR,*MANUAL*,73,1118,56,179.00,111.08,31.92,895,99420
394,394,vpi1,*MANUAL*,59,1119,44,167.00,111.95,19.34,895,100199
395,395,vpi2V,*MANUAL*,58,1128,84,227.00,143.55,36.20,857,123025
396,396,pm8,*MANUAL*,63,1133,77,166.00,118.24,23.29,895,105822
397,397,g1P,*MANUAL*,72,1135,48,132.00,92.48,16.85,895,82769
398,398,g2R,*MANUAL*,74,1138,78,204.00,143.26,26.91,895,128219
399,399,g2L,*MANUAL*,54,1144,79,240.00,133.37,45.03,895,119369
400,400,M5,*MANUAL*,52,1151,43,198.00,137.06,33.75,847,116089
401,401,pm7D,*MANUAL*,62,1156,37,151.00,92.52,24.47,895,82805
402,402,pm7VL,*MANUAL*,45,1155,72,163.00,99.35,27.39,895,88918
403,403,pm6VR,*MANUAL*,76,1178,71,139.00,97.37,16.51,895,87149
404,404,pm7VR,*MANUAL*,77,1154,73,125.00,74.06,21.79,895,66281
405,405,mc3V,*MANUAL*,65,1150,85,169.00,101.40,25.15,895,90757
406,406,mc3DL,*MANUAL*,47,1153,51,186.00,130.48,23.26,895,116783
407,407,mc3DR,*MANUAL*,78,1153,52,151.00,97.61,19.74,895,87363
408,408,pm6VL,*MANUAL*,49,1178,70,152.00,107.84,20.79,895,96514
409,409,pm6D,*MANUAL*,62,1182,39,171.00,118.20,17.53,895,105787
410,410,I6,*MANUAL*,51,1179,43,228.00,152.74,32.18,895,136705
411,411,M1,*MANUAL*,76,1176,42,206.00,135.18,26.98,895,120989
412,412,I5,*MANUAL*,63,1185,83,186.00,126.42,26.41,895,113144
413,413,g1aL,*MANUAL*,48,1193,52,188.00,121.35,34.61,895,108605
414,414,g1aR,*MANUAL*,77,1193,51,159.00,101.43,20.31,895,90776
415,415,M2L,*MANUAL*,49,1195,70,247.00,167.53,35.27,895,149936
416,416,M2R,*MANUAL*,75,1196,70,210.00,149.41,25.20,889,132822
417,417,I4,*MANUAL*,63,1202,42,214.00,143.71,26.14,895,128621
418,418,pm5VL,*MANUAL*,57,1204,76,209.00,135.37,29.48,895,121157
419,419,pm5VR,*MANUAL*,68,1202,76,219.00,135.72,32.03,895,121465
420,420,pm5R,*MANUAL*,73,1208,60,169.00,112.08,19.09,895,100313
421,421,pm5DR,*MANUAL*,69,1211,48,180.00,113.47,27.08,895,101560
422,422,pm5DL,*MANUAL*,57,1214,51,183.00,126.83,23.48,895,113510
423,423,pm5L,*MANUAL*,53,1211,64,224.00,136.21,31.87,895,121911
424,424,mc2V,*MANUAL*,62,1226,75,171.00,100.05,24.66,895,89545
425,425,mc2DL,*MANUAL*,56,1238,60,162.00,98.29,25.27,895,87973
426,426,mc2DR,*MANUAL*,69,1231,58,160.00,103.69,21.47,895,92801
427,427,M4,*MANUAL*,59,1373,67,154.00,93.80,29.11,895,83953
428,428,M3R,*MANUAL*,71,1384,79,197.00,134.77,34.25,895,120621
429,429,I3,*MANUAL*,62,1404,54,188.00,132.24,26.51,895,118354
430,430,NSML,*MANUAL*,51,1413,82,187.00,119.64,33.39,895,107078
431,431,NSMR,*MANUAL*,76,1410,79,164.00,110.93,24.32,895,99281
432,432,MI,*MANUAL*,61,1419,49,210.00,156.24,21.69,619,96715
433,433,pm4DR,*MANUAL*,69,1418,52,174.00,112.74,24.48,895,100898
434,434,pm4R,*MANUAL*,77,1420,67,147.00,101.97,22.33,895,91263
435,435,pm4VR,*MANUAL*,69,1423,87,155.00,92.89,17.96,895,83135
436,436,pm4VL,*MANUAL*,57,1423,88,155.00,96.13,24.53,895,86033
437,437,pm4L,*MANUAL*,48,1422,72,172.00,109.33,29.08,895,97852
438,438,pm4DL,*MANUAL*,54,1418,53,203.00,141.27,25.71,895,126440
439,439,I2L,*MANUAL*,48,1431,84,215.00,136.11,35.02,871,118551
440,440,MCL,*MANUAL*,54,1434,76,225.00,138.25,36.18,895,123730
441,441,MCR,*MANUAL*,71,1432,74,199.00,134.55,25.64,880,118403
442,442,I2R,*MANUAL*,79,1428,80,192.00,129.83,26.53,895,116202
443,443,pm1DL,*MANUAL*,57,1435,52,235.00,137.21,41.53,611,83833
444,444,pm1DR,*MANUAL*,64,1434,51,238.00,169.46,33.01,893,151324
445,445,mc1V,*MANUAL*,63,1443,87,170.00,109.15,25.37,851,92890
446,446,mc1DL,*MANUAL*,51,1439,59,158.00,114.94,18.53,895,102868
447,447,mc1DR,*MANUAL*,74,1437,56,171.00,115.37,20.10,895,103260
448,448,pm1L,*MANUAL*,50,1447,72,223.00,137.29,43.77,895,122872
449,449,pm1VL,*MANUAL*,54,1448,85,208.00,142.16,32.98,895,127230
450,450,pm1VR,*MANUAL*,71,1446,81,188.00,137.61,29.21,895,123165
451,451,pm1R,*MANUAL*,76,1446,69,172.00,113.25,26.08,895,101357
452,452,I1L,*MANUAL*,52,1468,77,176.00,112.92,28.30,895,101067
453,453,I1R,*MANUAL*,73,1465,76,150.00,94.59,27.21,895,84658
454,454,e3D,*MANUAL*,61,1451,51,149.00,81.59,26.86,895,73022
455,455,pm3R,*MANUAL*,71,1477,70,118.00,63.72,18.09,895,57033
456,456,pm3L,*MANUAL*,52,1481,70,144.00,80.96,28.59,895,72459
457,457,pm3DR,*MANUAL*,66,1483,54,106.00,53.57,14.72,895,47944
458,458,e3VR,*MANUAL*,73,1497,75,136.00,79.53,24.99,895,71183
459,459,e3VL,*MANUAL*,51,1499,79,171.00,95.99,34.30,895,85914
460,460,e1D,*MANUAL*,62,1507,51,168.00,96.21,38.58,719,69172
461,461,pm3DL,*MANUAL*,56,1506,55,148.00,76.22,28.04,895,68217
462,462,pm3VR,*MANUAL*,68,1513,78,116.00,63.20,16.19,895,56566
463,463,pm3VL,*MANUAL*,55,1516,80,132.00,57.05,20.04,895,51063
464,464,e1VR,*MANUAL*,73,1526,75,144.00,83.78,27.58,893,74815
465,465,e1VL,*MANUAL*,50,1532,79,162.00,97.05,26.83,889,86274
466,466,pm2D2,*MANUAL*,60,1536,53,145.00,87.32,25.35,895,78154
467,467,pm2d1,*MANUAL*,60,1553,53,129.00,82.68,23.92,895,73996
468,468,e2D,*MANUAL*,60,1588,51,95.00,53.91,15.26,895,48253
469,469,pm2VL2,*MANUAL*,50,1555,79,172.00,98.63,32.21,895,88276
470,470,pm2VL1,*MANUAL*,50,1569,79,175.00,95.90,34.20,895,85830
471,471,e2VL,*MANUAL*,51,1596,78,131.00,59.93,27.47,895,53633
472,472,pm2VR2,*MANUAL*,73,1551,76,141.00,80.90,22.30,895,72403
473,473,pm2VR1,*MANUAL*,73,1568,75,170.00,89.54,31.13,895,80138
474,474,e2VR,*MANUAL*,72,1592,74,106.00,56.30,19.20,895,50386
475,475,DR1,*MANUAL*,78,1524,51,82.00,49.80,11.14,895,44572
476,476,DR2,*MANUAL*,77,1489,44,107.00,52.65,14.31,895,47125
477,477,DR3,*MANUAL*,76,1449,39,108.00,62.37,15.42,895,55824
478,478,DR4,*MANUAL*,83,1405,47,102.00,63.60,15.06,895,56925
479,479,DR5,*MANUAL*,73,1345,35,131.00,71.16,21.69,895,63692
480,480,DR6,*MANUAL*,81,1337,43,106.00,65.84,18.31,895,58925
481,481,DR7,*MANUAL*,70,1229,30,146.00,96.20,21.19,895,86101
482,482,DR8,*MANUAL*,78,1199,31,152.00,80.18,26.55,895,71757
483,483,DR9,*MANUAL*,72,1120,32,144.00,87.78,19.64,895,78567
484,484,DR10,*MANUAL*,76,1089,33,124.00,70.52,23.53,895,63113
485,485,DR11,*MANUAL*,72,1041,30,159.00,91.17,29.26,895,81594
486,486,DR12,*MANUAL*,75,968,32,137.00,85.21,22.57,895,76262
487,487,DR13,*MANUAL*,68,919,31,157.00,92.47,29.60,895,82762
488,488,DR14,*MANUAL*,70,853,35,129.00,66.08,24.20,895,59144
489,489,DR15,*MANUAL*,67,805,33,129.00,82.71,16.49,895,74028
490,490,DR16,*MANUAL*,71,700,37,95.00,59.86,14.62,895,53575
491,491,DR17,*MANUAL*,71,642,39,112.00,57.89,21.07,895,51813
492,492,DR18,*MANUAL*,65,570,43,98.00,55.88,14.89,895,50013
493,493,DR19,*MANUAL*,67,485,45,97.00,57.60,20.21,895,51554
494,494,DR20,*MANUAL*,70,419,47,88.00,40.59,19.69,895,36327
495,495,DR21,*MANUAL*,63,290,42,88.00,50.19,17.15,895,44919
496,496,DL21,*MANUAL*,59,221,49,87.00,50.11,12.54,895,44848
497,497,DL20,*MANUAL*,50,389,51,86.00,51.47,13.05,895,46067
498,498,DL19,*MANUAL*,56,443,47,91.00,57.42,12.33,895,51391
499,499,DL18,*MANUAL*,52,517,47,108.00,56.64,13.99,895,50690
500,500,DL17,*MANUAL*,51,599,43,105.00,60.89,17.18,895,54494
501,501,DL16,*MANUAL*,54,665,43,105.00,61.19,17.64,895,54769
502,502,DL15,*MANUAL*,51,767,35,149.00,82.54,25.10,895,73870
503,503,DL14,*MANUAL*,50,812,36,136.00,72.95,26.20,895,65292
504,504,DL13,*MANUAL*,50,870,34,146.00,93.01,23.88,895,83243
505,505,DL12,*MANUAL*,49,936,33,164.00,94.12,28.68,895,84235
506,506,DL11,*MANUAL*,52,1011,30,163.00,95.19,30.41,895,85192
507,507,DL10,*MANUAL*,47,1068,32,171.00,85.80,36.98,895,76793
508,508,DL9,*MANUAL*,49,1111,34,155.00,95.09,22.64,895,85110
509,509,DL8,*MANUAL*,46,1145,31,142.00,83.97,24.64,895,75155
510,510,DL7,*MANUAL*,51,1193,28,139.00,70.20,25.24,895,62829
511,511,hmc,*MANUAL*,66,1210,31,174.00,84.56,30.47,895,75683
512,512,DL6,*MANUAL*,41,1344,45,146.00,87.95,24.69,895,78714
513,513,DL5,*MANUAL*,50,1339,39,138.00,90.42,20.02,895,80922
514,514,DL4,*MANUAL*,43,1412,46,151.00,83.69,22.16,895,74899
515,515,DL3,*MANUAL*,47,1456,42,112.00,74.31,17.71,895,66511
516,516,DL2,*MANUAL*,46,1497,46,127.00,75.73,18.35,895,67779
517,517,DL1,*MANUAL*,43,1538,53,106.00,68.30,16.69,895,61131
518,518,VL1,*MANUAL*,43,1540,80,121.00,66.19,21.64,895,59237
519,519,VL2,*MANUAL*,48,1503,93,99.00,65.59,13.85,895,58705
520,520,VL3,*MANUAL*,47,1458,97,113.00,61.99,21.37,895,55481
521,521,VL4,*MANUAL*,42,1415,93,121.00,76.12,18.86,895,68124
522,522,VL5,*MANUAL*,48,1359,103,165.00,87.85,27.39,895,78630
523,523,VL6,*MANUAL*,41,1330,94,118.00,62.22,24.09,895,55685
524,524,H1L,*MANUAL*$1$2,35,1345,76,175.00,50.84,35.24,8047,409136
525,525,VL7,*MANUAL*,49,1229,102,145.00,77.23,22.83,895,69120
526,526,VL8,*MANUAL*,45,1174,93,154.00,92.54,23.09,895,82823
527,527,EXC GL L,*MANUAL*,46,1150,93,169.00,106.56,26.70,895,95369
528,528,VL9,*MANUAL*,49,1124,96,160.00,105.98,23.00,895,94854
529,529,VL10,*MANUAL*,46,1084,96,148.00,80.46,23.48,895,72011
530,530,VL11,*MANUAL*,52,1001,101,161.00,86.46,26.67,895,77379
531,531,VL12,*MANUAL*,45,918,93,138.00,75.21,28.87,895,67313
532,532,VL13,*MANUAL*,50,876,98,145.00,82.07,25.09,895,73457
533,533,VL14,*MANUAL*,46,803,92,145.00,75.88,29.56,895,67910
534,534,VL15,*MANUAL*,52,726,90,129.00,78.54,20.22,895,70289
535,535,CCLA,*MANUAL*,50,768,90,169.00,95.34,26.53,895,85326
536,536,CCLP,*MANUAL*,48,750,87,162.00,100.22,25.80,895,89700
537,537,VL16,*MANUAL*,54,645,92,114.00,74.96,16.13,875,65591
538,538,VL17,*MANUAL*,50,516,94,97.00,49.44,18.76,895,44249
539,539,VL18,*MANUAL*,52,433,90,93.00,48.61,15.32,885,43021
540,540,VL19,*MANUAL*,55,241,74,103.00,60.53,20.26,895,54173
541,541,VR20,*MANUAL*,67,241,71,104.00,64.34,14.81,895,57580
542,542,VR19,*MANUAL*,72,408,89,70.00,33.44,10.41,895,29932
543,543,VR18,*MANUAL*,72,513,90,79.00,46.30,10.02,895,41440
544,544,VR17,*MANUAL*,70,587,90,96.00,58.13,13.14,895,52026
545,545,VR16,*MANUAL*,79,679,93,85.00,57.23,12.15,895,51224
546,546,VR15,*MANUAL*,72,776,90,133.00,77.81,17.71,895,69642
547,547,VR14,*MANUAL*,74,824,92,117.00,76.69,21.84,895,68637
548,548,VR13,*MANUAL*,69,903,99,146.00,87.11,21.76,895,77965
549,549,VR12,*MANUAL*,75,950,97,151.00,84.28,28.48,895,75428
550,550,CCRA,*MANUAL*,80,1009,90,159.00,93.98,30.22,895,84115
551,551,CCRP,*MANUAL*,70,976,97,175.00,118.09,24.19,895,105693
552,552,VR11,*MANUAL*,70,1017,99,144.00,97.18,18.76,895,86974
553,553,VR10,*MANUAL*,75,1078,99,146.00,72.02,21.47,895,64457
554,554,VR9,*MANUAL*,72,1125,99,139.00,97.32,18.45,895,87100
555,555,EXC GL R,*MANUAL*,75,1151,97,159.00,109.67,20.75,895,98155
556,556,VR8,*MANUAL*,76,1177,98,168.00,84.28,23.29,895,75429
557,557,VR7,*MANUAL*,73,1235,103,144.00,94.23,17.29,895,84334
558,558,VR6,*MANUAL*,81,1332,97,112.00,68.49,19.62,895,61297
559,559,VR5,*MANUAL*,73,1355,105,134.00,72.81,23.76,895,65168
560,560,VR4,*MANUAL*,79,1404,96,104.00,63.53,15.52,895,56860
561,561,VR3,*MANUAL*,74,1451,95,107.00,62.08,16.84,895,55566
562,562,VR2,*MANUAL*,75,1496,93,129.00,62.85,20.06,895,56248
563,563,VR1,*MANUAL*,80,1520,82,100.00,63.07,15.62,895,56450
564,564,hyp102,*MANUAL*,58,65,61,113.00,69.82,20.13,895,62491
565,565,hyp101,*MANUAL*,60,90,60,114.00,72.30,20.20,895,64709
566,566,hyp9,*MANUAL*,60,107,64,103.00,58.26,18.53,895,52141
567,567,hyp11,*MANUAL*$83$86,53,141,56,109.00,63.93,14.72,477,30495
568,568,hyp8,*MANUAL*,59,140,65,118.00,74.58,13.45,895,66747
569,569,hyp71,*MANUAL*$95$89,59,183,70,88.00,41.81,18.61,1859,77723
570,570,PVR,*MANUAL*,60,179,54,96.00,63.63,14.92,895,56948
571,571,PLMR,*MANUAL*,66,217,66,120.00,81.86,15.31,821,67204
572,572,ALNR,*MANUAL*,66,241,52,113.00,75.92,15.88,895,67947
573,573,PVCR,*MANUAL*,70,253,63,117.00,80.16,11.72,879,70459
574,574,LUAR,*MANUAL*,70,256,53,149.00,91.32,20.18,885,80819
575,575,PHBR,*MANUAL*,72,272,58,109.00,75.90,13.15,895,67931
576,576,PHAR,*MANUAL*,71,278,69,108.00,69.89,15.48,895,62556
577,577,PVQR,*MANUAL*,72,292,61,102.00,71.41,13.20,895,63913
578,578,repVR,*MANUAL*,73,317,62,87.00,60.32,10.15,895,53987
579,579,K',*MANUAL*,67,303,52,114.00,73.63,22.44,889,65457
580,580,repD,*MANUAL*,57,304,47,110.00,77.46,14.82,895,69326
581,581,DVC,*MANUAL*,60,246,61,98.00,72.89,10.55,877,63922
582,582,DEP,*MANUAL*,61,254,47,122.00,70.22,14.20,895,62847
583,583,DVA,*MANUAL*,61,270,55,95.00,68.54,10.01,895,61342
584,584,B,*MANUAL*,61,264,72,92.00,55.65,12.13,895,49807
585,585,F,*MANUAL*,61,288,60,108.00,80.84,11.32,895,72355
586,586,K,*MANUAL*,54,285,49,104.00,73.59,10.05,895,65861
587,587,PLML,*MANUAL*,57,218,66,116.00,80.22,19.02,895,71796
588,588,PHshL,*MANUAL*,53,233,59,122.00,77.44,16.29,895,69312
589,589,ALNL,*MANUAL*,53,247,53,119.00,84.28,13.54,895,75433
590,590,PVCL,*MANUAL*,51,254,66,125.00,89.23,13.14,895,79859
591,591,LUAL,*MANUAL*,49,263,56,137.00,85.78,19.65,895,76769
592,592,PHBL,*MANUAL*,47,276,62,110.00,74.95,14.00,885,66335
593,593,PHAL,*MANUAL*,51,277,72,119.00,80.43,15.89,895,71984
594,594,PVQL,*MANUAL*,48,295,67,108.00,70.35,12.45,895,62963
595,595,repVL,*MANUAL*,50,318,66,109.00,78.12,13.00,895,69916
596,596,SPH,*MANUAL*,53,334,69,126.00,79.12,25.52,889,70336
597,597,YPDA,*MANUAL*,62,297,84,88.00,50.89,15.63,895,45546
598,598,U,*MANUAL*,60,310,70,119.00,79.40,15.07,847,67253
599,599,DA9,*MANUAL*,67,313,76,117.00,81.70,13.04,895,73120
600,600,DA8,*MANUAL*,53,318,81,121.00,82.56,15.90,895,73889
601,601,DD6,*MANUAL*,60,329,75,145.00,101.92,16.78,821,83673
602,602,PVPR,*MANUAL*,69,330,75,138.00,89.10,18.28,895,79744
603,603,PVPL,*MANUAL*,54,340,82,130.00,88.89,16.85,895,79560
604,604,PVT,*MANUAL*,66,349,83,95.00,60.25,12.68,895,53920
605,605,imL,*MANUAL*,49,364,83,91.00,54.08,15.11,895,48399
606,606,imR,*MANUAL*,73,378,79,74.00,50.91,11.71,895,45563
607,607,BDUR,*MANUAL*,84,1062,69,162.00,107.99,28.58,895,96653
608,608,P1/2R,*MANUAL*$153$154,87,964,87,116.00,62.72,13.54,1358,85171
609,609,V2R,*MANUAL*$138$136,84,915,74,96.00,29.32,18.94,6046,177273
610,610,hyp7RC2,*MANUAL*$113$126,81,867,57,92.00,28.13,15.71,6203,174519
611,611,CANR,*MANUAL*,79,768,56,123.00,80.04,18.14,895,71634
612,612,hyp7RC3,*MANUAL*$129$125,81,738,50,73.00,24.65,12.12,5602,138078
613,613,HSNR,*MANUAL*,81,705,80,129.00,74.39,21.69,895,66583
614,614,*NOUSE*,*NOUSE*,0,0,0,0,0,0,0,0
615,615,V4R,*MANUAL*$614$142,88,678,75,81.00,27.68,15.39,4613,127669
616,616,hyp7RC4,*MANUAL*$108$112,77,612,51,76.00,25.55,12.48,4921,125731
617,617,*NOUSE*,*NOUSE*,0,0,0,0,0,0,0,0
618,618,*NOUSE*,*NOUSE*,0,0,0,0,0,0,0,0
619,619,QR,*MANUAL*$618$617,77,571,70,92.00,43.25,15.93,1474,63750
620,620,*NOUSE*,*NOUSE*,0,0,0,0,0,0,0,0
621,621,*NOUSE*,*NOUSE*,0,0,0,0,0,0,0,0
622,622,V5R,*MANUAL*$621$620,78,519,72,71.00,35.79,12.96,1576,56404
623,623,*NOUSE*,*NOUSE*,0,0,0,0,0,0,0,0
624,624,P9/10R,*MANUAL*$623$143,78,484,80,68.00,41.09,11.16,962,39530
625,625,hyp7RC5,*MANUAL*$115$114,78,484,56,81.00,25.15,15.64,5921,148888
626,626,V6R,*MANUAL*$110$111$109,78,433,71,59.00,16.70,12.35,9672,161487
627,627,hyp7RC6,*MANUAL*$104$106$103,72,289,46,86.00,30.73,18.32,6791,208716
628,628,H2L,*MANUAL*$3$17$15,35,1169,73,193.00,61.32,29.69,5017,307657
629,629,*NOUSE*,*NOUSE*,0,0,0,0,0,0,0,0
630,630,AMshL,*MANUAL*$629$32,37,1179,49,123.00,70.78,16.76,1591,112613
631,631,hyp7ABLD,*MANUAL*$5$4,36,1100,57,126.00,33.09,23.29,8546,282818
632,632,hyp7ABLV,*MANUAL*$7$6,36,1081,73,100.00,24.49,19.51,11410,279442
633,633,BDUL,*MANUAL*,38,1055,64,230.00,150.14,35.36,895,134375
634,634,V1L,*MANUAL*$8$25$13,36,1022,64,130.00,46.99,27.49,5332,250527
635,635,hyp7LC1,*MANUAL*$16$11,38,992,50,111.00,29.07,19.95,8726,253646
636,636,hyp7LC2,*MANUAL*$22$19,39,875,54,105.00,30.50,19.15,7503,228845
637,637,V3L,*MANUAL*$14$18$12,38,803,73,119.00,27.87,21.79,8349,232664
638,638,hyp7LC3,*MANUAL*$24$30,41,776,49,86.00,28.17,17.43,6779,190974
639,639,CANL,*MANUAL*,38,731,60,165.00,105.33,23.70,895,94270
640,640,P5/6L,*MANUAL*$36$27,40,732,74,94.00,39.10,18.03,4794,187458
641,641,HSNL,*MANUAL*,45,687,82,144.00,93.27,25.27,895,83475
642,642,V4L,*MANUAL*$33$37,46,659,78,99.00,30.25,21.81,7061,213569
643,643,hyp7LC4,*MANUAL*$41$35,45,632,56,69.00,24.82,11.96,7496,186022
644,644,V5L,*MANUAL*$45$43,44,508,73,74.00,28.80,13.94,4599,132444
645,645,hyp7LC5,*MANUAL*$40$50,45,500,55,57.00,21.38,10.48,6027,128881
646,646,V6L,*MANUAL*$39$42,46,418,73,75.00,20.53,16.02,7474,153465
647,647,hyp7LC6,*MANUAL*$48$47,46,301,50,89.00,28.55,14.44,5687,162392
648,648,P11/12R,*MANUAL*,77,341,73,76.00,38.51, 9.92,1365,52569
649,649,*NOUSE*,*NOUSE*,0,0,0,0,0,0,0,0
650,650,inDR1,*MANUAL*$649$118,74,1047,46,80.00,38.70,14.61,1800,69664
651,651,inDL1,*MANUAL*$56$55$58,48,1031,46,96.00,50.03,15.07,2473,123727
652,652,inVL1,*MANUAL*$62$61,49,1050,90,90.00,50.71,16.41,1804,91479
653,653,inVR1,*MANUAL*,74,1052,86,90.00,39.87,12.81,2103,83841
654,654,inV2,*MANUAL*$53$54$57,49,997,85,83.00,37.11,12.57,4853,180079
655,655,*NOUSE*,*NOUSE*,0,0,0,0,0,0,0,0
656,656,m,*MANUAL*,71,562,62,71.00,23.16,11.17,1365,31616
657,657,inD4,*MANUAL*$82$76,59,869,48,64.00,28.66, 9.34,6591,188870
658,658,inD5,*MANUAL*$96$99$100$97,66,777,46,57.00,26.45, 9.52,5404,142928
659,659,inV5,*MANUAL*$60$59,50,717,54,63.00,26.47, 9.37,4389,116161
660,660,*NOUSE*,*NOUSE*,0,0,0,0,0,0,0,0
661,661,*NOUSE*,*NOUSE*,0,0,0,0,0,0,0,0
662,662,*NOUSE*,*NOUSE*,0,0,0,0,0,0,0,0
663,663,inV6,*MANUAL*$662$661,72,659,76,54.00,24.27, 8.85,3867,93854
664,664,inD6,*MANUAL*$92$69,58,618,52,48.00,22.30, 7.15,3829,85381
665,665,inD8,*MANUAL*,64,424,57,45.00,24.52, 6.83,1365,33467
666,666,inD9,*MANUAL*,55,361,52,55.00,21.21, 8.70,2103,44615
667,667,inV9,*MANUAL*,60,375,81,66.00,33.83,11.61,2103,71143
668,668,inV8,*MANUAL*,61,466,81,54.00,28.38, 8.03,2103,59678
669,669,z4,*MANUAL*,55,670,86,98.00,60.39,14.31,895,54053
670,670,z3,*MANUAL*,58,694,84,116.00,53.56,18.20,2969,159010
671,671,z2,*MANUAL*,66,728,78,102.00,47.38,14.81,2103,99650
672,672,z1,*MANUAL*,73,752,80,104.00,58.23,13.34,895,52116
673,673,db3,*MANUAL*,60,1069,104,177.00,104.19,30.81,895,93248
674,674,DA2,*MANUAL*,59,1042,100,191.00,114.31,37.49,895,102307
675,675,DD2,*MANUAL*,60,984,98,174.00,112.21,31.16,895,100432
676,676,DA3,*MANUAL*,60,951,101,166.00,107.92,25.73,895,96591
677,677,DB4,*MANUAL*,58,926,101,170.00,100.66,24.89,895,90091
678,678,DA4,*MANUAL*,58,844,101,176.00,108.37,29.36,895,96992
679,679,DD3,*MANUAL*,56,819,98,192.00,116.47,31.39,895,104244
680,680,DB5,*MANUAL*,59,757,92,151.00,98.73,23.57,895,88361
681,681,DA5,*MANUAL*,61,710,99,113.00,70.88,21.70,895,63436
682,682,DD4,*MANUAL*,61,640,98,135.00,90.24,17.45,895,80766
683,683,DB6,*MANUAL*,56,588,97,117.00,82.41,13.52,895,73760
684,684,DA6,*MANUAL*,57,561,96,136.00,92.25,18.63,895,82560
685,685,DB7,*MANUAL*,62,453,93,119.00,72.36,18.28,895,64762
686,686,DD5,*MANUAL*,60,485,94,121.00,71.89,23.96,895,64341
687,687,DA7,*MANUAL*,60,426,93,130.00,90.80,19.39,895,81263
688,688,ALMR,*MANUAL*,75,843,49,132.00,90.39,19.33,895,80902
689,689,AIML,*MANUAL*,44,850,40,179.00,107.02,28.24,895,95786
690,690,AVBR,*MANUAL*,79,1224,59,192.00,133.25,22.20,895,119259
691,691,hyp7RC1,*MANUAL*,86,981,54,65.00,26.50,12.81,4139,109685
692,692,IND2,*MANUAL*,78,990,72,52.00,20.12, 9.46,4139,83262
693,693,RIAR,*MANUAL*,76,1294,57,168.00,121.29,18.87,895,108554
694,694,RIH,*MANUAL*,62,1294,92,184.00,143.70,15.66,895,128612
695,695,virL,*MANUAL*,57,333,51,94.00,61.34,12.81,883,54160
696,696,virR,*MANUAL*,66,332,57,87.00,60.77, 9.45,895,54391
697,697,F1,*MANUAL*,63,1454,73,47.00,19.80, 6.27,895,17722
698,698,F2,*MANUAL*,63,1346,73,14.00, 6.48, 2.00,895,5804
699,699,F3,*MANUAL*,59,1168,73,34.00, 8.72, 4.36,895,7804
700,700,F4,*MANUAL*,59,1086,73, 3.00, 0.19, 0.45,895,173
701,701,F5,*MANUAL*,59,914,74,22.00, 1.88, 3.70,895,1683
702,702,F6,*MANUAL*,60,803,72, 3.00, 0.43, 0.65,895,382
703,703,F7,*MANUAL*,60,681,73,52.00, 4.21, 7.06,895,3764
704,704,F8,*MANUAL*,58,543,72, 7.00, 0.10, 0.43,895,91
705,705,F9,*MANUAL*,62,442,72, 4.00, 0.20, 0.51,895,181
706,706,F10,*MANUAL*,62,364,73,26.00, 5.21, 5.15,895,4659
