0,0,*NOUSE*,*NOUSE*,0,0,0,0,0,0,0,0
1,1,*NOUSE*,*NOUSE*,0,0,0,0,0,0,0,0
2,2,*NOUSE*,*NOUSE*,0,0,0,0,0,0,0,0
3,3,P9/10R,,54,498,53,128.00,59.62,18.97,1529,91155
4,4,*NOUSE*,*NOUSE*,0,0,0,0,0,0,0,0
5,5,inV8,,66,453,63,156.00,24.31,15.18,12453,302741
6,6,*NOUSE*,*NOUSE*,0,0,0,0,0,0,0,0
7,7,inD8,,67,411,92,110.00,24.76,16.82,11940,295631
8,8,*NOUSE*,*NOUSE*,0,0,0,0,0,0,0,0
9,9,inV9,,67,370,61,96.00,27.73,16.87,11720,324956
10,10,*NOUSE*,*NOUSE*,0,0,0,0,0,0,0,0
11,11,PHAR,,61,274,65,154.00,98.09,17.07,1017,99761
12,12,*NOUSE*,*NOUSE*,0,0,0,0,0,0,0,0
13,13,*NOUSE*,*NOUSE*,0,0,0,0,0,0,0,0
14,14,*NOUSE*,*NOUSE*,0,0,0,0,0,0,0,0
15,15,*NOUSE*,*NOUSE*,0,0,0,0,0,0,0,0
16,16,inD6,,69,622,89,99.00,29.57,13.08,9424,278639
17,17,PVR,,66,168,84,103.00,33.88,18.26,3847,130349
18,18,PHsHR,,66,221,75,135.00,81.57,20.40,1666,135901
19,19,*NOUSE*,*NOUSE*,0,0,0,0,0,0,0,0
20,20,*NOUSE*,*NOUSE*,0,0,0,0,0,0,0,0
21,21,ALNR,,64,233,83,136.00,96.18,14.71,538,51747
22,22,PLML,,72,210,72,127.00,75.76,19.18,1296,98182
23,23,hyp72,,69,145,76,113.00,51.40,19.08,1682,86460
24,24,hyp11,,72,122,81,99.00,27.07,15.37,6230,168657
25,25,*NOUSE*,*NOUSE*,0,0,0,0,0,0,0,0
26,26,*NOUSE*,*NOUSE*,0,0,0,0,0,0,0,0
27,27,inD9,,77,356,92,89.00,20.48,15.54,10430,213562
28,28,*NOUSE*,*NOUSE*,0,0,0,0,0,0,0,0
29,29,*NOUSE*,*NOUSE*,0,0,0,0,0,0,0,0
30,30,*NOUSE*,*NOUSE*,0,0,0,0,0,0,0,0
31,31,ALNL,,76,238,84,151.00,91.08,23.59,994,90537
32,32,*NOUSE*,*NOUSE*,0,0,0,0,0,0,0,0
33,33,PHshL,,76,225,79,135.00,84.66,22.84,1033,87451
34,34,*NOUSE*,*NOUSE*,0,0,0,0,0,0,0,0
35,35,*NOUSE*,*NOUSE*,0,0,0,0,0,0,0,0
36,36,*NOUSE*,*NOUSE*,0,0,0,0,0,0,0,0
37,37,*NOUSE*,*NOUSE*,0,0,0,0,0,0,0,0
38,38,PVQL,,82,292,74,148.00,85.63,20.20,1001,85712
39,39,*NOUSE*,*NOUSE*,0,0,0,0,0,0,0,0
40,40,P11/12L,,85,326,66,132.00,55.66,24.82,3653,203327
41,41,*NOUSE*,*NOUSE*,0,0,0,0,0,0,0,0
42,42,*NOUSE*,*NOUSE*,0,0,0,0,0,0,0,0
43,43,ADEshL,*MANUAL*,93,1202,72,250.00,158.51,44.97,895,141863
44,44,RMGL,*MANUAL*,95,1217,61,229.00,127.55,38.32,895,114157
45,45,ADAL,*MANUAL*,95,1250,62,219.00,127.88,45.55,895,114453
46,46,ADEL,*MANUAL*,94,1270,68,234.00,143.25,34.95,895,128210
47,47,FLPL,*MANUAL*,94,1285,70,242.00,156.37,34.13,877,137136
48,48,RICL,*MANUAL*,95,1304,68,225.00,145.25,28.91,895,129996
49,49,AVDL,*MANUAL*,94,1301,80,240.00,155.02,38.77,895,138746
50,50,AINL,*MANUAL*,92,1279,85,229.00,131.77,37.34,895,117933
51,51,AVJL,*MANUAL*,90,1294,89,234.00,152.36,33.88,895,136362
52,52,AWCL,*MANUAL*,96,1366,63,203.00,117.03,29.51,865,101234
53,53,AUAL,*MANUAL*,96,1346,61,220.00,140.96,34.67,895,126159
54,54,ASJL,*MANUAL*,95,1325,67,189.00,117.06,21.37,895,104770
55,55,ASHL,*MANUAL*,95,1352,76,195.00,103.88,27.73,895,92973
56,56,ASEL,*MANUAL*,93,1326,83,183.00,109.42,22.72,895,97928
57,57,SIBDL,*MANUAL*,93,1387,55,244.00,154.08,35.08,879,135438
58,58,RMDL,*MANUAL*,93,1412,55,222.00,136.75,40.91,821,112274
59,59,AVAL,*MANUAL*,92,1401,70,209.00,129.56,27.40,743,96263
60,60,RMDVL,*MANUAL*,93,1421,71,195.00,125.52,27.01,895,112338
61,61,AFDL,*MANUAL*,92,1382,73,196.00,105.00,34.54,895,93975
62,62,AVHL,*MANUAL*,89,1312,94,243.00,138.63,37.25,895,124077
63,63,AWBL,*MANUAL*,89,1352,92,204.00,124.79,29.48,894,111562
64,64,ADFL,*MANUAL*,85,1368,83,182.00,105.42,25.47,895,94348
65,65,AWAL,*MANUAL*,83,1346,84,197.00,123.15,28.04,895,110222
66,66,AVBL,*MANUAL*,83,1304,82,230.00,153.70,26.57,885,136022
67,67,AIZL,*MANUAL*,86,1292,71,239.00,157.66,28.94,889,140161
68,68,RIML,*MANUAL*,86,1315,72,228.00,130.77,35.71,895,117036
69,69,RIBL,*MANUAL*,86,1337,69,204.00,133.10,28.88,895,119128
70,70,AIBL,*MANUAL*,86,1366,64,215.00,139.51,24.69,895,124865
71,71,AVEL,*MANUAL*,86,1391,62,240.00,134.30,32.81,895,120201
72,72,RIVL,*MANUAL*,82,1296,99,233.00,155.17,35.32,895,138881
73,73,ASIL,*MANUAL*,78,1316,98,191.00,114.19,26.39,895,102203
74,74,ADLL,*MANUAL*,78,1343,101,149.00,90.59,18.99,895,81074
75,75,ASKL,*MANUAL*,78,1369,96,176.00,97.77,21.85,895,87501
76,76,URXL,*MANUAL*,72,1390,97,207.00,106.41,27.24,895,95234
77,77,ALA,*MANUAL*,69,1408,93,178.00,115.18,20.34,895,103082
78,78,RID,*MANUAL*,69,1427,98,179.00,92.75,27.45,895,83013
79,79,SMDVL,*MANUAL*,86,1394,83,222.00,135.43,27.09,881,119317
80,80,RIAL,*MANUAL*,81,1385,86,215.00,124.91,28.00,895,111790
81,81,SAAVL,*MANUAL*,83,1410,75,230.00,141.18,29.94,895,126359
82,82,CEPDL,*MANUAL*,77,1399,89,218.00,137.56,34.40,895,123112
83,83,GLRDL,*MANUAL*,79,1419,82,214.00,139.06,28.43,895,124459
84,84,GLRL,*MANUAL*,84,1412,56,235.00,157.37,31.56,895,140842
85,85,GLRVL,*MANUAL*,80,1418,45,215.00,139.09,31.78,895,124488
86,86,ADEshR,*MANUAL*,42,1233,53,174.00,110.78,27.79,895,99145
87,87,RMGR,*MANUAL*,43,1262,56,148.00,94.27,23.35,895,84369
88,88,ADAR,*MANUAL*,40,1283,59,170.00,105.50,21.81,889,93789
89,89,ADER,*MANUAL*,43,1289,68,200.00,120.51,26.12,895,107853
90,90,RICR,*MANUAL*,42,1322,66,162.00,103.28,21.58,895,92434
91,91,FLPR,*MANUAL*,42,1305,69,228.00,125.73,22.54,895,112524
92,92,AUAR,*MANUAL*,43,1364,60,162.00,97.49,21.54,895,87257
93,93,AWCR,*MANUAL*,45,1387,64,141.00,91.95,15.51,895,82299
94,94,ASJR,*MANUAL*,45,1345,63,119.00,82.03,12.95,895,73420
95,95,AVDR,*MANUAL*,42,1320,81,191.00,128.89,23.59,895,115359
96,96,AINR,*MANUAL*,45,1301,81,179.00,114.30,23.11,895,102299
97,97,AVJR,*MANUAL*,51,1315,89,223.00,145.22,25.78,801,116319
98,98,SIBDR,*MANUAL*,46,1405,54,189.00,117.02,24.94,895,104735
99,99,RMDR,*MANUAL*,50,1421,54,190.00,107.73,20.90,769,82841
100,100,AVAR,*MANUAL*,47,1416,69,150.00,90.03,20.59,895,80578
101,101,RMDVR,*MANUAL*,47,1436,71,147.00,92.73,18.13,895,82993
102,102,AFDR,*MANUAL*,49,1395,72,160.00,101.82,20.17,891,90718
103,103,ASHR,*MANUAL*,47,1370,74,157.00,94.64,18.29,895,84700
104,104,ASER,*MANUAL*,45,1344,82,128.00,82.73,12.38,895,74043
105,105,AVHR,*MANUAL*,50,1331,95,187.00,114.56,27.94,893,102304
106,106,ASGR,*MANUAL*,53,1348,93,179.00,114.16,25.82,895,102173
107,107,ASGL,*MANUAL*,85,1329,91,211.00,122.43,28.09,895,109577
108,108,AWBR,*MANUAL*,50,1367,89,190.00,114.31,24.46,889,101619
109,109,ADFR,*MANUAL*,58,1378,79,173.00,99.63,23.72,895,89168
110,110,AWAR,*MANUAL*,58,1362,83,175.00,107.88,23.07,895,96554
111,111,SMDVR,*MANUAL*,52,1402,84,213.00,117.37,28.17,889,104338
112,112,RIAR,*MANUAL*,59,1397,77,211.00,121.47,26.77,895,108713
113,113,SAAVR,*MANUAL*,58,1415,76,226.00,134.93,30.18,743,100254
114,114,CEPDR,*MANUAL*,57,1412,91,198.00,120.68,23.51,895,108009
115,115,GLRDR,*MANUAL*,64,1420,79,215.00,136.62,29.06,895,122275
116,116,AIZR,*MANUAL*,52,1311,72,194.00,121.63,28.28,893,108612
117,117,RIMR,*MANUAL*,52,1331,69,172.00,104.41,22.08,895,93448
118,118,RIBR,*MANUAL*,55,1346,74,188.00,108.93,21.88,895,97496
119,119,AVBR,*MANUAL*,55,1328,85,173.00,109.23,24.79,895,97764
120,120,AIBR,*MANUAL*,55,1380,62,175.00,106.33,21.41,895,95169
121,121,AVER,*MANUAL*,55,1406,62,178.00,104.78,21.81,895,93777
122,122,GLRR,*MANUAL*,58,1422,54,195.00,118.20,24.28,895,105791
123,123,GLRVR,*MANUAL*,64,1424,42,218.00,133.10,31.93,895,119127
124,124,RIVR,*MANUAL*,58,1315,94,248.00,151.55,29.99,895,135634
125,125,ASIR,*MANUAL*,63,1332,97,162.00,109.50,20.90,895,98005
126,126,ADLR,*MANUAL*,65,1357,98,148.00,96.11,17.42,895,86016
127,127,ASKR,*MANUAL*,62,1378,92,156.00,97.94,19.40,895,87654
128,128,URXR,*MANUAL*,62,1397,94,182.00,114.10,22.43,895,102117
129,129,DA1,*MANUAL*,72,1179,31,229.00,136.55,31.80,895,122209
130,130,RIGR,*MANUAL*,72,1200,31,224.00,145.12,29.08,879,127557
131,131,DB1,*MANUAL*,72,1219,27,213.00,121.63,31.73,895,108860
132,132,DD1,*MANUAL*,79,1232,32,238.00,145.86,33.59,895,130542
133,133,SABD,*MANUAL*,64,1238,29,208.00,126.24,41.02,895,112988
134,134,AVG,*MANUAL*,71,1255,29,217.00,138.60,32.37,852,118089
135,135,RIGL,*MANUAL*,79,1259,33,249.00,144.45,31.55,895,129280
136,136,RIFR,*MANUAL*,65,1272,34,243.00,154.89,38.89,895,138624
137,137,RIFL,*MANUAL*,76,1280,37,247.00,161.68,31.32,895,144705
138,138,SABVR,*MANUAL*,64,1291,36,251.00,169.04,33.39,889,150273
139,139,SABVL,*MANUAL*,71,1297,42,243.00,173.69,31.70,895,155452
140,140,DB2,*MANUAL*,73,1296,27,211.00,123.46,36.91,895,110501
141,141,W,*MANUAL*,73,1316,39,175.00,111.62,26.82,893,99680
142,142,G2,*MANUAL*,69,1348,38,210.00,129.47,25.74,893,115613
143,143,G1,*MANUAL*,72,1370,29,188.00,105.80,29.83,895,94690
144,144,SMBDR,*MANUAL*,57,1360,36,208.00,120.07,28.72,895,107466
145,145,SMDDR,*MANUAL*,55,1386,36,194.00,120.38,24.66,895,107736
146,146,RMDDR,*MANUAL*,53,1410,39,190.00,122.76,21.71,893,109623
147,147,SAADR,*MANUAL*,60,1401,41,222.00,145.75,26.66,895,130444
148,148,SMBVR,*MANUAL*,63,1371,39,205.00,140.45,26.21,891,125139
149,149,AIAR,*MANUAL*,64,1351,48,235.00,149.65,22.18,889,133035
150,150,SIAVR,*MANUAL*,55,1345,45,198.00,117.33,25.32,895,105007
151,151,SIADR,*MANUAL*,54,1370,46,193.00,117.28,22.28,895,104966
152,152,AVL,*MANUAL*,57,1355,58,186.00,100.17,23.47,895,89650
153,153,RIR,*MANUAL*,61,1381,50,214.00,117.03,26.56,895,104745
154,154,SIBVR,*MANUAL*,53,1395,50,190.00,116.11,28.67,895,103917
155,155,SMBDL,*MANUAL*,84,1360,37,220.00,127.07,33.04,895,113727
156,156,SMDDL,*MANUAL*,86,1383,38,231.00,131.68,34.52,895,117850
157,157,RMDDL,*MANUAL*,90,1405,43,232.00,136.63,40.20,895,122280
158,158,SAADL,*MANUAL*,81,1396,44,239.00,151.81,29.80,867,131622
159,159,RIH,*MANUAL*,73,1391,40,238.00,137.37,23.52,895,122947
160,160,SMBVL,*MANUAL*,75,1369,44,223.00,142.46,23.82,895,127500
161,161,AIAL,*MANUAL*,75,1356,49,241.00,160.33,26.73,895,143497
162,162,SIAVL,*MANUAL*,87,1341,47,200.00,131.95,29.02,893,117827
163,163,SIADL,*MANUAL*,86,1358,51,216.00,144.42,26.89,895,129256
164,164,SIBVL,*MANUAL*,84,1380,51,248.00,146.58,33.31,895,131193
165,165,EXC DUCT,*MANUAL*,78,1339,54,193.00,115.55,23.72,895,103415
166,166,EXC,*MANUAL*,77,1321,51,121.00,55.50,15.36,2103,116715
167,167,AIML,*MANUAL*,80,1301,52,244.00,171.69,32.27,828,142163
168,168,AIYL,*MANUAL*,88,1297,54,233.00,157.06,34.47,895,140568
169,169,AVKL,*MANUAL*,88,1280,52,218.00,119.63,33.29,895,107072
170,170,AIMR,*MANUAL*,61,1313,51,234.00,143.23,28.53,895,128194
171,171,AIYR,*MANUAL*,52,1321,52,187.00,117.42,27.81,895,105087
172,172,RIS,*MANUAL*,52,1305,45,181.00,114.68,22.61,895,102638
173,173,AVKR,*MANUAL*,52,1291,52,169.00,109.33,21.60,895,97847
174,174,H1R,*MANUAL*,41,1441,59,102.00,48.25,15.58,1365,65858
175,175,URBR,*MANUAL*,45,1491,68,160.00,98.26,19.74,895,87944
176,176,IL1R,*MANUAL*,50,1495,58,163.00,119.60,18.45,835,99862
177,177,URYVR,*MANUAL*,54,1490,47,179.00,119.21,19.41,879,104784
178,178,BAGR,*MANUAL*,48,1476,57,147.00,97.84,15.47,831,81301
179,179,OLQVR,*MANUAL*,55,1475,51,163.00,114.12,16.81,895,102136
180,180,CEPshVR,*MANUAL*,54,1462,44,171.00,105.67,27.07,895,94572
181,181,URAVR,*MANUAL*,61,1486,40,232.00,142.85,27.92,895,127849
182,182,IL2VR,*MANUAL*,63,1508,32,190.00,127.32,22.96,828,105425
183,183,CEPVR,*MANUAL*,65,1467,35,207.00,139.96,30.39,881,123302
184,184,IL1VR,*MANUAL*,69,1499,40,204.00,137.64,22.58,895,123186
185,185,CEPsoVR,*MANUAL*,55,1504,41,176.00,116.19,20.84,895,103988
186,186,XXXR,*MANUAL*,46,1508,51,170.00,101.05,25.76,895,90439
187,187,IL2R,*MANUAL*,45,1515,62,138.00,81.73,19.91,895,73148
188,188,OLLshR,*MANUAL*,45,1560,61,151.00,94.16,23.64,895,84270
189,189,OLQshVR,*MANUAL*,51,1567,50,160.00,98.01,21.09,895,87716
190,190,ILshR,*MANUAL*,51,1579,55,146.00,92.05,20.50,895,82383
191,191,OLQsoVR,*MANUAL*,55,1594,50,167.00,96.74,25.50,895,86584
192,192,ILsoR,*MANUAL*,52,1604,56,167.00,99.46,20.78,895,89021
193,193,ARCpVR,*MANUAL*,51,1620,60,178.00,100.13,20.34,621,62181
194,194,ARCaDR,*MANUAL*,49,1616,77,126.00,66.88,18.99,895,59854
195,195,AMsoR,*MANUAL*,52,1596,81,118.00,75.07,16.19,895,67190
196,196,ARCpDR,*MANUAL*,52,1578,85,153.00,90.04,22.44,895,80584
197,197,hyp1R,*MANUAL*,51,1560,80,159.00,92.14,20.97,751,69195
198,198,ILshDR,*MANUAL*,55,1509,92,189.00,122.36,24.86,855,104618
199,199,OLQshDR,*MANUAL*,47,1510,79,165.00,95.82,24.56,895,85756
200,200,OLLsoR,*MANUAL*,47,1487,83,200.00,120.62,35.56,879,106022
201,201,CEPsoDR,*MANUAL*,47,1465,78,201.00,113.80,28.94,852,96958
202,202,RMER,*MANUAL*,53,1462,67,160.00,93.21,27.75,895,83426
203,203,RIPR,*MANUAL*,55,1475,72,174.00,100.08,24.20,895,89569
204,204,OLLR,*MANUAL*,55,1489,76,175.00,108.50,20.84,895,97107
205,205,CEPshDR,*MANUAL*,55,1461,82,179.00,107.84,27.73,895,96520
206,206,URYDR,*MANUAL*,55,1479,88,207.00,126.82,27.60,895,113507
207,207,URADR,*MANUAL*,56,1495,90,188.00,127.02,23.88,889,112921
208,208,IL2DR,*MANUAL*,63,1506,97,190.00,115.62,23.65,895,103476
209,209,IL1DR,*MANUAL*,64,1487,91,218.00,140.23,23.37,895,125510
210,210,OLQDR,*MANUAL*,64,1468,90,186.00,130.72,21.88,884,115554
211,211,RMED,*MANUAL*,66,1454,94,197.00,120.12,23.50,831,99822
212,212,H0R,*MANUAL*,46,1579,69,120.00,49.60,17.13,2103,104306
213,213,H1L,*MANUAL*,98,1406,66,171.00,64.65,33.34,1365,88251
214,214,BAGL,*MANUAL*,96,1466,64,171.00,99.50,29.88,895,89054
215,215,URBL,*MANUAL*,93,1486,71,222.00,138.22,31.25,769,106290
216,216,IL1L,*MANUAL*,91,1501,63,190.00,126.57,28.35,875,110752
217,217,URYVL,*MANUAL*,91,1485,57,223.00,136.95,27.07,895,122570
218,218,OLQVL,*MANUAL*,89,1469,52,177.00,123.91,22.86,895,110898
219,219,CEPshVL,*MANUAL*,93,1448,55,198.00,100.71,38.72,895,90134
220,220,URAVL,*MANUAL*,85,1482,45,212.00,127.06,36.33,895,113715
221,221,CEPVL,*MANUAL*,80,1466,41,206.00,140.93,27.37,895,126133
222,222,IL2VL,*MANUAL*,80,1500,39,196.00,140.17,21.05,895,125448
223,223,IL1VL,*MANUAL*,74,1482,41,238.00,149.21,22.95,895,133539
224,224,RMEV,*MANUAL*,72,1448,31,214.00,119.29,26.81,895,106766
225,225,CEPsoVL,*MANUAL*,87,1501,50,199.00,131.74,33.66,879,115801
226,226,IL2L,*MANUAL*,96,1507,70,174.00,106.05,31.37,879,93215
227,227,XXXL,*MANUAL*,94,1514,59,203.00,122.68,36.51,895,109803
228,228,OLQshVL,*MANUAL*,96,1540,63,201.00,110.44,40.53,895,98842
229,229,OLLshL,*MANUAL*,96,1556,65,208.00,114.28,46.48,895,102280
230,230,ILshL,*MANUAL*,92,1568,59,191.00,110.43,34.19,895,98831
231,231,OLQsoVL,*MANUAL*,90,1584,56,210.00,118.52,31.56,893,105839
232,232,ILsoL,*MANUAL*,90,1596,63,181.00,109.84,23.81,895,98311
233,233,ARCpVL,*MANUAL*,90,1613,62,183.00,110.40,27.56,879,97038
234,234,ARCaDL,*MANUAL*,90,1635,75,183.00,104.47,24.46,895,93498
235,235,hyp2L,*MANUAL*,90,1620,82,160.00,91.31,22.83,895,81725
236,236,AMsoL,*MANUAL*,89,1603,86,140.00,88.94,23.59,895,79602
237,237,ARCpDL,*MANUAL*,89,1580,86,222.00,107.73,32.43,895,96418
238,238,hyp1L,*MANUAL*,91,1558,86,168.00,108.23,27.79,895,96866
239,239,ILshDL,*MANUAL*,91,1532,83,233.00,116.11,41.00,857,99506
240,240,OLQshDL,*MANUAL*,95,1537,76,206.00,111.58,39.66,895,99864
241,241,OLLsoL,*MANUAL*,89,1509,78,190.00,123.83,27.20,895,110825
242,242,CEPsODL,*MANUAL*,85,1495,82,194.00,129.98,28.36,895,116331
243,243,RMEL,*MANUAL*,89,1457,72,183.00,115.44,30.40,895,103317
244,244,RIPL,*MANUAL*,87,1472,69,184.00,125.61,23.02,895,112418
245,245,OLLL,*MANUAL*,87,1484,77,215.00,125.96,34.39,895,112733
246,246,CEPsHDL,*MANUAL*,87,1456,84,194.00,111.26,30.30,895,99576
247,247,URYDL,*MANUAL*,84,1470,87,204.00,130.05,30.75,895,116399
248,248,URADL,*MANUAL*,81,1482,90,220.00,144.40,29.37,695,100355
249,249,IL2DL,*MANUAL*,79,1497,96,181.00,112.74,23.20,895,100905
250,250,IL1DL,*MANUAL*,74,1479,92,218.00,144.71,24.25,895,129519
251,251,OLQDL,*MANUAL*,74,1464,90,210.00,134.22,22.25,895,120126
252,252,H0L,*MANUAL*,95,1578,74,136.00,66.97,22.29,1365,91412
253,253,hyp5L,*MANUAL*,90,1691,75,121.00,54.92,18.50,895,49156
254,254,hyp5R,*MANUAL*,48,1685,67,101.00,52.80,14.28,895,47260
255,255,hyp4V1,*MANUAL*,67,1777,55,115.00,56.83,21.97,895,50867
256,256,hyp4V2,*MANUAL*,68,1742,49,167.00,69.98,26.71,895,62631
257,257,ARCaV,*MANUAL*,66,1709,48,151.00,83.21,26.57,895,74476
258,258,hyp2V,*MANUAL*,74,1693,46,168.00,85.53,31.48,895,76545
259,259,ARCPV,*MANUAL*,65,1676,46,179.00,104.78,36.78,895,93780
260,260,hyp1V,*MANUAL*,67,1653,45,199.00,115.68,33.50,895,103530
261,261,ILsoVR,*MANUAL*,67,1634,44,218.00,144.72,33.87,883,127787
262,262,ILsHVR,*MANUAL*,67,1615,44,196.00,112.52,36.53,895,100704
263,263,ILsoVL,*MANUAL*,76,1664,46,207.00,105.81,36.62,875,92583
264,264,ILsHVL,*MANUAL*,75,1640,44,237.00,145.39,37.36,781,113551
265,265,hyp7V2,*MANUAL*,71,1510,29,182.00,70.55,26.27,895,63142
266,266,hyp7V1,*MANUAL*,71,1542,29,112.00,54.16,16.00,895,48475
267,267,hyp6V2,*MANUAL*,71,1588,41,136.00,79.29,20.80,895,70964
268,268,hyp6V1,*MANUAL*,70,1666,37,127.00,62.53,21.41,895,55962
269,269,hyp4D,*MANUAL*,67,1778,91,165.00,61.39,19.27,895,54941
270,270,hyp31,*MANUAL*,67,1713,99,156.00,83.63,28.81,895,74847
271,271,hyp32,*MANUAL*,70,1693,101,155.00,80.72,30.81,895,72244
272,272,ARCpD,*MANUAL*,63,1676,99,162.00,86.09,36.10,889,76538
273,273,ILsoDR,*MANUAL*,62,1648,99,203.00,110.09,41.81,731,80477
274,274,OLQsoDR,*MANUAL*,63,1619,101,194.00,107.39,36.42,895,96115
275,275,ILsoDL,*MANUAL*,77,1660,98,169.00,100.99,29.47,895,90387
276,276,OLQsODL,*MANUAL*,74,1632,101,194.00,112.57,33.24,889,100076
277,277,hyp7D2,*MANUAL*,68,1375,109,114.00,44.23,18.58,895,39589
278,278,hyp7D1,*MANUAL*,68,1484,103,129.00,53.47,19.99,895,47854
279,279,hyp6D4,*MANUAL*,68,1521,103,178.00,81.71,23.73,895,73127
280,280,hyp6D3,*MANUAL*,68,1564,103,143.00,80.42,20.01,895,71977
281,281,hyp6D2,*MANUAL*,70,1610,106,148.00,81.67,21.01,895,73098
282,282,hyp6D1,*MANUAL*,68,1652,104,182.00,93.00,27.68,895,83232
283,283,vpi3V,*MANUAL*,78,1190,61,212.00,121.68,36.04,895,108901
284,284,vpi3D,*MANUAL*,65,1187,91,198.00,107.18,35.54,895,95929
285,285,vpi2V,*MANUAL*,67,1193,52,238.00,156.09,32.60,895,139705
286,286,vpi2DR,*MANUAL*,53,1195,75,188.00,114.75,31.61,895,102704
287,287,vpi2DL,*MANUAL*,83,1195,79,243.00,143.91,49.22,861,123908
288,288,vpI1,*MANUAL*,64,1198,94,197.00,116.39,29.63,895,104166
289,289,pm8,*MANUAL*,69,1203,59,200.00,116.59,30.02,895,104351
290,290,g1P,*MANUAL*,56,1213,86,139.00,68.54,21.05,1365,93559
291,291,g2R,*MANUAL*,63,1210,50,227.00,138.52,36.65,895,123977
292,292,g2L,*MANUAL*,79,1212,55,248.00,156.99,39.71,895,140508
293,293,M5,*MANUAL*,77,1229,91,245.00,155.91,38.17,895,139535
294,294,pm7D,*MANUAL*,65,1233,97,153.00,86.95,24.74,895,77822
295,295,pm7VR,*MANUAL*,55,1225,58,147.00,77.54,27.05,895,69398
296,296,pm7VL,*MANUAL*,85,1230,60,186.00,104.54,28.79,895,93563
297,297,mc3V,*MANUAL*,69,1228,42,183.00,117.84,21.33,895,105470
298,298,mc3DR,*MANUAL*,50,1225,79,170.00,94.80,24.80,895,84847
299,299,mc3DL,*MANUAL*,85,1234,83,191.00,127.53,25.86,895,114139
300,300,pm6D,*MANUAL*,64,1259,92,180.00,107.58,22.08,895,96282
301,301,pm6VR,*MANUAL*,56,1254,57,147.00,84.26,19.97,895,75415
302,302,pm6VL,*MANUAL*,79,1257,62,164.00,96.81,27.41,895,86641
303,303,M1,*MANUAL*,49,1258,87,174.00,110.18,23.12,895,98609
304,304,I6,*MANUAL*,79,1256,92,236.00,141.55,34.46,895,126684
305,305,I5,*MANUAL*,69,1264,44,219.00,130.11,25.58,895,116444
306,306,g1AR,*MANUAL*,48,1271,76,163.00,91.75,22.42,895,82115
307,307,g1AL,*MANUAL*,77,1271,83,219.00,118.90,28.57,895,106417
308,308,I4,*MANUAL*,64,1277,93,229.00,134.23,32.92,895,120135
309,309,M2R,*MANUAL*,54,1273,59,217.00,136.12,30.12,895,121828
310,310,M2L,*MANUAL*,80,1275,65,243.00,159.33,33.65,895,142603
311,311,pm5VL,*MANUAL*,71,1282,53,213.00,131.07,27.27,781,102368
312,312,pM5L,*MANUAL*,76,1289,75,228.00,132.78,31.30,895,118842
313,313,pm5DL,*MANUAL*,71,1290,87,188.00,116.19,24.15,895,103990
314,314,pm5DR,*MANUAL*,56,1288,87,196.00,102.49,23.11,895,91731
315,315,pm5R,*MANUAL*,56,1290,70,170.00,107.22,22.71,895,95963
316,316,pm5VR,*MANUAL*,63,1281,51,210.00,127.24,23.39,895,113882
317,317,mc2V,*MANUAL*,68,1306,60,159.00,98.10,20.08,895,87800
318,318,mc2DL,*MANUAL*,76,1312,79,183.00,100.21,27.52,895,89689
319,319,mc2DR,*MANUAL*,59,1317,79,165.00,91.67,22.64,895,82049
320,320,M4,*MANUAL*,70,1494,80,183.00,111.42,20.77,895,99723
321,321,M3R,*MANUAL*,59,1494,60,189.00,125.13,24.03,895,111991
322,322,M3L,*MANUAL*,82,1494,59,209.00,150.27,24.70,895,134488
323,323,I3,*MANUAL*,69,1520,89,207.00,123.23,28.86,895,110290
324,324,NSMR,*MANUAL*,54,1524,53,173.00,106.50,23.12,895,95321
325,325,NSML,*MANUAL*,83,1523,54,191.00,121.70,29.06,895,108922
326,326,MI,*MANUAL*,69,1537,92,207.00,124.60,27.47,775,96568
327,327,pm4DL,*MANUAL*,78,1536,89,169.00,91.56,22.82,895,81948
328,328,pm4L,*MANUAL*,86,1536,68,172.00,103.81,24.96,895,92910
329,329,pm4VL,*MANUAL*,80,1538,45,163.00,90.18,22.67,895,80708
330,330,pm4VR,*MANUAL*,62,1533,43,157.00,82.11,24.04,895,73492
331,331,pm4R,*MANUAL*,55,1541,66,152.00,71.09,21.88,895,63627
332,332,pm4DR,*MANUAL*,61,1536,88,156.00,95.34,18.81,895,85329
333,333,I2R,*MANUAL*,54,1547,52,193.00,117.43,32.98,873,102519
334,334,MCR,*MANUAL*,63,1547,57,193.00,120.81,31.32,895,108126
335,335,MCL,*MANUAL*,79,1547,59,225.00,134.69,35.21,799,107621
336,336,I2L,*MANUAL*,86,1544,55,222.00,127.97,32.12,895,114534
337,337,mc1V,*MANUAL*,71,1561,46,142.00,91.60,16.39,880,80610
338,338,pm1VL,*MANUAL*,81,1564,55,195.00,108.68,35.91,895,97267
339,339,pm1L,*MANUAL*,85,1567,72,229.00,138.67,36.34,895,124112
340,340,mc1DL,*MANUAL*,79,1562,81,186.00,93.47,26.70,759,70947
341,341,pm1DL,*MANUAL*,73,1561,87,214.00,111.81,44.97,881,98503
342,342,pm1DR,*MANUAL*,63,1564,85,219.00,116.47,36.96,895,104245
343,343,mc1DR,*MANUAL*,58,1557,76,136.00,77.87,16.79,895,69691
344,344,pm1R,*MANUAL*,59,1567,68,167.00,99.98,29.20,895,89485
345,345,pm1VR,*MANUAL*,63,1565,52,199.00,114.38,36.00,895,102373
346,346,e3D,*MANUAL*,71,1589,92,123.00,55.56,21.05,895,49730
347,347,I1R,*MANUAL*,62,1588,59,175.00,88.76,29.37,895,79436
348,348,I1L,*MANUAL*,81,1586,63,179.00,105.66,29.10,895,94569
349,349,pm3R,*MANUAL*,61,1605,69,97.00,57.47,15.10,895,51435
350,350,pm3L,*MANUAL*,79,1608,69,138.00,74.18,25.06,895,66387
351,351,pm3DR,*MANUAL*,67,1616,87,90.00,44.57,14.74,895,39889
352,352,e3VR,*MANUAL*,58,1621,60,149.00,83.64,22.24,895,74857
353,353,e3VL,*MANUAL*,82,1620,60,146.00,79.76,26.92,895,71388
354,354,e1D,*MANUAL*,68,1637,93,163.00,93.38,23.82,852,79559
355,355,pm3DL,*MANUAL*,75,1641,89,127.00,54.26,22.39,895,48565
356,356,e1VL,*MANUAL*,82,1656,63,187.00,93.72,40.55,711,66636
357,357,pm3VL,*MANUAL*,77,1649,58,161.00,69.97,21.75,895,62625
358,358,pM3VR,*MANUAL*,63,1649,58,100.00,50.79,15.11,895,45453
359,359,e1VR,*MANUAL*,58,1658,65,187.00,84.93,34.28,895,76010
360,360,pM2D2,*MANUAL*,69,1670,91,141.00,75.46,28.46,895,67533
361,361,pm2D1,*MANUAL*,69,1688,90,169.00,74.50,28.45,895,66680
362,362,e2D,*MANUAL*,70,1725,88,108.00,50.92,18.89,895,45577
363,363,pm2VR2,*MANUAL*,59,1682,65,171.00,93.34,35.82,895,83541
364,364,pm2VR1,*MANUAL*,59,1698,64,190.00,101.17,36.48,895,90550
365,365,e2VR,*MANUAL*,59,1730,63,136.00,61.17,26.41,895,54747
366,366,pm2VL2,*MANUAL*,79,1679,62,171.00,85.77,35.11,895,76763
367,367,pm2VL1,*MANUAL*,78,1699,63,177.00,93.12,35.67,895,83339
368,368,e2VL,*MANUAL*,79,1727,62,119.00,64.01,21.90,895,57292
369,369,VL1,*MANUAL*,88,1651,59,172.00,88.97,23.37,895,79632
370,370,VL2,*MANUAL*,84,1639,46,152.00,87.31,21.94,895,78144
371,371,VL3,*MANUAL*,83,1591,42,138.00,80.24,21.47,895,71816
372,372,VL4,*MANUAL*,89,1508,43,186.00,98.48,30.58,895,88137
373,373,VL5,*MANUAL*,83,1455,31,175.00,99.48,23.21,895,89033
374,374,VL6,*MANUAL*,91,1446,40,167.00,92.06,25.07,895,82395
375,375,VL7,*MANUAL*,84,1303,39,206.00,114.93,28.51,895,102858
376,376,VL8,*MANUAL*,88,1238,42,187.00,99.27,28.70,895,88849
377,377,EXC GL L,*MANUAL*,88,1207,47,215.00,131.18,33.49,895,117405
378,378,VL10,*MANUAL*,88,1181,42,208.00,114.49,26.25,895,102468
379,379,VL11,*MANUAL*,82,1059,43,202.00,113.11,33.11,895,101231
380,380,VL12,*MANUAL*,88,986,49,214.00,96.90,33.82,895,86724
381,381,VL13,*MANUAL*,82,912,47,200.00,126.97,29.22,895,113638
382,382,VL9,*MANUAL*,80,1195,36,241.00,125.47,30.88,895,112298
383,383,VL14,*MANUAL*,85,850,51,178.00,112.08,25.46,895,100316
384,384,CCLA,*MANUAL*,84,812,52,242.00,133.15,44.08,895,119172
385,385,CCLP,*MANUAL*,84,792,53,227.00,133.62,39.44,895,119587
386,386,VL15,*MANUAL*,81,764,49,210.00,105.41,35.24,895,94340
387,387,VL16,*MANUAL*,83,662,56,164.00,85.49,24.48,895,76511
388,388,VL17,*MANUAL*,83,513,54,126.00,62.48,22.77,895,55920
389,389,VL18,*MANUAL*,80,422,60,158.00,80.13,22.94,853,68353
390,390,VL19,*MANUAL*,75,231,62,118.00,73.83,15.71,821,60615
391,391,VR20,*MANUAL*,67,235,61,125.00,74.62,13.99,895,66786
392,392,VR19,*MANUAL*,62,409,54,133.00,77.63,15.45,895,69477
393,393,VR18,*MANUAL*,62,523,48,164.00,87.18,23.47,895,78025
394,394,VR17,*MANUAL*,64,609,51,159.00,78.79,22.77,895,70521
395,395,VR16,*MANUAL*,61,701,46,226.00,91.09,29.34,895,81524
396,396,VR15,*MANUAL*,59,797,45,180.00,104.86,23.66,895,93846
397,397,VR14,*MANUAL*,56,877,45,171.00,96.97,27.50,895,86786
398,398,VR13,*MANUAL*,61,948,38,231.00,107.82,32.17,895,96502
399,399,VR12,*MANUAL*,58,1011,38,196.00,96.30,30.74,895,86185
400,400,CCRP,*MANUAL*,55,1053,46,218.00,120.41,38.09,895,107766
401,401,CCRA,*MANUAL*,50,1074,47,209.00,118.99,32.59,895,106499
402,402,VR11,*MANUAL*,59,1088,40,195.00,102.72,31.32,895,91933
403,403,VR10,*MANUAL*,56,1181,36,169.00,85.79,30.69,895,76785
404,404,VR9,*MANUAL*,58,1202,33,197.00,115.02,27.25,895,102941
405,405,EXC GL R,*MANUAL*,53,1227,35,164.00,91.49,26.45,895,81881
406,406,VR8,*MANUAL*,52,1263,35,166.00,97.32,23.86,895,87098
407,407,VR7,*MANUAL*,56,1326,36,153.00,91.38,20.00,895,81781
408,408,VR6,*MANUAL*,48,1438,37,155.00,67.89,18.87,895,60766
409,409,VR5,*MANUAL*,56,1464,30,164.00,91.50,25.96,895,81890
410,410,VR4,*MANUAL*,50,1522,39,116.00,60.35,18.51,895,54012
411,411,VR3,*MANUAL*,60,1584,38,145.00,80.57,19.18,895,72107
412,412,VR2,*MANUAL*,57,1627,43,142.00,75.24,18.22,895,67340
413,413,VR1,*MANUAL*,52,1645,53,115.00,72.45,15.79,895,64840
414,414,DR1,*MANUAL*,51,1669,85,98.00,53.18,16.80,895,47593
415,415,DR2,*MANUAL*,54,1629,95,121.00,69.78,14.79,895,62449
416,416,DR3,*MANUAL*,59,1578,99,125.00,68.72,17.72,895,61502
417,417,DR4,*MANUAL*,51,1530,91,136.00,80.72,19.73,895,72246
418,418,DR5,*MANUAL*,59,1448,93,195.00,98.01,23.26,895,87716
419,419,DR6,*MANUAL*,51,1436,86,127.00,65.27,20.37,895,58414
420,420,DR7,*MANUAL*,57,1305,106,177.00,93.73,23.57,885,82947
421,421,DR8,*MANUAL*,53,1268,107,186.00,78.55,31.67,895,70305
422,422,DR9,*MANUAL*,57,1210,107,179.00,100.27,30.80,895,89739
423,423,DR10,*MANUAL*,50,1191,96,170.00,85.27,24.75,895,76317
424,424,DR11,*MANUAL*,61,1092,113,214.00,105.33,34.61,895,94272
425,425,DR12,*MANUAL*,52,1011,102,166.00,80.29,27.47,895,71861
426,426,DR13,*MANUAL*,54,945,100,150.00,83.22,23.16,895,74483
427,427,DR14,*MANUAL*,54,876,100,209.00,107.48,29.90,895,96193
428,428,DR15,*MANUAL*,59,838,106,165.00,90.92,26.73,895,81374
429,429,DR16,*MANUAL*,52,738,100,152.00,81.46,24.43,895,72905
430,430,DR17,*MANUAL*,54,666,97,148.00,80.62,21.88,895,72159
431,431,DR18,*MANUAL*,54,594,94,145.00,81.81,25.50,895,73221
432,432,DR19,*MANUAL*,56,481,98,140.00,74.26,21.87,895,66463
433,433,DR20,*MANUAL*,55,429,96,114.00,55.01,20.38,895,49238
434,434,DR21,*MANUAL*,59,290,96,114.00,63.50,18.74,889,56448
435,435,DL21,*MANUAL*,69,217,90,120.00,66.65,15.34,895,59648
436,436,DL20,*MANUAL*,79,394,95,124.00,73.65,17.56,895,65916
437,437,DL19,*MANUAL*,73,448,103,131.00,68.40,25.57,895,61217
438,438,DL18,*MANUAL*,75,515,98,134.00,79.72,22.67,895,71352
439,439,DL17,*MANUAL*,76,627,102,168.00,82.48,26.64,895,73817
440,440,DL16,*MANUAL*,76,690,103,187.00,98.10,32.26,895,87796
441,441,DL15,*MANUAL*,76,793,103,206.00,122.79,30.50,895,109900
442,442,DL14,*MANUAL*,78,848,105,207.00,116.56,29.10,895,104320
443,443,DL13,*MANUAL*,78,907,105,202.00,121.28,32.60,895,108542
444,444,DL12,*MANUAL*,79,986,106,168.00,105.73,24.61,895,94632
445,445,DL11,*MANUAL*,77,1074,112,235.00,106.46,36.43,895,95286
446,446,DL10,*MANUAL*,81,1186,103,203.00,109.84,31.68,895,98311
447,447,DL9,*MANUAL*,72,1201,105,199.00,105.59,30.85,895,94499
448,448,DL8,*MANUAL*,82,1242,106,172.00,84.15,36.24,895,75311
449,449,DL7,*MANUAL*,73,1288,108,164.00,90.23,22.71,895,80756
450,450,HMC,*MANUAL*,66,1299,104,189.00,106.12,28.83,895,94981
451,451,DL6,*MANUAL*,86,1411,88,177.00,96.06,28.60,895,85970
452,452,DL5,*MANUAL*,78,1419,96,166.00,94.40,28.69,895,84489
453,453,DL4,*MANUAL*,87,1511,92,142.00,72.52,22.81,895,64901
454,454,DL3,*MANUAL*,81,1559,101,125.00,70.15,17.27,895,62786
455,455,DL2,*MANUAL*,84,1616,96,140.00,72.80,24.40,895,65156
456,456,DL1,*MANUAL*,86,1660,89,129.00,64.71,18.54,895,57919
457,457,hyp102,*MANUAL*,67,41,69,77.00,37.18,13.96,895,33278
458,458,hyp101,*MANUAL*,67,70,71,93.00,46.63,14.16,895,41734
459,459,hyp9,*MANUAL*,67,88,68,79.00,38.22,12.98,895,34207
460,460,hyp8,*MANUAL*,67,123,74,107.00,60.82,14.04,895,54432
461,461,hyp71,*MANUAL*$25$26,71,174,66,102.00,37.71,17.39,3007,113381
462,462,TL,*MANUAL*,74,191,81,74.00,32.02,11.52,2560,81975
463,463,PVCL,*MANUAL*,80,251,73,152.00,96.04,18.45,895,85956
464,464,LUAL,*MANUAL*,79,258,83,178.00,113.74,23.67,895,101798
465,465,PHBL,*MANUAL*,80,272,76,142.00,92.98,16.24,857,79684
466,466,PHAL,*MANUAL*,79,279,69,163.00,94.72,21.71,895,84777
467,467,repVL,*MANUAL*,80,311,78,164.00,93.81,19.08,895,83962
468,468,sph,*MANUAL*,80,330,75,164.00,89.68,21.49,895,80262
469,469,K,*MANUAL*,75,283,91,138.00,72.29,18.32,895,64699
470,470,repD,*MANUAL*,72,299,94,157.00,89.04,20.41,895,79689
471,471,DVC,*MANUAL*,70,244,72,133.00,91.38,14.70,760,69451
472,472,DEP,*MANUAL*,69,249,87,152.00,92.11,18.45,895,82441
473,473,DVA,*MANUAL*,69,266,79,124.00,80.99,13.13,895,72488
474,474,F,*MANUAL*,69,285,74,135.00,92.23,13.84,895,82544
475,475,B,*MANUAL*,69,267,61,121.00,62.01,19.41,895,55502
476,476,K',*MANUAL*,62,294,86,149.00,88.75,18.85,895,79427
477,477,*NOUSE*,*NOUSE*,0,0,0,0,0,0,0,0
478,478,TR,*MANUAL*,62,196,82,76.00,33.47,10.04,2969,99364
479,479,PLMR,*MANUAL*,64,207,69,138.00,81.99,17.77,895,73377
480,480,PVCR,*MANUAL*,61,244,72,150.00,100.38,16.16,895,89842
481,481,LUAR,*MANUAL*,61,259,71,165.00,96.01,23.96,895,85925
482,482,PHBR,*MANUAL*$4$8,58,274,76,145.00,84.04,15.62,1377,115720
483,483,PVQR,*MANUAL*,56,291,72,132.00,84.91,15.49,895,75995
484,484,repVR,*MANUAL*,56,315,72,136.00,83.12,17.40,895,74391
485,485,YPDA,*MANUAL*,71,304,54,118.00,75.49,18.12,895,67565
486,486,U,*MANUAL*,74,307,68,142.00,93.11,19.80,895,83332
487,487,DA9,*MANUAL*,62,311,62,152.00,95.33,17.54,895,85323
488,488,DA8,*MANUAL*,76,322,60,182.00,108.42,22.88,813,88145
489,489,DD6,*MANUAL*,69,324,65,195.00,128.62,22.33,839,107916
490,490,PVPR,*MANUAL*,61,327,61,173.00,113.67,20.41,895,101733
491,491,PVPL,*MANUAL*,76,341,59,192.00,100.56,21.59,895,90004
492,492,PVT,*MANUAL*,63,348,57,139.00,79.81,16.18,895,71431
493,493,imR,*MANUAL*,56,372,59,111.00,67.15,15.04,895,60101
494,494,imL,*MANUAL*,83,355,66,137.00,76.23,19.97,895,68228
495,495,H2L,*MANUAL*,96,1247,79,143.00,51.51,25.52,2103,108324
496,496,AMsHL,*MANUAL*,91,1225,95,137.00,57.56,21.34,1365,78576
497,497,hyp7ABLV,*MANUAL*,93,1172,69,149.00,47.99,22.37,2969,142487
498,498,hyp7ABLD,*MANUAL*,93,1166,88,146.00,55.42,25.11,2103,116556
499,499,BDUL,*MANUAL*,92,1102,78,243.00,153.20,54.48,895,137116
500,500,V1L,*MANUAL*,93,1057,82,180.00,61.43,31.45,1365,83854
501,501,hyp7LC1,*MANUAL*,92,1021,89,137.00,35.06,18.71,2969,104100
502,502,P1/2L,*MANUAL*,93,1013,61,196.00,97.37,29.20,895,87148
503,503,V2L,*MANUAL*,93,956,63,152.00,50.24,22.39,2103,105657
504,504,hyp7LC2,*MANUAL*,90,888,83,107.00,40.23,18.93,2103,84604
505,505,P3/4L,*MANUAL*,91,891,60,169.00,87.83,29.46,895,78611
506,506,ALML,*MANUAL*,86,872,99,231.00,126.08,35.30,895,112838
507,507,V3L,*MANUAL*,91,822,65,148.00,56.52,26.36,1365,77146
508,508,hyp7LC3,*MANUAL*,90,808,84,124.00,39.63,21.36,2103,83340
509,509,CANL,*MANUAL*,90,767,75,229.00,123.98,36.98,895,110959
510,510,P5/6L,*MANUAL*,90,762,60,167.00,84.96,26.74,895,76043
511,511,HSNL,*MANUAL*,89,716,70,236.00,147.72,38.01,895,132208
512,512,V4L,*MANUAL*,89,674,70,127.00,60.43,25.53,1365,82489
513,513,hyp7LC4,*MANUAL*,88,620,86,87.00,33.06,15.86,2103,69534
514,514,P7/8L,*MANUAL*,91,620,65,139.00,66.26,27.53,1365,90451
515,515,V5L,*MANUAL*,87,515,70,121.00,54.79,20.02,1365,74785
516,516,QL,*MANUAL*,83,498,86,161.00,63.81,30.22,2103,134196
517,517,P9/10L,*MANUAL*$41$42,87,471,67,146.00,69.51,22.54,1426,99119
518,518,hyp7LC5,*MANUAL*,84,460,91,103.00,29.27,17.41,2103,61565
519,519,V6L,*MANUAL*,87,417,77,107.00,33.62,16.70,1365,45886
520,520,hyp7LC6,*MANUAL*$36$39$37,82,290,89,121.00,38.17,15.91,5091,194340
521,521,H2R,*MANUAL*,38,1257,72,89.00,37.40,12.70,2103,78657
522,522,AMshR,*MANUAL*,43,1287,91,113.00,64.14,15.80,895,57409
523,523,hyp7ABRV,*MANUAL*,44,1172,54,131.00,48.63,18.17,2103,102268
524,524,hyp7ABRD,*MANUAL*,43,1181,74,102.00,45.81,19.54,2103,96333
525,525,hyp7ABR3,*MANUAL*,47,1146,66,116.00,44.13,19.73,2103,92812
526,526,BDUR,*MANUAL*,48,1115,69,191.00,115.90,26.77,895,103727
527,527,V1R,*MANUAL*,43,1066,72,131.00,55.67,21.60,895,49826
528,528,hyp7RC1,*MANUAL*,43,1020,79,95.00,29.01,13.82,2103,61004
529,529,P1/2R,*MANUAL*,47,1018,51,191.00,73.03,26.44,895,65365
530,530,V2R,*MANUAL*,47,961,52,101.00,38.29,20.93,1365,52260
531,531,ALMR,*MANUAL*,47,931,86,158.00,92.34,22.87,895,82643
532,532,hyp7RC2,*MANUAL*,47,905,75,98.00,35.61,15.87,2103,74890
533,533,P3/4R,*MANUAL*,47,907,51,131.00,66.16,20.30,895,59213
534,534,V3R,*MANUAL*,47,836,55,116.00,38.52,17.35,1365,52578
535,535,CANR,*MANUAL*,47,791,67,178.00,109.54,28.35,895,98037
536,536,hyp7RC3,*MANUAL*,44,774,74,95.00,31.72,16.45,2103,66705
537,537,P5/6R,*MANUAL*,50,785,50,130.00,66.70,19.26,895,59696
538,538,HSNR,*MANUAL*,53,711,57,210.00,122.70,31.12,895,109819
539,539,V4R,*MANUAL*,51,685,56,97.00,45.02,16.97,1365,61459
540,540,QR,*MANUAL*,51,642,72,142.00,77.97,19.80,1365,106431
541,541,P7/8R,*MANUAL*,55,640,50,115.00,66.03,17.06,895,59098
542,542,hyp7RC4,*MANUAL*,47,620,77,105.00,28.14,15.19,2969,83553
543,543,M,*MANUAL*,55,572,72,85.00,23.08,10.98,2969,68537
544,544,V5R,*MANUAL*,55,542,59,106.00,47.94,19.31,1365,65439
545,545,hyp7RC5,*MANUAL*,47,478,78,87.00,29.01,14.64,2103,61003
546,546,V6R,*MANUAL*,49,436,67,80.00,34.23,14.50,1365,46729
547,547,P11/12R,*MANUAL*$1$2,53,342,58,125.00,41.66,25.74,4830,201227
548,548,hyp7RC6,*MANUAL*,53,266,84,65.00,23.06, 9.38,1365,31476
549,549,inVR1,*MANUAL*,58,1122,47,92.00,37.71,13.66,2103,79303
550,550,iNVL1,*MANUAL*,83,1115,56,107.00,42.12,17.57,2103,88571
551,551,inDL1,*MANUAL*,82,1108,98,110.00,54.58,15.10,1365,74502
552,552,inDR1,*MANUAL*,53,1120,93,95.00,33.77,14.50,2969,100277
553,553,inD2,*MANUAL*,58,1054,100,111.00,33.79,13.81,2103,71065
554,554,iNV2,*MANUAL*,74,1046,56,90.00,31.45,13.69,2103,66141
555,555,iND3,*MANUAL*,69,997,94,72.00,31.37,12.81,2103,65961
556,556,inV3,*MANUAL*,70,973,49,79.00,25.21,11.09,2103,53015
557,557,inD4,*MANUAL*,69,917,90,92.00,32.09,13.30,2969,95290
558,558,inV4,*MANUAL*,69,862,57,55.00,22.49, 7.34,2103,47287
559,559,inD5,*MANUAL*,59,807,90,73.00,24.64,10.83,2103,51812
560,560,inV5,*MANUAL*,77,754,77,84.00,28.45,13.18,2969,84464
561,561,inV6,*MANUAL*$6$10,63,688,69,75.00,28.38,11.02,10068,285701
562,562,inD7,*MANUAL*$12$14$13,64,525,90,90.00,29.15,11.50,6424,187237
563,563,iNV7,*MANUAL*$28$35,76,555,58,72.00,26.89, 9.72,7456,200465
564,564,DB3,*MANUAL*,74,1137,29,209.00,116.67,35.27,895,104422
565,565,DA2,*MANUAL*,72,1100,39,224.00,132.92,35.63,895,118965
566,566,DD2,*MANUAL*,72,1049,38,220.00,119.78,35.49,895,107204
567,567,DA3,*MANUAL*,73,999,35,221.00,124.97,36.13,895,111850
568,568,DB4,*MANUAL*,75,948,34,210.00,121.54,32.64,895,108774
569,569,DA4,*MANUAL*,75,872,39,214.00,130.53,38.78,895,116825
570,570,DD3,*MANUAL*,75,849,40,210.00,132.51,32.83,895,118600
571,571,DB5,*MANUAL*,73,780,40,230.00,121.84,37.55,895,109045
572,572,DA5,*MANUAL*,73,745,38,222.00,125.71,36.27,895,112513
573,573,DD4,*MANUAL*,78,658,44,184.00,107.30,31.64,895,96030
574,574,DB6,*MANUAL*,78,606,44,211.00,116.23,32.97,895,104026
575,575,DA6,*MANUAL*,77,580,44,229.00,126.68,35.72,895,113381
576,576,DD5,*MANUAL*,73,485,48,163.00,94.96,28.79,895,84985
577,577,DB7,*MANUAL*,73,445,52,157.00,90.19,21.26,895,80716
578,578,DA7,*MANUAL*,73,422,53,191.00,107.68,22.10,895,96373
579,579,Z4,*MANUAL*,78,686,56,153.00,72.81,25.24,895,65161
580,580,Z3,*MANUAL*,77,712,55,176.00,67.69,27.57,2969,200985
581,581,Z2,*MANUAL*,63,737,55,190.00,73.36,25.20,2969,217791
582,582,Z1,*MANUAL*,59,768,53,187.00,96.29,24.22,895,86179
583,583,virL,*MANUAL*,72,326,93,157.00,75.71,20.32,895,67764
584,584,virR,*MANUAL*,64,326,84,117.00,67.87,17.78,895,60740
585,585,F1,*MANUAL*,64,366,80,15.00, 3.13, 2.13,895,2799
586,586,F2,*MANUAL*,73,153,79,54.00, 6.49, 8.67,895,5811
587,587,F3,*MANUAL*,74,448,81,17.00, 3.57, 2.67,895,3199
588,588,F4,*MANUAL*,74,346,75,28.00, 5.21, 3.89,895,4662
589,589,F5,*MANUAL*,72,93,77,39.00, 3.01, 5.02,895,2691
590,590,F6,*MANUAL*,75,1194,76,148.00,27.88,24.38,895,24953
591,591,F7,*MANUAL*,74,600,96,18.00, 3.05, 2.62,895,2731
592,592,F8,*MANUAL*,73,577,57,15.00, 3.08, 2.86,895,2760
593,593,F9,*MANUAL*,74,374,79,15.00, 2.67, 2.36,895,2386
594,594,F10,*MANUAL*,74,718,76,19.00, 4.29, 3.50,895,3839
