0,0,*NOUSE*,*NOUSE*,0,0,0,0,0,0,0,0
1,1,*NOUSE*,*NOUSE*,0,0,0,0,0,0,0,0
2,2,*NOUSE*,*NOUSE*,0,0,0,0,0,0,0,0
3,3,*NOUSE*,*NOUSE*,0,0,0,0,0,0,0,0
4,4,*NOUSE*,*NOUSE*,0,0,0,0,0,0,0,0
5,5,*NOUSE*,*NOUSE*,0,0,0,0,0,0,0,0
6,6,*NOUSE*,*NOUSE*,0,0,0,0,0,0,0,0
7,7,HYP7RC1,,42,899,69,82.00,24.19,15.61,9517,230260
8,8,*NOUSE*,*NOUSE*,0,0,0,0,0,0,0,0
9,9,*NOUSE*,*NOUSE*,0,0,0,0,0,0,0,0
10,10,*NOUSE*,*NOUSE*,0,0,0,0,0,0,0,0
11,11,*NOUSE*,*NOUSE*,0,0,0,0,0,0,0,0
12,12,*NOUSE*,*NOUSE*,0,0,0,0,0,0,0,0
13,13,*NOUSE*,*NOUSE*,0,0,0,0,0,0,0,0
14,14,*NOUSE*,*NOUSE*,0,0,0,0,0,0,0,0
15,15,*NOUSE*,*NOUSE*,0,0,0,0,0,0,0,0
16,16,*NOUSE*,*NOUSE*,0,0,0,0,0,0,0,0
17,17,*NOUSE*,*NOUSE*,0,0,0,0,0,0,0,0
18,18,*NOUSE*,*NOUSE*,0,0,0,0,0,0,0,0
19,19,*NOUSE*,*NOUSE*,0,0,0,0,0,0,0,0
20,20,*NOUSE*,*NOUSE*,0,0,0,0,0,0,0,0
21,21,*NOUSE*,,36,757,74,52.00,17.20, 9.72,75,1290
22,22,*NOUSE*,*NOUSE*,0,0,0,0,0,0,0,0
23,23,*NOUSE*,*NOUSE*,0,0,0,0,0,0,0,0
24,24,V1R,,41,939,61,121.00,54.89,19.90,2523,138492
25,25,*NOUSE*,*NOUSE*,0,0,0,0,0,0,0,0
26,26,P3/4R,,43,799,54,124.00,44.44,22.09,3595,159778
27,27,*NOUSE*,*NOUSE*,0,0,0,0,0,0,0,0
28,28,*NOUSE*,*NOUSE*,0,0,0,0,0,0,0,0
29,29,HYP5R,,45,1439,77,111.00,34.80,19.99,5245,182501
30,30,*NOUSE*,*NOUSE*,0,0,0,0,0,0,0,0
31,31,*NOUSE*,*NOUSE*,0,0,0,0,0,0,0,0
32,32,*NOUSE*,*NOUSE*,0,0,0,0,0,0,0,0
33,33,*NOUSE*,*NOUSE*,0,0,0,0,0,0,0,0
34,34,*NOUSE*,*NOUSE*,0,0,0,0,0,0,0,0
35,35,V2R,,43,839,56,109.00,42.60,18.87,3195,136092
36,36,*NOUSE*,*NOUSE*,0,0,0,0,0,0,0,0
37,37,HYP7RC5,,48,441,76,115.00,31.70,21.74,7559,239600
38,38,*NOUSE*,*NOUSE*,0,0,0,0,0,0,0,0
39,39,*NOUSE*,*NOUSE*,0,0,0,0,0,0,0,0
40,40,*NOUSE*,*NOUSE*,0,0,0,0,0,0,0,0
41,41,*NOUSE*,*NOUSE*,0,0,0,0,0,0,0,0
42,42,*NOUSE*,*NOUSE*,0,0,0,0,0,0,0,0
43,43,*NOUSE*,*NOUSE*,0,0,0,0,0,0,0,0
44,44,*NOUSE*,*NOUSE*,0,0,0,0,0,0,0,0
45,45,*NOUSE*,*NOUSE*,0,0,0,0,0,0,0,0
46,46,*NOUSE*,,41,1289,91,120.00,70.84,19.62,194,13742
47,47,*NOUSE*,*NOUSE*,0,0,0,0,0,0,0,0
48,48,*NOUSE*,*NOUSE*,0,0,0,0,0,0,0,0
49,49,DR1,,49,1407,85,132.00,47.08,22.61,3256,153277
50,50,*NOUSE*,*NOUSE*,0,0,0,0,0,0,0,0
51,51,*NOUSE*,*NOUSE*,0,0,0,0,0,0,0,0
52,52,P9/10R,,48,453,51,146.00,44.46,26.14,5011,222804
53,53,*NOUSE*,*NOUSE*,0,0,0,0,0,0,0,0
54,54,*NOUSE*,*NOUSE*,0,0,0,0,0,0,0,0
55,55,*NOUSE*,*NOUSE*,0,0,0,0,0,0,0,0
56,56,*NOUSE*,*NOUSE*,0,0,0,0,0,0,0,0
57,57,*NOUSE*,*NOUSE*,0,0,0,0,0,0,0,0
58,58,*NOUSE*,*NOUSE*,0,0,0,0,0,0,0,0
59,59,*NOUSE*,*NOUSE*,0,0,0,0,0,0,0,0
60,60,*NOUSE*,*NOUSE*,0,0,0,0,0,0,0,0
61,61,*NOUSE*,*NOUSE*,0,0,0,0,0,0,0,0
62,62,*NOUSE*,*NOUSE*,0,0,0,0,0,0,0,0
63,63,*NOUSE*,*NOUSE*,0,0,0,0,0,0,0,0
64,64,*NOUSE*,*NOUSE*,0,0,0,0,0,0,0,0
65,65,VR12,,52,861,40,123.00,37.91,25.78,4548,172412
66,66,*NOUSE*,*NOUSE*,0,0,0,0,0,0,0,0
67,67,*NOUSE*,*NOUSE*,0,0,0,0,0,0,0,0
68,68,V5R,,48,483,59,150.00,64.68,19.81,1973,127608
69,69,*NOUSE*,*NOUSE*,0,0,0,0,0,0,0,0
70,70,*NOUSE*,*NOUSE*,0,0,0,0,0,0,0,0
71,71,*NOUSE*,*NOUSE*,0,0,0,0,0,0,0,0
72,72,*NOUSE*,*NOUSE*,0,0,0,0,0,0,0,0
73,73,*NOUSE*,,45,905,87,94.00,46.69,21.89,221,10319
74,74,*NOUSE*,*NOUSE*,0,0,0,0,0,0,0,0
75,75,DR3,,50,1336,93,177.00,70.96,28.81,2696,191320
76,76,*NOUSE*,*NOUSE*,0,0,0,0,0,0,0,0
77,77,VR10,,52,996,39,127.00,43.15,23.51,4072,175708
78,78,*NOUSE*,*NOUSE*,0,0,0,0,0,0,0,0
79,79,*NOUSE*,,49,1376,48,77.00,39.75,14.67,279,11091
80,80,*NOUSE*,,46,577,53,125.00,76.65,15.60,77,5902
81,81,*NOUSE*,*NOUSE*,0,0,0,0,0,0,0,0
82,82,*NOUSE*,*NOUSE*,0,0,0,0,0,0,0,0
83,83,*NOUSE*,*NOUSE*,0,0,0,0,0,0,0,0
84,84,*NOUSE*,*NOUSE*,0,0,0,0,0,0,0,0
85,85,*NOUSE*,,47,667,75,57.00,21.87,10.14,181,3959
86,86,*NOUSE*,*NOUSE*,0,0,0,0,0,0,0,0
87,87,*NOUSE*,*NOUSE*,0,0,0,0,0,0,0,0
88,88,*NOUSE*,*NOUSE*,0,0,0,0,0,0,0,0
89,89,DR15,,52,730,95,150.00,53.34,33.95,4697,250539
90,90,*NOUSE*,*NOUSE*,0,0,0,0,0,0,0,0
91,91,*NOUSE*,*NOUSE*,0,0,0,0,0,0,0,0
92,92,*NOUSE*,*NOUSE*,0,0,0,0,0,0,0,0
93,93,*NOUSE*,*NOUSE*,0,0,0,0,0,0,0,0
94,94,*NOUSE*,*NOUSE*,0,0,0,0,0,0,0,0
95,95,*NOUSE*,*NOUSE*,0,0,0,0,0,0,0,0
96,96,*NOUSE*,,47,1078,67,101.00,56.56,18.60,119,6731
97,97,*NOUSE*,*NOUSE*,0,0,0,0,0,0,0,0
98,98,DR16,,51,670,87,148.00,56.58,32.68,3188,180376
99,99,*NOUSE*,*NOUSE*,0,0,0,0,0,0,0,0
100,100,*NOUSE*,*NOUSE*,0,0,0,0,0,0,0,0
101,101,*NOUSE*,*NOUSE*,0,0,0,0,0,0,0,0
102,102,VR16,,54,623,41,180.00,56.55,31.26,3722,210471
103,103,INVR1,,56,961,50,109.00,26.58,16.16,9399,249858
104,104,REPVR,,53,303,66,180.00,82.94,34.09,2107,174760
105,105,*NOUSE*,*NOUSE*,0,0,0,0,0,0,0,0
106,106,*NOUSE*,*NOUSE*,0,0,0,0,0,0,0,0
107,107,*NOUSE*,*NOUSE*,0,0,0,0,0,0,0,0
108,108,*NOUSE*,*NOUSE*,0,0,0,0,0,0,0,0
109,109,*NOUSE*,,50,989,32,71.00,30.03,17.82,171,5135
110,110,VR15,,54,718,38,156.00,69.23,29.91,2677,185327
111,111,*NOUSE*,,50,1343,43,90.00,53.17,14.12,53,2818
112,112,*NOUSE*,*NOUSE*,0,0,0,0,0,0,0,0
113,113,*NOUSE*,*NOUSE*,0,0,0,0,0,0,0,0
114,114,*NOUSE*,*NOUSE*,0,0,0,0,0,0,0,0
115,115,*NOUSE*,*NOUSE*,0,0,0,0,0,0,0,0
116,116,*NOUSE*,*NOUSE*,0,0,0,0,0,0,0,0
117,117,*NOUSE*,*NOUSE*,0,0,0,0,0,0,0,0
118,118,*NOUSE*,*NOUSE*,0,0,0,0,0,0,0,0
119,119,DR7,,56,1130,102,165.00,73.87,30.44,3767,278271
120,120,DR9,,54,1058,104,155.00,49.78,30.32,4588,228368
121,121,*NOUSE*,*NOUSE*,0,0,0,0,0,0,0,0
122,122,VR18,,55,491,44,151.00,59.24,28.47,3448,204252
123,123,*NOUSE*,*NOUSE*,0,0,0,0,0,0,0,0
124,124,DR17,,56,587,90,154.00,52.73,32.55,4095,215930
125,125,*NOUSE*,*NOUSE*,0,0,0,0,0,0,0,0
126,126,*NOUSE*,*NOUSE*,0,0,0,0,0,0,0,0
127,127,*NOUSE*,*NOUSE*,0,0,0,0,0,0,0,0
128,128,VR13,,56,825,40,132.00,57.24,28.07,1829,104699
129,129,*NOUSE*,*NOUSE*,0,0,0,0,0,0,0,0
130,130,*NOUSE*,*NOUSE*,0,0,0,0,0,0,0,0
131,131,*NOUSE*,*NOUSE*,0,0,0,0,0,0,0,0
132,132,*NOUSE*,*NOUSE*,0,0,0,0,0,0,0,0
133,133,*NOUSE*,*NOUSE*,0,0,0,0,0,0,0,0
134,134,*NOUSE*,*NOUSE*,0,0,0,0,0,0,0,0
135,135,*NOUSE*,*NOUSE*,0,0,0,0,0,0,0,0
136,136,VR17,,56,555,42,188.00,77.32,31.08,2192,169493
137,137,*NOUSE*,*NOUSE*,0,0,0,0,0,0,0,0
138,138,*NOUSE*,*NOUSE*,0,0,0,0,0,0,0,0
139,139,*NOUSE*,*NOUSE*,0,0,0,0,0,0,0,0
140,140,*NOUSE*,*NOUSE*,0,0,0,0,0,0,0,0
141,141,*NOUSE*,*NOUSE*,0,0,0,0,0,0,0,0
142,142,*NOUSE*,*NOUSE*,0,0,0,0,0,0,0,0
143,143,*NOUSE*,*NOUSE*,0,0,0,0,0,0,0,0
144,144,*NOUSE*,*NOUSE*,0,0,0,0,0,0,0,0
145,145,*NOUSE*,*NOUSE*,0,0,0,0,0,0,0,0
146,146,*NOUSE*,*NOUSE*,0,0,0,0,0,0,0,0
147,147,*NOUSE*,,52,1326,63,212.00,176.61,18.15,56,9890
148,148,*NOUSE*,*NOUSE*,0,0,0,0,0,0,0,0
149,149,*NOUSE*,*NOUSE*,0,0,0,0,0,0,0,0
150,150,*NOUSE*,*NOUSE*,0,0,0,0,0,0,0,0
151,151,DR19,,57,451,88,158.00,64.15,36.44,3150,202079
152,152,*NOUSE*,*NOUSE*,0,0,0,0,0,0,0,0
153,153,*NOUSE*,,54,907,39,114.00,85.58,13.24,24,2054
154,154,*NOUSE*,*NOUSE*,0,0,0,0,0,0,0,0
155,155,*NOUSE*,*NOUSE*,0,0,0,0,0,0,0,0
156,156,*NOUSE*,*NOUSE*,0,0,0,0,0,0,0,0
157,157,*NOUSE*,*NOUSE*,0,0,0,0,0,0,0,0
158,158,DR18,,59,516,89,168.00,59.93,28.85,3239,194127
159,159,*NOUSE*,*NOUSE*,0,0,0,0,0,0,0,0
160,160,*NOUSE*,*NOUSE*,0,0,0,0,0,0,0,0
161,161,*NOUSE*,*NOUSE*,0,0,0,0,0,0,0,0
162,162,*NOUSE*,,54,1467,60,93.00,93.00, 0.00,1,93
163,163,*NOUSE*,*NOUSE*,0,0,0,0,0,0,0,0
164,164,*NOUSE*,*NOUSE*,0,0,0,0,0,0,0,0
165,165,*NOUSE*,*NOUSE*,0,0,0,0,0,0,0,0
166,166,*NOUSE*,*NOUSE*,0,0,0,0,0,0,0,0
167,167,*NOUSE*,*NOUSE*,0,0,0,0,0,0,0,0
168,168,*NOUSE*,,55,1057,61,93.00,54.94,14.54,142,7802
169,169,*NOUSE*,*NOUSE*,0,0,0,0,0,0,0,0
170,170,*NOUSE*,*NOUSE*,0,0,0,0,0,0,0,0
171,171,*NOUSE*,*NOUSE*,0,0,0,0,0,0,0,0
172,172,*NOUSE*,*NOUSE*,0,0,0,0,0,0,0,0
173,173,*NOUSE*,*NOUSE*,0,0,0,0,0,0,0,0
174,174,HYP6D2,,63,1329,102,147.00,55.97,27.45,3597,201325
175,175,*NOUSE*,*NOUSE*,0,0,0,0,0,0,0,0
176,176,*NOUSE*,*NOUSE*,0,0,0,0,0,0,0,0
177,177,*NOUSE*,*NOUSE*,0,0,0,0,0,0,0,0
178,178,*NOUSE*,*NOUSE*,0,0,0,0,0,0,0,0
179,179,HYP6V1,,64,1325,39,135.00,46.12,27.45,7633,352034
180,180,HYP6V2,,65,1292,36,117.00,48.51,25.23,5205,252482
181,181,*NOUSE*,*NOUSE*,0,0,0,0,0,0,0,0
182,182,*NOUSE*,*NOUSE*,0,0,0,0,0,0,0,0
183,183,*NOUSE*,*NOUSE*,0,0,0,0,0,0,0,0
184,184,*NOUSE*,*NOUSE*,0,0,0,0,0,0,0,0
185,185,*NOUSE*,*NOUSE*,0,0,0,0,0,0,0,0
186,186,*NOUSE*,*NOUSE*,0,0,0,0,0,0,0,0
187,187,*NOUSE*,*NOUSE*,0,0,0,0,0,0,0,0
188,188,*NOUSE*,*NOUSE*,0,0,0,0,0,0,0,0
189,189,*NOUSE*,*NOUSE*,0,0,0,0,0,0,0,0
190,190,*NOUSE*,*NOUSE*,0,0,0,0,0,0,0,0
191,191,*NOUSE*,*NOUSE*,0,0,0,0,0,0,0,0
192,192,*NOUSE*,,61,249,28,12.00, 5.00, 2.40,265,1325
193,193,*NOUSE*,,59,1442,45,103.00,103.00, 0.00,1,103
194,194,*NOUSE*,*NOUSE*,0,0,0,0,0,0,0,0
195,195,*NOUSE*,*NOUSE*,0,0,0,0,0,0,0,0
196,196,*NOUSE*,*NOUSE*,0,0,0,0,0,0,0,0
197,197,*NOUSE*,*NOUSE*,0,0,0,0,0,0,0,0
198,198,DR20,,62,377,89,165.00,66.73,30.91,2867,191304
199,199,*NOUSE*,*NOUSE*,0,0,0,0,0,0,0,0
200,200,*NOUSE*,*NOUSE*,0,0,0,0,0,0,0,0
201,201,*NOUSE*,*NOUSE*,0,0,0,0,0,0,0,0
202,202,HYP4V2,,63,1476,43,132.00,52.40,23.58,2001,104843
203,203,HYP4V1,,64,1501,44,114.00,40.51,22.11,2773,112327
204,204,*NOUSE*,*NOUSE*,0,0,0,0,0,0,0,0
205,205,*NOUSE*,*NOUSE*,0,0,0,0,0,0,0,0
206,206,*NOUSE*,*NOUSE*,0,0,0,0,0,0,0,0
207,207,*NOUSE*,*NOUSE*,0,0,0,0,0,0,0,0
208,208,*NOUSE*,*NOUSE*,0,0,0,0,0,0,0,0
209,209,*NOUSE*,*NOUSE*,0,0,0,0,0,0,0,0
210,210,*NOUSE*,*NOUSE*,0,0,0,0,0,0,0,0
211,211,*NOUSE*,*NOUSE*,0,0,0,0,0,0,0,0
212,212,*NOUSE*,*NOUSE*,0,0,0,0,0,0,0,0
213,213,*NOUSE*,*NOUSE*,0,0,0,0,0,0,0,0
214,214,G2,,66,1166,36,204.00,97.55,37.81,2491,242986
215,215,*NOUSE*,*NOUSE*,0,0,0,0,0,0,0,0
216,216,*NOUSE*,*NOUSE*,0,0,0,0,0,0,0,0
217,217,*NOUSE*,*NOUSE*,0,0,0,0,0,0,0,0
218,218,*NOUSE*,*NOUSE*,0,0,0,0,0,0,0,0
219,219,*NOUSE*,*NOUSE*,0,0,0,0,0,0,0,0
220,220,*NOUSE*,*NOUSE*,0,0,0,0,0,0,0,0
221,221,*NOUSE*,*NOUSE*,0,0,0,0,0,0,0,0
222,222,*NOUSE*,*NOUSE*,0,0,0,0,0,0,0,0
223,223,*NOUSE*,*NOUSE*,0,0,0,0,0,0,0,0
224,224,*NOUSE*,*NOUSE*,0,0,0,0,0,0,0,0
225,225,*NOUSE*,*NOUSE*,0,0,0,0,0,0,0,0
226,226,*NOUSE*,*NOUSE*,0,0,0,0,0,0,0,0
227,227,*NOUSE*,*NOUSE*,0,0,0,0,0,0,0,0
228,228,*NOUSE*,*NOUSE*,0,0,0,0,0,0,0,0
229,229,*NOUSE*,*NOUSE*,0,0,0,0,0,0,0,0
230,230,*NOUSE*,,62,937,35,89.00,58.54,13.27,81,4742
231,231,*NOUSE*,*NOUSE*,0,0,0,0,0,0,0,0
232,232,*NOUSE*,*NOUSE*,0,0,0,0,0,0,0,0
233,233,*NOUSE*,*NOUSE*,0,0,0,0,0,0,0,0
234,234,*NOUSE*,*NOUSE*,0,0,0,0,0,0,0,0
235,235,*NOUSE*,,63,1320,84,231.00,194.82,22.52,11,2143
236,236,*NOUSE*,*NOUSE*,0,0,0,0,0,0,0,0
237,237,*NOUSE*,*NOUSE*,0,0,0,0,0,0,0,0
238,238,*NOUSE*,*NOUSE*,0,0,0,0,0,0,0,0
239,239,*NOUSE*,*NOUSE*,0,0,0,0,0,0,0,0
240,240,*NOUSE*,*NOUSE*,0,0,0,0,0,0,0,0
241,241,*NOUSE*,,64,312,59,182.00,126.17,32.01,72,9084
242,242,*NOUSE*,*NOUSE*,0,0,0,0,0,0,0,0
243,243,*NOUSE*,*NOUSE*,0,0,0,0,0,0,0,0
244,244,*NOUSE*,*NOUSE*,0,0,0,0,0,0,0,0
245,245,*NOUSE*,*NOUSE*,0,0,0,0,0,0,0,0
246,246,*NOUSE*,*NOUSE*,0,0,0,0,0,0,0,0
247,247,*NOUSE*,*NOUSE*,0,0,0,0,0,0,0,0
248,248,*NOUSE*,*NOUSE*,0,0,0,0,0,0,0,0
249,249,*NOUSE*,*NOUSE*,0,0,0,0,0,0,0,0
250,250,*NOUSE*,*NOUSE*,0,0,0,0,0,0,0,0
251,251,*NOUSE*,*NOUSE*,0,0,0,0,0,0,0,0
252,252,*NOUSE*,*NOUSE*,0,0,0,0,0,0,0,0
253,253,*NOUSE*,*NOUSE*,0,0,0,0,0,0,0,0
254,254,*NOUSE*,,67,1381,70,65.00,46.92, 7.60,151,7085
255,255,*NOUSE*,*NOUSE*,0,0,0,0,0,0,0,0
256,256,DL15,,72,699,91,128.00,54.38,26.98,3203,174194
257,257,*NOUSE*,*NOUSE*,0,0,0,0,0,0,0,0
258,258,DL14,,74,742,96,141.00,50.55,26.52,4154,209986
259,259,*NOUSE*,*NOUSE*,0,0,0,0,0,0,0,0
260,260,*NOUSE*,*NOUSE*,0,0,0,0,0,0,0,0
261,261,*NOUSE*,*NOUSE*,0,0,0,0,0,0,0,0
262,262,*NOUSE*,*NOUSE*,0,0,0,0,0,0,0,0
263,263,*NOUSE*,,65,1130,103,136.00,95.68,15.82,76,7272
264,264,*NOUSE*,*NOUSE*,0,0,0,0,0,0,0,0
265,265,*NOUSE*,*NOUSE*,0,0,0,0,0,0,0,0
266,266,*NOUSE*,*NOUSE*,0,0,0,0,0,0,0,0
267,267,*NOUSE*,*NOUSE*,0,0,0,0,0,0,0,0
268,268,*NOUSE*,*NOUSE*,0,0,0,0,0,0,0,0
269,269,INDL1,,76,968,87,77.00,21.58,14.30,10586,228480
270,270,*NOUSE*,*NOUSE*,0,0,0,0,0,0,0,0
271,271,*NOUSE*,*NOUSE*,0,0,0,0,0,0,0,0
272,272,*NOUSE*,*NOUSE*,0,0,0,0,0,0,0,0
273,273,*NOUSE*,*NOUSE*,0,0,0,0,0,0,0,0
274,274,*NOUSE*,,72,1099,70,125.00,60.29,21.48,222,13385
275,275,*NOUSE*,*NOUSE*,0,0,0,0,0,0,0,0
276,276,*NOUSE*,*NOUSE*,0,0,0,0,0,0,0,0
277,277,*NOUSE*,*NOUSE*,0,0,0,0,0,0,0,0
278,278,DL19,,73,414,88,163.00,65.42,33.34,2440,159627
279,279,*NOUSE*,*NOUSE*,0,0,0,0,0,0,0,0
280,280,*NOUSE*,*NOUSE*,0,0,0,0,0,0,0,0
281,281,DL11,,75,938,97,135.00,44.93,25.97,4320,194108
282,282,*NOUSE*,*NOUSE*,0,0,0,0,0,0,0,0
283,283,VL13,,73,799,41,133.00,67.74,23.27,1500,101605
284,284,*NOUSE*,*NOUSE*,0,0,0,0,0,0,0,0
285,285,*NOUSE*,,70,1406,61,114.00,73.95,16.04,62,4585
286,286,*NOUSE*,,70,1145,69,136.00,88.66,15.63,64,5674
287,287,*NOUSE*,*NOUSE*,0,0,0,0,0,0,0,0
288,288,DL20,,73,372,85,137.00,61.50,26.13,2640,162361
289,289,*NOUSE*,,74,811,94,104.00,37.97,20.67,639,24261
290,290,*NOUSE*,*NOUSE*,0,0,0,0,0,0,0,0
291,291,*NOUSE*,*NOUSE*,0,0,0,0,0,0,0,0
292,292,*NOUSE*,*NOUSE*,0,0,0,0,0,0,0,0
293,293,*NOUSE*,*NOUSE*,0,0,0,0,0,0,0,0
294,294,*NOUSE*,*NOUSE*,0,0,0,0,0,0,0,0
295,295,DL16,,74,606,90,154.00,61.43,28.44,2765,169856
296,296,*NOUSE*,*NOUSE*,0,0,0,0,0,0,0,0
297,297,*NOUSE*,,71,1027,103,85.00,42.97,12.22,99,4254
298,298,*NOUSE*,*NOUSE*,0,0,0,0,0,0,0,0
299,299,*NOUSE*,*NOUSE*,0,0,0,0,0,0,0,0
300,300,*NOUSE*,,73,1123,72,109.00,64.89,20.57,101,6554
301,301,*NOUSE*,*NOUSE*,0,0,0,0,0,0,0,0
302,302,DL3,,77,1338,95,111.00,53.54,19.53,2925,156614
303,303,*NOUSE*,*NOUSE*,0,0,0,0,0,0,0,0
304,304,*NOUSE*,*NOUSE*,0,0,0,0,0,0,0,0
305,305,*NOUSE*,,74,816,100,64.00,32.01,10.25,357,11426
306,306,*NOUSE*,*NOUSE*,0,0,0,0,0,0,0,0
307,307,P9/10L,,78,449,50,133.00,53.21,25.40,3779,201089
308,308,VL2,,79,1358,51,145.00,57.40,27.52,4380,251417
309,309,*NOUSE*,*NOUSE*,0,0,0,0,0,0,0,0
310,310,*NOUSE*,*NOUSE*,0,0,0,0,0,0,0,0
311,311,*NOUSE*,*NOUSE*,0,0,0,0,0,0,0,0
312,312,*NOUSE*,*NOUSE*,0,0,0,0,0,0,0,0
313,313,*NOUSE*,*NOUSE*,0,0,0,0,0,0,0,0
314,314,VL3,,79,1326,41,124.00,51.46,26.62,3948,203177
315,315,*NOUSE*,*NOUSE*,0,0,0,0,0,0,0,0
316,316,*NOUSE*,,74,1296,74,131.00,90.33,17.67,70,6323
317,317,*NOUSE*,*NOUSE*,0,0,0,0,0,0,0,0
318,318,*NOUSE*,*NOUSE*,0,0,0,0,0,0,0,0
319,319,*NOUSE*,*NOUSE*,0,0,0,0,0,0,0,0
320,320,*NOUSE*,*NOUSE*,0,0,0,0,0,0,0,0
321,321,*NOUSE*,*NOUSE*,0,0,0,0,0,0,0,0
322,322,*NOUSE*,*NOUSE*,0,0,0,0,0,0,0,0
323,323,*NOUSE*,*NOUSE*,0,0,0,0,0,0,0,0
324,324,*NOUSE*,*NOUSE*,0,0,0,0,0,0,0,0
325,325,*NOUSE*,*NOUSE*,0,0,0,0,0,0,0,0
326,326,*NOUSE*,*NOUSE*,0,0,0,0,0,0,0,0
327,327,*NOUSE*,*NOUSE*,0,0,0,0,0,0,0,0
328,328,*NOUSE*,*NOUSE*,0,0,0,0,0,0,0,0
329,329,*NOUSE*,*NOUSE*,0,0,0,0,0,0,0,0
330,330,*NOUSE*,*NOUSE*,0,0,0,0,0,0,0,0
331,331,*NOUSE*,*NOUSE*,0,0,0,0,0,0,0,0
332,332,HYP5L,,83,1444,63,102.00,35.93,17.66,5109,183549
333,333,DL1,,81,1401,80,105.00,48.52,15.31,2647,128436
334,334,*NOUSE*,*NOUSE*,0,0,0,0,0,0,0,0
335,335,P5/6L,,83,693,43,107.00,36.35,18.68,5099,185349
336,336,*NOUSE*,*NOUSE*,0,0,0,0,0,0,0,0
337,337,DL6,,82,1232,92,122.00,59.10,18.67,2446,144555
338,338,*NOUSE*,,78,753,94,55.00,23.81,14.09,155,3690
339,339,*NOUSE*,*NOUSE*,0,0,0,0,0,0,0,0
340,340,P3/4L,,84,795,52,122.00,42.96,21.99,3449,148186
341,341,*NOUSE*,*NOUSE*,0,0,0,0,0,0,0,0
342,342,*NOUSE*,*NOUSE*,0,0,0,0,0,0,0,0
343,343,*NOUSE*,*NOUSE*,0,0,0,0,0,0,0,0
344,344,*NOUSE*,*NOUSE*,0,0,0,0,0,0,0,0
345,345,*NOUSE*,*NOUSE*,0,0,0,0,0,0,0,0
346,346,*NOUSE*,*NOUSE*,0,0,0,0,0,0,0,0
347,347,*NOUSE*,*NOUSE*,0,0,0,0,0,0,0,0
348,348,*NOUSE*,*NOUSE*,0,0,0,0,0,0,0,0
349,349,*NOUSE*,*NOUSE*,0,0,0,0,0,0,0,0
350,350,*NOUSE*,*NOUSE*,0,0,0,0,0,0,0,0
351,351,*NOUSE*,*NOUSE*,0,0,0,0,0,0,0,0
352,352,*NOUSE*,*NOUSE*,0,0,0,0,0,0,0,0
353,353,*NOUSE*,*NOUSE*,0,0,0,0,0,0,0,0
354,354,*NOUSE*,,82,798,87,117.00,55.46,23.75,168,9317
355,355,*NOUSE*,*NOUSE*,0,0,0,0,0,0,0,0
356,356,*NOUSE*,*NOUSE*,0,0,0,0,0,0,0,0
357,357,*NOUSE*,*NOUSE*,0,0,0,0,0,0,0,0
358,358,*NOUSE*,*NOUSE*,0,0,0,0,0,0,0,0
359,359,*NOUSE*,,83,1299,86,113.00,65.31,16.77,181,11821
360,360,P1/2L,,87,881,44,101.00,41.42,19.94,3273,135568
361,361,*NOUSE*,*NOUSE*,0,0,0,0,0,0,0,0
362,362,*NOUSE*,*NOUSE*,0,0,0,0,0,0,0,0
363,363,*NOUSE*,*NOUSE*,0,0,0,0,0,0,0,0
364,364,*NOUSE*,*NOUSE*,0,0,0,0,0,0,0,0
365,365,*NOUSE*,*NOUSE*,0,0,0,0,0,0,0,0
366,366,*NOUSE*,,84,794,85,78.00,54.30,14.00,37,2009
367,367,*NOUSE*,*NOUSE*,0,0,0,0,0,0,0,0
368,368,*NOUSE*,,86,848,61,81.00,50.85,12.20,78,3966
369,369,*NOUSE*,*NOUSE*,0,0,0,0,0,0,0,0
370,370,*NOUSE*,*NOUSE*,0,0,0,0,0,0,0,0
371,371,*NOUSE*,*NOUSE*,0,0,0,0,0,0,0,0
372,372,*NOUSE*,*NOUSE*,0,0,0,0,0,0,0,0
373,373,*NOUSE*,*NOUSE*,0,0,0,0,0,0,0,0
374,374,*NOUSE*,*NOUSE*,0,0,0,0,0,0,0,0
375,375,*NOUSE*,*NOUSE*,0,0,0,0,0,0,0,0
376,376,*NOUSE*,*NOUSE*,0,0,0,0,0,0,0,0
377,377,*NOUSE*,*NOUSE*,0,0,0,0,0,0,0,0
378,378,*NOUSE*,*NOUSE*,0,0,0,0,0,0,0,0
379,379,*NOUSE*,*NOUSE*,0,0,0,0,0,0,0,0
380,380,*NOUSE*,*NOUSE*,0,0,0,0,0,0,0,0
381,381,*NOUSE*,*NOUSE*,0,0,0,0,0,0,0,0
382,382,*NOUSE*,*NOUSE*,0,0,0,0,0,0,0,0
383,383,*NOUSE*,*NOUSE*,0,0,0,0,0,0,0,0
384,384,*NOUSE*,*NOUSE*,0,0,0,0,0,0,0,0
385,385,*NOUSE*,*NOUSE*,0,0,0,0,0,0,0,0
386,386,*NOUSE*,*NOUSE*,0,0,0,0,0,0,0,0
387,387,*NOUSE*,*NOUSE*,0,0,0,0,0,0,0,0
388,388,*NOUSE*,*NOUSE*,0,0,0,0,0,0,0,0
389,389,*NOUSE*,*NOUSE*,0,0,0,0,0,0,0,0
390,390,*NOUSE*,*NOUSE*,0,0,0,0,0,0,0,0
391,391,*NOUSE*,*NOUSE*,0,0,0,0,0,0,0,0
392,392,*NOUSE*,*NOUSE*,0,0,0,0,0,0,0,0
393,393,*NOUSE*,*NOUSE*,0,0,0,0,0,0,0,0
394,394,*NOUSE*,*NOUSE*,0,0,0,0,0,0,0,0
395,395,*NOUSE*,*NOUSE*,0,0,0,0,0,0,0,0
396,396,*NOUSE*,*NOUSE*,0,0,0,0,0,0,0,0
397,397,*NOUSE*,*NOUSE*,0,0,0,0,0,0,0,0
398,398,*NOUSE*,*NOUSE*,0,0,0,0,0,0,0,0
399,399,*NOUSE*,*NOUSE*,0,0,0,0,0,0,0,0
400,400,*NOUSE*,*NOUSE*,0,0,0,0,0,0,0,0
401,401,*NOUSE*,*NOUSE*,0,0,0,0,0,0,0,0
402,402,*NOUSE*,*NOUSE*,0,0,0,0,0,0,0,0
403,403,*NOUSE*,*NOUSE*,0,0,0,0,0,0,0,0
404,404,*NOUSE*,*NOUSE*,0,0,0,0,0,0,0,0
405,405,*NOUSE*,*NOUSE*,0,0,0,0,0,0,0,0
406,406,*NOUSE*,*NOUSE*,0,0,0,0,0,0,0,0
407,407,*NOUSE*,*NOUSE*,0,0,0,0,0,0,0,0
408,408,*NOUSE*,*NOUSE*,0,0,0,0,0,0,0,0
409,409,*NOUSE*,*NOUSE*,0,0,0,0,0,0,0,0
410,410,*NOUSE*,*NOUSE*,0,0,0,0,0,0,0,0
411,411,*NOUSE*,*NOUSE*,0,0,0,0,0,0,0,0
412,412,*NOUSE*,*NOUSE*,0,0,0,0,0,0,0,0
413,413,*NOUSE*,*NOUSE*,0,0,0,0,0,0,0,0
414,414,*NOUSE*,*NOUSE*,0,0,0,0,0,0,0,0
415,415,*NOUSE*,*NOUSE*,0,0,0,0,0,0,0,0
416,416,*NOUSE*,*NOUSE*,0,0,0,0,0,0,0,0
417,417,*NOUSE*,*NOUSE*,0,0,0,0,0,0,0,0
418,418,*NOUSE*,*NOUSE*,0,0,0,0,0,0,0,0
419,419,*NOUSE*,*NOUSE*,0,0,0,0,0,0,0,0
420,420,*NOUSE*,*NOUSE*,0,0,0,0,0,0,0,0
421,421,*NOUSE*,*NOUSE*,0,0,0,0,0,0,0,0
422,422,*NOUSE*,*NOUSE*,0,0,0,0,0,0,0,0
423,423,*NOUSE*,*NOUSE*,0,0,0,0,0,0,0,0
424,424,*NOUSE*,*NOUSE*,0,0,0,0,0,0,0,0
425,425,*NOUSE*,*NOUSE*,0,0,0,0,0,0,0,0
426,426,*NOUSE*,*NOUSE*,0,0,0,0,0,0,0,0
427,427,*NOUSE*,*NOUSE*,0,0,0,0,0,0,0,0
428,428,*NOUSE*,*NOUSE*,0,0,0,0,0,0,0,0
429,429,*NOUSE*,*NOUSE*,0,0,0,0,0,0,0,0
430,430,*NOUSE*,*NOUSE*,0,0,0,0,0,0,0,0
431,431,*NOUSE*,*NOUSE*,0,0,0,0,0,0,0,0
432,432,*NOUSE*,*NOUSE*,0,0,0,0,0,0,0,0
433,433,*NOUSE*,*NOUSE*,0,0,0,0,0,0,0,0
434,434,*NOUSE*,*NOUSE*,0,0,0,0,0,0,0,0
435,435,*NOUSE*,*NOUSE*,0,0,0,0,0,0,0,0
436,436,*NOUSE*,*NOUSE*,0,0,0,0,0,0,0,0
437,437,*NOUSE*,*NOUSE*,0,0,0,0,0,0,0,0
438,438,*NOUSE*,*NOUSE*,0,0,0,0,0,0,0,0
439,439,*NOUSE*,*NOUSE*,0,0,0,0,0,0,0,0
440,440,*NOUSE*,*NOUSE*,0,0,0,0,0,0,0,0
441,441,*NOUSE*,*NOUSE*,0,0,0,0,0,0,0,0
442,442,*NOUSE*,*NOUSE*,0,0,0,0,0,0,0,0
443,443,*NOUSE*,*NOUSE*,0,0,0,0,0,0,0,0
444,444,*NOUSE*,*NOUSE*,0,0,0,0,0,0,0,0
445,445,*NOUSE*,*NOUSE*,0,0,0,0,0,0,0,0
446,446,*NOUSE*,*NOUSE*,0,0,0,0,0,0,0,0
447,447,*NOUSE*,*NOUSE*,0,0,0,0,0,0,0,0
448,448,*NOUSE*,*NOUSE*,0,0,0,0,0,0,0,0
449,449,*NOUSE*,*NOUSE*,0,0,0,0,0,0,0,0
450,450,*NOUSE*,*NOUSE*,0,0,0,0,0,0,0,0
451,451,*NOUSE*,*NOUSE*,0,0,0,0,0,0,0,0
452,452,*NOUSE*,*NOUSE*,0,0,0,0,0,0,0,0
453,453,*NOUSE*,*NOUSE*,0,0,0,0,0,0,0,0
454,454,*NOUSE*,*NOUSE*,0,0,0,0,0,0,0,0
455,455,*NOUSE*,*NOUSE*,0,0,0,0,0,0,0,0
456,456,*NOUSE*,*NOUSE*,0,0,0,0,0,0,0,0
457,457,*NOUSE*,*NOUSE*,0,0,0,0,0,0,0,0
458,458,*NOUSE*,*NOUSE*,0,0,0,0,0,0,0,0
459,459,*NOUSE*,*NOUSE*,0,0,0,0,0,0,0,0
460,460,*NOUSE*,*NOUSE*,0,0,0,0,0,0,0,0
461,461,*NOUSE*,*NOUSE*,0,0,0,0,0,0,0,0
462,462,*NOUSE*,*NOUSE*,0,0,0,0,0,0,0,0
463,463,*NOUSE*,*NOUSE*,0,0,0,0,0,0,0,0
464,464,*NOUSE*,*NOUSE*,0,0,0,0,0,0,0,0
465,465,*NOUSE*,*NOUSE*,0,0,0,0,0,0,0,0
466,466,*NOUSE*,*NOUSE*,0,0,0,0,0,0,0,0
467,467,*NOUSE*,*NOUSE*,0,0,0,0,0,0,0,0
468,468,*NOUSE*,*NOUSE*,0,0,0,0,0,0,0,0
469,469,*NOUSE*,*NOUSE*,0,0,0,0,0,0,0,0
470,470,*NOUSE*,*NOUSE*,0,0,0,0,0,0,0,0
471,471,*NOUSE*,*NOUSE*,0,0,0,0,0,0,0,0
472,472,*NOUSE*,*NOUSE*,0,0,0,0,0,0,0,0
473,473,*NOUSE*,*NOUSE*,0,0,0,0,0,0,0,0
474,474,*NOUSE*,*NOUSE*,0,0,0,0,0,0,0,0
475,475,*NOUSE*,*NOUSE*,0,0,0,0,0,0,0,0
476,476,*NOUSE*,*NOUSE*,0,0,0,0,0,0,0,0
477,477,*NOUSE*,*NOUSE*,0,0,0,0,0,0,0,0
478,478,*NOUSE*,*NOUSE*,0,0,0,0,0,0,0,0
479,479,*NOUSE*,*NOUSE*,0,0,0,0,0,0,0,0
480,480,*NOUSE*,*NOUSE*,0,0,0,0,0,0,0,0
481,481,*NOUSE*,*NOUSE*,0,0,0,0,0,0,0,0
482,482,*NOUSE*,*NOUSE*,0,0,0,0,0,0,0,0
483,483,*NOUSE*,*NOUSE*,0,0,0,0,0,0,0,0
484,484,*NOUSE*,*NOUSE*,0,0,0,0,0,0,0,0
485,485,*NOUSE*,*NOUSE*,0,0,0,0,0,0,0,0
486,486,*NOUSE*,*NOUSE*,0,0,0,0,0,0,0,0
487,487,*NOUSE*,*NOUSE*,0,0,0,0,0,0,0,0
488,488,*NOUSE*,*NOUSE*,0,0,0,0,0,0,0,0
489,489,*NOUSE*,*NOUSE*,0,0,0,0,0,0,0,0
490,490,*NOUSE*,*NOUSE*,0,0,0,0,0,0,0,0
491,491,*NOUSE*,*NOUSE*,0,0,0,0,0,0,0,0
492,492,*NOUSE*,*NOUSE*,0,0,0,0,0,0,0,0
493,493,*NOUSE*,*NOUSE*,0,0,0,0,0,0,0,0
494,494,*NOUSE*,*NOUSE*,0,0,0,0,0,0,0,0
495,495,*NOUSE*,*NOUSE*,0,0,0,0,0,0,0,0
496,496,*NOUSE*,*NOUSE*,0,0,0,0,0,0,0,0
497,497,*NOUSE*,*NOUSE*,0,0,0,0,0,0,0,0
498,498,*NOUSE*,*NOUSE*,0,0,0,0,0,0,0,0
499,499,*NOUSE*,*NOUSE*,0,0,0,0,0,0,0,0
500,500,*NOUSE*,*NOUSE*,0,0,0,0,0,0,0,0
501,501,*NOUSE*,*NOUSE*,0,0,0,0,0,0,0,0
502,502,*NOUSE*,*NOUSE*,0,0,0,0,0,0,0,0
503,503,*NOUSE*,*NOUSE*,0,0,0,0,0,0,0,0
504,504,*NOUSE*,*NOUSE*,0,0,0,0,0,0,0,0
505,505,*NOUSE*,*NOUSE*,0,0,0,0,0,0,0,0
506,506,*NOUSE*,*NOUSE*,0,0,0,0,0,0,0,0
507,507,*NOUSE*,*NOUSE*,0,0,0,0,0,0,0,0
508,508,*NOUSE*,*NOUSE*,0,0,0,0,0,0,0,0
509,509,*NOUSE*,*NOUSE*,0,0,0,0,0,0,0,0
510,510,*NOUSE*,*NOUSE*,0,0,0,0,0,0,0,0
511,511,*NOUSE*,*NOUSE*,0,0,0,0,0,0,0,0
512,512,*NOUSE*,*NOUSE*,0,0,0,0,0,0,0,0
513,513,*NOUSE*,*NOUSE*,0,0,0,0,0,0,0,0
514,514,*NOUSE*,*NOUSE*,0,0,0,0,0,0,0,0
515,515,*NOUSE*,*NOUSE*,0,0,0,0,0,0,0,0
516,516,*NOUSE*,*NOUSE*,0,0,0,0,0,0,0,0
517,517,*NOUSE*,*NOUSE*,0,0,0,0,0,0,0,0
518,518,*NOUSE*,*NOUSE*,0,0,0,0,0,0,0,0
519,519,*NOUSE*,*NOUSE*,0,0,0,0,0,0,0,0
520,520,*NOUSE*,*NOUSE*,0,0,0,0,0,0,0,0
521,521,*NOUSE*,*NOUSE*,0,0,0,0,0,0,0,0
522,522,*NOUSE*,*NOUSE*,0,0,0,0,0,0,0,0
523,523,*NOUSE*,*NOUSE*,0,0,0,0,0,0,0,0
524,524,*NOUSE*,*NOUSE*,0,0,0,0,0,0,0,0
525,525,*NOUSE*,*NOUSE*,0,0,0,0,0,0,0,0
526,526,*NOUSE*,*NOUSE*,0,0,0,0,0,0,0,0
527,527,*NOUSE*,*NOUSE*,0,0,0,0,0,0,0,0
528,528,*NOUSE*,*NOUSE*,0,0,0,0,0,0,0,0
529,529,*NOUSE*,*NOUSE*,0,0,0,0,0,0,0,0
530,530,*NOUSE*,*NOUSE*,0,0,0,0,0,0,0,0
531,531,*NOUSE*,*NOUSE*,0,0,0,0,0,0,0,0
532,532,*NOUSE*,*NOUSE*,0,0,0,0,0,0,0,0
533,533,*NOUSE*,*NOUSE*,0,0,0,0,0,0,0,0
534,534,*NOUSE*,*NOUSE*,0,0,0,0,0,0,0,0
535,535,*NOUSE*,*NOUSE*,0,0,0,0,0,0,0,0
536,536,*NOUSE*,*NOUSE*,0,0,0,0,0,0,0,0
537,537,*NOUSE*,*NOUSE*,0,0,0,0,0,0,0,0
538,538,*NOUSE*,*NOUSE*,0,0,0,0,0,0,0,0
539,539,*NOUSE*,*NOUSE*,0,0,0,0,0,0,0,0
540,540,*NOUSE*,*NOUSE*,0,0,0,0,0,0,0,0
541,541,*NOUSE*,*NOUSE*,0,0,0,0,0,0,0,0
542,542,*NOUSE*,*NOUSE*,0,0,0,0,0,0,0,0
543,543,*NOUSE*,*NOUSE*,0,0,0,0,0,0,0,0
544,544,*NOUSE*,*NOUSE*,0,0,0,0,0,0,0,0
545,545,*NOUSE*,*NOUSE*,0,0,0,0,0,0,0,0
546,546,*NOUSE*,*NOUSE*,0,0,0,0,0,0,0,0
547,547,*NOUSE*,*NOUSE*,0,0,0,0,0,0,0,0
548,548,*NOUSE*,*NOUSE*,0,0,0,0,0,0,0,0
549,549,*NOUSE*,*NOUSE*,0,0,0,0,0,0,0,0
550,550,*NOUSE*,*NOUSE*,0,0,0,0,0,0,0,0
551,551,*NOUSE*,*NOUSE*,0,0,0,0,0,0,0,0
552,552,*NOUSE*,*NOUSE*,0,0,0,0,0,0,0,0
553,553,*NOUSE*,*NOUSE*,0,0,0,0,0,0,0,0
554,554,*NOUSE*,*NOUSE*,0,0,0,0,0,0,0,0
555,555,*NOUSE*,*NOUSE*,0,0,0,0,0,0,0,0
556,556,*NOUSE*,*NOUSE*,0,0,0,0,0,0,0,0
557,557,*NOUSE*,*NOUSE*,0,0,0,0,0,0,0,0
558,558,*NOUSE*,*NOUSE*,0,0,0,0,0,0,0,0
559,559,*NOUSE*,*NOUSE*,0,0,0,0,0,0,0,0
560,560,*NOUSE*,*NOUSE*,0,0,0,0,0,0,0,0
561,561,*NOUSE*,*NOUSE*,0,0,0,0,0,0,0,0
562,562,*NOUSE*,*NOUSE*,0,0,0,0,0,0,0,0
563,563,*NOUSE*,*NOUSE*,0,0,0,0,0,0,0,0
564,564,*NOUSE*,*NOUSE*,0,0,0,0,0,0,0,0
565,565,*NOUSE*,*NOUSE*,0,0,0,0,0,0,0,0
566,566,*NOUSE*,*NOUSE*,0,0,0,0,0,0,0,0
567,567,*NOUSE*,*NOUSE*,0,0,0,0,0,0,0,0
568,568,*NOUSE*,*NOUSE*,0,0,0,0,0,0,0,0
569,569,*NOUSE*,*NOUSE*,0,0,0,0,0,0,0,0
570,570,*NOUSE*,*NOUSE*,0,0,0,0,0,0,0,0
571,571,*NOUSE*,*NOUSE*,0,0,0,0,0,0,0,0
572,572,*NOUSE*,*NOUSE*,0,0,0,0,0,0,0,0
573,573,*NOUSE*,*NOUSE*,0,0,0,0,0,0,0,0
574,574,*NOUSE*,*NOUSE*,0,0,0,0,0,0,0,0
575,575,*NOUSE*,*NOUSE*,0,0,0,0,0,0,0,0
576,576,*NOUSE*,*NOUSE*,0,0,0,0,0,0,0,0
577,577,*NOUSE*,*NOUSE*,0,0,0,0,0,0,0,0
578,578,*NOUSE*,*NOUSE*,0,0,0,0,0,0,0,0
579,579,*NOUSE*,*NOUSE*,0,0,0,0,0,0,0,0
580,580,*NOUSE*,*NOUSE*,0,0,0,0,0,0,0,0
581,581,*NOUSE*,*NOUSE*,0,0,0,0,0,0,0,0
582,582,*NOUSE*,*NOUSE*,0,0,0,0,0,0,0,0
583,583,*NOUSE*,*NOUSE*,0,0,0,0,0,0,0,0
584,584,*NOUSE*,*NOUSE*,0,0,0,0,0,0,0,0
585,585,*NOUSE*,*NOUSE*,0,0,0,0,0,0,0,0
586,586,*NOUSE*,*NOUSE*,0,0,0,0,0,0,0,0
587,587,DA7,*MANUAL*,66,406,41,226.00,135.81,31.21,889,120738
588,588,DB7,*MANUAL*,66,427,41,192.00,128.81,27.28,895,115281
589,589,DD5,*MANUAL*,66,448,41,204.00,114.98,42.21,1365,156949
590,590,DA6,*MANUAL*,66,515,36,209.00,126.15,36.16,895,112904
591,591,DB6,*MANUAL*,66,539,35,205.00,117.10,31.35,895,104808
592,592,DD4,*MANUAL*,67,582,35,180.00,93.49,39.07,1365,127611
593,593,DA5,*MANUAL*,65,648,27,202.00,101.76,46.97,1365,138898
594,594,DB5,*MANUAL*,65,702,32,192.00,117.81,30.87,895,105439
595,595,DD3,*MANUAL*,65,766,38,195.00,107.63,33.30,889,95681
596,596,DA4,*MANUAL*,65,782,37,172.00,100.23,28.77,895,89710
597,597,DB4,*MANUAL*,66,841,32,167.00,87.02,29.73,895,77881
598,598,DA3,*MANUAL*,67,864,30,145.00,93.28,22.92,895,83489
599,599,DD2,*MANUAL*,67,903,29,161.00,104.75,24.12,895,93754
600,600,DA2,*MANUAL*,68,940,28,161.00,93.43,25.94,895,83621
601,601,DB3,*MANUAL*,68,967,29,152.00,89.17,21.57,895,79809
602,602,INVL1,*MANUAL*,76,967,49,75.00,36.15,10.89,2103,76018
603,603,INDR1,*MANUAL*,54,968,84,75.00,33.28,13.12,4136,137652
604,604,IND2,*MANUAL*,60,919,85,78.00,31.18,12.71,2103,65581
605,605,INV2,*MANUAL*,71,907,46,65.00,31.11,10.11,2103,65416
606,606,IND3,*MANUAL*,58,854,84,56.00,21.44, 8.57,2103,45084
607,607,INV3,*MANUAL*,65,840,51,60.00,25.14, 9.40,4139,104048
608,608,IND4,*MANUAL*,65,775,89,55.00,25.62, 8.11,2969,76059
609,609,INV4,*MANUAL*,65,749,52,57.00,28.37, 8.61,2103,59653
610,610,IND5,*MANUAL*,61,701,78,74.00,27.24,11.18,2103,57289
611,611,INV5,*MANUAL*,71,659,67,72.00,30.73, 9.95,2026,62258
612,612,INV6,*MANUAL*,59,616,67,71.00,31.83,10.69,2103,66933
613,613,IND6,*MANUAL*,64,574,75,77.00,30.42,11.25,2103,63968
614,614,IND7,*MANUAL*,64,475,76,71.00,33.22,11.01,2969,98639
615,615,INV7,*MANUAL*,65,525,53,73.00,31.24,11.96,2103,65699
616,616,INV8,*MANUAL*,65,429,55,84.00,44.12,11.85,1365,60222
617,617,IND8,*MANUAL*,64,397,79,91.00,40.36,14.53,2103,84884
618,618,INV9,*MANUAL*,64,359,55,104.00,52.99,15.58,1361,72124
619,619,IND9,*MANUAL*,66,349,82,105.00,44.80,16.75,2103,94224
620,620,Z1,*MANUAL*,51,690,46,161.00,80.48,30.66,1979,159268
621,621,Z2,*MANUAL*,52,664,46,139.00,69.81,20.62,2969,207260
622,622,Z3,*MANUAL*,67,635,45,141.00,73.40,20.06,2103,154356
623,623,Z4,*MANUAL*,69,616,42,144.00,86.36,22.40,1365,117879
624,624,BDUR,*MANUAL*,44,956,62,197.00,109.58,28.42,895,98072
625,625,ALMR,*MANUAL*,44,804,90,187.00,99.98,31.21,1365,136478
626,626,CANR,*MANUAL*,43,710,63,179.00,114.07,25.22,895,102093
627,627,HSNR,*MANUAL*,46,641,48,230.00,105.01,46.32,1365,143345
628,628,BDUL,*MANUAL*,85,962,64,167.00,111.76,19.87,773,86390
629,629,ALML,*MANUAL*,82,791,91,151.00,81.37,19.87,895,72827
630,630,CANL,*MANUAL*,82,692,60,141.00,74.70,22.24,1365,101968
631,631,HSNL,*MANUAL*,81,625,46,169.00,99.51,32.27,895,89064
632,632,V1L,*MANUAL*,89,967,60,147.00,55.50,26.30,1365,75763
633,633,HYP7LC1,*MANUAL*,88,921,72,73.00,29.35,12.16,2103,61729
634,634,V2L,*MANUAL*,87,841,54,96.00,46.12,14.19,1365,62947
635,635,HYP7LC2,*MANUAL*,87,776,75,70.00,30.96,11.84,2103,65115
636,636,V3L,*MANUAL*,86,754,56,102.00,42.84,19.30,2103,90089
637,637,HYP7LC3,*MANUAL*,84,656,67,85.00,34.50,14.26,2969,102440
638,638,V4L,*MANUAL*,84,598,53,105.00,46.38,19.06,2103,97537
639,639,P7/8L,*MANUAL*,82,552,48,121.00,49.50,22.31,2103,104091
640,640,HYP7LC4,*MANUAL*,83,560,76,103.00,35.60,14.36,2103,74862
641,641,QL,*MANUAL*,83,521,56,142.00,65.22,23.12,2103,137161
642,642,V5L,*MANUAL*,81,474,59,133.00,51.11,22.76,2103,107489
643,643,HYP7LC5,*MANUAL*$317$322,81,435,75,114.00,27.42,18.52,7337,201188
644,644,V6L,*MANUAL*,81,403,60,120.00,48.60,20.47,2103,102201
645,645,P11/12L,*MANUAL*,79,344,55,155.00,60.25,23.99,1365,82247
646,646,HYP7LC6,*MANUAL*,79,325,76,97.00,41.20,17.90,2050,84460
647,647,IML,*MANUAL*,75,364,51,162.00,63.09,30.73,1365,86122
648,648,P1/2R,*MANUAL*,43,881,43,131.00,53.94,22.22,2103,113433
649,649,HYP7RC2,*MANUAL*,41,774,78,88.00,36.51,13.59,2103,76771
650,650,V3R,*MANUAL*,42,744,56,119.00,57.72,21.11,2103,121381
651,651,P5/6R,*MANUAL*,42,699,46,152.00,68.42,26.87,2103,143883
652,652,HYP7RC3,*MANUAL*$19$16,42,667,67,111.00,30.82,19.47,7711,237646
653,653,V4R,*MANUAL*,43,618,56,129.00,58.46,23.91,1365,79796
654,654,P7/8R,*MANUAL*,47,568,50,127.00,58.88,24.80,2103,123827
655,655,HYP7RC4,*MANUAL*,46,552,78,142.00,47.07,22.88,2103,98985
656,656,QR,*MANUAL*,46,537,59,144.00,66.60,23.48,2103,140067
657,657,M,*MANUAL*,52,525,73,120.00,36.59,18.19,2103,76945
658,658,V6R,*MANUAL*,47,403,64,128.00,51.93,25.02,2103,109203
659,659,P11/12R,*MANUAL*,46,324,64,137.00,60.66,29.11,1822,110528
660,660,IMR,*MANUAL*,52,365,54,154.00,79.81,24.21,1365,108940
661,661,HYP7RC6,*MANUAL*,49,300,79,91.00,32.92,16.00,1365,44940
662,662,DL2,*MANUAL*,80,1379,94,146.00,70.04,24.03,895,62687
663,663,DL4,*MANUAL*,82,1304,92,129.00,74.32,22.09,895,66520
664,664,DL5,*MANUAL*,76,1253,99,153.00,76.82,27.90,881,67681
665,665,VL1,*MANUAL*,82,1388,56,107.00,63.52,13.08,1365,86710
666,666,VL4,*MANUAL*,83,1283,44,143.00,74.04,24.80,1365,101065
667,667,VL5,*MANUAL*,77,1235,35,162.00,94.03,23.87,892,83879
668,668,VL6,*MANUAL*,85,1228,45,156.00,76.75,22.70,895,68687
669,669,DR2,*MANUAL*,51,1378,93,131.00,70.64,17.54,895,63223
670,670,DR4,*MANUAL*,44,1298,92,180.00,86.90,26.51,895,77772
671,671,DR5,*MANUAL*,44,1235,92,180.00,78.88,26.05,895,70601
672,672,DR6,*MANUAL*,49,1221,96,162.00,87.05,24.72,889,77390
673,673,VR1,*MANUAL*,44,1397,59,114.00,63.23,16.05,853,53939
674,674,VR2,*MANUAL*,47,1368,52,132.00,73.24,16.69,895,65546
675,675,VR3,*MANUAL*,48,1331,41,139.00,66.64,22.95,1365,90967
676,676,VR4,*MANUAL*,45,1285,44,145.00,80.42,20.38,895,71974
677,677,VR5,*MANUAL*,51,1237,35,155.00,78.31,27.46,895,70086
678,678,VL18,*MANUAL*,74,412,46,180.00,88.40,27.50,895,79120
679,679,VL16,*MANUAL*,74,603,41,143.00,81.31,25.79,1365,110991
680,680,VL15,*MANUAL*,71,678,36,176.00,97.56,24.67,895,87319
681,681,CCLP,*MANUAL*,75,710,37,185.00,84.07,31.19,1365,114755
682,682,CCLA,*MANUAL*,72,729,37,187.00,108.89,28.86,895,97454
683,683,VL14,*MANUAL*,75,765,43,142.00,81.95,21.71,895,73346
684,684,VL12,*MANUAL*,79,855,42,116.00,50.91,22.46,1365,69493
685,685,VL11,*MANUAL*,76,899,34,134.00,78.67,20.73,895,70411
686,686,VL10,*MANUAL*,80,983,40,109.00,63.55,17.10,1365,86746
687,687,VL9,*MANUAL*,79,1028,36,137.00,71.59,27.07,895,64069
688,688,VL8,*MANUAL*,79,1088,36,135.00,65.26,26.12,1304,85104
689,689,VL7,*MANUAL*,77,1122,34,159.00,93.53,26.16,895,83709
690,690,VR19,*MANUAL*,56,412,47,156.00,83.43,26.34,895,74670
691,691,VR14,*MANUAL*,52,763,45,158.00,79.96,22.00,895,71565
692,692,CCRP,*MANUAL*,50,903,42,152.00,91.18,24.09,895,81602
693,693,CCRA,*MANUAL*,50,934,42,163.00,99.87,20.75,887,88588
694,694,VR11,*MANUAL*,58,930,34,134.00,77.51,17.37,1365,105799
695,695,VR8,*MANUAL*,49,1084,36,136.00,80.61,16.71,895,72143
696,696,DL18,*MANUAL*,73,474,89,145.00,71.52,24.44,1365,97623
697,697,DL17,*MANUAL*$279$280,73,542,92,149.00,55.97,28.16,3356,187850
698,698,DL13,*MANUAL*,73,801,98,144.00,83.90,20.33,1365,114526
699,699,DL12,*MANUAL*$310$324,78,871,92,107.00,43.04,18.98,4384,188702
700,700,*NOUSE*,*NOUSE*,0,0,0,0,0,0,0,0
701,701,DL10,*MANUAL*,82,1018,95,124.00,57.95,19.84,1365,79100
702,702,DL9,*MANUAL*$271$290,74,1034,101,142.00,56.02,24.81,3191,178774
703,703,DL8,*MANUAL*,77,1078,103,123.00,54.51,16.25,1365,74407
704,704,DL7,*MANUAL*,71,1125,103,162.00,95.58,21.78,1365,130461
705,705,DR14,*MANUAL*,50,787,99,162.00,67.46,28.68,1365,92085
706,706,DR13,*MANUAL*$126$118,54,867,98,128.00,53.53,26.13,4477,239659
707,707,DR12,*MANUAL*,50,904,93,174.00,65.98,31.14,1365,90056
708,708,DR11,*MANUAL*,55,967,100,159.00,60.06,32.42,2103,126298
709,709,DR10,*MANUAL*,51,1030,93,166.00,85.42,24.17,1365,116598
710,710,DR8,*MANUAL*,53,1100,103,167.00,99.97,25.62,1365,136461
711,711,HMC,*MANUAL*,65,1110,101,125.00,52.45,23.76,1365,71591
712,712,TL,*MANUAL*,69,194,69,121.00,60.09,22.63,1365,82018
713,713,PLML,*MANUAL*,68,211,60,157.00,87.49,26.74,895,78305
714,714,PHSHL,*MANUAL*,70,226,65,171.00,106.97,22.54,895,95735
715,715,ALNL,*MANUAL*,72,239,72,193.00,127.25,24.19,823,104727
716,716,PVCL,*MANUAL*,73,250,61,160.00,110.58,20.76,894,98857
717,717,LUAL,*MANUAL*,75,257,71,231.00,125.70,36.24,863,108476
718,718,PHBL,*MANUAL*,75,270,65,171.00,119.24,19.44,873,104099
719,719,PHAL,*MANUAL*,73,271,55,169.00,104.38,27.05,895,93419
720,720,PVQL,*MANUAL*,75,289,59,159.00,94.59,22.31,895,84655
721,721,REPVL,*MANUAL*,75,310,63,164.00,87.30,31.53,1365,119160
722,722,SPH,*MANUAL*,73,326,63,194.00,104.48,34.76,895,93507
723,723,K,*MANUAL*,73,284,73,169.00,97.69,28.27,895,87436
724,724,TR,*MANUAL*,57,203,74,160.00,67.50,21.95,1337,90250
725,725,PLMR,*MANUAL*,57,202,63,184.00,96.90,24.74,895,86727
726,726,PHSHR,*MANUAL*,57,222,66,192.00,106.88,25.98,895,95659
727,727,ALNR,*MANUAL*,58,229,78,184.00,120.85,23.23,895,108158
728,728,PVCR,*MANUAL*,54,244,67,177.00,113.87,23.06,895,101913
729,729,LUAR,*MANUAL*,54,253,76,227.00,133.35,39.11,895,119352
730,730,PHBR,*MANUAL*,52,266,68,184.00,110.01,26.21,895,98457
731,731,PHAR,*MANUAL*,53,267,55,179.00,112.23,31.48,895,100449
732,732,PVQR,*MANUAL*,51,282,62,176.00,117.78,25.84,895,105410
733,733,K',*MANUAL*,59,285,74,196.00,129.75,27.42,869,112756
734,734,DR21,*MANUAL*,59,280,83,160.00,77.49,30.01,895,69354
735,735,REPD,*MANUAL*,66,291,79,213.00,117.55,25.24,895,105204
736,736,F,*MANUAL*,65,277,66,193.00,131.41,18.71,895,117609
737,737,B,*MANUAL*,65,257,54,131.00,72.41,20.83,1365,98843
738,738,DVA,*MANUAL*,65,261,74,176.00,100.31,23.06,1365,136923
739,739,DEP,*MANUAL*,65,243,77,179.00,115.26,21.11,895,103156
740,740,DVC,*MANUAL*,65,237,64,168.00,108.82,18.29,895,97395
741,741,DL21,*MANUAL*,66,215,78,131.00,77.02,20.93,1365,105134
742,742,VL19,*MANUAL*,68,236,50,132.00,76.50,20.25,895,68465
743,743,VR20,*MANUAL*,57,233,54,146.00,85.85,20.64,895,76839
744,744,PVR,*MANUAL*,61,177,69,125.00,85.14,17.81,895,76203
745,745,HYP71,*MANUAL*,61,183,53,133.00,76.46,20.90,895,68432
746,746,HYP72,*MANUAL*,61,162,56,145.00,78.98,19.32,895,70684
747,747,HYP8,*MANUAL*,63,133,59,157.00,92.39,23.02,799,73818
748,748,HYP9,*MANUAL*,63,104,60,132.00,65.37,23.11,895,58503
749,749,HYP101,*MANUAL*,63,92,67,134.00,73.65,20.98,895,65920
750,750,HYP102,*MANUAL*,66,64,69,123.00,53.62,24.97,895,47994
751,751,HYP11,*MANUAL*,66,130,66,142.00,65.61,26.27,895,58722
752,752,YPDA,*MANUAL*,63,289,43,153.00,70.17,32.36,1365,95786
753,753,U,*MANUAL*,66,301,58,179.00,106.81,24.35,887,94737
754,754,DD6,*MANUAL*,64,318,57,228.00,142.33,35.29,839,119412
755,755,DA8,*MANUAL*,67,312,50,185.00,117.01,23.24,895,104721
756,756,PVPL,*MANUAL*,67,330,50,209.00,123.10,26.87,895,110171
757,757,DA9,*MANUAL*,57,305,53,183.00,113.66,21.76,895,101728
758,758,PVPR,*MANUAL*,52,321,58,193.00,131.63,24.38,895,117806
759,759,PVT,*MANUAL*,59,339,50,171.00,105.81,24.65,895,94699
760,760,VIRR,*MANUAL*,57,317,78,154.00,81.21,33.20,895,72686
761,761,VIRL,*MANUAL*,70,319,76,156.00,100.12,23.63,895,89605
762,762,VPI3D,*MANUAL*,67,1012,75,157.00,94.48,30.54,895,84560
763,763,VPI3V,*MANUAL*,70,1016,45,175.00,89.92,34.60,886,79666
764,764,VPI1,*MANUAL*,66,1021,83,147.00,94.13,24.17,895,84247
765,765,VPI2V,*MANUAL*,66,1025,43,192.00,128.97,22.93,891,114916
766,766,VPI2DL,*MANUAL*,81,1024,71,159.00,96.18,22.27,837,80501
767,767,VPI2DR,*MANUAL*,54,1021,68,154.00,97.16,24.91,895,86956
768,768,PM8,*MANUAL*,67,1032,52,150.00,97.69,23.02,895,87433
769,769,G1P,*MANUAL*,57,1038,81,130.00,91.39,16.32,895,81794
770,770,G2L,*MANUAL*,75,1041,45,182.00,104.61,32.25,895,93624
771,771,G2R,*MANUAL*,56,1041,50,189.00,119.76,27.79,895,107181
772,772,M5,*MANUAL*,77,1048,79,183.00,105.56,24.03,895,94478
773,773,PM7D,*MANUAL*,68,1056,92,147.00,83.27,19.69,895,74527
774,774,MC3V,*MANUAL*,63,1056,45,164.00,91.97,25.72,895,82316
775,775,PM7VL,*MANUAL*,77,1057,54,160.00,85.26,19.69,895,76310
776,776,PM7VR,*MANUAL*,49,1054,58,183.00,105.64,22.32,895,94544
777,777,MC3DR,*MANUAL*,51,1055,79,147.00,87.37,22.62,895,78193
778,778,MC3DL,*MANUAL*,82,1055,70,140.00,81.66,21.80,895,73082
779,779,I6,*MANUAL*,77,1079,83,175.00,119.75,23.15,895,107179
780,780,PM6D,*MANUAL*,66,1079,89,157.00,114.06,16.66,885,100947
781,781,M1,*MANUAL*,56,1075,90,200.00,128.54,22.53,895,115046
782,782,PM6VL,*MANUAL*,75,1082,55,144.00,86.65,18.08,895,77555
783,783,PM6VR,*MANUAL*,52,1081,63,162.00,103.44,19.64,895,92581
784,784,I4,*MANUAL*,66,1097,91,199.00,127.82,29.67,895,114398
785,785,I5,*MANUAL*,63,1086,48,166.00,110.75,22.19,895,99120
786,786,G1AR,*MANUAL*,50,1090,80,184.00,105.46,25.94,1365,143953
787,787,G1AL,*MANUAL*,75,1092,74,160.00,84.70,22.02,1365,115611
788,788,M2L,*MANUAL*,75,1098,59,218.00,136.84,29.76,895,122470
789,789,M2R,*MANUAL*,50,1096,63,229.00,141.96,36.02,889,126198
790,790,PM5VL,*MANUAL*,65,1102,54,201.00,132.54,23.44,797,105635
791,791,PM5VR,*MANUAL*,57,1102,57,201.00,132.34,26.38,895,118448
792,792,PM5L,*MANUAL*,73,1110,68,178.00,117.67,22.20,785,92369
793,793,PM5R,*MANUAL*,52,1108,73,206.00,126.12,30.48,895,112880
794,794,PM5DL,*MANUAL*,71,1110,84,172.00,114.79,19.51,895,102738
795,795,PM5DR,*MANUAL*,58,1108,86,181.00,114.32,21.80,895,102313
796,796,MC2V,*MANUAL*,62,1128,59,146.00,96.75,17.58,895,86591
797,797,MC2DR,*MANUAL*,57,1129,76,172.00,113.90,23.01,852,97045
798,798,MC2DL,*MANUAL*,70,1135,74,151.00,87.52,16.47,895,78333
799,799,M4,*MANUAL*,63,1263,84,214.00,132.22,26.41,895,118340
800,800,M3L,*MANUAL*,70,1263,65,240.00,136.02,29.35,881,119836
801,801,M3R,*MANUAL*,53,1263,66,233.00,144.86,29.79,880,127480
802,802,I3,*MANUAL*,61,1290,88,212.00,136.18,29.14,895,121879
803,803,NSML,*MANUAL*,74,1287,60,202.00,123.28,27.38,895,110333
804,804,NSMR,*MANUAL*,50,1293,61,210.00,149.28,24.34,895,133607
805,805,PM4VL,*MANUAL*,69,1299,52,178.00,101.28,22.93,828,83862
806,806,PM4VR,*MANUAL*,56,1300,53,161.00,99.51,24.88,895,89062
807,807,PM4R,*MANUAL*,48,1306,70,229.00,118.87,38.82,895,106387
808,808,PM4L,*MANUAL*,78,1302,73,180.00,107.65,24.80,895,96349
809,809,MI,*MANUAL*,62,1304,90,218.00,150.91,25.97,799,120578
810,810,PM4DL,*MANUAL*,71,1305,88,188.00,120.36,27.41,895,107723
811,811,PM4DR,*MANUAL*,53,1304,86,204.00,126.70,27.03,895,113395
812,812,MCR,*MANUAL*,55,1313,63,244.00,137.82,49.24,839,115628
813,813,I2R,*MANUAL*,47,1313,58,251.00,176.61,42.12,895,158069
814,814,MCL,*MANUAL*,72,1309,64,217.00,137.26,31.77,895,122850
815,815,I2L,*MANUAL*,77,1301,56,215.00,143.26,28.35,895,128218
816,816,MC1V,*MANUAL*,64,1320,51,166.00,110.03,24.19,818,90008
817,817,PM1VL,*MANUAL*,72,1320,55,221.00,140.69,27.84,895,125917
818,818,PM1VR,*MANUAL*,54,1327,56,243.00,132.34,37.50,895,118440
819,819,PM1L,*MANUAL*,77,1326,72,206.00,115.32,39.47,895,103213
820,820,PM1R,*MANUAL*,48,1332,71,228.00,135.70,38.66,895,121453
821,821,MC1DL,*MANUAL*,76,1327,83,170.00,118.82,19.06,757,89948
822,822,MC1DR,*MANUAL*,51,1324,81,188.00,131.85,17.98,843,111153
823,823,PM1DR,*MANUAL*,59,1325,86,244.00,166.77,41.24,839,139924
824,824,PM1DL,*MANUAL*,65,1320,89,235.00,135.05,50.64,895,120871
825,825,I1L,*MANUAL*,73,1338,63,167.00,107.53,20.84,895,96237
826,826,I1R,*MANUAL*,52,1342,63,208.00,132.91,30.90,889,118158
827,827,E3D,*MANUAL*,65,1346,91,139.00,63.25,26.95,895,56609
828,828,PM3L,*MANUAL*,74,1353,71,119.00,74.17,14.74,895,66380
829,829,PM3R,*MANUAL*,50,1361,74,140.00,80.72,29.62,839,67721
830,830,E3VR,*MANUAL*,50,1366,66,173.00,114.32,27.69,876,100142
831,831,E3VL,*MANUAL*,75,1366,65,148.00,86.57,25.67,895,77482
832,832,PM3DR,*MANUAL*,61,1372,88,107.00,64.45,16.78,895,57680
833,833,PM3DL,*MANUAL*,72,1386,88,140.00,74.11,16.30,869,64398
834,834,E1D,*MANUAL*,65,1393,91,169.00,93.29,24.98,895,83496
835,835,PM3VR,*MANUAL*,57,1388,64,190.00,75.66,26.57,889,67260
836,836,PM3VL,*MANUAL*,70,1389,62,155.00,81.54,25.39,839,68409
837,837,E1VL,*MANUAL*,75,1397,62,185.00,103.21,25.40,895,92375
838,838,E1VR,*MANUAL*,51,1397,66,192.00,114.49,34.83,895,102473
839,839,PM2D2,*MANUAL*,65,1410,88,164.00,91.17,26.89,879,80140
840,840,PM2D1,*MANUAL*,65,1425,88,148.00,83.15,22.37,895,74416
841,841,E2D,*MANUAL*,65,1453,86,108.00,59.41,16.88,895,53176
842,842,E2VL,*MANUAL*,74,1457,55,104.00,57.06,18.54,895,51066
843,843,PM2VL1,*MANUAL*,74,1429,60,172.00,82.53,26.77,895,73864
844,844,*NOUSE*,*NOUSE*,0,0,0,0,0,0,0,0
845,845,E2VR,*MANUAL*,54,1461,63,113.00,54.50,24.84,895,48777
846,846,PM2VR1,*MANUAL*,54,1433,66,192.00,88.41,30.08,895,79125
847,847,PM2VR2,*MANUAL*,54,1420,65,151.00,86.16,28.21,895,77112
848,848,HYP7ABLV,*MANUAL*,90,1001,62,67.00,28.69,11.65,2103,60325
849,849,HYP7ABLD,*MANUAL*,90,1021,67,132.00,48.61,20.20,2103,102217
850,850,H2L,*MANUAL*,93,1078,67,106.00,43.02,15.18,2103,90472
851,851,AMSHL,*MANUAL*,88,1084,86,135.00,54.14,19.13,1365,73898
852,852,HYP7ABR3,*MANUAL*,41,991,69,105.00,50.47,16.98,2097,105829
853,853,HYP7ABRV,*MANUAL*,40,1004,61,101.00,41.91,14.70,2103,88131
854,854,HYP7ABRD,*MANUAL*,40,1028,67,107.00,55.45,18.03,2103,116608
855,855,H2R,*MANUAL*,34,1083,69,133.00,61.36,22.46,2103,129034
856,856,AMSHR,*MANUAL*,38,1095,85,136.00,65.41,24.77,1365,89289
857,857,ADESHL,*MANUAL*,89,1037,69,169.00,92.91,31.12,895,83152
858,858,RMGL,*MANUAL*,90,1053,52,143.00,88.34,25.99,895,79064
859,859,ADAL,*MANUAL*,88,1079,51,174.00,102.96,22.84,895,92146
860,860,ADEL,*MANUAL*,85,1094,58,185.00,106.91,33.66,895,95687
861,861,AINL,*MANUAL*,88,1105,75,154.00,93.72,25.37,895,83882
862,862,AVJL,*MANUAL*,86,1117,86,194.00,109.24,28.21,893,97548
863,863,FLPL,*MANUAL*,88,1107,60,177.00,108.82,21.14,895,97390
864,864,RICL,*MANUAL*,88,1121,60,183.00,122.02,19.61,889,108477
865,865,AVDL,*MANUAL*,88,1122,74,170.00,117.33,21.17,895,105014
866,866,ASJL,*MANUAL*,88,1141,63,122.00,87.46,14.36,895,78276
867,867,ASEL,*MANUAL*,88,1140,79,141.00,89.60,17.56,895,80188
868,868,ASHL,*MANUAL*,88,1160,76,135.00,86.51,16.34,895,77424
869,869,AUAL,*MANUAL*,88,1158,60,170.00,105.60,24.35,895,94509
870,870,AWCL,*MANUAL*,89,1178,63,143.00,94.13,17.88,894,84155
871,871,SIBDL,*MANUAL*,88,1194,59,187.00,111.63,31.46,895,99908
872,872,RMDL,*MANUAL*,85,1211,60,174.00,103.00,29.93,895,92189
873,873,AFDL,*MANUAL*,87,1183,78,139.00,88.25,23.15,895,78982
874,874,AVAL,*MANUAL*,88,1200,72,170.00,113.91,21.49,893,101718
875,875,RMDVL,*MANUAL*,88,1220,75,152.00,94.50,20.57,895,84581
876,876,SMDVL,*MANUAL*,85,1198,86,154.00,95.19,27.64,895,85198
877,877,AVHL,*MANUAL*,83,1132,94,195.00,110.81,31.88,895,99173
878,878,ASGL,*MANUAL*,81,1147,91,167.00,110.07,24.36,895,98515
879,879,AWBL,*MANUAL*,85,1165,90,168.00,107.14,26.73,895,95888
880,880,ADFL,*MANUAL*,80,1173,81,145.00,98.24,17.26,895,87921
881,881,ADESHR,*MANUAL*,39,1047,56,206.00,113.62,30.96,895,101686
882,882,RMGR,*MANUAL*,39,1086,54,193.00,120.82,21.62,895,108131
883,883,ADAR,*MANUAL*,36,1100,55,212.00,135.23,26.63,895,121034
884,884,ADER,*MANUAL*,39,1103,67,236.00,146.50,30.08,895,131120
885,885,AINR,*MANUAL*,38,1111,78,201.00,131.84,22.93,895,117999
886,886,AVJR,*MANUAL*,39,1123,86,219.00,142.98,31.82,891,127391
887,887,FLPR,*MANUAL*,38,1117,60,224.00,149.06,26.82,895,133409
888,888,RICR,*MANUAL*,38,1132,60,215.00,141.15,24.53,895,126325
889,889,AVDR,*MANUAL*,37,1128,76,212.00,151.31,24.04,895,135424
890,890,ASJR,*MANUAL*,37,1149,61,173.00,107.59,18.46,895,96297
891,891,ASER,*MANUAL*,37,1148,80,181.00,93.60,21.00,895,83768
892,892,ASHR,*MANUAL*,37,1167,72,195.00,111.23,22.71,895,99551
893,893,AUAR,*MANUAL*,37,1164,55,221.00,132.47,24.63,895,118560
894,894,AWCR,*MANUAL*,35,1182,61,179.00,115.85,19.77,852,98701
895,895,SIBDR,*MANUAL*,37,1197,57,215.00,130.65,40.75,895,116934
896,896,RMDR,*MANUAL*,40,1210,56,206.00,123.38,34.17,895,110427
897,897,AFDR,*MANUAL*,39,1186,69,195.00,129.35,29.02,895,115765
898,898,AVAR,*MANUAL*,39,1207,73,223.00,141.57,29.31,881,124719
899,899,RMDVR,*MANUAL*,39,1224,74,226.00,127.84,26.48,895,114414
900,900,SMDVR,*MANUAL*,41,1196,83,237.00,115.59,37.26,892,103109
901,901,AVHR,*MANUAL*,42,1136,93,206.00,132.41,33.32,895,118508
902,902,ASGR,*MANUAL*,46,1150,91,210.00,134.99,26.63,895,120814
903,903,AWBR,*MANUAL*,43,1164,90,226.00,136.86,27.45,886,121262
904,904,ADFR,*MANUAL*,42,1177,83,191.00,112.10,25.29,895,100332
905,905,RID,*MANUAL*,62,1228,104,182.00,98.06,22.27,895,87762
906,906,ALA,*MANUAL*,65,1209,101,183.00,116.71,23.93,895,104458
907,907,CEPDL,*MANUAL*,77,1210,96,197.00,129.27,23.43,832,107556
908,908,CEPDR,*MANUAL*,50,1205,88,228.00,156.80,26.60,889,139393
909,909,GLRDL,*MANUAL*,73,1216,90,191.00,119.02,24.20,895,106523
910,910,GLRDR,*MANUAL*,55,1215,89,230.00,129.96,35.65,895,116316
911,911,URXL,*MANUAL*,72,1196,98,153.00,99.32,28.04,895,88894
912,912,URXR,*MANUAL*,60,1192,97,191.00,122.52,23.48,895,109651
913,913,ASKL,*MANUAL*,71,1175,97,155.00,99.44,19.15,895,88999
914,914,ASKR,*MANUAL*,52,1177,95,181.00,98.49,25.36,1365,134435
915,915,ADLL,*MANUAL*,69,1155,96,154.00,103.48,17.26,883,91376
916,916,ADLR,*MANUAL*,60,1161,96,154.00,98.85,21.22,895,88475
917,917,ASIL,*MANUAL*,69,1136,90,162.00,116.24,19.34,895,104036
918,918,ASIR,*MANUAL*,58,1140,91,191.00,126.87,21.24,895,113545
919,919,RIVL,*MANUAL*,77,1118,92,202.00,127.84,24.49,895,114420
920,920,RIVR,*MANUAL*,52,1122,90,231.00,149.47,29.95,895,133775
921,921,AWAL,*MANUAL*,77,1157,83,179.00,109.58,18.26,895,98074
922,922,AVBL,*MANUAL*,77,1127,79,177.00,120.71,18.20,895,108032
923,923,AWAR,*MANUAL*,51,1164,82,206.00,133.53,28.27,895,119507
924,924,AVBR,*MANUAL*,49,1133,80,206.00,145.70,23.99,895,130402
925,925,AVEL,*MANUAL*,79,1195,67,196.00,131.58,22.44,895,117766
926,926,AIBL,*MANUAL*,79,1172,65,170.00,104.61,23.68,895,93623
927,927,RIBL,*MANUAL*,79,1146,72,172.00,114.93,24.15,895,102861
928,928,RIML,*MANUAL*,79,1131,64,159.00,111.49,19.64,895,99788
929,929,AIZL,*MANUAL*,80,1115,65,187.00,127.22,25.37,895,113866
930,930,AVER,*MANUAL*,50,1196,65,220.00,154.52,23.12,895,138295
931,931,AIBR,*MANUAL*,50,1175,69,181.00,115.78,22.37,777,89959
932,932,RIBR,*MANUAL*,50,1154,69,203.00,118.72,30.63,895,106257
933,933,RIMR,*MANUAL*,49,1140,63,221.00,109.77,35.76,895,98240
934,934,AIZR,*MANUAL*,46,1122,67,223.00,132.29,32.95,895,118404
935,935,GLRR,*MANUAL*,56,1206,65,232.00,140.77,36.68,813,114450
936,936,GLRVR,*MANUAL*,59,1211,58,231.00,157.64,39.74,831,130998
937,937,GLRVL,*MANUAL*,67,1209,58,233.00,167.23,31.02,751,125588
938,938,GLRL,*MANUAL*,74,1205,61,237.00,167.46,27.76,895,149875
939,939,G1,*MANUAL*,65,1189,28,148.00,92.08,20.89,895,82413
940,940,W,*MANUAL*,66,1140,30,155.00,94.15,20.33,895,84264
941,941,RIH,*MANUAL*,65,1194,51,226.00,167.19,21.69,787,131576
942,942,SAADL,*MANUAL*,73,1196,46,219.00,146.50,28.38,860,125988
943,943,SAADR,*MANUAL*,56,1195,49,237.00,171.80,26.03,861,147916
944,944,RMDDR,*MANUAL*,50,1202,41,182.00,112.88,25.05,895,101031
945,945,RMDDL,*MANUAL*,79,1204,45,194.00,118.20,28.39,895,105789
946,946,SMDDL,*MANUAL*,79,1188,40,179.00,113.19,20.92,895,101303
947,947,SMDDR,*MANUAL*,48,1182,39,197.00,119.21,27.71,895,106690
948,948,SMBVL,*MANUAL*,71,1180,46,207.00,143.64,23.03,872,125258
949,949,SMBVR,*MANUAL*,61,1178,46,207.00,152.86,18.81,889,135894
950,950,RIR,*MANUAL*,55,1181,55,211.00,140.81,24.64,858,120818
951,951,AVL,*MANUAL*,50,1171,54,191.00,127.31,20.93,895,113945
952,952,SIBVR,*MANUAL*,49,1189,53,237.00,165.16,23.60,895,147818
953,953,SIBVL,*MANUAL*,79,1186,54,196.00,132.51,26.78,895,118599
954,954,SMBDL,*MANUAL*,79,1173,39,173.00,113.03,26.18,895,101161
955,955,SMBDR,*MANUAL*,55,1168,42,223.00,143.87,26.01,870,125171
956,956,SIADL,*MANUAL*,82,1166,52,215.00,125.20,31.06,895,112053
957,957,SIADR,*MANUAL*,46,1157,44,220.00,141.45,27.03,893,126319
958,958,AIAR,*MANUAL*,61,1162,48,223.00,162.45,22.36,831,134994
959,959,AIAL,*MANUAL*,70,1164,48,231.00,164.63,25.03,895,147345
960,960,SIAVR,*MANUAL*,53,1151,51,219.00,140.33,25.81,895,125591
961,961,SIAVL,*MANUAL*,81,1153,41,162.00,98.34,25.10,895,88016
962,962,EXC DUCT,*MANUAL*,77,1149,54,176.00,90.75,27.96,895,81224
963,963,EXC,*MANUAL*,69,1136,44,104.00,54.29,13.26,1365,74111
964,964,AIML,*MANUAL*,71,1120,46,206.00,133.82,28.49,872,116689
965,965,AIYL,*MANUAL*,81,1118,46,211.00,126.93,34.30,895,113599
966,966,AVKL,*MANUAL*,77,1106,43,157.00,101.44,23.60,895,90793
967,967,EXC GL L,*MANUAL*,80,1069,39,167.00,98.92,24.37,895,88531
968,968,AIMR,*MANUAL*,58,1126,47,215.00,150.69,25.25,885,133362
969,969,AIYR,*MANUAL*,48,1130,46,201.00,123.63,31.73,895,110649
970,970,RIS,*MANUAL*,51,1118,44,193.00,114.88,21.76,895,102816
971,971,AVKR,*MANUAL*,47,1104,50,212.00,125.22,24.81,895,112075
972,972,EXC GL R,*MANUAL*,44,1069,45,148.00,84.27,25.25,1365,115034
973,973,DB2,*MANUAL*,67,1122,25,167.00,109.37,26.00,895,97888
974,974,SABVL,*MANUAL*,68,1108,30,215.00,135.49,30.50,843,114222
975,975,SABVR,*MANUAL*,60,1110,32,222.00,130.32,38.38,895,116637
976,976,RIFL,*MANUAL*,72,1095,33,201.00,122.61,35.32,895,109739
977,977,RIFR,*MANUAL*,57,1098,35,213.00,124.06,27.44,895,111030
978,978,AVG,*MANUAL*,62,1084,29,160.00,102.16,23.91,895,91434
979,979,RIGL,*MANUAL*,71,1076,31,175.00,124.35,21.33,895,111291
980,980,SABD,*MANUAL*,59,1071,33,155.00,105.66,19.80,895,94567
981,981,DD1,*MANUAL*,68,1062,32,175.00,101.95,23.39,895,91248
982,982,DB1,*MANUAL*,66,1051,28,171.00,102.87,21.72,895,92065
983,983,RIGR,*MANUAL*,66,1031,30,155.00,102.19,17.54,895,91458
984,984,DA1,*MANUAL*,66,1013,29,158.00,98.21,20.81,895,87900
985,985,H1L,*MANUAL*,91,1235,71,104.00,57.80,15.49,1365,78898
986,986,BAGL,*MANUAL*,88,1248,63,162.00,89.54,30.24,895,80141
987,987,URBL,*MANUAL*,90,1275,71,214.00,128.17,29.56,873,111895
988,988,IL2L,*MANUAL*,90,1298,73,146.00,108.01,17.22,895,96670
989,989,IL1L,*MANUAL*,84,1278,62,225.00,143.24,24.17,895,128201
990,990,URYVL,*MANUAL*,85,1265,59,188.00,130.48,22.26,893,116515
991,991,OLQVL,*MANUAL*,78,1253,56,214.00,141.74,25.43,818,115943
992,992,RMEL,*MANUAL*,81,1244,72,187.00,115.85,25.65,886,102641
993,993,CEPSHDL,*MANUAL*,82,1236,80,149.00,69.26,26.78,895,61989
994,994,CEPSHVL,*MANUAL*,81,1237,54,207.00,100.19,35.99,895,89674
995,995,URYDL,*MANUAL*,84,1260,81,211.00,118.61,24.63,895,106158
996,996,URADL,*MANUAL*,82,1273,84,222.00,114.13,36.08,882,100664
997,997,RMED,*MANUAL*,64,1248,99,220.00,138.46,29.71,843,116721
998,998,OLQDR,*MANUAL*,55,1250,97,216.00,146.97,27.68,895,131537
999,999,OLQDL,*MANUAL*,75,1256,89,180.00,123.26,23.87,895,110321
1000,1000,H1R,*MANUAL*,35,1231,63,151.00,68.11,19.43,1365,92965
1001,1001,BAGR,*MANUAL*,37,1253,58,195.00,124.16,30.74,881,109389
1002,1002,URBR,*MANUAL*,37,1274,72,213.00,146.17,30.71,864,126293
1003,1003,IL2R,*MANUAL*,35,1296,70,177.00,111.85,22.67,892,99770
1004,1004,IL1R,*MANUAL*,39,1284,61,214.00,146.02,25.59,895,130684
1005,1005,URYVR,*MANUAL*,39,1271,60,233.00,151.88,32.76,895,135930
1006,1006,OLQVR,*MANUAL*,46,1258,55,226.00,145.31,24.84,895,130050
1007,1007,RMER,*MANUAL*,45,1245,70,219.00,117.18,29.88,895,104877
1008,1008,CEPSHDR,*MANUAL*,44,1244,82,193.00,92.96,39.35,895,83195
1009,1009,CEPSHVR,*MANUAL*,45,1235,54,208.00,107.02,34.33,895,95786
1010,1010,RIPR,*MANUAL*,45,1259,72,202.00,133.97,25.35,895,119901
1011,1011,OLLR,*MANUAL*,45,1272,78,206.00,133.88,26.33,895,119822
1012,1012,URYDR,*MANUAL*,47,1259,88,232.00,146.17,26.11,895,130820
1013,1013,URADR,*MANUAL*,47,1272,91,227.00,142.41,28.57,895,127458
1014,1014,IL1DR,*MANUAL*,57,1264,96,208.00,140.83,27.27,882,124216
1015,1015,IL1DL,*MANUAL*,73,1269,88,212.00,133.22,22.76,895,119231
1016,1016,RIPL,*MANUAL*,79,1260,70,209.00,128.68,27.46,895,115170
1017,1017,OLLL,*MANUAL*,81,1276,74,178.00,112.81,29.68,895,100965
1018,1018,IL2DL,*MANUAL*,77,1288,94,169.00,99.16,21.30,895,88744
1019,1019,CEPSODL,*MANUAL*,82,1291,81,172.00,106.12,23.85,895,94974
1020,1020,IL2DR,*MANUAL*,50,1285,94,176.00,109.99,31.44,895,98441
1021,1021,CEPSODR,*MANUAL*,43,1289,80,248.00,148.75,37.57,895,133133
1022,1022,RMEV,*MANUAL*,64,1226,37,185.00,115.79,20.86,895,103630
1023,1023,CEPVL,*MANUAL*,68,1241,45,233.00,169.21,23.05,861,145687
1024,1024,CEPVR,*MANUAL*,59,1237,44,232.00,165.34,27.31,895,147982
1025,1025,URAVL,*MANUAL*,74,1253,48,229.00,161.67,28.50,895,144699
1026,1026,URAVR,*MANUAL*,51,1248,49,238.00,168.60,29.68,875,147527
1027,1027,IL1VR,*MANUAL*,60,1253,51,244.00,164.59,30.11,885,145663
1028,1028,IL1VL,*MANUAL*,66,1262,49,231.00,162.58,26.27,895,145510
1029,1029,IL2VL,*MANUAL*,72,1271,43,217.00,130.27,31.47,891,116074
1030,1030,CEPSOVL,*MANUAL*,79,1272,52,235.00,155.78,27.90,895,139424
1031,1031,IL2VR,*MANUAL*,54,1267,48,224.00,154.19,31.09,806,124279
1032,1032,CEPSOVR,*MANUAL*,48,1273,50,214.00,140.31,27.52,895,125573
1033,1033,XXXL,*MANUAL*,90,1288,63,226.00,120.74,36.21,895,108065
1034,1034,OLLSHL,*MANUAL*,90,1320,70,191.00,121.89,29.90,853,103975
1035,1035,OLQSHDL,*MANUAL*,90,1315,81,194.00,124.14,29.67,801,99438
1036,1036,OLQSHVL,*MANUAL*,89,1306,63,196.00,124.66,30.21,895,111570
1037,1037,ILSHL,*MANUAL*,88,1323,62,218.00,136.02,35.25,803,109225
1038,1038,OLLSOL,*MANUAL*,83,1310,81,225.00,128.63,32.89,895,115120
1039,1039,ILSHDL,*MANUAL*,83,1329,86,181.00,88.61,34.50,895,79307
1040,1040,HYP1L,*MANUAL*,84,1341,83,182.00,104.52,27.90,895,93545
1041,1041,ARCPDL,*MANUAL*,82,1353,84,141.00,81.54,22.81,895,72976
1042,1042,AMSOL,*MANUAL*,83,1367,83,140.00,84.23,17.63,895,75382
1043,1043,HYP2L,*MANUAL*,87,1381,72,138.00,76.49,24.09,1365,104410
1044,1044,ARCADL,*MANUAL*,86,1403,68,151.00,93.62,23.03,895,83788
1045,1045,OLQSOVL,*MANUAL*,83,1327,55,226.00,134.93,32.75,895,120760
1046,1046,ILSOL,*MANUAL*,85,1345,63,207.00,116.90,31.69,789,92231
1047,1047,ARCPVL,*MANUAL*,85,1368,65,172.00,106.93,31.65,895,95703
1048,1048,OLLSHR,*MANUAL*,35,1318,64,230.00,142.05,41.70,895,127132
1049,1049,OLQSHDR,*MANUAL*,36,1322,80,224.00,134.15,38.19,895,120064
1050,1050,XXXR,*MANUAL*,39,1300,60,219.00,143.15,31.82,895,128119
1051,1051,OLLSOR,*MANUAL*,40,1306,80,226.00,133.49,37.60,895,119470
1052,1052,ILSHDR,*MANUAL*,43,1332,84,241.00,150.27,35.86,895,134490
1053,1053,HYP1R,*MANUAL*,43,1343,82,216.00,125.66,30.44,849,106685
1054,1054,ARCPDR,*MANUAL*,45,1357,84,196.00,119.33,34.04,879,104891
1055,1055,AMSOR,*MANUAL*,43,1374,83,159.00,109.41,24.85,895,97918
1056,1056,ARCADR,*MANUAL*,41,1392,78,162.00,85.07,27.96,892,75878
1057,1057,ARCPVR,*MANUAL*,41,1386,69,200.00,124.07,21.76,895,111044
1058,1058,ILSOR,*MANUAL*,40,1368,68,207.00,132.70,34.37,895,118767
1059,1059,OLQSOVR,*MANUAL*,37,1356,63,206.00,132.80,28.45,895,118857
1060,1060,ILSHR,*MANUAL*,44,1348,58,219.00,131.14,36.35,895,117367
1061,1061,OLQSHVR,*MANUAL*,39,1330,58,199.00,123.49,29.24,895,110521
1062,1062,HYP4D,*MANUAL*,65,1501,83,82.00,34.93,15.75,1365,47674
1063,1063,ARCAV,*MANUAL*,65,1447,44,138.00,68.45,19.29,895,61263
1064,1064,ARCPV,*MANUAL*,65,1404,39,150.00,92.39,20.62,889,82137
1065,1065,ILSOVL,*MANUAL*,66,1380,46,193.00,127.87,23.44,839,107283
1066,1066,ILSHVL,*MANUAL*,67,1364,46,195.00,131.37,31.11,875,114950
1067,1067,HYP2V,*MANUAL*,56,1436,46,134.00,59.94,21.31,1365,81813
1068,1068,HYP1V,*MANUAL*,57,1398,42,161.00,88.78,28.30,895,79462
1069,1069,ILSOVR,*MANUAL*,58,1375,46,195.00,135.79,26.64,895,121532
1070,1070,ILSHVR,*MANUAL*,58,1359,48,205.00,117.65,32.38,895,105295
1071,1071,HYP7V1,*MANUAL*,66,1258,31,157.00,77.94,22.19,895,69757
1072,1072,HYP7V2,*MANUAL*,66,1239,31,146.00,79.04,16.70,1365,107895
1073,1073,HYP31,*MANUAL*,66,1438,98,143.00,84.93,20.78,895,76011
1074,1074,HYP32,*MANUAL*,68,1421,98,154.00,81.91,29.43,895,73308
1075,1075,ARCPD,*MANUAL*,62,1409,98,168.00,87.95,31.84,895,78715
1076,1076,ILSODR,*MANUAL*,61,1389,102,183.00,104.04,36.02,886,92180
1077,1077,OLQSODR,*MANUAL*,61,1366,102,216.00,129.16,41.49,892,115213
1078,1078,ILSODL,*MANUAL*,70,1400,98,183.00,90.13,29.80,895,80665
1079,1079,OLQSODL,*MANUAL*,71,1385,100,194.00,112.75,27.36,871,98204
1080,1080,HYP6D1,*MANUAL*,67,1376,103,144.00,79.37,22.89,895,71036
1081,1081,HYP6D3,*MANUAL*,66,1310,106,153.00,81.09,25.94,895,72578
1082,1082,HYP6D4,*MANUAL*,63,1297,105,149.00,95.80,22.11,895,85744
1083,1083,HYP7D1,*MANUAL*,63,1265,105,141.00,59.63,22.18,1365,81393
1084,1084,HYP7D2,*MANUAL*,63,1180,106,123.00,60.88,17.15,1365,83103
1085,1085,H0L,*MANUAL*,90,1350,71,153.00,75.37,21.29,1365,102885
1086,1086,H0R,*MANUAL*,38,1351,77,157.00,77.99,24.36,1365,106461
1087,1087,VR7,*MANUAL*,52,1139,35,131.00,68.47,20.83,1365,93459
1088,1088,SAAVR,*MANUAL*,49,1209,76,241.00,151.22,33.32,895,135344
1089,1089,RIAR,*MANUAL*,50,1190,83,197.00,136.85,21.84,895,122479
1090,1090,SAAVL,*MANUAL*,79,1206,78,169.00,114.86,20.73,895,102800
1091,1091,RIAL,*MANUAL*,78,1188,84,153.00,108.88,15.69,895,97444
1092,1092,VR9,*MANUAL*,51,1034,35,140.00,84.43,20.27,895,75567
1093,1093,VR6,*MANUAL*,43,1219,44,154.00,76.33,25.72,1365,104186
1094,1094,VL17,*MANUAL*,71,495,41,150.00,84.15,27.19,1365,114868
1095,1095,PM2VL2,*MANUAL*,73,1414,58,153.00,83.46,26.73,895,74701
1096,1096,*NOUSE*,*NOUSE*,0,0,0,0,0,0,0,0
1097,1097,*NOUSE*,*NOUSE*,0,0,0,0,0,0,0,0
1098,1098,*NOUSE*,*NOUSE*,0,0,0,0,0,0,0,0
1099,1099,*NOUSE*,*NOUSE*,0,0,0,0,0,0,0,0
1100,1100,*NOUSE*,*NOUSE*,0,0,0,0,0,0,0,0
1101,1101,*NOUSE*,*NOUSE*,0,0,0,0,0,0,0,0
1102,1102,*NOUSE*,*NOUSE*,0,0,0,0,0,0,0,0
1103,1103,*NOUSE*,*NOUSE*,0,0,0,0,0,0,0,0
1104,1104,*NOUSE*,*NOUSE*,0,0,0,0,0,0,0,0
1105,1105,*NOUSE*,*NOUSE*,0,0,0,0,0,0,0,0
1106,1106,f1,*MANUAL*,66,790,88,48.00,14.24, 9.80,895,12749
1107,1107,f2,*MANUAL*,56,1178,66,175.00,70.55,32.57,895,63145
1108,1108,f3,*MANUAL*,58,932,93,40.00, 3.18, 5.15,895,2848
1109,1109,f4,*MANUAL*,56,980,89,54.00,10.71,11.42,895,9588
1110,1110,f5,*MANUAL*,57,628,63,59.00, 8.06,11.11,895,7216
1111,1111,f6,*MANUAL*,58,712,75,60.00,17.49,13.55,895,15651
1112,1112,f7,*MANUAL*,69,408,76,51.00, 5.77, 6.75,895,5162
1113,1113,f8,*MANUAL*,70,763,54,48.00, 7.88, 8.09,895,7053
1114,1114,f9,*MANUAL*,70,921,44,45.00, 5.45, 6.51,895,4879
1115,1115,f10,*MANUAL*,70,895,45,55.00, 9.27,11.05,895,8293
