0,0,*NOUSE*,*NOUSE*,0,0,0,0,0,0,0,0
1,1,*NOUSE*,*NOUSE*,0,0,0,0,0,0,0,0
2,2,*NOUSE*,*NOUSE*,0,0,0,0,0,0,0,0
3,3,*NOUSE*,*NOUSE*,0,0,0,0,0,0,0,0
4,4,*NOUSE*,*NOUSE*,0,0,0,0,0,0,0,0
5,5,RMGR,,36,1178,73,170.00,63.71,37.62,3984,253830.00
6,6,*NOUSE*,*NOUSE*,0,0,0,0,0,0,0,0
7,7,*NOUSE*,*NOUSE*,0,0,0,0,0,0,0,0
8,8,RMDR,,35,1307,65,191.00,63.42,38.23,3710,235274.00
9,9,H2R,,32,1161,79,95.00,37.46,14.56,4929,184626.00
10,10,*NOUSE*,*NOUSE*,0,0,0,0,0,0,0,0
11,11,*NOUSE*,*NOUSE*,0,0,0,0,0,0,0,0
12,12,*NOUSE*,*NOUSE*,0,0,0,0,0,0,0,0
13,13,*NOUSE*,*NOUSE*,0,0,0,0,0,0,0,0
14,14,*NOUSE*,*NOUSE*,0,0,0,0,0,0,0,0
15,15,AWCR,,37,1274,66,141.00,61.44,32.31,4224,259502.00
16,16,*NOUSE*,*NOUSE*,0,0,0,0,0,0,0,0
17,17,*NOUSE*,*NOUSE*,0,0,0,0,0,0,0,0
18,18,ADESHR,,37,1125,80,168.00,48.02,33.87,4622,221961.00
19,19,*NOUSE*,*NOUSE*,0,0,0,0,0,0,0,0
20,20,AVAR,,36,1301,81,159.00,66.44,36.83,3125,207628.00
21,21,*NOUSE*,*NOUSE*,0,0,0,0,0,0,0,0
22,22,P1/2R,,35,967,65,116.00,37.37,21.04,4226,157917.00
23,23,*NOUSE*,*NOUSE*,0,0,0,0,0,0,0,0
24,24,*NOUSE*,*NOUSE*,0,0,0,0,0,0,0,0
25,25,ASJR,,37,1239,66,125.00,58.33,25.93,4235,247038.00
26,26,*NOUSE*,*NOUSE*,0,0,0,0,0,0,0,0
27,27,*NOUSE*,*NOUSE*,0,0,0,0,0,0,0,0
28,28,*NOUSE*,*NOUSE*,0,0,0,0,0,0,0,0
29,29,*NOUSE*,*NOUSE*,0,0,0,0,0,0,0,0
30,30,*NOUSE*,*NOUSE*,0,0,0,0,0,0,0,0
31,31,*NOUSE*,,32,1117,83,69.00,28.78,15.32,109,3137.00
32,32,RMDVR,,37,1325,86,152.00,50.43,31.04,4734,238755.00
33,33,*NOUSE*,*NOUSE*,0,0,0,0,0,0,0,0
34,34,*NOUSE*,*NOUSE*,0,0,0,0,0,0,0,0
35,35,*NOUSE*,*NOUSE*,0,0,0,0,0,0,0,0
36,36,*NOUSE*,*NOUSE*,0,0,0,0,0,0,0,0
37,37,P3/4R,,36,882,65,78.00,33.03,15.38,4473,147762.00
38,38,*NOUSE*,*NOUSE*,0,0,0,0,0,0,0,0
39,39,ASHR,,38,1257,77,151.00,64.99,31.66,3216,208999.00
40,40,*NOUSE*,*NOUSE*,0,0,0,0,0,0,0,0
41,41,*NOUSE*,*NOUSE*,0,0,0,0,0,0,0,0
42,42,*NOUSE*,*NOUSE*,0,0,0,0,0,0,0,0
43,43,ASER,,37,1236,85,123.00,57.95,25.66,3497,202659.00
44,44,*NOUSE*,*NOUSE*,0,0,0,0,0,0,0,0
45,45,*NOUSE*,*NOUSE*,0,0,0,0,0,0,0,0
46,46,*NOUSE*,*NOUSE*,0,0,0,0,0,0,0,0
47,47,*NOUSE*,*NOUSE*,0,0,0,0,0,0,0,0
48,48,HYP7ABR3,,37,1064,79,80.00,30.88,13.06,4881,150721.00
49,49,*NOUSE*,*NOUSE*,0,0,0,0,0,0,0,0
50,50,*NOUSE*,*NOUSE*,0,0,0,0,0,0,0,0
51,51,*NOUSE*,*NOUSE*,0,0,0,0,0,0,0,0
52,52,*NOUSE*,*NOUSE*,0,0,0,0,0,0,0,0
53,53,*NOUSE*,*NOUSE*,0,0,0,0,0,0,0,0
54,54,BAGR,,39,1371,70,125.00,54.51,26.11,3816,208001.00
55,55,*NOUSE*,*NOUSE*,0,0,0,0,0,0,0,0
56,56,*NOUSE*,*NOUSE*,0,0,0,0,0,0,0,0
57,57,*NOUSE*,*NOUSE*,0,0,0,0,0,0,0,0
58,58,*NOUSE*,*NOUSE*,0,0,0,0,0,0,0,0
59,59,*NOUSE*,*NOUSE*,0,0,0,0,0,0,0,0
60,60,*NOUSE*,*NOUSE*,0,0,0,0,0,0,0,0
61,61,CCRA,,40,996,51,138.00,40.32,27.48,4617,186165.00
62,62,*NOUSE*,*NOUSE*,0,0,0,0,0,0,0,0
63,63,*NOUSE*,*NOUSE*,0,0,0,0,0,0,0,0
64,64,V3R,,40,815,71,81.00,31.93,14.28,4720,150709.00
65,65,BDUR,,41,1034,75,172.00,46.81,33.25,4023,188307.00
66,66,AFDR,,42,1280,83,157.00,67.69,28.60,3171,214638.00
67,67,*NOUSE*,*NOUSE*,0,0,0,0,0,0,0,0
68,68,*NOUSE*,*NOUSE*,0,0,0,0,0,0,0,0
69,69,CEPSHDR,,42,1341,92,218.00,70.93,40.30,3790,268821.00
70,70,*NOUSE*,*NOUSE*,0,0,0,0,0,0,0,0
71,71,*NOUSE*,*NOUSE*,0,0,0,0,0,0,0,0
72,72,*NOUSE*,*NOUSE*,0,0,0,0,0,0,0,0
73,73,*NOUSE*,*NOUSE*,0,0,0,0,0,0,0,0
74,74,*NOUSE*,*NOUSE*,0,0,0,0,0,0,0,0
75,75,PM7VR,,43,1140,67,122.00,44.75,23.73,4795,214562.00
76,76,*NOUSE*,*NOUSE*,0,0,0,0,0,0,0,0
77,77,*NOUSE*,*NOUSE*,0,0,0,0,0,0,0,0
78,78,*NOUSE*,*NOUSE*,0,0,0,0,0,0,0,0
79,79,*NOUSE*,*NOUSE*,0,0,0,0,0,0,0,0
80,80,*NOUSE*,*NOUSE*,0,0,0,0,0,0,0,0
81,81,*NOUSE*,*NOUSE*,0,0,0,0,0,0,0,0
82,82,*NOUSE*,*NOUSE*,0,0,0,0,0,0,0,0
83,83,*NOUSE*,*NOUSE*,0,0,0,0,0,0,0,0
84,84,VR2,,42,1473,50,131.00,55.41,25.47,3628,201035.00
85,85,*NOUSE*,*NOUSE*,0,0,0,0,0,0,0,0
86,86,*NOUSE*,*NOUSE*,0,0,0,0,0,0,0,0
87,87,*NOUSE*,*NOUSE*,0,0,0,0,0,0,0,0
88,88,RIS,,43,1203,59,170.00,76.91,33.29,3223,247869.00
89,89,HSNR,,44,683,59,147.00,46.17,31.65,5277,243648.00
90,90,*NOUSE*,*NOUSE*,0,0,0,0,0,0,0,0
91,91,*NOUSE*,*NOUSE*,0,0,0,0,0,0,0,0
92,92,*NOUSE*,*NOUSE*,0,0,0,0,0,0,0,0
93,93,*NOUSE*,*NOUSE*,0,0,0,0,0,0,0,0
94,94,AWBR,,43,1258,94,193.00,77.99,42.09,3127,243889.00
95,95,*NOUSE*,*NOUSE*,0,0,0,0,0,0,0,0
96,96,*NOUSE*,*NOUSE*,0,0,0,0,0,0,0,0
97,97,CCRP,,45,975,52,135.00,42.80,30.01,4744,203043.00
98,98,VR13,,44,907,54,107.00,37.71,20.11,4378,165110.00
99,99,AIYR,,43,1219,55,194.00,80.34,39.31,3133,251690.00
100,100,*NOUSE*,*NOUSE*,0,0,0,0,0,0,0,0
101,101,*NOUSE*,*NOUSE*,0,0,0,0,0,0,0,0
102,102,*NOUSE*,*NOUSE*,0,0,0,0,0,0,0,0
103,103,*NOUSE*,*NOUSE*,0,0,0,0,0,0,0,0
104,104,*NOUSE*,*NOUSE*,0,0,0,0,0,0,0,0
105,105,*NOUSE*,*NOUSE*,0,0,0,0,0,0,0,0
106,106,*NOUSE*,*NOUSE*,0,0,0,0,0,0,0,0
107,107,*NOUSE*,*NOUSE*,0,0,0,0,0,0,0,0
108,108,VR3,,45,1438,43,141.00,54.40,28.64,4141,225255.00
109,109,VR7,,44,1222,43,150.00,67.31,27.82,3935,264863.00
110,110,*NOUSE*,*NOUSE*,0,0,0,0,0,0,0,0
111,111,*NOUSE*,*NOUSE*,0,0,0,0,0,0,0,0
112,112,DR1,,45,1503,87,150.00,50.17,25.93,6614,331829.00
113,113,*NOUSE*,*NOUSE*,0,0,0,0,0,0,0,0
114,114,URADR,,46,1381,96,181.00,70.44,40.38,3467,244213.00
115,115,*NOUSE*,*NOUSE*,0,0,0,0,0,0,0,0
116,116,*NOUSE*,*NOUSE*,0,0,0,0,0,0,0,0
117,117,*NOUSE*,*NOUSE*,0,0,0,0,0,0,0,0
118,118,*NOUSE*,*NOUSE*,0,0,0,0,0,0,0,0
119,119,*NOUSE*,*NOUSE*,0,0,0,0,0,0,0,0
120,120,*NOUSE*,*NOUSE*,0,0,0,0,0,0,0,0
121,121,PVQR,,46,307,62,169.00,52.05,34.88,3989,207629.00
122,122,V5R,,44,523,66,91.00,33.61,16.93,4811,161674.00
123,123,*NOUSE*,*NOUSE*,0,0,0,0,0,0,0,0
124,124,*NOUSE*,*NOUSE*,0,0,0,0,0,0,0,0
125,125,PM6VR,,46,1165,69,134.00,59.72,25.05,3578,213684.00
126,126,CANR,,46,778,73,131.00,42.24,26.19,4240,179087.00
127,127,AVER,,45,1292,72,170.00,77.48,34.99,2899,224623.00
128,128,*NOUSE*,*NOUSE*,0,0,0,0,0,0,0,0
129,129,*NOUSE*,*NOUSE*,0,0,0,0,0,0,0,0
130,130,*NOUSE*,*NOUSE*,0,0,0,0,0,0,0,0
131,131,*NOUSE*,*NOUSE*,0,0,0,0,0,0,0,0
132,132,*NOUSE*,*NOUSE*,0,0,0,0,0,0,0,0
133,133,*NOUSE*,*NOUSE*,0,0,0,0,0,0,0,0
134,134,*NOUSE*,*NOUSE*,0,0,0,0,0,0,0,0
135,135,*NOUSE*,*NOUSE*,0,0,0,0,0,0,0,0
136,136,REPVR,,47,330,66,156.00,47.01,33.77,5021,236052.00
137,137,HYP7RC5,,45,469,81,79.00,29.83,13.21,5739,171213.00
138,138,*NOUSE*,*NOUSE*,0,0,0,0,0,0,0,0
139,139,*NOUSE*,*NOUSE*,0,0,0,0,0,0,0,0
140,140,*NOUSE*,*NOUSE*,0,0,0,0,0,0,0,0
141,141,*NOUSE*,*NOUSE*,0,0,0,0,0,0,0,0
142,142,*NOUSE*,*NOUSE*,0,0,0,0,0,0,0,0
143,143,IL2VR,,47,1375,42,181.00,64.79,38.27,3957,256358.00
144,144,SMBDR,,48,1252,43,196.00,97.28,41.45,3573,347584.00
145,145,SIAVR,,47,1237,53,196.00,82.64,36.94,3432,283617.00
146,146,*NOUSE*,*NOUSE*,0,0,0,0,0,0,0,0
147,147,*NOUSE*,*NOUSE*,0,0,0,0,0,0,0,0
148,148,*NOUSE*,*NOUSE*,0,0,0,0,0,0,0,0
149,149,*NOUSE*,*NOUSE*,0,0,0,0,0,0,0,0
150,150,PHBR,,48,281,64,152.00,51.92,34.82,4303,223421.00
151,151,*NOUSE*,*NOUSE*,0,0,0,0,0,0,0,0
152,152,*NOUSE*,*NOUSE*,0,0,0,0,0,0,0,0
153,153,MC3DR,,48,1141,88,138.00,46.06,27.43,5012,230852.00
154,154,*NOUSE*,*NOUSE*,0,0,0,0,0,0,0,0
155,155,*NOUSE*,*NOUSE*,0,0,0,0,0,0,0,0
156,156,ASGR,,46,1240,95,166.00,75.98,34.05,3132,237967.00
157,157,VR15,,48,780,51,116.00,41.10,23.14,5081,208831.00
158,158,*NOUSE*,*NOUSE*,0,0,0,0,0,0,0,0
159,159,*NOUSE*,*NOUSE*,0,0,0,0,0,0,0,0
160,160,*NOUSE*,*NOUSE*,0,0,0,0,0,0,0,0
161,161,*NOUSE*,*NOUSE*,0,0,0,0,0,0,0,0
162,162,PHAR,,51,294,59,169.00,62.34,40.93,3796,236633.00
163,163,*NOUSE*,*NOUSE*,0,0,0,0,0,0,0,0
164,164,AWAR,,48,1252,78,162.00,74.97,32.72,3513,263357.00
165,165,*NOUSE*,*NOUSE*,0,0,0,0,0,0,0,0
166,166,ADFR,,47,1269,84,154.00,69.95,31.80,3042,212786.00
167,167,DR3,,49,1448,96,149.00,62.63,29.21,3822,239356.00
168,168,DR10,,48,1098,103,147.00,47.51,27.18,3827,181814.00
169,169,*NOUSE*,*NOUSE*,0,0,0,0,0,0,0,0
170,170,*NOUSE*,*NOUSE*,0,0,0,0,0,0,0,0
171,171,*NOUSE*,*NOUSE*,0,0,0,0,0,0,0,0
172,172,RIBR,,48,1236,76,192.00,78.40,37.37,3271,256439.00
173,173,*NOUSE*,*NOUSE*,0,0,0,0,0,0,0,0
174,174,*NOUSE*,*NOUSE*,0,0,0,0,0,0,0,0
175,175,VR17,,50,611,51,139.00,42.97,26.99,4306,185012.00
176,176,*NOUSE*,*NOUSE*,0,0,0,0,0,0,0,0
177,177,*NOUSE*,*NOUSE*,0,0,0,0,0,0,0,0
178,178,E3VR,,50,1468,59,159.00,70.79,33.82,3096,219167.00
179,179,*NOUSE*,*NOUSE*,0,0,0,0,0,0,0,0
180,180,*NOUSE*,*NOUSE*,0,0,0,0,0,0,0,0
181,181,*NOUSE*,*NOUSE*,0,0,0,0,0,0,0,0
182,182,INDR1,,51,1043,90,83.00,34.11,14.47,5405,184339.00
183,183,G1AR,,51,1173,87,158.00,65.16,31.16,3841,250264.00
184,184,*NOUSE*,*NOUSE*,0,0,0,0,0,0,0,0
185,185,*NOUSE*,*NOUSE*,0,0,0,0,0,0,0,0
186,186,*NOUSE*,*NOUSE*,0,0,0,0,0,0,0,0
187,187,*NOUSE*,*NOUSE*,0,0,0,0,0,0,0,0
188,188,DA9,,53,332,54,176.00,63.46,39.70,3649,231581.00
189,189,*NOUSE*,*NOUSE*,0,0,0,0,0,0,0,0
190,190,*NOUSE*,*NOUSE*,0,0,0,0,0,0,0,0
191,191,M3R,,50,1354,65,196.00,71.49,40.42,4025,287736.00
192,192,E2VR,,52,1572,64,161.00,46.77,31.31,4910,229621.00
193,193,*NOUSE*,*NOUSE*,0,0,0,0,0,0,0,0
194,194,PHSHR,,53,240,70,186.00,63.07,41.96,4672,294681.00
195,195,M2R,,48,1180,73,198.00,91.16,43.99,2569,234193.00
196,196,ALNR,,54,250,77,181.00,68.26,45.06,3633,248003.00
197,197,*NOUSE*,*NOUSE*,0,0,0,0,0,0,0,0
198,198,*NOUSE*,*NOUSE*,0,0,0,0,0,0,0,0
199,199,DR12,,51,976,107,124.00,41.49,23.94,4292,178088.00
200,200,*NOUSE*,*NOUSE*,0,0,0,0,0,0,0,0
201,201,*NOUSE*,*NOUSE*,0,0,0,0,0,0,0,0
202,202,*NOUSE*,*NOUSE*,0,0,0,0,0,0,0,0
203,203,*NOUSE*,*NOUSE*,0,0,0,0,0,0,0,0
204,204,CEPDR,,53,1304,101,216.00,83.82,48.49,2879,241315.00
205,205,MC3V,,55,1136,44,161.00,57.77,33.73,5154,297760.00
206,206,*NOUSE*,*NOUSE*,0,0,0,0,0,0,0,0
207,207,*NOUSE*,*NOUSE*,0,0,0,0,0,0,0,0
208,208,*NOUSE*,*NOUSE*,0,0,0,0,0,0,0,0
209,209,AVL,,55,1245,63,182.00,83.71,38.55,3381,283021.00
210,210,PLMR,,56,232,61,148.00,56.40,36.24,4021,226766.00
211,211,*NOUSE*,*NOUSE*,0,0,0,0,0,0,0,0
212,212,*NOUSE*,*NOUSE*,0,0,0,0,0,0,0,0
213,213,*NOUSE*,*NOUSE*,0,0,0,0,0,0,0,0
214,214,G1P,,57,1125,90,132.00,49.13,27.54,5125,251813.00
215,215,M1,,55,1157,94,194.00,63.34,40.99,3779,239368.00
216,216,*NOUSE*,*NOUSE*,0,0,0,0,0,0,0,0
217,217,DR8,,52,1191,106,155.00,62.71,30.07,3543,222167.00
218,218,HYP7V1,,52,1382,27,113.00,48.78,19.61,1459,71177.00
219,219,RIGR,,55,1134,32,170.00,56.48,38.25,5350,302143.00
220,220,*NOUSE*,*NOUSE*,0,0,0,0,0,0,0,0
221,221,DA4,,56,859,38,180.00,49.75,37.78,6227,309772.00
222,222,*NOUSE*,*NOUSE*,0,0,0,0,0,0,0,0
223,223,*NOUSE*,*NOUSE*,0,0,0,0,0,0,0,0
224,224,*NOUSE*,*NOUSE*,0,0,0,0,0,0,0,0
225,225,I5,,56,1172,49,188.00,79.73,37.36,3595,286644.00
226,226,VR20,,55,261,53,133.00,49.95,30.95,3698,184715.00
227,227,NSMR,,51,1383,60,190.00,72.73,40.80,3114,226482.00
228,228,*NOUSE*,*NOUSE*,0,0,0,0,0,0,0,0
229,229,PVR,,58,196,75,147.00,50.62,33.43,5441,275412.00
230,230,PM5R,,53,1191,83,178.00,85.16,34.95,3236,275576.00
231,231,*NOUSE*,*NOUSE*,0,0,0,0,0,0,0,0
232,232,DR11,,55,1050,104,141.00,47.67,30.02,3708,176753.00
233,233,*NOUSE*,*NOUSE*,0,0,0,0,0,0,0,0
234,234,DB3,,58,1074,35,169.00,62.32,43.29,4636,288903.00
235,235,DA1,,57,1107,37,194.00,69.99,42.71,4655,325786.00
236,236,ILSOVR,,55,1528,41,179.00,66.23,42.08,3587,237556.00
237,237,*NOUSE*,*NOUSE*,0,0,0,0,0,0,0,0
238,238,I1R,,53,1438,58,206.00,75.12,43.42,3397,255189.00
239,239,*NOUSE*,*NOUSE*,0,0,0,0,0,0,0,0
240,240,*NOUSE*,*NOUSE*,0,0,0,0,0,0,0,0
241,241,*NOUSE*,*NOUSE*,0,0,0,0,0,0,0,0
242,242,*NOUSE*,*NOUSE*,0,0,0,0,0,0,0,0
243,243,*NOUSE*,*NOUSE*,0,0,0,0,0,0,0,0
244,244,*NOUSE*,*NOUSE*,0,0,0,0,0,0,0,0
245,245,*NOUSE*,*NOUSE*,0,0,0,0,0,0,0,0
246,246,*NOUSE*,*NOUSE*,0,0,0,0,0,0,0,0
247,247,ASKR,,57,1273,99,151.00,65.08,33.35,3630,236252.00
248,248,DR9,,53,1142,109,127.00,44.30,23.50,4216,186759.00
249,249,*NOUSE*,*NOUSE*,0,0,0,0,0,0,0,0
250,250,*NOUSE*,*NOUSE*,0,0,0,0,0,0,0,0
251,251,*NOUSE*,*NOUSE*,0,0,0,0,0,0,0,0
252,252,PVT,,58,372,51,160.00,54.35,36.67,3744,203495.00
253,253,*NOUSE*,*NOUSE*,0,0,0,0,0,0,0,0
254,254,INV3,,58,919,61,54.00,25.01, 7.56,6749,168821.00
255,255,*NOUSE*,*NOUSE*,0,0,0,0,0,0,0,0
256,256,VIRR,,57,340,77,159.00,53.34,34.65,4682,249726.00
257,257,*NOUSE*,*NOUSE*,0,0,0,0,0,0,0,0
258,258,*NOUSE*,*NOUSE*,0,0,0,0,0,0,0,0
259,259,ADLR,,56,1253,99,144.00,61.14,30.57,3714,227056.00
260,260,*NOUSE*,*NOUSE*,0,0,0,0,0,0,0,0
261,261,*NOUSE*,*NOUSE*,0,0,0,0,0,0,0,0
262,262,*NOUSE*,*NOUSE*,0,0,0,0,0,0,0,0
263,263,DB2,,57,1217,32,209.00,89.06,47.11,3479,309830.00
264,264,*NOUSE*,*NOUSE*,0,0,0,0,0,0,0,0
265,265,*NOUSE*,*NOUSE*,0,0,0,0,0,0,0,0
266,266,DD2,,58,992,39,167.00,48.92,34.33,4909,240145.00
267,267,DA5,,59,723,38,156.00,49.87,34.97,5402,269383.00
268,268,DB4,,58,930,44,172.00,52.26,37.58,3991,208572.00
269,269,*NOUSE*,*NOUSE*,0,0,0,0,0,0,0,0
270,270,*NOUSE*,*NOUSE*,0,0,0,0,0,0,0,0
271,271,*NOUSE*,*NOUSE*,0,0,0,0,0,0,0,0
272,272,*NOUSE*,*NOUSE*,0,0,0,0,0,0,0,0
273,273,HYP71,,59,194,59,148.00,44.21,29.86,4777,211211.00
274,274,HYP8,,59,147,63,137.00,45.21,30.33,4806,217263.00
275,275,HYP72,,60,169,68,167.00,47.56,33.24,4493,213708.00
276,276,VPI3D,,57,1101,94,161.00,71.73,39.92,2097,150413.00
277,277,*NOUSE*,*NOUSE*,0,0,0,0,0,0,0,0
278,278,*NOUSE*,*NOUSE*,0,0,0,0,0,0,0,0
279,279,ILSODR,,59,1495,97,210.00,80.84,44.47,4481,362243.00
280,280,*NOUSE*,*NOUSE*,0,0,0,0,0,0,0,0
281,281,*NOUSE*,*NOUSE*,0,0,0,0,0,0,0,0
282,282,DA2,,61,1050,36,185.00,57.52,42.61,5237,301214.00
283,283,*NOUSE*,*NOUSE*,0,0,0,0,0,0,0,0
284,284,ARCAV,,58,1553,42,185.00,54.60,36.93,4389,239661.00
285,285,*NOUSE*,*NOUSE*,0,0,0,0,0,0,0,0
286,286,HYP9,,60,113,64,144.00,48.09,30.74,4197,201838.00
287,287,HYP101,,60,102,71,159.00,48.59,33.60,4500,218634.00
288,288,*NOUSE*,*NOUSE*,0,0,0,0,0,0,0,0
289,289,ARCPD,,59,1522,96,224.00,72.02,46.55,4853,349501.00
290,290,*NOUSE*,*NOUSE*,0,0,0,0,0,0,0,0
291,291,*NOUSE*,*NOUSE*,0,0,0,0,0,0,0,0
292,292,DR17,,60,649,95,144.00,46.43,29.64,3788,175862.00
293,293,*NOUSE*,*NOUSE*,0,0,0,0,0,0,0,0
294,294,*NOUSE*,*NOUSE*,0,0,0,0,0,0,0,0
295,295,*NOUSE*,*NOUSE*,0,0,0,0,0,0,0,0
296,296,*NOUSE*,*NOUSE*,0,0,0,0,0,0,0,0
297,297,*NOUSE*,*NOUSE*,0,0,0,0,0,0,0,0
298,298,DB5,,60,774,41,154.00,50.52,34.86,5269,266177.00
299,299,*NOUSE*,*NOUSE*,0,0,0,0,0,0,0,0
300,300,DB6,,60,588,43,173.00,52.41,39.07,4019,210622.00
301,301,DB7,,60,458,45,148.00,45.87,30.78,4888,224212.00
302,302,YPDA,,60,315,47,154.00,51.66,31.81,3488,180197.00
303,303,*NOUSE*,*NOUSE*,0,0,0,0,0,0,0,0
304,304,*NOUSE*,*NOUSE*,0,0,0,0,0,0,0,0
305,305,INV8,,61,462,58,86.00,33.68,13.57,4453,149994.00
306,306,MC2V,,60,1208,68,149.00,70.30,26.37,4257,299262.00
307,307,HYP102,,60,81,71,143.00,45.81,30.88,4175,191277.00
308,308,DL21,,62,231,78,141.00,51.92,33.42,4295,222992.00
309,309,MC2DR,,59,1207,89,174.00,73.77,32.48,3657,269769.00
310,310,DR15,,61,812,101,129.00,45.36,28.88,3754,170266.00
311,311,*NOUSE*,*NOUSE*,0,0,0,0,0,0,0,0
312,312,*NOUSE*,*NOUSE*,0,0,0,0,0,0,0,0
313,313,*NOUSE*,*NOUSE*,0,0,0,0,0,0,0,0
314,314,DD5,,61,493,44,172.00,50.74,39.79,3936,199714.00
315,315,U,,61,324,61,180.00,71.34,39.18,3354,239276.00
316,316,M4,,60,1351,80,183.00,73.93,39.77,4568,337711.00
317,317,*NOUSE*,*NOUSE*,0,0,0,0,0,0,0,0
318,318,DEP,,61,266,78,186.00,78.94,41.74,3026,238884.00
319,319,*NOUSE*,*NOUSE*,0,0,0,0,0,0,0,0
320,320,DR7,,60,1220,107,146.00,60.72,29.69,3816,231722.00
321,321,*NOUSE*,*NOUSE*,0,0,0,0,0,0,0,0
322,322,*NOUSE*,*NOUSE*,0,0,0,0,0,0,0,0
323,323,*NOUSE*,*NOUSE*,0,0,0,0,0,0,0,0
324,324,*NOUSE*,*NOUSE*,0,0,0,0,0,0,0,0
325,325,F,,61,302,66,183.00,83.67,39.16,3327,278370.00
326,326,*NOUSE*,*NOUSE*,0,0,0,0,0,0,0,0
327,327,HYP4D,,63,1626,84,129.00,40.09,23.84,5456,218729.00
328,328,*NOUSE*,*NOUSE*,0,0,0,0,0,0,0,0
329,329,HYP31,,63,1557,94,189.00,56.35,41.71,5390,303748.00
330,330,*NOUSE*,*NOUSE*,0,0,0,0,0,0,0,0
331,331,ARCPV,,64,1541,41,169.00,58.31,37.07,4037,235397.00
332,332,*NOUSE*,*NOUSE*,0,0,0,0,0,0,0,0
333,333,HYP4V1,,62,1593,46,160.00,47.63,32.25,4758,226604.00
334,334,*NOUSE*,*NOUSE*,0,0,0,0,0,0,0,0
335,335,*NOUSE*,*NOUSE*,0,0,0,0,0,0,0,0
336,336,*NOUSE*,*NOUSE*,0,0,0,0,0,0,0,0
337,337,DVA,,61,279,67,163.00,69.42,31.77,3777,262203.00
338,338,IND5,,63,791,85,51.00,24.18, 6.95,6416,155132.00
339,339,E2D,,65,1571,85,158.00,43.84,29.49,6419,281400.00
340,340,*NOUSE*,*NOUSE*,0,0,0,0,0,0,0,0
341,341,PM5DR,,63,1192,92,159.00,77.85,32.47,3893,303066.00
342,342,*NOUSE*,*NOUSE*,0,0,0,0,0,0,0,0
343,343,*NOUSE*,*NOUSE*,0,0,0,0,0,0,0,0
344,344,*NOUSE*,*NOUSE*,0,0,0,0,0,0,0,0
345,345,HYP4V2,,64,1576,45,175.00,51.35,35.34,4678,240212.00
346,346,*NOUSE*,*NOUSE*,0,0,0,0,0,0,0,0
347,347,INV7,,65,553,57,66.00,27.34, 9.51,5687,155455.00
348,348,*NOUSE*,*NOUSE*,0,0,0,0,0,0,0,0
349,349,*NOUSE*,*NOUSE*,0,0,0,0,0,0,0,0
350,350,VPI3V,,62,1100,58,174.00,64.62,39.68,2044,132093.00
351,351,E3D,,66,1438,83,177.00,61.22,31.53,7334,448975.00
352,352,*NOUSE*,*NOUSE*,0,0,0,0,0,0,0,0
353,353,REPD,,64,313,82,182.00,66.73,39.94,3997,266719.00
354,354,HYP6D4,,65,1388,103,149.00,62.43,30.36,4305,268743.00
355,355,*NOUSE*,*NOUSE*,0,0,0,0,0,0,0,0
356,356,*NOUSE*,*NOUSE*,0,0,0,0,0,0,0,0
357,357,*NOUSE*,*NOUSE*,0,0,0,0,0,0,0,0
358,358,PLML,,66,224,62,159.00,53.23,35.85,4335,230736.00
359,359,*NOUSE*,*NOUSE*,0,0,0,0,0,0,0,0
360,360,HYP11,,65,141,75,136.00,41.01,25.37,4863,199424.00
361,361,*NOUSE*,*NOUSE*,0,0,0,0,0,0,0,0
362,362,*NOUSE*,*NOUSE*,0,0,0,0,0,0,0,0
363,363,*NOUSE*,*NOUSE*,0,0,0,0,0,0,0,0
364,364,*NOUSE*,*NOUSE*,0,0,0,0,0,0,0,0
365,365,HYP32,,69,1539,93,179.00,62.11,39.61,3589,222919.00
366,366,*NOUSE*,*NOUSE*,0,0,0,0,0,0,0,0
367,367,*NOUSE*,*NOUSE*,0,0,0,0,0,0,0,0
368,368,PM4VL,,66,1389,45,177.00,68.93,34.42,3682,253818.00
369,369,*NOUSE*,*NOUSE*,0,0,0,0,0,0,0,0
370,370,DA8,,65,336,49,180.00,64.78,41.51,3022,195773.00
371,371,*NOUSE*,*NOUSE*,0,0,0,0,0,0,0,0
372,372,INV9,,62,388,56,93.00,39.57,16.71,3004,118879.00
373,373,*NOUSE*,*NOUSE*,0,0,0,0,0,0,0,0
374,374,*NOUSE*,*NOUSE*,0,0,0,0,0,0,0,0
375,375,*NOUSE*,*NOUSE*,0,0,0,0,0,0,0,0
376,376,HMC,,64,1187,109,155.00,63.92,32.33,3926,250960.00
377,377,*NOUSE*,*NOUSE*,0,0,0,0,0,0,0,0
378,378,VL15,,69,748,42,170.00,49.09,31.04,6078,298385.00
379,379,*NOUSE*,*NOUSE*,0,0,0,0,0,0,0,0
380,380,*NOUSE*,*NOUSE*,0,0,0,0,0,0,0,0
381,381,PVPL,,66,355,51,184.00,66.78,44.36,3165,211371.00
382,382,TL,,67,208,69,119.00,41.15,22.13,4735,194822.00
383,383,*NOUSE*,*NOUSE*,0,0,0,0,0,0,0,0
384,384,*NOUSE*,,62,1454,74,69.00,42.35,12.34,71,3007.00
385,385,*NOUSE*,*NOUSE*,0,0,0,0,0,0,0,0
386,386,PM7D,,68,1142,92,164.00,51.75,31.53,4704,243423.00
387,387,*NOUSE*,*NOUSE*,0,0,0,0,0,0,0,0
388,388,I4,,67,1178,93,195.00,81.06,42.49,3344,271065.00
389,389,*NOUSE*,*NOUSE*,0,0,0,0,0,0,0,0
390,390,HYP6D3,,65,1413,103,172.00,67.09,36.16,3704,248488.00
391,391,*NOUSE*,*NOUSE*,0,0,0,0,0,0,0,0
392,392,*NOUSE*,*NOUSE*,0,0,0,0,0,0,0,0
393,393,*NOUSE*,*NOUSE*,0,0,0,0,0,0,0,0
394,394,AIML,,66,1211,53,239.00,111.89,51.85,2952,330286.00
395,395,*NOUSE*,*NOUSE*,0,0,0,0,0,0,0,0
396,396,*NOUSE*,,62,1456,73,69.00,36.60,12.49,67,2452.00
397,397,*NOUSE*,*NOUSE*,0,0,0,0,0,0,0,0
398,398,*NOUSE*,*NOUSE*,0,0,0,0,0,0,0,0
399,399,*NOUSE*,*NOUSE*,0,0,0,0,0,0,0,0
400,400,*NOUSE*,*NOUSE*,0,0,0,0,0,0,0,0
401,401,PM6D,,68,1163,90,141.00,64.67,30.14,4085,264172.00
402,402,*NOUSE*,*NOUSE*,0,0,0,0,0,0,0,0
403,403,*NOUSE*,*NOUSE*,0,0,0,0,0,0,0,0
404,404,*NOUSE*,*NOUSE*,0,0,0,0,0,0,0,0
405,405,*NOUSE*,*NOUSE*,0,0,0,0,0,0,0,0
406,406,*NOUSE*,*NOUSE*,0,0,0,0,0,0,0,0
407,407,*NOUSE*,*NOUSE*,0,0,0,0,0,0,0,0
408,408,*NOUSE*,*NOUSE*,0,0,0,0,0,0,0,0
409,409,*NOUSE*,*NOUSE*,0,0,0,0,0,0,0,0
410,410,*NOUSE*,*NOUSE*,0,0,0,0,0,0,0,0
411,411,*NOUSE*,*NOUSE*,0,0,0,0,0,0,0,0
412,412,*NOUSE*,*NOUSE*,0,0,0,0,0,0,0,0
413,413,*NOUSE*,*NOUSE*,0,0,0,0,0,0,0,0
414,414,*NOUSE*,*NOUSE*,0,0,0,0,0,0,0,0
415,415,*NOUSE*,*NOUSE*,0,0,0,0,0,0,0,0
416,416,E3VL,,71,1477,56,205.00,70.08,38.88,5256,368365.00
417,417,NSML,,71,1375,52,238.00,91.37,49.39,3515,321176.00
418,418,PM6VL,,71,1164,52,170.00,66.29,34.05,4819,319442.00
419,419,*NOUSE*,*NOUSE*,0,0,0,0,0,0,0,0
420,420,*NOUSE*,*NOUSE*,0,0,0,0,0,0,0,0
421,421,VL19,,68,266,54,153.00,56.32,33.22,3186,179425.00
422,422,*NOUSE*,*NOUSE*,0,0,0,0,0,0,0,0
423,423,*NOUSE*,*NOUSE*,0,0,0,0,0,0,0,0
424,424,VIRL,,68,339,80,152.00,56.98,36.73,4465,254412.00
425,425,ILSODL,,70,1509,93,213.00,90.07,45.22,3614,325508.00
426,426,*NOUSE*,*NOUSE*,0,0,0,0,0,0,0,0
427,427,*NOUSE*,*NOUSE*,0,0,0,0,0,0,0,0
428,428,VL7,,70,1220,35,179.00,77.14,35.84,2333,179979.00
429,429,*NOUSE*,*NOUSE*,0,0,0,0,0,0,0,0
430,430,PM7VL,,71,1141,47,170.00,60.70,34.64,5034,305579.00
431,431,*NOUSE*,*NOUSE*,0,0,0,0,0,0,0,0
432,432,PM3L,,73,1455,62,166.00,64.08,33.23,2852,182761.00
433,433,PHSHL,,69,241,68,170.00,61.61,40.82,4281,263747.00
434,434,PVCL,,71,265,67,173.00,69.80,43.56,3581,249956.00
435,435,*NOUSE*,*NOUSE*,0,0,0,0,0,0,0,0
436,436,*NOUSE*,*NOUSE*,0,0,0,0,0,0,0,0
437,437,*NOUSE*,*NOUSE*,0,0,0,0,0,0,0,0
438,438,ASKL,,72,1268,95,172.00,64.55,33.08,3965,255953.00
439,439,*NOUSE*,*NOUSE*,0,0,0,0,0,0,0,0
440,440,*NOUSE*,*NOUSE*,0,0,0,0,0,0,0,0
441,441,VL10,,71,1067,36,150.00,56.29,34.37,5230,294393.00
442,442,SIAVL,,73,1241,40,201.00,85.39,42.80,3837,327633.00
443,443,*NOUSE*,*NOUSE*,0,0,0,0,0,0,0,0
444,444,I1L,,73,1440,56,211.00,83.80,48.03,4173,349703.00
445,445,*NOUSE*,*NOUSE*,0,0,0,0,0,0,0,0
446,446,PM5L,,73,1192,69,194.00,94.74,36.69,3632,344078.00
447,447,REPVL,,73,327,64,165.00,53.30,38.62,4409,235011.00
448,448,*NOUSE*,*NOUSE*,0,0,0,0,0,0,0,0
449,449,*NOUSE*,*NOUSE*,0,0,0,0,0,0,0,0
450,450,*NOUSE*,*NOUSE*,0,0,0,0,0,0,0,0
451,451,URXL,,71,1288,93,186.00,80.53,41.78,3041,244906.00
452,452,*NOUSE*,*NOUSE*,0,0,0,0,0,0,0,0
453,453,*NOUSE*,*NOUSE*,0,0,0,0,0,0,0,0
454,454,*NOUSE*,*NOUSE*,0,0,0,0,0,0,0,0
455,455,RIPL,,73,1347,70,214.00,102.70,46.27,3171,325659.00
456,456,M5,,76,1135,77,226.00,69.52,48.32,3921,272578.00
457,457,*NOUSE*,*NOUSE*,0,0,0,0,0,0,0,0
458,458,MC2DL,,71,1206,77,170.00,76.70,30.36,1949,149488.00
459,459,RIVL,,76,1209,88,220.00,90.98,45.07,4828,439240.00
460,460,*NOUSE*,*NOUSE*,0,0,0,0,0,0,0,0
461,461,*NOUSE*,*NOUSE*,0,0,0,0,0,0,0,0
462,462,DL15,,74,766,91,148.00,47.32,30.25,3919,185451.00
463,463,*NOUSE*,*NOUSE*,0,0,0,0,0,0,0,0
464,464,*NOUSE*,*NOUSE*,0,0,0,0,0,0,0,0
465,465,*NOUSE*,*NOUSE*,0,0,0,0,0,0,0,0
466,466,VL9,,70,1106,38,196.00,64.62,38.44,4631,299261.00
467,467,CEPSOVL,,72,1369,41,221.00,92.77,51.57,2982,276635.00
468,468,*NOUSE*,*NOUSE*,0,0,0,0,0,0,0,0
469,469,*NOUSE*,*NOUSE*,0,0,0,0,0,0,0,0
470,470,VL12,,72,929,49,173.00,52.87,36.77,3948,208739.00
471,471,*NOUSE*,*NOUSE*,0,0,0,0,0,0,0,0
472,472,E2VL,,74,1576,56,164.00,46.89,32.31,5284,247773.00
473,473,PM4L,,76,1386,64,202.00,79.55,41.20,3863,307319.00
474,474,*NOUSE*,*NOUSE*,0,0,0,0,0,0,0,0
475,475,*NOUSE*,*NOUSE*,0,0,0,0,0,0,0,0
476,476,*NOUSE*,*NOUSE*,0,0,0,0,0,0,0,0
477,477,PM5DL,,74,1189,85,191.00,85.29,38.66,3567,304223.00
478,478,DL16,,74,669,88,161.00,45.17,29.80,4208,190080.00
479,479,DL18,,75,520,90,153.00,44.14,28.36,5760,254252.00
480,480,*NOUSE*,*NOUSE*,0,0,0,0,0,0,0,0
481,481,*NOUSE*,*NOUSE*,0,0,0,0,0,0,0,0
482,482,DL7,,75,1199,103,155.00,62.84,30.39,3947,248047.00
483,483,*NOUSE*,*NOUSE*,0,0,0,0,0,0,0,0
484,484,*NOUSE*,*NOUSE*,0,0,0,0,0,0,0,0
485,485,*NOUSE*,*NOUSE*,0,0,0,0,0,0,0,0
486,486,*NOUSE*,*NOUSE*,0,0,0,0,0,0,0,0
487,487,*NOUSE*,*NOUSE*,0,0,0,0,0,0,0,0
488,488,*NOUSE*,*NOUSE*,0,0,0,0,0,0,0,0
489,489,*NOUSE*,*NOUSE*,0,0,0,0,0,0,0,0
490,490,URYVL,,76,1356,50,241.00,106.18,52.33,2390,253760.00
491,491,M2L,,72,1182,56,240.00,107.95,53.21,2769,298922.00
492,492,HSNL,,77,708,54,183.00,51.61,39.71,5295,273258.00
493,493,AIBL,,75,1267,62,211.00,87.55,39.66,4051,354661.00
494,494,*NOUSE*,*NOUSE*,0,0,0,0,0,0,0,0
495,495,MC1DL,,75,1410,72,171.00,75.58,36.73,3003,226970.00
496,496,VPI2DL,,75,1110,74,209.00,70.65,46.06,3966,280206.00
497,497,*NOUSE*,*NOUSE*,0,0,0,0,0,0,0,0
498,498,DL14,,76,835,91,151.00,45.51,30.45,4279,194725.00
499,499,*NOUSE*,*NOUSE*,0,0,0,0,0,0,0,0
500,500,OLQSODL,,72,1489,92,225.00,93.49,46.37,3706,346490.00
501,501,IL2DL,,75,1377,93,198.00,75.80,39.50,3880,294094.00
502,502,ASIL,,76,1227,96,145.00,61.76,29.32,3482,215038.00
503,503,ADLL,,74,1248,96,139.00,59.96,25.68,3975,238326.00
504,504,DL9,,77,1116,100,141.00,52.72,30.75,4365,230139.00
505,505,*NOUSE*,*NOUSE*,0,0,0,0,0,0,0,0
506,506,EXC GL L,,78,1125,41,186.00,62.05,41.19,5367,333028.00
507,507,VL4,,77,1424,40,159.00,62.91,33.97,4639,291830.00
508,508,*NOUSE*,*NOUSE*,0,0,0,0,0,0,0,0
509,509,PVQL,,75,306,65,186.00,58.56,40.21,4341,254217.00
510,510,AWAL,,77,1253,72,189.00,82.90,39.07,3804,315344.00
511,511,MC3DL,,79,1140,66,208.00,70.12,42.08,4364,305997.00
512,512,G1AL,,76,1175,70,175.00,74.31,35.52,3922,291440.00
513,513,*NOUSE*,*NOUSE*,0,0,0,0,0,0,0,0
514,514,*NOUSE*,,74,1361,79,180.00,77.67,33.28,287,22291.00
515,515,URADL,,76,1362,86,240.00,102.94,53.07,2858,294200.00
516,516,*NOUSE*,*NOUSE*,0,0,0,0,0,0,0,0
517,517,*NOUSE*,*NOUSE*,0,0,0,0,0,0,0,0
518,518,P9/10L,,77,487,56,138.00,42.60,26.26,4940,210443.00
519,519,*NOUSE*,*NOUSE*,0,0,0,0,0,0,0,0
520,520,RIBL,,78,1238,67,221.00,97.66,43.95,3653,356755.00
521,521,*NOUSE*,*NOUSE*,0,0,0,0,0,0,0,0
522,522,*NOUSE*,*NOUSE*,0,0,0,0,0,0,0,0
523,523,*NOUSE*,*NOUSE*,0,0,0,0,0,0,0,0
524,524,*NOUSE*,*NOUSE*,0,0,0,0,0,0,0,0
525,525,OLQSOVL,,82,1462,56,230.00,87.00,48.56,4605,400647.00
526,526,*NOUSE*,*NOUSE*,0,0,0,0,0,0,0,0
527,527,*NOUSE*,*NOUSE*,0,0,0,0,0,0,0,0
528,528,*NOUSE*,*NOUSE*,0,0,0,0,0,0,0,0
529,529,BDUL,,83,1054,65,212.00,55.38,43.27,5245,290442.00
530,530,*NOUSE*,*NOUSE*,0,0,0,0,0,0,0,0
531,531,I6,,78,1159,80,206.00,78.30,47.66,3489,273205.00
532,532,DL11,,77,1011,97,133.00,46.77,28.56,4463,208721.00
533,533,DL12,,78,966,98,161.00,46.58,30.85,4812,224127.00
534,534,P7/8L,,79,603,54,123.00,42.35,25.10,4871,206290.00
535,535,IL1L,,81,1364,57,208.00,91.98,49.41,3395,312281.00
536,536,*NOUSE*,*NOUSE*,0,0,0,0,0,0,0,0
537,537,*NOUSE*,*NOUSE*,0,0,0,0,0,0,0,0
538,538,*NOUSE*,*NOUSE*,0,0,0,0,0,0,0,0
539,539,*NOUSE*,*NOUSE*,0,0,0,0,0,0,0,0
540,540,*NOUSE*,*NOUSE*,0,0,0,0,0,0,0,0
541,541,*NOUSE*,*NOUSE*,0,0,0,0,0,0,0,0
542,542,*NOUSE*,*NOUSE*,0,0,0,0,0,0,0,0
543,543,*NOUSE*,*NOUSE*,0,0,0,0,0,0,0,0
544,544,V5L,,80,520,59,129.00,40.01,22.62,5526,221072.00
545,545,AMSOL,,80,1471,78,201.00,72.87,44.79,4643,338337.00
546,546,*NOUSE*,*NOUSE*,0,0,0,0,0,0,0,0
547,547,*NOUSE*,*NOUSE*,0,0,0,0,0,0,0,0
548,548,*NOUSE*,*NOUSE*,0,0,0,0,0,0,0,0
549,549,*NOUSE*,*NOUSE*,0,0,0,0,0,0,0,0
550,550,*NOUSE*,*NOUSE*,0,0,0,0,0,0,0,0
551,551,*NOUSE*,*NOUSE*,0,0,0,0,0,0,0,0
552,552,P3/4L,,82,875,54,129.00,43.31,26.09,6004,260039.00
553,553,P1/2L,,83,970,53,154.00,45.69,30.13,5163,235890.00
554,554,*NOUSE*,*NOUSE*,0,0,0,0,0,0,0,0
555,555,*NOUSE*,*NOUSE*,0,0,0,0,0,0,0,0
556,556,*NOUSE*,*NOUSE*,0,0,0,0,0,0,0,0
557,557,*NOUSE*,*NOUSE*,0,0,0,0,0,0,0,0
558,558,DL2,,80,1502,86,164.00,68.04,35.57,4161,283103.00
559,559,ASGL,,82,1236,84,182.00,79.41,38.88,3903,309931.00
560,560,AVHL,,85,1219,89,218.00,88.79,51.20,3714,329770.00
561,561,*NOUSE*,*NOUSE*,0,0,0,0,0,0,0,0
562,562,*NOUSE*,*NOUSE*,0,0,0,0,0,0,0,0
563,563,DL8,,81,1170,98,171.00,56.77,31.18,4454,252832.00
564,564,*NOUSE*,*NOUSE*,0,0,0,0,0,0,0,0
565,565,ARCPVL,,81,1496,57,214.00,73.85,48.18,3423,252794.00
566,566,*NOUSE*,*NOUSE*,0,0,0,0,0,0,0,0
567,567,*NOUSE*,*NOUSE*,0,0,0,0,0,0,0,0
568,568,ARCADL,,82,1523,66,232.00,70.35,48.46,3678,258746.00
569,569,ARCPDL,,83,1489,75,192.00,67.43,44.94,4391,296092.00
570,570,*NOUSE*,*NOUSE*,0,0,0,0,0,0,0,0
571,571,*NOUSE*,*NOUSE*,0,0,0,0,0,0,0,0
572,572,*NOUSE*,*NOUSE*,0,0,0,0,0,0,0,0
573,573,*NOUSE*,*NOUSE*,0,0,0,0,0,0,0,0
574,574,*NOUSE*,*NOUSE*,0,0,0,0,0,0,0,0
575,575,RMDL,,83,1305,53,202.00,82.04,46.72,4067,333640.00
576,576,V2L,,84,935,66,118.00,38.80,21.56,5806,225253.00
577,577,HYP5L,,83,1555,65,137.00,45.56,28.18,5415,246701.00
578,578,ADESHL,,83,1117,79,235.00,78.20,55.43,3261,254999.00
579,579,*NOUSE*,*NOUSE*,0,0,0,0,0,0,0,0
580,580,*NOUSE*,*NOUSE*,0,0,0,0,0,0,0,0
581,581,*NOUSE*,*NOUSE*,0,0,0,0,0,0,0,0
582,582,*NOUSE*,*NOUSE*,0,0,0,0,0,0,0,0
583,583,HYP2L,,84,1505,71,222.00,67.68,46.77,4080,276115.00
584,584,*NOUSE*,*NOUSE*,0,0,0,0,0,0,0,0
585,585,ADFL,,83,1267,81,181.00,75.96,39.19,3544,269193.00
586,586,*NOUSE*,*NOUSE*,0,0,0,0,0,0,0,0
587,587,*NOUSE*,*NOUSE*,0,0,0,0,0,0,0,0
588,588,*NOUSE*,*NOUSE*,0,0,0,0,0,0,0,0
589,589,*NOUSE*,*NOUSE*,0,0,0,0,0,0,0,0
590,590,*NOUSE*,,77,523,51,63.00,36.48,12.05,85,3101.00
591,591,*NOUSE*,*NOUSE*,0,0,0,0,0,0,0,0
592,592,*NOUSE*,*NOUSE*,0,0,0,0,0,0,0,0
593,593,*NOUSE*,*NOUSE*,0,0,0,0,0,0,0,0
594,594,*NOUSE*,*NOUSE*,0,0,0,0,0,0,0,0
595,595,*NOUSE*,*NOUSE*,0,0,0,0,0,0,0,0
596,596,DL4,,85,1417,86,165.00,59.42,31.42,5305,315202.00
597,597,*NOUSE*,*NOUSE*,0,0,0,0,0,0,0,0
598,598,ILSHL,,84,1445,54,247.00,92.88,56.45,3573,331853.00
599,599,*NOUSE*,*NOUSE*,0,0,0,0,0,0,0,0
600,600,RICL,,88,1212,57,209.00,85.68,50.67,3826,327816.00
601,601,*NOUSE*,*NOUSE*,0,0,0,0,0,0,0,0
602,602,*NOUSE*,*NOUSE*,0,0,0,0,0,0,0,0
603,603,ADEL,,86,1183,64,229.00,97.59,53.30,3385,330330.00
604,604,*NOUSE*,*NOUSE*,0,0,0,0,0,0,0,0
605,605,*NOUSE*,*NOUSE*,0,0,0,0,0,0,0,0
606,606,AWBL,,86,1252,83,205.00,80.15,48.47,3700,296567.00
607,607,ILSOL,,83,1478,58,221.00,84.00,50.18,3617,303844.00
608,608,*NOUSE*,*NOUSE*,0,0,0,0,0,0,0,0
609,609,AWCL,,87,1273,54,178.00,71.75,41.29,4897,351357.00
610,610,ADAL,,88,1177,55,226.00,79.13,50.38,3939,311676.00
611,611,*NOUSE*,*NOUSE*,0,0,0,0,0,0,0,0
612,612,AFDL,,86,1278,70,182.00,72.69,43.66,4266,310109.00
613,613,AVAL,,86,1295,69,212.00,85.09,51.76,3632,309048.00
614,614,RMDVL,,87,1310,73,210.00,67.81,45.16,4763,322956.00
615,615,XXXL,,85,1378,54,233.00,82.35,52.19,3905,321581.00
616,616,*NOUSE*,*NOUSE*,0,0,0,0,0,0,0,0
617,617,IL2L,,87,1377,69,218.00,72.07,47.27,4813,346895.00
618,618,*NOUSE*,*NOUSE*,0,0,0,0,0,0,0,0
619,619,*NOUSE*,*NOUSE*,0,0,0,0,0,0,0,0
620,620,*NOUSE*,*NOUSE*,0,0,0,0,0,0,0,0
621,621,ASJL,,87,1237,54,148.00,67.24,34.75,4767,320538.00
622,622,RMGL,,88,1160,57,181.00,63.02,40.65,4668,294191.00
623,623,*NOUSE*,*NOUSE*,0,0,0,0,0,0,0,0
624,624,AINL,,89,1194,75,234.00,84.33,55.36,3965,334360.00
625,625,H0L,,90,1469,66,167.00,57.79,37.87,4685,270742.00
626,626,*NOUSE*,*NOUSE*,0,0,0,0,0,0,0,0
627,627,*NOUSE*,*NOUSE*,0,0,0,0,0,0,0,0
628,628,*NOUSE*,*NOUSE*,0,0,0,0,0,0,0,0
629,629,ASHL,,89,1258,66,176.00,66.62,41.45,4829,321699.00
630,630,*NOUSE*,*NOUSE*,0,0,0,0,0,0,0,0
631,631,*NOUSE*,*NOUSE*,0,0,0,0,0,0,0,0
632,632,*NOUSE*,*NOUSE*,0,0,0,0,0,0,0,0
633,633,*NOUSE*,*NOUSE*,0,0,0,0,0,0,0,0
634,634,AVDL,,91,1219,74,223.00,85.50,58.36,3347,286160.00
635,635,ASEL,,91,1237,72,173.00,66.36,42.00,4492,298096.00
636,636,*NOUSE*,*NOUSE*,0,0,0,0,0,0,0,0
637,637,*NOUSE*,*NOUSE*,0,0,0,0,0,0,0,0
638,638,DA7,*MANUAL*,61,436,45,186.00,101.21,34.23,1242,125699.00
639,639,DD3,*MANUAL*,58,832,40,193.00,110.89,34.16,1339,148479.00
640,640,DA3,*MANUAL*,58,958,44,157.00,77.74,37.65,1365,106117.00
641,641,INVR1,*MANUAL*$158$159,49,1045,53,81.00,31.52,12.87,6699,211124.00
642,642,*NOUSE*,*NOUSE*,0,0,0,0,0,0,0,0
643,643,INDL1,*MANUAL*$513$642,76,1046,84,90.00,35.64,15.79,6343,226072.00
644,644,IND2,*MANUAL*$319$330,60,1008,96,67.00,30.10,10.36,5720,172160.00
645,645,*NOUSE*,*NOUSE*,0,0,0,0,0,0,0,0
646,646,IND3,*MANUAL*$645$439,69,941,100,62.00,24.82, 7.52,7588,188358.00
647,647,IND4,*MANUAL*,61,874,89,63.00,25.44, 8.77,2103,53509.00
648,648,INV4,*MANUAL*,57,839,54,61.00,27.32, 9.11,4100,112029.00
649,649,*NOUSE*,*NOUSE*,0,0,0,0,0,0,0,0
650,650,INV6,*MANUAL*$228$239,56,659,68,68.00,26.80, 8.28,7109,190487.00
651,651,IND6,*MANUAL*,65,593,87,86.00,28.53,11.13,4121,117554.00
652,652,IND7,*MANUAL*$398$399,67,511,80,71.00,28.35,10.24,6361,180325.00
653,653,*NOUSE*,*NOUSE*,0,0,0,0,0,0,0,0
654,654,IND9,*MANUAL*,65,367,85,92.00,54.03,11.45,1298,70126.00
655,655,ALML,*MANUAL*,80,866,89,166.00,74.69,38.65,1365,101949.00
656,656,CANL,*MANUAL*,85,746,62,171.00,94.21,27.74,1322,124551.00
657,657,Z2,*MANUAL*$171$177,53,728,61,127.00,40.27,20.57,9997,402617.00
658,658,Z3,*MANUAL*$304$270,64,688,53,140.00,42.77,23.42,12244,523713.00
659,659,HYP7LC1,*MANUAL*$604$593,86,994,74,92.00,33.65,15.11,6635,223257.00
660,660,HYP7LC2,*MANUAL*$595$605,84,893,84,96.00,32.18,15.40,6554,210937.00
661,661,HYP7LC3,*MANUAL*$627$623$626,87,774,76,89.00,31.01,13.79,6458,200271.00
662,662,*NOUSE*,*NOUSE*,0,0,0,0,0,0,0,0
663,663,HYP7LC4,*MANUAL*$662$584,82,590,77,103.00,31.44,15.80,5469,171938.00
664,664,HYP7LC5,*MANUAL*$571$572,80,471,77,90.00,33.44,15.97,6121,204696.00
665,665,HYP7LC6,*MANUAL*$538$588$556,79,321,78,97.00,36.10,16.87,5511,198953.00
666,666,V1L,*MANUAL*$602$601,87,1035,63,133.00,43.49,25.53,6032,262324.00
667,667,V3L,*MANUAL*$591$599,86,817,59,127.00,38.85,21.91,6028,234184.00
668,668,P5/6L,*MANUAL*$589$597,85,760,48,120.00,42.68,22.37,6600,281715.00
669,669,*NOUSE*,*NOUSE*,0,0,0,0,0,0,0,0
670,670,QL,*MANUAL*$536$567,81,567,60,129.00,43.51,25.85,5121,222810.00
671,671,V6L,*MANUAL*$474$555,79,430,61,107.00,37.33,20.42,5831,217688.00
672,672,P11/12L,*MANUAL*,78,357,58,118.00,51.90,25.33,2103,109141.00
673,673,HYP7RC1,*MANUAL*$70$80,40,978,95,76.00,29.09,11.21,5308,154388.00
674,674,HYP7RC2,,39,880,91,85.00,31.98,13.31,3125,99946.00
675,675,HYP7RC3,*MANUAL*$139$138,45,753,87,70.00,27.61, 9.51,4754,131258.00
676,676,HYP7RC4,*MANUAL*$154$155,46,620,89,76.00,30.26,12.23,5170,156419.00
677,677,HYP7RC6,*MANUAL*,46,306,80,109.00,43.53,22.71,2653,115495.00
678,678,V1R,*MANUAL*$41$56,37,1016,74,87.00,34.10,16.59,4467,152307.00
679,679,V2R,*MANUAL*$28$57$49,36,928,78,86.00,31.34,14.21,4776,149682.00
680,680,P5/6R,*MANUAL*$87$90,40,762,60,96.00,37.27,18.45,5044,187995.00
681,681,V4R,*MANUAL*$74$76,40,668,69,87.00,32.77,14.65,5204,170559.00
682,682,P7/8R,*MANUAL*$101$102,42,624,61,90.00,35.98,18.15,4370,157220.00
683,683,P9/10R,*MANUAL*$147$148,45,500,55,100.00,36.63,19.50,4437,162511.00
684,684,*NOUSE*,*NOUSE*,0,0,0,0,0,0,0,0
685,685,V6R,*MANUAL*$684$149,45,440,66,99.00,35.33,17.83,4977,175835.00
686,686,IMR,*MANUAL*,48,389,61,125.00,61.36,26.53,2103,129031.00
687,687,*NOUSE*,*NOUSE*,0,0,0,0,0,0,0,0
688,688,QR,*MANUAL*,42,575,64,96.00,48.21,18.90,2969,143144.00
689,689,M,*MANUAL*$180$197,50,583,76,98.00,31.92,15.20,5490,175236.00
690,690,VR1,*MANUAL*,41,1501,60,173.00,69.90,31.21,2670,186635.00
691,691,VR4,*MANUAL*$51$62,40,1413,50,131.00,55.80,24.83,3633,202737.00
692,692,VR5,*MANUAL*,43,1351,40,143.00,74.01,29.99,1297,95994.00
693,693,VR6,*MANUAL*,37,1336,50,138.00,69.24,26.93,978,67718.00
694,694,DR2,*MANUAL*,48,1478,93,188.00,90.19,35.72,1364,123017.00
695,695,DR4,*MANUAL*,46,1419,97,176.00,95.20,24.18,1365,129947.00
696,696,DR6,*MANUAL*,45,1328,101,143.00,55.32,29.54,2103,116341.00
697,697,DR5,*MANUAL*,46,1344,102,214.00,77.16,36.19,1323,102082.00
698,698,VL1,*MANUAL*$551$574,80,1519,52,151.00,63.78,32.53,2959,188715.00
699,699,VL2,*MANUAL*,75,1498,42,156.00,75.88,33.55,1291,97963.00
700,700,VL3,*MANUAL*$404$403,69,1460,37,171.00,58.97,34.13,4205,247982.00
701,701,VL5,*MANUAL*,69,1344,35,178.00,91.75,37.46,1339,122849.00
702,702,VL6,*MANUAL*,76,1323,41,169.00,65.92,35.28,1337,88136.00
703,703,DL3,*MANUAL*$550$579,79,1456,91,157.00,58.13,27.35,5179,301068.00
704,704,DL5,*MANUAL*,77,1342,99,161.00,65.14,34.11,1996,130018.00
705,705,DL6,*MANUAL*$573$620,83,1333,90,177.00,65.34,32.75,3929,256707.00
706,706,VL8,*MANUAL*$523$540,76,1174,38,174.00,65.72,33.49,4830,317435.00
707,707,VL11,*MANUAL*,65,970,41,160.00,59.58,36.52,2103,125291.00
708,708,VL13,*MANUAL*$367$355,66,882,41,162.00,48.55,32.75,5685,275987.00
709,709,VL14,*MANUAL*$453$468,74,804,41,157.00,46.93,30.69,5565,261145.00
710,710,CCLA,*MANUAL*,76,845,47,193.00,99.55,42.78,1365,135888.00
711,711,VL16,*MANUAL*,72,641,47,159.00,75.58,32.27,1781,134610.00
712,712,DD4,*MANUAL*,63,638,44,170.00,82.36,41.47,2103,173196.00
713,713,VL18,*MANUAL*,69,431,49,170.00,70.08,40.67,2103,147374.00
714,714,VR10,*MANUAL*$95$119,43,1080,44,127.00,45.01,25.16,4789,215543.00
715,715,VR11,*MANUAL*$141$142,47,1025,39,119.00,40.67,23.41,5178,210612.00
716,716,VR12,*MANUAL*$86$120,43,941,54,117.00,38.68,21.50,4326,167343.00
717,717,VR14,*MANUAL*,42,839,50,111.00,50.86,18.52,2103,106959.00
718,718,*NOUSE*,*NOUSE*,0,0,0,0,0,0,0,0
719,719,VR19,*MANUAL*$201$223,52,433,52,144.00,45.96,29.05,4396,202026.00
720,720,DR13,*MANUAL*$262$312,58,929,111,160.00,46.50,30.27,4803,223347.00
721,721,DR16,*MANUAL*$245$290,56,739,93,125.00,42.67,24.26,3804,162322.00
722,722,DR18,*MANUAL*,59,579,99,138.00,59.82,28.97,2103,125794.00
723,723,DR19,*MANUAL*$246$278,56,484,94,141.00,45.41,28.33,4773,216763.00
724,724,DR20,*MANUAL*,58,425,92,163.00,62.92,30.52,2073,130438.00
725,725,DL10,*MANUAL*$436$580,79,1075,94,150.00,42.50,26.76,5643,239837.00
726,726,DL13,*MANUAL*,73,883,100,132.00,60.73,27.85,2103,127720.00
727,727,DL17,*MANUAL*,74,602,95,153.00,68.26,35.81,2103,143547.00
728,728,DL19,*MANUAL*$463$499,73,451,88,141.00,44.86,29.04,4998,224230.00
729,729,DL20,*MANUAL*,74,376,87,141.00,60.36,29.65,2103,126933.00
730,730,ALNL,*MANUAL*,69,254,75,187.00,101.29,40.42,2103,213018.00
731,731,LUAL,*MANUAL*,72,275,75,207.00,116.27,51.40,1363,158479.00
732,732,PHBL,*MANUAL*,74,288,69,178.00,98.78,36.36,2052,202694.00
733,733,PHAL,*MANUAL*,73,291,57,177.00,85.16,44.64,1365,116247.00
734,734,SPH,*MANUAL*,73,343,61,200.00,91.74,45.76,1290,118342.00
735,735,K,*MANUAL*,68,298,76,170.00,89.62,32.58,1365,122329.00
736,736,DVC,*MANUAL*,62,255,59,168.00,96.87,24.66,1981,191892.00
737,737,DD6,*MANUAL*,62,343,59,201.00,117.50,40.08,2077,244045.00
738,738,PVCR,*MANUAL*,53,259,67,186.00,102.04,33.95,2033,207444.00
739,739,LUAR,*MANUAL*,51,270,72,201.00,124.11,32.79,1365,169405.00
740,740,PVPR,*MANUAL*,55,354,56,189.00,113.32,31.58,1354,153439.00
741,741,IML,*MANUAL*$471$543,73,377,54,172.00,50.95,32.97,4420,225180.00
742,742,K',*MANUAL*,55,308,76,173.00,101.23,28.49,1362,137879.00
743,743,DR21,*MANUAL*,55,296,83,144.00,67.11,27.56,2103,141125.00
744,744,HYP7ABLD,*MANUAL*,87,1081,70,107.00,50.46,19.44,2103,106114.00
745,745,HYP7ABLV,*MANUAL*$611$616,87,1094,58,101.00,37.51,18.35,7534,282636.00
746,746,HYP7ABRV,*MANUAL*$35$46$47,35,1081,65,79.00,29.59,11.69,4923,145691.00
747,747,*NOUSE*,*NOUSE*,0,0,0,0,0,0,0,0
748,748,HYP7ABRD,*MANUAL*,35,1110,85,113.00,48.05,21.56,2103,101041.00
749,749,VPI2V,*MANUAL*,57,1108,51,204.00,108.20,40.99,1365,147690.00
750,750,VPI2DR,*MANUAL*,49,1109,87,200.00,91.02,42.72,2103,191420.00
751,751,PM8,*MANUAL*,53,1115,62,169.00,81.83,30.15,1343,109893.00
752,752,G2R,*MANUAL*,47,1123,57,181.00,101.27,32.95,1365,138232.00
753,753,G2L,*MANUAL*,63,1124,48,217.00,123.27,44.00,1365,168264.00
754,754,PM5VL,*MANUAL*,63,1187,55,202.00,129.76,24.92,1187,154027.00
755,755,PM5VR,*MANUAL*,54,1186,60,187.00,127.80,21.68,1269,162178.00
756,756,M3L,*MANUAL*,65,1352,60,229.00,131.29,46.76,1359,178429.00
757,757,I3,*MANUAL*,64,1380,85,226.00,126.51,42.91,1365,172682.00
758,758,PM4VR,*MANUAL*,56,1396,47,165.00,81.81,29.97,2103,172041.00
759,759,PM4R,*MANUAL*,51,1396,73,170.00,92.73,32.03,1365,126571.00
760,760,MI,*MANUAL*,67,1396,90,220.00,140.37,39.07,1233,173079.00
761,761,PM4DL,*MANUAL*,73,1390,83,208.00,112.98,28.80,1323,149468.00
762,762,PM4DR,*MANUAL*,57,1395,87,199.00,109.52,31.31,1359,148836.00
763,763,PM1DL,*MANUAL*,67,1413,87,230.00,141.86,53.27,679,96326.00
764,764,PM1DR,*MANUAL*,62,1417,86,245.00,163.57,37.64,803,131347.00
765,765,MC1DR,*MANUAL*,54,1418,81,217.00,127.15,24.83,895,113801.00
766,766,PM1L,*MANUAL*,76,1418,60,254.00,180.24,40.20,783,141131.00
767,767,PM1R,*MANUAL*,53,1418,62,215.00,132.30,35.50,751,99356.00
768,768,PM1VL,*MANUAL*,71,1418,51,251.00,171.31,48.05,712,121976.00
769,769,PM1VR,*MANUAL*,53,1418,54,208.00,121.93,44.01,884,107786.00
770,770,MC1V,*MANUAL*,63,1416,47,237.00,135.86,34.86,1365,185453.00
771,771,PM3R,*MANUAL*$255$241,53,1456,66,157.00,60.60,31.07,3937,238591.00
772,772,*NOUSE*,*NOUSE*,0,0,0,0,0,0,0,0
773,773,PM3DL,*MANUAL*,69,1488,79,155.00,68.33,25.58,1852,126551.00
774,774,E1D,*MANUAL*,63,1488,86,209.00,110.57,39.66,1365,150928.00
775,775,PM3VR,*MANUAL*,53,1500,56,146.00,80.24,20.34,1237,99263.00
776,776,PM3VL,*MANUAL*,65,1500,56,166.00,79.34,24.55,1219,96715.00
777,777,E1VL,*MANUAL*,73,1505,58,216.00,97.13,47.64,1365,132577.00
778,778,E1VR,*MANUAL*,49,1494,63,204.00,87.41,46.08,1365,119311.00
779,779,PM2VR2,*MANUAL*,49,1516,62,215.00,86.80,57.16,1365,118483.00
780,780,PM2VL2,*MANUAL*,71,1527,55,211.00,111.05,42.13,1365,151579.00
781,781,PM2VL1,*MANUAL*,71,1543,54,216.00,105.12,48.78,1365,143485.00
782,782,PM2VR1,*MANUAL*,51,1536,62,212.00,86.51,54.41,1365,118091.00
783,783,PM2D1,*MANUAL*,65,1538,84,177.00,90.23,35.17,1365,123163.00
784,784,PM2D2,*MANUAL*,64,1519,83,199.00,102.87,42.48,1365,140413.00
785,785,H2L,*MANUAL*$636$632,91,1148,71,136.00,49.01,26.31,4792,234840.00
786,786,H1L,*MANUAL*,89,1333,67,142.00,72.29,29.54,1791,129476.00
787,787,AUAL,*MANUAL*,88,1255,51,234.00,135.23,48.20,1365,184584.00
788,788,AUAR,*MANUAL*,37,1258,62,183.00,113.05,25.24,1365,154319.00
789,789,AVDR,*MANUAL*,36,1217,84,188.00,101.93,39.85,1365,139132.00
790,790,RICR,*MANUAL*,35,1213,70,161.00,107.06,21.58,1365,146132.00
791,791,FLPL,*MANUAL*,89,1195,59,212.00,134.11,38.82,1365,183057.00
792,792,AVJL,*MANUAL*,87,1208,76,227.00,126.28,49.85,2103,265574.00
793,793,SMDVL,*MANUAL*,84,1289,84,210.00,111.82,44.88,1363,152411.00
794,794,SIBDL,*MANUAL*,83,1289,53,240.00,139.53,54.34,1287,179580.00
795,795,*NOUSE*,*NOUSE*,0,0,0,0,0,0,0,0
796,796,ADAR,*MANUAL*,34,1193,70,165.00,102.11,22.98,1269,129580.00
797,797,FLPR,*MANUAL*,35,1201,81,185.00,96.32,40.96,1301,125313.00
798,798,ADER,*MANUAL*,37,1190,80,203.00,109.82,39.14,1365,149910.00
799,799,AINR,*MANUAL*,41,1196,91,180.00,84.11,45.52,1303,109594.00
800,800,AVJR,*MANUAL*,41,1206,94,223.00,125.89,40.80,869,109402.00
801,801,AVHR,*MANUAL*,42,1221,98,201.00,111.24,43.52,801,89106.00
802,802,SIBDR,*MANUAL*,37,1293,65,192.00,125.68,31.47,895,112480.00
803,803,SMDVR,*MANUAL*,42,1297,92,189.00,106.60,33.76,1267,135068.00
804,804,RMDDR,*MANUAL*,39,1297,46,201.00,93.19,46.99,1299,121050.00
805,805,SMDDL,*MANUAL*,75,1282,38,214.00,121.69,37.27,2069,251775.00
806,806,RIVR,*MANUAL*,51,1210,97,211.00,128.10,36.48,1365,174860.00
807,807,ASIR,*MANUAL*,51,1226,97,203.00,90.38,38.18,2103,190075.00
808,808,URXR,*MANUAL*,60,1291,98,184.00,117.89,31.47,1312,154667.00
809,809,GLRDR,*MANUAL*,59,1308,91,234.00,123.49,49.66,1239,153009.00
810,810,SAAVR,*MANUAL*,50,1303,88,233.00,146.22,37.02,1365,199586.00
811,811,RIAR,*MANUAL*,50,1287,94,195.00,116.29,28.14,1365,158736.00
812,812,AVBR,*MANUAL*,48,1219,84,180.00,108.17,35.43,1365,147652.00
813,813,AIZR,*MANUAL*,47,1207,74,190.00,105.50,36.69,1365,144007.00
814,814,RIMR,*MANUAL*,44,1223,70,189.00,104.81,29.51,1365,143060.00
815,815,GLRR,*MANUAL*,46,1302,64,203.00,122.80,31.25,788,96765.00
816,816,GLRVR,*MANUAL*,47,1306,56,227.00,132.77,43.38,1365,181225.00
817,817,SAADR,*MANUAL*,48,1293,49,239.00,149.27,31.31,1365,203755.00
818,818,SIADR,*MANUAL*,48,1257,55,205.00,133.55,31.45,878,117258.00
819,819,SMDDR,*MANUAL*,47,1271,45,236.00,135.87,27.41,1208,164134.00
820,820,AVKR,*MANUAL*,44,1189,58,167.00,116.68,22.01,1365,159270.00
821,821,CEPDL,*MANUAL*,79,1302,92,229.00,136.47,42.36,862,117638.00
822,822,GLRDL,*MANUAL*,70,1306,87,247.00,159.16,44.53,1287,204834.00
823,823,SAAVL,*MANUAL*,74,1299,79,225.00,125.16,46.72,1365,170847.00
824,824,RIAL,*MANUAL*,74,1282,82,213.00,102.85,48.00,1365,140391.00
825,825,AVEL,*MANUAL*,75,1289,64,230.00,149.24,39.30,1351,201622.00
826,826,AVBL,*MANUAL*,78,1221,74,210.00,132.39,38.41,1359,179919.00
827,827,AIZL,*MANUAL*,79,1206,65,206.00,134.21,38.22,1365,183195.00
828,828,RIML,*MANUAL*,83,1221,62,216.00,146.15,29.86,1365,199496.00
829,829,GLRVL,*MANUAL*,61,1306,53,240.00,150.83,47.11,1291,194716.00
830,830,*NOUSE*,*NOUSE*,0,0,0,0,0,0,0,0
831,831,RMDDL,*MANUAL*,75,1301,43,224.00,134.59,40.34,1309,176179.00
832,832,SIBVL,*MANUAL*,75,1283,51,235.00,149.59,38.34,1365,204195.00
833,833,SAADL,*MANUAL*,66,1294,44,233.00,166.35,25.15,1313,218413.00
834,834,SMBVL,*MANUAL*,66,1272,44,213.00,141.13,32.36,1364,192507.00
835,835,SIADL,*MANUAL*,76,1259,48,248.00,160.25,45.62,1252,200627.00
836,836,AIAL,*MANUAL*,65,1257,47,225.00,159.66,31.14,1287,205479.00
837,837,*NOUSE*,*NOUSE*,0,0,0,0,0,0,0,0
838,838,EXC DUCT,*MANUAL*,70,1243,54,185.00,112.58,34.67,1365,153675.00
839,839,W,*MANUAL*$313$296,59,1236,34,181.00,69.46,33.52,4487,311683.00
840,840,SABVR,*MANUAL*,57,1211,46,235.00,143.78,39.51,1231,176999.00
841,841,AIYL,*MANUAL*,78,1209,46,230.00,138.18,44.07,1332,184061.00
842,842,RIFL,*MANUAL*,64,1196,41,224.00,157.17,35.80,1057,166127.00
843,843,RIGL,*MANUAL*,62,1176,35,198.00,126.27,38.91,1365,172354.00
844,844,AVG,*MANUAL*,55,1190,40,209.00,133.58,28.97,1295,172991.00
845,845,SABVL,*MANUAL*,59,1204,38,242.00,162.77,35.59,1362,221696.00
846,846,SABD,*MANUAL*,46,1182,42,190.00,112.76,34.53,1365,153911.00
847,847,*NOUSE*,*NOUSE*,0,0,0,0,0,0,0,0
848,848,URBL,*MANUAL*,84,1357,68,231.00,147.04,35.35,1145,168364.00
849,849,RMEL,*MANUAL*,80,1335,69,228.00,146.10,33.15,1365,199431.00
850,850,CEPSHDL,*MANUAL*$548$586,81,1329,81,213.00,73.63,42.62,4649,342292.00
851,851,URYDL,*MANUAL*,79,1348,84,221.00,140.69,34.08,1345,189226.00
852,852,OLLL,*MANUAL*,77,1361,73,240.00,147.04,35.98,1365,200703.00
853,853,OLQDL,*MANUAL*,70,1345,92,234.00,155.06,28.06,1365,211652.00
854,854,RMED,*MANUAL*,59,1341,101,230.00,144.21,32.54,1365,196846.00
855,855,IL1DL,*MANUAL*,66,1358,91,227.00,149.17,34.75,1330,198402.00
856,856,*NOUSE*,*NOUSE*,0,0,0,0,0,0,0,0
857,857,I2L,*MANUAL*,75,1394,50,233.00,139.99,42.29,1365,191090.00
858,858,BAGL,*MANUAL*,82,1339,55,192.00,113.93,36.93,1238,141047.00
859,859,*NOUSE*,*NOUSE*,0,0,0,0,0,0,0,0
860,860,CEPSHVL,*MANUAL*,74,1331,49,220.00,107.16,40.69,1365,146269.00
861,861,RMEV,*MANUAL*,55,1330,41,216.00,129.66,35.49,1184,153518.00
862,862,OLQVL,*MANUAL*,68,1345,50,228.00,133.22,43.88,1357,180775.00
863,863,CEPVL,*MANUAL*,61,1338,41,235.00,153.72,28.53,1365,209828.00
864,864,URAVL,*MANUAL*,65,1355,39,225.00,152.26,36.48,1208,183925.00
865,865,IL1VR,*MANUAL*,54,1353,45,216.00,130.28,35.18,879,114516.00
866,866,IL1VL,*MANUAL*,58,1364,40,223.00,126.25,50.10,1365,172336.00
867,867,*NOUSE*,*NOUSE*,0,0,0,0,0,0,0,0
868,868,URYDR,*MANUAL*,42,1361,94,226.00,138.67,37.04,846,117311.00
869,869,RMER,*MANUAL*,42,1342,81,185.00,107.36,28.13,1274,136782.00
870,870,RIPR,*MANUAL*,45,1356,81,183.00,118.15,28.93,1365,161270.00
871,871,OLQDR,*MANUAL*,52,1353,100,214.00,138.44,37.12,1359,188145.00
872,872,IL1DR,*MANUAL*,52,1364,93,218.00,138.67,39.04,1365,189291.00
873,873,IL2DR,*MANUAL*,54,1407,99,201.00,92.47,41.69,1363,126034.00
874,874,CEPSODR,*MANUAL*,46,1400,92,198.00,117.14,35.86,1365,159895.00
875,875,OLLR,*MANUAL*,46,1376,87,170.00,108.18,25.30,1365,147669.00
876,876,URBR,*MANUAL*,38,1386,85,168.00,87.07,35.75,1365,118857.00
877,877,IL2R,*MANUAL*,38,1414,78,143.00,86.40,27.83,1087,93922.00
878,878,IL1R,*MANUAL*,40,1397,73,161.00,107.89,23.03,895,96559.00
879,879,OLQSHVR,*MANUAL*,39,1409,63,197.00,105.70,29.18,1313,138779.00
880,880,XXXR,*MANUAL*,39,1386,63,167.00,100.60,30.12,1319,132690.00
881,881,*NOUSE*,*NOUSE*,0,0,0,0,0,0,0,0
882,882,CEPSHVR,*MANUAL*,39,1340,58,161.00,88.53,29.05,1357,120138.00
883,883,CEPVR,*MANUAL*,48,1338,48,204.00,121.66,36.02,1365,166065.00
884,884,URAVR,*MANUAL*,42,1353,51,199.00,114.99,32.61,1365,156965.00
885,885,CEPSOVR,*MANUAL*,42,1384,52,166.00,103.56,27.36,1365,141363.00
886,886,I2R,*MANUAL*,48,1403,59,228.00,133.80,34.35,1305,174603.00
887,887,ILSHR,*MANUAL*,40,1424,65,217.00,131.13,31.96,1237,162209.00
888,888,HYP1L,*MANUAL*,83,1452,76,213.00,119.18,46.73,1365,162675.00
889,889,ILSHDL,*MANUAL*,82,1437,77,232.00,132.29,58.34,1309,173174.00
890,890,OLLSOL,*MANUAL*,82,1421,76,231.00,140.34,42.72,1365,191563.00
891,891,OLQSHVL,*MANUAL*,85,1421,56,253.00,143.67,46.96,1365,196115.00
892,892,HYP5R,*MANUAL*$129$111,44,1579,76,121.00,38.42,22.17,6129,235499.00
893,893,ARCPVR,*MANUAL*,39,1461,65,194.00,102.48,35.14,2020,207017.00
894,894,H0R,*MANUAL*,35,1448,76,125.00,68.13,20.17,2009,136865.00
895,895,ILSHDR,*MANUAL*,44,1443,82,205.00,117.32,31.71,1365,160142.00
896,896,*NOUSE*,*NOUSE*,0,0,0,0,0,0,0,0
897,897,HYP1V,*MANUAL*,58,1510,43,221.00,121.41,40.54,1294,157099.00
898,898,ILSOVL,*MANUAL*,65,1518,42,236.00,106.46,53.41,1365,145318.00
899,899,ILSHVR,*MANUAL*,52,1495,43,211.00,114.25,41.18,1354,154691.00
900,900,ILSHVL,*MANUAL*,65,1499,42,250.00,129.01,52.67,1365,176098.00
901,901,HYP6V1,*MANUAL*,58,1484,38,158.00,68.71,25.38,2103,144506.00
902,902,HYP6V2,*MANUAL*$250$283,56,1440,36,133.00,53.16,24.49,4425,235223.00
903,903,*NOUSE*,*NOUSE*,0,0,0,0,0,0,0,0
904,904,HYP7V2,*MANUAL*,56,1349,34,201.00,90.86,33.76,2103,191074.00
905,905,OLQSODR,*MANUAL*,58,1472,95,243.00,146.98,35.71,1091,160353.00
906,906,HYP6D1,*MANUAL*,66,1467,97,224.00,103.21,36.05,2103,217052.00
907,907,HYP6D2,*MANUAL*$391$389,66,1437,101,169.00,66.58,34.95,3848,256199.00
908,908,HYP7D1,*MANUAL*,67,1358,104,173.00,61.54,23.11,2969,182709.00
909,909,HYP7D2,*MANUAL*$465$464$505,70,1268,108,144.00,48.73,20.48,3332,162372.00
910,910,AMSHL,*MANUAL*$619$631,87,1183,85,157.00,56.07,27.58,4371,245069.00
911,911,AMSHR,*MANUAL*$71$79,40,1172,96,118.00,46.13,18.59,4041,186422.00
912,912,V4L,*MANUAL*,80,652,53,121.00,53.82,23.46,2103,113185.00
913,913,AIBR,*MANUAL*,48,1271,67,193.00,117.58,27.22,1212,142504.00
914,914,RIR,*MANUAL*,56,1264,61,198.00,106.64,37.53,2103,224260.00
915,915,DL1,*MANUAL*,82,1521,79,169.00,86.68,27.91,2103,182291.00
916,916,GLRL,*MANUAL*,68,1299,58,230.00,149.10,46.62,1365,203516.00
917,917,INV5,*MANUAL*,74,741,71,81.00,27.01,10.17,4139,111796.00
918,918,IND8,*MANUAL*,68,421,82,89.00,36.72,13.18,2969,109022.00
919,919,H1R,*MANUAL*,35,1348,77,146.00,62.16,25.60,1365,84846.00
920,920,G2,*MANUAL*,57,1263,36,218.00,119.66,49.02,1989,237996.00
921,921,*NOUSE*,*NOUSE*,0,0,0,0,0,0,0,0
922,922,*NOUSE*,*NOUSE*,0,0,0,0,0,0,0,0
923,923,IL2VL,*MANUAL*,62,1387,32,167.00,90.14,36.39,1365,123045.00
924,924,MCL,*MANUAL*,70,1404,58,252.00,119.11,54.05,895,106599.00
925,925,MCR,*MANUAL*,56,1408,59,238.00,148.70,43.24,895,133090.00
926,926,OLLSHR,*MANUAL*,37,1429,71,201.00,125.01,41.04,895,111884.00
927,927,*NOUSE*,*NOUSE*,0,0,0,0,0,0,0,0
928,928,P11/12R,*MANUAL*,45,360,61,156.00,58.57,29.89,2103,123163.00
929,929,*NOUSE*,*NOUSE*,0,0,0,0,0,0,0,0
930,930,*NOUSE*,*NOUSE*,0,0,0,0,0,0,0,0
931,931,AIAR,*MANUAL*,57,1250,50,203.00,145.53,26.01,1365,198643.00
932,932,RID,*MANUAL*,64,1325,105,178.00,86.55,40.05,1365,118147.00
933,933,*NOUSE*,*NOUSE*,0,0,0,0,0,0,0,0
934,934,AIMR,*MANUAL*,52,1214,59,228.00,142.69,29.44,1365,194772.00
935,935,ALMR,*MANUAL*,46,874,97,131.00,71.95,22.45,1365,98216.00
936,936,*NOUSE*,*NOUSE*,0,0,0,0,0,0,0,0
937,937,VPI1,*MANUAL*,61,1111,95,206.00,111.30,29.74,1365,151921.00
938,938,HYP2V,*MANUAL*,52,1472,44,210.00,88.67,50.43,1365,121034.00
939,939,SMBVR,*MANUAL*,55,1266,46,218.00,145.96,30.33,895,130634.00
940,940,OLQVR,*MANUAL*,41,1357,63,164.00,103.30,25.26,873,90184.00
941,941,URYVR,*MANUAL*,41,1365,58,155.00,86.19,26.51,895,77140.00
942,942,OLQSHDL,*MANUAL*,88,1432,71,248.00,177.29,39.23,865,153354.00
943,943,*NOUSE*,*NOUSE*,0,0,0,0,0,0,0,0
944,944,VR9,*MANUAL*$118$81,43,1112,44,152.00,50.66,27.70,5313,269172.00
945,945,DA6,*MANUAL*$427$285,60,558,41,171.00,50.85,38.34,4564,232067.00
946,946,VL17,*MANUAL*$405$392,67,528,46,139.00,44.53,27.79,5096,226926.00
947,947,EXC,*MANUAL*,65,1225,49,100.00,61.67,12.94,1365,84186.00
948,948,B,*MANUAL*$336$324,62,285,53,151.00,55.84,31.84,3814,212975.00
949,949,INV2,*MANUAL*$508$346,68,986,51,70.00,32.97,11.29,5274,173886.00
950,950,Z1,*MANUAL*$335$208,51,757,58,114.00,43.11,22.22,5007,215832.00
951,951,INVL1,*MANUAL*$554$429,73,1047,47,97.00,38.84,17.12,7126,276786.00
952,952,Z4,*MANUAL*$410$371,67,660,52,147.00,48.68,28.65,5696,277297.00
953,953,TR,*MANUAL*$212$179,52,211,70,108.00,39.88,21.13,6081,242488.00
954,954,PM3DR,*MANUAL*,61,1459,80,130.00,60.46,21.79,895,54112.00
955,955,DR14,*MANUAL*$216$203,53,854,101,143.00,43.18,25.96,3424,147835.00
956,956,f1,*MANUAL*,60,1084,68,28.00,14.01, 4.26,895,12539.00
957,957,f2,*MANUAL*,60,1053,66,36.00,16.61, 4.85,895,14866.00
958,958,f3,*MANUAL*,60,1015,67,27.00,13.84, 5.62,895,12387.00
959,959,f4,*MANUAL*,60,980,67,23.00, 8.90, 4.06,895,7962.00
960,960,f5,*MANUAL*,60,949,67,16.00, 4.49, 2.61,895,4020.00
961,961,f6,*MANUAL*,60,871,67,21.00, 9.49, 3.25,895,8491.00
962,962,f7,*MANUAL*,60,818,66,18.00, 5.32, 3.35,895,4760.00
963,963,f8,*MANUAL*,60,772,65,18.00, 6.86, 3.42,895,6141.00
964,964,f9,*MANUAL*,60,625,66,13.00, 4.00, 2.17,895,3581.00
965,965,f10,*MANUAL*,60,593,66,16.00, 7.90, 2.75,895,7069.00
966,966,CEPSODL,*MANUAL*,82,1383,80,237.00,129.01,47.37,895,115465.00
967,967,OLLSHL,*MANUAL*,91,1434,62,251.00,144.44,56.07,895,129271.00
968,968,OLQSHDR,*MANUAL*,41,1420,85,199.00,132.91,32.78,889,118161.00
969,969,OLLSOR,*MANUAL*,46,1430,84,240.00,142.95,34.94,895,127940.00
970,970,HYP1R,*MANUAL*,46,1459,82,205.00,136.25,26.73,895,121943.00
971,971,ARCPDR,*MANUAL*,41,1471,82,167.00,109.87,22.27,895,98330.00
972,972,AMSOR,*MANUAL*,38,1486,78,177.00,109.52,25.72,895,98020.00
973,973,ARCADR,*MANUAL*,38,1477,69,177.00,114.97,30.65,895,102896.00
974,974,ILSOR,*MANUAL*,41,1452,59,173.00,118.13,25.79,895,105722.00
975,975,OLQSOVR,*MANUAL*,41,1440,63,203.00,123.80,27.91,895,110802.00
976,976,ALA,*MANUAL*,66,1306,102,184.00,116.78,24.50,895,104520.00
977,977,RIH,*MANUAL*,58,1284,53,215.00,146.96,22.65,895,131532.00
978,978,G1,*MANUAL*,58,1295,35,219.00,120.99,34.04,895,108286.00
979,979,SIBVR,*MANUAL*,45,1278,55,197.00,140.65,28.35,895,125879.00
980,980,SMBDL,*MANUAL*,71,1259,34,197.00,139.24,25.40,895,124620.00
981,981,AVKL,*MANUAL*,78,1194,49,205.00,138.68,25.48,895,124123.00
982,982,CCLP,*MANUAL*,68,837,41,210.00,134.43,39.55,895,120319.00
983,983,VR18,*MANUAL*,52,538,49,128.00,62.26,19.27,1365,84985.00
984,984,VR16,*MANUAL*,51,668,52,125.00,76.71,17.35,895,68655.00
985,985,*NOUSE*,*NOUSE*,0,0,0,0,0,0,0,0
986,986,DB1,*MANUAL*,46,1163,40,178.00,115.24,26.72,895,103141.00
987,987,EXC GL R,*MANUAL*,36,1169,59,146.00,89.19,18.09,884,78842.00
988,988,DD1,*MANUAL*,58,1157,32,186.00,116.75,36.12,1365,159359.00
989,989,RIFR,*MANUAL*,49,1200,44,206.00,148.61,24.75,895,133007.00
990,990,VR8,*MANUAL*,36,1165,49,139.00,76.91,20.34,895,68830.00
