0,0,*NOUSE*,*NOUSE*,0,0,0,0,0,0,0,0
1,1,*NOUSE*,*NOUSE*,0,0,0,0,0,0,0,0
2,2,*NOUSE*,*NOUSE*,0,0,0,0,0,0,0,0
3,3,*NOUSE*,*NOUSE*,0,0,0,0,0,0,0,0
4,4,V3L,,44,787,72,122.00,55.15,23.21,2116,116697.00
5,5,*NOUSE*,*NOUSE*,0,0,0,0,0,0,0,0
6,6,*NOUSE*,*NOUSE*,0,0,0,0,0,0,0,0
7,7,*NOUSE*,*NOUSE*,0,0,0,0,0,0,0,0
8,8,P1/2L,,44,934,79,149.00,78.71,23.42,1529,120341.00
9,9,*NOUSE*,*NOUSE*,0,0,0,0,0,0,0,0
10,10,*NOUSE*,*NOUSE*,0,0,0,0,0,0,0,0
11,11,*NOUSE*,*NOUSE*,0,0,0,0,0,0,0,0
12,12,*NOUSE*,*NOUSE*,0,0,0,0,0,0,0,0
13,13,*NOUSE*,*NOUSE*,0,0,0,0,0,0,0,0
14,14,H0L,,47,1412,80,136.00,58.66,24.69,2795,163941.00
15,15,*NOUSE*,*NOUSE*,0,0,0,0,0,0,0,0
16,16,*NOUSE*,*NOUSE*,0,0,0,0,0,0,0,0
17,17,*NOUSE*,*NOUSE*,0,0,0,0,0,0,0,0
18,18,*NOUSE*,*NOUSE*,0,0,0,0,0,0,0,0
19,19,OLQshDL,,46,1386,68,191.00,89.30,36.24,1442,128768.00
20,20,*NOUSE*,*NOUSE*,0,0,0,0,0,0,0,0
21,21,*NOUSE*,*NOUSE*,0,0,0,0,0,0,0,0
22,22,CEPsoDL,,48,1351,61,200.00,80.90,41.43,2160,174743.00
23,23,*NOUSE*,*NOUSE*,0,0,0,0,0,0,0,0
24,24,BAGL,,49,1315,79,191.00,75.04,35.37,2533,190082.00
25,25,OLLshl,,48,1368,82,227.00,81.75,40.87,2283,186635.00
26,26,*NOUSE*,*NOUSE*,0,0,0,0,0,0,0,0
27,27,*NOUSE*,*NOUSE*,0,0,0,0,0,0,0,0
28,28,*NOUSE*,*NOUSE*,0,0,0,0,0,0,0,0
29,29,HSNL,,47,690,70,169.00,82.21,33.30,1711,140663.00
30,30,*NOUSE*,*NOUSE*,0,0,0,0,0,0,0,0
31,31,*NOUSE*,*NOUSE*,0,0,0,0,0,0,0,0
32,32,OLQshVL,,49,1386,82,217.00,99.74,40.49,1604,159977.00
33,33,*NOUSE*,*NOUSE*,0,0,0,0,0,0,0,0
34,34,*NOUSE*,*NOUSE*,0,0,0,0,0,0,0,0
35,35,*NOUSE*,*NOUSE*,0,0,0,0,0,0,0,0
36,36,*NOUSE*,*NOUSE*,0,0,0,0,0,0,0,0
37,37,*NOUSE*,*NOUSE*,0,0,0,0,0,0,0,0
38,38,*NOUSE*,*NOUSE*,0,0,0,0,0,0,0,0
39,39,*NOUSE*,*NOUSE*,0,0,0,0,0,0,0,0
40,40,*NOUSE*,*NOUSE*,0,0,0,0,0,0,0,0
41,41,URYDL,,53,1316,56,211.00,90.19,42.89,2528,228010.00
42,42,*NOUSE*,*NOUSE*,0,0,0,0,0,0,0,0
43,43,*NOUSE*,*NOUSE*,0,0,0,0,0,0,0,0
44,44,QL,,51,547,68,120.00,51.88,20.80,2515,130468.00
45,45,*NOUSE*,*NOUSE*,0,0,0,0,0,0,0,0
46,46,*NOUSE*,*NOUSE*,0,0,0,0,0,0,0,0
47,47,*NOUSE*,*NOUSE*,0,0,0,0,0,0,0,0
48,48,*NOUSE*,*NOUSE*,0,0,0,0,0,0,0,0
49,49,*NOUSE*,*NOUSE*,0,0,0,0,0,0,0,0
50,50,*NOUSE*,*NOUSE*,0,0,0,0,0,0,0,0
51,51,*NOUSE*,*NOUSE*,0,0,0,0,0,0,0,0
52,52,ILshL,,54,1398,92,197.00,68.46,38.44,2762,189083.00
53,53,*NOUSE*,*NOUSE*,0,0,0,0,0,0,0,0
54,54,CEPshVL,,54,1301,88,191.00,85.71,37.40,1344,115195.00
55,55,*NOUSE*,*NOUSE*,0,0,0,0,0,0,0,0
56,56,*NOUSE*,*NOUSE*,0,0,0,0,0,0,0,0
57,57,*NOUSE*,*NOUSE*,0,0,0,0,0,0,0,0
58,58,*NOUSE*,*NOUSE*,0,0,0,0,0,0,0,0
59,59,*NOUSE*,*NOUSE*,0,0,0,0,0,0,0,0
60,60,*NOUSE*,*NOUSE*,0,0,0,0,0,0,0,0
61,61,*NOUSE*,*NOUSE*,0,0,0,0,0,0,0,0
62,62,*NOUSE*,*NOUSE*,0,0,0,0,0,0,0,0
63,63,*NOUSE*,*NOUSE*,0,0,0,0,0,0,0,0
64,64,*NOUSE*,*NOUSE*,0,0,0,0,0,0,0,0
65,65,*NOUSE*,*NOUSE*,0,0,0,0,0,0,0,0
66,66,IL2DL,,57,1346,49,179.00,83.23,33.06,3138,261182.00
67,67,*NOUSE*,*NOUSE*,0,0,0,0,0,0,0,0
68,68,PVQL,,58,300,65,142.00,63.18,26.45,2727,172295.00
69,69,AIBL,,59,1234,72,189.00,74.80,44.16,2848,213034.00
70,70,*NOUSE*,*NOUSE*,0,0,0,0,0,0,0,0
71,71,*NOUSE*,*NOUSE*,0,0,0,0,0,0,0,0
72,72,*NOUSE*,*NOUSE*,0,0,0,0,0,0,0,0
73,73,*NOUSE*,*NOUSE*,0,0,0,0,0,0,0,0
74,74,*NOUSE*,*NOUSE*,0,0,0,0,0,0,0,0
75,75,*NOUSE*,*NOUSE*,0,0,0,0,0,0,0,0
76,76,PHAL,,62,286,71,161.00,81.36,31.36,1844,150030.00
77,77,*NOUSE*,*NOUSE*,0,0,0,0,0,0,0,0
78,78,*NOUSE*,*NOUSE*,0,0,0,0,0,0,0,0
79,79,*NOUSE*,*NOUSE*,0,0,0,0,0,0,0,0
80,80,MC1DL,,63,1389,64,169.00,65.34,27.06,1893,123687.00
81,81,PM4L,,60,1365,75,145.00,81.68,26.16,940,76779.00
82,82,*NOUSE*,*NOUSE*,0,0,0,0,0,0,0,0
83,83,*NOUSE*,*NOUSE*,0,0,0,0,0,0,0,0
84,84,*NOUSE*,*NOUSE*,0,0,0,0,0,0,0,0
85,85,*NOUSE*,*NOUSE*,0,0,0,0,0,0,0,0
86,86,*NOUSE*,*NOUSE*,0,0,0,0,0,0,0,0
87,87,*NOUSE*,*NOUSE*,0,0,0,0,0,0,0,0
88,88,*NOUSE*,*NOUSE*,0,0,0,0,0,0,0,0
89,89,ILsODL,,62,1480,47,200.00,94.30,36.70,1785,168333.00
90,90,*NOUSE*,*NOUSE*,0,0,0,0,0,0,0,0
91,91,*NOUSE*,*NOUSE*,0,0,0,0,0,0,0,0
92,92,*NOUSE*,*NOUSE*,0,0,0,0,0,0,0,0
93,93,*NOUSE*,*NOUSE*,0,0,0,0,0,0,0,0
94,94,SMBVL,,63,1237,93,230.00,113.06,33.37,1365,154328.00
95,95,*NOUSE*,*NOUSE*,0,0,0,0,0,0,0,0
96,96,*NOUSE*,*NOUSE*,0,0,0,0,0,0,0,0
97,97,*NOUSE*,*NOUSE*,0,0,0,0,0,0,0,0
98,98,*NOUSE*,*NOUSE*,0,0,0,0,0,0,0,0
99,99,*NOUSE*,*NOUSE*,0,0,0,0,0,0,0,0
100,100,*NOUSE*,*NOUSE*,0,0,0,0,0,0,0,0
101,101,*NOUSE*,*NOUSE*,0,0,0,0,0,0,0,0
102,102,*NOUSE*,*NOUSE*,0,0,0,0,0,0,0,0
103,103,RID,,73,1292,40,188.00,68.24,38.19,4769,325439.00
104,104,*NOUSE*,*NOUSE*,0,0,0,0,0,0,0,0
105,105,*NOUSE*,*NOUSE*,0,0,0,0,0,0,0,0
106,106,MC3V,,70,1088,98,196.00,105.68,39.88,1479,156294.00
107,107,*NOUSE*,*NOUSE*,0,0,0,0,0,0,0,0
108,108,*NOUSE*,*NOUSE*,0,0,0,0,0,0,0,0
109,109,DB3,,68,1051,110,185.00,113.99,29.16,1110,126533.00
110,110,*NOUSE*,*NOUSE*,0,0,0,0,0,0,0,0
111,111,*NOUSE*,*NOUSE*,0,0,0,0,0,0,0,0
112,112,MC2V,,73,1162,80,167.00,88.16,27.77,2278,200829.00
113,113,*NOUSE*,*NOUSE*,0,0,0,0,0,0,0,0
114,114,*NOUSE*,*NOUSE*,0,0,0,0,0,0,0,0
115,115,*NOUSE*,*NOUSE*,0,0,0,0,0,0,0,0
116,116,*NOUSE*,*NOUSE*,0,0,0,0,0,0,0,0
117,117,*NOUSE*,*NOUSE*,0,0,0,0,0,0,0,0
118,118,*NOUSE*,*NOUSE*,0,0,0,0,0,0,0,0
119,119,*NOUSE*,*NOUSE*,0,0,0,0,0,0,0,0
120,120,*NOUSE*,*NOUSE*,0,0,0,0,0,0,0,0
121,121,*NOUSE*,*NOUSE*,0,0,0,0,0,0,0,0
122,122,*NOUSE*,*NOUSE*,0,0,0,0,0,0,0,0
123,123,*NOUSE*,*NOUSE*,0,0,0,0,0,0,0,0
124,124,*NOUSE*,*NOUSE*,0,0,0,0,0,0,0,0
125,125,*NOUSE*,*NOUSE*,0,0,0,0,0,0,0,0
126,126,*NOUSE*,*NOUSE*,0,0,0,0,0,0,0,0
127,127,*NOUSE*,*NOUSE*,0,0,0,0,0,0,0,0
128,128,*NOUSE*,*NOUSE*,0,0,0,0,0,0,0,0
129,129,*NOUSE*,*NOUSE*,0,0,0,0,0,0,0,0
130,130,PHAR,,80,282,73,166.00,90.08,31.17,1198,107917.00
131,131,*NOUSE*,*NOUSE*,0,0,0,0,0,0,0,0
132,132,*NOUSE*,*NOUSE*,0,0,0,0,0,0,0,0
133,133,*NOUSE*,*NOUSE*,0,0,0,0,0,0,0,0
134,134,*NOUSE*,*NOUSE*,0,0,0,0,0,0,0,0
135,135,*NOUSE*,*NOUSE*,0,0,0,0,0,0,0,0
136,136,*NOUSE*,*NOUSE*,0,0,0,0,0,0,0,0
137,137,*NOUSE*,*NOUSE*,0,0,0,0,0,0,0,0
138,138,IL2DR,,87,1359,46,204.00,65.71,42.30,3918,257466.00
139,139,*NOUSE*,*NOUSE*,0,0,0,0,0,0,0,0
140,140,*NOUSE*,*NOUSE*,0,0,0,0,0,0,0,0
141,141,*NOUSE*,*NOUSE*,0,0,0,0,0,0,0,0
142,142,*NOUSE*,*NOUSE*,0,0,0,0,0,0,0,0
143,143,*NOUSE*,*NOUSE*,0,0,0,0,0,0,0,0
144,144,CANR,,89,739,67,238.00,60.17,51.38,4523,272158.00
145,145,ILshR,,91,1411,88,207.00,79.56,47.61,2824,224684.00
146,146,OLQsoVR,,89,1428,89,194.00,57.75,43.05,3863,223086.00
147,147,CEPsoVR,,90,1344,98,213.00,68.57,47.58,3266,223939.00
148,148,*NOUSE*,*NOUSE*,0,0,0,0,0,0,0,0
149,149,ILshDR,,90,1410,61,243.00,75.46,53.72,3514,265160.00
150,150,*NOUSE*,*NOUSE*,0,0,0,0,0,0,0,0
151,151,*NOUSE*,*NOUSE*,0,0,0,0,0,0,0,0
152,152,DR9,,87,1129,33,191.00,104.90,38.74,1078,113077.00
153,153,URYDR,,90,1326,56,243.00,97.22,53.63,3599,349881.00
154,154,RMER,,91,1313,73,223.00,90.00,47.26,2963,266683.00
155,155,*NOUSE*,*NOUSE*,0,0,0,0,0,0,0,0
156,156,*NOUSE*,*NOUSE*,0,0,0,0,0,0,0,0
157,157,*NOUSE*,*NOUSE*,0,0,0,0,0,0,0,0
158,158,OLLR,,92,1340,63,233.00,104.34,43.60,1490,155466.00
159,159,OLQshdR,,97,1375,62,226.00,77.26,50.95,3800,293579.00
160,160,*NOUSE*,*NOUSE*,0,0,0,0,0,0,0,0
161,161,V1R,,94,1012,73,191.00,76.32,32.48,2796,213392.00
162,162,V2R,,96,882,82,175.00,54.14,35.27,5110,276650.00
163,163,*NOUSE*,*NOUSE*,0,0,0,0,0,0,0,0
164,164,CEPsodR,,95,1356,59,247.00,83.11,58.43,3314,275416.00
165,165,*NOUSE*,*NOUSE*,0,0,0,0,0,0,0,0
166,166,AVAR,,97,1268,69,232.00,82.85,51.07,3528,292308.00
167,167,*NOUSE*,*NOUSE*,0,0,0,0,0,0,0,0
168,168,*NOUSE*,*NOUSE*,0,0,0,0,0,0,0,0
169,169,IL1R,,98,1356,79,217.00,69.56,47.46,3897,271080.00
170,170,IL2R,,98,1375,74,203.00,65.44,38.86,5154,337264.00
171,171,*NOUSE*,*NOUSE*,0,0,0,0,0,0,0,0
172,172,AUAR,,97,1223,86,214.00,92.19,50.56,2896,266975.00
173,173,*NOUSE*,*NOUSE*,0,0,0,0,0,0,0,0
174,174,*NOUSE*,*NOUSE*,0,0,0,0,0,0,0,0
175,175,AWCR,,99,1245,78,193.00,96.80,38.35,2373,229714.00
176,176,*NOUSE*,*NOUSE*,0,0,0,0,0,0,0,0
177,177,ALA,*MANUAL*,74,1273,41,192.00,116.82,35.75,1861,217399.00
178,178,*NOUSE*,*NOUSE*,0,0,0,0,0,0,0,0
179,179,RMED,*MANUAL*,72,1310,46,239.00,136.17,47.29,1560,212431.00
180,180,OLQDL,*MANUAL*,62,1310,49,248.00,145.92,33.97,1351,197144.00
181,181,IL1DL,*MANUAL*,66,1322,51,237.00,150.19,34.70,1175,176478.00
182,182,IL1DR,*MANUAL*,78,1326,51,247.00,145.36,40.81,2081,302494.00
183,183,OLQDR,*MANUAL*,81,1313,47,249.00,121.69,53.63,2103,255908.00
184,184,CEPshDL,*MANUAL*,53,1299,58,180.00,83.74,32.43,2061,172587.00
185,185,URADL,*MANUAL*,58,1330,53,245.00,122.05,44.95,1947,237639.00
186,186,RMEL,*MANUAL*,55,1304,71,184.00,95.61,37.60,1931,184616.00
187,187,RIPL,*MANUAL*,58,1317,70,192.00,106.11,33.47,2103,223153.00
188,188,OLLL,*MANUAL*,56,1332,64,179.00,91.63,33.24,1681,154024.00
189,189,OLLsoL,*MANUAL*,47,1374,63,173.00,76.21,33.06,2103,160267.00
190,190,ILshDL,*MANUAL*,52,1397,59,170.00,84.29,36.94,2039,171874.00
191,191,HYP1L,*MANUAL*,49,1410,63,166.00,70.89,29.53,2103,149073.00
192,192,AMsoL,*MANUAL*,46,1432,70,147.00,67.79,27.45,1959,132803.00
193,193,ARCPDL,*MANUAL*,53,1435,62,163.00,74.79,32.13,2103,157281.00
194,194,HYP2L,*MANUAL*,47,1451,73,119.00,64.38,25.15,2103,135394.00
195,195,ARCADL,*MANUAL*,49,1468,77,136.00,61.96,28.85,2103,130310.00
196,196,ARCPVL,*MANUAL*,50,1443,90,150.00,76.20,31.71,1365,104016.00
197,197,ILsoL,*MANUAL*,53,1424,88,174.00,76.07,30.90,1885,143383.00
198,198,OLQsoVL,*MANUAL*,56,1413,95,178.00,87.24,35.09,1689,147348.00
199,199,XXXL,*MANUAL*,49,1349,86,212.00,93.08,48.71,1913,178059.00
200,200,IL2L,*MANUAL*,47,1350,75,167.00,81.06,32.71,2103,170460.00
201,201,URBL,*MANUAL*,48,1330,70,193.00,106.42,36.03,1969,209547.00
202,202,IL1L,*MANUAL*,51,1335,80,209.00,99.52,37.98,2029,201919.00
203,203,URYVL,*MANUAL*,51,1325,89,204.00,92.57,47.24,1820,168469.00
204,204,OLQVL,*MANUAL*,57,1315,89,199.00,96.75,35.21,2007,194179.00
205,205,CEPshDR,*MANUAL*,91,1307,59,225.00,100.66,45.96,2053,206648.00
206,206,URADR,*MANUAL*,89,1341,53,245.00,119.02,57.87,2093,249111.00
207,207,RIPR,*MANUAL*,89,1325,68,231.00,119.46,47.11,1839,219690.00
208,208,OLLsoR,*MANUAL*,95,1394,59,245.00,109.11,53.54,1947,212442.00
209,209,HYP1R,*MANUAL*,93,1421,62,220.00,102.19,44.97,1580,161460.00
210,210,ARCPDR,*MANUAL*,87,1443,58,187.00,79.08,44.52,1713,135459.00
211,211,AMsoR,*MANUAL*,95,1441,65,176.00,93.78,33.08,2103,197220.00
212,212,ARCADR,*MANUAL*,95,1466,67,192.00,70.89,40.76,2070,146749.00
213,213,ARCPVR,*MANUAL*,94,1460,79,215.00,81.43,48.30,1969,160341.00
214,214,ILsoR,*MANUAL*,93,1439,82,200.00,89.80,44.73,2049,183997.00
215,215,OLQshVR,*MANUAL*,92,1398,89,224.00,99.11,54.61,1925,190793.00
216,216,OLLshR,*MANUAL*,96,1395,79,249.00,92.05,69.83,2103,193579.00
217,217,XXXR,*MANUAL*,98,1376,83,232.00,118.26,53.90,1116,131981.00
218,218,URBR,*MANUAL*,99,1343,70,244.00,119.67,49.34,2017,241383.00
219,219,BAGR,*MANUAL*,97,1328,76,220.00,101.32,47.56,2001,202744.00
220,220,URYVR,*MANUAL*,98,1341,83,242.00,100.15,54.52,2103,210607.00
221,221,OLQVR,*MANUAL*,92,1326,87,227.00,109.93,48.12,1966,216128.00
222,222,CEPshVR,*MANUAL*,93,1307,87,243.00,92.73,54.82,1751,162371.00
223,223,RmEV,*MANUAL*,73,1291,108,195.00,81.80,39.88,2103,172029.00
224,224,CEPVL,*MANUAL*,68,1306,105,221.00,141.77,34.26,1018,144321.00
225,225,CEPVR,*MANUAL*,77,1306,105,239.00,135.83,44.62,1144,155387.00
226,226,IL1VR,*MANUAL*,76,1324,105,225.00,123.42,41.27,1236,152544.00
227,227,URAVL,*MANUAL*,64,1324,105,221.00,106.77,48.29,2087,222834.00
228,228,IL2VL,*MANUAL*,68,1356,110,190.00,78.63,40.37,1757,138150.00
229,229,IL2VR,*MANUAL*,77,1351,108,199.00,98.84,40.84,2103,207853.00
230,230,URAVR,*MANUAL*,84,1334,104,237.00,118.34,47.37,1365,161534.00
231,231,IL1VL,*MANUAL*,68,1338,105,238.00,99.11,47.65,1755,173933.00
232,232,CEPsoVL,*MANUAL*,57,1339,100,191.00,81.40,38.98,2103,171182.00
233,233,HYP4V1,*MANUAL*,73,1599,85,138.00,51.84,28.31,2103,109025.00
234,234,HYP4V2,*MANUAL*,72,1568,92,138.00,47.49,33.85,2103,99868.00
235,235,ARCAV,*MANUAL*,75,1539,95,166.00,66.75,38.99,2089,139442.00
236,236,HYP2V,*MANUAL*,69,1526,97,179.00,71.56,34.91,2041,146057.00
237,237,ARCPV,*MANUAL*,77,1515,97,183.00,75.71,41.89,2103,159224.00
238,238,*NOUSE*,*NOUSE*,0,0,0,0,0,0,0,0
239,239,HYP1V,*MANUAL*,78,1491,99,206.00,73.61,47.22,1701,125215.00
240,240,ILsovR,*MANUAL*,78,1470,102,182.00,69.97,38.25,1961,137218.00
241,241,ILshvR,*MANUAL*,79,1449,102,199.00,90.00,36.60,1365,122850.00
242,242,ILsovL,*MANUAL*,68,1499,100,176.00,75.85,38.11,1767,134033.00
243,243,ILshVL,*MANUAL*,68,1467,102,188.00,85.88,41.14,2073,178031.00
244,244,HYP6V1,*MANUAL*,72,1495,107,193.00,53.76,41.73,2969,159601.00
245,245,HYP6V2,*MANUAL*,73,1434,104,115.00,45.73,21.81,2969,135785.00
246,246,HYP7V1,*MANUAL*,73,1374,113,153.00,46.38,23.85,2103,97539.00
247,247,HYP7V2,*MANUAL*,73,1333,112,192.00,64.13,40.10,2103,134873.00
248,248,HYP4D,*MANUAL*,69,1594,48,135.00,42.24,31.22,2103,88831.00
249,249,HYP31,*MANUAL*,69,1537,43,200.00,76.77,46.13,2103,161455.00
250,250,HYP32,*MANUAL*,64,1522,44,179.00,77.22,41.96,1987,153439.00
251,251,ARCPD,*MANUAL*,73,1498,44,200.00,82.16,48.22,1956,160699.00
252,252,ILsoDR,*MANUAL*,78,1469,46,238.00,105.40,50.75,1953,205845.00
253,253,OLQsoDR,*MANUAL*,78,1449,48,237.00,93.06,49.81,2075,193103.00
254,254,OLQsoDL,*MANUAL*,64,1454,47,184.00,91.56,42.58,1830,167563.00
255,255,HYP6D1,*MANUAL*,68,1480,41,194.00,74.46,40.83,2045,152272.00
256,256,HYP6D2,*MANUAL*,70,1437,43,170.00,72.06,38.19,2103,151543.00
257,257,HYP6D3,*MANUAL*,69,1379,37,162.00,60.59,37.44,2969,179895.00
258,258,HYP6D4,*MANUAL*,71,1358,37,188.00,73.97,40.28,2096,155047.00
259,259,HYP7D1,*MANUAL*,72,1332,37,137.00,64.26,21.94,2969,190785.00
260,260,HYP7D2,*MANUAL*,72,1252,33,154.00,48.25,27.84,2969,143243.00
261,261,M4,*MANUAL*,73,1326,68,173.00,85.29,25.45,2103,179360.00
262,262,M3L,*MANUAL*,64,1326,89,240.00,108.99,45.95,2103,229210.00
263,263,M3R,*MANUAL*,83,1328,87,236.00,127.22,50.26,1365,173652.00
264,264,I3,*MANUAL*,72,1347,54,237.00,109.05,41.12,2103,229334.00
265,265,NSML,*MANUAL*,61,1349,89,246.00,90.60,51.59,2103,190534.00
266,266,NSMR,*MANUAL*,86,1351,87,237.00,104.24,45.29,2103,219214.00
267,267,MI,*MANUAL*,71,1361,48,200.00,128.97,34.36,624,80476.00
268,268,PM4DL,*MANUAL*,65,1364,52,227.00,112.56,32.75,2085,234686.00
269,269,PM4DR,*MANUAL*,79,1364,52,202.00,105.91,31.36,2103,222724.00
270,270,PM4R,*MANUAL*,86,1365,73,195.00,82.41,37.35,2013,165882.00
271,271,PM4VR,*MANUAL*,80,1364,95,208.00,104.77,34.70,1362,142692.00
272,272,PM4VL,*MANUAL*,66,1367,97,199.00,95.24,32.90,1686,160576.00
273,273,MCR,*MANUAL*,81,1375,81,240.00,96.08,54.25,1941,186499.00
274,274,I2R,*MANUAL*,90,1371,86,251.00,131.45,51.24,2049,269338.00
275,275,MCL,*MANUAL*,59,1380,87,238.00,96.65,46.14,1985,191859.00
276,276,I2L,*MANUAL*,62,1365,88,225.00,98.55,43.95,2103,207247.00
277,277,PM1DR,*MANUAL*,73,1385,55,247.00,126.62,54.21,1361,172332.00
278,278,PM1DL,*MANUAL*,66,1391,57,245.00,93.51,50.17,2103,196642.00
279,279,MC1DR,*MANUAL*,82,1389,61,228.00,97.50,44.59,2843,277194.00
280,280,PM1R,*MANUAL*,83,1393,75,240.00,92.81,55.03,1946,180600.00
281,281,PM1VR,*MANUAL*,83,1391,86,248.00,115.87,56.80,1805,209146.00
282,282,MC1V,*MANUAL*,75,1388,92,197.00,95.21,31.49,1539,146531.00
283,283,PM1VL,*MANUAL*,66,1390,91,218.00,79.17,48.39,2103,166491.00
284,284,PM1L,*MANUAL*,63,1390,75,211.00,79.01,43.30,2071,163623.00
285,285,I1R,*MANUAL*,82,1416,83,226.00,85.90,46.83,2086,179184.00
286,286,I1L,*MANUAL*,63,1416,85,201.00,68.59,41.00,2963,203233.00
287,287,E2D,*MANUAL*,68,1553,53,136.00,40.83,30.04,2969,121233.00
288,288,PM2D1,*MANUAL*,68,1518,54,190.00,82.98,34.41,2013,167030.00
289,289,PM2D2,*MANUAL*,68,1505,54,181.00,75.31,37.46,2103,158371.00
290,290,E1D,*MANUAL*,69,1476,53,185.00,92.89,31.83,1996,185418.00
291,291,E3D,*MANUAL*,69,1440,57,184.00,74.38,33.56,1935,143921.00
292,292,e2vl,*MANUAL*,61,1558,81,113.00,48.01,23.70,2103,100969.00
293,293,PM2VL1,*MANUAL*,61,1525,82,174.00,74.42,39.33,2103,156502.00
294,294,PM2VL2,*MANUAL*,60,1510,86,172.00,60.80,37.24,2103,127860.00
295,295,E1VL,*MANUAL*,59,1482,87,180.00,71.36,43.35,1260,89919.00
296,296,E3VL,*MANUAL*,61,1460,87,171.00,56.64,32.58,1987,112552.00
297,297,E2VR,*MANUAL*,81,1552,77,161.00,47.79,37.53,2103,100501.00
298,298,PM2VR1,*MANUAL*,83,1524,79,228.00,81.91,49.35,2013,164876.00
299,299,PM2VR2,*MANUAL*,84,1511,80,200.00,73.12,47.48,2103,153778.00
300,300,E1VR,*MANUAL*,84,1492,79,215.00,93.86,50.52,1363,127926.00
301,301,E3VR,*MANUAL*,84,1464,81,171.00,66.91,38.53,2103,140714.00
302,302,PM3R,*MANUAL*,82,1442,77,131.00,61.66,23.93,2103,129681.00
303,303,PM3VR,*MANUAL*,81,1485,85,197.00,73.29,30.88,1905,139618.00
304,304,PM3VL,*MANUAL*,67,1482,90,156.00,53.41,25.08,2103,112317.00
305,305,PM3L,*MANUAL*,63,1441,80,121.00,51.62,22.09,2103,108558.00
306,306,PM3DL,*MANUAL*,62,1479,61,115.00,61.43,21.69,1216,74704.00
307,307,PM3DR,*MANUAL*,75,1449,60,162.00,63.77,25.62,2103,134110.00
308,308,RMDL,*MANUAL*,50,1269,79,190.00,96.10,35.87,1937,186137.00
309,309,SIBDL,*MANUAL*,47,1254,81,207.00,109.57,38.52,2044,223966.00
310,310,AWCL,*MANUAL*,46,1241,72,162.00,95.36,24.09,2073,197674.00
311,311,AUAL,*MANUAL*,45,1220,80,184.00,98.49,36.89,1958,192834.00
312,312,ASJL,*MANUAL*,48,1200,79,157.00,77.37,23.38,2089,161616.00
313,313,ASHL,*MANUAL*,48,1221,63,156.00,92.16,28.00,2075,191224.00
314,314,ASEL,*MANUAL*,49,1198,60,148.00,73.08,29.91,2942,215008.00
315,315,RMDVL,*MANUAL*,48,1280,67,146.00,78.49,27.02,2103,165074.00
316,316,AVAL,*MANUAL*,49,1261,63,199.00,99.78,37.51,2058,205342.00
317,317,AFDL,*MANUAL*,49,1244,56,180.00,86.14,33.07,2815,242472.00
318,318,AWBL,*MANUAL*,51,1224,49,196.00,109.75,37.60,2064,226529.00
319,319,ASGL,*MANUAL*,54,1209,47,201.00,103.63,38.26,2013,208601.00
320,320,AVHL,*MANUAL*,53,1190,47,211.00,116.66,40.68,2101,245110.00
321,321,AVDL,*MANUAL*,50,1177,66,218.00,106.63,42.11,1912,203882.00
322,322,AVJL,*MANUAL*,52,1175,52,218.00,108.19,47.14,1969,213020.00
323,323,AINL,*MANUAL*,57,1166,59,234.00,120.22,44.20,1891,227335.00
324,324,AMshl,*MANUAL*$16$17,52,1148,55,152.00,48.50,25.84,7799,378237.00
325,325,ADEshL,*MANUAL*,48,1119,80,183.00,91.42,39.10,2065,188788.00
326,326,RMGL,*MANUAL*,50,1136,80,218.00,100.93,45.08,1812,182881.00
327,327,ADAL,*MANUAL*,50,1149,81,228.00,114.96,38.82,1698,195210.00
328,328,ADEL,*MANUAL*,55,1155,74,245.00,148.95,37.23,1353,201531.00
329,329,FLPL,*MANUAL*,49,1167,79,231.00,110.58,45.37,1954,216072.00
330,330,RICL,*MANUAL*,49,1182,81,186.00,93.42,35.28,2013,188050.00
331,331,AIZL,*MANUAL*,59,1175,76,213.00,123.50,35.18,2103,259730.00
332,332,SMDVL,*MANUAL*,55,1256,50,229.00,109.27,38.56,1979,216244.00
333,333,CEPDL,*MANUAL*,62,1270,45,225.00,126.40,42.22,2079,262780.00
334,334,CEPDR,*MANUAL*,87,1278,43,232.00,114.55,45.54,2102,240776.00
335,335,URXR,*MANUAL*,81,1264,47,214.00,127.50,33.09,2055,262022.00
336,336,URXL,*MANUAL*,70,1256,50,216.00,126.55,35.26,2017,255252.00
337,337,ASKL,*MANUAL*,65,1239,44,184.00,100.73,28.59,2041,205596.00
338,338,ADLL,*MANUAL*,65,1216,44,154.00,96.57,27.78,2103,203084.00
339,339,ASIL,*MANUAL*,66,1197,51,222.00,114.29,31.82,2101,240126.00
340,340,RIVL,*MANUAL*,65,1178,47,238.00,120.25,49.19,2015,242309.00
341,341,ADFL,*MANUAL*,60,1232,55,192.00,98.96,37.48,2103,208104.00
342,342,AWAL,*MANUAL*,61,1214,58,179.00,106.93,28.97,2047,218886.00
343,343,AVBL,*MANUAL*,60,1184,58,200.00,111.42,40.06,2103,234319.00
344,344,RIAL,*MANUAL*,61,1249,58,204.00,116.77,29.57,2065,241122.00
345,345,ASKR,*MANUAL*,81,1245,46,220.00,108.15,36.48,2073,224187.00
346,346,ADLR,*MANUAL*,81,1224,45,178.00,85.62,36.16,2892,247621.00
347,347,ASIR,*MANUAL*,82,1205,53,227.00,126.81,38.39,2091,265162.00
348,348,RIVR,*MANUAL*,82,1187,48,252.00,138.62,61.78,2074,287502.00
349,349,AVEL,*MANUAL*,58,1254,71,214.00,112.58,41.79,1955,220095.00
350,350,RIBL,*MANUAL*,57,1213,71,209.00,103.51,40.64,2103,217680.00
351,351,RIML,*MANUAL*,59,1194,71,204.00,101.27,34.71,2103,212969.00
352,352,ADEshR,*MANUAL*,95,1129,86,250.00,120.33,62.85,2029,244154.00
353,353,RMGR,*MANUAL*,93,1145,85,250.00,149.69,48.89,1156,173039.00
354,354,ADER,*MANUAL*,93,1159,71,244.00,128.08,49.61,1951,249882.00
355,355,ADAR,*MANUAL*,97,1158,85,243.00,115.63,57.10,2057,237858.00
356,356,FLPR,*MANUAL*,97,1170,73,249.00,134.06,51.17,1809,242518.00
357,357,RICR,*MANUAL*,97,1180,83,241.00,127.24,42.01,1923,244688.00
358,358,AIZR,*MANUAL*,90,1179,74,247.00,140.19,56.52,2064,289352.00
359,359,RMDR,*MANUAL*,98,1274,82,244.00,107.60,55.14,2059,221547.00
360,360,SIBDR,*MANUAL*,98,1259,83,228.00,116.61,52.03,2032,236952.00
361,361,ASJR,*MANUAL*,98,1205,83,179.00,71.70,41.95,3788,271617.00
362,362,ASHR,*MANUAL*,99,1230,68,185.00,99.47,39.51,2057,204612.00
363,363,ASER,*MANUAL*,98,1208,62,166.00,84.63,33.23,2965,250923.00
364,364,AVDR,*MANUAL*,98,1185,66,247.00,132.62,51.79,2056,272666.00
365,365,AVJR,*MANUAL*,94,1185,52,250.00,138.40,59.83,1893,262000.00
366,366,AINR,*MANUAL*,90,1174,58,248.00,133.91,50.75,1956,261937.00
367,367,RMDVR,*MANUAL*,98,1288,67,197.00,95.74,40.09,2103,201335.00
368,368,AFDR,*MANUAL*,97,1250,63,210.00,97.07,52.69,2051,199092.00
369,369,AWBR,*MANUAL*,97,1233,53,235.00,114.43,55.50,1981,226678.00
370,370,ASGR,*MANUAL*,92,1214,50,228.00,121.11,54.29,2039,246940.00
371,371,AVHR,*MANUAL*,93,1199,48,246.00,130.70,58.28,2095,273821.00
372,372,SMDVR,*MANUAL*,93,1263,54,225.00,114.11,54.46,2084,237799.00
373,373,RIAR,*MANUAL*,85,1253,59,230.00,137.70,40.94,1997,274988.00
374,374,ADFR,*MANUAL*,87,1240,58,222.00,130.01,38.13,2103,273408.00
375,375,AWAR,*MANUAL*,87,1224,58,217.00,126.49,37.21,2103,266000.00
376,376,AVBR,*MANUAL*,89,1192,60,235.00,133.90,46.65,2103,281584.00
377,377,AVER,*MANUAL*,89,1258,72,244.00,131.82,43.37,1991,262462.00
378,378,AIBR,*MANUAL*,89,1235,75,233.00,119.73,41.62,2103,251796.00
379,379,RIBR,*MANUAL*,89,1216,74,245.00,113.49,47.36,2103,238677.00
380,380,rimr,*MANUAL*,90,1197,76,225.00,112.33,42.11,2103,236230.00
381,381,RMDDL,*MANUAL*,54,1263,96,196.00,106.78,37.10,1890,201813.00
382,382,SMDDL,*MANUAL*,56,1247,100,213.00,106.65,40.47,1981,211270.00
383,383,SMBDL,*MANUAL*,57,1229,100,211.00,112.73,36.00,1923,216786.00
384,384,SIAVL,*MANUAL*,56,1212,97,200.00,101.63,36.61,2050,208332.00
385,385,EXC DUCT,*MANUAL*,63,1206,87,187.00,89.43,37.10,2103,188076.00
386,386,RMDDR,*MANUAL*,92,1262,96,233.00,110.02,59.34,1785,196382.00
387,387,SMDDR,*MANUAL*,90,1244,100,250.00,96.62,52.62,1823,176147.00
388,388,SMBDR,*MANUAL*,85,1231,101,219.00,117.58,46.08,1401,164734.00
389,389,SIADR,*MANUAL*,88,1210,91,203.00,118.49,32.17,1790,212099.00
390,390,SIADL,*MANUAL*,53,1225,86,204.00,132.10,31.02,1295,171068.00
391,391,AIAL,*MANUAL*,64,1223,91,237.00,127.10,43.07,2053,260928.00
392,392,AIAR,*MANUAL*,76,1223,98,240.00,145.77,43.23,1688,246052.00
393,393,SIAVR,*MANUAL*,80,1211,98,234.00,123.75,46.80,2019,249855.00
394,394,AVL,*MANUAL*,88,1221,98,229.00,129.64,47.63,2103,272636.00
395,395,SMBVR,*MANUAL*,79,1240,99,242.00,141.72,42.09,2100,297610.00
396,396,G1,*MANUAL*,71,1250,112,209.00,87.30,35.52,2045,178533.00
397,397,G2,*MANUAL*,69,1230,105,240.00,115.68,44.49,2103,243274.00
398,398,W,*MANUAL*,69,1206,107,202.00,87.01,33.36,2103,182979.00
399,399,RIR,*MANUAL*,88,1235,89,232.00,135.55,37.29,1365,185024.00
400,400,SIBVL,*MANUAL*,55,1243,83,227.00,109.44,40.49,2037,222929.00
401,401,SIBVR,*MANUAL*,91,1249,86,238.00,143.71,41.23,1365,196167.00
402,402,SAADR,*MANUAL*,83,1255,99,245.00,136.24,51.94,1835,250008.00
403,403,RIH,*MANUAL*,71,1254,99,228.00,125.75,40.01,2029,255147.00
404,404,SAADL,*MANUAL*,61,1253,90,218.00,115.06,38.10,2079,239205.00
405,405,GLRL,*MANUAL*,61,1265,76,236.00,108.36,40.22,2085,225929.00
406,406,GLRVL,*MANUAL*,63,1268,90,235.00,101.86,56.30,2103,214217.00
407,407,GLRVR,*MANUAL*,86,1270,93,245.00,141.08,48.72,1304,183974.00
408,408,GLRR,*MANUAL*,88,1267,81,243.00,127.46,51.79,2103,268042.00
409,409,MC2DR,*MANUAL*,81,1168,63,217.00,89.62,38.45,2011,180226.00
410,410,MC2DL,*MANUAL*,67,1163,61,213.00,90.83,32.51,2103,191015.00
411,411,PM5DR,*MANUAL*,82,1145,51,211.00,115.24,35.64,1929,222301.00
412,412,PM5DL,*MANUAL*,70,1145,50,197.00,111.06,34.29,2101,233327.00
413,413,PM5R,*MANUAL*,85,1143,69,212.00,103.26,40.66,2103,217152.00
414,414,PM5L,*MANUAL*,64,1143,65,187.00,87.82,35.50,2093,183815.00
415,415,PM5VL,*MANUAL*,67,1136,82,202.00,113.50,36.01,1682,190904.00
416,416,PM5VR,*MANUAL*,77,1134,83,237.00,128.16,34.48,1849,236966.00
417,417,M2L,*MANUAL*,59,1133,74,252.00,125.68,53.33,2103,264299.00
418,418,PM6VL,*MANUAL*,59,1115,72,162.00,88.18,28.59,2103,185440.00
419,419,PM7VL,*MANUAL*,55,1088,78,154.00,74.07,27.21,2103,155772.00
420,420,G1AL,*MANUAL*,62,1129,55,200.00,87.88,38.79,2103,184810.00
421,421,I6,*MANUAL*,61,1115,45,212.00,109.57,45.18,1935,212012.00
422,422,MC3DL,*MANUAL*,60,1080,48,204.00,101.95,40.08,1691,172389.00
423,423,M5,*MANUAL*,54,1083,56,201.00,100.59,32.92,1634,164372.00
424,424,I4,*MANUAL*,77,1133,43,232.00,118.01,49.32,2103,248177.00
425,425,PM6D,*MANUAL*,73,1114,45,194.00,112.14,30.22,2103,235820.00
426,426,PM7D,*MANUAL*,73,1086,44,181.00,65.30,38.15,4139,270297.00
427,427,I5,*MANUAL*,72,1119,91,227.00,111.53,43.48,2103,234546.00
428,428,M2R,*MANUAL*,86,1129,77,252.00,127.41,54.41,2103,267935.00
429,429,PM6VR,*MANUAL*,86,1112,80,173.00,91.92,33.37,2103,193313.00
430,430,PM7VR,*MANUAL*,86,1083,83,195.00,87.89,40.82,1799,158118.00
431,431,G1AR,*MANUAL*,87,1125,54,204.00,100.71,40.42,2103,211790.00
432,432,M1,*MANUAL*,88,1108,49,219.00,111.60,44.61,2103,234687.00
433,433,MC3DR,*MANUAL*,91,1087,60,234.00,102.73,44.28,2103,216043.00
434,434,G2R,*MANUAL*,77,1072,94,249.00,104.66,55.40,2103,220093.00
435,435,G2L,*MANUAL*,57,1074,87,198.00,100.50,43.76,2073,208343.00
436,436,G1P,*MANUAL*,80,1068,57,170.00,29.66,26.87,2969,88070.00
437,437,PM8,*MANUAL*,66,1063,85,200.00,97.61,41.98,1871,182626.00
438,438,VPI2V,*MANUAL*,68,1059,95,254.00,127.00,57.41,1810,229862.00
439,439,VPI3V,*MANUAL*,68,1049,91,206.00,91.19,54.10,2103,191763.00
440,440,VPI1,*MANUAL*,75,1050,54,206.00,83.21,40.61,2715,225902.00
441,441,VPI3D,*MANUAL*,73,1040,61,217.00,91.98,50.88,2103,193430.00
442,442,VPI2DR,*MANUAL*,85,1049,70,227.00,96.30,53.00,2103,202511.00
443,443,VPI2DL,*MANUAL*,57,1052,60,201.00,88.30,44.01,2103,185704.00
444,444,INVL1,*MANUAL*,57,1000,92,107.00,54.02,15.84,2969,160382.00
445,445,INVR1,*MANUAL*,83,1001,92,132.00,50.74,21.61,4139,210013.00
446,446,INDR1,*MANUAL*,87,993,45,154.00,49.57,20.73,4105,203470.00
447,447,INDL1,*MANUAL*,57,995,44,116.00,44.40,16.91,4139,183764.00
448,448,INV2,*MANUAL*,62,939,88,111.00,44.62,16.56,4139,184663.00
449,449,INV3,*MANUAL*,69,870,84,83.00,39.91,12.84,4139,165183.00
450,450,INV4,*MANUAL*,68,780,86,102.00,35.63,13.79,4139,147493.00
451,451,IND2,*MANUAL*,76,942,42,110.00,49.58,17.00,2953,146418.00
452,452,IND3,*MANUAL*,71,888,43,118.00,38.49,15.58,2969,114266.00
453,453,IND4,*MANUAL*,71,821,49,95.00,39.34,14.74,4139,162819.00
454,454,IND5,*MANUAL*,73,742,51,86.00,34.84,14.04,4139,144202.00
455,455,INV5,*MANUAL*,62,697,57,66.00,29.95,10.20,2969,88920.00
456,456,INV6,*MANUAL*,78,653,70,77.00,33.22,12.74,4139,137477.00
457,457,INV7,*MANUAL*,70,536,80,77.00,28.71,13.11,2969,85226.00
458,458,INV8,*MANUAL*,69,450,84,78.00,28.00,17.23,2889,80885.00
459,459,INV9,*MANUAL*,69,370,85,99.00,44.53,18.02,2907,129437.00
460,460,IND6,*MANUAL*,69,605,53,82.00,27.55,11.82,2969,81806.00
461,461,IND7,*MANUAL*,70,511,54,74.00,28.32,11.72,4139,117220.00
462,462,IND8,*MANUAL*,66,423,58,78.00,30.42,12.01,4139,125907.00
463,463,IND9,*MANUAL*,60,363,55,87.00,31.52,15.30,2969,93596.00
464,464,DD5,*MANUAL*,67,480,96,182.00,77.19,39.36,2103,162326.00
465,465,DB7,*MANUAL*,67,448,97,169.00,77.40,32.54,2103,162774.00
466,466,DA7,*MANUAL*,66,424,98,182.00,72.29,38.16,2103,152029.00
467,467,DD4,*MANUAL*,69,636,94,216.00,75.33,49.78,2969,223640.00
468,468,DB6,*MANUAL*,67,584,94,190.00,82.21,41.22,2073,170415.00
469,469,DA6,*MANUAL*,66,558,95,165.00,67.41,40.59,2969,200130.00
470,470,DA5,*MANUAL*,69,684,99,220.00,74.74,52.50,2969,221902.00
471,471,DB5,*MANUAL*,68,740,97,209.00,94.62,44.47,2103,198984.00
472,472,DD3,*MANUAL*,67,816,99,237.00,113.27,52.78,2103,238210.00
473,473,DA4,*MANUAL*,67,835,100,242.00,115.84,59.79,2103,243616.00
474,474,DB4,*MANUAL*,68,897,104,218.00,80.07,46.51,2969,237740.00
475,475,DA3,*MANUAL*,68,939,104,226.00,97.54,46.63,2103,205137.00
476,476,DD2,*MANUAL*,69,972,102,245.00,92.74,53.11,2930,271723.00
477,477,DA2,*MANUAL*,68,1014,106,217.00,102.57,44.62,2103,215702.00
478,478,DA1,*MANUAL*,67,1103,109,178.00,91.47,31.04,2095,191632.00
479,479,DB1,*MANUAL*,64,1121,105,203.00,104.84,42.63,2103,220478.00
480,480,AVG,*MANUAL*,68,1137,112,202.00,86.37,44.01,2059,177843.00
481,481,DD1,*MANUAL*,67,1139,99,234.00,127.08,45.54,1855,235730.00
482,482,SABD,*MANUAL*,77,1135,103,234.00,144.05,36.08,1333,192016.00
483,483,RIFR,*MANUAL*,77,1151,103,249.00,120.00,53.87,1706,204714.00
484,484,RIGL,*MANUAL*,67,1155,105,225.00,122.37,40.84,2103,257350.00
485,485,RIFL,*MANUAL*,67,1170,105,237.00,139.90,45.52,1290,180477.00
486,486,SABVR,*MANUAL*,78,1168,105,242.00,111.32,59.57,2089,232557.00
487,487,EXC,*MANUAL*,66,1187,90,122.00,51.30,17.96,4036,207027.00
488,488,AIML,*MANUAL*,68,1168,89,246.00,148.06,52.54,998,147761.00
489,489,AIYL,*MANUAL*,58,1167,90,248.00,137.08,47.26,2103,288280.00
490,490,AVKL,*MANUAL*,62,1152,88,211.00,102.98,33.96,2103,216560.00
491,491,AIMR,*MANUAL*,76,1174,93,250.00,158.54,42.59,1238,196267.00
492,492,AIYR,*MANUAL*,85,1182,92,237.00,122.49,50.08,2080,254778.00
493,493,RIS,*MANUAL*,87,1168,90,229.00,118.85,39.43,2017,239713.00
494,494,AVKR,*MANUAL*,81,1156,92,220.00,116.23,44.04,2103,244432.00
495,495,SABVL,*MANUAL*,78,1185,106,233.00,123.24,44.51,2019,248822.00
496,496,HYP5L,*MANUAL*,49,1528,69,103.00,40.11,21.49,2969,119097.00
497,497,H1L,*MANUAL*,44,1298,75,177.00,61.64,25.53,2969,183014.00
498,498,H2L,*MANUAL*,43,1150,70,202.00,64.00,28.31,2969,190018.00
499,499,HYP7ABLD,*MANUAL*,45,1089,55,149.00,50.51,26.73,4139,209081.00
500,500,HYP7ABLV,*MANUAL*,43,1054,75,117.00,37.65,16.84,4139,155827.00
501,501,BDUL,*MANUAL*,48,1026,74,201.00,89.55,44.58,2103,188325.00
502,502,V1L,*MANUAL*,47,1000,65,144.00,55.19,24.55,2969,163864.00
503,503,HYP7LC1,*MANUAL*,47,954,52,110.00,41.01,17.89,2969,121760.00
504,504,HYP7LC2,*MANUAL*,47,851,55,118.00,41.53,18.81,4139,171872.00
505,505,HYP7LC3,*MANUAL*,47,737,51,107.00,39.20,18.48,4139,162269.00
506,506,HYP7LC4,*MANUAL*,52,591,53,106.00,33.24,17.58,4139,137591.00
507,507,HYP7LC5,*MANUAL*,52,470,55,80.00,26.30,16.03,4139,108848.00
508,508,V2L,*MANUAL*,44,890,72,109.00,39.38,26.13,4139,162992.00
509,509,P3/4L,*MANUAL*,45,842,76,133.00,54.27,29.09,2969,161120.00
510,510,P5/6L,*MANUAL*,45,732,74,131.00,45.72,22.35,2899,132538.00
511,511,V4L,*MANUAL*,47,642,68,103.00,47.93,19.23,2720,130374.00
512,512,P7/8L,*MANUAL*,49,600,78,118.00,44.09,22.38,2969,130912.00
513,513,V5L,*MANUAL*,50,498,69,92.00,38.36,18.79,2969,113896.00
514,514,P9/10L,*MANUAL*,50,472,79,104.00,43.67,19.72,2969,129645.00
515,515,V6L,*MANUAL*,49,416,70,78.00,33.99,13.32,2103,71490.00
516,516,ALML,*MANUAL*,50,827,43,206.00,86.17,44.94,2103,181205.00
517,517,CANL,*MANUAL*,51,767,59,215.00,79.09,44.03,2103,166327.00
518,518,HYP5R,*MANUAL*,92,1530,65,112.00,37.91,27.17,2969,112561.00
519,519,H0R,*MANUAL*,95,1420,74,180.00,71.21,32.53,2969,211408.00
520,520,H1R,*MANUAL*,99,1304,75,202.00,64.88,32.33,2969,192626.00
521,521,H2R,*MANUAL*,100,1146,76,191.00,69.77,33.54,2969,207142.00
522,522,AMshR,*MANUAL*,99,1147,54,159.00,59.66,38.94,2969,177136.00
523,523,HYP7ABRD,*MANUAL*,98,1083,83,195.00,63.93,32.37,4139,264597.00
524,524,HYP7ABRV,*MANUAL*,98,1058,74,160.00,47.14,25.02,4139,195123.00
525,525,HYP7ABR3,*MANUAL*,96,1004,55,159.00,50.76,30.76,2969,150715.00
526,526,BDUR,*MANUAL*,94,1035,79,251.00,104.84,68.02,2103,220479.00
527,527,P1/2R,*MANUAL*,96,932,84,211.00,79.04,44.50,2939,232309.00
528,528,P3/4R,*MANUAL*,94,840,85,195.00,67.27,47.11,2969,199727.00
529,529,V3R,*MANUAL*,93,777,78,180.00,68.25,32.04,2969,202626.00
530,530,P5/6R,*MANUAL*,93,736,83,178.00,67.51,39.67,2901,195860.00
531,531,V4R,*MANUAL*,93,639,71,144.00,52.88,27.73,4137,218753.00
532,532,P7/8R,*MANUAL*,92,601,83,164.00,49.12,34.85,4139,203319.00
533,533,QR,*MANUAL*,90,562,79,145.00,61.22,28.63,2969,181755.00
534,534,V5R,*MANUAL*,90,509,78,132.00,45.32,25.21,2969,134550.00
535,535,P9/10R,*MANUAL*,89,476,87,141.00,47.90,32.64,2969,142215.00
536,536,V6R,*MANUAL*,89,423,79,125.00,36.37,24.94,2969,107994.00
537,537,hyp7rc1,*MANUAL*,97,937,61,139.00,43.79,24.26,4139,181232.00
538,538,HYP7RC2,*MANUAL*,93,837,62,136.00,50.64,26.33,4139,209599.00
539,539,HYP7RC3,*MANUAL*,94,707,58,146.00,46.81,27.55,4139,193743.00
540,540,HYP7RC4,*MANUAL*,93,579,60,111.00,36.05,20.97,4139,149201.00
541,541,HYP7RC5,*MANUAL*,91,464,65,105.00,28.38,17.97,4139,117475.00
542,542,HYP9,*MANUAL*,71,108,77,128.00,53.45,27.06,1949,104175.00
543,543,HYP101,*MANUAL*,70,98,71,123.00,54.14,26.14,2103,113853.00
544,544,HYP102,*MANUAL*,68,70,71,107.00,31.67,27.58,2969,94032.00
545,545,HYP8,*MANUAL*,68,134,65,116.00,51.46,25.03,2013,103581.00
546,546,HYP11,*MANUAL*,74,138,74,123.00,59.91,26.15,2103,125982.00
547,547,HYP72,*MANUAL*,72,163,76,133.00,59.53,26.87,2103,125196.00
548,548,HYP71,*MANUAL*,71,186,81,130.00,41.99,26.43,2969,124663.00
549,549,PVR,*MANUAL*,75,191,64,124.00,58.89,27.63,1864,109779.00
550,550,TR,*MANUAL*,80,208,67,115.00,45.15,19.63,2621,118335.00
551,551,TL,*MANUAL*,67,199,66,125.00,56.07,20.77,2967,166361.00
552,552,PLMR,*MANUAL*,73,210,77,152.00,72.46,30.97,2089,151368.00
553,553,PLML,*MANUAL*,67,223,73,145.00,72.65,26.54,2103,152773.00
554,554,PHshL,*MANUAL*,65,237,65,158.00,85.14,32.44,2023,172237.00
555,555,ALNL,*MANUAL*,63,249,58,156.00,78.80,30.65,1981,156108.00
556,556,LUAL,*MANUAL*,60,269,58,189.00,88.52,38.10,1641,145254.00
557,557,PVCL,*MANUAL*,61,262,67,172.00,71.48,29.28,2724,194701.00
558,558,PHBL,*MANUAL*,59,282,60,154.00,88.72,26.12,2009,178242.00
559,559,REPVL,*MANUAL*,58,320,61,141.00,71.18,25.15,2099,149400.00
560,560,SPH,*MANUAL*,60,334,71,162.00,85.33,30.17,1663,141910.00
561,561,PHshR,*MANUAL*,77,234,68,169.00,75.55,36.67,2075,156773.00
562,562,ALNR,*MANUAL*,78,246,60,176.00,77.49,37.53,2096,162413.00
563,563,LUAR,*MANUAL*,82,267,58,222.00,84.07,40.32,1684,141582.00
564,564,PVCR,*MANUAL*,82,261,68,169.00,71.96,36.87,2691,193638.00
565,565,PHBR,*MANUAL*,83,281,63,170.00,78.78,31.55,2757,217188.00
566,566,PVQR,*MANUAL*,85,299,69,158.00,73.99,28.55,2073,153373.00
567,567,REPVR,*MANUAL*,85,321,65,147.00,77.09,24.70,2103,162115.00
568,568,REPD,*MANUAL*,70,312,45,154.00,70.00,29.97,2051,143566.00
569,569,K,*MANUAL*,65,299,50,148.00,76.03,22.98,2739,208238.00
570,570,K',*MANUAL*,78,300,56,176.00,86.21,35.40,1665,143539.00
571,571,F,*MANUAL*,71,292,64,157.00,87.98,23.80,2067,181845.00
572,572,B,*MANUAL*,72,270,78,136.00,46.53,25.66,4139,192595.00
573,573,DVA,*MANUAL*,71,275,59,148.00,80.61,22.88,2103,169531.00
574,574,DEP,*MANUAL*,71,258,54,144.00,72.41,28.90,2103,152268.00
575,575,DVC,*MANUAL*,71,254,70,144.00,87.35,21.54,2071,180901.00
576,576,DL21,*MANUAL*,71,225,58,137.00,53.43,27.61,2103,112358.00
577,577,VL19,*MANUAL*,66,244,79,132.00,71.68,22.08,1781,127661.00
578,578,VR20,*MANUAL*,75,243,81,143.00,62.22,31.74,2103,130849.00
579,579,YPDA,*MANUAL*,71,306,88,156.00,56.76,32.85,2103,119363.00
580,580,VIRR,*MANUAL*,77,333,56,149.00,68.91,27.70,2072,142779.00
581,581,VIRL,*MANUAL*,64,333,54,155.00,66.85,30.09,2103,140592.00
582,582,DA8,*MANUAL*,61,324,80,167.00,84.09,36.46,1757,147743.00
583,583,PVPL,*MANUAL*,62,345,84,150.00,76.17,32.92,2029,154545.00
584,584,IML,*MANUAL*,54,363,81,119.00,52.69,23.25,2103,110817.00
585,585,DD6,*MANUAL*,69,328,77,207.00,113.66,37.14,1898,215722.00
586,586,DA9,*MANUAL*,79,320,79,162.00,98.32,25.19,1365,134208.00
587,587,PVPR,*MANUAL*,79,334,79,207.00,92.50,39.93,1953,180647.00
588,588,PVT,*MANUAL*,74,351,85,148.00,70.08,30.87,2082,145897.00
589,589,IMR,*MANUAL*,81,377,83,131.00,51.74,28.48,2103,108804.00
590,590,VL1,*MANUAL*,51,1483,89,137.00,55.36,26.48,2103,116426.00
591,591,VL2,*MANUAL*,57,1458,101,118.00,46.74,24.95,2103,98303.00
592,592,VL3,*MANUAL*,61,1409,103,167.00,66.30,31.88,2103,139427.00
593,593,VL4,*MANUAL*,55,1361,101,154.00,72.71,31.43,1365,99246.00
594,594,VL5,*MANUAL*,59,1304,103,172.00,79.19,36.23,2103,166531.00
595,595,VL6,*MANUAL*,52,1280,94,126.00,58.12,23.86,2103,122223.00
596,596,VL7,*MANUAL*,58,1185,102,199.00,81.45,37.41,2101,171128.00
597,597,VL8,*MANUAL*,56,1137,96,200.00,84.32,37.38,2103,177322.00
598,598,EXC GL L,*MANUAL*,56,1108,99,178.00,86.02,36.57,2103,180897.00
599,599,VL9,*MANUAL*,59,1078,104,175.00,83.62,42.97,2103,175850.00
600,600,VL10,*MANUAL*,53,1055,98,153.00,81.42,28.02,2103,171229.00
601,601,VL11,*MANUAL*,57,954,101,204.00,81.69,37.92,2103,171794.00
602,602,VL12,*MANUAL*,50,905,90,204.00,76.59,31.51,2103,161063.00
603,603,VL13,*MANUAL*,55,843,96,204.00,88.56,40.52,2103,186242.00
604,604,VL14,*MANUAL*,50,775,87,146.00,73.38,26.42,1365,100168.00
605,605,CCLA,*MANUAL*,52,730,86,220.00,96.93,43.71,2103,203839.00
606,606,CCLP,*MANUAL*,51,698,82,194.00,86.02,38.25,2103,180903.00
607,607,VL15,*MANUAL*,60,713,91,206.00,95.05,36.32,2103,199890.00
608,608,VL16,*MANUAL*,57,628,86,155.00,74.43,30.48,2103,156534.00
609,609,VL17,*MANUAL*,56,496,89,122.00,52.14,21.86,2103,109653.00
610,610,VL18,*MANUAL*,56,409,92,138.00,59.46,25.54,2103,125053.00
611,611,VR1,*MANUAL*,92,1486,85,166.00,61.38,34.70,2103,129073.00
612,612,VR2,*MANUAL*,89,1459,96,133.00,57.56,26.46,2103,121053.00
613,613,vr3,*MANUAL*,86,1415,100,147.00,47.20,29.77,2969,140151.00
614,614,VR4,*MANUAL*,92,1368,99,168.00,72.47,38.54,2103,152401.00
615,615,VR5,*MANUAL*,85,1312,104,174.00,84.04,35.32,1709,143621.00
616,616,VR6,*MANUAL*,93,1309,97,194.00,71.46,38.97,2103,150290.00
617,617,VR7,*MANUAL*,86,1194,103,203.00,75.97,45.20,2103,159775.00
618,618,VR8,*MANUAL*,87,1142,101,205.00,89.91,38.18,2103,189085.00
619,619,EXC GL R,*MANUAL*,88,1121,98,207.00,100.59,39.98,2103,211550.00
620,620,VR9,*MANUAL*,86,1100,105,187.00,73.11,45.53,2103,153753.00
621,621,VR10,*MANUAL*,86,1057,102,205.00,81.92,49.68,2103,172284.00
622,622,VR11,*MANUAL*,81,971,102,241.00,83.66,58.11,2103,175945.00
623,623,CCRA,*MANUAL*,88,958,92,251.00,116.63,53.33,2103,245265.00
624,624,VR19,*MANUAL*,78,409,94,138.00,60.51,30.79,2103,127248.00
625,625,VR18,*MANUAL*,79,496,94,140.00,63.37,34.10,2103,133267.00
626,626,VR17,*MANUAL*,81,580,91,193.00,75.35,39.05,2103,158461.00
627,627,VR16,*MANUAL*,82,669,90,192.00,88.60,44.71,2103,186326.00
628,628,VR15,*MANUAL*,85,744,91,205.00,114.46,43.81,1365,156235.00
629,629,VR14,*MANUAL*,85,803,92,236.00,97.10,51.30,2103,204192.00
630,630,VR13,*MANUAL*,84,859,99,236.00,77.81,56.33,2103,163634.00
631,631,VR12,*MANUAL*,84,914,96,251.00,107.24,60.99,2103,225520.00
632,632,CCRP,*MANUAL*,84,935,96,244.00,97.09,52.01,2103,204175.00
633,633,Z1,*MANUAL*,84,724,84,196.00,102.68,34.88,2103,215932.00
634,634,Z2,*MANUAL*,80,694,83,202.00,62.67,28.93,4139,259407.00
635,635,Z3,*MANUAL*,61,666,82,177.00,64.77,27.61,4139,268084.00
636,636,Z4,*MANUAL*,58,643,75,157.00,64.21,32.14,2969,190644.00
637,637,DL1,*MANUAL*,50,1479,60,108.00,51.93,16.80,2103,109210.00
638,638,DL2,*MANUAL*,54,1452,51,156.00,62.22,28.48,2103,130859.00
639,639,DL3,*MANUAL*,58,1418,45,138.00,59.25,28.19,2103,124604.00
640,640,DL4,*MANUAL*,51,1361,51,137.00,63.77,26.73,2103,134099.00
641,641,DL5,*MANUAL*,60,1301,40,160.00,74.17,33.78,2103,155972.00
642,642,DL6,*MANUAL*,54,1282,48,163.00,78.97,28.67,2103,166071.00
643,643,DL7,*MANUAL*,65,1191,36,191.00,93.42,37.67,2103,196463.00
644,644,DL8,*MANUAL*,60,1141,34,204.00,66.88,37.65,2103,140648.00
645,645,DL9,*MANUAL*,60,1067,33,215.00,59.13,40.89,2969,175571.00
646,646,DL10,*MANUAL*,56,1046,38,178.00,75.62,35.04,2103,159019.00
647,647,DL11,*MANUAL*,62,976,33,225.00,93.51,36.94,2103,196659.00
648,648,DL12,*MANUAL*,60,919,33,208.00,81.00,41.66,2103,170335.00
649,649,DL13,*MANUAL*,61,861,34,196.00,78.38,48.05,2103,164832.00
650,650,DL14,*MANUAL*,60,794,36,188.00,74.58,43.26,2103,156835.00
651,651,DL15,*MANUAL*,62,739,35,188.00,81.62,45.18,2103,171638.00
652,652,DL16,*MANUAL*,62,663,38,164.00,68.52,36.91,2103,144089.00
653,653,DL17,*MANUAL*,63,595,40,168.00,69.98,32.92,2103,147169.00
654,654,DL18,*MANUAL*,62,524,45,162.00,58.68,30.66,2103,123413.00
655,655,DL19,*MANUAL*,63,457,47,148.00,60.63,33.75,2103,127510.00
656,656,DL20,*MANUAL*,60,405,51,139.00,55.65,30.09,2103,117032.00
657,657,DR1,*MANUAL*,90,1492,58,163.00,58.08,33.91,2103,122134.00
658,658,DR2,*MANUAL*,88,1464,52,151.00,63.63,33.67,2103,133818.00
659,659,DR3,*MANUAL*,86,1424,47,193.00,63.88,36.55,2103,134348.00
660,660,DR4,*MANUAL*,94,1386,51,172.00,54.75,42.28,2103,115148.00
661,661,DR5,*MANUAL*,87,1332,41,165.00,70.88,40.79,2103,149057.00
662,662,DR6,*MANUAL*,92,1299,48,201.00,80.44,45.39,2103,169163.00
663,663,DR7,*MANUAL*,80,1199,38,197.00,82.82,38.87,2103,174161.00
664,664,HMC,*MANUAL*,75,1161,37,221.00,90.93,41.97,1988,180760.00
665,665,DR8,*MANUAL*,85,1169,38,211.00,95.19,42.75,2103,200183.00
666,666,DR10,*MANUAL*,89,1057,43,231.00,83.48,50.82,2103,175549.00
667,667,DR11,*MANUAL*,85,1017,36,215.00,80.88,52.28,2103,170086.00
668,668,DR12,*MANUAL*,88,933,38,214.00,93.67,43.16,2103,196989.00
669,669,DR13,*MANUAL*,84,894,36,229.00,82.48,57.37,2103,173464.00
670,670,DR14,*MANUAL*,86,841,42,201.00,94.20,42.61,2103,198103.00
671,671,DR15,*MANUAL*,81,788,38,203.00,75.97,55.86,2103,159768.00
672,672,DR16,*MANUAL*,84,701,40,186.00,85.45,39.62,2103,179697.00
673,673,DR17,*MANUAL*,83,633,42,169.00,79.14,34.93,2103,166425.00
674,674,DR18,*MANUAL*,82,565,44,169.00,71.23,36.82,2103,149787.00
675,675,DR19,*MANUAL*,82,478,51,178.00,63.95,39.44,2103,134495.00
676,676,DR20,*MANUAL*,80,409,53,133.00,51.14,33.66,2103,107546.00
677,677,DR21,*MANUAL*,79,294,47,151.00,52.61,35.40,2103,110630.00
678,678,ALMR,*MANUAL*,91,815,51,246.00,99.68,56.10,2103,209618.00
679,679,HSNR,*MANUAL*,91,652,84,241.00,94.10,60.05,2103,197883.00
680,680,SAAVR,*MANUAL*,89,1274,61,252.00,142.61,47.56,1143,163004.00
681,681,GLRDR,*MANUAL*,80,1276,61,248.00,148.81,54.27,1921,285870.00
682,682,*NOUSE*,*NOUSE*,0,0,0,0,0,0,0,0
683,683,SAAVL,*MANUAL*,59,1266,62,240.00,146.20,34.98,1165,170318.00
684,684,GLRDL,*MANUAL*,68,1271,59,246.00,138.33,57.00,2103,290902.00
685,685,HYP7RC6,*MANUAL*,87,303,55,145.00,45.24,28.79,2103,95134.00
686,686,HYP7LC6,*MANUAL*,56,291,50,109.00,38.99,18.34,2103,81989.00
687,687,M,*MANUAL*,85,549,63,126.00,35.58,22.39,4139,147268.00
688,688,P11/12L,*MANUAL*,52,340,75,138.00,43.31,25.50,2969,128574.00
689,689,P11/12R,*MANUAL*,86,346,77,155.00,48.99,27.64,2969,145458.00
690,690,U,*MANUAL*,69,314,69,170.00,78.15,33.94,2103,164351.00
691,691,rigr,*MANUAL*,76,1113,108,193.00,102.81,38.66,895,92014.00
692,692,DB2,*MANUAL*,67,1187,111,206.00,132.13,32.10,895,118254.00
693,693,f1,*MANUAL*,75,1186,73,42.00,15.14, 5.56,895,13549.00
694,694,f2,*MANUAL*,74,1219,73,28.00,14.82, 4.42,895,13264.00
695,695,f3,*MANUAL*,72,1251,73,43.00,18.47, 6.04,895,16527.00
696,696,f4,*MANUAL*,72,1311,73,62.00,12.62, 6.40,895,11294.00
697,697,f5,*MANUAL*,74,1348,73,30.00, 8.44, 4.30,895,7550.00
698,698,f6,*MANUAL*,72,1380,74,58.00,17.71, 7.90,895,15846.00
699,699,f7,*MANUAL*,71,1412,74,36.00, 8.96, 4.75,895,8023.00
700,700,f8,*MANUAL*,71,1462,72,57.00, 8.58, 5.88,895,7675.00
701,701,f9,*MANUAL*,77,741,73,25.00, 5.96, 3.87,895,5336.00
702,702,f10,*MANUAL*,72,299,72,96.00,15.93,15.78,895,14259.00
