0,0,*NOUSE*,*NOUSE*,0,0,0,0,0,0,0,0
1,1,CANl,,35,768,72,121.00,37.14,25.07,5185,192562
2,2,*NOUSE*,*NOUSE*,0,0,0,0,0,0,0,0
3,3,HYP7LC4,,34,670,62,77.00,24.60,11.12,3042,74818
4,4,*NOUSE*,*NOUSE*,0,0,0,0,0,0,0,0
5,5,*NOUSE*,*NOUSE*,0,0,0,0,0,0,0,0
6,6,V4L,,34,710,80,83.00,29.07,14.69,5039,146502
7,7,RMGL,,37,1225,80,111.00,44.30,23.96,4305,190723
8,8,HSNl,,36,756,86,153.00,46.19,33.06,4384,202476
9,9,*NOUSE*,*NOUSE*,0,0,0,0,0,0,0,0
10,10,P5/6L,,35,806,86,79.00,30.99,15.39,4845,150125
11,11,P7/8L,,35,669,89,86.00,31.11,15.73,4602,143184
12,12,IL2L,,39,1455,69,134.00,48.21,29.20,4251,204939
13,13,*NOUSE*,*NOUSE*,0,0,0,0,0,0,0,0
14,14,*NOUSE*,*NOUSE*,0,0,0,0,0,0,0,0
15,15,H1L,,37,1391,75,79.00,35.81,14.65,3574,127970
16,16,*NOUSE*,*NOUSE*,0,0,0,0,0,0,0,0
17,17,AWCL,,39,1339,76,124.00,47.46,24.58,4809,228231
18,18,*NOUSE*,*NOUSE*,0,0,0,0,0,0,0,0
19,19,RMDVL,,40,1378,65,138.00,50.17,29.54,4329,217189
20,20,V1L,,38,1064,68,111.00,33.64,19.63,4431,149067
21,21,AINL,,41,1257,62,179.00,59.28,35.73,4129,244761
22,22,QL,,38,607,73,100.00,33.00,17.83,4475,147690
23,23,*NOUSE*,*NOUSE*,0,0,0,0,0,0,0,0
24,24,V3L,,37,863,77,78.00,28.59,14.36,5338,152622
25,25,*NOUSE*,*NOUSE*,0,0,0,0,0,0,0,0
26,26,ADEshl,,40,1166,74,157.00,45.76,32.84,4243,194160
27,27,*NOUSE*,*NOUSE*,0,0,0,0,0,0,0,0
28,28,*NOUSE*,*NOUSE*,0,0,0,0,0,0,0,0
29,29,OLQshDL,,41,1490,59,158.00,56.16,34.61,4905,275449
30,30,ASEL,,40,1298,62,110.00,50.71,25.55,3315,168093
31,31,AVAL,,40,1359,68,147.00,53.64,32.44,4372,234500
32,32,*NOUSE*,*NOUSE*,0,0,0,0,0,0,0,0
33,33,BDUL,,40,1091,68,156.00,44.63,35.16,3847,171699
34,34,ASHL,,40,1319,68,113.00,51.03,24.48,3956,201883
35,35,*NOUSE*,*NOUSE*,0,0,0,0,0,0,0,0
36,36,V5L,,38,573,78,88.00,30.36,15.21,4743,143996
37,37,*NOUSE*,*NOUSE*,0,0,0,0,0,0,0,0
38,38,CCLA,,42,820,95,167.00,46.94,35.95,4356,204454
39,39,*NOUSE*,*NOUSE*,0,0,0,0,0,0,0,0
40,40,*NOUSE*,*NOUSE*,0,0,0,0,0,0,0,0
41,41,*NOUSE*,*NOUSE*,0,0,0,0,0,0,0,0
42,42,*NOUSE*,*NOUSE*,0,0,0,0,0,0,0,0
43,43,*NOUSE*,*NOUSE*,0,0,0,0,0,0,0,0
44,44,P1/2L,,40,1022,78,88.00,31.19,15.94,5220,162825
45,45,*NOUSE*,*NOUSE*,0,0,0,0,0,0,0,0
46,46,*NOUSE*,*NOUSE*,0,0,0,0,0,0,0,0
47,47,P9/10L,,40,540,85,91.00,32.86,18.14,3434,112832
48,48,*NOUSE*,*NOUSE*,0,0,0,0,0,0,0,0
49,49,OLLsoL,,43,1470,56,197.00,62.95,39.76,3042,191484
50,50,*NOUSE*,*NOUSE*,0,0,0,0,0,0,0,0
51,51,*NOUSE*,*NOUSE*,0,0,0,0,0,0,0,0
52,52,ARCADL,,42,1578,71,162.00,44.28,30.11,5154,228196
53,53,V2L,,40,979,73,78.00,29.45,14.78,4946,145635
54,54,IL1L,,43,1442,76,158.00,63.32,37.58,3327,210659
55,55,V6L,,40,488,76,79.00,28.60,14.34,4685,133989
56,56,*NOUSE*,*NOUSE*,0,0,0,0,0,0,0,0
57,57,*NOUSE*,*NOUSE*,0,0,0,0,0,0,0,0
58,58,*NOUSE*,*NOUSE*,0,0,0,0,0,0,0,0
59,59,*NOUSE*,*NOUSE*,0,0,0,0,0,0,0,0
60,60,*NOUSE*,*NOUSE*,0,0,0,0,0,0,0,0
61,61,HYP7LC1,,41,1082,49,76.00,25.37,12.13,3625,91951
62,62,*NOUSE*,*NOUSE*,0,0,0,0,0,0,0,0
63,63,*NOUSE*,*NOUSE*,0,0,0,0,0,0,0,0
64,64,HYP7ABLV,,40,1143,67,67.00,26.29,10.83,3190,83850
65,65,*NOUSE*,*NOUSE*,0,0,0,0,0,0,0,0
66,66,*NOUSE*,*NOUSE*,0,0,0,0,0,0,0,0
67,67,*NOUSE*,*NOUSE*,0,0,0,0,0,0,0,0
68,68,*NOUSE*,*NOUSE*,0,0,0,0,0,0,0,0
69,69,*NOUSE*,*NOUSE*,0,0,0,0,0,0,0,0
70,70,*NOUSE*,*NOUSE*,0,0,0,0,0,0,0,0
71,71,HYP5L,,43,1629,73,110.00,36.91,21.41,5624,207576
72,72,*NOUSE*,*NOUSE*,0,0,0,0,0,0,0,0
73,73,SIBDL,,44,1356,82,176.00,72.40,41.21,3611,261426
74,74,VL8,,44,1187,96,121.00,40.79,23.22,5195,211930
75,75,*NOUSE*,*NOUSE*,0,0,0,0,0,0,0,0
76,76,EXC GL L,,43,1219,98,102.00,38.44,19.81,4841,186085
77,77,*NOUSE*,*NOUSE*,0,0,0,0,0,0,0,0
78,78,*NOUSE*,*NOUSE*,0,0,0,0,0,0,0,0
79,79,*NOUSE*,*NOUSE*,0,0,0,0,0,0,0,0
80,80,*NOUSE*,*NOUSE*,0,0,0,0,0,0,0,0
81,81,*NOUSE*,*NOUSE*,0,0,0,0,0,0,0,0
82,82,HYP1L,,45,1509,57,179.00,63.82,37.83,3462,220940
83,83,*NOUSE*,*NOUSE*,0,0,0,0,0,0,0,0
84,84,*NOUSE*,*NOUSE*,0,0,0,0,0,0,0,0
85,85,*NOUSE*,*NOUSE*,0,0,0,0,0,0,0,0
86,86,ILshL,,46,1512,85,175.00,61.63,35.56,3983,245488
87,87,URYVL,,45,1430,84,188.00,76.05,41.45,3414,259637
88,88,*NOUSE*,*NOUSE*,0,0,0,0,0,0,0,0
89,89,*NOUSE*,*NOUSE*,0,0,0,0,0,0,0,0
90,90,AVKL,,47,1254,90,151.00,63.88,31.82,3767,240632
91,91,Z4,,46,729,90,137.00,42.37,29.10,4348,184222
92,92,*NOUSE*,*NOUSE*,0,0,0,0,0,0,0,0
93,93,*NOUSE*,*NOUSE*,0,0,0,0,0,0,0,0
94,94,*NOUSE*,*NOUSE*,0,0,0,0,0,0,0,0
95,95,*NOUSE*,*NOUSE*,0,0,0,0,0,0,0,0
96,96,*NOUSE*,*NOUSE*,0,0,0,0,0,0,0,0
97,97,PVQL,,46,337,71,112.00,39.84,24.56,4134,164693
98,98,PM7VL,,46,1199,79,120.00,42.59,24.83,4427,188555
99,99,VL4,,45,1489,94,136.00,53.52,25.22,4116,220301
100,100,VL14,,46,859,95,130.00,42.80,29.95,3393,145212
101,101,DL1,,45,1586,57,142.00,43.45,25.56,4903,213048
102,102,*NOUSE*,*NOUSE*,0,0,0,0,0,0,0,0
103,103,*NOUSE*,*NOUSE*,0,0,0,0,0,0,0,0
104,104,REPVL,,48,358,71,120.00,41.19,26.19,3942,162377
105,105,IML,,45,415,83,86.00,31.25,16.75,4328,135265
106,106,*NOUSE*,*NOUSE*,0,0,0,0,0,0,0,0
107,107,*NOUSE*,*NOUSE*,0,0,0,0,0,0,0,0
108,108,VL6,,46,1387,97,120.00,45.99,23.27,4350,200055
109,109,*NOUSE*,*NOUSE*,0,0,0,0,0,0,0,0
110,110,DL16,,48,728,44,122.00,42.43,27.69,3935,166978
111,111,DL17,,48,654,44,136.00,42.91,28.77,3643,156316
112,112,DL4,,48,1478,46,142.00,53.71,27.79,3123,167747
113,113,DL6,,47,1384,46,105.00,41.48,21.40,3765,156166
114,114,*NOUSE*,*NOUSE*,0,0,0,0,0,0,0,0
115,115,*NOUSE*,*NOUSE*,0,0,0,0,0,0,0,0
116,116,CEPshDL,,47,1410,54,148.00,53.75,31.26,3321,178511
117,117,*NOUSE*,*NOUSE*,0,0,0,0,0,0,0,0
118,118,INV5,,47,777,66,55.00,22.62, 7.99,5554,125644
119,119,*NOUSE*,*NOUSE*,0,0,0,0,0,0,0,0
120,120,*NOUSE*,*NOUSE*,0,0,0,0,0,0,0,0
121,121,*NOUSE*,*NOUSE*,0,0,0,0,0,0,0,0
122,122,*NOUSE*,*NOUSE*,0,0,0,0,0,0,0,0
123,123,VL12,,47,979,92,119.00,39.88,26.27,4783,190735
124,124,*NOUSE*,*NOUSE*,0,0,0,0,0,0,0,0
125,125,*NOUSE*,*NOUSE*,0,0,0,0,0,0,0,0
126,126,*NOUSE*,*NOUSE*,0,0,0,0,0,0,0,0
127,127,ALML,,49,911,45,150.00,45.89,35.15,3601,165245
128,128,*NOUSE*,*NOUSE*,0,0,0,0,0,0,0,0
129,129,*NOUSE*,*NOUSE*,0,0,0,0,0,0,0,0
130,130,*NOUSE*,*NOUSE*,0,0,0,0,0,0,0,0
131,131,PHAL,,49,322,78,124.00,44.59,26.23,3689,164483
132,132,INVL1,,50,1101,83,67.00,28.41,12.51,6665,189348
133,133,*NOUSE*,*NOUSE*,0,0,0,0,0,0,0,0
134,134,*NOUSE*,*NOUSE*,0,0,0,0,0,0,0,0
135,135,*NOUSE*,*NOUSE*,0,0,0,0,0,0,0,0
136,136,*NOUSE*,*NOUSE*,0,0,0,0,0,0,0,0
137,137,*NOUSE*,*NOUSE*,0,0,0,0,0,0,0,0
138,138,*NOUSE*,*NOUSE*,0,0,0,0,0,0,0,0
139,139,DL10,,49,1154,42,135.00,38.20,24.92,2609,99652
140,140,*NOUSE*,*NOUSE*,0,0,0,0,0,0,0,0
141,141,*NOUSE*,*NOUSE*,0,0,0,0,0,0,0,0
142,142,DL2,,49,1553,51,127.00,44.55,23.52,3452,153771
143,143,I6,,51,1222,51,154.00,54.06,37.37,3693,199629
144,144,ILshDL,,50,1498,51,191.00,79.37,42.40,2608,206999
145,145,*NOUSE*,*NOUSE*,0,0,0,0,0,0,0,0
146,146,*NOUSE*,*NOUSE*,0,0,0,0,0,0,0,0
147,147,VL18,,50,479,93,116.00,38.61,23.62,4445,171601
148,148,SMBDL,,49,1328,95,174.00,83.55,36.26,2834,236784
149,149,*NOUSE*,*NOUSE*,0,0,0,0,0,0,0,0
150,150,*NOUSE*,*NOUSE*,0,0,0,0,0,0,0,0
151,151,*NOUSE*,*NOUSE*,0,0,0,0,0,0,0,0
152,152,DL8,,49,1236,36,118.00,40.73,24.14,4209,171430
153,153,*NOUSE*,*NOUSE*,0,0,0,0,0,0,0,0
154,154,*NOUSE*,*NOUSE*,0,0,0,0,0,0,0,0
155,155,*NOUSE*,*NOUSE*,0,0,0,0,0,0,0,0
156,156,RIAL,,50,1353,56,138.00,63.82,29.85,2884,184052
157,157,*NOUSE*,*NOUSE*,0,0,0,0,0,0,0,0
158,158,RIBL,,50,1306,71,143.00,64.59,30.25,3102,200347
159,159,*NOUSE*,*NOUSE*,0,0,0,0,0,0,0,0
160,160,G2L,,52,1182,84,174.00,58.54,40.21,3740,218934
161,161,MCL,,52,1490,84,194.00,80.64,40.61,3065,247158
162,162,*NOUSE*,*NOUSE*,0,0,0,0,0,0,0,0
163,163,SMDDL,,51,1343,101,167.00,71.52,36.30,3300,236022
164,164,DD4,,51,698,101,160.00,51.84,38.64,3580,185588
165,165,CEPDL,,53,1369,42,169.00,67.17,39.31,3376,226758
166,166,*NOUSE*,*NOUSE*,0,0,0,0,0,0,0,0
167,167,*NOUSE*,*NOUSE*,0,0,0,0,0,0,0,0
168,168,*NOUSE*,*NOUSE*,0,0,0,0,0,0,0,0
169,169,INDL1,,53,1100,48,80.00,29.39,12.75,6041,177538
170,170,*NOUSE*,*NOUSE*,0,0,0,0,0,0,0,0
171,171,G1Al,,53,1234,60,194.00,51.74,33.83,3930,203340
172,172,*NOUSE*,*NOUSE*,0,0,0,0,0,0,0,0
173,173,*NOUSE*,*NOUSE*,0,0,0,0,0,0,0,0
174,174,SAAVL,,50,1367,69,166.00,74.54,35.15,2797,208492
175,175,AVEL,,52,1349,73,168.00,70.72,33.79,2916,206226
176,176,AIBL,,51,1327,77,151.00,68.58,30.26,3067,210333
177,177,*NOUSE*,*NOUSE*,0,0,0,0,0,0,0,0
178,178,I2L,,52,1474,83,213.00,88.67,46.71,2794,247732
179,179,NSML,,52,1457,84,180.00,71.34,43.13,3293,234914
180,180,SIBVL,,51,1343,87,195.00,91.42,37.20,2615,239075
181,181,*NOUSE*,*NOUSE*,0,0,0,0,0,0,0,0
182,182,*NOUSE*,*NOUSE*,0,0,0,0,0,0,0,0
183,183,*NOUSE*,*NOUSE*,0,0,0,0,0,0,0,0
184,184,*NOUSE*,*NOUSE*,0,0,0,0,0,0,0,0
185,185,DB6,,52,653,102,161.00,48.77,37.15,4066,198314
186,186,*NOUSE*,*NOUSE*,0,0,0,0,0,0,0,0
187,187,*NOUSE*,*NOUSE*,0,0,0,0,0,0,0,0
188,188,*NOUSE*,*NOUSE*,0,0,0,0,0,0,0,0
189,189,IL2DL,,52,1458,45,180.00,61.48,39.03,3377,207612
190,190,DL19,,53,502,46,126.00,41.06,27.82,3925,161153
191,191,*NOUSE*,*NOUSE*,0,0,0,0,0,0,0,0
192,192,PM1L,,52,1501,72,198.00,73.30,42.50,3211,235373
193,193,PM4L,,50,1474,72,161.00,70.22,37.49,2626,184408
194,194,U,,56,352,78,119.00,48.58,27.95,3511,170554
195,195,VPI2V,,55,1165,83,182.00,66.51,41.56,3559,236707
196,196,*NOUSE*,*NOUSE*,0,0,0,0,0,0,0,0
197,197,DA6,,53,629,101,166.00,48.28,38.71,3900,188278
198,198,VL7,,52,1281,104,146.00,64.20,33.32,2687,172515
199,199,DB3,,58,1115,103,156.00,54.14,36.48,4468,241889
200,200,*NOUSE*,*NOUSE*,0,0,0,0,0,0,0,0
201,201,*NOUSE*,*NOUSE*,0,0,0,0,0,0,0,0
202,202,*NOUSE*,*NOUSE*,0,0,0,0,0,0,0,0
203,203,*NOUSE*,*NOUSE*,0,0,0,0,0,0,0,0
204,204,RIVL,,53,1277,46,184.00,66.16,39.01,2853,188748
205,205,*NOUSE*,*NOUSE*,0,0,0,0,0,0,0,0
206,206,VIRL,,55,372,57,122.00,43.65,26.61,3292,143706
207,207,PM6VL,,50,1227,81,113.00,51.34,24.33,3523,180872
208,208,*NOUSE*,*NOUSE*,0,0,0,0,0,0,0,0
209,209,*NOUSE*,*NOUSE*,0,0,0,0,0,0,0,0
210,210,*NOUSE*,*NOUSE*,0,0,0,0,0,0,0,0
211,211,*NOUSE*,*NOUSE*,0,0,0,0,0,0,0,0
212,212,DD5,,54,545,97,159.00,44.70,36.54,4177,186702
213,213,*NOUSE*,*NOUSE*,0,0,0,0,0,0,0,0
214,214,VL3,,54,1534,102,162.00,58.09,33.68,3696,214708
215,215,*NOUSE*,*NOUSE*,0,0,0,0,0,0,0,0
216,216,*NOUSE*,*NOUSE*,0,0,0,0,0,0,0,0
217,217,DL9,,54,1170,36,132.00,43.20,28.15,3704,159997
218,218,*NOUSE*,*NOUSE*,0,0,0,0,0,0,0,0
219,219,DL5,,53,1403,39,107.00,44.00,21.56,2082,91603
220,220,IND9,,57,400,49,67.00,27.54,10.67,4046,111438
221,221,*NOUSE*,*NOUSE*,0,0,0,0,0,0,0,0
222,222,IND6,,54,680,59,54.00,21.41, 7.67,7257,155392
223,223,PM5L,,53,1254,67,157.00,67.28,30.53,3227,217100
224,224,HYP11,,53,160,65,69.00,28.79,12.29,3319,95563
225,225,E2VL,,54,1662,81,155.00,42.48,32.08,5148,218711
226,226,*NOUSE*,*NOUSE*,0,0,0,0,0,0,0,0
227,227,*NOUSE*,*NOUSE*,0,0,0,0,0,0,0,0
228,228,IL2VL,,52,1442,98,200.00,93.21,45.10,1932,180080
229,229,SABVL,,59,1264,100,208.00,88.20,45.28,3539,312128
230,230,RIGL,,54,1236,105,189.00,68.28,40.27,3868,264105
231,231,*NOUSE*,*NOUSE*,0,0,0,0,0,0,0,0
232,232,DB5,,56,825,102,164.00,52.41,39.03,4270,223775
233,233,*NOUSE*,*NOUSE*,0,0,0,0,0,0,0,0
234,234,DA5,,54,775,106,190.00,50.94,41.48,4081,207879
235,235,*NOUSE*,*NOUSE*,0,0,0,0,0,0,0,0
236,236,*NOUSE*,*NOUSE*,0,0,0,0,0,0,0,0
237,237,*NOUSE*,*NOUSE*,0,0,0,0,0,0,0,0
238,238,*NOUSE*,*NOUSE*,0,0,0,0,0,0,0,0
239,239,HYP72,,55,190,76,70.00,28.36,12.27,3436,97458
240,240,VPI3V,,63,1157,79,179.00,56.85,38.85,3661,208146
241,241,INV7,,55,621,83,55.00,23.11, 8.62,7126,164692
242,242,*NOUSE*,*NOUSE*,0,0,0,0,0,0,0,0
243,243,*NOUSE*,*NOUSE*,0,0,0,0,0,0,0,0
244,244,*NOUSE*,*NOUSE*,0,0,0,0,0,0,0,0
245,245,DL13,,57,928,39,130.00,41.91,28.91,2739,114782
246,246,*NOUSE*,*NOUSE*,0,0,0,0,0,0,0,0
247,247,IND7,,58,576,59,54.00,21.83, 7.98,5240,114389
248,248,*NOUSE*,*NOUSE*,0,0,0,0,0,0,0,0
249,249,*NOUSE*,*NOUSE*,0,0,0,0,0,0,0,0
250,250,PM3L,,54,1546,76,147.00,50.62,28.27,1767,89449
251,251,GLRL,,56,1360,81,201.00,91.08,42.52,2547,231984
252,252,EXC DUCT,,59,1303,85,173.00,62.61,30.84,4352,272471
253,253,*NOUSE*,*NOUSE*,0,0,0,0,0,0,0,0
254,254,*NOUSE*,*NOUSE*,0,0,0,0,0,0,0,0
255,255,*NOUSE*,*NOUSE*,0,0,0,0,0,0,0,0
256,256,DD3,,57,875,103,177.00,50.66,41.57,3862,195664
257,257,ASKL,,57,1336,44,132.00,54.32,26.38,3726,202394
258,258,*NOUSE*,*NOUSE*,0,0,0,0,0,0,0,0
259,259,DL21,,58,265,57,103.00,36.71,20.40,3126,114765
260,260,*NOUSE*,*NOUSE*,0,0,0,0,0,0,0,0
261,261,HYP8,,57,153,72,76.00,30.79,14.17,3116,95927
262,262,INV4,,60,865,83,51.00,22.45, 8.05,7770,174404
263,263,INV8,,60,521,83,67.00,26.84,10.56,5743,154152
264,264,MC3V,,59,1197,94,167.00,48.09,30.31,4821,231844
265,265,DA2,,59,1088,104,186.00,54.72,42.27,4359,238506
266,266,URXL,,58,1355,46,168.00,68.79,35.83,3060,210490
267,267,ADLL,,59,1315,42,123.00,50.69,25.87,3730,189067
268,268,PM4DL,,57,1470,55,168.00,64.21,34.20,3244,208287
269,269,*NOUSE*,*NOUSE*,0,0,0,0,0,0,0,0
270,270,*NOUSE*,*NOUSE*,0,0,0,0,0,0,0,0
271,271,PVR,,58,217,69,90.00,32.97,17.33,2836,93497
272,272,M3L,,57,1430,79,200.00,74.28,46.61,3512,260883
273,273,*NOUSE*,*NOUSE*,0,0,0,0,0,0,0,0
274,274,AIAL,,57,1319,87,205.00,99.45,39.68,2724,270906
275,275,*NOUSE*,*NOUSE*,0,0,0,0,0,0,0,0
276,276,*NOUSE*,*NOUSE*,0,0,0,0,0,0,0,0
277,277,PM5VL,,59,1249,87,174.00,75.28,33.81,3608,271622
278,278,*NOUSE*,*NOUSE*,0,0,0,0,0,0,0,0
279,279,DB4,,59,983,101,154.00,47.76,36.11,4256,203254
280,280,RIGR,,59,1175,107,160.00,51.82,36.54,4669,241951
281,281,RIFL,,59,1253,109,180.00,78.07,41.88,3191,249116
282,282,*NOUSE*,*NOUSE*,0,0,0,0,0,0,0,0
283,283,*NOUSE*,*NOUSE*,0,0,0,0,0,0,0,0
284,284,VPI3D,,65,1159,55,163.00,54.86,35.06,3337,183073
285,285,E2D,,59,1664,56,157.00,46.27,34.63,4900,226708
286,286,*NOUSE*,*NOUSE*,0,0,0,0,0,0,0,0
287,287,*NOUSE*,*NOUSE*,0,0,0,0,0,0,0,0
288,288,*NOUSE*,*NOUSE*,0,0,0,0,0,0,0,0
289,289,YPDA,,59,343,93,116.00,41.52,22.77,3198,132781
290,290,*NOUSE*,*NOUSE*,0,0,0,0,0,0,0,0
291,291,DA3,,60,1011,101,179.00,51.95,41.64,3841,199551
292,292,DA4,,60,900,105,187.00,59.37,44.54,4112,244142
293,293,DL7,,61,1279,38,157.00,53.37,31.86,3556,189779
294,294,*NOUSE*,*NOUSE*,0,0,0,0,0,0,0,0
295,295,HYP4D,,61,1711,59,145.00,42.93,30.39,4649,199595
296,296,*NOUSE*,*NOUSE*,0,0,0,0,0,0,0,0
297,297,HYP9,,58,115,68,61.00,25.93,10.12,1911,49550
298,298,*NOUSE*,*NOUSE*,0,0,0,0,0,0,0,0
299,299,B,,59,315,80,108.00,47.29,22.24,2300,108756
300,300,*NOUSE*,*NOUSE*,0,0,0,0,0,0,0,0
301,301,*NOUSE*,*NOUSE*,0,0,0,0,0,0,0,0
302,302,SMBVL,,59,1335,91,183.00,95.22,37.81,2922,278245
303,303,*NOUSE*,*NOUSE*,0,0,0,0,0,0,0,0
304,304,CEPVL,,59,1407,95,213.00,93.61,44.22,3136,293559
305,305,DA1,,60,1155,103,178.00,61.68,40.27,4514,278441
306,306,RID,,63,1385,37,147.00,45.79,31.04,4441,203367
307,307,*NOUSE*,*NOUSE*,0,0,0,0,0,0,0,0
308,308,*NOUSE*,*NOUSE*,0,0,0,0,0,0,0,0
309,309,*NOUSE*,*NOUSE*,0,0,0,0,0,0,0,0
310,310,*NOUSE*,*NOUSE*,0,0,0,0,0,0,0,0
311,311,PVT,,62,397,91,117.00,40.92,25.25,3874,158542
312,312,HYP4V1,,62,1688,93,173.00,46.68,35.95,3978,185692
313,313,*NOUSE*,*NOUSE*,0,0,0,0,0,0,0,0
314,314,*NOUSE*,*NOUSE*,0,0,0,0,0,0,0,0
315,315,*NOUSE*,*NOUSE*,0,0,0,0,0,0,0,0
316,316,*NOUSE*,*NOUSE*,0,0,0,0,0,0,0,0
317,317,*NOUSE*,*NOUSE*,0,0,0,0,0,0,0,0
318,318,*NOUSE*,*NOUSE*,0,0,0,0,0,0,0,0
319,319,HYP4V2,,63,1657,94,164.00,46.91,37.78,4106,192592
320,320,W,,62,1296,107,169.00,63.82,34.45,4150,264848
321,321,HMC,,63,1251,36,130.00,43.27,26.16,3824,165468
322,322,*NOUSE*,*NOUSE*,0,0,0,0,0,0,0,0
323,323,VPI1,,64,1169,48,155.00,55.68,32.81,3253,181139
324,324,*NOUSE*,*NOUSE*,0,0,0,0,0,0,0,0
325,325,DVA,,60,314,61,113.00,44.98,20.77,3523,158467
326,326,*NOUSE*,*NOUSE*,0,0,0,0,0,0,0,0
327,327,IMR,,69,415,85,119.00,37.55,21.56,4243,159333
328,328,I5,,63,1234,96,186.00,71.96,37.36,3304,237752
329,329,VR17,,64,664,96,158.00,48.62,34.63,3003,145997
330,330,RMEV,,65,1395,99,205.00,75.07,48.93,3347,251269
331,331,G2,,63,1322,102,189.00,86.71,41.52,2869,248766
332,332,*NOUSE*,*NOUSE*,0,0,0,0,0,0,0,0
333,333,*NOUSE*,*NOUSE*,0,0,0,0,0,0,0,0
334,334,HYP7D2,,64,1340,33,106.00,41.64,19.67,3767,156844
335,335,*NOUSE*,*NOUSE*,0,0,0,0,0,0,0,0
336,336,HYP6D4,,64,1481,37,155.00,52.50,30.89,3787,198803
337,337,HYP6D1,,63,1568,39,170.00,63.04,39.54,2714,171083
338,338,*NOUSE*,*NOUSE*,0,0,0,0,0,0,0,0
339,339,DR17,,64,697,45,141.00,45.34,32.42,3740,169576
340,340,DR18,,65,623,47,130.00,41.86,29.12,3778,158162
341,341,I4,,65,1242,50,197.00,64.82,40.45,2891,187388
342,342,PM6D,,64,1226,50,134.00,53.71,29.02,3367,180855
343,343,DEP,,60,299,58,116.00,54.25,25.15,1584,85931
344,344,M4,,66,1426,62,190.00,61.23,36.50,4243,259809
345,345,VIRR,,65,373,67,131.00,40.93,26.17,3677,150506
346,346,*NOUSE*,*NOUSE*,0,0,0,0,0,0,0,0
347,347,*NOUSE*,*NOUSE*,0,0,0,0,0,0,0,0
348,348,ARCAV,,65,1634,95,183.00,55.21,42.96,3687,203570
349,349,*NOUSE*,*NOUSE*,0,0,0,0,0,0,0,0
350,350,*NOUSE*,*NOUSE*,0,0,0,0,0,0,0,0
351,351,G2R,,66,1184,90,200.00,64.08,43.31,3429,219720
352,352,*NOUSE*,*NOUSE*,0,0,0,0,0,0,0,0
353,353,*NOUSE*,*NOUSE*,0,0,0,0,0,0,0,0
354,354,*NOUSE*,*NOUSE*,0,0,0,0,0,0,0,0
355,355,HYP6D2,,64,1520,40,148.00,59.18,33.70,3316,196235
356,356,*NOUSE*,*NOUSE*,0,0,0,0,0,0,0,0
357,357,*NOUSE*,*NOUSE*,0,0,0,0,0,0,0,0
358,358,*NOUSE*,*NOUSE*,0,0,0,0,0,0,0,0
359,359,*NOUSE*,*NOUSE*,0,0,0,0,0,0,0,0
360,360,G1,,64,1350,108,167.00,61.21,34.45,4060,248521
361,361,*NOUSE*,*NOUSE*,0,0,0,0,0,0,0,0
362,362,HYP6D3,,65,1500,38,160.00,57.47,34.36,3505,201424
363,363,*NOUSE*,*NOUSE*,0,0,0,0,0,0,0,0
364,364,I3,,67,1457,55,203.00,65.02,41.83,3832,249157
365,365,*NOUSE*,*NOUSE*,0,0,0,0,0,0,0,0
366,366,*NOUSE*,*NOUSE*,0,0,0,0,0,0,0,0
367,367,DR11,,69,1097,39,156.00,40.46,28.09,4022,162734
368,368,*NOUSE*,*NOUSE*,0,0,0,0,0,0,0,0
369,369,ARCPD,,66,1595,46,236.00,65.54,52.55,3379,221468
370,370,*NOUSE*,*NOUSE*,0,0,0,0,0,0,0,0
371,371,Z1,,69,797,89,132.00,44.52,31.36,4510,200764
372,372,*NOUSE*,*NOUSE*,0,0,0,0,0,0,0,0
373,373,VR16,,67,748,94,151.00,44.42,31.33,4286,190392
374,374,*NOUSE*,*NOUSE*,0,0,0,0,0,0,0,0
375,375,ALA,,64,1368,41,174.00,74.30,39.38,2777,206344
376,376,*NOUSE*,*NOUSE*,0,0,0,0,0,0,0,0
377,377,*NOUSE*,*NOUSE*,0,0,0,0,0,0,0,0
378,378,*NOUSE*,*NOUSE*,0,0,0,0,0,0,0,0
379,379,*NOUSE*,*NOUSE*,0,0,0,0,0,0,0,0
380,380,*NOUSE*,*NOUSE*,0,0,0,0,0,0,0,0
381,381,CCRP,,70,1035,97,196.00,56.30,45.44,3350,188612
382,382,*NOUSE*,*NOUSE*,0,0,0,0,0,0,0,0
383,383,*NOUSE*,*NOUSE*,0,0,0,0,0,0,0,0
384,384,DR16,,68,778,45,157.00,42.73,31.48,3635,155339
385,385,*NOUSE*,*NOUSE*,0,0,0,0,0,0,0,0
386,386,DR20,,69,470,51,110.00,36.83,21.62,3841,141460
387,387,*NOUSE*,*NOUSE*,0,0,0,0,0,0,0,0
388,388,*NOUSE*,*NOUSE*,0,0,0,0,0,0,0,0
389,389,VR19,,67,483,93,136.00,41.15,26.81,3663,150736
390,390,*NOUSE*,*NOUSE*,0,0,0,0,0,0,0,0
391,391,*NOUSE*,*NOUSE*,0,0,0,0,0,0,0,0
392,392,DA9,,68,357,84,142.00,51.77,31.45,3012,155926
393,393,*NOUSE*,*NOUSE*,0,0,0,0,0,0,0,0
394,394,*NOUSE*,*NOUSE*,0,0,0,0,0,0,0,0
395,395,*NOUSE*,*NOUSE*,0,0,0,0,0,0,0,0
396,396,AVG,,68,1236,108,205.00,79.92,42.45,2872,229535
397,397,DR15,,69,866,40,161.00,52.58,37.24,2493,131094
398,398,*NOUSE*,*NOUSE*,0,0,0,0,0,0,0,0
399,399,*NOUSE*,*NOUSE*,0,0,0,0,0,0,0,0
400,400,G1P,,73,1184,57,135.00,46.36,27.35,3405,157869
401,401,REPVR,,72,356,70,153.00,41.68,27.12,3532,147199
402,402,*NOUSE*,*NOUSE*,0,0,0,0,0,0,0,0
403,403,E2VR,,70,1663,79,171.00,45.93,35.97,4433,203586
404,404,*NOUSE*,*NOUSE*,0,0,0,0,0,0,0,0
405,405,*NOUSE*,*NOUSE*,0,0,0,0,0,0,0,0
406,406,AIAR,,68,1320,90,209.00,104.54,44.99,2951,308490
407,407,P9/10R,,72,542,88,123.00,35.19,22.37,4346,152931
408,408,*NOUSE*,*NOUSE*,0,0,0,0,0,0,0,0
409,409,*NOUSE*,*NOUSE*,0,0,0,0,0,0,0,0
410,410,VR13,,73,971,99,171.00,49.75,39.24,3150,156707
411,411,*NOUSE*,*NOUSE*,0,0,0,0,0,0,0,0
412,412,*NOUSE*,*NOUSE*,0,0,0,0,0,0,0,0
413,413,*NOUSE*,*NOUSE*,0,0,0,0,0,0,0,0
414,414,PVQR,,71,334,72,120.00,44.57,26.81,3117,138938
415,415,*NOUSE*,*NOUSE*,0,0,0,0,0,0,0,0
416,416,INVR1,,72,1099,89,83.00,30.23,13.98,6439,194670
417,417,*NOUSE*,*NOUSE*,0,0,0,0,0,0,0,0
418,418,VR9,,73,1172,103,155.00,55.73,36.66,2837,158114
419,419,RIFR,,71,1252,104,205.00,97.77,46.29,2464,240895
420,420,*NOUSE*,*NOUSE*,0,0,0,0,0,0,0,0
421,421,SABD,,72,1215,108,205.00,68.60,48.04,4087,280361
422,422,IL2DR,,75,1458,44,179.00,62.86,40.97,3046,191472
423,423,ALMR,,79,904,55,167.00,48.37,40.10,3631,175645
424,424,PM3R,,75,1541,74,152.00,58.71,32.32,3871,227279
425,425,PM7VR,,75,1198,88,157.00,49.01,31.09,4414,216316
426,426,PM5VR,,69,1249,87,164.00,79.04,33.63,2842,224645
427,427,P7/8R,,72,677,93,118.00,40.66,26.11,2944,119710
428,428,CCRA,,75,1058,97,210.00,60.15,48.31,4397,264492
429,429,*NOUSE*,*NOUSE*,0,0,0,0,0,0,0,0
430,430,*NOUSE*,*NOUSE*,0,0,0,0,0,0,0,0
431,431,VR10,,75,1147,101,138.00,47.28,29.71,3799,179604
432,432,*NOUSE*,*NOUSE*,0,0,0,0,0,0,0,0
433,433,*NOUSE*,*NOUSE*,0,0,0,0,0,0,0,0
434,434,*NOUSE*,*NOUSE*,0,0,0,0,0,0,0,0
435,435,*NOUSE*,*NOUSE*,0,0,0,0,0,0,0,0
436,436,ASKR,,73,1335,47,138.00,57.48,29.42,3512,201880
437,437,INDR1,,75,1102,54,94.00,30.28,13.33,5439,164704
438,438,*NOUSE*,*NOUSE*,0,0,0,0,0,0,0,0
439,439,PM1R,,76,1500,72,246.00,82.29,52.32,2480,204081
440,440,*NOUSE*,*NOUSE*,0,0,0,0,0,0,0,0
441,441,PM5R,,74,1252,71,176.00,76.64,37.95,2532,194046
442,442,*NOUSE*,*NOUSE*,0,0,0,0,0,0,0,0
443,443,*NOUSE*,*NOUSE*,0,0,0,0,0,0,0,0
444,444,*NOUSE*,*NOUSE*,0,0,0,0,0,0,0,0
445,445,*NOUSE*,*NOUSE*,0,0,0,0,0,0,0,0
446,446,PM6VR,,74,1227,87,144.00,57.78,30.19,3875,223894
447,447,*NOUSE*,*NOUSE*,0,0,0,0,0,0,0,0
448,448,*NOUSE*,*NOUSE*,0,0,0,0,0,0,0,0
449,449,*NOUSE*,*NOUSE*,0,0,0,0,0,0,0,0
450,450,DR9,,74,1191,37,140.00,43.77,28.06,3341,146244
451,451,DR14,,76,926,46,137.00,42.20,31.39,3716,156797
452,452,*NOUSE*,*NOUSE*,0,0,0,0,0,0,0,0
453,453,MC2DR,,71,1275,62,144.00,65.18,28.32,3083,200952
454,454,M1,,75,1224,57,182.00,61.57,44.54,3038,187041
455,455,*NOUSE*,*NOUSE*,0,0,0,0,0,0,0,0
456,456,PM4DR,,74,1476,56,164.00,73.64,34.61,2059,151629
457,457,VPI2DR,,76,1168,66,173.00,54.16,40.22,3714,201142
458,458,*NOUSE*,*NOUSE*,0,0,0,0,0,0,0,0
459,459,M3R,,73,1431,80,246.00,80.95,55.74,2721,220266
460,460,*NOUSE*,*NOUSE*,0,0,0,0,0,0,0,0
461,461,V5R,,73,574,80,106.00,32.85,18.79,4557,149703
462,462,QR,,74,646,82,111.00,35.67,21.90,4447,158619
463,463,NSMR,,76,1460,86,217.00,80.71,52.17,3069,247688
464,464,HSNR,,75,766,88,179.00,54.56,42.32,3474,189552
465,465,VR12,,74,1011,96,168.00,48.47,35.43,4023,195010
466,466,*NOUSE*,*NOUSE*,0,0,0,0,0,0,0,0
467,467,VR14,,73,902,101,164.00,51.14,37.29,4192,214395
468,468,DR7,,74,1283,39,164.00,56.72,32.77,1930,109472
469,469,RIVR,,76,1282,49,237.00,81.67,50.01,2495,203764
470,470,DR10,,77,1161,47,128.00,44.52,25.65,3521,156762
471,471,*NOUSE*,*NOUSE*,0,0,0,0,0,0,0,0
472,472,AVKR,,76,1264,89,186.00,83.14,41.18,2966,246594
473,473,SIAVR,,76,1309,93,220.00,87.30,47.26,2662,232392
474,474,*NOUSE*,*NOUSE*,0,0,0,0,0,0,0,0
475,475,*NOUSE*,*NOUSE*,0,0,0,0,0,0,0,0
476,476,DR3,,76,1512,43,152.00,52.78,29.59,3786,199818
477,477,HYP7RC5,,75,532,62,76.00,27.51,13.16,4748,130596
478,478,HYP7RC4,,75,659,62,108.00,30.45,16.62,4257,129614
479,479,G1AR,,77,1236,67,180.00,58.84,34.56,3427,201633
480,480,CANR,,77,820,70,170.00,46.50,36.55,3789,176180
481,481,*NOUSE*,*NOUSE*,0,0,0,0,0,0,0,0
482,482,V6R,,76,477,76,103.00,32.71,19.40,3180,104031
483,483,AVL,,74,1324,83,185.00,100.46,38.12,1257,126281
484,484,M2R,,76,1243,82,229.00,98.58,51.30,2318,228503
485,485,*NOUSE*,*NOUSE*,0,0,0,0,0,0,0,0
486,486,*NOUSE*,*NOUSE*,0,0,0,0,0,0,0,0
487,487,P5/6R,,77,815,91,139.00,40.57,25.30,2893,117361
488,488,*NOUSE*,*NOUSE*,0,0,0,0,0,0,0,0
489,489,DR8,,77,1242,42,114.00,43.72,24.25,2543,111189
490,490,*NOUSE*,*NOUSE*,0,0,0,0,0,0,0,0
491,491,*NOUSE*,*NOUSE*,0,0,0,0,0,0,0,0
492,492,DR1,,78,1592,57,138.00,44.71,27.89,4770,213273
493,493,MC3DR,,79,1201,69,144.00,49.20,33.70,4053,199391
494,494,*NOUSE*,*NOUSE*,0,0,0,0,0,0,0,0
495,495,*NOUSE*,*NOUSE*,0,0,0,0,0,0,0,0
496,496,*NOUSE*,*NOUSE*,0,0,0,0,0,0,0,0
497,497,*NOUSE*,*NOUSE*,0,0,0,0,0,0,0,0
498,498,*NOUSE*,*NOUSE*,0,0,0,0,0,0,0,0
499,499,*NOUSE*,*NOUSE*,0,0,0,0,0,0,0,0
500,500,*NOUSE*,*NOUSE*,0,0,0,0,0,0,0,0
501,501,AIBR,,79,1342,74,194.00,83.78,42.44,2785,233328
502,502,*NOUSE*,*NOUSE*,0,0,0,0,0,0,0,0
503,503,*NOUSE*,*NOUSE*,0,0,0,0,0,0,0,0
504,504,*NOUSE*,*NOUSE*,0,0,0,0,0,0,0,0
505,505,*NOUSE*,*NOUSE*,0,0,0,0,0,0,0,0
506,506,VR3,,76,1551,101,159.00,64.25,37.36,1900,122072
507,507,*NOUSE*,*NOUSE*,0,0,0,0,0,0,0,0
508,508,VR7,,76,1297,105,173.00,65.89,34.52,3407,224496
509,509,DR6,,81,1391,48,139.00,47.02,28.95,3551,166952
510,510,DR2,,77,1543,50,142.00,58.68,29.58,1493,87615
511,511,URYDR,,79,1428,52,204.00,92.02,48.17,1942,178705
512,512,*NOUSE*,*NOUSE*,0,0,0,0,0,0,0,0
513,513,ARCPDR,,80,1533,60,215.00,67.54,44.62,3371,227666
514,514,HYP7RC3,,78,783,66,118.00,30.13,17.24,5028,151489
515,515,*NOUSE*,*NOUSE*,0,0,0,0,0,0,0,0
516,516,AIYR,,79,1283,94,217.00,88.87,45.68,2816,250268
517,517,EXC GL R,,79,1244,97,180.00,68.50,37.84,3144,215366
518,518,SMDDR,,79,1346,101,212.00,89.55,50.24,2458,220118
519,519,VR5,,76,1455,108,148.00,58.30,32.56,1427,83188
520,520,*NOUSE*,*NOUSE*,0,0,0,0,0,0,0,0
521,521,*NOUSE*,*NOUSE*,0,0,0,0,0,0,0,0
522,522,HYP1R,,82,1517,57,222.00,73.36,52.16,2975,218255
523,523,AMsoR,,81,1554,61,184.00,59.42,43.09,3499,207904
524,524,HYP5R,,81,1628,67,130.00,45.42,30.39,4537,206065
525,525,BDUR,,82,1107,75,191.00,57.82,46.95,3744,216480
526,526,*NOUSE*,*NOUSE*,0,0,0,0,0,0,0,0
527,527,ILshR,,81,1521,89,238.00,78.87,54.51,2890,227922
528,528,P1/2R,,82,1023,88,144.00,45.25,30.82,4519,204486
529,529,CEPsoVR,,80,1449,96,252.00,87.20,55.36,2611,227669
530,530,*NOUSE*,*NOUSE*,0,0,0,0,0,0,0,0
531,531,RMDDR,,80,1366,98,216.00,88.57,52.06,2289,202729
532,532,*NOUSE*,*NOUSE*,0,0,0,0,0,0,0,0
533,533,AVHR,,81,1296,52,191.00,70.09,43.23,2697,189031
534,534,CEPshDR,,82,1410,56,189.00,61.72,39.35,3029,186965
535,535,RIPR,,80,1424,65,201.00,83.38,44.98,2464,205458
536,536,*NOUSE*,*NOUSE*,0,0,0,0,0,0,0,0
537,537,P3/4R,,82,926,90,126.00,42.56,28.37,3310,140884
538,538,*NOUSE*,*NOUSE*,0,0,0,0,0,0,0,0
539,539,VR2,,78,1573,97,141.00,57.39,32.81,2758,158293
540,540,VR4,,83,1493,96,150.00,60.71,32.97,3646,221337
541,541,VR8,,79,1227,105,155.00,55.89,36.20,3079,172094
542,542,ADFR,,83,1340,58,185.00,70.06,39.01,2765,193705
543,543,*NOUSE*,*NOUSE*,0,0,0,0,0,0,0,0
544,544,*NOUSE*,*NOUSE*,0,0,0,0,0,0,0,0
545,545,*NOUSE*,*NOUSE*,0,0,0,0,0,0,0,0
546,546,*NOUSE*,*NOUSE*,0,0,0,0,0,0,0,0
547,547,RIS,,79,1268,102,195.00,81.36,44.38,2380,193631
548,548,*NOUSE*,*NOUSE*,0,0,0,0,0,0,0,0
549,549,ARCADR,,83,1579,67,173.00,49.74,35.89,4312,214462
550,550,V1R,,84,1075,76,139.00,40.99,25.03,5026,206021
551,551,*NOUSE*,*NOUSE*,0,0,0,0,0,0,0,0
552,552,*NOUSE*,*NOUSE*,0,0,0,0,0,0,0,0
553,553,V2R,,84,971,83,109.00,36.36,22.41,5502,200072
554,554,CEPshVR,,83,1409,88,230.00,77.49,47.69,2157,167143
555,555,*NOUSE*,*NOUSE*,0,0,0,0,0,0,0,0
556,556,AMshR,,83,1255,56,114.00,47.00,22.71,2819,132504
557,557,*NOUSE*,*NOUSE*,0,0,0,0,0,0,0,0
558,558,ARCPVR,,83,1570,78,212.00,63.29,47.11,3310,209505
559,559,HYP7RC1,,84,1011,62,80.00,30.20,14.55,6294,190097
560,560,*NOUSE*,*NOUSE*,0,0,0,0,0,0,0,0
561,561,*NOUSE*,*NOUSE*,0,0,0,0,0,0,0,0
562,562,HYP7ABR3,,86,1125,69,107.00,36.59,20.44,5484,200637
563,563,URYVR,,86,1444,85,244.00,80.09,55.12,2861,229145
564,564,ADEshR,,87,1208,83,233.00,57.54,46.00,4218,242702
565,565,RMDVR,,87,1391,67,197.00,59.85,44.91,3637,217689
566,566,HYP7ABRD,,86,1182,64,97.00,36.97,18.45,5449,201464
567,567,IL1R,,87,1455,77,199.00,69.31,46.10,3196,221501
568,568,*NOUSE*,*NOUSE*,0,0,0,0,0,0,0,0
569,569,*NOUSE*,*NOUSE*,0,0,0,0,0,0,0,0
570,570,*NOUSE*,*NOUSE*,0,0,0,0,0,0,0,0
571,571,AFDR,,88,1351,68,178.00,61.95,40.34,3225,199790
572,572,*NOUSE*,*NOUSE*,0,0,0,0,0,0,0,0
573,573,*NOUSE*,*NOUSE*,0,0,0,0,0,0,0,0
574,574,FLPR,,88,1266,81,213.00,81.37,53.07,2915,237189
575,575,*NOUSE*,*NOUSE*,0,0,0,0,0,0,0,0
576,576,RMDR,,86,1376,86,208.00,77.73,51.62,2898,225268
577,577,RICR,,88,1283,85,196.00,83.53,50.79,3079,257181
578,578,*NOUSE*,*NOUSE*,0,0,0,0,0,0,0,0
579,579,IL2R,,89,1478,68,202.00,62.78,43.45,3657,229597
580,580,H0R,,88,1534,70,146.00,49.35,31.75,4533,223709
581,581,ASHR,,89,1329,73,177.00,62.33,38.69,3799,236806
582,582,SIBDR,,87,1361,82,226.00,89.80,58.61,2612,234549
583,583,RMGR,,87,1228,86,191.00,63.20,45.13,3932,248513
584,584,H2R,,89,1242,68,129.00,46.71,25.88,2446,114252
585,585,AWcR,,88,1344,81,190.00,71.36,45.46,3256,232344
586,586,AUAR,,89,1324,89,222.00,84.50,56.37,2935,247999
587,587,*NOUSE*,*NOUSE*,0,0,0,0,0,0,0,0
588,588,HYP2L,*MANUAL*,42,1552,70,137.00,57.96,28.61,2945,170701
589,589,ARCPVL,*MANUAL*,42,1562,83,175.00,72.08,39.41,1727,124486
590,590,ILsoL,*MANUAL*,44,1541,81,164.00,80.17,31.56,1975,158332
591,591,OLQsoVL,*MANUAL*,47,1531,87,186.00,90.26,40.38,2025,182770
592,592,ARCPDL,*MANUAL*,45,1537,60,148.00,61.25,31.43,2065,126484
593,593,AMsoL,*MANUAL*,49,1524,57,178.00,81.38,37.87,2103,171143
594,594,CEPsODL,*MANUAL*,44,1453,55,210.00,80.79,46.66,2065,166828
595,595,URADL,*MANUAL*,52,1443,50,183.00,108.63,38.00,1358,147524
596,596,RMEL,*MANUAL*,46,1405,67,146.00,72.62,32.47,2077,150833
597,597,RIPL,*MANUAL*,49,1420,66,157.00,93.26,26.59,1183,110332
598,598,OLLL,*MANUAL*,49,1436,61,165.00,86.10,29.63,1903,163856
599,599,RMED,*MANUAL*,66,1407,39,171.00,67.15,40.52,2003,134499
600,600,OLQDR,*MANUAL*,71,1420,47,185.00,121.77,31.42,892,108619
601,601,OLQDL,*MANUAL*,60,1418,43,194.00,107.83,36.87,2033,219210
602,602,IL1DL,*MANUAL*,60,1431,49,186.00,103.76,40.04,1305,135409
603,603,IL1DR,*MANUAL*,69,1434,48,208.00,110.10,42.31,1945,214147
604,604,URYDL,*MANUAL*,51,1427,50,173.00,90.54,38.51,2103,190408
605,605,URADR,*MANUAL*,77,1442,50,229.00,90.60,53.92,1973,178750
606,606,RMER,*MANUAL*,82,1413,69,217.00,97.30,48.10,1477,143717
607,607,OLLR,*MANUAL*,79,1440,62,201.00,96.14,38.95,1661,159695
608,608,CEPsoDR,*MANUAL*,81,1459,55,211.00,82.13,50.03,2103,172713
609,609,OLLsoR,*MANUAL*,83,1477,58,209.00,102.45,42.78,1365,139849
610,610,OLQshDR,*MANUAL*,86,1498,58,248.00,97.04,63.97,1664,161478
611,611,ILshDR,*MANUAL*,79,1504,55,250.00,116.34,54.41,1195,139024
612,612,ILsoR,*MANUAL*,84,1551,78,198.00,85.19,50.96,2000,170379
613,613,OLQsOVR,*MANUAL*,82,1537,87,209.00,75.34,52.47,2103,158439
614,614,OLLshR,*MANUAL*,87,1510,72,244.00,95.15,57.03,2103,200093
615,615,OLQshVR,*MANUAL*,86,1496,78,231.00,88.53,57.17,2065,182823
616,616,XXXR,*MANUAL*,87,1470,81,230.00,105.25,50.18,1857,195440
617,617,BAGR,*MANUAL*,85,1426,80,200.00,91.31,41.14,2540,231936
618,618,OLQVR,*MANUAL*,81,1433,88,219.00,118.19,46.31,2072,244897
619,619,OLLshL,*MANUAL*,41,1494,75,173.00,80.36,38.09,2103,169006
620,620,OLQshVL,*MANUAL*,40,1476,77,190.00,81.08,41.42,2103,170519
621,621,XXXL,*MANUAL*,44,1445,88,180.00,90.09,35.74,2059,185503
622,622,URBL,*MANUAL*,42,1429,67,163.00,85.59,35.90,2103,179996
623,623,BAGL,*MANUAL*,42,1413,78,135.00,74.99,23.16,1951,146311
624,624,URBR,*MANUAL*,86,1441,67,245.00,99.27,60.46,2103,208775
625,625,OLQVL,*MANUAL*,50,1416,85,177.00,107.02,29.26,1365,146089
626,626,CEPshVL,*MANUAL*,47,1398,89,172.00,72.54,33.02,2103,152549
627,627,CEPVR,*MANUAL*,73,1407,99,246.00,138.82,46.75,1197,166172
628,628,IL1VR,*MANUAL*,67,1421,97,243.00,140.65,46.25,1815,255287
629,629,IL1VL,*MANUAL*,60,1435,98,229.00,126.92,54.46,1953,247871
630,630,IL2VR,*MANUAL*,71,1443,103,230.00,127.73,44.64,2103,268616
631,631,URAVR,*MANUAL*,76,1426,97,254.00,155.38,55.38,1365,212094
632,632,URAVL,*MANUAL*,52,1426,96,228.00,105.82,56.31,2103,222539
633,633,cepsovl,*MANUAL*,46,1457,94,165.00,76.99,38.02,2103,161911
634,634,HYP31,*MANUAL*,63,1636,45,206.00,68.49,55.27,2103,144037
635,635,HYP32,*MANUAL*,59,1620,45,202.00,92.54,46.81,2025,187388
636,636,ILsoDR,*MANUAL*,70,1571,46,208.00,84.74,49.55,2037,172620
637,637,OLQsoDR,*MANUAL*,70,1547,45,215.00,77.80,53.31,2103,163607
638,638,ILsoDL,*MANUAL*,55,1591,47,239.00,115.99,50.12,1365,158320
639,639,OLQsoDL,*MANUAL*,55,1573,46,232.00,97.57,51.24,2062,201187
640,640,HYP7D1,*MANUAL*$354$335,63,1444,37,95.00,40.17,16.48,4000,160684
641,641,HYP2V,*MANUAL*,60,1618,98,195.00,82.04,45.63,2055,168598
642,642,ARCPV,*MANUAL*,67,1607,99,236.00,105.31,55.79,1803,189880
643,643,HYP1V,*MANUAL*,61,1598,100,220.00,107.49,55.07,2103,226045
644,644,ILsoVL,*MANUAL*,61,1576,102,247.00,139.48,54.12,1242,173237
645,645,ILshVL,*MANUAL*,59,1556,100,235.00,117.38,64.21,1505,176656
646,646,ILsoVR,*MANUAL*,68,1585,101,239.00,140.91,50.42,1365,192339
647,647,ILshVR,*MANUAL*,69,1567,99,246.00,119.42,64.90,2103,251147
648,648,HYP6V1,*MANUAL*,65,1546,103,202.00,77.66,41.66,2969,230567
649,649,HYP6V2,*MANUAL*$333$332,65,1502,105,140.00,55.38,32.36,4445,246167
650,650,HYP7V1,*MANUAL*$361$353,63,1455,109,134.00,52.78,26.35,4129,217946
651,651,HYP7V2,*MANUAL*$382$391,66,1418,109,129.00,56.03,24.88,3371,188864
652,652,MI,*MANUAL*,66,1475,52,202.00,113.87,38.78,2103,239462
653,653,PM4R,*MANUAL*,79,1475,75,222.00,92.93,46.43,2066,191993
654,654,PM4VR,*MANUAL*,72,1472,95,198.00,88.13,37.45,1718,151407
655,655,PM4VL,*MANUAL*,57,1472,93,167.00,78.36,34.55,2103,164781
656,656,MCR,*MANUAL*,76,1491,85,245.00,123.68,52.29,1330,164491
657,657,I2R,*MANUAL*,78,1475,87,253.00,135.20,56.44,1365,184554
658,658,PM1DR,*MANUAL*,67,1492,57,226.00,133.83,40.75,965,129148
659,659,PM1DL,*MANUAL*,61,1498,57,234.00,137.80,58.68,1147,158054
660,660,PM1VL,*MANUAL*,57,1500,90,195.00,87.28,45.40,1120,97748
661,661,PM1VR,*MANUAL*,76,1503,86,242.00,100.48,59.12,2103,211299
662,662,MC1V,*MANUAL*,65,1494,93,198.00,83.87,36.61,2969,249013
663,663,MC1DL,*MANUAL*,55,1495,65,211.00,97.15,29.85,2103,204301
664,664,MC1DR,*MANUAL*,76,1497,63,235.00,105.04,32.60,2103,220899
665,665,I1R,*MANUAL*,75,1525,81,210.00,83.04,50.03,2103,174628
666,666,I1L,*MANUAL*,55,1524,81,185.00,86.44,41.63,2103,181788
667,667,E3D,*MANUAL*,65,1530,55,152.00,46.57,33.64,2103,97936
668,668,PM2D1,*MANUAL*,62,1629,56,200.00,84.45,53.24,2103,177606
669,669,PM2D2,*MANUAL*,62,1612,56,193.00,55.16,44.21,2969,163780
670,670,*NOUSE*,*NOUSE*,0,0,0,0,0,0,0,0
671,671,PM2VL1,*MANUAL*,52,1634,82,187.00,58.42,42.60,2969,173456
672,672,PM2VL2,*MANUAL*,52,1618,83,209.00,74.27,50.37,2103,156198
673,673,E1VL,*MANUAL*,52,1592,84,212.00,77.22,41.14,2103,162399
674,674,E3VL,*MANUAL*,52,1563,84,192.00,89.86,40.95,2097,188444
675,675,PM2VR1,*MANUAL*,73,1633,79,237.00,64.17,60.86,2785,178716
676,676,PM2VR2,*MANUAL*,74,1619,79,243.00,66.07,58.70,2969,196166
677,677,E1VR,*MANUAL*,73,1595,81,220.00,90.21,54.22,1245,112314
678,678,E3VR,*MANUAL*,76,1560,82,187.00,66.40,43.37,2915,193567
679,679,PM3VR,*MANUAL*,71,1585,86,192.00,69.85,33.37,1911,133481
680,680,PM3VL,*MANUAL*,59,1577,85,147.00,57.54,23.74,2969,170829
681,681,E1D,*MANUAL*,63,1574,56,194.00,96.15,38.82,771,74130
682,682,PM3DL,*MANUAL*,58,1584,60,193.00,60.13,35.52,2969,178540
683,683,PM3DR,*MANUAL*,68,1557,59,141.00,52.59,24.49,2969,156133
684,684,URXR,*MANUAL*,71,1357,46,183.00,88.70,35.49,2059,182624
685,685,ADLR,*MANUAL*,73,1309,46,148.00,62.97,28.47,2882,181474
686,686,ASIL,*MANUAL*,55,1296,48,129.00,63.26,27.04,1815,114824
687,687,ASIR,*MANUAL*,77,1307,66,151.00,73.08,30.68,1845,134825
688,688,CEPDR,*MANUAL*,76,1372,44,186.00,105.27,37.76,1271,133797
689,689,SMDVL,*MANUAL*,49,1369,56,160.00,95.13,25.97,1333,126812
690,690,GLRDL,*MANUAL*,57,1378,55,194.00,102.67,33.37,1365,140145
691,691,GLRDR,*MANUAL*,71,1378,52,202.00,100.48,42.99,1866,187503
692,692,SAAVR,*MANUAL*,77,1374,60,211.00,120.81,42.24,1292,156083
693,693,SMDVR,*MANUAL*,82,1364,56,229.00,95.86,51.41,2096,200916
694,694,AFDL,*MANUAL*,43,1341,62,137.00,68.13,29.58,2774,188992
695,695,AWBL,*MANUAL*,43,1320,52,153.00,60.06,37.31,2089,125469
696,696,AWAL,*MANUAL*,51,1315,59,147.00,76.25,28.70,2103,160360
697,697,ASGL,*MANUAL*,46,1301,50,150.00,79.55,34.38,2103,167300
698,698,AVHL,*MANUAL*,44,1286,51,170.00,78.92,36.29,2103,165976
699,699,ADFL,*MANUAL*,51,1332,59,143.00,77.42,25.68,2103,162810
700,700,AVBL,*MANUAL*,51,1284,63,161.00,90.51,30.76,1974,178664
701,701,RMDL,*MANUAL*,43,1373,82,154.00,75.92,32.90,2103,159661
702,702,AUAL,*MANUAL*,39,1321,83,157.00,74.56,37.99,2093,156053
703,703,ASJL,*MANUAL*,40,1297,79,130.00,54.94,25.68,3872,212744
704,704,AVDL,*MANUAL*,39,1280,67,175.00,84.84,30.88,1982,168143
705,705,AVJL,*MANUAL*,42,1273,57,169.00,96.80,31.10,1365,132132
706,706,ADAL,*MANUAL*,35,1243,81,134.00,81.50,22.39,1093,89084
707,707,ADEL,*MANUAL*,40,1247,74,194.00,112.71,25.06,1288,145172
708,708,FLPL,*MANUAL*,37,1262,76,149.00,79.86,30.38,1362,108770
709,709,RICL,*MANUAL*,37,1278,80,140.00,73.89,31.28,1362,100641
710,710,AIZL,*MANUAL*,47,1271,74,168.00,97.62,27.08,2103,205285
711,711,RIML,*MANUAL*,47,1288,76,151.00,89.30,27.39,1365,121896
712,712,AVAR,*MANUAL*,87,1372,69,190.00,86.31,46.24,2103,181510
713,713,RIAR,*MANUAL*,78,1351,55,188.00,105.63,39.38,1365,144190
714,714,ASGR,*MANUAL*,83,1312,53,195.00,76.17,49.02,2012,153251
715,715,AVBR,*MANUAL*,79,1288,63,222.00,101.55,47.85,1358,137899
716,716,AWBR,*MANUAL*,85,1325,54,201.00,76.79,47.66,1891,145202
717,717,AWAR,*MANUAL*,79,1327,62,210.00,95.79,38.50,2103,201442
718,718,ASER,*MANUAL*,88,1305,69,141.00,69.30,31.38,2969,205760
719,719,ADAR,*MANUAL*,87,1247,86,203.00,102.89,49.72,1985,204233
720,720,ADER,*MANUAL*,84,1254,77,233.00,135.13,39.77,1365,184447
721,721,AIZR,*MANUAL*,80,1273,77,216.00,112.66,44.17,1877,211456
722,722,AVDR,*MANUAL*,87,1282,72,213.00,115.17,42.48,2103,242195
723,723,AVJR,*MANUAL*,86,1281,57,211.00,92.93,50.73,2097,194880
724,724,AINR,*MANUAL*,83,1268,65,200.00,94.03,45.11,2103,197748
725,725,AVER,*MANUAL*,80,1360,71,241.00,104.21,49.97,2062,214886
726,726,RIMR,*MANUAL*,80,1296,80,187.00,95.89,41.32,2103,201664
727,727,ASJR,*MANUAL*,88,1305,88,168.00,73.65,41.80,2103,154894
728,728,GLRVL,*MANUAL*,57,1372,87,228.00,120.80,49.97,1365,164892
729,729,GLRVR,*MANUAL*,73,1373,88,246.00,138.30,50.57,1185,163882
730,730,GLRR,*MANUAL*,77,1368,82,245.00,142.95,43.40,1365,195122
731,731,RMDDL,*MANUAL*,49,1362,95,181.00,97.09,34.41,1829,177585
732,732,SIADL,*MANUAL*,47,1313,91,186.00,103.01,34.85,1963,202202
733,733,SIAVL,*MANUAL*,53,1307,99,179.00,87.74,39.17,2103,184515
734,734,SMBDR,*MANUAL*,76,1322,101,211.00,99.94,44.57,2058,205683
735,735,RIH,*MANUAL*,66,1357,92,216.00,151.28,24.69,817,123597
736,736,SAADL,*MANUAL*,57,1357,93,215.00,152.27,26.49,1365,207849
737,737,SAADR,*MANUAL*,73,1357,92,240.00,159.57,39.82,1255,200256
738,738,SIBVR,*MANUAL*,79,1350,87,232.00,139.06,40.94,1365,189811
739,739,RIR,*MANUAL*,71,1339,86,226.00,129.73,36.63,1346,174616
740,740,SMBVR,*MANUAL*,69,1338,98,214.00,104.60,52.11,2103,219965
741,741,RIBR,*MANUAL*,81,1318,78,242.00,123.65,41.32,1365,168789
742,742,SIADR,*MANUAL*,80,1331,94,224.00,138.46,42.13,1365,189003
743,743,MC2DL,*MANUAL*,59,1273,62,143.00,70.03,27.72,2103,147275
744,744,PM5DL,*MANUAL*,59,1255,56,171.00,83.38,29.71,2013,167848
745,745,PM5DR,*MANUAL*,71,1255,56,165.00,69.04,35.67,2103,145186
746,746,PM7D,*MANUAL*,63,1201,47,125.00,50.66,25.32,2817,142704
747,747,M2L,*MANUAL*,50,1245,78,205.00,119.45,36.91,1365,163056
748,748,M5,*MANUAL*,51,1198,51,168.00,92.46,28.93,1265,116960
749,749,MC3DL,*MANUAL*,47,1199,61,133.00,60.51,30.93,2103,127246
750,750,PM8,*MANUAL*,60,1173,80,159.00,75.05,32.99,2103,157833
751,751,VPI2DL,*MANUAL*,50,1168,57,184.00,64.21,42.25,2564,164640
752,752,IND2,*MANUAL*,68,1038,47,109.00,28.54,12.15,3940,112439
753,753,INV2,*MANUAL*,56,1032,84,57.00,27.04, 8.19,4139,111908
754,754,IND3,*MANUAL*,61,975,45,69.00,24.15, 8.76,4036,97453
755,755,INV3,*MANUAL*,64,955,87,58.00,24.63, 9.64,4139,101941
756,756,IND4,*MANUAL*,63,904,53,63.00,25.24, 8.32,4139,104469
757,757,IND5,*MANUAL*,65,821,54,56.00,23.26, 9.34,4139,96290
758,758,INV6,*MANUAL*,65,732,73,55.00,24.93, 9.20,4139,103183
759,759,INV9,*MANUAL*,57,427,88,70.00,24.03,13.77,4139,99454
760,760,IND8,*MANUAL*,57,483,57,52.00,22.58,10.13,4139,93440
761,761,HYP101,*MANUAL*,58,79,66,53.00,12.92,12.93,2103,27178
762,762,HYP102,*MANUAL*,60,37,79,36.00, 9.76, 5.95,2969,28977
763,763,TR,*MANUAL*,63,232,66,90.00,30.10,16.14,2100,63220
764,764,TL,*MANUAL*,51,240,64,76.00,24.06,16.95,2919,70235
765,765,HYP71,*MANUAL*,56,233,83,101.00,31.06,25.09,2035,63210
766,766,PLML,*MANUAL*,51,236,75,127.00,67.30,23.02,1362,91662
767,767,PHshL,*MANUAL*,51,268,69,119.00,58.52,24.07,1349,78940
768,768,ALNL,*MANUAL*,51,283,61,144.00,63.06,35.56,1365,86082
769,769,PVCL,*MANUAL*,50,293,72,123.00,71.38,21.49,1594,113783
770,770,LUAL,*MANUAL*,50,300,61,139.00,84.09,27.24,1365,114782
771,771,PHBL,*MANUAL*,48,316,67,108.00,59.67,19.22,2103,125483
772,772,SPH,*MANUAL*,48,375,74,125.00,68.84,21.22,1347,92725
773,773,PLMR,*MANUAL*,61,242,75,116.00,57.50,24.02,1365,78487
774,774,PHshR,*MANUAL*,62,265,70,140.00,65.07,26.49,1365,88816
775,775,ALNR,*MANUAL*,62,283,61,156.00,79.06,30.86,1365,107911
776,776,LUAR,*MANUAL*,68,299,63,144.00,77.37,28.26,1365,105607
777,777,PVCR,*MANUAL*,68,289,71,130.00,72.26,25.07,513,37067
778,778,PHBR,*MANUAL*,69,313,70,127.00,61.65,23.58,1763,108691
779,779,PHAR,*MANUAL*,69,322,80,137.00,48.92,34.99,2103,102873
780,780,REPD,*MANUAL*,58,350,50,139.00,63.70,31.08,2103,133957
781,781,K,*MANUAL*,54,335,55,120.00,63.38,18.38,2030,128669
782,782,F,*MANUAL*,59,332,69,133.00,70.91,20.53,1933,137076
783,783,K',*MANUAL*,66,338,61,131.00,59.00,25.19,2103,124070
784,784,DVC,*MANUAL*,60,291,73,140.00,79.43,24.99,2101,166875
785,785,DR21,*MANUAL*$387$452,68,343,49,107.00,41.07,21.61,2214,90926
786,786,VR20,*MANUAL*,63,278,80,123.00,46.21,27.85,1746,80677
787,787,VL19,*MANUAL*,54,278,82,127.00,51.36,27.11,2103,108017
788,788,DB7,*MANUAL*,55,519,97,149.00,61.34,34.39,2103,128992
789,789,DA7,*MANUAL*,56,492,94,155.00,65.19,38.59,2103,137100
790,790,DD2,*MANUAL*,60,1049,103,176.00,90.51,45.22,1663,150510
791,791,DB1,*MANUAL*,61,1201,110,173.00,61.67,44.10,2896,178591
792,792,DD1,*MANUAL*,55,1213,106,183.00,86.60,41.32,2103,182115
793,793,DB2,*MANUAL*,64,1279,105,244.00,115.96,54.83,1349,156426
794,794,SABVR,*MANUAL*,67,1268,106,240.00,155.69,44.18,1365,212520
795,795,MC2V,*MANUAL*,65,1275,78,148.00,74.58,30.34,2051,152960
796,796,EXC,*MANUAL*,59,1287,90,107.00,43.38,16.04,4108,178186
797,797,AIMR,*MANUAL*,71,1281,87,226.00,135.20,34.76,1365,184552
798,798,AIML,*MANUAL*,58,1269,87,207.00,122.49,36.67,1288,157764
799,799,AIYL,*MANUAL*,48,1271,90,195.00,110.38,33.30,1365,150669
800,800,P3/4L,*MANUAL*$46$45,39,927,82,91.00,32.71,16.50,4508,147475
801,801,DA8,*MANUAL*,53,363,88,152.00,65.34,33.99,1985,129707
802,802,PVPL,*MANUAL*,53,385,88,135.00,78.58,23.43,1303,102384
803,803,DD6,*MANUAL*,58,368,82,172.00,88.64,34.04,1181,104687
804,804,PVPR,*MANUAL*,66,374,87,160.00,74.78,35.57,1774,132656
805,805,P11/12L,*MANUAL*,43,385,82,104.00,35.16,20.20,2969,104378
806,806,V3R,*MANUAL*$526$505,80,857,83,121.00,35.05,21.44,5001,175307
807,807,V4R,*MANUAL*$502$485,76,708,80,127.00,34.80,22.27,4446,154704
808,808,M,*MANUAL*$440$402,71,623,69,87.00,28.41,15.11,5246,149048
809,809,P11/12R,*MANUAL*,73,379,80,143.00,30.49,25.77,4139,126216
810,810,H0L,*MANUAL*$35$42,40,1521,72,140.00,42.04,22.68,4926,207087
811,811,H2L,*MANUAL*$16$13,35,1186,71,78.00,30.94,13.79,5360,165834
812,812,AMshl,*MANUAL*$50$69,42,1246,52,90.00,35.50,14.92,4686,166338
813,813,HYP7ABLD,*MANUAL*,39,1165,53,137.00,35.33,21.49,4139,146229
814,814,HYP7LC2,*MANUAL*,43,952,51,77.00,22.87,12.64,4139,94675
815,815,HYP7LC3,*MANUAL*,37,818,55,59.00,21.78,11.49,4139,90138
816,816,HYP7LC5,*MANUAL*,39,542,58,57.00,16.37,10.99,4139,67743
817,817,HYP7LC6,*MANUAL*$94$129,46,337,55,106.00,37.23,19.86,6812,253591
818,818,H1R,*MANUAL*,90,1409,74,220.00,60.15,41.72,4139,248969
819,819,HYP7ABRV,*MANUAL*$578$568,86,1147,81,105.00,34.49,17.74,5075,175061
820,820,HYP7RC2,*MANUAL*$560$561,84,917,68,92.00,30.36,15.24,5826,176882
821,821,HYP7RC6,*MANUAL*,72,315,59,88.00,21.22,14.20,2969,63006
822,822,DL3,*MANUAL*$203$202,52,1523,43,147.00,49.79,25.52,3701,184281
823,823,DL11,*MANUAL*$237$236,57,1070,36,127.00,38.85,24.45,3812,148099
824,824,DL12,*MANUAL*$218$200,55,1002,35,142.00,45.69,30.97,3791,173216
825,825,DL14,*MANUAL*$201$187,54,871,40,145.00,46.26,31.81,4151,192009
826,826,DL15,*MANUAL*$167$153,52,816,42,141.00,43.56,30.34,4048,176339
827,827,DL18,*MANUAL*,48,568,47,154.00,46.90,30.63,2969,139255
828,828,DL20,*MANUAL*$155$170,50,453,49,123.00,36.12,20.83,3687,133190
829,829,DR19,*MANUAL*$377$363,67,541,48,138.00,40.82,27.67,3675,150027
830,830,DR13,*MANUAL*,72,978,36,146.00,59.22,32.78,2103,124539
831,831,DR12,*MANUAL*,77,1033,41,127.00,52.83,29.82,2103,111107
832,832,DR5,*MANUAL*,75,1416,41,183.00,62.42,42.53,2103,131269
833,833,DR4,*MANUAL*$520$521,81,1479,46,167.00,55.40,29.73,3423,189626
834,834,VR1,*MANUAL*,80,1596,85,210.00,57.98,41.28,2969,172137
835,835,VR6,*MANUAL*,81,1411,100,219.00,76.54,45.07,2103,160973
836,836,VR11,*MANUAL*$420$466,71,1087,104,169.00,49.96,33.34,3989,199294
837,837,VR15,*MANUAL*,70,826,98,165.00,69.07,43.02,2103,145254
838,838,Z2,*MANUAL*$310$303,64,776,89,167.00,44.79,28.45,9352,418903
839,839,Z3,*MANUAL*$146$210$109,50,753,91,146.00,46.04,26.97,8970,413009
840,840,VL16,*MANUAL*$68$75,43,708,95,139.00,42.45,28.39,4501,191068
841,841,VR18,*MANUAL*$372$366,65,582,95,133.00,38.82,25.65,4584,177942
842,842,VL17,*MANUAL*$135$150,49,577,95,134.00,38.18,24.31,4943,188700
843,843,VL15,*MANUAL*,51,796,99,156.00,75.08,32.53,2013,151140
844,844,CCLP,*MANUAL*,42,789,94,163.00,74.83,34.09,2103,157371
845,845,VL13,*MANUAL*$196$183,52,913,101,159.00,47.73,34.52,4849,231437
846,846,VL11,*MANUAL*,51,1050,101,145.00,61.05,38.53,2103,128378
847,847,VL10,*MANUAL*$138$137,48,1110,100,120.00,40.43,27.05,4625,186999
848,848,VL9,*MANUAL*$151$136,49,1158,98,140.00,46.59,27.94,4698,218902
849,849,VL5,*MANUAL*$231$233,53,1412,106,135.00,56.98,26.35,4670,266114
850,850,VL2,*MANUAL*,50,1561,99,204.00,59.38,41.41,2969,176304
851,851,VL1,*MANUAL*$134$107,46,1593,93,124.00,44.42,24.41,3392,150682
852,852,F1,*MANUAL*,65,1692,76, 6.00, 0.66, 0.99,895,588
853,853,F2,*MANUAL*,65,1565,77,50.00,14.03, 8.28,895,12561
854,854,F3,*MANUAL*,64,1453,77,31.00, 9.07, 4.06,895,8119
855,855,F4,*MANUAL*,65,1406,76,16.00, 5.83, 2.36,895,5218
856,856,F5,*MANUAL*,64,1322,68,22.00,12.54, 3.07,895,11224
857,857,F6,*MANUAL*,61,1225,70,16.00, 6.00, 2.47,895,5372
858,858,F7,*MANUAL*,61,1141,69,11.00, 2.64, 1.79,895,2362
859,859,F8,*MANUAL*,85,1000,86, 6.00, 0.94, 1.01,895,842
860,860,F9,*MANUAL*,86,1051,84, 6.00, 1.07, 1.13,895,957
861,861,F10,*MANUAL*,56,56,78,21.00, 2.49, 3.49,895,2230
