0,0,*NOUSE*,*NOUSE*,0,0,0,0,0,0,0,0
1,1,*NOUSE*,*NOUSE*,0,0,0,0,0,0,0,0
2,2,AUAR,,45,1222,63,173.00,62.05,39.64,3796,235534.00
3,3,IL2R,,44,1342,76,154.00,54.85,34.43,4202,230494.00
4,4,*NOUSE*,*NOUSE*,0,0,0,0,0,0,0,0
5,5,XXXR,,45,1344,62,202.00,64.06,45.09,3966,254054.00
6,6,*NOUSE*,*NOUSE*,0,0,0,0,0,0,0,0
7,7,*NOUSE*,*NOUSE*,0,0,0,0,0,0,0,0
8,8,*NOUSE*,*NOUSE*,0,0,0,0,0,0,0,0
9,9,AWCR,,45,1237,68,154.00,59.57,34.46,3999,238217.00
10,10,*NOUSE*,*NOUSE*,0,0,0,0,0,0,0,0
11,11,H0R,,44,1392,72,127.00,50.37,27.75,4403,221785.00
12,12,*NOUSE*,*NOUSE*,0,0,0,0,0,0,0,0
13,13,*NOUSE*,*NOUSE*,0,0,0,0,0,0,0,0
14,14,RICR,,46,1184,59,168.00,68.39,40.74,3519,240647.00
15,15,ADAR,,47,1154,61,178.00,65.90,38.21,3577,235713.00
16,16,RMDR,,47,1263,62,163.00,64.45,39.36,3223,207724.00
17,17,IL1R,,48,1333,66,192.00,68.45,39.64,3135,214602.00
18,18,*NOUSE*,*NOUSE*,0,0,0,0,0,0,0,0
19,19,V1R,,45,998,76,80.00,32.85,14.89,5206,171007.00
20,20,AVAR,,47,1260,78,160.00,60.65,34.32,4109,249198.00
21,21,ASHR,,46,1225,79,140.00,60.63,32.53,3674,222745.00
22,22,ASER,,46,1206,80,126.00,55.47,27.85,4144,229869.00
23,23,RMGR,,47,1139,59,140.00,51.94,32.14,3893,202195.00
24,24,ADEshR,,48,1117,61,171.00,53.38,37.46,4925,262894.00
25,25,P3/4R,,46,833,61,122.00,41.24,24.36,3630,149706.00
26,26,*NOUSE*,*NOUSE*,0,0,0,0,0,0,0,0
27,27,*NOUSE*,*NOUSE*,0,0,0,0,0,0,0,0
28,28,*NOUSE*,*NOUSE*,0,0,0,0,0,0,0,0
29,29,*NOUSE*,*NOUSE*,0,0,0,0,0,0,0,0
30,30,*NOUSE*,*NOUSE*,0,0,0,0,0,0,0,0
31,31,URYVR,,48,1320,61,188.00,66.20,44.53,3245,214832.00
32,32,*NOUSE*,*NOUSE*,0,0,0,0,0,0,0,0
33,33,*NOUSE*,*NOUSE*,0,0,0,0,0,0,0,0
34,34,RMDVR,,48,1278,77,140.00,54.73,32.96,3706,202820.00
35,35,*NOUSE*,*NOUSE*,0,0,0,0,0,0,0,0
36,36,*NOUSE*,*NOUSE*,0,0,0,0,0,0,0,0
37,37,P1/2R,,47,927,58,121.00,39.67,24.03,4307,170848.00
38,38,*NOUSE*,*NOUSE*,0,0,0,0,0,0,0,0
39,39,*NOUSE*,*NOUSE*,0,0,0,0,0,0,0,0
40,40,*NOUSE*,*NOUSE*,0,0,0,0,0,0,0,0
41,41,*NOUSE*,*NOUSE*,0,0,0,0,0,0,0,0
42,42,BDUR,,48,1026,71,147.00,46.77,33.26,4166,194830.00
43,43,*NOUSE*,*NOUSE*,0,0,0,0,0,0,0,0
44,44,*NOUSE*,*NOUSE*,0,0,0,0,0,0,0,0
45,45,*NOUSE*,*NOUSE*,0,0,0,0,0,0,0,0
46,46,*NOUSE*,*NOUSE*,0,0,0,0,0,0,0,0
47,47,HYP7RC1,,47,936,83,78.00,29.19,13.75,4178,121973.00
48,48,*NOUSE*,*NOUSE*,0,0,0,0,0,0,0,0
49,49,AWBR,,50,1224,93,176.00,76.35,39.39,3606,275335.00
50,50,*NOUSE*,*NOUSE*,0,0,0,0,0,0,0,0
51,51,*NOUSE*,*NOUSE*,0,0,0,0,0,0,0,0
52,52,HSNR,,50,682,66,177.00,52.29,41.31,4628,242019.00
53,53,*NOUSE*,*NOUSE*,0,0,0,0,0,0,0,0
54,54,*NOUSE*,*NOUSE*,0,0,0,0,0,0,0,0
55,55,*NOUSE*,*NOUSE*,0,0,0,0,0,0,0,0
56,56,V3R,,48,780,67,92.00,33.31,17.56,5810,193545.00
57,57,*NOUSE*,*NOUSE*,0,0,0,0,0,0,0,0
58,58,ARCPDR,,50,1417,81,167.00,59.79,36.94,4525,270572.00
59,59,AFDR,,49,1243,82,161.00,70.52,37.33,3348,236109.00
60,60,*NOUSE*,*NOUSE*,0,0,0,0,0,0,0,0
61,61,*NOUSE*,*NOUSE*,0,0,0,0,0,0,0,0
62,62,HYP7RC2,,47,835,85,82.00,29.11,12.89,5365,156174.00
63,63,*NOUSE*,*NOUSE*,0,0,0,0,0,0,0,0
64,64,*NOUSE*,*NOUSE*,0,0,0,0,0,0,0,0
65,65,*NOUSE*,*NOUSE*,0,0,0,0,0,0,0,0
66,66,*NOUSE*,*NOUSE*,0,0,0,0,0,0,0,0
67,67,AINR,,52,1177,83,173.00,76.67,39.06,3126,239667.00
68,68,*NOUSE*,*NOUSE*,0,0,0,0,0,0,0,0
69,69,*NOUSE*,*NOUSE*,0,0,0,0,0,0,0,0
70,70,*NOUSE*,*NOUSE*,0,0,0,0,0,0,0,0
71,71,QR,,51,571,70,122.00,40.69,24.28,4187,170362.00
72,72,*NOUSE*,*NOUSE*,0,0,0,0,0,0,0,0
73,73,*NOUSE*,*NOUSE*,0,0,0,0,0,0,0,0
74,74,*NOUSE*,*NOUSE*,0,0,0,0,0,0,0,0
75,75,AMsoR,,53,1402,82,164.00,67.01,36.34,3649,244504.00
76,76,HYP7RC3,,49,704,90,82.00,29.79,14.98,6521,194272.00
77,77,AMshR,,49,1161,93,97.00,43.37,17.34,4833,209607.00
78,78,*NOUSE*,*NOUSE*,0,0,0,0,0,0,0,0
79,79,CCRA,,53,954,55,168.00,49.19,38.85,4262,209635.00
80,80,*NOUSE*,*NOUSE*,0,0,0,0,0,0,0,0
81,81,*NOUSE*,*NOUSE*,0,0,0,0,0,0,0,0
82,82,*NOUSE*,*NOUSE*,0,0,0,0,0,0,0,0
83,83,*NOUSE*,*NOUSE*,0,0,0,0,0,0,0,0
84,84,*NOUSE*,*NOUSE*,0,0,0,0,0,0,0,0
85,85,CANR,,52,753,83,168.00,48.37,35.57,4430,214297.00
86,86,ALMR,,53,822,100,167.00,51.96,37.97,5552,288493.00
87,87,*NOUSE*,*NOUSE*,0,0,0,0,0,0,0,0
88,88,P9/10R,,52,482,66,120.00,41.49,24.65,5222,216635.00
89,89,*NOUSE*,*NOUSE*,0,0,0,0,0,0,0,0
90,90,DR1,,53,1458,85,151.00,48.44,27.31,3821,185072.00
91,91,*NOUSE*,*NOUSE*,0,0,0,0,0,0,0,0
92,92,AVHR,,53,1196,96,180.00,87.63,44.84,2590,226963.00
93,93,*NOUSE*,*NOUSE*,0,0,0,0,0,0,0,0
94,94,VR4,,53,1334,50,155.00,59.92,29.33,2144,128464.00
95,95,*NOUSE*,*NOUSE*,0,0,0,0,0,0,0,0
96,96,V5R,,53,515,74,101.00,36.08,19.52,5887,212396.00
97,97,V6R,,52,435,78,104.00,33.71,18.72,5364,180838.00
98,98,P11/12R,,53,358,77,116.00,41.93,24.17,3643,152742.00
99,99,MC3DR,,55,1113,84,136.00,45.68,28.46,4335,198015.00
100,100,*NOUSE*,*NOUSE*,0,0,0,0,0,0,0,0
101,101,*NOUSE*,*NOUSE*,0,0,0,0,0,0,0,0
102,102,RMDDR,,55,1255,49,180.00,71.91,41.93,2524,181511.00
103,103,VR8,,54,1141,49,125.00,55.86,26.46,1904,106353.00
104,104,*NOUSE*,*NOUSE*,0,0,0,0,0,0,0,0
105,105,IMR,,54,396,70,128.00,43.44,26.53,5038,218856.00
106,106,*NOUSE*,*NOUSE*,0,0,0,0,0,0,0,0
107,107,*NOUSE*,*NOUSE*,0,0,0,0,0,0,0,0
108,108,*NOUSE*,*NOUSE*,0,0,0,0,0,0,0,0
109,109,*NOUSE*,*NOUSE*,0,0,0,0,0,0,0,0
110,110,DR2,,55,1427,92,134.00,62.42,29.37,2526,157685.00
111,111,*NOUSE*,*NOUSE*,0,0,0,0,0,0,0,0
112,112,*NOUSE*,*NOUSE*,0,0,0,0,0,0,0,0
113,113,*NOUSE*,*NOUSE*,0,0,0,0,0,0,0,0
114,114,*NOUSE*,*NOUSE*,0,0,0,0,0,0,0,0
115,115,VR2,,55,1422,51,143.00,59.36,28.30,3174,188408.00
116,116,VR12,,58,906,50,156.00,44.40,29.82,5106,226727.00
117,117,VR14,,56,794,51,127.00,41.91,27.77,5276,221130.00
118,118,OLQVR,,57,1312,61,186.00,83.29,41.47,2322,193394.00
119,119,*NOUSE*,*NOUSE*,0,0,0,0,0,0,0,0
120,120,*NOUSE*,*NOUSE*,0,0,0,0,0,0,0,0
121,121,PM4R,,56,1359,73,181.00,74.16,36.19,2947,218556.00
122,122,*NOUSE*,*NOUSE*,0,0,0,0,0,0,0,0
123,123,*NOUSE*,*NOUSE*,0,0,0,0,0,0,0,0
124,124,*NOUSE*,*NOUSE*,0,0,0,0,0,0,0,0
125,125,*NOUSE*,*NOUSE*,0,0,0,0,0,0,0,0
126,126,*NOUSE*,*NOUSE*,0,0,0,0,0,0,0,0
127,127,*NOUSE*,*NOUSE*,0,0,0,0,0,0,0,0
128,128,*NOUSE*,*NOUSE*,0,0,0,0,0,0,0,0
129,129,*NOUSE*,*NOUSE*,0,0,0,0,0,0,0,0
130,130,DR6,,55,1284,97,136.00,52.10,25.51,4919,256300.00
131,131,VR10,,58,1039,48,125.00,41.95,25.15,3965,166328.00
132,132,VR11,,58,980,47,142.00,46.73,30.64,4499,210231.00
133,133,VR13,,57,859,46,150.00,49.11,32.46,3236,158932.00
134,134,SMDDR,,56,1234,48,175.00,78.06,39.15,2500,195144.00
135,135,CCRP,,58,938,49,151.00,49.59,36.72,3999,198309.00
136,136,*NOUSE*,*NOUSE*,0,0,0,0,0,0,0,0
137,137,VR15,,58,748,54,169.00,49.63,35.89,4486,222630.00
138,138,*NOUSE*,*NOUSE*,0,0,0,0,0,0,0,0
139,139,VR16,,57,669,58,157.00,53.65,35.40,3654,196036.00
140,140,*NOUSE*,*NOUSE*,0,0,0,0,0,0,0,0
141,141,RIBR,,56,1209,70,177.00,80.80,37.54,2613,211125.00
142,142,REPVR,,58,335,83,157.00,51.54,33.21,4749,244770.00
143,143,*NOUSE*,*NOUSE*,0,0,0,0,0,0,0,0
144,144,G1AR,,58,1153,84,144.00,65.29,29.01,2609,170338.00
145,145,*NOUSE*,*NOUSE*,0,0,0,0,0,0,0,0
146,146,*NOUSE*,*NOUSE*,0,0,0,0,0,0,0,0
147,147,M1,,57,1135,96,147.00,51.18,32.27,4644,237676.00
148,148,DR10,,57,1068,107,139.00,41.51,24.37,4882,202676.00
149,149,DR12,,58,932,108,138.00,45.67,31.14,5184,236754.00
150,150,RIS,,57,1167,52,173.00,81.81,35.68,2593,212129.00
151,151,*NOUSE*,*NOUSE*,0,0,0,0,0,0,0,0
152,152,INVR1,,60,1022,60,85.00,34.27,15.91,3099,106213.00
153,153,*NOUSE*,*NOUSE*,0,0,0,0,0,0,0,0
154,154,PM2VR2,,58,1480,63,185.00,50.75,39.26,3584,181890.00
155,155,PM2VR1,,59,1495,65,201.00,58.38,44.56,4776,278812.00
156,156,*NOUSE*,*NOUSE*,0,0,0,0,0,0,0,0
157,157,AWAR,,60,1218,83,185.00,78.06,36.24,3621,282645.00
158,158,*NOUSE*,*NOUSE*,0,0,0,0,0,0,0,0
159,159,*NOUSE*,*NOUSE*,0,0,0,0,0,0,0,0
160,160,DR3,,58,1396,96,157.00,62.92,31.29,3543,222916.00
161,161,INDR1,,59,1019,101,79.00,32.50,15.51,5023,163242.00
162,162,*NOUSE*,*NOUSE*,0,0,0,0,0,0,0,0
163,163,SMBDR,,59,1219,49,191.00,90.01,43.09,2337,210354.00
164,164,AIYR,,58,1181,53,189.00,87.35,41.35,2573,224750.00
165,165,*NOUSE*,*NOUSE*,0,0,0,0,0,0,0,0
166,166,*NOUSE*,*NOUSE*,0,0,0,0,0,0,0,0
167,167,AVl,,57,1224,60,173.00,88.80,37.65,2287,203094.00
168,168,VR17,,60,571,55,157.00,50.55,35.16,5269,266352.00
169,169,VR18,,59,524,57,149.00,46.79,31.58,3794,177535.00
170,170,VR19,,58,427,61,141.00,45.45,29.84,4495,204297.00
171,171,AIBR,,57,1231,72,172.00,84.82,39.28,2701,229097.00
172,172,PM7VR,,58,1117,68,127.00,48.42,27.88,2745,132920.00
173,173,*NOUSE*,*NOUSE*,0,0,0,0,0,0,0,0
174,174,ADFR,,59,1232,86,162.00,83.08,35.54,2836,235629.00
175,175,*NOUSE*,*NOUSE*,0,0,0,0,0,0,0,0
176,176,*NOUSE*,*NOUSE*,0,0,0,0,0,0,0,0
177,177,*NOUSE*,*NOUSE*,0,0,0,0,0,0,0,0
178,178,VR7,,60,1189,43,148.00,62.17,31.17,3180,197692.00
179,179,SABD,,61,1104,44,172.00,62.21,42.89,3396,211282.00
180,180,VR9,,60,1077,45,146.00,50.19,31.09,4329,217257.00
181,181,*NOUSE*,*NOUSE*,0,0,0,0,0,0,0,0
182,182,E2VR,,59,1518,67,137.00,42.61,29.00,5008,213411.00
183,183,PVT,,62,365,63,168.00,55.42,39.18,4620,256024.00
184,184,PM6VR,,59,1141,70,128.00,61.31,26.67,3397,208270.00
185,185,*NOUSE*,*NOUSE*,0,0,0,0,0,0,0,0
186,186,RIPR,,59,1307,75,197.00,77.62,39.09,2917,226406.00
187,187,*NOUSE*,*NOUSE*,0,0,0,0,0,0,0,0
188,188,*NOUSE*,*NOUSE*,0,0,0,0,0,0,0,0
189,189,*NOUSE*,*NOUSE*,0,0,0,0,0,0,0,0
190,190,*NOUSE*,*NOUSE*,0,0,0,0,0,0,0,0
191,191,DR8,,60,1157,113,152.00,50.89,28.72,5819,296129.00
192,192,VR3,,60,1386,46,149.00,64.11,30.76,2607,167137.00
193,193,NSMR,,58,1346,60,202.00,81.08,45.59,2719,220454.00
194,194,*NOUSE*,*NOUSE*,0,0,0,0,0,0,0,0
195,195,*NOUSE*,*NOUSE*,0,0,0,0,0,0,0,0
196,196,M2R,,58,1156,68,217.00,89.83,43.43,2576,231403.00
197,197,PHshR,,62,257,81,185.00,65.57,44.16,4485,294078.00
198,198,*NOUSE*,*NOUSE*,0,0,0,0,0,0,0,0
199,199,*NOUSE*,*NOUSE*,0,0,0,0,0,0,0,0
200,200,*NOUSE*,*NOUSE*,0,0,0,0,0,0,0,0
201,201,*NOUSE*,*NOUSE*,0,0,0,0,0,0,0,0
202,202,*NOUSE*,*NOUSE*,0,0,0,0,0,0,0,0
203,203,*NOUSE*,*NOUSE*,0,0,0,0,0,0,0,0
204,204,*NOUSE*,*NOUSE*,0,0,0,0,0,0,0,0
205,205,*NOUSE*,*NOUSE*,0,0,0,0,0,0,0,0
206,206,*NOUSE*,*NOUSE*,0,0,0,0,0,0,0,0
207,207,E3VR,,60,1432,62,166.00,65.53,35.30,1813,118800.00
208,208,*NOUSE*,*NOUSE*,0,0,0,0,0,0,0,0
209,209,INV6,,61,661,74,88.00,28.48,12.74,7792,221945.00
210,210,*NOUSE*,*NOUSE*,0,0,0,0,0,0,0,0
211,211,*NOUSE*,*NOUSE*,0,0,0,0,0,0,0,0
212,212,ASKR,,62,1235,101,159.00,76.38,33.75,3856,294531.00
213,213,*NOUSE*,*NOUSE*,0,0,0,0,0,0,0,0
214,214,CEPDR,,62,1259,105,207.00,89.72,47.42,3632,325847.00
215,215,*NOUSE*,*NOUSE*,0,0,0,0,0,0,0,0
216,216,AVKR,,63,1156,48,168.00,69.55,35.46,2945,204832.00
217,217,*NOUSE*,*NOUSE*,0,0,0,0,0,0,0,0
218,218,DA7,,68,437,54,197.00,59.82,43.50,4758,284631.00
219,219,PM3R,,62,1420,68,159.00,63.33,33.77,3412,216087.00
220,220,*NOUSE*,*NOUSE*,0,0,0,0,0,0,0,0
221,221,*NOUSE*,*NOUSE*,0,0,0,0,0,0,0,0
222,222,*NOUSE*,*NOUSE*,0,0,0,0,0,0,0,0
223,223,*NOUSE*,*NOUSE*,0,0,0,0,0,0,0,0
224,224,*NOUSE*,*NOUSE*,0,0,0,0,0,0,0,0
225,225,*NOUSE*,*NOUSE*,0,0,0,0,0,0,0,0
226,226,*NOUSE*,*NOUSE*,0,0,0,0,0,0,0,0
227,227,*NOUSE*,*NOUSE*,0,0,0,0,0,0,0,0
228,228,*NOUSE*,*NOUSE*,0,0,0,0,0,0,0,0
229,229,*NOUSE*,*NOUSE*,0,0,0,0,0,0,0,0
230,230,DR13,,64,877,109,155.00,47.64,34.04,4539,216237.00
231,231,DR11,,63,992,112,141.00,46.01,31.46,3242,149151.00
232,232,DR9,,63,1097,113,153.00,49.22,30.61,4998,245980.00
233,233,INV8,,66,469,66,96.00,39.01,18.45,5856,228435.00
234,234,*NOUSE*,*NOUSE*,0,0,0,0,0,0,0,0
235,235,PM4DR,,63,1361,86,188.00,81.88,37.52,2788,228268.00
236,236,*NOUSE*,*NOUSE*,0,0,0,0,0,0,0,0
237,237,*NOUSE*,*NOUSE*,0,0,0,0,0,0,0,0
238,238,RIVR,,61,1187,93,207.00,102.49,45.47,2750,281851.00
239,239,*NOUSE*,*NOUSE*,0,0,0,0,0,0,0,0
240,240,IND2,,65,967,100,69.00,27.46,10.06,7838,215231.00
241,241,*NOUSE*,*NOUSE*,0,0,0,0,0,0,0,0
242,242,*NOUSE*,*NOUSE*,0,0,0,0,0,0,0,0
243,243,*NOUSE*,*NOUSE*,0,0,0,0,0,0,0,0
244,244,*NOUSE*,*NOUSE*,0,0,0,0,0,0,0,0
245,245,*NOUSE*,*NOUSE*,0,0,0,0,0,0,0,0
246,246,*NOUSE*,*NOUSE*,0,0,0,0,0,0,0,0
247,247,HYP9,,64,132,72,122.00,42.12,25.10,3289,138525.00
248,248,*NOUSE*,*NOUSE*,0,0,0,0,0,0,0,0
249,249,HYP11,,64,168,76,112.00,43.04,24.00,4897,210764.00
250,250,HYP101,,64,116,78,117.00,40.00,23.21,4535,181422.00
251,251,*NOUSE*,*NOUSE*,0,0,0,0,0,0,0,0
252,252,VPI3D,,68,1070,84,182.00,58.33,36.15,3855,224849.00
253,253,*NOUSE*,*NOUSE*,0,0,0,0,0,0,0,0
254,254,VPI1,,68,1078,96,165.00,58.52,33.81,3771,220669.00
255,255,*NOUSE*,*NOUSE*,0,0,0,0,0,0,0,0
256,256,ADLR,,66,1219,100,160.00,72.02,32.43,4183,301277.00
257,257,*NOUSE*,*NOUSE*,0,0,0,0,0,0,0,0
258,258,*NOUSE*,*NOUSE*,0,0,0,0,0,0,0,0
259,259,DR7,,65,1185,107,157.00,70.02,32.36,4238,296726.00
260,260,*NOUSE*,*NOUSE*,0,0,0,0,0,0,0,0
261,261,DA4,,67,828,42,186.00,56.85,42.98,3484,198081.00
262,262,G2R,,66,1103,60,184.00,60.88,38.02,3918,238527.00
263,263,*NOUSE*,*NOUSE*,0,0,0,0,0,0,0,0
264,264,INV9,,67,386,65,116.00,40.45,20.82,5775,233625.00
265,265,DVC,,68,270,72,178.00,94.20,38.80,2731,257249.00
266,266,*NOUSE*,*NOUSE*,0,0,0,0,0,0,0,0
267,267,VIRR,,67,346,84,151.00,58.66,34.92,4379,256891.00
268,268,ARCPD,,67,1486,99,229.00,68.43,49.16,3752,256741.00
269,269,*NOUSE*,*NOUSE*,0,0,0,0,0,0,0,0
270,270,*NOUSE*,*NOUSE*,0,0,0,0,0,0,0,0
271,271,*NOUSE*,*NOUSE*,0,0,0,0,0,0,0,0
272,272,*NOUSE*,*NOUSE*,0,0,0,0,0,0,0,0
273,273,DR18,,66,577,103,172.00,50.69,35.75,2504,126935.00
274,274,*NOUSE*,*NOUSE*,0,0,0,0,0,0,0,0
275,275,*NOUSE*,*NOUSE*,0,0,0,0,0,0,0,0
276,276,DD3,,68,807,42,198.00,53.29,42.23,4242,226077.00
277,277,DA5,,67,705,45,177.00,53.73,42.40,4237,227657.00
278,278,HYP2V,,68,1475,50,182.00,59.20,42.60,3896,230650.00
279,279,*NOUSE*,*NOUSE*,0,0,0,0,0,0,0,0
280,280,VPI2V,,70,1086,57,212.00,69.60,44.78,5447,379092.00
281,281,*NOUSE*,*NOUSE*,0,0,0,0,0,0,0,0
282,282,*NOUSE*,*NOUSE*,0,0,0,0,0,0,0,0
283,283,I1R,,63,1403,62,185.00,75.72,42.88,2980,225631.00
284,284,HYP72,,67,196,75,135.00,44.73,28.56,4439,198553.00
285,285,*NOUSE*,*NOUSE*,0,0,0,0,0,0,0,0
286,286,*NOUSE*,*NOUSE*,0,0,0,0,0,0,0,0
287,287,*NOUSE*,*NOUSE*,0,0,0,0,0,0,0,0
288,288,IND5,,69,761,93,79.00,27.63,12.04,8171,225805.00
289,289,DR15,,68,780,106,163.00,50.82,36.34,3770,191601.00
290,290,DA3,,69,917,41,177.00,50.41,38.80,3579,180412.00
291,291,*NOUSE*,*NOUSE*,0,0,0,0,0,0,0,0
292,292,*NOUSE*,*NOUSE*,0,0,0,0,0,0,0,0
293,293,ILsoVR,,65,1425,48,199.00,77.47,43.07,2872,222505.00
294,294,AIMR,,67,1174,49,204.00,92.68,43.16,2494,231156.00
295,295,PM4VR,,67,1359,56,155.00,63.62,31.74,3614,229930.00
296,296,*NOUSE*,*NOUSE*,0,0,0,0,0,0,0,0
297,297,*NOUSE*,*NOUSE*,0,0,0,0,0,0,0,0
298,298,*NOUSE*,*NOUSE*,0,0,0,0,0,0,0,0
299,299,HYP102,,66,90,76,101.00,35.82,19.26,4282,153391.00
300,300,HYP8,,70,162,82,110.00,42.28,22.64,4533,191651.00
301,301,*NOUSE*,*NOUSE*,0,0,0,0,0,0,0,0
302,302,DD2,,70,970,42,170.00,49.92,36.57,4512,225218.00
303,303,*NOUSE*,*NOUSE*,0,0,0,0,0,0,0,0
304,304,DB5,,70,740,46,194.00,63.78,45.89,3543,225962.00
305,305,DA6,,69,548,50,212.00,54.22,43.46,4017,217782.00
306,306,DB7,,69,460,53,193.00,63.98,45.05,4613,295129.00
307,307,SMBVR,,67,1229,53,198.00,105.75,44.33,2424,256341.00
308,308,*NOUSE*,*NOUSE*,0,0,0,0,0,0,0,0
309,309,HYP4V2,,69,1523,53,185.00,51.43,39.73,4021,206790.00
310,310,YPDA,,68,312,56,153.00,56.29,33.94,3215,180963.00
311,311,*NOUSE*,*NOUSE*,0,0,0,0,0,0,0,0
312,312,*NOUSE*,*NOUSE*,0,0,0,0,0,0,0,0
313,313,*NOUSE*,*NOUSE*,0,0,0,0,0,0,0,0
314,314,*NOUSE*,*NOUSE*,0,0,0,0,0,0,0,0
315,315,IND8,,73,430,85,97.00,34.63,16.73,6617,229162.00
316,316,*NOUSE*,*NOUSE*,0,0,0,0,0,0,0,0
317,317,DA1,,71,1052,41,143.00,49.43,34.46,3913,193420.00
318,318,DA2,,70,999,43,157.00,49.45,36.92,3925,194075.00
319,319,*NOUSE*,*NOUSE*,0,0,0,0,0,0,0,0
320,320,DD4,,70,633,46,214.00,59.87,46.03,4182,250388.00
321,321,DB3,,71,1018,45,169.00,52.52,38.53,4352,228586.00
322,322,DD5,,70,489,51,219.00,58.36,46.28,4288,250266.00
323,323,HYP4V1,,69,1546,56,155.00,46.01,32.42,4159,191344.00
324,324,*NOUSE*,*NOUSE*,0,0,0,0,0,0,0,0
325,325,I5,,71,1143,60,188.00,71.35,37.74,3115,222253.00
326,326,PM8,,74,1092,66,162.00,66.21,34.99,3317,219626.00
327,327,*NOUSE*,*NOUSE*,0,0,0,0,0,0,0,0
328,328,*NOUSE*,*NOUSE*,0,0,0,0,0,0,0,0
329,329,PM2D2,,70,1472,88,204.00,78.26,42.45,2983,233444.00
330,330,DL21,,72,248,85,149.00,54.97,37.07,3686,202626.00
331,331,I3,,71,1346,89,214.00,84.82,48.45,3574,303147.00
332,332,E2D,,70,1513,90,168.00,51.34,36.07,3903,200382.00
333,333,HYP4D,,70,1559,94,137.00,42.74,27.36,4757,203304.00
334,334,*NOUSE*,*NOUSE*,0,0,0,0,0,0,0,0
335,335,*NOUSE*,*NOUSE*,0,0,0,0,0,0,0,0
336,336,DB1,,72,1085,40,183.00,63.62,37.92,3156,200789.00
337,337,*NOUSE*,*NOUSE*,0,0,0,0,0,0,0,0
338,338,*NOUSE*,*NOUSE*,0,0,0,0,0,0,0,0
339,339,*NOUSE*,*NOUSE*,0,0,0,0,0,0,0,0
340,340,M4,,72,1332,81,212.00,74.65,42.31,4045,301957.00
341,341,*NOUSE*,*NOUSE*,0,0,0,0,0,0,0,0
342,342,*NOUSE*,*NOUSE*,0,0,0,0,0,0,0,0
343,343,*NOUSE*,*NOUSE*,0,0,0,0,0,0,0,0
344,344,*NOUSE*,*NOUSE*,0,0,0,0,0,0,0,0
345,345,I4,,71,1165,96,212.00,84.75,45.93,3379,286363.00
346,346,HYP6D3,,71,1411,99,168.00,62.96,33.80,4733,297993.00
347,347,PM6D,,71,1147,102,157.00,65.18,34.48,4475,291689.00
348,348,G1,,71,1236,39,174.00,61.20,35.63,3215,196763.00
349,349,RIGR,,73,1067,41,191.00,57.10,39.43,3863,220564.00
350,350,RMEV,,72,1279,46,182.00,69.66,44.12,3078,214422.00
351,351,INV2,,74,963,57,84.00,30.17,12.81,6342,191359.00
352,352,DVA,,70,292,80,179.00,79.68,37.05,3312,263905.00
353,353,*NOUSE*,*NOUSE*,0,0,0,0,0,0,0,0
354,354,*NOUSE*,*NOUSE*,0,0,0,0,0,0,0,0
355,355,*NOUSE*,*NOUSE*,0,0,0,0,0,0,0,0
356,356,*NOUSE*,*NOUSE*,0,0,0,0,0,0,0,0
357,357,*NOUSE*,*NOUSE*,0,0,0,0,0,0,0,0
358,358,PM7D,,73,1119,105,176.00,57.08,35.59,4219,240811.00
359,359,*NOUSE*,*NOUSE*,0,0,0,0,0,0,0,0
360,360,G2,,73,1219,43,180.00,81.98,41.94,2607,213715.00
361,361,DD1,,73,1098,42,184.00,73.15,43.20,3114,227779.00
362,362,*NOUSE*,*NOUSE*,0,0,0,0,0,0,0,0
363,363,DB6,,71,570,48,211.00,63.76,47.16,4079,260068.00
364,364,*NOUSE*,*NOUSE*,0,0,0,0,0,0,0,0
365,365,F,,72,308,74,220.00,91.45,44.87,2654,242708.00
366,366,*NOUSE*,*NOUSE*,0,0,0,0,0,0,0,0
367,367,MI,,70,1362,93,229.00,103.57,48.78,3151,326340.00
368,368,*NOUSE*,*NOUSE*,0,0,0,0,0,0,0,0
369,369,*NOUSE*,*NOUSE*,0,0,0,0,0,0,0,0
370,370,DB2,,73,1165,39,195.00,72.98,41.48,2550,186100.00
371,371,SABVL,,74,1152,41,212.00,81.69,50.14,2134,174323.00
372,372,VL13,,76,837,44,175.00,55.94,38.95,3546,198365.00
373,373,Z4,,74,663,53,184.00,51.95,36.98,4976,258503.00
374,374,VL15,,76,721,51,181.00,57.64,42.44,4211,242720.00
375,375,ARCAV,,75,1491,52,188.00,52.68,38.60,3889,204855.00
376,376,MC3V,,75,1114,57,146.00,51.01,29.78,4364,222616.00
377,377,*NOUSE*,*NOUSE*,0,0,0,0,0,0,0,0
378,378,*NOUSE*,*NOUSE*,0,0,0,0,0,0,0,0
379,379,*NOUSE*,*NOUSE*,0,0,0,0,0,0,0,0
380,380,*NOUSE*,*NOUSE*,0,0,0,0,0,0,0,0
381,381,HYP6D2,,73,1436,100,172.00,68.26,39.25,4183,285524.00
382,382,*NOUSE*,*NOUSE*,0,0,0,0,0,0,0,0
383,383,*NOUSE*,*NOUSE*,0,0,0,0,0,0,0,0
384,384,*NOUSE*,*NOUSE*,0,0,0,0,0,0,0,0
385,385,VL17,,74,525,53,156.00,49.20,34.62,4743,233350.00
386,386,*NOUSE*,*NOUSE*,0,0,0,0,0,0,0,0
387,387,*NOUSE*,*NOUSE*,0,0,0,0,0,0,0,0
388,388,DEP,,71,276,84,191.00,75.70,45.09,3074,232687.00
389,389,*NOUSE*,*NOUSE*,0,0,0,0,0,0,0,0
390,390,REPD,,75,324,88,198.00,65.60,44.72,3435,225334.00
391,391,*NOUSE*,*NOUSE*,0,0,0,0,0,0,0,0
392,392,*NOUSE*,*NOUSE*,0,0,0,0,0,0,0,0
393,393,ALA,,73,1265,107,191.00,89.19,44.14,3524,314308.00
394,394,PHshL,,76,253,71,204.00,73.87,49.33,3397,250940.00
395,395,*NOUSE*,*NOUSE*,0,0,0,0,0,0,0,0
396,396,*NOUSE*,*NOUSE*,0,0,0,0,0,0,0,0
397,397,*NOUSE*,*NOUSE*,0,0,0,0,0,0,0,0
398,398,*NOUSE*,*NOUSE*,0,0,0,0,0,0,0,0
399,399,VL11,,77,935,44,148.00,47.56,33.69,4059,193028.00
400,400,*NOUSE*,*NOUSE*,0,0,0,0,0,0,0,0
401,401,*NOUSE*,*NOUSE*,0,0,0,0,0,0,0,0
402,402,*NOUSE*,*NOUSE*,0,0,0,0,0,0,0,0
403,403,HMC,,75,1171,110,197.00,67.37,38.72,4266,287414.00
404,404,*NOUSE*,*NOUSE*,0,0,0,0,0,0,0,0
405,405,*NOUSE*,*NOUSE*,0,0,0,0,0,0,0,0
406,406,*NOUSE*,*NOUSE*,0,0,0,0,0,0,0,0
407,407,*NOUSE*,*NOUSE*,0,0,0,0,0,0,0,0
408,408,*NOUSE*,*NOUSE*,0,0,0,0,0,0,0,0
409,409,PVPL,,76,361,58,222.00,82.26,52.09,3519,289481.00
410,410,*NOUSE*,*NOUSE*,0,0,0,0,0,0,0,0
411,411,*NOUSE*,*NOUSE*,0,0,0,0,0,0,0,0
412,412,*NOUSE*,*NOUSE*,0,0,0,0,0,0,0,0
413,413,IND6,,79,620,85,80.00,28.96,13.35,8175,236735.00
414,414,*NOUSE*,*NOUSE*,0,0,0,0,0,0,0,0
415,415,VL14,,81,794,48,180.00,49.30,35.10,3843,189474.00
416,416,*NOUSE*,*NOUSE*,0,0,0,0,0,0,0,0
417,417,*NOUSE*,*NOUSE*,0,0,0,0,0,0,0,0
418,418,*NOUSE*,*NOUSE*,0,0,0,0,0,0,0,0
419,419,*NOUSE*,*NOUSE*,0,0,0,0,0,0,0,0
420,420,ALNL,,78,264,77,200.00,78.82,52.81,3261,257028.00
421,421,ADLL,,77,1212,99,160.00,79.01,34.25,3860,304986.00
422,422,*NOUSE*,*NOUSE*,0,0,0,0,0,0,0,0
423,423,*NOUSE*,*NOUSE*,0,0,0,0,0,0,0,0
424,424,*NOUSE*,*NOUSE*,0,0,0,0,0,0,0,0
425,425,*NOUSE*,*NOUSE*,0,0,0,0,0,0,0,0
426,426,*NOUSE*,*NOUSE*,0,0,0,0,0,0,0,0
427,427,*NOUSE*,*NOUSE*,0,0,0,0,0,0,0,0
428,428,INVL1,,83,1026,61,81.00,33.19,15.21,6083,201911.00
429,429,*NOUSE*,*NOUSE*,0,0,0,0,0,0,0,0
430,430,INV5,,80,719,75,89.00,32.43,15.32,7229,234450.00
431,431,*NOUSE*,*NOUSE*,0,0,0,0,0,0,0,0
432,432,ASIL,,79,1195,91,204.00,92.90,38.71,3568,331454.00
433,433,*NOUSE*,*NOUSE*,0,0,0,0,0,0,0,0
434,434,IML,,82,400,59,182.00,52.54,40.72,4724,248199.00
435,435,*NOUSE*,*NOUSE*,0,0,0,0,0,0,0,0
436,436,*NOUSE*,*NOUSE*,0,0,0,0,0,0,0,0
437,437,*NOUSE*,*NOUSE*,0,0,0,0,0,0,0,0
438,438,*NOUSE*,*NOUSE*,0,0,0,0,0,0,0,0
439,439,*NOUSE*,*NOUSE*,0,0,0,0,0,0,0,0
440,440,*NOUSE*,*NOUSE*,0,0,0,0,0,0,0,0
441,441,DL19,,81,453,94,165.00,49.95,36.69,4870,243238.00
442,442,*NOUSE*,*NOUSE*,0,0,0,0,0,0,0,0
443,443,M5,,82,1104,99,197.00,70.93,44.90,4015,284803.00
444,444,DL13,,81,853,105,178.00,49.51,36.63,3843,190282.00
445,445,*NOUSE*,*NOUSE*,0,0,0,0,0,0,0,0
446,446,*NOUSE*,*NOUSE*,0,0,0,0,0,0,0,0
447,447,AVKL,,83,1153,53,186.00,75.38,39.77,2816,212273.00
448,448,*NOUSE*,*NOUSE*,0,0,0,0,0,0,0,0
449,449,*NOUSE*,*NOUSE*,0,0,0,0,0,0,0,0
450,450,CCLP,,82,739,51,204.00,69.07,51.42,3138,216734.00
451,451,*NOUSE*,*NOUSE*,0,0,0,0,0,0,0,0
452,452,*NOUSE*,*NOUSE*,0,0,0,0,0,0,0,0
453,453,I1L,,82,1400,65,216.00,81.99,47.59,3178,260549.00
454,454,PM3L,,83,1417,70,171.00,76.83,39.69,2593,199211.00
455,455,VPI3V,,81,1082,64,140.00,56.52,32.59,1725,97498.00
456,456,*NOUSE*,*NOUSE*,0,0,0,0,0,0,0,0
457,457,*NOUSE*,*NOUSE*,0,0,0,0,0,0,0,0
458,458,REPVL,,83,336,67,197.00,71.98,51.13,3719,267696.00
459,459,*NOUSE*,*NOUSE*,0,0,0,0,0,0,0,0
460,460,M2L,,82,1155,70,246.00,107.34,56.16,2469,265031.00
461,461,*NOUSE*,*NOUSE*,0,0,0,0,0,0,0,0
462,462,RIVL,,82,1181,98,217.00,104.02,47.67,2801,291365.00
463,463,*NOUSE*,*NOUSE*,0,0,0,0,0,0,0,0
464,464,DL7,,80,1189,108,181.00,73.74,35.73,3540,261025.00
465,465,DL9,,83,1079,105,172.00,54.81,34.83,4775,261701.00
466,466,*NOUSE*,*NOUSE*,0,0,0,0,0,0,0,0
467,467,VL9,,83,1079,44,162.00,56.34,34.91,3927,221231.00
468,468,*NOUSE*,*NOUSE*,0,0,0,0,0,0,0,0
469,469,CCLA,,84,759,52,214.00,61.42,49.01,4025,247198.00
470,470,PM4VL,,80,1360,57,215.00,76.58,40.14,3231,247430.00
471,471,SMBVL,,80,1231,55,202.00,108.58,46.19,2126,230839.00
472,472,*NOUSE*,*NOUSE*,0,0,0,0,0,0,0,0
473,473,*NOUSE*,*NOUSE*,0,0,0,0,0,0,0,0
474,474,PVCL,,81,273,66,226.00,79.86,52.52,2850,227595.00
475,475,PVQL,,84,315,67,177.00,66.74,45.95,3985,265951.00
476,476,*NOUSE*,*NOUSE*,0,0,0,0,0,0,0,0
477,477,PM6VL,,83,1142,73,153.00,64.41,31.67,3558,229171.00
478,478,*NOUSE*,*NOUSE*,0,0,0,0,0,0,0,0
479,479,PM4DL,,80,1362,89,201.00,82.63,38.44,4038,333662.00
480,480,*NOUSE*,*NOUSE*,0,0,0,0,0,0,0,0
481,481,*NOUSE*,*NOUSE*,0,0,0,0,0,0,0,0
482,482,INDL1,,83,1018,95,87.00,34.59,16.38,5473,189322.00
483,483,*NOUSE*,*NOUSE*,0,0,0,0,0,0,0,0
484,484,DL20,,83,392,90,152.00,43.86,28.73,4833,211966.00
485,485,*NOUSE*,*NOUSE*,0,0,0,0,0,0,0,0
486,486,*NOUSE*,*NOUSE*,0,0,0,0,0,0,0,0
487,487,DL16,,83,660,98,182.00,49.95,36.50,4276,213584.00
488,488,*NOUSE*,*NOUSE*,0,0,0,0,0,0,0,0
489,489,G2L,,83,1100,62,196.00,79.68,44.77,3487,277840.00
490,490,*NOUSE*,*NOUSE*,0,0,0,0,0,0,0,0
491,491,M3L,,83,1328,63,251.00,88.86,52.13,3164,281149.00
492,492,V5L,,86,504,64,144.00,44.09,28.33,5569,245512.00
493,493,VIRL,,81,346,78,207.00,63.81,45.27,4119,262834.00
494,494,AWAL,,84,1215,86,183.00,95.44,40.03,3478,331946.00
495,495,VPI2DL,,84,1083,84,220.00,66.37,45.62,4186,277839.00
496,496,*NOUSE*,*NOUSE*,0,0,0,0,0,0,0,0
497,497,DL17,,84,593,97,164.00,49.23,36.66,4052,199489.00
498,498,*NOUSE*,*NOUSE*,0,0,0,0,0,0,0,0
499,499,*NOUSE*,*NOUSE*,0,0,0,0,0,0,0,0
500,500,*NOUSE*,*NOUSE*,0,0,0,0,0,0,0,0
501,501,*NOUSE*,*NOUSE*,0,0,0,0,0,0,0,0
502,502,*NOUSE*,*NOUSE*,0,0,0,0,0,0,0,0
503,503,*NOUSE*,*NOUSE*,0,0,0,0,0,0,0,0
504,504,*NOUSE*,*NOUSE*,0,0,0,0,0,0,0,0
505,505,QL,,86,545,66,150.00,47.08,31.60,4885,230009.00
506,506,*NOUSE*,*NOUSE*,0,0,0,0,0,0,0,0
507,507,*NOUSE*,*NOUSE*,0,0,0,0,0,0,0,0
508,508,*NOUSE*,*NOUSE*,0,0,0,0,0,0,0,0
509,509,DL14,,85,784,98,166.00,49.59,35.21,4300,213241.00
510,510,*NOUSE*,*NOUSE*,0,0,0,0,0,0,0,0
511,511,DL15,,85,743,101,157.00,47.21,33.42,5905,278775.00
512,512,SIAVL,,87,1205,48,238.00,83.27,47.35,2479,206437.00
513,513,EXC GL L,,86,1100,47,163.00,63.99,38.68,3491,223383.00
514,514,*NOUSE*,*NOUSE*,0,0,0,0,0,0,0,0
515,515,PM7VL,,86,1119,71,149.00,52.48,32.25,4395,230650.00
516,516,MC3DL,,87,1112,88,175.00,58.30,39.84,4454,259682.00
517,517,DL3,,84,1401,96,161.00,62.58,33.01,4270,267222.00
518,518,G1AL,,86,1153,89,201.00,78.57,40.03,3659,287487.00
519,519,I6,,83,1144,99,210.00,82.09,48.15,4109,337307.00
520,520,SMDDL,,87,1239,47,208.00,90.52,50.13,1969,178234.00
521,521,VL3,,86,1383,48,155.00,59.07,33.74,3113,183892.00
522,522,*NOUSE*,*NOUSE*,0,0,0,0,0,0,0,0
523,523,*NOUSE*,*NOUSE*,0,0,0,0,0,0,0,0
524,524,P11/12L,,87,369,61,157.00,51.52,34.22,3252,167541.00
525,525,*NOUSE*,*NOUSE*,0,0,0,0,0,0,0,0
526,526,*NOUSE*,*NOUSE*,0,0,0,0,0,0,0,0
527,527,*NOUSE*,*NOUSE*,0,0,0,0,0,0,0,0
528,528,*NOUSE*,*NOUSE*,0,0,0,0,0,0,0,0
529,529,*NOUSE*,*NOUSE*,0,0,0,0,0,0,0,0
530,530,ALML,,88,814,92,192.00,55.28,42.40,4782,264338.00
531,531,*NOUSE*,*NOUSE*,0,0,0,0,0,0,0,0
532,532,*NOUSE*,*NOUSE*,0,0,0,0,0,0,0,0
533,533,HSNL,,86,684,54,222.00,73.30,55.86,3221,236114.00
534,534,VL2,,87,1426,49,146.00,58.73,30.83,3048,179009.00
535,535,P5/6L,,89,714,55,132.00,45.02,28.66,5091,229182.00
536,536,P7/8L,,88,591,55,157.00,45.98,30.99,5495,252661.00
537,537,V6L,,89,427,67,148.00,41.79,27.71,5872,245406.00
538,538,*NOUSE*,*NOUSE*,0,0,0,0,0,0,0,0
539,539,*NOUSE*,*NOUSE*,0,0,0,0,0,0,0,0
540,540,*NOUSE*,*NOUSE*,0,0,0,0,0,0,0,0
541,541,DL2,,86,1435,91,163.00,64.24,32.65,4174,268145.00
542,542,*NOUSE*,*NOUSE*,0,0,0,0,0,0,0,0
543,543,*NOUSE*,*NOUSE*,0,0,0,0,0,0,0,0
544,544,CEPDL,,86,1268,103,225.00,88.57,53.72,3710,328587.00
545,545,DL8,,88,1109,109,147.00,53.55,31.25,5061,271033.00
546,546,*NOUSE*,*NOUSE*,0,0,0,0,0,0,0,0
547,547,CEPsoVL,,89,1333,52,225.00,79.31,48.06,2650,210180.00
548,548,VL8,,88,1134,51,129.00,53.29,28.12,2688,143242.00
549,549,OLQsoVL,,89,1403,56,222.00,79.11,49.02,2914,230518.00
550,550,*NOUSE*,*NOUSE*,0,0,0,0,0,0,0,0
551,551,CEPshVL,,90,1291,60,226.00,78.13,48.97,3124,244079.00
552,552,*NOUSE*,*NOUSE*,0,0,0,0,0,0,0,0
553,553,*NOUSE*,*NOUSE*,0,0,0,0,0,0,0,0
554,554,AMsoL,,89,1412,83,216.00,76.53,47.73,3729,285397.00
555,555,*NOUSE*,*NOUSE*,0,0,0,0,0,0,0,0
556,556,*NOUSE*,*NOUSE*,0,0,0,0,0,0,0,0
557,557,DL10,,88,1050,106,164.00,46.96,31.24,3961,186018.00
558,558,*NOUSE*,*NOUSE*,0,0,0,0,0,0,0,0
559,559,BDUL,,91,982,74,202.00,59.98,46.69,3654,219175.00
560,560,HYP5L,,89,1505,76,138.00,42.90,26.92,5251,225249.00
561,561,*NOUSE*,*NOUSE*,0,0,0,0,0,0,0,0
562,562,ASGL,,88,1204,94,204.00,103.00,45.06,2728,280977.00
563,563,*NOUSE*,*NOUSE*,0,0,0,0,0,0,0,0
564,564,*NOUSE*,*NOUSE*,0,0,0,0,0,0,0,0
565,565,*NOUSE*,*NOUSE*,0,0,0,0,0,0,0,0
566,566,*NOUSE*,*NOUSE*,0,0,0,0,0,0,0,0
567,567,*NOUSE*,*NOUSE*,0,0,0,0,0,0,0,0
568,568,*NOUSE*,*NOUSE*,0,0,0,0,0,0,0,0
569,569,CANL,,92,726,69,184.00,54.25,40.12,5528,299904.00
570,570,HYP7LC5,,90,461,79,107.00,37.19,21.90,4907,182487.00
571,571,ARCPDL,,92,1426,81,207.00,68.81,47.01,3916,269461.00
572,572,*NOUSE*,*NOUSE*,0,0,0,0,0,0,0,0
573,573,*NOUSE*,*NOUSE*,0,0,0,0,0,0,0,0
574,574,URYDL,,89,1313,90,246.00,113.41,57.41,2299,260727.00
575,575,DL6,,92,1285,97,161.00,61.63,35.24,5109,314886.00
576,576,*NOUSE*,*NOUSE*,0,0,0,0,0,0,0,0
577,577,P1/2L,,92,931,58,140.00,43.54,28.76,4792,208661.00
578,578,*NOUSE*,*NOUSE*,0,0,0,0,0,0,0,0
579,579,*NOUSE*,*NOUSE*,0,0,0,0,0,0,0,0
580,580,*NOUSE*,*NOUSE*,0,0,0,0,0,0,0,0
581,581,CEPshDL,,92,1299,89,214.00,88.90,49.87,2814,250156.00
582,582,AWBL,,93,1221,95,194.00,84.43,46.79,2996,252954.00
583,583,*NOUSE*,*NOUSE*,0,0,0,0,0,0,0,0
584,584,*NOUSE*,*NOUSE*,0,0,0,0,0,0,0,0
585,585,ILshL,,92,1390,62,224.00,78.63,51.39,2949,231866.00
586,586,ADAL,,94,1142,62,208.00,68.78,47.19,3806,261771.00
587,587,*NOUSE*,*NOUSE*,0,0,0,0,0,0,0,0
588,588,*NOUSE*,*NOUSE*,0,0,0,0,0,0,0,0
589,589,HYP2L,,93,1443,78,207.00,63.14,44.39,4164,262912.00
590,590,*NOUSE*,*NOUSE*,0,0,0,0,0,0,0,0
591,591,*NOUSE*,*NOUSE*,0,0,0,0,0,0,0,0
592,592,VL4,,92,1357,52,158.00,62.62,31.74,2282,142893.00
593,593,*NOUSE*,*NOUSE*,0,0,0,0,0,0,0,0
594,594,FLPL,,93,1158,59,217.00,85.39,51.99,2689,229627.00
595,595,ADEshL,,93,1092,71,204.00,66.51,46.36,3889,258650.00
596,596,ARCADL,,93,1457,74,187.00,63.79,43.81,3780,241119.00
597,597,*NOUSE*,*NOUSE*,0,0,0,0,0,0,0,0
598,598,OLLsoL,,93,1356,86,252.00,101.24,58.99,2762,279620.00
599,599,*NOUSE*,*NOUSE*,0,0,0,0,0,0,0,0
600,600,*NOUSE*,*NOUSE*,0,0,0,0,0,0,0,0
601,601,AVHL,,90,1190,96,212.00,95.81,52.15,2828,270961.00
602,602,RICL,,95,1174,62,210.00,73.49,46.69,3224,236921.00
603,603,ILsoL,,93,1414,66,238.00,83.26,51.64,3421,284846.00
604,604,IL1L,,94,1333,69,241.00,87.85,52.63,2739,240615.00
605,605,*NOUSE*,*NOUSE*,0,0,0,0,0,0,0,0
606,606,AINL,,95,1161,84,231.00,82.76,53.32,3158,261348.00
607,607,*NOUSE*,*NOUSE*,0,0,0,0,0,0,0,0
608,608,*NOUSE*,*NOUSE*,0,0,0,0,0,0,0,0
609,609,URYVL,,93,1319,62,226.00,89.90,54.28,2581,232041.00
610,610,*NOUSE*,*NOUSE*,0,0,0,0,0,0,0,0
611,611,*NOUSE*,*NOUSE*,0,0,0,0,0,0,0,0
612,612,*NOUSE*,*NOUSE*,0,0,0,0,0,0,0,0
613,613,*NOUSE*,*NOUSE*,0,0,0,0,0,0,0,0
614,614,*NOUSE*,*NOUSE*,0,0,0,0,0,0,0,0
615,615,*NOUSE*,*NOUSE*,0,0,0,0,0,0,0,0
616,616,ASHL,,96,1219,79,173.00,70.52,40.26,3676,259215.00
617,617,ASEL,,95,1199,81,193.00,71.68,41.15,3703,265441.00
618,618,*NOUSE*,*NOUSE*,0,0,0,0,0,0,0,0
619,619,*NOUSE*,*NOUSE*,0,0,0,0,0,0,0,0
620,620,*NOUSE*,*NOUSE*,0,0,0,0,0,0,0,0
621,621,RMDVL,,96,1279,81,201.00,64.94,46.32,4093,265787.00
622,622,ADEL,,93,1153,71,212.00,84.61,51.31,2876,243341.00
623,623,*NOUSE*,*NOUSE*,0,0,0,0,0,0,0,0
624,624,AMshL,,95,1139,95,130.00,52.24,29.58,5044,263482.00
625,625,RMGL,,95,1102,60,177.00,66.25,44.63,3514,232814.00
626,626,RMDL,,96,1264,64,212.00,85.06,52.48,2526,214863.00
627,627,*NOUSE*,*NOUSE*,0,0,0,0,0,0,0,0
628,628,ARCPVL,,94,1430,65,235.00,71.89,52.26,3140,225721.00
629,629,ASJL,,95,1197,62,154.00,68.64,36.26,3333,228777.00
630,630,H2L,,97,1132,73,140.00,45.18,25.73,4695,212108.00
631,631,H0L,,98,1402,72,179.00,56.59,36.55,4273,241816.00
632,632,AVDL,,96,1180,75,228.00,91.04,56.57,2728,248358.00
633,633,AVAL,,96,1263,80,200.00,78.34,49.99,3309,259228.00
634,634,*NOUSE*,*NOUSE*,0,0,0,0,0,0,0,0
635,635,*NOUSE*,*NOUSE*,0,0,0,0,0,0,0,0
636,636,*NOUSE*,*NOUSE*,0,0,0,0,0,0,0,0
637,637,SIBDL,,96,1251,64,231.00,91.65,59.00,2663,244053.00
638,638,HYP7ABLV,,97,1066,66,102.00,34.13,16.52,6428,219391.00
639,639,*NOUSE*,*NOUSE*,0,0,0,0,0,0,0,0
640,640,*NOUSE*,*NOUSE*,0,0,0,0,0,0,0,0
641,641,*NOUSE*,*NOUSE*,0,0,0,0,0,0,0,0
642,642,*NOUSE*,*NOUSE*,0,0,0,0,0,0,0,0
643,643,*NOUSE*,*NOUSE*,0,0,0,0,0,0,0,0
644,644,*NOUSE*,*NOUSE*,0,0,0,0,0,0,0,0
645,645,RID,*MANUAL*,75,1288,107,177.00,100.52,34.47,2103,211385.00
646,646,RMED,*MANUAL*,73,1305,98,248.00,158.59,37.62,756,119895.00
647,647,OLQDL,*MANUAL*,80,1310,98,241.00,160.50,38.45,1863,299018.00
648,648,IL1DL,*MANUAL*,79,1321,91,245.00,171.62,41.90,1277,219155.00
649,649,OLQDR,*MANUAL*,65,1308,96,231.00,159.00,27.74,1268,201607.00
650,650,IL1DR,*MANUAL*,68,1318,93,247.00,171.71,33.36,1231,211381.00
651,651,URADL,*MANUAL*,87,1328,93,252.00,148.18,60.61,1323,196043.00
652,652,RMEL,*MANUAL*,90,1298,75,225.00,127.75,48.55,1282,163781.00
653,653,RIPL,*MANUAL*,87,1313,76,233.00,136.33,39.68,1198,163325.00
654,654,OLLL,*MANUAL*,85,1328,81,237.00,122.72,51.08,1611,197694.00
655,655,CEPsoDL,*MANUAL*,93,1337,91,246.00,139.25,54.94,1350,187994.00
656,656,OLQshDL,*MANUAL*,96,1373,85,252.00,149.06,50.65,1361,202864.00
657,657,ILshDL,*MANUAL*,90,1385,88,251.00,140.52,56.77,1131,158926.00
658,658,HYP1L,*MANUAL*,93,1395,85,242.00,130.55,56.58,1365,178194.00
659,659,OLLshL,*MANUAL*,98,1378,73,250.00,124.37,57.55,1355,168523.00
660,660,OLQshVL,*MANUAL*,98,1367,67,252.00,126.23,65.14,1171,147814.00
661,661,IL2L,*MANUAL*,98,1351,77,215.00,110.18,46.00,2033,223986.00
662,662,URBL,*MANUAL*,94,1327,81,252.00,131.33,63.37,2103,276188.00
663,663,BAGL,*MANUAL*,95,1303,66,205.00,107.91,45.58,1573,169735.00
664,664,H1L,*MANUAL*,98,1307,76,204.00,74.95,41.69,4139,310237.00
665,665,XXXL,*MANUAL*,97,1346,66,247.00,129.56,55.31,1312,169988.00
666,666,OLQVL,*MANUAL*,88,1307,59,220.00,126.50,41.26,1365,172668.00
667,667,*NOUSE*,*NOUSE*,0,0,0,0,0,0,0,0
668,668,URYDR,*MANUAL*,58,1318,92,250.00,136.42,52.26,1365,186209.00
669,669,URADR,*MANUAL*,58,1333,94,239.00,132.22,45.84,1259,166471.00
670,670,RMER,*MANUAL*,56,1295,76,210.00,111.75,37.41,1212,135445.00
671,671,OLLR,*MANUAL*,59,1321,78,224.00,120.73,38.77,1301,157076.00
672,672,CEPsoDR,*MANUAL*,52,1335,85,206.00,123.45,34.50,1365,168515.00
673,673,OLLsoR,*MANUAL*,47,1348,85,211.00,118.95,32.29,1365,162367.00
674,674,OLQshDR,*MANUAL*,44,1363,81,201.00,110.38,37.76,1365,150665.00
675,675,ILshDR,*MANUAL*,50,1376,88,218.00,126.75,43.65,1281,162368.00
676,676,HYP1R,*MANUAL*,50,1387,84,189.00,113.54,40.01,1365,154982.00
677,677,ARCADR,*MANUAL*,47,1439,77,158.00,63.94,33.09,2103,134467.00
678,678,ARCPVR,*MANUAL*,50,1426,64,186.00,87.13,36.93,2103,183229.00
679,679,ILsoR,*MANUAL*,50,1409,62,188.00,111.47,32.50,1307,145693.00
680,680,OLQsoVR,*MANUAL*,53,1399,57,187.00,109.41,36.84,1319,144314.00
681,681,OLQshVR,*MANUAL*,50,1388,60,176.00,106.39,31.50,1326,141067.00
682,682,ILshR,*MANUAL*,52,1378,54,193.00,99.19,41.96,1365,135400.00
683,683,OLLshR,*MANUAL*,44,1365,64,214.00,106.95,47.82,1365,145980.00
684,684,URBR,*MANUAL*,49,1323,77,238.00,105.31,47.48,1365,143753.00
685,685,BAGR,*MANUAL*,52,1299,62,156.00,82.64,32.69,1982,163799.00
686,686,CEPshVR,*MANUAL*,53,1285,63,156.00,79.32,31.49,1148,91064.00
687,687,URAVR,*MANUAL*,59,1307,51,225.00,117.57,43.60,1356,159424.00
688,688,CEPsovR,*MANUAL*,56,1323,54,215.00,107.12,41.56,1143,122434.00
689,689,URAVL,*MANUAL*,86,1317,49,250.00,122.36,52.02,1252,153199.00
690,690,CEPVL,*MANUAL*,76,1296,49,237.00,142.20,50.88,1008,143337.00
691,691,CEPVR,*MANUAL*,65,1293,52,217.00,118.80,44.82,1254,148975.00
692,692,IL1VR,*MANUAL*,71,1305,47,218.00,125.29,40.24,1365,171016.00
693,693,IL1VL,*MANUAL*,77,1319,46,237.00,143.15,46.88,1222,174927.00
694,694,IL2VR,*MANUAL*,67,1319,45,222.00,120.17,49.69,1365,164027.00
695,695,IL2VL,*MANUAL*,78,1336,45,211.00,106.66,47.51,1197,127671.00
696,696,HYP31,*MANUAL*,73,1521,100,188.00,77.55,43.68,2103,163082.00
697,697,HYP32,*MANUAL*,68,1506,100,196.00,94.00,44.40,2103,197691.00
698,698,ILsoDR,*MANUAL*,63,1463,96,193.00,113.05,40.05,1170,132265.00
699,699,OLQsoDR,*MANUAL*,63,1443,96,200.00,113.82,36.72,1340,152513.00
700,700,ILsoDL,*MANUAL*,80,1479,94,226.00,117.87,45.48,1365,160892.00
701,701,OLQsoDL,*MANUAL*,80,1458,94,238.00,141.41,46.07,1322,186943.00
702,702,HYP6D1,*MANUAL*,72,1465,101,189.00,95.73,41.15,2103,201330.00
703,703,HYP6D4,*MANUAL*$378$391,73,1380,103,180.00,66.95,35.06,5057,338546.00
704,704,HYP7D1,*MANUAL*,73,1329,104,191.00,65.24,38.09,4139,270023.00
705,705,HYP7D2,*MANUAL*,75,1237,112,127.00,43.65,25.17,4092,178618.00
706,706,ARCPV,*MANUAL*,76,1458,49,187.00,79.46,48.73,2103,167105.00
707,707,HYP1V,*MANUAL*,63,1451,49,173.00,92.57,41.10,1234,114226.00
708,708,ILshVR,*MANUAL*,66,1404,45,221.00,101.96,57.91,1365,139175.00
709,709,ILsoVL,*MANUAL*,76,1434,46,229.00,116.59,46.49,1317,153546.00
710,710,ILshVL,*MANUAL*,75,1414,46,213.00,106.94,53.52,1365,145973.00
711,711,HYP6V1,*MANUAL*,71,1445,43,162.00,65.58,35.90,2103,137919.00
712,712,HYP6V2,*MANUAL*,73,1389,43,155.00,67.71,33.97,2103,142392.00
713,713,HYP7V1,*MANUAL*,73,1337,37,172.00,56.90,34.57,2103,119665.00
714,714,HYP7V2,*MANUAL*,73,1296,38,179.00,46.56,38.74,2063,96062.00
715,715,M3R,*MANUAL*,64,1325,59,231.00,96.87,48.60,2103,203725.00
716,716,NSML,*MANUAL*,86,1349,64,238.00,112.53,54.27,2098,236092.00
717,717,PM4L,*MANUAL*,85,1358,75,215.00,96.89,48.49,1357,131473.00
718,718,MCR,*MANUAL*,62,1371,65,216.00,112.50,48.12,1168,131397.00
719,719,I2R,*MANUAL*,56,1363,61,238.00,133.44,38.33,1365,182146.00
720,720,MCL,*MANUAL*,81,1369,69,253.00,135.88,56.90,1181,160471.00
721,721,I2L,*MANUAL*,89,1368,64,252.00,151.18,45.12,1365,206363.00
722,722,*NOUSE*,*NOUSE*,0,0,0,0,0,0,0,0
723,723,PM1DR,*MANUAL*,66,1380,86,254.00,189.03,44.85,746,141016.00
724,724,PM1DL,*MANUAL*,72,1383,86,254.00,176.11,64.83,946,166601.00
725,725,PM1L,*MANUAL*,87,1383,74,251.00,152.99,50.11,1007,154065.00
726,726,PM1VL,*MANUAL*,83,1380,63,249.00,122.03,55.82,1116,136182.00
727,727,PM1VR,*MANUAL*,63,1381,62,230.00,119.74,52.40,1256,150398.00
728,728,PM1R,*MANUAL*,58,1388,72,238.00,96.47,46.39,1365,131686.00
729,729,MC1DR,*MANUAL*,60,1376,81,250.00,119.57,45.01,2103,251455.00
730,730,MC1V,*MANUAL*,74,1378,57,245.00,105.64,48.35,2103,222160.00
731,731,MC1DL,*MANUAL*,81,1385,82,254.00,147.67,37.88,2103,310545.00
732,732,PM2D1,*MANUAL*,70,1490,88,189.00,88.72,43.92,1365,121099.00
733,733,E1D,*MANUAL*,70,1451,88,204.00,107.10,38.34,1981,212173.00
734,734,E3D,*MANUAL*,72,1421,85,195.00,91.47,40.58,1763,161270.00
735,735,E1VR,*MANUAL*,59,1461,63,196.00,112.34,39.92,1110,124692.00
736,736,E2VL,*MANUAL*,79,1513,65,154.00,56.31,34.75,2103,118417.00
737,737,PM2VL1,*MANUAL*,81,1490,65,199.00,87.98,47.28,1365,120090.00
738,738,PM2VL2,*MANUAL*,83,1474,64,225.00,106.56,54.09,1358,144702.00
739,739,E1VL,*MANUAL*,83,1449,63,203.00,121.36,40.87,976,118446.00
740,740,E3VL,*MANUAL*,84,1423,62,207.00,105.81,37.04,1365,144427.00
741,741,PM3DL,*MANUAL*,77,1442,85,203.00,75.83,32.36,2103,159476.00
742,742,PM3DR,*MANUAL*,65,1425,84,187.00,86.24,27.49,1365,117713.00
743,743,PM3VR,*MANUAL*,65,1453,61,174.00,69.91,29.71,1989,139048.00
744,744,PM3VL,*MANUAL*,76,1445,60,137.00,57.55,31.44,1365,78550.00
745,745,AWCL,*MANUAL*,97,1234,69,181.00,96.40,42.18,1978,190670.00
746,746,AUAL,*MANUAL*,97,1214,64,224.00,127.61,45.82,1205,153774.00
747,747,AFDL,*MANUAL*,97,1245,81,184.00,99.61,46.00,1349,134375.00
748,748,SMDVL,*MANUAL*,91,1253,94,221.00,129.63,44.21,1354,175513.00
749,749,AVJL,*MANUAL*,94,1177,88,227.00,132.28,48.19,1274,168522.00
750,750,ADFL,*MANUAL*,88,1232,87,177.00,112.60,31.72,2047,230489.00
751,751,AIZL,*MANUAL*,89,1170,72,228.00,141.58,33.80,1362,192832.00
752,752,AVBL,*MANUAL*,86,1183,84,228.00,152.29,31.19,1349,205440.00
753,753,GLRDR,*MANUAL*,68,1265,93,243.00,146.88,39.60,1143,167888.00
754,754,SAAVR,*MANUAL*,60,1262,87,237.00,142.50,40.29,1365,194515.00
755,755,GLRDL,*MANUAL*,79,1268,92,249.00,155.59,46.96,1145,178147.00
756,756,SAAVL,*MANUAL*,86,1264,87,252.00,169.02,42.24,1365,230713.00
757,757,URXL,*MANUAL*,80,1253,98,209.00,142.40,26.12,1349,192092.00
758,758,URXR,*MANUAL*,69,1247,98,199.00,138.30,28.54,1339,185190.00
759,759,ASKL,*MANUAL*,80,1234,98,170.00,105.31,30.54,2103,221475.00
760,760,SIBDR,*MANUAL*,45,1250,63,181.00,109.46,32.57,1285,140657.00
761,761,AVJR,*MANUAL*,48,1187,90,176.00,100.65,39.56,1365,137391.00
762,762,AVDR,*MANUAL*,46,1187,75,165.00,113.44,25.19,1347,152801.00
763,763,ADER,*MANUAL*,50,1164,73,157.00,94.69,26.47,1361,128868.00
764,764,FLPR,*MANUAL*,47,1171,62,163.00,96.45,28.06,1356,130783.00
765,765,AIZR,*MANUAL*,54,1179,68,179.00,123.83,25.25,1145,141789.00
766,766,AVER,*MANUAL*,55,1252,72,184.00,120.98,30.51,1185,143356.00
767,767,ASJR,*MANUAL*,43,1204,61,143.00,66.31,33.78,2103,139459.00
768,768,RIMR,*MANUAL*,54,1196,67,158.00,99.28,30.51,1365,135518.00
769,769,SMDVR,*MANUAL*,51,1253,95,193.00,89.91,45.79,1365,122728.00
770,770,RIAR,*MANUAL*,62,1247,88,199.00,128.52,33.83,1365,175432.00
771,771,AVBR,*MANUAL*,55,1194,80,170.00,122.57,22.13,1343,164614.00
772,772,RIAL,*MANUAL*,86,1246,84,209.00,137.76,31.63,1353,186393.00
773,773,AVEL,*MANUAL*,89,1252,73,210.00,139.44,39.39,1253,174714.00
774,774,AIBL,*MANUAL*,88,1228,68,211.00,123.77,32.25,1365,168942.00
775,775,RIBL,*MANUAL*,87,1206,72,205.00,131.57,38.95,1364,179457.00
776,776,RIML,*MANUAL*,88,1188,71,199.00,134.10,32.23,1339,179564.00
777,777,GLRVL,*MANUAL*,79,1260,58,249.00,132.26,57.93,1162,153687.00
778,778,GLRVR,*MANUAL*,65,1261,60,223.00,123.51,42.95,1288,159084.00
779,779,GLRR,*MANUAL*,61,1259,69,209.00,110.32,38.24,1365,150589.00
780,780,GLRL,*MANUAL*,85,1258,64,250.00,162.67,51.58,1365,222051.00
781,781,RMDDL,*MANUAL*,88,1256,52,218.00,116.24,49.91,1337,155408.00
782,782,SMBDL,*MANUAL*,87,1223,47,193.00,121.47,43.21,1205,146366.00
783,783,SIADL,*MANUAL*,91,1217,56,240.00,149.90,46.37,1313,196819.00
784,784,SIBVL,*MANUAL*,89,1240,61,241.00,139.16,46.28,1353,188282.00
785,785,SIAVR,*MANUAL*,62,1205,55,199.00,119.57,38.46,1199,143364.00
786,786,SIADR,*MANUAL*,53,1208,52,205.00,110.60,40.48,1365,150967.00
787,787,AIAR,*MANUAL*,70,1215,54,217.00,129.52,46.28,1269,164365.00
788,788,AIAL,*MANUAL*,80,1218,53,235.00,160.47,37.42,1365,219043.00
789,789,RIR,*MANUAL*,62,1237,62,199.00,128.20,30.86,1333,170896.00
790,790,SAADR,*MANUAL*,61,1246,55,220.00,131.31,42.49,1097,144045.00
791,791,SIBVR,*MANUAL*,52,1244,57,206.00,111.51,46.36,1365,152207.00
792,792,W,*MANUAL*,73,1187,42,186.00,94.98,32.50,1298,123282.00
793,793,EXC,*MANUAL*,80,1187,54,99.00,54.58,15.52,2026,110576.00
794,794,EXC DUCT,*MANUAL*,81,1204,59,201.00,84.48,40.90,2103,177653.00
795,795,MC2DL,*MANUAL*,78,1193,76,134.00,77.33,23.18,1365,105557.00
796,796,MC2DR,*MANUAL*,65,1196,79,147.00,89.19,21.92,895,79823.00
797,797,MC2V,*MANUAL*,70,1182,63,151.00,87.94,23.65,1357,119332.00
798,798,PM5DR,*MANUAL*,66,1177,88,170.00,107.83,23.74,1235,133170.00
799,799,PM5DL,*MANUAL*,76,1176,87,182.00,115.96,25.92,1365,158292.00
800,800,PM5L,*MANUAL*,78,1176,72,209.00,103.07,42.51,1365,140697.00
801,801,PM5R,*MANUAL*,62,1175,72,178.00,107.81,29.18,1365,147161.00
802,802,*NOUSE*,*NOUSE*,0,0,0,0,0,0,0,0
803,803,PM5VR,*MANUAL*,64,1159,63,210.00,124.41,32.16,1167,145185.00
804,804,PM5VL,*MANUAL*,74,1159,65,215.00,134.51,27.87,1365,183609.00
805,805,G1P,*MANUAL*$200$173,60,1097,89,114.00,39.51,19.43,5139,203056.00
806,806,VPI2DR,*MANUAL*,58,1081,79,172.00,63.63,36.76,1708,108675.00
807,807,AIML,*MANUAL*,74,1169,52,235.00,135.69,39.81,1227,166495.00
808,808,AIYL,*MANUAL*,84,1166,55,252.00,145.81,47.25,1365,199036.00
809,809,SABVR,*MANUAL*,74,1142,41,210.00,114.91,41.78,1300,149389.00
810,810,RIFL,*MANUAL*,78,1132,43,203.00,113.52,40.88,1365,154960.00
811,811,RIFR,*MANUAL*,64,1134,43,209.00,124.23,42.01,1365,169573.00
812,812,AVG,*MANUAL*,70,1120,40,181.00,93.38,40.40,1167,108970.00
813,813,RIGL,*MANUAL*,76,1113,43,180.00,102.12,38.22,1365,139387.00
814,814,EXC GL R,*MANUAL*,57,1119,44,159.00,93.20,28.54,1365,127217.00
815,815,INV3,*MANUAL*,67,895,59,69.00,25.33,10.06,4139,104843.00
816,816,DB4,*MANUAL*,71,895,40,180.00,100.68,28.77,1365,137430.00
817,817,INV4,*MANUAL*,68,812,59,57.00,24.55, 9.50,4139,101617.00
818,818,IND3,*MANUAL*,73,916,99,70.00,27.17, 9.32,4137,112399.00
819,819,IND4,*MANUAL*,73,840,92,68.00,26.98, 9.71,4139,111661.00
820,820,IND7,*MANUAL*,71,520,90,85.00,33.85,15.07,3851,130348.00
821,821,IND9,*MANUAL*,78,369,89,119.00,41.84,26.12,4139,173160.00
822,822,INV7,*MANUAL*$327$339,71,563,64,76.00,32.01,13.25,6686,214017.00
823,823,HYP7ABLD,*MANUAL*,97,1084,85,125.00,46.98,25.86,4139,194456.00
824,824,V1L,*MANUAL*$611$613,95,1011,74,126.00,39.73,24.91,5700,226473.00
825,825,HYP7LC1,*MANUAL*$605$615,93,955,82,87.00,31.34,15.76,5940,186131.00
826,826,HYP7LC2,*MANUAL*$597$599,93,853,81,94.00,32.27,17.21,6304,203403.00
827,827,HYP7LC3,*MANUAL*,93,723,85,129.00,34.12,21.38,4139,141239.00
828,828,HYP7LC4,*MANUAL*$614$587,92,590,77,126.00,34.34,19.40,6590,226305.00
829,829,V2L,*MANUAL*$566$593,92,885,59,114.00,39.46,22.23,5742,226572.00
830,830,P3/4L,*MANUAL*$576$558,90,834,55,158.00,42.57,26.32,4903,208743.00
831,831,V3L,*MANUAL*$578$565,91,782,59,123.00,40.34,23.51,6015,242627.00
832,832,V4L,*MANUAL*$567$550,89,646,60,120.00,41.84,23.56,5638,235889.00
833,833,P9/10L,*MANUAL*$503$490,85,474,59,162.00,48.10,31.73,5214,250796.00
834,834,HYP5R,*MANUAL*$73$74,50,1484,77,114.00,39.09,20.67,5317,207820.00
835,835,H1R,*MANUAL*,46,1297,73,171.00,63.04,29.25,2969,187157.00
836,836,H2R,*MANUAL*$10$12,42,1146,72,98.00,40.05,16.86,3795,151978.00
837,837,HYP7ABRD,*MANUAL*,49,1082,86,171.00,54.00,28.07,4139,223500.00
838,838,HYP7ABRV,*MANUAL*$51$55,46,1071,67,80.00,29.46,13.04,4983,146785.00
839,839,HYP7ABR3,*MANUAL*$61$66,47,1041,85,85.00,30.02,13.77,5063,152003.00
840,840,HYP7RC4,*MANUAL*$128$101,54,599,94,95.00,31.41,15.82,5784,181662.00
841,841,HYP7RC5,*MANUAL*$126$129,54,464,93,98.00,33.54,17.07,4773,160095.00
842,842,V2R,*MANUAL*$32$39,47,883,63,89.00,33.42,16.64,4605,153919.00
843,843,P5/6R,*MANUAL*,48,732,66,136.00,56.77,27.27,2597,147430.00
844,844,V4R,*MANUAL*$72$89,50,623,73,110.00,33.70,17.79,5569,187671.00
845,845,P7/8R,*MANUAL*,50,594,60,119.00,53.48,28.66,2103,112473.00
846,846,HYP71,*MANUAL*$313$298,68,213,66,134.00,42.55,27.11,5072,215797.00
847,847,PVR,*MANUAL*,67,216,85,153.00,72.91,34.33,1365,99522.00
848,848,TR,*MANUAL*,63,231,79,119.00,56.28,22.03,2053,115548.00
849,849,TL,*MANUAL*,75,227,73,143.00,60.69,25.16,2962,179756.00
850,850,PLML,*MANUAL*,77,240,65,179.00,91.07,43.50,1365,124314.00
851,851,LUAL,*MANUAL*,83,283,71,241.00,142.16,48.82,1297,184382.00
852,852,PHBL,*MANUAL*,83,293,69,206.00,134.50,27.42,1086,146064.00
853,853,PHAL,*MANUAL*,82,299,62,203.00,121.03,47.52,1365,165210.00
854,854,PLMR,*MANUAL*,61,247,73,169.00,69.70,40.23,1365,95135.00
855,855,ALNR,*MANUAL*,59,271,87,200.00,109.62,40.45,1337,146558.00
856,856,LUAR,*MANUAL*,58,283,86,202.00,112.62,41.00,1365,153729.00
857,857,PVCR,*MANUAL*,60,281,73,183.00,97.63,38.21,2103,205315.00
858,858,PHBR,*MANUAL*,57,298,83,169.00,92.66,31.62,2053,190234.00
859,859,PHAR,*MANUAL*,58,305,71,208.00,90.56,46.13,2091,189367.00
860,860,PVQR,*MANUAL*,57,316,80,163.00,91.16,32.93,1596,145498.00
861,861,K,*MANUAL*,77,310,81,195.00,113.00,36.37,1864,210626.00
862,862,B,*MANUAL*$312$314,69,288,64,158.00,62.41,33.85,3854,240533.00
863,863,IL2DR,*MANUAL*,62,1353,102,186.00,82.44,46.13,2103,173376.00
864,864,ASIR,*MANUAL*,62,1204,93,189.00,124.48,27.36,1281,159463.00
865,865,ASGR,*MANUAL*,54,1210,94,183.00,107.39,38.78,1365,146591.00
866,866,K',*MANUAL*,65,318,85,216.00,114.33,35.51,1995,228079.00
867,867,M,*MANUAL*,58,562,90,82.00,29.41,14.90,2969,87311.00
868,868,U,*MANUAL*,73,327,66,211.00,99.74,41.65,2026,202080.00
869,869,DA8,*MANUAL*,75,338,58,198.00,103.63,46.06,2018,209126.00
870,870,DD6,*MANUAL*,72,347,64,223.00,139.12,40.00,1148,159706.00
871,871,DA9,*MANUAL*,62,331,67,196.00,111.33,33.70,1365,151966.00
872,872,PVPR,*MANUAL*,62,348,67,214.00,102.74,48.98,2103,216057.00
873,873,HYP7RC6,*MANUAL*,56,318,94,119.00,39.87,23.41,2915,116215.00
874,874,HYP7LC6,*MANUAL*,85,301,79,178.00,51.57,30.25,2969,153121.00
875,875,DL1,*MANUAL*$572$573,88,1465,85,181.00,60.72,37.39,3845,233456.00
876,876,DL4,*MANUAL*$608$590,91,1364,95,191.00,74.78,37.77,3528,263822.00
877,877,DL5,*MANUAL*,84,1302,106,186.00,61.45,36.15,2969,182443.00
878,878,DL11,*MANUAL*,81,977,108,164.00,51.95,35.61,2969,154238.00
879,879,DL12,*MANUAL*,87,906,103,160.00,58.71,34.45,2969,174298.00
880,880,DL18,*MANUAL*,83,516,95,158.00,57.39,35.06,2969,170378.00
881,881,DR4,*MANUAL*$93$69,52,1348,94,151.00,73.06,32.40,2197,160514.00
882,882,DR5,*MANUAL*$228$242,61,1308,107,153.00,62.83,28.20,2967,186424.00
883,883,DR14,*MANUAL*$205$243,61,815,107,159.00,48.62,32.41,4950,240690.00
884,884,DR16,*MANUAL*$241$229,63,687,106,167.00,49.35,34.10,4611,227536.00
885,885,DR17,*MANUAL*$258$257,65,633,103,145.00,45.82,30.50,4866,222958.00
886,886,DR19,*MANUAL*$271$272,66,487,101,152.00,49.46,34.76,4456,220416.00
887,887,DR20,*MANUAL*$255$270,65,424,99,140.00,46.32,30.42,4688,217149.00
888,888,DR21,*MANUAL*,65,308,94,147.00,74.68,33.17,2103,157054.00
889,889,VL1,*MANUAL*,91,1450,60,196.00,80.45,45.23,2103,169180.00
890,890,VL5,*MANUAL*,82,1291,46,224.00,90.66,53.49,1703,154396.00
891,891,VL6,*MANUAL*,89,1286,51,177.00,84.98,41.85,2103,178704.00
892,892,VL7,*MANUAL*,82,1180,43,163.00,76.72,37.90,2103,161343.00
893,893,VL10,*MANUAL*,83,1014,45,143.00,57.47,38.37,2103,120861.00
894,894,*NOUSE*,*NOUSE*,0,0,0,0,0,0,0,0
895,895,VL12,*MANUAL*$522$894,83,892,48,161.00,62.09,35.75,2981,185087.00
896,896,VL16,*MANUAL*,79,638,50,186.00,78.77,38.68,2103,165644.00
897,897,VL18,*MANUAL*$504$417,79,450,55,171.00,56.13,38.54,3898,218798.00
898,898,VL19,*MANUAL*,75,263,60,176.00,86.52,39.28,1954,169060.00
899,899,VR1,*MANUAL*,51,1452,61,189.00,71.97,36.84,2103,151348.00
900,900,VR5,*MANUAL*,62,1288,43,198.00,76.50,40.14,2093,160116.00
901,901,VR6,*MANUAL*,53,1283,52,148.00,64.16,30.51,2103,134933.00
902,902,Z1,*MANUAL*,58,731,66,132.00,72.10,30.77,2103,151621.00
903,903,*NOUSE*,*NOUSE*,0,0,0,0,0,0,0,0
904,904,Z2,*MANUAL*$120$903,59,709,65,155.00,45.23,28.49,10110,457233.00
905,905,Z3,*MANUAL*,72,683,57,195.00,82.70,27.72,4139,342277.00
906,906,IL2DL,*MANUAL*,86,1345,96,248.00,129.46,46.28,1365,176719.00
907,907,SPH,*MANUAL*,84,355,66,207.00,124.77,39.96,1365,170305.00
908,908,VR20,*MANUAL*,65,263,62,164.00,90.80,34.77,1365,123947.00
909,909,RIH,*MANUAL*,71,1245,54,217.00,142.73,34.43,1240,176989.00
910,910,SAADL,*MANUAL*,81,1247,54,222.00,154.08,35.85,1365,210313.00
911,911,CEPshDR,*MANUAL*,56,1296,89,178.00,90.75,36.55,2103,190852.00
912,912,F1,*MANUAL*,72,1542,76,25.00, 4.51, 4.92,895,4033.00
913,913,F2,*MANUAL*,73,1470,70,43.00,10.41, 6.37,895,9318.00
914,914,F3,*MANUAL*,70,1437,71,39.00,13.43, 5.03,895,12016.00
915,915,F4,*MANUAL*,69,1384,69,160.00,43.29,23.38,895,38743.00
916,916,*NOUSE*,*NOUSE*,0,0,0,0,0,0,0,0
917,917,F5,*MANUAL*,70,964,76,10.00, 3.52, 1.92,895,3152.00
918,918,F6,*MANUAL*,70,815,77,10.00, 2.29, 1.74,895,2047.00
919,919,F7,*MANUAL*,66,604,76,10.00, 2.51, 1.64,895,2244.00
920,920,F8,*MANUAL*,71,564,79,16.00, 4.99, 2.33,895,4463.00
921,921,F9,*MANUAL*,72,456,78,10.00, 3.96, 1.64,895,3548.00
922,922,F10,*MANUAL*,70,406,78,12.00, 4.04, 1.97,895,3612.00
