0,0,*NOUSE*,*NOUSE*,0,0,0,0,0,0,0,0
1,1,*NOUSE*,*NOUSE*,0,0,0,0,0,0,0,0
2,2,*NOUSE*,*NOUSE*,0,0,0,0,0,0,0,0
3,3,AVDL,,35,1248,69,143.00,53.63,32.00,4345,233014
4,4,*NOUSE*,*NOUSE*,0,0,0,0,0,0,0,0
5,5,*NOUSE*,*NOUSE*,0,0,0,0,0,0,0,0
6,6,*NOUSE*,*NOUSE*,0,0,0,0,0,0,0,0
7,7,*NOUSE*,*NOUSE*,0,0,0,0,0,0,0,0
8,8,RMDVL,,36,1344,70,143.00,47.23,27.18,3655,172612
9,9,*NOUSE*,*NOUSE*,0,0,0,0,0,0,0,0
10,10,*NOUSE*,*NOUSE*,0,0,0,0,0,0,0,0
11,11,*NOUSE*,*NOUSE*,0,0,0,0,0,0,0,0
12,12,ASHL,,37,1288,72,131.00,49.12,26.40,3895,191309
13,13,OLLshL,,36,1444,77,160.00,50.60,32.44,4684,236990
14,14,*NOUSE*,*NOUSE*,0,0,0,0,0,0,0,0
15,15,*NOUSE*,*NOUSE*,0,0,0,0,0,0,0,0
16,16,*NOUSE*,*NOUSE*,0,0,0,0,0,0,0,0
17,17,*NOUSE*,*NOUSE*,0,0,0,0,0,0,0,0
18,18,*NOUSE*,*NOUSE*,0,0,0,0,0,0,0,0
19,19,ASEL,,37,1270,65,124.00,46.30,24.10,4272,197805
20,20,hyp2L,,37,1511,66,128.00,41.03,25.32,4766,195530
21,21,*NOUSE*,*NOUSE*,0,0,0,0,0,0,0,0
22,22,ARCaDL,,37,1523,76,137.00,44.81,27.95,4226,189349
23,23,*NOUSE*,*NOUSE*,0,0,0,0,0,0,0,0
24,24,*NOUSE*,*NOUSE*,0,0,0,0,0,0,0,0
25,25,*NOUSE*,*NOUSE*,0,0,0,0,0,0,0,0
26,26,*NOUSE*,*NOUSE*,0,0,0,0,0,0,0,0
27,27,*NOUSE*,*NOUSE*,0,0,0,0,0,0,0,0
28,28,*NOUSE*,*NOUSE*,0,0,0,0,0,0,0,0
29,29,*NOUSE*,*NOUSE*,0,0,0,0,0,0,0,0
30,30,IL1L,,40,1396,80,132.00,56.20,27.41,3345,187983
31,31,*NOUSE*,*NOUSE*,0,0,0,0,0,0,0,0
32,32,*NOUSE*,*NOUSE*,0,0,0,0,0,0,0,0
33,33,*NOUSE*,*NOUSE*,0,0,0,0,0,0,0,0
34,34,*NOUSE*,*NOUSE*,0,0,0,0,0,0,0,0
35,35,*NOUSE*,*NOUSE*,0,0,0,0,0,0,0,0
36,36,V1L,,38,1062,73,115.00,31.47,18.47,5062,159282
37,37,*NOUSE*,*NOUSE*,0,0,0,0,0,0,0,0
38,38,*NOUSE*,*NOUSE*,0,0,0,0,0,0,0,0
39,39,ILsHL,,40,1458,86,129.00,51.59,26.60,4309,222315
40,40,hyp1L,,41,1464,57,170.00,51.42,33.18,4263,219190
41,41,*NOUSE*,*NOUSE*,0,0,0,0,0,0,0,0
42,42,*NOUSE*,*NOUSE*,0,0,0,0,0,0,0,0
43,43,hyp5L,,39,1565,71,100.00,32.59,18.65,5857,190872
44,44,H2L,,37,1178,78,71.00,28.82,11.89,4920,141797
45,45,V3L,,39,850,87,104.00,32.10,18.57,6092,195542
46,46,hyp7ABLD,,37,1139,67,78.00,27.30,12.15,2704,73818
47,47,*NOUSE*,*NOUSE*,0,0,0,0,0,0,0,0
48,48,*NOUSE*,*NOUSE*,0,0,0,0,0,0,0,0
49,49,CANL,,40,778,72,136.00,41.00,30.42,4586,188038
50,50,*NOUSE*,*NOUSE*,0,0,0,0,0,0,0,0
51,51,*NOUSE*,*NOUSE*,0,0,0,0,0,0,0,0
52,52,*NOUSE*,*NOUSE*,0,0,0,0,0,0,0,0
53,53,*NOUSE*,*NOUSE*,0,0,0,0,0,0,0,0
54,54,*NOUSE*,*NOUSE*,0,0,0,0,0,0,0,0
55,55,P5/6L,,39,793,88,99.00,33.21,19.89,4462,148172
56,56,CEPshDL,,41,1368,55,151.00,59.75,31.14,2935,175356
57,57,*NOUSE*,*NOUSE*,0,0,0,0,0,0,0,0
58,58,AMsoL,,42,1480,57,156.00,49.10,29.61,3579,175741
59,59,*NOUSE*,*NOUSE*,0,0,0,0,0,0,0,0
60,60,*NOUSE*,*NOUSE*,0,0,0,0,0,0,0,0
61,61,*NOUSE*,*NOUSE*,0,0,0,0,0,0,0,0
62,62,BDUL,,41,1042,74,148.00,43.81,34.47,3851,168718
63,63,*NOUSE*,*NOUSE*,0,0,0,0,0,0,0,0
64,64,V2L,,40,951,88,86.00,30.22,16.42,5611,169592
65,65,*NOUSE*,*NOUSE*,0,0,0,0,0,0,0,0
66,66,P1/2L,,41,992,92,88.00,31.30,17.40,5946,186131
67,67,P3/4L,,41,909,93,109.00,33.55,19.05,5375,180322
68,68,*NOUSE*,*NOUSE*,0,0,0,0,0,0,0,0
69,69,*NOUSE*,*NOUSE*,0,0,0,0,0,0,0,0
70,70,*NOUSE*,*NOUSE*,0,0,0,0,0,0,0,0
71,71,*NOUSE*,*NOUSE*,0,0,0,0,0,0,0,0
72,72,*NOUSE*,*NOUSE*,0,0,0,0,0,0,0,0
73,73,*NOUSE*,*NOUSE*,0,0,0,0,0,0,0,0
74,74,*NOUSE*,*NOUSE*,0,0,0,0,0,0,0,0
75,75,*NOUSE*,*NOUSE*,0,0,0,0,0,0,0,0
76,76,*NOUSE*,*NOUSE*,0,0,0,0,0,0,0,0
77,77,ADEshL,,44,1132,85,150.00,43.92,29.99,5003,219741
78,78,CCLP,,46,806,97,217.00,59.72,45.96,4856,290024
79,79,DL4,,42,1423,48,133.00,50.70,24.38,2884,146225
80,80,*NOUSE*,*NOUSE*,0,0,0,0,0,0,0,0
81,81,*NOUSE*,*NOUSE*,0,0,0,0,0,0,0,0
82,82,ALML,,44,895,56,159.00,40.17,30.23,5262,211390
83,83,*NOUSE*,*NOUSE*,0,0,0,0,0,0,0,0
84,84,*NOUSE*,*NOUSE*,0,0,0,0,0,0,0,0
85,85,OLQsOVL,,45,1475,89,151.00,53.07,27.98,3747,198850
86,86,P7/8L,,42,659,91,103.00,32.63,20.06,5793,189054
87,87,*NOUSE*,*NOUSE*,0,0,0,0,0,0,0,0
88,88,*NOUSE*,*NOUSE*,0,0,0,0,0,0,0,0
89,89,CEPsOVL,,43,1387,95,188.00,69.45,34.34,2600,180579
90,90,*NOUSE*,*NOUSE*,0,0,0,0,0,0,0,0
91,91,*NOUSE*,*NOUSE*,0,0,0,0,0,0,0,0
92,92,*NOUSE*,*NOUSE*,0,0,0,0,0,0,0,0
93,93,*NOUSE*,*NOUSE*,0,0,0,0,0,0,0,0
94,94,*NOUSE*,*NOUSE*,0,0,0,0,0,0,0,0
95,95,*NOUSE*,*NOUSE*,0,0,0,0,0,0,0,0
96,96,*NOUSE*,*NOUSE*,0,0,0,0,0,0,0,0
97,97,P11/12L,,42,431,80,109.00,34.51,21.32,3977,137254
98,98,*NOUSE*,*NOUSE*,0,0,0,0,0,0,0,0
99,99,DL12,,45,977,52,124.00,36.87,24.86,4699,173271
100,100,IL2DL,,44,1405,51,150.00,58.89,28.94,2692,158537
101,101,mc3DL,,46,1155,66,138.00,41.23,25.81,4038,166486
102,102,*NOUSE*,*NOUSE*,0,0,0,0,0,0,0,0
103,103,*NOUSE*,*NOUSE*,0,0,0,0,0,0,0,0
104,104,*NOUSE*,*NOUSE*,0,0,0,0,0,0,0,0
105,105,*NOUSE*,*NOUSE*,0,0,0,0,0,0,0,0
106,106,V5L,,45,571,80,111.00,34.38,22.32,5124,176148
107,107,*NOUSE*,*NOUSE*,0,0,0,0,0,0,0,0
108,108,*NOUSE*,*NOUSE*,0,0,0,0,0,0,0,0
109,109,I6,,47,1183,53,144.00,45.39,27.05,3922,178016
110,110,*NOUSE*,*NOUSE*,0,0,0,0,0,0,0,0
111,111,*NOUSE*,*NOUSE*,0,0,0,0,0,0,0,0
112,112,*NOUSE*,*NOUSE*,0,0,0,0,0,0,0,0
113,113,PVQL,,47,372,76,174.00,55.51,39.85,4409,244746
114,114,imL,,50,443,87,166.00,47.94,33.95,5782,277198
115,115,*NOUSE*,*NOUSE*,0,0,0,0,0,0,0,0
116,116,CCLA,,46,822,96,194.00,53.07,42.35,4135,219442
117,117,*NOUSE*,*NOUSE*,0,0,0,0,0,0,0,0
118,118,*NOUSE*,*NOUSE*,0,0,0,0,0,0,0,0
119,119,*NOUSE*,*NOUSE*,0,0,0,0,0,0,0,0
120,120,*NOUSE*,*NOUSE*,0,0,0,0,0,0,0,0
121,121,*NOUSE*,*NOUSE*,0,0,0,0,0,0,0,0
122,122,inDL1,,48,1068,56,64.00,23.80, 9.90,7119,169427
123,123,*NOUSE*,*NOUSE*,0,0,0,0,0,0,0,0
124,124,AVBL,,47,1261,63,130.00,61.92,28.34,2642,163604
125,125,*NOUSE*,*NOUSE*,0,0,0,0,0,0,0,0
126,126,repVL,,49,391,73,174.00,54.99,41.78,4060,223248
127,127,SPH,,49,409,79,202.00,61.49,43.93,4179,256969
128,128,*NOUSE*,*NOUSE*,0,0,0,0,0,0,0,0
129,129,*NOUSE*,*NOUSE*,0,0,0,0,0,0,0,0
130,130,*NOUSE*,*NOUSE*,0,0,0,0,0,0,0,0
131,131,*NOUSE*,*NOUSE*,0,0,0,0,0,0,0,0
132,132,*NOUSE*,*NOUSE*,0,0,0,0,0,0,0,0
133,133,AVKL,,48,1218,91,134.00,62.71,28.78,3361,210785
134,134,*NOUSE*,*NOUSE*,0,0,0,0,0,0,0,0
135,135,M5,,48,1162,55,116.00,40.80,21.04,2548,103968
136,136,*NOUSE*,*NOUSE*,0,0,0,0,0,0,0,0
137,137,*NOUSE*,*NOUSE*,0,0,0,0,0,0,0,0
138,138,g1aL,,47,1196,64,124.00,45.66,21.47,3601,164421
139,139,PHAL,,50,362,83,214.00,74.64,49.15,3181,237438
140,140,pm7VL,,49,1160,88,127.00,38.69,23.68,4665,180476
141,141,*NOUSE*,*NOUSE*,0,0,0,0,0,0,0,0
142,142,*NOUSE*,*NOUSE*,0,0,0,0,0,0,0,0
143,143,SIAVL,,47,1272,98,164.00,66.73,31.14,3136,209263
144,144,*NOUSE*,*NOUSE*,0,0,0,0,0,0,0,0
145,145,VL10,,49,1127,103,142.00,43.16,25.63,5397,232920
146,146,*NOUSE*,*NOUSE*,0,0,0,0,0,0,0,0
147,147,*NOUSE*,*NOUSE*,0,0,0,0,0,0,0,0
148,148,*NOUSE*,*NOUSE*,0,0,0,0,0,0,0,0
149,149,*NOUSE*,*NOUSE*,0,0,0,0,0,0,0,0
150,150,*NOUSE*,*NOUSE*,0,0,0,0,0,0,0,0
151,151,DL13,,49,920,47,145.00,40.97,28.90,3790,155275
152,152,DL14,,49,860,51,134.00,39.67,27.69,4441,176184
153,153,*NOUSE*,*NOUSE*,0,0,0,0,0,0,0,0
154,154,*NOUSE*,*NOUSE*,0,0,0,0,0,0,0,0
155,155,*NOUSE*,*NOUSE*,0,0,0,0,0,0,0,0
156,156,*NOUSE*,*NOUSE*,0,0,0,0,0,0,0,0
157,157,*NOUSE*,*NOUSE*,0,0,0,0,0,0,0,0
158,158,pm3L,,50,1480,69,131.00,47.48,23.65,3273,155386
159,159,I1L,,50,1464,76,163.00,57.75,33.36,4488,259190
160,160,*NOUSE*,*NOUSE*,0,0,0,0,0,0,0,0
161,161,pm6VL,,50,1186,85,108.00,45.73,21.05,3973,181695
162,162,*NOUSE*,*NOUSE*,0,0,0,0,0,0,0,0
163,163,*NOUSE*,*NOUSE*,0,0,0,0,0,0,0,0
164,164,*NOUSE*,*NOUSE*,0,0,0,0,0,0,0,0
165,165,*NOUSE*,*NOUSE*,0,0,0,0,0,0,0,0
166,166,*NOUSE*,*NOUSE*,0,0,0,0,0,0,0,0
167,167,VL8,,48,1172,104,127.00,46.66,29.68,2981,139103
168,168,*NOUSE*,*NOUSE*,0,0,0,0,0,0,0,0
169,169,*NOUSE*,*NOUSE*,0,0,0,0,0,0,0,0
170,170,*NOUSE*,*NOUSE*,0,0,0,0,0,0,0,0
171,171,*NOUSE*,*NOUSE*,0,0,0,0,0,0,0,0
172,172,*NOUSE*,*NOUSE*,0,0,0,0,0,0,0,0
173,173,*NOUSE*,*NOUSE*,0,0,0,0,0,0,0,0
174,174,inV5,,51,758,66,67.00,23.71, 9.88,7266,172272
175,175,virL,,54,404,65,196.00,56.40,40.42,3671,207040
176,176,*NOUSE*,*NOUSE*,0,0,0,0,0,0,0,0
177,177,*NOUSE*,*NOUSE*,0,0,0,0,0,0,0,0
178,178,*NOUSE*,*NOUSE*,0,0,0,0,0,0,0,0
179,179,inVL1,,50,1077,95,77.00,25.84,12.23,7139,184505
180,180,*NOUSE*,*NOUSE*,0,0,0,0,0,0,0,0
181,181,*NOUSE*,*NOUSE*,0,0,0,0,0,0,0,0
182,182,*NOUSE*,*NOUSE*,0,0,0,0,0,0,0,0
183,183,*NOUSE*,*NOUSE*,0,0,0,0,0,0,0,0
184,184,*NOUSE*,*NOUSE*,0,0,0,0,0,0,0,0
185,185,*NOUSE*,*NOUSE*,0,0,0,0,0,0,0,0
186,186,*NOUSE*,*NOUSE*,0,0,0,0,0,0,0,0
187,187,DL18,,52,581,52,165.00,41.77,31.56,4402,183859
188,188,AWAL,,48,1280,61,126.00,56.44,24.11,1335,75353
189,189,ALNL,,51,325,66,219.00,81.14,52.06,3557,288624
190,190,*NOUSE*,*NOUSE*,0,0,0,0,0,0,0,0
191,191,E2VL,,52,1594,82,149.00,40.22,28.90,5150,207150
192,192,*NOUSE*,*NOUSE*,0,0,0,0,0,0,0,0
193,193,*NOUSE*,*NOUSE*,0,0,0,0,0,0,0,0
194,194,*NOUSE*,*NOUSE*,0,0,0,0,0,0,0,0
195,195,VL17,,51,571,95,148.00,40.31,28.53,5287,213110
196,196,Z4,,52,709,91,156.00,48.65,32.66,4926,239639
197,197,*NOUSE*,*NOUSE*,0,0,0,0,0,0,0,0
198,198,*NOUSE*,*NOUSE*,0,0,0,0,0,0,0,0
199,199,SMBDL,,50,1288,102,179.00,79.93,36.15,2236,178730
200,200,pm4VL,,54,1419,94,152.00,55.21,25.51,4631,255691
201,201,*NOUSE*,*NOUSE*,0,0,0,0,0,0,0,0
202,202,hmc,,52,1222,38,137.00,46.35,27.05,3564,165186
203,203,*NOUSE*,*NOUSE*,0,0,0,0,0,0,0,0
204,204,*NOUSE*,*NOUSE*,0,0,0,0,0,0,0,0
205,205,ADFL,,48,1300,57,134.00,59.04,26.11,1616,95414
206,206,*NOUSE*,*NOUSE*,0,0,0,0,0,0,0,0
207,207,*NOUSE*,*NOUSE*,0,0,0,0,0,0,0,0
208,208,*NOUSE*,*NOUSE*,0,0,0,0,0,0,0,0
209,209,*NOUSE*,*NOUSE*,0,0,0,0,0,0,0,0
210,210,PLML,,55,283,82,184.00,56.13,42.81,4495,252293
211,211,*NOUSE*,*NOUSE*,0,0,0,0,0,0,0,0
212,212,*NOUSE*,*NOUSE*,0,0,0,0,0,0,0,0
213,213,VL13,,53,914,106,154.00,41.65,30.57,5178,215651
214,214,*NOUSE*,*NOUSE*,0,0,0,0,0,0,0,0
215,215,*NOUSE*,*NOUSE*,0,0,0,0,0,0,0,0
216,216,*NOUSE*,*NOUSE*,0,0,0,0,0,0,0,0
217,217,DL19,,53,528,52,140.00,41.79,30.11,3580,149602
218,218,mc2DL,,53,1231,59,114.00,52.34,20.46,2918,152742
219,219,*NOUSE*,*NOUSE*,0,0,0,0,0,0,0,0
220,220,*NOUSE*,*NOUSE*,0,0,0,0,0,0,0,0
221,221,*NOUSE*,*NOUSE*,0,0,0,0,0,0,0,0
222,222,*NOUSE*,*NOUSE*,0,0,0,0,0,0,0,0
223,223,*NOUSE*,*NOUSE*,0,0,0,0,0,0,0,0
224,224,*NOUSE*,*NOUSE*,0,0,0,0,0,0,0,0
225,225,*NOUSE*,*NOUSE*,0,0,0,0,0,0,0,0
226,226,*NOUSE*,*NOUSE*,0,0,0,0,0,0,0,0
227,227,g2L,,56,1144,92,178.00,60.60,37.56,4055,245713
228,228,GLRVL,,54,1330,86,241.00,94.34,47.59,2416,227923
229,229,*NOUSE*,*NOUSE*,0,0,0,0,0,0,0,0
230,230,*NOUSE*,*NOUSE*,0,0,0,0,0,0,0,0
231,231,*NOUSE*,*NOUSE*,0,0,0,0,0,0,0,0
232,232,inD4,,57,884,62,72.00,24.02,11.16,7726,185601
233,233,PM3VL,,53,1510,83,112.00,47.05,16.73,911,42862
234,234,*NOUSE*,*NOUSE*,0,0,0,0,0,0,0,0
235,235,*NOUSE*,*NOUSE*,0,0,0,0,0,0,0,0
236,236,*NOUSE*,*NOUSE*,0,0,0,0,0,0,0,0
237,237,*NOUSE*,*NOUSE*,0,0,0,0,0,0,0,0
238,238,repD,,59,380,57,205.00,71.93,46.96,3215,231267
239,239,inV8,,58,517,82,96.00,29.24,14.16,6940,202952
240,240,vpi3V,,61,1120,83,155.00,48.45,34.24,4135,200343
241,241,*NOUSE*,*NOUSE*,0,0,0,0,0,0,0,0
242,242,DD5,,59,556,98,193.00,55.04,43.90,4732,260437
243,243,DB6,,57,647,103,189.00,51.82,40.16,5199,269405
244,244,DA6,,57,623,102,175.00,50.30,39.54,4781,240484
245,245,I4,,57,1203,48,148.00,55.73,31.76,3448,192145
246,246,vpi3D,,60,1122,55,141.00,50.13,28.94,3636,182273
247,247,*NOUSE*,*NOUSE*,0,0,0,0,0,0,0,0
248,248,*NOUSE*,*NOUSE*,0,0,0,0,0,0,0,0
249,249,*NOUSE*,*NOUSE*,0,0,0,0,0,0,0,0
250,250,*NOUSE*,*NOUSE*,0,0,0,0,0,0,0,0
251,251,*NOUSE*,*NOUSE*,0,0,0,0,0,0,0,0
252,252,*NOUSE*,*NOUSE*,0,0,0,0,0,0,0,0
253,253,*NOUSE*,*NOUSE*,0,0,0,0,0,0,0,0
254,254,vpi2V,,60,1129,90,189.00,70.46,40.09,4193,295441
255,255,*NOUSE*,*NOUSE*,0,0,0,0,0,0,0,0
256,256,*NOUSE*,*NOUSE*,0,0,0,0,0,0,0,0
257,257,*NOUSE*,*NOUSE*,0,0,0,0,0,0,0,0
258,258,*NOUSE*,*NOUSE*,0,0,0,0,0,0,0,0
259,259,hyp6D4,,58,1422,38,122.00,42.95,22.44,3670,157625
260,260,Dr13,,64,962,45,157.00,39.71,30.05,5973,237187
261,261,*NOUSE*,*NOUSE*,0,0,0,0,0,0,0,0
262,262,I3,,59,1405,56,189.00,63.54,36.21,3451,219277
263,263,*NOUSE*,*NOUSE*,0,0,0,0,0,0,0,0
264,264,hyp11,,58,219,77,163.00,44.10,33.91,4290,189185
265,265,inV7,,59,604,84,67.00,26.02,11.29,7996,208084
266,266,inV4,,58,849,90,66.00,24.39,10.48,6014,146682
267,267,*NOUSE*,*NOUSE*,0,0,0,0,0,0,0,0
268,268,DB7,,59,530,98,163.00,43.64,35.37,5771,251831
269,269,DA7,,58,510,95,147.00,46.26,34.36,2364,109368
270,270,hyp6D3,,58,1442,39,132.00,43.92,22.62,3347,147013
271,271,hyp32,,60,1572,46,180.00,48.42,34.76,4089,197994
272,272,hyp31,,60,1590,47,191.00,46.26,35.68,4618,213616
273,273,*NOUSE*,*NOUSE*,0,0,0,0,0,0,0,0
274,274,*NOUSE*,*NOUSE*,0,0,0,0,0,0,0,0
275,275,pm2D1,,60,1556,56,154.00,46.05,30.35,3873,178338
276,276,*NOUSE*,*NOUSE*,0,0,0,0,0,0,0,0
277,277,*NOUSE*,*NOUSE*,0,0,0,0,0,0,0,0
278,278,hyp101,,57,165,80,164.00,39.11,31.35,3439,134485
279,279,hyp9,,58,189,85,126.00,39.53,27.90,3918,154893
280,280,hyp8,,60,231,86,176.00,47.58,37.91,3800,180815
281,281,B,,59,346,88,166.00,66.56,38.54,4031,268301
282,282,YPDA,,61,379,92,169.00,55.88,39.46,4114,229880
283,283,*NOUSE*,*NOUSE*,0,0,0,0,0,0,0,0
284,284,hyp4V2,,60,1600,97,138.00,41.89,30.08,5022,210351
285,285,pm6D,,59,1185,46,114.00,42.45,20.84,4070,172756
286,286,*NOUSE*,*NOUSE*,0,0,0,0,0,0,0,0
287,287,*NOUSE*,*NOUSE*,0,0,0,0,0,0,0,0
288,288,vpi1,,60,1132,50,121.00,55.50,28.22,3392,188245
289,289,*NOUSE*,*NOUSE*,0,0,0,0,0,0,0,0
290,290,*NOUSE*,*NOUSE*,0,0,0,0,0,0,0,0
291,291,e2D,,60,1582,58,131.00,38.08,24.36,5154,196267
292,292,hyp4D,,60,1638,58,145.00,38.50,26.88,5015,193081
293,293,pm2D2,,59,1538,56,167.00,61.02,33.49,2992,182558
294,294,DEP,,60,337,65,208.00,89.88,45.72,3178,285627
295,295,F,,59,365,70,219.00,101.12,45.28,2834,286568
296,296,pvr,,62,274,72,198.00,54.06,41.28,4722,255280
297,297,*NOUSE*,*NOUSE*,0,0,0,0,0,0,0,0
298,298,*NOUSE*,*NOUSE*,0,0,0,0,0,0,0,0
299,299,DA2,,61,1063,106,165.00,44.51,36.05,5064,225375
300,300,DB5,,58,805,103,208.00,62.20,41.82,4089,254342
301,301,DA4,,61,893,107,163.00,45.40,36.34,4768,216448
302,302,DD3,,60,871,106,178.00,52.93,40.11,4742,251002
303,303,*NOUSE*,*NOUSE*,0,0,0,0,0,0,0,0
304,304,*NOUSE*,*NOUSE*,0,0,0,0,0,0,0,0
305,305,*NOUSE*,*NOUSE*,0,0,0,0,0,0,0,0
306,306,M4,,60,1378,60,149.00,51.22,27.62,4789,245316
307,307,hyp102,,59,78,76,101.00,34.64,21.51,3411,118143
308,308,*NOUSE*,*NOUSE*,0,0,0,0,0,0,0,0
309,309,hyp72,,61,256,83,164.00,43.32,34.76,4662,201971
310,310,*NOUSE*,*NOUSE*,0,0,0,0,0,0,0,0
311,311,hyp4V1,,61,1627,96,158.00,39.77,29.88,5014,199421
312,312,*NOUSE*,*NOUSE*,0,0,0,0,0,0,0,0
313,313,*NOUSE*,*NOUSE*,0,0,0,0,0,0,0,0
314,314,DR15,,64,842,50,167.00,46.11,35.83,3935,181454
315,315,*NOUSE*,*NOUSE*,0,0,0,0,0,0,0,0
316,316,*NOUSE*,*NOUSE*,0,0,0,0,0,0,0,0
317,317,DVA,,59,350,70,196.00,95.66,41.46,2718,260014
318,318,mc2V,,60,1226,76,133.00,57.51,21.44,3084,177367
319,319,*NOUSE*,*NOUSE*,0,0,0,0,0,0,0,0
320,320,pm8,,62,1134,81,148.00,51.23,30.85,2796,143245
321,321,*NOUSE*,*NOUSE*,0,0,0,0,0,0,0,0
322,322,*NOUSE*,*NOUSE*,0,0,0,0,0,0,0,0
323,323,*NOUSE*,*NOUSE*,0,0,0,0,0,0,0,0
324,324,DA3,,63,982,108,167.00,44.98,34.04,4844,217867
325,325,DB3,,62,1084,110,136.00,43.78,31.79,4783,209393
326,326,*NOUSE*,*NOUSE*,0,0,0,0,0,0,0,0
327,327,I5,,64,1195,93,161.00,67.93,33.35,3232,219542
328,328,PVT,,63,430,89,161.00,55.91,37.94,4299,240344
329,329,*NOUSE*,*NOUSE*,0,0,0,0,0,0,0,0
330,330,*NOUSE*,*NOUSE*,0,0,0,0,0,0,0,0
331,331,DB4,,62,953,108,158.00,46.19,32.94,4727,218358
332,332,*NOUSE*,*NOUSE*,0,0,0,0,0,0,0,0
333,333,DR20,,64,488,52,137.00,43.50,28.31,4376,190354
334,334,*NOUSE*,*NOUSE*,0,0,0,0,0,0,0,0
335,335,*NOUSE*,*NOUSE*,0,0,0,0,0,0,0,0
336,336,*NOUSE*,*NOUSE*,0,0,0,0,0,0,0,0
337,337,*NOUSE*,*NOUSE*,0,0,0,0,0,0,0,0
338,338,mc3v,,66,1158,97,185.00,51.48,32.27,4774,245761
339,339,G1,,62,1306,104,148.00,63.34,31.55,2644,167483
340,340,DA1,,64,1131,107,157.00,53.42,32.90,4562,243709
341,341,RIGR,,63,1149,109,167.00,61.32,33.69,3752,230072
342,342,*NOUSE*,*NOUSE*,0,0,0,0,0,0,0,0
343,343,ADLR,,63,1282,44,123.00,51.56,22.65,3335,171947
344,344,DR17,,67,698,51,169.00,43.96,34.57,4409,193807
345,345,g1p,,69,1149,54,121.00,35.72,21.94,3466,123821
346,346,*NOUSE*,*NOUSE*,0,0,0,0,0,0,0,0
347,347,*NOUSE*,*NOUSE*,0,0,0,0,0,0,0,0
348,348,*NOUSE*,*NOUSE*,0,0,0,0,0,0,0,0
349,349,*NOUSE*,*NOUSE*,0,0,0,0,0,0,0,0
350,350,*NOUSE*,*NOUSE*,0,0,0,0,0,0,0,0
351,351,Z2,,68,761,87,171.00,42.72,29.52,10621,453711
352,352,*NOUSE*,*NOUSE*,0,0,0,0,0,0,0,0
353,353,*NOUSE*,*NOUSE*,0,0,0,0,0,0,0,0
354,354,RMEV,,62,1347,99,190.00,69.97,38.95,2988,209068
355,355,*NOUSE*,*NOUSE*,0,0,0,0,0,0,0,0
356,356,*NOUSE*,*NOUSE*,0,0,0,0,0,0,0,0
357,357,ILsoDR,,66,1539,46,164.00,59.66,36.41,3607,215186
358,358,DR18,,66,619,51,153.00,41.09,31.47,4170,171345
359,359,*NOUSE*,*NOUSE*,0,0,0,0,0,0,0,0
360,360,*NOUSE*,*NOUSE*,0,0,0,0,0,0,0,0
361,361,*NOUSE*,*NOUSE*,0,0,0,0,0,0,0,0
362,362,*NOUSE*,*NOUSE*,0,0,0,0,0,0,0,0
363,363,*NOUSE*,*NOUSE*,0,0,0,0,0,0,0,0
364,364,*NOUSE*,*NOUSE*,0,0,0,0,0,0,0,0
365,365,*NOUSE*,*NOUSE*,0,0,0,0,0,0,0,0
366,366,hyp7V1,,64,1393,106,114.00,58.24,23.35,1989,115846
367,367,*NOUSE*,*NOUSE*,0,0,0,0,0,0,0,0
368,368,*NOUSE*,*NOUSE*,0,0,0,0,0,0,0,0
369,369,DR19,,68,551,52,159.00,44.88,34.16,3997,179387
370,370,*NOUSE*,*NOUSE*,0,0,0,0,0,0,0,0
371,371,*NOUSE*,*NOUSE*,0,0,0,0,0,0,0,0
372,372,*NOUSE*,*NOUSE*,0,0,0,0,0,0,0,0
373,373,*NOUSE*,*NOUSE*,0,0,0,0,0,0,0,0
374,374,*NOUSE*,*NOUSE*,0,0,0,0,0,0,0,0
375,375,*NOUSE*,*NOUSE*,0,0,0,0,0,0,0,0
376,376,DR14,,69,907,47,147.00,42.59,31.44,3964,168818
377,377,mc2DR,,65,1229,57,114.00,56.78,20.19,2722,154565
378,378,ALNR,,65,324,66,246.00,89.10,53.74,3239,288592
379,379,pm5R,,71,1215,61,156.00,66.28,28.16,4207,278834
380,380,virR,,67,404,69,194.00,56.35,41.94,4348,245026
381,381,I1R,,68,1464,77,179.00,62.90,34.00,4454,280176
382,382,*NOUSE*,*NOUSE*,0,0,0,0,0,0,0,0
383,383,e3Vr,,68,1497,80,141.00,58.08,29.07,5165,299971
384,384,e2VR,,69,1589,79,139.00,41.01,27.90,5363,219916
385,385,Z1,,70,783,92,153.00,46.19,30.28,5717,264054
386,386,*NOUSE*,*NOUSE*,0,0,0,0,0,0,0,0
387,387,*NOUSE*,*NOUSE*,0,0,0,0,0,0,0,0
388,388,DR8,,65,1223,37,127.00,45.59,24.76,3667,167182
389,389,*NOUSE*,*NOUSE*,0,0,0,0,0,0,0,0
390,390,hyp7ABR3,,77,1066,54,108.00,35.91,19.98,6109,219402
391,391,ADFR,,70,1299,53,157.00,68.01,31.59,3010,204707
392,392,AWAR,,70,1284,56,174.00,63.95,30.79,2945,188322
393,393,*NOUSE*,*NOUSE*,0,0,0,0,0,0,0,0
394,394,PHshR,,68,315,73,219.00,79.79,53.89,3307,263858
395,395,*NOUSE*,*NOUSE*,0,0,0,0,0,0,0,0
396,396,*NOUSE*,*NOUSE*,0,0,0,0,0,0,0,0
397,397,*NOUSE*,*NOUSE*,0,0,0,0,0,0,0,0
398,398,*NOUSE*,*NOUSE*,0,0,0,0,0,0,0,0
399,399,*NOUSE*,*NOUSE*,0,0,0,0,0,0,0,0
400,400,*NOUSE*,*NOUSE*,0,0,0,0,0,0,0,0
401,401,*NOUSE*,*NOUSE*,0,0,0,0,0,0,0,0
402,402,*NOUSE*,*NOUSE*,0,0,0,0,0,0,0,0
403,403,DR10,,71,1128,43,127.00,47.84,27.83,3340,159772
404,404,*NOUSE*,*NOUSE*,0,0,0,0,0,0,0,0
405,405,*NOUSE*,*NOUSE*,0,0,0,0,0,0,0,0
406,406,DR12,,71,999,46,149.00,40.20,29.21,4256,171078
407,407,DR16,,70,771,50,163.00,44.52,35.57,4432,197318
408,408,K',,68,375,62,203.00,71.54,46.82,3228,230939
409,409,*NOUSE*,*NOUSE*,0,0,0,0,0,0,0,0
410,410,*NOUSE*,*NOUSE*,0,0,0,0,0,0,0,0
411,411,M3R,,68,1376,76,222.00,72.35,41.40,3687,266766
412,412,*NOUSE*,*NOUSE*,0,0,0,0,0,0,0,0
413,413,RIMR,,71,1260,74,159.00,73.17,31.60,3223,235829
414,414,PVCR,,68,332,77,220.00,95.52,53.91,2670,255051
415,415,NSMR,,71,1404,82,174.00,65.52,36.74,3869,253515
416,416,*NOUSE*,*NOUSE*,0,0,0,0,0,0,0,0
417,417,*NOUSE*,*NOUSE*,0,0,0,0,0,0,0,0
418,418,*NOUSE*,*NOUSE*,0,0,0,0,0,0,0,0
419,419,*NOUSE*,*NOUSE*,0,0,0,0,0,0,0,0
420,420,ALMR,,74,898,56,158.00,48.05,37.83,5077,243960
421,421,*NOUSE*,*NOUSE*,0,0,0,0,0,0,0,0
422,422,SAAVR,,72,1333,56,190.00,74.38,39.48,2842,211394
423,423,*NOUSE*,*NOUSE*,0,0,0,0,0,0,0,0
424,424,*NOUSE*,*NOUSE*,0,0,0,0,0,0,0,0
425,425,*NOUSE*,*NOUSE*,0,0,0,0,0,0,0,0
426,426,*NOUSE*,*NOUSE*,0,0,0,0,0,0,0,0
427,427,*NOUSE*,*NOUSE*,0,0,0,0,0,0,0,0
428,428,PVQR,,72,369,74,184.00,61.37,43.66,4140,254070
429,429,*NOUSE*,*NOUSE*,0,0,0,0,0,0,0,0
430,430,*NOUSE*,*NOUSE*,0,0,0,0,0,0,0,0
431,431,*NOUSE*,*NOUSE*,0,0,0,0,0,0,0,0
432,432,*NOUSE*,*NOUSE*,0,0,0,0,0,0,0,0
433,433,VR16,,71,731,96,167.00,44.12,32.91,5775,254818
434,434,*NOUSE*,*NOUSE*,0,0,0,0,0,0,0,0
435,435,*NOUSE*,*NOUSE*,0,0,0,0,0,0,0,0
436,436,VR15,,70,810,100,172.00,49.55,35.73,4892,242403
437,437,*NOUSE*,*NOUSE*,0,0,0,0,0,0,0,0
438,438,mc1DR,,69,1441,61,145.00,65.45,27.81,2055,134506
439,439,AVBR,,71,1257,62,166.00,72.04,30.06,2426,174778
440,440,*NOUSE*,*NOUSE*,0,0,0,0,0,0,0,0
441,441,repVR,,74,389,70,199.00,61.66,44.34,4191,258418
442,442,*NOUSE*,*NOUSE*,0,0,0,0,0,0,0,0
443,443,*NOUSE*,*NOUSE*,0,0,0,0,0,0,0,0
444,444,*NOUSE*,*NOUSE*,0,0,0,0,0,0,0,0
445,445,*NOUSE*,*NOUSE*,0,0,0,0,0,0,0,0
446,446,*NOUSE*,*NOUSE*,0,0,0,0,0,0,0,0
447,447,AVER,,73,1320,66,199.00,74.97,37.33,2410,180687
448,448,QR,,74,673,71,117.00,38.49,24.86,5505,211860
449,449,BDUR,,74,1074,70,163.00,45.91,36.52,4446,204127
450,450,V6R,,74,499,76,135.00,38.23,25.83,5618,214770
451,451,*NOUSE*,*NOUSE*,0,0,0,0,0,0,0,0
452,452,*NOUSE*,*NOUSE*,0,0,0,0,0,0,0,0
453,453,SIAVR,,72,1269,96,167.00,68.26,35.88,3078,210099
454,454,VR14,,73,872,99,157.00,43.74,30.90,5137,224698
455,455,*NOUSE*,*NOUSE*,0,0,0,0,0,0,0,0
456,456,*NOUSE*,*NOUSE*,0,0,0,0,0,0,0,0
457,457,OLLR,,75,1395,57,154.00,63.02,31.32,2075,130762
458,458,M1,,73,1185,51,135.00,46.60,30.87,3945,183831
459,459,*NOUSE*,*NOUSE*,0,0,0,0,0,0,0,0
460,460,*NOUSE*,*NOUSE*,0,0,0,0,0,0,0,0
461,461,RIBR,,73,1278,70,168.00,67.95,30.87,3060,207940
462,462,*NOUSE*,*NOUSE*,0,0,0,0,0,0,0,0
463,463,*NOUSE*,*NOUSE*,0,0,0,0,0,0,0,0
464,464,CANR,,74,817,77,177.00,48.34,38.16,4363,210903
465,465,*NOUSE*,*NOUSE*,0,0,0,0,0,0,0,0
466,466,g2R,,73,1144,89,189.00,56.26,39.73,4389,246919
467,467,*NOUSE*,*NOUSE*,0,0,0,0,0,0,0,0
468,468,*NOUSE*,*NOUSE*,0,0,0,0,0,0,0,0
469,469,*NOUSE*,*NOUSE*,0,0,0,0,0,0,0,0
470,470,*NOUSE*,*NOUSE*,0,0,0,0,0,0,0,0
471,471,CEPsHDR,,76,1370,50,126.00,49.82,24.08,3095,154189
472,472,OLLsOR,,76,1453,53,160.00,61.62,34.32,3092,190534
473,473,ILsHDR,,76,1465,54,197.00,62.90,38.34,3248,204313
474,474,*NOUSE*,*NOUSE*,0,0,0,0,0,0,0,0
475,475,*NOUSE*,*NOUSE*,0,0,0,0,0,0,0,0
476,476,pm7VR,,77,1163,81,154.00,40.98,28.18,5160,211444
477,477,*NOUSE*,*NOUSE*,0,0,0,0,0,0,0,0
478,478,HSNR,,77,733,84,202.00,56.05,43.99,3682,206378
479,479,*NOUSE*,*NOUSE*,0,0,0,0,0,0,0,0
480,480,*NOUSE*,*NOUSE*,0,0,0,0,0,0,0,0
481,481,*NOUSE*,*NOUSE*,0,0,0,0,0,0,0,0
482,482,*NOUSE*,*NOUSE*,0,0,0,0,0,0,0,0
483,483,*NOUSE*,*NOUSE*,0,0,0,0,0,0,0,0
484,484,*NOUSE*,*NOUSE*,0,0,0,0,0,0,0,0
485,485,*NOUSE*,*NOUSE*,0,0,0,0,0,0,0,0
486,486,ARCpDR,,76,1499,57,160.00,54.88,32.11,3874,212616
487,487,*NOUSE*,*NOUSE*,0,0,0,0,0,0,0,0
488,488,*NOUSE*,*NOUSE*,0,0,0,0,0,0,0,0
489,489,*NOUSE*,*NOUSE*,0,0,0,0,0,0,0,0
490,490,*NOUSE*,*NOUSE*,0,0,0,0,0,0,0,0
491,491,P11/12R,,76,421,77,133.00,38.11,25.25,3393,129319
492,492,OLQsoVR,,77,1479,84,190.00,58.27,36.22,4330,252328
493,493,P7/8R,,76,667,92,139.00,40.78,27.36,5387,219663
494,494,*NOUSE*,*NOUSE*,0,0,0,0,0,0,0,0
495,495,VR12,,77,978,97,148.00,41.44,29.43,5248,217472
496,496,VR7,,73,1250,99,151.00,61.78,30.92,3648,225391
497,497,*NOUSE*,*NOUSE*,0,0,0,0,0,0,0,0
498,498,*NOUSE*,*NOUSE*,0,0,0,0,0,0,0,0
499,499,*NOUSE*,*NOUSE*,0,0,0,0,0,0,0,0
500,500,*NOUSE*,*NOUSE*,0,0,0,0,0,0,0,0
501,501,mc3DR,,78,1162,61,158.00,41.51,28.80,4764,197730
502,502,AINR,,76,1234,61,178.00,68.22,36.17,2773,189173
503,503,*NOUSE*,*NOUSE*,0,0,0,0,0,0,0,0
504,504,V5R,,80,584,81,148.00,40.76,26.31,5678,231429
505,505,CEPsHVR,,76,1366,84,197.00,73.87,42.03,2841,209851
506,506,imR,,76,461,82,153.00,36.28,28.33,2619,95030
507,507,*NOUSE*,*NOUSE*,0,0,0,0,0,0,0,0
508,508,*NOUSE*,*NOUSE*,0,0,0,0,0,0,0,0
509,509,CEPsODR,,78,1425,54,169.00,66.04,36.28,3883,256434
510,510,*NOUSE*,*NOUSE*,0,0,0,0,0,0,0,0
511,511,*NOUSE*,*NOUSE*,0,0,0,0,0,0,0,0
512,512,v1r,,79,1046,67,113.00,36.22,22.76,5112,185133
513,513,*NOUSE*,*NOUSE*,0,0,0,0,0,0,0,0
514,514,*NOUSE*,*NOUSE*,0,0,0,0,0,0,0,0
515,515,*NOUSE*,*NOUSE*,0,0,0,0,0,0,0,0
516,516,hyp1R,,77,1480,55,162.00,53.96,31.12,3728,201146
517,517,*NOUSE*,*NOUSE*,0,0,0,0,0,0,0,0
518,518,*NOUSE*,*NOUSE*,0,0,0,0,0,0,0,0
519,519,*NOUSE*,*NOUSE*,0,0,0,0,0,0,0,0
520,520,URYVR,,81,1394,79,195.00,68.91,43.00,3329,229414
521,521,VR1,,78,1532,85,117.00,43.30,22.62,4509,195241
522,522,P5/6R,,79,795,90,154.00,42.02,26.07,4801,201748
523,523,VR2,,77,1498,91,138.00,48.87,25.81,2506,122459
524,524,*NOUSE*,*NOUSE*,0,0,0,0,0,0,0,0
525,525,AWBR,,79,1292,48,171.00,67.50,39.05,2853,192585
526,526,*NOUSE*,*NOUSE*,0,0,0,0,0,0,0,0
527,527,*NOUSE*,*NOUSE*,0,0,0,0,0,0,0,0
528,528,ARCaDR,,80,1529,65,166.00,49.93,34.39,4579,228640
529,529,*NOUSE*,*NOUSE*,0,0,0,0,0,0,0,0
530,530,hyp5R,,79,1576,68,132.00,35.96,22.53,6001,215808
531,531,*NOUSE*,*NOUSE*,0,0,0,0,0,0,0,0
532,532,*NOUSE*,*NOUSE*,0,0,0,0,0,0,0,0
533,533,*NOUSE*,*NOUSE*,0,0,0,0,0,0,0,0
534,534,*NOUSE*,*NOUSE*,0,0,0,0,0,0,0,0
535,535,ILshR,,79,1465,78,180.00,67.41,38.97,3239,218329
536,536,*NOUSE*,*NOUSE*,0,0,0,0,0,0,0,0
537,537,SMDDR,,76,1303,94,200.00,80.63,41.40,2394,193031
538,538,*NOUSE*,*NOUSE*,0,0,0,0,0,0,0,0
539,539,*NOUSE*,*NOUSE*,0,0,0,0,0,0,0,0
540,540,*NOUSE*,*NOUSE*,0,0,0,0,0,0,0,0
541,541,*NOUSE*,*NOUSE*,0,0,0,0,0,0,0,0
542,542,RMDVR,,81,1351,63,164.00,47.95,34.00,3953,189534
543,543,*NOUSE*,*NOUSE*,0,0,0,0,0,0,0,0
544,544,*NOUSE*,*NOUSE*,0,0,0,0,0,0,0,0
545,545,*NOUSE*,*NOUSE*,0,0,0,0,0,0,0,0
546,546,*NOUSE*,*NOUSE*,0,0,0,0,0,0,0,0
547,547,exc gl r,,81,1184,95,146.00,44.25,29.20,5160,228343
548,548,*NOUSE*,*NOUSE*,0,0,0,0,0,0,0,0
549,549,AMsOR,,82,1509,64,149.00,50.67,32.74,3374,170955
550,550,*NOUSE*,*NOUSE*,0,0,0,0,0,0,0,0
551,551,*NOUSE*,*NOUSE*,0,0,0,0,0,0,0,0
552,552,*NOUSE*,*NOUSE*,0,0,0,0,0,0,0,0
553,553,P1/2R,,82,992,84,123.00,38.45,25.03,5522,212301
554,554,V2R,,82,948,78,111.00,32.10,19.65,6439,206671
555,555,P3/4R,,81,901,86,122.00,37.84,24.87,5567,210672
556,556,*NOUSE*,*NOUSE*,0,0,0,0,0,0,0,0
557,557,*NOUSE*,*NOUSE*,0,0,0,0,0,0,0,0
558,558,AFDR,,80,1309,55,166.00,64.78,32.11,2326,150672
559,559,ASHR,,81,1290,62,142.00,59.90,29.47,2900,173709
560,560,*NOUSE*,*NOUSE*,0,0,0,0,0,0,0,0
561,561,*NOUSE*,*NOUSE*,0,0,0,0,0,0,0,0
562,562,AVAR,,81,1331,62,183.00,63.25,38.49,3442,217718
563,563,*NOUSE*,*NOUSE*,0,0,0,0,0,0,0,0
564,564,*NOUSE*,*NOUSE*,0,0,0,0,0,0,0,0
565,565,*NOUSE*,*NOUSE*,0,0,0,0,0,0,0,0
566,566,*NOUSE*,*NOUSE*,0,0,0,0,0,0,0,0
567,567,*NOUSE*,*NOUSE*,0,0,0,0,0,0,0,0
568,568,*NOUSE*,*NOUSE*,0,0,0,0,0,0,0,0
569,569,*NOUSE*,*NOUSE*,0,0,0,0,0,0,0,0
570,570,H0R,,83,1473,65,115.00,43.92,22.84,4301,188903
571,571,*NOUSE*,*NOUSE*,0,0,0,0,0,0,0,0
572,572,ILsOR,,80,1494,75,153.00,56.52,34.73,4013,226806
573,573,IL1R,,83,1407,72,177.00,70.42,41.74,3049,214715
574,574,ASJR,,82,1268,77,135.00,52.64,28.06,3583,188622
575,575,*NOUSE*,*NOUSE*,0,0,0,0,0,0,0,0
576,576,*NOUSE*,*NOUSE*,0,0,0,0,0,0,0,0
577,577,*NOUSE*,*NOUSE*,0,0,0,0,0,0,0,0
578,578,*NOUSE*,*NOUSE*,0,0,0,0,0,0,0,0
579,579,*NOUSE*,*NOUSE*,0,0,0,0,0,0,0,0
580,580,*NOUSE*,*NOUSE*,0,0,0,0,0,0,0,0
581,581,*NOUSE*,*NOUSE*,0,0,0,0,0,0,0,0
582,582,*NOUSE*,*NOUSE*,0,0,0,0,0,0,0,0
583,583,*NOUSE*,*NOUSE*,0,0,0,0,0,0,0,0
584,584,XXXR,,84,1423,74,202.00,73.53,46.44,2756,202646
585,585,*NOUSE*,*NOUSE*,0,0,0,0,0,0,0,0
586,586,*NOUSE*,*NOUSE*,0,0,0,0,0,0,0,0
587,587,*NOUSE*,*NOUSE*,0,0,0,0,0,0,0,0
588,588,ADEshR,*MANUAL*,79,1134,51,178.00,105.87,27.52,895,94750
589,589,RMGR,*MANUAL*,86,1195,76,141.00,91.97,23.32,895,82309
590,590,ADAR,*MANUAL*,85,1212,74,178.00,94.75,36.06,895,84802
591,591,ADER,*MANUAL*,78,1223,74,176.00,112.58,20.17,895,100762
592,592,FLPR,*MANUAL*,82,1236,73,188.00,115.04,26.68,895,102963
593,593,RICR,*MANUAL*,82,1250,75,203.00,115.92,30.49,895,103747
594,594,AWCR,*MANUAL*,83,1308,67,149.00,86.97,27.55,895,77834
595,595,AUAR,*MANUAL*,83,1289,78,184.00,105.97,34.55,895,94846
596,596,ASER,*MANUAL*$560$583,81,1267,59,120.00,50.40,24.87,3239,163235
597,597,AVDR,*MANUAL*,81,1248,61,189.00,117.32,31.15,855,100309
598,598,AVJR,*MANUAL*,76,1245,53,180.00,105.18,31.88,895,94132
599,599,AVHR,*MANUAL*,76,1258,45,165.00,100.95,29.67,893,90149
600,600,SIBDR,*MANUAL*,81,1320,75,213.00,130.17,30.06,895,116500
601,601,RMDR,*MANUAL*,81,1334,76,191.00,116.50,26.08,889,103572
602,602,SMDVR,*MANUAL*,75,1323,50,169.00,104.58,23.19,799,83563
603,603,RIAR,*MANUAL*,71,1316,53,181.00,113.98,23.78,895,102010
604,604,CEPDR,*MANUAL*,68,1328,39,158.00,97.25,21.32,828,80520
605,605,GLRDR,*MANUAL*,66,1339,49,175.00,115.40,20.83,839,96817
606,606,AIZR,*MANUAL*,71,1242,73,198.00,121.22,29.94,895,108490
607,607,AIBR,*MANUAL*,72,1301,70,161.00,101.87,23.03,895,91177
608,608,RIVR,*MANUAL*,67,1251,47,168.00,108.73,25.06,891,96880
609,609,ASIR,*MANUAL*,65,1265,47,159.00,96.89,18.97,891,86327
610,610,ASKR,*MANUAL*,64,1303,43,146.00,90.64,18.05,895,81125
611,611,URXR,*MANUAL*,62,1318,42,166.00,103.53,20.94,889,92040
612,612,GLRR,*MANUAL*,72,1329,76,226.00,143.98,35.56,730,105102
613,613,GLRVR,*MANUAL*,67,1331,82,222.00,143.38,33.56,895,128326
614,614,RMGL,*MANUAL*,39,1200,84,155.00,86.78,24.56,895,77664
615,615,ADAL,*MANUAL*,38,1213,78,154.00,102.12,18.69,873,89150
616,616,ADEL,*MANUAL*,43,1222,77,175.00,107.97,18.97,873,94254
617,617,RICL,*MANUAL*,38,1242,83,154.00,104.05,17.55,877,91250
618,618,FLPL,*MANUAL*,38,1231,76,147.00,100.84,19.81,895,90252
619,619,AWCL,*MANUAL*,35,1304,80,132.00,78.28,18.61,895,70065
620,620,AUAL,*MANUAL*,36,1280,87,165.00,94.63,23.58,895,84698
621,621,ASJL,*MANUAL*,36,1262,81,142.00,78.17,17.58,887,69341
622,622,AINL,*MANUAL*,42,1237,63,154.00,102.23,18.90,895,91494
623,623,AVJL,*MANUAL*,40,1250,56,177.00,106.61,22.57,831,88597
624,624,SIBDL,*MANUAL*,39,1317,82,169.00,114.37,21.84,879,100527
625,625,RMDL,*MANUAL*,40,1331,83,171.00,103.00,23.88,891,91775
626,626,AVAL,*MANUAL*,37,1328,69,168.00,97.63,22.87,895,87379
627,627,AFDL,*MANUAL*,38,1309,67,146.00,87.42,21.69,895,78239
628,628,AWBL,*MANUAL*,38,1290,58,164.00,91.03,24.33,895,81473
629,629,AVHL,*MANUAL*,41,1262,52,173.00,102.82,24.87,895,92026
630,630,ASGL,*MANUAL*,42,1276,50,145.00,79.56,20.09,895,71207
631,631,SMDVL,*MANUAL*,40,1323,57,163.00,95.18,22.25,887,84426
632,632,RIAL,*MANUAL*,46,1313,58,176.00,108.86,21.88,895,97434
633,633,CEPDL,*MANUAL*,47,1332,46,174.00,107.21,23.92,851,91239
634,634,GLRDL,*MANUAL*,52,1338,52,174.00,116.36,27.96,895,104139
635,635,AIZL,*MANUAL*,46,1241,76,163.00,106.65,19.74,895,95454
636,636,RIML,*MANUAL*,45,1257,77,155.00,98.08,18.20,895,87782
637,637,RIBL,*MANUAL*,45,1276,76,167.00,98.39,19.80,895,88062
638,638,AIBL,*MANUAL*,47,1299,75,135.00,91.92,14.82,895,82265
639,639,AVEL,*MANUAL*,46,1319,74,177.00,108.93,21.89,892,97168
640,640,GLRL,*MANUAL*,50,1329,78,194.00,114.00,24.21,895,102027
641,641,RIVL,*MANUAL*,46,1251,49,173.00,103.59,26.11,895,92715
642,642,ASIL,*MANUAL*,53,1267,44,160.00,84.64,19.52,895,75757
643,643,ADLL,*MANUAL*,52,1286,43,137.00,79.91,17.94,895,71517
644,644,ASKL,*MANUAL*,51,1305,44,142.00,88.93,17.37,895,79593
645,645,URXL,*MANUAL*,52,1321,46,176.00,108.60,22.68,895,97195
646,646,DB1,*MANUAL*,67,1175,111,170.00,90.85,33.55,811,73679
647,647,DD1,*MANUAL*,59,1172,109,195.00,126.17,27.33,895,112923
648,648,SABD,*MANUAL*,72,1197,102,177.00,110.68,27.93,895,99062
649,649,RIGL,*MANUAL*,57,1192,108,180.00,103.02,26.37,895,92205
650,650,AVG,*MANUAL*,64,1205,105,186.00,110.86,22.87,869,96335
651,651,RIFL,*MANUAL*,57,1212,102,198.00,135.17,19.79,889,120162
652,652,RIFR,*MANUAL*,67,1215,98,190.00,137.21,21.21,885,121433
653,653,SABVL,*MANUAL*,61,1224,100,227.00,155.60,31.07,806,125417
654,654,SABVR,*MANUAL*,67,1230,98,228.00,149.98,36.08,895,134228
655,655,DB2,*MANUAL*$312$326,60,1237,106,161.00,69.24,31.63,3186,220590
656,656,W,*MANUAL*,59,1254,102,168.00,94.43,22.78,895,84517
657,657,G2,*MANUAL*,60,1284,100,195.00,111.42,35.87,895,99717
658,658,SMDDL,*MANUAL*,49,1307,101,168.00,108.92,20.72,895,97484
659,659,RMDDL,*MANUAL*,46,1322,95,187.00,118.43,27.12,799,94624
660,660,SAADL,*MANUAL*,53,1318,92,235.00,151.59,24.55,853,129310
661,661,SMBVL,*MANUAL*,55,1299,90,195.00,142.96,22.44,893,127660
662,662,SIADL,*MANUAL*,48,1289,90,176.00,126.30,20.72,871,110011
663,663,AIAL,*MANUAL*,56,1283,87,218.00,138.33,21.23,864,119516
664,664,SMBDR,*MANUAL*,71,1287,95,206.00,141.80,25.66,861,122091
665,665,RMDDR,*MANUAL*,76,1320,92,206.00,119.55,29.83,813,97191
666,666,SMBVR,*MANUAL*,66,1299,91,203.00,139.33,25.59,879,122468
667,667,SAADR,*MANUAL*,70,1315,90,222.00,155.95,25.64,649,101211
668,668,RIH,*MANUAL*,62,1316,89,219.00,154.34,21.14,895,138132
669,669,SIADR,*MANUAL*,78,1286,89,203.00,116.46,36.49,895,104234
670,670,AIAR,*MANUAL*,64,1277,89,206.00,137.15,21.82,831,113969
671,671,AVL,*MANUAL*,70,1276,82,195.00,117.97,24.26,895,105580
672,672,RIR,*MANUAL*,71,1294,83,211.00,117.59,28.24,895,105246
673,673,SIBVR,*MANUAL*,73,1310,83,213.00,137.04,26.10,895,122647
674,674,H1L,*MANUAL*,35,1371,74,136.00,64.45,21.17,1213,78176
675,675,URBL,*MANUAL*,36,1391,71,151.00,84.41,23.92,659,55625
676,676,XXXL,*MANUAL*,44,1399,92,155.00,93.76,19.61,861,80724
677,677,OLQVL,*MANUAL*,46,1367,88,150.00,101.35,18.70,889,90098
678,678,CEPsHVL,*MANUAL*,39,1351,86,127.00,67.58,18.55,895,60481
679,679,URYVL,*MANUAL*,43,1380,84,175.00,123.56,20.84,873,107868
680,680,IL1VL,*MANUAL*,57,1383,98,198.00,144.27,22.22,871,125659
681,681,IL2VL,*MANUAL*,54,1396,103,159.00,98.51,22.39,895,88168
682,682,CEPVL,*MANUAL*,57,1360,99,218.00,143.10,27.08,719,102892
683,683,URAVL,*MANUAL*,51,1375,95,216.00,146.92,25.05,861,126500
684,684,IL2L,*MANUAL*,35,1410,72,144.00,85.33,22.47,895,76373
685,685,OLQSHVL,*MANUAL*,37,1423,80,191.00,109.76,25.58,885,97138
686,686,CEPsoDL,*MANUAL*,38,1415,61,171.00,90.93,32.74,895,81384
687,687,OLLsoL,*MANUAL*,37,1432,61,163.00,88.38,30.23,895,79097
688,688,OLQshDL,*MANUAL*,37,1444,63,174.00,93.72,33.70,895,83877
689,689,ILshDL,*MANUAL*,43,1452,55,168.00,97.00,31.44,895,86818
690,690,ARCpDL,*MANUAL*,41,1495,59,144.00,80.93,22.34,895,72436
691,691,ARCpVL,*MANUAL*,42,1498,83,134.00,90.74,17.87,875,79396
692,692,ILsOL,*MANUAL*,40,1486,79,150.00,89.36,23.47,895,79973
693,693,H0L,*MANUAL*$28$29,36,1469,75,100.00,39.15,18.77,4721,184811
694,694,RMEL,*MANUAL*,44,1366,66,156.00,96.28,26.63,895,86171
695,695,RIPL,*MANUAL*,44,1379,66,143.00,101.47,17.57,895,90819
696,696,OLLL,*MANUAL*,41,1392,66,183.00,111.73,27.74,895,99998
697,697,URYDL,*MANUAL*,43,1382,50,165.00,109.14,25.07,873,95279
698,698,URADL,*MANUAL*,45,1392,51,198.00,118.60,28.96,871,103302
699,699,IL1DL,*MANUAL*,53,1389,45,209.00,138.27,27.21,895,123752
700,700,OLQDL,*MANUAL*,51,1373,44,177.00,125.89,20.19,642,80823
701,701,RMED,*MANUAL*,58,1371,44,179.00,120.83,36.53,842,101740
702,702,ALA,*MANUAL*,60,1332,41,166.00,113.98,19.31,895,102013
703,703,RID,*MANUAL*,57,1354,38,148.00,76.45,26.64,886,67736
704,704,URBR,*MANUAL*,83,1402,62,183.00,118.14,25.10,895,105738
705,705,H1R,*MANUAL*,85,1377,66,122.00,64.19,23.51,1161,74529
706,706,BAGR,*MANUAL*,80,1376,74,164.00,114.10,17.22,895,102122
707,707,OLQVR,*MANUAL*,75,1382,85,171.00,112.66,22.80,881,99252
708,708,URAVR,*MANUAL*,70,1379,94,205.00,140.41,36.76,895,125671
709,709,CEPVR,*MANUAL*,65,1361,96,204.00,153.68,18.23,705,108345
710,710,IL1VR,*MANUAL*,59,1369,94,221.00,152.61,23.30,895,136587
711,711,IL2VR,*MANUAL*,68,1408,104,176.00,96.06,33.34,895,85970
712,712,CEPsoVR,*MANUAL*,77,1401,93,186.00,99.17,34.97,895,88758
713,713,OLLsHR,*MANUAL*,85,1450,67,219.00,114.27,45.01,757,86505
714,714,OLQsHVR,*MANUAL*,82,1448,75,212.00,131.26,41.59,881,115644
715,715,ARCpVR,*MANUAL*,80,1512,75,163.00,89.14,31.38,895,79783
716,716,OLQshDR,*MANUAL*,83,1437,56,204.00,105.18,36.72,895,94136
717,717,RMER,*MANUAL*,79,1369,63,187.00,114.16,24.43,895,102176
718,718,RIPR,*MANUAL*,75,1382,62,174.00,107.57,23.62,895,96279
719,719,URYDR,*MANUAL*,74,1386,49,181.00,104.64,19.32,895,93651
720,720,URADR,*MANUAL*,74,1401,46,175.00,109.20,24.25,895,97738
721,721,OLQDR,*MANUAL*,64,1379,45,174.00,122.43,21.76,819,100268
722,722,IL1DR,*MANUAL*,64,1393,45,171.00,110.11,28.20,895,98544
723,723,IL2DR,*MANUAL*,71,1415,44,157.00,91.40,18.89,895,81800
724,724,ARCpD,*MANUAL*$216$204,52,1555,48,161.00,46.18,33.21,4647,214578
725,725,OLQsODR,*MANUAL*,65,1513,43,185.00,100.15,28.11,876,87730
726,726,ILsODL,*MANUAL*,52,1529,44,195.00,109.50,40.37,852,93296
727,727,OLQsODL,*MANUAL*,53,1509,43,195.00,112.65,36.41,895,100824
728,728,hyp7D2,*MANUAL*,53,1340,33,109.00,45.79,17.01,895,40982
729,729,*NOUSE*,*NOUSE*,0,0,0,0,0,0,0,0
730,730,hyp7D1,*MANUAL*$729$258,56,1395,35,121.00,42.56,19.50,1885,80230
731,731,hyp6D2,*MANUAL*,57,1466,40,152.00,84.63,20.68,889,75235
732,732,hyp6D1,*MANUAL*,59,1533,40,180.00,92.10,32.04,895,82430
733,733,ARCaV,*MANUAL*,63,1581,98,173.00,86.79,26.58,895,77673
734,734,hyp2V,*MANUAL*,57,1561,99,176.00,95.44,28.72,895,85419
735,735,ARCpV,*MANUAL*,65,1552,99,188.00,104.68,33.54,895,93689
736,736,hyp1V,*MANUAL*,60,1537,98,218.00,123.37,25.63,879,108442
737,737,ILsoVL,*MANUAL*,57,1527,98,213.00,127.54,28.02,857,109303
738,738,ILsHVL,*MANUAL*,55,1509,97,207.00,136.81,30.31,829,113418
739,739,ILsoVR,*MANUAL*,64,1520,99,204.00,134.31,32.74,895,120207
740,740,ILsHVR,*MANUAL*,66,1501,99,199.00,135.06,29.55,865,116827
741,741,vpi2Dl,*MANUAL*,48,1131,63,122.00,71.59,22.41,895,64072
742,742,vpi2DR,*MANUAL*,75,1131,62,166.00,98.51,34.84,895,88169
743,743,pm7D,*MANUAL*$359$287,59,1162,49,114.00,36.92,21.64,4626,170782
744,744,pm6VR,*MANUAL*,77,1188,79,159.00,97.12,24.17,895,86925
745,745,g1aR,*MANUAL*,76,1201,58,145.00,70.08,21.99,871,61038
746,746,M2L,*MANUAL*,49,1203,80,182.00,119.62,23.56,893,106824
747,747,M2R,*MANUAL*,73,1206,73,216.00,128.20,33.78,895,114738
748,748,pm5DL,*MANUAL*,52,1214,53,145.00,90.86,18.21,895,81318
749,749,pm5DR,*MANUAL*,65,1214,51,132.00,86.05,18.77,895,77016
750,750,pm5VR,*MANUAL*,68,1208,84,177.00,103.83,26.77,873,90641
751,751,pm5VL,*MANUAL*,58,1207,86,194.00,118.66,21.01,895,106200
752,752,pm5L,*MANUAL*,49,1212,68,143.00,86.55,18.10,895,77465
753,753,M3L,*MANUAL*,52,1379,79,177.00,120.35,22.03,895,107709
754,754,NSML,*MANUAL*,48,1406,86,180.00,113.47,23.01,895,101557
755,755,MI,*MANUAL*,57,1419,55,206.00,135.90,22.65,537,72979
756,756,pm4DR,*MANUAL*,64,1419,56,188.00,115.51,25.64,895,103383
757,757,*NOUSE*,*NOUSE*,0,0,0,0,0,0,0,0
758,758,pm4R,*MANUAL*$757$463,74,1417,71,191.00,86.38,38.99,2288,197636
759,759,pm4VR,*MANUAL*,66,1418,91,123.00,77.83,15.35,895,69661
760,760,pm4L,*MANUAL*,47,1417,73,151.00,79.45,26.85,895,71111
761,761,pm4DL,*MANUAL*,50,1421,57,176.00,103.23,27.06,895,92394
762,762,I2L,*MANUAL*,45,1426,87,192.00,115.94,25.41,751,87068
763,763,MCL,*MANUAL*,51,1429,83,210.00,132.37,36.07,895,118467
764,764,MCR,*MANUAL*,68,1427,79,215.00,136.33,30.60,757,103201
765,765,I2R,*MANUAL*,75,1429,82,220.00,128.19,38.24,895,114734
766,766,mc1V,*MANUAL*,60,1441,91,145.00,89.75,20.77,887,79612
767,767,mc1DL,*MANUAL*,48,1441,62,157.00,90.59,19.35,831,75280
768,768,pm1VL,*MANUAL*,51,1445,86,219.00,122.28,35.03,773,94525
769,769,pm1L,*MANUAL*,47,1444,79,229.00,103.61,39.75,895,92728
770,770,pM1DL,*MANUAL*,55,1441,56,227.00,130.20,38.80,759,98825
771,771,pM1DR,*MANUAL*,60,1434,55,217.00,124.98,32.93,895,111860
772,772,pm1R,*MANUAL*,72,1445,73,242.00,114.22,39.98,879,100396
773,773,pm1VR,*MANUAL*,69,1445,83,232.00,134.28,36.75,895,120181
774,774,e3D,*MANUAL*$315$289,59,1467,52,137.00,45.10,22.81,4937,222676
775,775,pm3R,*MANUAL*$372$424,69,1485,71,121.00,51.15,23.44,3730,190778
776,776,*NOUSE*,*NOUSE*,0,0,0,0,0,0,0,0
777,777,pm3DR,*MANUAL*$776$347,65,1482,55,96.00,47.98,18.12,2074,99512
778,778,e3VL,*MANUAL*,48,1493,76,146.00,93.07,23.82,895,83302
779,779,e1D,*MANUAL*,59,1513,53,153.00,89.51,25.13,879,78680
780,780,pm3DL,*MANUAL*,53,1506,57,122.00,52.04,20.04,869,45220
781,781,pm2VR2,*MANUAL*,69,1550,79,173.00,108.24,29.64,895,96872
782,782,pm2VR1,*MANUAL*,69,1562,80,195.00,105.81,37.11,893,94492
783,783,DL1,*MANUAL*$81$94,43,1534,57,120.00,41.82,23.04,4751,198668
784,784,DL2,*MANUAL*,45,1503,50,129.00,70.15,20.73,895,62787
785,785,DL3,*MANUAL*,47,1469,44,143.00,72.35,24.79,895,64750
786,786,DL5,*MANUAL*,47,1352,42,134.00,72.33,25.64,885,64012
787,787,DL6,*MANUAL*,40,1349,49,115.00,55.12,19.10,895,49332
788,788,DL7,*MANUAL*,51,1245,39,142.00,83.55,20.50,895,74776
789,789,DL8,*MANUAL*$120$91,44,1159,44,108.00,34.29,19.39,3999,137141
790,790,DL9,*MANUAL*$146$171,49,1137,43,124.00,41.25,24.83,3841,158429
791,791,DL10,*MANUAL*$92$108,44,1117,48,103.00,35.34,20.43,4247,150071
792,792,DL11,*MANUAL*$148$149,49,1042,45,119.00,39.11,24.84,3909,152887
793,793,DL15,*MANUAL*$183$214,51,809,51,154.00,42.23,31.53,4241,179080
794,794,DL16,*MANUAL*$153$184,50,713,50,145.00,40.02,30.03,4454,178270
795,795,*NOUSE*,*NOUSE*,0,0,0,0,0,0,0,0
796,796,DL20,*MANUAL*$154$173,50,484,54,130.00,42.44,26.18,5175,219632
797,797,DL21,*MANUAL*$248$249,58,310,63,188.00,63.83,42.60,3784,241544
798,798,DR21,*MANUAL*,65,360,58,192.00,114.23,30.64,895,102236
799,799,DR11,*MANUAL*$313$332,64,1069,42,133.00,39.69,26.32,4805,190729
800,800,DR9,*MANUAL*$402$356,67,1155,35,128.00,36.44,24.09,3969,144649
801,801,*NOUSE*,*NOUSE*,0,0,0,0,0,0,0,0
802,802,DR7,*MANUAL*$801$342,62,1252,37,134.00,56.91,24.96,1871,106477
803,803,DR6,*MANUAL*,71,1345,45,167.00,74.98,29.79,895,67103
804,804,DR5,*MANUAL*,66,1373,39,159.00,89.04,31.07,895,79693
805,805,DR4,*MANUAL*$497$470,74,1434,45,122.00,50.84,22.35,2871,145950
806,806,DR3,*MANUAL*$404$456,70,1473,42,146.00,48.30,24.71,3654,176503
807,807,DR2,*MANUAL*,73,1506,45,112.00,65.96,16.83,895,59036
808,808,DR1,*MANUAL*$500$508,75,1532,54,119.00,43.28,22.21,4684,202716
809,809,VR3,*MANUAL*$494$452,73,1471,97,146.00,53.04,29.27,4078,216281
810,810,VR4,*MANUAL*$557$576,81,1439,89,134.00,50.61,26.81,4509,228217
811,811,VR5,*MANUAL*,72,1358,98,206.00,101.25,31.50,895,90617
812,812,*NOUSE*,*NOUSE*,0,0,0,0,0,0,0,0
813,813,VR6,*MANUAL*$812$524,80,1347,91,161.00,52.19,32.39,3048,159073
814,814,VR8,*MANUAL*$565$538,80,1209,94,166.00,55.85,31.87,3908,218258
815,815,VR9,*MANUAL*$515$548,77,1148,103,153.00,44.41,28.41,5539,245977
816,816,VR10,*MANUAL*$514$539,78,1120,97,141.00,40.01,26.90,5497,219954
817,817,VR11,*MANUAL*$467$468,73,1050,102,130.00,40.03,27.09,5118,204862
818,818,ccra,*MANUAL*,77,1022,91,203.00,117.07,31.42,861,100798
819,819,*NOUSE*,*NOUSE*,0,0,0,0,0,0,0,0
820,820,CCRP,*MANUAL*$819$483,73,1014,99,201.00,82.08,47.79,1900,155945
821,821,VR13,*MANUAL*$387$469,73,942,100,166.00,41.09,28.83,6835,280853
822,822,VR17,*MANUAL*$434$432,69,645,97,171.00,47.67,33.71,4944,235676
823,823,VR18,*MANUAL*$444$400,71,586,94,160.00,42.51,31.52,5834,247980
824,824,VR19,*MANUAL*$399$352,65,490,89,139.00,42.08,28.55,5328,224212
825,825,*NOUSE*,*NOUSE*,0,0,0,0,0,0,0,0
826,826,VR20,*MANUAL*$825$431,66,328,89,186.00,80.12,42.34,2208,176913
827,827,VL19,*MANUAL*,53,330,88,207.00,131.27,33.93,879,115383
828,828,VL18,*MANUAL*,48,494,89,134.00,76.55,22.82,895,68509
829,829,VL16,*MANUAL*,51,696,96,169.00,95.06,33.42,853,81088
830,830,VL15,*MANUAL*,51,779,100,160.00,102.05,23.41,891,90928
831,831,VL14,*MANUAL*,48,861,99,141.00,82.73,18.76,895,74046
832,832,VL12,*MANUAL*$168$180,49,954,103,156.00,42.93,29.36,4882,209587
833,833,*NOUSE*,*NOUSE*,0,0,0,0,0,0,0,0
834,834,VL11,*MANUAL*$833$236,54,1008,108,169.00,53.47,35.76,2148,114850
835,835,VL9,*MANUAL*$224$212,53,1146,107,146.00,48.35,29.95,4445,214921
836,836,EXC GL L,*MANUAL*$229$165,47,1199,99,121.00,59.54,22.28,848,50487
837,837,*NOUSE*,*NOUSE*,0,0,0,0,0,0,0,0
838,838,VL7,*MANUAL*$837$181,49,1236,104,147.00,70.08,28.79,2154,150945
839,839,VL6,*MANUAL*,42,1341,97,115.00,63.39,17.33,895,56732
840,840,VL5,*MANUAL*,50,1356,101,203.00,115.56,28.42,895,103423
841,841,VL4,*MANUAL*$90$98,42,1424,99,100.00,46.09,17.38,3345,154156
842,842,VL3,*MANUAL*$198$223,51,1471,100,151.00,50.26,27.13,4638,233108
843,843,VL2,*MANUAL*,50,1516,97,159.00,87.50,27.55,895,78309
844,844,*NOUSE*,*NOUSE*,0,0,0,0,0,0,0,0
845,845,E1VL,*MANUAL*,49,1526,78,152.00,86.88,31.70,895,77759
846,846,VL1,*MANUAL*,42,1529,87,105.00,58.63,16.63,895,52472
847,847,TR,*MANUAL*,66,285,74,146.00,71.70,21.15,895,64171
848,848,PLMR,*MANUAL*,67,302,81,225.00,126.82,36.36,853,108180
849,849,hyp71,*MANUAL*,60,302,88,199.00,125.68,29.13,895,112481
850,850,LUAR,*MANUAL*,69,342,74,249.00,169.98,41.73,895,152129
851,851,PHBR,*MANUAL*,71,354,73,193.00,144.95,24.77,843,122192
852,852,PHAR,*MANUAL*,69,356,82,214.00,145.26,33.13,895,130010
853,853,DVC,*MANUAL*,60,324,82,200.00,141.60,22.42,895,126732
854,854,*NOUSE*,*NOUSE*,0,0,0,0,0,0,0,0
855,855,K,*MANUAL*$854$206,51,372,62,191.00,76.63,46.95,2089,160076
856,856,*NOUSE*,*NOUSE*,0,0,0,0,0,0,0,0
857,857,TL,*MANUAL*$856$208,52,296,73,162.00,54.11,32.20,2722,147301
858,858,PHsHL,*MANUAL*,52,315,77,206.00,119.47,37.88,895,106928
859,859,PVCL,*MANUAL*,50,333,78,221.00,158.34,29.67,855,135378
860,860,lual,*MANUAL*,47,341,73,247.00,170.77,39.05,895,152836
861,861,PHBL,*MANUAL*,47,353,75,196.00,140.63,26.44,895,125866
862,862,U,*MANUAL*,58,388,79,209.00,136.29,33.06,895,121979
863,863,DA9,*MANUAL*,69,392,85,210.00,144.03,28.08,895,128904
864,864,DA8,*MANUAL*,53,395,88,203.00,133.65,33.82,895,119621
865,865,DD6,*MANUAL*,59,406,85,247.00,169.99,32.55,825,140244
866,866,PVPR,*MANUAL*,68,407,86,245.00,161.58,35.03,895,144610
867,867,PVPL,*MANUAL*,54,421,88,194.00,126.38,24.11,895,113113
868,868,*NOUSE*,*NOUSE*,0,0,0,0,0,0,0,0
869,869,H2R,*MANUAL*$868$585,84,1213,60,123.00,49.82,23.05,2822,140596
870,870,AMsHR,*MANUAL*$541$567,78,1217,48,101.00,40.35,17.08,3156,127332
871,871,*NOUSE*,*NOUSE*,0,0,0,0,0,0,0,0
872,872,hyp7ABRD,*MANUAL*$568$871,82,1115,63,84.00,29.73,14.93,4025,119650
873,873,hyp7ABRV,*MANUAL*$517$531,79,1095,64,87.00,28.60,14.38,5964,170575
874,874,hyp7RC1,*MANUAL*$526$550,80,1002,63,88.00,28.48,15.04,6149,175108
875,875,hyp7RC2,*MANUAL*$527$533,79,870,68,109.00,28.77,15.22,6355,182847
876,876,V3R,*MANUAL*$513$534,78,836,88,130.00,35.37,22.27,6004,212353
877,877,hyp7RC3,*MANUAL*$518$561,79,768,69,111.00,31.19,17.91,6533,203775
878,878,V4R,*MANUAL*$545$490,77,704,85,137.00,37.45,23.23,6585,246581
879,879,hyp7RC4,*MANUAL*$519$544,77,635,73,85.00,26.94,14.36,4965,133750
880,880,M,*MANUAL*$425$459,73,617,70,111.00,34.73,20.39,7101,246611
881,881,P9/10R,*MANUAL*$480$481,75,551,86,147.00,39.07,27.09,5601,218833
882,882,hyp7RC5,*MANUAL*$485$474,74,508,62,128.00,32.39,18.85,5503,178224
883,883,hyp7RC6,*MANUAL*,71,336,62,117.00,48.76,24.01,895,43641
884,884,AMsHL,*MANUAL*$47$35,37,1212,59,100.00,35.86,15.86,4187,150134
885,885,hyp7LC1,*MANUAL*$51$69$48,38,1007,69,80.00,23.67,11.15,5496,130083
886,886,hyp7LC2,*MANUAL*$61$60,39,904,71,80.00,25.60,11.85,5587,143043
887,887,*NOUSE*,*NOUSE*,0,0,0,0,0,0,0,0
888,888,HSNL,*MANUAL*$887$54,40,739,87,183.00,64.01,40.68,2528,161807
889,889,hyp7LC3,*MANUAL*$70$95,41,722,63,95.00,28.04,15.24,5742,160996
890,890,V4L,*MANUAL*$76$63,40,705,84,108.00,33.77,19.69,5638,190387
891,891,hyp7LC4,*MANUAL*$72$83,41,646,67,88.00,24.75,12.32,6340,156935
892,892,QL,*MANUAL*$104$103,45,593,73,126.00,34.71,21.41,5048,175238
893,893,P9/10L,*MANUAL*$130$115,45,545,87,112.00,33.95,22.30,5282,179344
894,894,hyp7LC5,*MANUAL*$102$125,45,538,65,93.00,30.70,16.74,4348,133498
895,895,V6L,*MANUAL*$74$75,41,501,76,98.00,30.21,18.00,5589,168837
896,896,hyp7LC6,*MANUAL*$156$111$123,46,349,60,141.00,43.54,26.84,2915,126911
897,897,inDR1,*MANUAL*$370$371,65,1071,57,80.00,30.47,13.57,4931,150232
898,898,inVR1,*MANUAL*$482$416,72,1069,89,85.00,28.13,14.82,6731,189319
899,899,*NOUSE*,*NOUSE*,0,0,0,0,0,0,0,0
900,900,inV2,*MANUAL*$899$235,56,1004,94,75.00,28.95,11.43,3658,105902
901,901,inD2,*MANUAL*$273$274,60,1014,55,57.00,23.14, 8.53,6881,159236
902,902,inD3,*MANUAL*$261$247,57,960,59,70.00,23.52, 9.73,5647,132793
903,903,inV3,*MANUAL*$321$337,64,940,90,77.00,25.83,11.73,6202,160193
904,904,inD5,*MANUAL*$346$316$409,63,795,67,73.00,23.74,10.21,7150,169753
905,905,inV6,*MANUAL*$349$362$363,64,705,80,85.00,29.27,13.37,6783,198555
906,906,*NOUSE*,*NOUSE*,0,0,0,0,0,0,0,0
907,907,inD7,*MANUAL*$334$305,62,567,60,71.00,26.15,11.22,5815,152041
908,908,inD8,*MANUAL*$207$335,55,485,62,91.00,35.35,19.17,3359,118733
909,909,inD9,*MANUAL*$136$157,49,440,58,105.00,32.28,17.45,5107,164877
910,910,inV9,*MANUAL*$382$308,64,451,81,114.00,38.03,20.64,4977,189281
911,911,Z3,*MANUAL*$241$177,52,730,93,171.00,45.67,31.32,7072,322992
912,912,DD2,*MANUAL*,62,1019,106,199.00,119.58,23.49,895,107021
913,913,DA5,*MANUAL*,59,772,104,191.00,107.65,32.07,895,96347
914,914,DD4,*MANUAL*,58,696,103,202.00,112.84,32.36,895,100996
915,915,EXC DUCT,*MANUAL*,51,1269,86,150.00,83.81,26.98,895,75007
916,916,EXC,*MANUAL*,57,1252,87,108.00,52.36,14.09,1350,70691
917,917,AIML,*MANUAL*,57,1233,88,219.00,139.75,27.10,865,120885
918,918,AIYL,*MANUAL*,47,1233,89,205.00,123.57,28.93,895,110596
919,919,AIMR,*MANUAL*,65,1244,84,217.00,132.26,22.89,823,108854
920,920,AIYR,*MANUAL*,73,1247,87,204.00,129.44,27.05,895,115851
921,921,RIS,*MANUAL*,77,1234,91,193.00,117.94,23.75,875,103198
922,922,AVKR,*MANUAL*,72,1227,85,187.00,111.31,21.59,895,99625
923,923,ASGR,*MANUAL*,74,1272,48,144.00,97.53,20.58,895,87288
924,924,DL17,*MANUAL*,51,659,52,146.00,72.48,24.17,888,64366
925,925,inD6,*MANUAL*,57,657,63,62.00,21.38,10.07,2103,44955
926,926,E1VR,*MANUAL*,71,1526,78,170.00,97.39,32.21,895,87160
927,927,hyp6V2,*MANUAL*$355$323,61,1463,101,130.00,50.43,22.85,4935,248886
928,928,*NOUSE*,*NOUSE*,0,0,0,0,0,0,0,0
929,929,hyp6V1,*MANUAL*$928$329,61,1489,100,186.00,55.33,30.28,2456,135895
930,930,hyp7ABLV,*MANUAL*$52$71,38,1112,78,57.00,23.70, 9.70,4970,117784
931,931,hyp7V2,*MANUAL*,62,1369,105,135.00,69.85,18.37,895,62520
932,932,PM2VL2,*MANUAL*,49,1552,82,195.00,95.77,36.45,895,85713
933,933,PM2VL1,*MANUAL*,49,1568,81,189.00,93.69,40.24,895,83849
934,934,IL2R,*MANUAL*,84,1428,65,176.00,107.18,23.65,895,95928
935,935,PM3VR,*MANUAL*,65,1518,83,139.00,65.85,19.56,895,58936
936,936,SAAVL,*MANUAL*,46,1331,62,178.00,112.67,22.31,895,100838
937,937,SIBVL,*MANUAL*,48,1308,88,205.00,117.28,23.32,895,104967
938,938,BAGL,*MANUAL*,38,1366,80,130.00,87.46,16.48,895,78274
939,939,F1,*MANUAL*,60,1629,76, 8.00, 0.62, 1.21,895,553
940,940,F2,*MANUAL*,60,1564,76,76.00,18.86,14.02,895,16883
941,941,F3,*MANUAL*,59,1480,85,29.00,13.83, 4.34,895,12379
942,942,F4,*MANUAL*,59,1398,77,34.00,11.50, 4.66,895,10296
943,943,F5,*MANUAL*,60,1353,76,16.00, 4.38, 2.70,895,3918
944,944,F6,*MANUAL*,60,1266,68,35.00,16.58, 4.90,895,14838
945,945,F7,*MANUAL*,60,1183,73,46.00,10.48, 6.92,895,9381
946,946,F8,*MANUAL*,60,1103,73, 7.00, 1.84, 1.37,895,1645
947,947,F9,*MANUAL*,60,1045,71,13.00, 2.80, 2.31,895,2510
948,948,F10,*MANUAL*,60,676,76,14.00, 2.60, 2.36,895,2327
