0,0,*NOUSE*,*NOUSE*,0,0,0,0,0,0,0,0
1,1,*NOUSE*,*NOUSE*,0,0,0,0,0,0,0,0
2,2,RMGL,,35,1342,78,232.00,59.76,45.42,5523,330067.00
3,3,*NOUSE*,*NOUSE*,0,0,0,0,0,0,0,0
4,4,*NOUSE*,*NOUSE*,0,0,0,0,0,0,0,0
5,5,AWCL,,34,1465,71,209.00,65.73,42.67,4539,298351.00
6,6,*NOUSE*,*NOUSE*,0,0,0,0,0,0,0,0
7,7,*NOUSE*,*NOUSE*,0,0,0,0,0,0,0,0
8,8,*NOUSE*,*NOUSE*,0,0,0,0,0,0,0,0
9,9,FLPL,,35,1383,78,217.00,82.39,53.20,3651,300802.00
10,10,ADAL,,34,1359,81,243.00,77.26,54.04,3759,290411.00
11,11,*NOUSE*,*NOUSE*,0,0,0,0,0,0,0,0
12,12,ADEL,,35,1370,70,231.00,82.52,54.31,3424,282556.00
13,13,*NOUSE*,*NOUSE*,0,0,0,0,0,0,0,0
14,14,AUAL,,36,1450,81,223.00,84.20,55.61,3766,317102.00
15,15,*NOUSE*,*NOUSE*,0,0,0,0,0,0,0,0
16,16,ASHL,,37,1447,63,185.00,69.47,42.52,3875,269189.00
17,17,AVDL,,36,1405,62,233.00,87.33,54.36,3244,283311.00
18,18,ASJL,,38,1427,79,164.00,60.18,33.80,4802,289003.00
19,19,*NOUSE*,*NOUSE*,0,0,0,0,0,0,0,0
20,20,H0L,,37,1669,75,155.00,47.72,28.39,5310,253393.00
21,21,SIBDL,,37,1483,75,218.00,83.32,52.06,3448,287282.00
22,22,AVJL,,37,1398,49,244.00,91.88,55.31,2764,253966.00
23,23,*NOUSE*,*NOUSE*,0,0,0,0,0,0,0,0
24,24,RMDVL,,38,1512,57,200.00,68.33,43.98,4007,273806.00
25,25,AINL,,38,1386,59,228.00,87.39,53.28,3489,304908.00
26,26,*NOUSE*,*NOUSE*,0,0,0,0,0,0,0,0
27,27,AVAL,,38,1492,59,189.00,77.93,44.62,3457,269400.00
28,28,IL2L,,38,1608,69,176.00,61.43,36.86,4170,256174.00
29,29,*NOUSE*,*NOUSE*,0,0,0,0,0,0,0,0
30,30,*NOUSE*,*NOUSE*,0,0,0,0,0,0,0,0
31,31,P1/2L,,41,1109,87,147.00,35.65,23.21,9182,327369.00
32,32,OLQshVL,,37,1639,85,213.00,76.44,50.99,3315,253391.00
33,33,*NOUSE*,*NOUSE*,0,0,0,0,0,0,0,0
34,34,*NOUSE*,*NOUSE*,0,0,0,0,0,0,0,0
35,35,*NOUSE*,*NOUSE*,0,0,0,0,0,0,0,0
36,36,RMDL,,39,1502,75,203.00,81.45,46.78,3395,276521.00
37,37,*NOUSE*,*NOUSE*,0,0,0,0,0,0,0,0
38,38,*NOUSE*,*NOUSE*,0,0,0,0,0,0,0,0
39,39,AFDL,,39,1467,55,193.00,78.63,41.97,3166,248937.00
40,40,HYP1L,,39,1633,58,180.00,64.67,40.15,4239,274133.00
41,41,*NOUSE*,*NOUSE*,0,0,0,0,0,0,0,0
42,42,*NOUSE*,*NOUSE*,0,0,0,0,0,0,0,0
43,43,*NOUSE*,*NOUSE*,0,0,0,0,0,0,0,0
44,44,V3L,,40,905,82,137.00,36.35,22.66,9292,337765.00
45,45,*NOUSE*,*NOUSE*,0,0,0,0,0,0,0,0
46,46,*NOUSE*,*NOUSE*,0,0,0,0,0,0,0,0
47,47,*NOUSE*,*NOUSE*,0,0,0,0,0,0,0,0
48,48,ILshL,,42,1665,88,226.00,68.05,40.99,4129,280987.00
49,49,*NOUSE*,*NOUSE*,0,0,0,0,0,0,0,0
50,50,HYP7ABLD,,39,1259,56,109.00,32.52,17.05,7763,252450.00
51,51,*NOUSE*,*NOUSE*,0,0,0,0,0,0,0,0
52,52,*NOUSE*,*NOUSE*,0,0,0,0,0,0,0,0
53,53,*NOUSE*,*NOUSE*,0,0,0,0,0,0,0,0
54,54,*NOUSE*,*NOUSE*,0,0,0,0,0,0,0,0
55,55,ADEshL,,41,1276,72,225.00,60.28,48.32,4396,264987.00
56,56,*NOUSE*,*NOUSE*,0,0,0,0,0,0,0,0
57,57,*NOUSE*,*NOUSE*,0,0,0,0,0,0,0,0
58,58,V4L,,44,742,82,115.00,35.64,21.37,9019,321412.00
59,59,XXXL,,41,1602,82,227.00,80.27,48.97,3338,267951.00
60,60,*NOUSE*,*NOUSE*,0,0,0,0,0,0,0,0
61,61,VL6,,40,1509,90,145.00,55.79,30.66,3314,184900.00
62,62,*NOUSE*,*NOUSE*,0,0,0,0,0,0,0,0
63,63,*NOUSE*,*NOUSE*,0,0,0,0,0,0,0,0
64,64,*NOUSE*,*NOUSE*,0,0,0,0,0,0,0,0
65,65,*NOUSE*,*NOUSE*,0,0,0,0,0,0,0,0
66,66,HYP2L,,43,1705,63,172.00,50.73,34.21,5294,268567.00
67,67,*NOUSE*,*NOUSE*,0,0,0,0,0,0,0,0
68,68,ARCADL,,42,1734,67,164.00,52.15,36.23,3748,195466.00
69,69,*NOUSE*,*NOUSE*,0,0,0,0,0,0,0,0
70,70,*NOUSE*,*NOUSE*,0,0,0,0,0,0,0,0
71,71,*NOUSE*,*NOUSE*,0,0,0,0,0,0,0,0
72,72,*NOUSE*,*NOUSE*,0,0,0,0,0,0,0,0
73,73,P5/6L,,41,835,92,153.00,43.95,26.50,4584,201464.00
74,74,AWBL,,43,1443,47,197.00,75.05,43.63,3636,272871.00
75,75,DL4,,43,1626,47,162.00,62.05,32.54,3507,217601.00
76,76,*NOUSE*,*NOUSE*,0,0,0,0,0,0,0,0
77,77,V1L,,43,1177,66,113.00,36.52,21.42,6715,245262.00
78,78,*NOUSE*,*NOUSE*,0,0,0,0,0,0,0,0
79,79,*NOUSE*,*NOUSE*,0,0,0,0,0,0,0,0
80,80,*NOUSE*,*NOUSE*,0,0,0,0,0,0,0,0
81,81,*NOUSE*,*NOUSE*,0,0,0,0,0,0,0,0
82,82,*NOUSE*,*NOUSE*,0,0,0,0,0,0,0,0
83,83,*NOUSE*,*NOUSE*,0,0,0,0,0,0,0,0
84,84,*NOUSE*,*NOUSE*,0,0,0,0,0,0,0,0
85,85,MC3DL,,45,1335,58,184.00,61.30,40.03,3852,236122.00
86,86,*NOUSE*,*NOUSE*,0,0,0,0,0,0,0,0
87,87,IL1L,,43,1590,73,210.00,87.88,47.65,2759,242448.00
88,88,*NOUSE*,*NOUSE*,0,0,0,0,0,0,0,0
89,89,URYVL,,43,1572,77,230.00,89.35,51.29,2920,260899.00
90,90,*NOUSE*,*NOUSE*,0,0,0,0,0,0,0,0
91,91,OLQsoVL,,44,1683,87,195.00,64.47,39.88,3822,246404.00
92,92,*NOUSE*,*NOUSE*,0,0,0,0,0,0,0,0
93,93,*NOUSE*,*NOUSE*,0,0,0,0,0,0,0,0
94,94,AIYL,,43,1388,91,233.00,93.99,53.33,3034,285169.00
95,95,VL4,,43,1603,95,165.00,59.34,31.91,2991,177486.00
96,96,*NOUSE*,*NOUSE*,0,0,0,0,0,0,0,0
97,97,*NOUSE*,*NOUSE*,0,0,0,0,0,0,0,0
98,98,*NOUSE*,*NOUSE*,0,0,0,0,0,0,0,0
99,99,*NOUSE*,*NOUSE*,0,0,0,0,0,0,0,0
100,100,*NOUSE*,*NOUSE*,0,0,0,0,0,0,0,0
101,101,*NOUSE*,*NOUSE*,0,0,0,0,0,0,0,0
102,102,*NOUSE*,*NOUSE*,0,0,0,0,0,0,0,0
103,103,*NOUSE*,*NOUSE*,0,0,0,0,0,0,0,0
104,104,BDUL,,45,1208,71,237.00,70.40,54.47,3609,254056.00
105,105,*NOUSE*,*NOUSE*,0,0,0,0,0,0,0,0
106,106,*NOUSE*,*NOUSE*,0,0,0,0,0,0,0,0
107,107,*NOUSE*,*NOUSE*,0,0,0,0,0,0,0,0
108,108,AVKL,,45,1373,94,208.00,80.17,46.70,3656,293118.00
109,109,EXC GL L,,46,1299,91,205.00,67.89,45.17,4328,293826.00
110,110,*NOUSE*,*NOUSE*,0,0,0,0,0,0,0,0
111,111,HSNL,,46,797,90,223.00,64.75,49.77,4500,291385.00
112,112,*NOUSE*,*NOUSE*,0,0,0,0,0,0,0,0
113,113,*NOUSE*,*NOUSE*,0,0,0,0,0,0,0,0
114,114,VL12,,46,1041,101,177.00,47.98,35.94,4438,212932.00
115,115,CCLP,,45,869,100,216.00,64.67,49.84,4230,273563.00
116,116,*NOUSE*,*NOUSE*,0,0,0,0,0,0,0,0
117,117,*NOUSE*,*NOUSE*,0,0,0,0,0,0,0,0
118,118,ASGL,,46,1427,44,201.00,76.90,43.59,3193,245527.00
119,119,*NOUSE*,*NOUSE*,0,0,0,0,0,0,0,0
120,120,*NOUSE*,*NOUSE*,0,0,0,0,0,0,0,0
121,121,*NOUSE*,*NOUSE*,0,0,0,0,0,0,0,0
122,122,*NOUSE*,*NOUSE*,0,0,0,0,0,0,0,0
123,123,*NOUSE*,*NOUSE*,0,0,0,0,0,0,0,0
124,124,*NOUSE*,*NOUSE*,0,0,0,0,0,0,0,0
125,125,*NOUSE*,*NOUSE*,0,0,0,0,0,0,0,0
126,126,HYP5L,,46,1782,71,112.00,37.02,21.04,4376,161989.00
127,127,PM7VL,,48,1331,77,159.00,53.52,34.25,5381,287977.00
128,128,*NOUSE*,*NOUSE*,0,0,0,0,0,0,0,0
129,129,*NOUSE*,*NOUSE*,0,0,0,0,0,0,0,0
130,130,*NOUSE*,*NOUSE*,0,0,0,0,0,0,0,0
131,131,*NOUSE*,*NOUSE*,0,0,0,0,0,0,0,0
132,132,*NOUSE*,*NOUSE*,0,0,0,0,0,0,0,0
133,133,*NOUSE*,*NOUSE*,0,0,0,0,0,0,0,0
134,134,URYDL,,46,1562,48,213.00,89.31,49.04,2911,259970.00
135,135,*NOUSE*,*NOUSE*,0,0,0,0,0,0,0,0
136,136,*NOUSE*,*NOUSE*,0,0,0,0,0,0,0,0
137,137,*NOUSE*,*NOUSE*,0,0,0,0,0,0,0,0
138,138,*NOUSE*,*NOUSE*,0,0,0,0,0,0,0,0
139,139,RIGL,,51,1335,104,211.00,77.06,48.71,4056,312572.00
140,140,DL2,,48,1710,51,140.00,51.75,27.80,4737,245124.00
141,141,VPI2DL,,48,1299,54,244.00,68.14,48.52,4011,273313.00
142,142,G1AL,,48,1375,56,196.00,78.13,40.33,3903,304953.00
143,143,AWAL,,47,1441,61,219.00,81.46,45.80,3499,285013.00
144,144,AIBL,,46,1464,68,205.00,88.28,46.18,3406,300684.00
145,145,AVEL,,46,1486,68,238.00,92.60,48.32,3034,280945.00
146,146,*NOUSE*,*NOUSE*,0,0,0,0,0,0,0,0
147,147,*NOUSE*,*NOUSE*,0,0,0,0,0,0,0,0
148,148,*NOUSE*,*NOUSE*,0,0,0,0,0,0,0,0
149,149,P9/10L,,50,546,82,147.00,38.10,24.95,7111,270900.00
150,150,V5L,,51,583,79,154.00,43.48,30.20,10292,447484.00
151,151,*NOUSE*,*NOUSE*,0,0,0,0,0,0,0,0
152,152,SMBDL,,48,1449,97,214.00,88.10,46.92,3404,299894.00
153,153,VL14,,47,928,102,171.00,54.00,39.99,3031,163675.00
154,154,VL10,,48,1204,102,174.00,48.85,33.93,2653,129596.00
155,155,VL7,,47,1410,102,180.00,72.29,40.03,2827,204352.00
156,156,*NOUSE*,*NOUSE*,0,0,0,0,0,0,0,0
157,157,VL3,,49,1671,100,152.00,54.98,30.97,2922,160648.00
158,158,*NOUSE*,*NOUSE*,0,0,0,0,0,0,0,0
159,159,*NOUSE*,*NOUSE*,0,0,0,0,0,0,0,0
160,160,*NOUSE*,*NOUSE*,0,0,0,0,0,0,0,0
161,161,DL10,,51,1231,42,150.00,43.68,29.44,5553,242564.00
162,162,DL3,,49,1680,44,139.00,48.20,27.22,2960,142677.00
163,163,*NOUSE*,*NOUSE*,0,0,0,0,0,0,0,0
164,164,SAAVL,,48,1497,53,233.00,93.60,49.11,3003,281093.00
165,165,*NOUSE*,*NOUSE*,0,0,0,0,0,0,0,0
166,166,ADFL,,49,1457,52,181.00,75.77,38.88,3205,242831.00
167,167,AVBL,,47,1404,53,223.00,105.86,47.28,2953,312609.00
168,168,DL1,,48,1750,57,131.00,43.84,23.92,5319,233195.00
169,169,V6L,,48,492,76,103.00,31.12,17.17,6428,200048.00
170,170,*NOUSE*,*NOUSE*,0,0,0,0,0,0,0,0
171,171,PM6VL,,48,1358,79,172.00,66.12,37.33,3879,256471.00
172,172,PHAL,,52,337,79,197.00,59.87,42.45,4509,269954.00
173,173,*NOUSE*,*NOUSE*,0,0,0,0,0,0,0,0
174,174,*NOUSE*,*NOUSE*,0,0,0,0,0,0,0,0
175,175,VL2,,48,1709,95,120.00,48.76,24.54,4016,195804.00
176,176,*NOUSE*,*NOUSE*,0,0,0,0,0,0,0,0
177,177,VL15,,50,839,104,177.00,55.24,38.76,5581,308320.00
178,178,CEPDL,,49,1496,39,204.00,86.27,45.37,2840,245012.00
179,179,M5,,50,1330,47,228.00,69.13,48.75,3652,252479.00
180,180,I6,,51,1361,47,240.00,78.23,52.34,3629,283899.00
181,181,*NOUSE*,*NOUSE*,0,0,0,0,0,0,0,0
182,182,RIPL,,49,1565,64,208.00,83.57,42.53,3061,255819.00
183,183,*NOUSE*,*NOUSE*,0,0,0,0,0,0,0,0
184,184,REPVL,,51,373,68,173.00,54.20,39.78,4572,247797.00
185,185,PVQL,,51,351,71,165.00,56.47,37.86,4382,247439.00
186,186,*NOUSE*,*NOUSE*,0,0,0,0,0,0,0,0
187,187,PHBL,,52,332,68,188.00,67.34,40.75,3866,260334.00
188,188,M2L,,48,1378,75,251.00,107.34,58.78,2739,294003.00
189,189,*NOUSE*,*NOUSE*,0,0,0,0,0,0,0,0
190,190,*NOUSE*,*NOUSE*,0,0,0,0,0,0,0,0
191,191,*NOUSE*,*NOUSE*,0,0,0,0,0,0,0,0
192,192,VL11,,52,1099,105,177.00,56.47,42.11,4511,254753.00
193,193,*NOUSE*,*NOUSE*,0,0,0,0,0,0,0,0
194,194,*NOUSE*,*NOUSE*,0,0,0,0,0,0,0,0
195,195,*NOUSE*,*NOUSE*,0,0,0,0,0,0,0,0
196,196,*NOUSE*,*NOUSE*,0,0,0,0,0,0,0,0
197,197,*NOUSE*,*NOUSE*,0,0,0,0,0,0,0,0
198,198,AVL,,47,1452,81,209.00,100.60,46.56,2379,239327.00
199,199,PM3L,,55,1689,74,184.00,49.82,29.75,3841,191354.00
200,200,NSML,,51,1610,85,202.00,72.42,45.48,3949,286005.00
201,201,VL16,,51,729,96,160.00,48.12,33.19,5345,257186.00
202,202,*NOUSE*,*NOUSE*,0,0,0,0,0,0,0,0
203,203,*NOUSE*,*NOUSE*,0,0,0,0,0,0,0,0
204,204,CCLA,,56,920,106,211.00,72.57,51.08,4404,319596.00
205,205,*NOUSE*,*NOUSE*,0,0,0,0,0,0,0,0
206,206,DL12,,53,1049,46,156.00,44.74,32.81,5124,229235.00
207,207,*NOUSE*,*NOUSE*,0,0,0,0,0,0,0,0
208,208,*NOUSE*,*NOUSE*,0,0,0,0,0,0,0,0
209,209,*NOUSE*,*NOUSE*,0,0,0,0,0,0,0,0
210,210,QL,,55,587,60,171.00,54.82,38.95,7655,419658.00
211,211,GLRL,,49,1501,72,232.00,96.24,52.10,2978,286597.00
212,212,PM5L,,52,1393,66,208.00,88.98,41.99,3198,284544.00
213,213,PVCL,,53,312,76,194.00,59.86,39.67,4109,245947.00
214,214,AIAL,,56,1455,87,241.00,111.48,54.68,3355,374005.00
215,215,INV5,,53,847,85,71.00,27.47,11.19,6973,191580.00
216,216,*NOUSE*,*NOUSE*,0,0,0,0,0,0,0,0
217,217,RIFL,,52,1361,104,232.00,93.10,56.42,3138,292139.00
218,218,*NOUSE*,*NOUSE*,0,0,0,0,0,0,0,0
219,219,IL2DL,,52,1597,45,199.00,73.28,42.28,3513,257427.00
220,220,ALML,,53,958,54,180.00,53.79,42.20,3952,212579.00
221,221,LUAL,,54,318,64,201.00,68.13,45.46,3732,254259.00
222,222,I1L,,52,1672,80,184.00,61.80,36.29,4819,297792.00
223,223,GLRVL,,52,1505,81,252.00,102.87,57.92,2890,297301.00
224,224,IML,,55,412,88,170.00,52.98,38.19,4993,264545.00
225,225,E3VL,,52,1704,81,173.00,62.23,35.82,2332,145121.00
226,226,*NOUSE*,*NOUSE*,0,0,0,0,0,0,0,0
227,227,*NOUSE*,*NOUSE*,0,0,0,0,0,0,0,0
228,228,*NOUSE*,*NOUSE*,0,0,0,0,0,0,0,0
229,229,*NOUSE*,*NOUSE*,0,0,0,0,0,0,0,0
230,230,VL13,,54,980,107,188.00,55.51,42.30,5184,287740.00
231,231,*NOUSE*,*NOUSE*,0,0,0,0,0,0,0,0
232,232,DL15,,55,873,47,153.00,48.15,33.77,5107,245896.00
233,233,*NOUSE*,*NOUSE*,0,0,0,0,0,0,0,0
234,234,DL14,,56,929,47,157.00,47.68,33.32,4763,227091.00
235,235,PM4DL,,50,1626,52,169.00,81.61,36.07,2105,171787.00
236,236,*NOUSE*,*NOUSE*,0,0,0,0,0,0,0,0
237,237,Z4,,56,754,97,147.00,43.53,28.28,6316,274927.00
238,238,*NOUSE*,*NOUSE*,0,0,0,0,0,0,0,0
239,239,*NOUSE*,*NOUSE*,0,0,0,0,0,0,0,0
240,240,*NOUSE*,*NOUSE*,0,0,0,0,0,0,0,0
241,241,ASKL,,56,1460,38,160.00,58.14,34.42,4690,272691.00
242,242,*NOUSE*,*NOUSE*,0,0,0,0,0,0,0,0
243,243,MC2DL,,55,1411,60,185.00,77.78,34.21,2594,201770.00
244,244,*NOUSE*,*NOUSE*,0,0,0,0,0,0,0,0
245,245,*NOUSE*,*NOUSE*,0,0,0,0,0,0,0,0
246,246,INVL1,,56,1216,90,109.00,38.41,17.92,6143,235934.00
247,247,*NOUSE*,*NOUSE*,0,0,0,0,0,0,0,0
248,248,CEPVL,,55,1545,90,211.00,89.47,44.86,3238,289716.00
249,249,DD1,,55,1309,103,226.00,75.49,51.01,3877,292689.00
250,250,*NOUSE*,*NOUSE*,0,0,0,0,0,0,0,0
251,251,*NOUSE*,*NOUSE*,0,0,0,0,0,0,0,0
252,252,*NOUSE*,*NOUSE*,0,0,0,0,0,0,0,0
253,253,*NOUSE*,*NOUSE*,0,0,0,0,0,0,0,0
254,254,PM5DL,,56,1391,49,189.00,82.06,35.30,2509,205885.00
255,255,*NOUSE*,*NOUSE*,0,0,0,0,0,0,0,0
256,256,VPI3V,,63,1290,78,184.00,57.95,41.31,4816,279073.00
257,257,PM2VL1,,55,1780,82,161.00,42.09,30.95,3047,128234.00
258,258,*NOUSE*,*NOUSE*,0,0,0,0,0,0,0,0
259,259,*NOUSE*,*NOUSE*,0,0,0,0,0,0,0,0
260,260,*NOUSE*,*NOUSE*,0,0,0,0,0,0,0,0
261,261,*NOUSE*,*NOUSE*,0,0,0,0,0,0,0,0
262,262,*NOUSE*,*NOUSE*,0,0,0,0,0,0,0,0
263,263,URXL,,56,1483,40,204.00,79.83,42.72,3272,261195.00
264,264,ADLL,,58,1435,38,144.00,55.77,30.81,4482,249950.00
265,265,DL17,,60,676,41,184.00,52.59,38.82,4610,242435.00
266,266,ILshDL,,56,1722,45,207.00,75.45,43.48,3815,287848.00
267,267,*NOUSE*,*NOUSE*,0,0,0,0,0,0,0,0
268,268,*NOUSE*,*NOUSE*,0,0,0,0,0,0,0,0
269,269,*NOUSE*,*NOUSE*,0,0,0,0,0,0,0,0
270,270,ALNL,,58,299,61,203.00,67.71,42.76,3701,250598.00
271,271,U,,59,366,79,172.00,63.09,36.84,3843,242459.00
272,272,G2L,,57,1314,85,234.00,83.89,53.36,3392,284549.00
273,273,VPI2V,,59,1298,84,245.00,88.61,56.03,3388,300197.00
274,274,*NOUSE*,*NOUSE*,0,0,0,0,0,0,0,0
275,275,*NOUSE*,*NOUSE*,0,0,0,0,0,0,0,0
276,276,*NOUSE*,*NOUSE*,0,0,0,0,0,0,0,0
277,277,*NOUSE*,*NOUSE*,0,0,0,0,0,0,0,0
278,278,RIGR,,59,1293,103,199.00,70.19,47.69,4047,284066.00
279,279,DB5,,58,872,109,198.00,58.26,44.20,4503,262340.00
280,280,DB2,,57,1393,112,216.00,74.59,47.08,3689,275165.00
281,281,DL13,,59,989,47,171.00,45.02,34.62,4813,216676.00
282,282,INDL1,,59,1216,51,88.00,31.65,13.69,7425,235021.00
283,283,*NOUSE*,*NOUSE*,0,0,0,0,0,0,0,0
284,284,*NOUSE*,*NOUSE*,0,0,0,0,0,0,0,0
285,285,*NOUSE*,*NOUSE*,0,0,0,0,0,0,0,0
286,286,*NOUSE*,*NOUSE*,0,0,0,0,0,0,0,0
287,287,virL,,60,389,58,147.00,55.29,31.87,4251,235031.00
288,288,I3,,60,1614,53,212.00,77.96,47.82,3831,298680.00
289,289,*NOUSE*,*NOUSE*,0,0,0,0,0,0,0,0
290,290,*NOUSE*,*NOUSE*,0,0,0,0,0,0,0,0
291,291,*NOUSE*,*NOUSE*,0,0,0,0,0,0,0,0
292,292,*NOUSE*,*NOUSE*,0,0,0,0,0,0,0,0
293,293,INV7,,62,647,86,67.00,25.27,10.03,8983,226980.00
294,294,W,,58,1412,103,200.00,80.32,41.72,3310,265875.00
295,295,*NOUSE*,*NOUSE*,0,0,0,0,0,0,0,0
296,296,DL11,,60,1150,38,184.00,44.97,32.74,4940,222150.00
297,297,ILsoDL,,60,1766,45,207.00,60.07,41.28,4694,281972.00
298,298,*NOUSE*,*NOUSE*,0,0,0,0,0,0,0,0
299,299,*NOUSE*,*NOUSE*,0,0,0,0,0,0,0,0
300,300,*NOUSE*,*NOUSE*,0,0,0,0,0,0,0,0
301,301,*NOUSE*,*NOUSE*,0,0,0,0,0,0,0,0
302,302,*NOUSE*,*NOUSE*,0,0,0,0,0,0,0,0
303,303,PLML,,60,270,81,159.00,53.19,37.68,4210,223909.00
304,304,E2VL,,58,1815,80,106.00,35.70,20.95,5353,191099.00
305,305,MC3V,,62,1332,94,172.00,57.18,35.63,4372,249990.00
306,306,RMEV,,60,1528,96,203.00,71.55,45.42,3386,242268.00
307,307,*NOUSE*,*NOUSE*,0,0,0,0,0,0,0,0
308,308,*NOUSE*,*NOUSE*,0,0,0,0,0,0,0,0
309,309,DB6,,60,677,103,192.00,56.28,42.85,4425,249019.00
310,310,AVG,,59,1345,109,194.00,80.62,46.55,2183,175989.00
311,311,*NOUSE*,*NOUSE*,0,0,0,0,0,0,0,0
312,312,DL19,,62,518,44,180.00,49.45,37.03,4553,225153.00
313,313,VPI3D,,65,1292,49,190.00,63.14,42.13,4293,271079.00
314,314,*NOUSE*,*NOUSE*,0,0,0,0,0,0,0,0
315,315,IND6,,62,715,54,64.00,24.70, 9.72,8356,206365.00
316,316,IND4,,64,1007,59,60.00,23.81, 9.00,9215,219430.00
317,317,*NOUSE*,*NOUSE*,0,0,0,0,0,0,0,0
318,318,INV2,,61,1148,95,75.00,27.18,11.24,9228,250849.00
319,319,*NOUSE*,*NOUSE*,0,0,0,0,0,0,0,0
320,320,INV3,,61,1060,95,70.00,26.20,10.12,8752,229269.00
321,321,G2,,60,1452,102,212.00,80.34,41.64,4061,326262.00
322,322,DD4,,59,723,104,211.00,62.21,46.85,4253,264573.00
323,323,*NOUSE*,*NOUSE*,0,0,0,0,0,0,0,0
324,324,G1,,60,1479,106,154.00,56.46,31.84,4659,263053.00
325,325,*NOUSE*,*NOUSE*,0,0,0,0,0,0,0,0
326,326,DB1,,61,1316,111,185.00,67.06,43.02,3570,239404.00
327,327,*NOUSE*,*NOUSE*,0,0,0,0,0,0,0,0
328,328,HYP6D4,,61,1610,36,142.00,53.45,31.06,4530,242139.00
329,329,HYP6D3,,61,1643,36,162.00,56.30,33.48,3370,189725.00
330,330,*NOUSE*,*NOUSE*,0,0,0,0,0,0,0,0
331,331,*NOUSE*,*NOUSE*,0,0,0,0,0,0,0,0
332,332,*NOUSE*,*NOUSE*,0,0,0,0,0,0,0,0
333,333,REPD,,62,363,49,175.00,61.07,35.93,3907,238591.00
334,334,IND3,,63,1088,52,63.00,24.38, 9.37,8328,203001.00
335,335,E3D,,63,1674,52,147.00,46.00,27.28,7533,346537.00
336,336,*NOUSE*,*NOUSE*,0,0,0,0,0,0,0,0
337,337,*NOUSE*,*NOUSE*,0,0,0,0,0,0,0,0
338,338,I5,,62,1367,93,200.00,80.10,45.07,3476,278427.00
339,339,*NOUSE*,*NOUSE*,0,0,0,0,0,0,0,0
340,340,*NOUSE*,*NOUSE*,0,0,0,0,0,0,0,0
341,341,DB3,,64,1218,111,187.00,55.42,40.94,5759,319170.00
342,342,*NOUSE*,*NOUSE*,0,0,0,0,0,0,0,0
343,343,PM7D,,64,1339,40,160.00,46.95,30.54,4521,212254.00
344,344,VPI1,,65,1302,44,168.00,58.75,36.05,3874,227599.00
345,345,HYP32,,64,1795,45,159.00,48.59,34.54,4422,214857.00
346,346,*NOUSE*,*NOUSE*,0,0,0,0,0,0,0,0
347,347,*NOUSE*,*NOUSE*,0,0,0,0,0,0,0,0
348,348,M4,,60,1585,58,182.00,71.47,36.60,4048,289305.00
349,349,PM8,,65,1308,80,184.00,79.53,42.40,2970,236209.00
350,350,*NOUSE*,*NOUSE*,0,0,0,0,0,0,0,0
351,351,*NOUSE*,*NOUSE*,0,0,0,0,0,0,0,0
352,352,*NOUSE*,*NOUSE*,0,0,0,0,0,0,0,0
353,353,*NOUSE*,*NOUSE*,0,0,0,0,0,0,0,0
354,354,*NOUSE*,*NOUSE*,0,0,0,0,0,0,0,0
355,355,HYP7V2,,61,1546,104,110.00,48.80,20.57,3225,157385.00
356,356,*NOUSE*,*NOUSE*,0,0,0,0,0,0,0,0
357,357,*NOUSE*,*NOUSE*,0,0,0,0,0,0,0,0
358,358,*NOUSE*,*NOUSE*,0,0,0,0,0,0,0,0
359,359,DA2,,63,1186,111,235.00,61.34,48.58,4542,278584.00
360,360,DA3,,62,1092,111,216.00,62.60,46.15,4863,304432.00
361,361,DA1,,62,1275,107,200.00,64.79,46.35,4527,293323.00
362,362,*NOUSE*,*NOUSE*,0,0,0,0,0,0,0,0
363,363,*NOUSE*,*NOUSE*,0,0,0,0,0,0,0,0
364,364,ALA,,63,1497,34,175.00,73.52,40.22,3656,268797.00
365,365,*NOUSE*,*NOUSE*,0,0,0,0,0,0,0,0
366,366,I4,,64,1380,47,219.00,82.04,48.27,3228,264812.00
367,367,B,,63,325,83,144.00,52.40,29.31,4752,249013.00
368,368,*NOUSE*,*NOUSE*,0,0,0,0,0,0,0,0
369,369,*NOUSE*,*NOUSE*,0,0,0,0,0,0,0,0
370,370,INV4,,65,950,94,61.00,24.12, 9.02,8805,212363.00
371,371,*NOUSE*,*NOUSE*,0,0,0,0,0,0,0,0
372,372,*NOUSE*,*NOUSE*,0,0,0,0,0,0,0,0
373,373,DA7,,64,491,101,197.00,57.80,42.86,4780,276300.00
374,374,*NOUSE*,*NOUSE*,0,0,0,0,0,0,0,0
375,375,*NOUSE*,*NOUSE*,0,0,0,0,0,0,0,0
376,376,*NOUSE*,*NOUSE*,0,0,0,0,0,0,0,0
377,377,*NOUSE*,*NOUSE*,0,0,0,0,0,0,0,0
378,378,DEP,,64,312,55,162.00,62.09,34.02,3568,221546.00
379,379,DL21,,65,282,56,138.00,45.33,27.64,4601,208547.00
380,380,*NOUSE*,*NOUSE*,0,0,0,0,0,0,0,0
381,381,*NOUSE*,*NOUSE*,0,0,0,0,0,0,0,0
382,382,*NOUSE*,*NOUSE*,0,0,0,0,0,0,0,0
383,383,*NOUSE*,*NOUSE*,0,0,0,0,0,0,0,0
384,384,DD5,,65,558,99,186.00,53.94,43.35,4500,242724.00
385,385,*NOUSE*,*NOUSE*,0,0,0,0,0,0,0,0
386,386,*NOUSE*,*NOUSE*,0,0,0,0,0,0,0,0
387,387,*NOUSE*,*NOUSE*,0,0,0,0,0,0,0,0
388,388,*NOUSE*,*NOUSE*,0,0,0,0,0,0,0,0
389,389,DA4,,64,965,112,224.00,60.24,47.55,4646,279864.00
390,390,DA5,,64,805,120,195.00,58.50,47.00,6512,380978.00
391,391,*NOUSE*,*NOUSE*,0,0,0,0,0,0,0,0
392,392,HYP31,,67,1813,44,143.00,45.30,30.33,4974,225331.00
393,393,DVA,,66,328,60,150.00,58.80,30.29,4400,258705.00
394,394,F,,65,345,69,163.00,70.34,35.51,3743,263291.00
395,395,DVC,,64,306,73,158.00,78.09,34.96,2945,229968.00
396,396,*NOUSE*,*NOUSE*,0,0,0,0,0,0,0,0
397,397,*NOUSE*,*NOUSE*,0,0,0,0,0,0,0,0
398,398,DB7,,65,520,99,169.00,52.06,38.14,5132,267159.00
399,399,*NOUSE*,*NOUSE*,0,0,0,0,0,0,0,0
400,400,DD2,,66,1125,109,209.00,56.46,44.47,4507,254451.00
401,401,*NOUSE*,*NOUSE*,0,0,0,0,0,0,0,0
402,402,*NOUSE*,*NOUSE*,0,0,0,0,0,0,0,0
403,403,PM6D,,63,1362,46,168.00,66.65,33.82,3466,231019.00
404,404,ARCPD,,69,1777,45,191.00,55.66,40.69,4059,225938.00
405,405,*NOUSE*,*NOUSE*,0,0,0,0,0,0,0,0
406,406,E2D,,66,1811,54,107.00,37.14,20.92,4821,179034.00
407,407,IND8,,70,493,56,87.00,28.15,12.35,7608,214145.00
408,408,*NOUSE*,*NOUSE*,0,0,0,0,0,0,0,0
409,409,INV8,,70,535,85,84.00,28.81,12.26,8378,241345.00
410,410,*NOUSE*,*NOUSE*,0,0,0,0,0,0,0,0
411,411,*NOUSE*,*NOUSE*,0,0,0,0,0,0,0,0
412,412,*NOUSE*,*NOUSE*,0,0,0,0,0,0,0,0
413,413,*NOUSE*,*NOUSE*,0,0,0,0,0,0,0,0
414,414,*NOUSE*,*NOUSE*,0,0,0,0,0,0,0,0
415,415,*NOUSE*,*NOUSE*,0,0,0,0,0,0,0,0
416,416,*NOUSE*,*NOUSE*,0,0,0,0,0,0,0,0
417,417,*NOUSE*,*NOUSE*,0,0,0,0,0,0,0,0
418,418,PM5DR,,68,1394,55,173.00,69.31,32.70,4728,327694.00
419,419,GLRVR,,68,1506,82,248.00,87.54,54.64,3550,310760.00
420,420,*NOUSE*,*NOUSE*,0,0,0,0,0,0,0,0
421,421,AIAR,,68,1450,90,243.00,104.88,54.28,3063,321244.00
422,422,PVT,,70,404,92,158.00,50.70,34.07,5077,257421.00
423,423,ARCAV,,68,1798,99,132.00,42.33,27.81,4395,186025.00
424,424,RIS,,69,1394,96,213.00,92.73,42.62,3399,315189.00
425,425,SABD,,68,1330,107,215.00,74.73,48.25,4099,306310.00
426,426,ADLR,,70,1444,42,148.00,55.64,30.61,4688,260853.00
427,427,*NOUSE*,*NOUSE*,0,0,0,0,0,0,0,0
428,428,*NOUSE*,*NOUSE*,0,0,0,0,0,0,0,0
429,429,*NOUSE*,*NOUSE*,0,0,0,0,0,0,0,0
430,430,IND5,,70,895,59,65.00,22.92, 8.74,8334,191053.00
431,431,MC2DR,,67,1416,62,144.00,62.29,29.10,3376,210307.00
432,432,*NOUSE*,*NOUSE*,0,0,0,0,0,0,0,0
433,433,M3R,,70,1578,75,182.00,66.32,38.92,4429,293752.00
434,434,HYP71,,70,239,87,140.00,40.46,25.75,3962,160316.00
435,435,*NOUSE*,*NOUSE*,0,0,0,0,0,0,0,0
436,436,HYP4V1,,68,1865,89,100.00,34.25,18.75,4303,147384.00
437,437,IL2VR,,69,1583,98,184.00,73.23,42.06,3679,269429.00
438,438,*NOUSE*,*NOUSE*,0,0,0,0,0,0,0,0
439,439,*NOUSE*,*NOUSE*,0,0,0,0,0,0,0,0
440,440,*NOUSE*,*NOUSE*,0,0,0,0,0,0,0,0
441,441,ASKR,,73,1467,43,156.00,56.40,32.67,4497,253613.00
442,442,*NOUSE*,*NOUSE*,0,0,0,0,0,0,0,0
443,443,*NOUSE*,*NOUSE*,0,0,0,0,0,0,0,0
444,444,PVR,,71,240,64,142.00,43.57,29.78,4892,213147.00
445,445,GLRR,,72,1494,79,215.00,95.11,47.17,3028,287997.00
446,446,*NOUSE*,*NOUSE*,0,0,0,0,0,0,0,0
447,447,*NOUSE*,*NOUSE*,0,0,0,0,0,0,0,0
448,448,*NOUSE*,*NOUSE*,0,0,0,0,0,0,0,0
449,449,*NOUSE*,*NOUSE*,0,0,0,0,0,0,0,0
450,450,DR13,,74,1060,43,153.00,45.29,31.63,2520,114142.00
451,451,G1P,,74,1319,51,151.00,44.96,28.50,5972,268485.00
452,452,*NOUSE*,*NOUSE*,0,0,0,0,0,0,0,0
453,453,*NOUSE*,*NOUSE*,0,0,0,0,0,0,0,0
454,454,HYP72,,72,214,79,139.00,38.73,25.35,5038,195104.00
455,455,*NOUSE*,*NOUSE*,0,0,0,0,0,0,0,0
456,456,*NOUSE*,*NOUSE*,0,0,0,0,0,0,0,0
457,457,*NOUSE*,*NOUSE*,0,0,0,0,0,0,0,0
458,458,*NOUSE*,*NOUSE*,0,0,0,0,0,0,0,0
459,459,DR5,,75,1565,33,154.00,63.50,30.34,1602,101735.00
460,460,URXR,,70,1486,41,164.00,69.44,38.39,4139,287408.00
461,461,DR21,,72,353,47,134.00,52.84,30.29,2828,149428.00
462,462,*NOUSE*,*NOUSE*,0,0,0,0,0,0,0,0
463,463,*NOUSE*,*NOUSE*,0,0,0,0,0,0,0,0
464,464,*NOUSE*,*NOUSE*,0,0,0,0,0,0,0,0
465,465,*NOUSE*,*NOUSE*,0,0,0,0,0,0,0,0
466,466,*NOUSE*,*NOUSE*,0,0,0,0,0,0,0,0
467,467,*NOUSE*,*NOUSE*,0,0,0,0,0,0,0,0
468,468,PM5R,,74,1393,69,166.00,72.53,33.85,3886,281847.00
469,469,*NOUSE*,*NOUSE*,0,0,0,0,0,0,0,0
470,470,PM1R,,75,1656,72,188.00,66.09,40.04,3397,224519.00
471,471,I1R,,75,1673,77,151.00,51.63,30.34,5639,291157.00
472,472,PM1VR,,72,1657,85,193.00,75.67,43.09,3026,228989.00
473,473,VR15,,74,885,103,155.00,42.64,30.64,6036,257369.00
474,474,*NOUSE*,*NOUSE*,0,0,0,0,0,0,0,0
475,475,*NOUSE*,*NOUSE*,0,0,0,0,0,0,0,0
476,476,*NOUSE*,*NOUSE*,0,0,0,0,0,0,0,0
477,477,*NOUSE*,*NOUSE*,0,0,0,0,0,0,0,0
478,478,*NOUSE*,*NOUSE*,0,0,0,0,0,0,0,0
479,479,virR,,73,389,60,142.00,47.48,28.10,5096,241946.00
480,480,*NOUSE*,*NOUSE*,0,0,0,0,0,0,0,0
481,481,*NOUSE*,*NOUSE*,0,0,0,0,0,0,0,0
482,482,DA9,,73,369,85,156.00,54.91,34.68,4434,243477.00
483,483,SIAVR,,75,1438,100,194.00,72.64,42.23,3985,289468.00
484,484,*NOUSE*,*NOUSE*,0,0,0,0,0,0,0,0
485,485,*NOUSE*,*NOUSE*,0,0,0,0,0,0,0,0
486,486,*NOUSE*,*NOUSE*,0,0,0,0,0,0,0,0
487,487,*NOUSE*,*NOUSE*,0,0,0,0,0,0,0,0
488,488,DR17,,76,740,46,141.00,45.82,30.05,4812,220501.00
489,489,*NOUSE*,*NOUSE*,0,0,0,0,0,0,0,0
490,490,ALNR,,72,300,61,168.00,61.78,37.62,3735,230743.00
491,491,*NOUSE*,*NOUSE*,0,0,0,0,0,0,0,0
492,492,*NOUSE*,*NOUSE*,0,0,0,0,0,0,0,0
493,493,HYP102,,72,93,76,94.00,33.13,18.61,4504,149204.00
494,494,*NOUSE*,*NOUSE*,0,0,0,0,0,0,0,0
495,495,*NOUSE*,*NOUSE*,0,0,0,0,0,0,0,0
496,496,*NOUSE*,*NOUSE*,0,0,0,0,0,0,0,0
497,497,*NOUSE*,*NOUSE*,0,0,0,0,0,0,0,0
498,498,INV6,,73,773,80,69.00,23.15, 8.03,8554,197991.00
499,499,*NOUSE*,*NOUSE*,0,0,0,0,0,0,0,0
500,500,G2R,,72,1313,86,215.00,77.61,50.29,3726,289173.00
501,501,*NOUSE*,*NOUSE*,0,0,0,0,0,0,0,0
502,502,*NOUSE*,*NOUSE*,0,0,0,0,0,0,0,0
503,503,CCRP,,77,1099,104,201.00,60.32,44.60,4647,280302.00
504,504,*NOUSE*,*NOUSE*,0,0,0,0,0,0,0,0
505,505,*NOUSE*,*NOUSE*,0,0,0,0,0,0,0,0
506,506,VR12,,78,1070,108,145.00,41.45,30.32,7141,295972.00
507,507,*NOUSE*,*NOUSE*,0,0,0,0,0,0,0,0
508,508,*NOUSE*,*NOUSE*,0,0,0,0,0,0,0,0
509,509,*NOUSE*,*NOUSE*,0,0,0,0,0,0,0,0
510,510,*NOUSE*,*NOUSE*,0,0,0,0,0,0,0,0
511,511,DR16,,76,836,52,167.00,45.53,32.44,4792,218162.00
512,512,*NOUSE*,*NOUSE*,0,0,0,0,0,0,0,0
513,513,LUAR,,76,315,66,197.00,64.13,43.78,3961,254016.00
514,514,PM4R,,77,1629,68,159.00,59.59,31.15,3943,234976.00
515,515,PM3R,,78,1695,71,123.00,45.36,21.75,3528,160031.00
516,516,*NOUSE*,*NOUSE*,0,0,0,0,0,0,0,0
517,517,E3VR,,76,1714,79,143.00,52.21,27.33,4866,254072.00
518,518,PM2VR2,,78,1766,81,137.00,44.31,29.44,4822,213643.00
519,519,PM6VR,,76,1361,82,158.00,55.31,31.29,4891,270501.00
520,520,*NOUSE*,*NOUSE*,0,0,0,0,0,0,0,0
521,521,PHAR,,75,335,82,179.00,60.45,39.18,4008,242278.00
522,522,PM2VR1,,77,1786,82,147.00,44.29,30.00,4966,219940.00
523,523,*NOUSE*,*NOUSE*,0,0,0,0,0,0,0,0
524,524,*NOUSE*,*NOUSE*,0,0,0,0,0,0,0,0
525,525,URAVR,,74,1567,95,196.00,78.30,41.67,3342,261678.00
526,526,SMBDR,,74,1456,103,195.00,77.03,42.89,3900,300419.00
527,527,VR9,,76,1293,105,157.00,50.92,33.22,5840,297377.00
528,528,*NOUSE*,*NOUSE*,0,0,0,0,0,0,0,0
529,529,*NOUSE*,*NOUSE*,0,0,0,0,0,0,0,0
530,530,*NOUSE*,*NOUSE*,0,0,0,0,0,0,0,0
531,531,*NOUSE*,*NOUSE*,0,0,0,0,0,0,0,0
532,532,*NOUSE*,*NOUSE*,0,0,0,0,0,0,0,0
533,533,M1,,75,1361,50,194.00,66.37,45.15,4310,286041.00
534,534,*NOUSE*,*NOUSE*,0,0,0,0,0,0,0,0
535,535,RIAR,,77,1485,53,167.00,71.00,37.87,3511,249273.00
536,536,*NOUSE*,*NOUSE*,0,0,0,0,0,0,0,0
537,537,*NOUSE*,*NOUSE*,0,0,0,0,0,0,0,0
538,538,AIBR,,77,1468,75,172.00,66.48,35.62,3703,246179.00
539,539,M2R,,75,1380,79,226.00,95.98,51.70,3073,294952.00
540,540,*NOUSE*,*NOUSE*,0,0,0,0,0,0,0,0
541,541,E2VR,,75,1817,80,99.00,34.70,19.92,5411,187781.00
542,542,PVCR,,75,309,76,173.00,64.74,41.23,3924,254032.00
543,543,*NOUSE*,*NOUSE*,0,0,0,0,0,0,0,0
544,544,*NOUSE*,*NOUSE*,0,0,0,0,0,0,0,0
545,545,*NOUSE*,*NOUSE*,0,0,0,0,0,0,0,0
546,546,SMDDR,,77,1475,101,170.00,66.30,37.01,3850,255240.00
547,547,*NOUSE*,*NOUSE*,0,0,0,0,0,0,0,0
548,548,*NOUSE*,*NOUSE*,0,0,0,0,0,0,0,0
549,549,VR11,,78,1160,107,159.00,46.98,34.77,5838,274295.00
550,550,CEPDR,,76,1502,36,204.00,73.39,46.55,3544,260101.00
551,551,*NOUSE*,*NOUSE*,0,0,0,0,0,0,0,0
552,552,*NOUSE*,*NOUSE*,0,0,0,0,0,0,0,0
553,553,*NOUSE*,*NOUSE*,0,0,0,0,0,0,0,0
554,554,*NOUSE*,*NOUSE*,0,0,0,0,0,0,0,0
555,555,DR20,,76,468,50,149.00,48.67,32.33,3117,151715.00
556,556,*NOUSE*,*NOUSE*,0,0,0,0,0,0,0,0
557,557,AWAR,,77,1453,59,159.00,66.96,35.23,3831,256520.00
558,558,INDR1,,80,1229,54,73.00,29.17,12.06,7635,222699.00
559,559,VPI2DR,,80,1302,60,166.00,54.66,39.26,4627,252921.00
560,560,G1AR,,78,1373,63,142.00,56.81,29.89,4268,242454.00
561,561,REPVR,,79,375,69,146.00,46.59,32.00,4937,230035.00
562,562,*NOUSE*,*NOUSE*,0,0,0,0,0,0,0,0
563,563,*NOUSE*,*NOUSE*,0,0,0,0,0,0,0,0
564,564,*NOUSE*,*NOUSE*,0,0,0,0,0,0,0,0
565,565,*NOUSE*,*NOUSE*,0,0,0,0,0,0,0,0
566,566,*NOUSE*,*NOUSE*,0,0,0,0,0,0,0,0
567,567,*NOUSE*,*NOUSE*,0,0,0,0,0,0,0,0
568,568,*NOUSE*,*NOUSE*,0,0,0,0,0,0,0,0
569,569,*NOUSE*,*NOUSE*,0,0,0,0,0,0,0,0
570,570,*NOUSE*,*NOUSE*,0,0,0,0,0,0,0,0
571,571,ASGR,,78,1434,54,179.00,69.58,38.11,3434,238921.00
572,572,ALMR,,84,1008,57,150.00,43.35,32.78,5644,244684.00
573,573,RIPR,,79,1562,64,155.00,58.82,31.36,4111,241829.00
574,574,*NOUSE*,*NOUSE*,0,0,0,0,0,0,0,0
575,575,RIBR,,79,1443,75,187.00,67.71,38.33,3926,265847.00
576,576,PM7VR,,80,1328,81,137.00,45.43,26.53,5649,256661.00
577,577,PVQR,,79,350,75,144.00,51.42,33.49,4584,235725.00
578,578,*NOUSE*,*NOUSE*,0,0,0,0,0,0,0,0
579,579,CEPsoVR,,79,1587,91,166.00,61.14,33.61,3861,236073.00
580,580,RMDDR,,79,1495,94,178.00,77.18,40.33,3172,244824.00
581,581,*NOUSE*,*NOUSE*,0,0,0,0,0,0,0,0
582,582,*NOUSE*,*NOUSE*,0,0,0,0,0,0,0,0
583,583,*NOUSE*,*NOUSE*,0,0,0,0,0,0,0,0
584,584,*NOUSE*,*NOUSE*,0,0,0,0,0,0,0,0
585,585,QR,,83,715,65,134.00,42.77,27.24,8520,364417.00
586,586,SIADR,,78,1454,90,209.00,95.35,44.45,3251,309999.00
587,587,*NOUSE*,*NOUSE*,0,0,0,0,0,0,0,0
588,588,*NOUSE*,*NOUSE*,0,0,0,0,0,0,0,0
589,589,*NOUSE*,*NOUSE*,0,0,0,0,0,0,0,0
590,590,DR6,,81,1538,38,123.00,47.82,25.30,3432,164111.00
591,591,DR12,,82,1098,46,147.00,42.39,29.18,5396,228758.00
592,592,*NOUSE*,*NOUSE*,0,0,0,0,0,0,0,0
593,593,AVBR,,78,1414,61,214.00,84.87,42.28,3711,314963.00
594,594,RIMR,,81,1425,75,167.00,68.22,34.36,4119,280987.00
595,595,*NOUSE*,*NOUSE*,0,0,0,0,0,0,0,0
596,596,*NOUSE*,*NOUSE*,0,0,0,0,0,0,0,0
597,597,AVKR,,80,1385,96,183.00,71.94,39.05,3875,278760.00
598,598,AIYR,,79,1406,93,193.00,82.98,42.12,3586,297559.00
599,599,*NOUSE*,*NOUSE*,0,0,0,0,0,0,0,0
600,600,*NOUSE*,*NOUSE*,0,0,0,0,0,0,0,0
601,601,*NOUSE*,*NOUSE*,0,0,0,0,0,0,0,0
602,602,*NOUSE*,*NOUSE*,0,0,0,0,0,0,0,0
603,603,*NOUSE*,*NOUSE*,0,0,0,0,0,0,0,0
604,604,ADFR,,82,1467,55,165.00,58.84,31.18,3902,229585.00
605,605,ARCPDR,,85,1673,60,163.00,48.68,33.92,4940,240487.00
606,606,OLLsoR,,85,1607,56,202.00,65.86,41.57,3831,252307.00
607,607,*NOUSE*,*NOUSE*,0,0,0,0,0,0,0,0
608,608,M,,81,644,69,74.00,24.13,10.09,8325,200906.00
609,609,*NOUSE*,*NOUSE*,0,0,0,0,0,0,0,0
610,610,CANR,,83,872,80,150.00,45.78,31.79,4627,211829.00
611,611,*NOUSE*,*NOUSE*,0,0,0,0,0,0,0,0
612,612,CEPshVR,,81,1538,86,158.00,56.93,32.53,4636,263935.00
613,613,URYVR,,82,1574,84,164.00,62.27,35.03,3967,247019.00
614,614,EXC GL R,,82,1330,100,174.00,48.93,35.40,5561,272096.00
615,615,*NOUSE*,*NOUSE*,0,0,0,0,0,0,0,0
616,616,*NOUSE*,*NOUSE*,0,0,0,0,0,0,0,0
617,617,*NOUSE*,*NOUSE*,0,0,0,0,0,0,0,0
618,618,*NOUSE*,*NOUSE*,0,0,0,0,0,0,0,0
619,619,HYP1R,,83,1653,54,181.00,62.96,36.63,4652,292886.00
620,620,*NOUSE*,*NOUSE*,0,0,0,0,0,0,0,0
621,621,P7/8R,,83,698,90,106.00,36.70,20.74,5445,199833.00
622,622,*NOUSE*,*NOUSE*,0,0,0,0,0,0,0,0
623,623,ILshR,,84,1677,90,177.00,55.45,35.65,3980,220683.00
624,624,*NOUSE*,*NOUSE*,0,0,0,0,0,0,0,0
625,625,HSNR,,84,785,101,181.00,47.15,37.21,6668,314411.00
626,626,*NOUSE*,*NOUSE*,0,0,0,0,0,0,0,0
627,627,*NOUSE*,*NOUSE*,0,0,0,0,0,0,0,0
628,628,CCRA,,84,1124,98,163.00,48.80,37.71,5414,264203.00
629,629,*NOUSE*,*NOUSE*,0,0,0,0,0,0,0,0
630,630,*NOUSE*,*NOUSE*,0,0,0,0,0,0,0,0
631,631,AMsoR,,87,1695,61,132.00,45.80,27.12,5140,235436.00
632,632,OLQshVR,,85,1660,88,157.00,52.39,31.26,4577,239791.00
633,633,*NOUSE*,*NOUSE*,0,0,0,0,0,0,0,0
634,634,*NOUSE*,*NOUSE*,0,0,0,0,0,0,0,0
635,635,DR1,,83,1744,56,115.00,39.52,20.48,6008,237414.00
636,636,ILshDR,,84,1624,55,167.00,62.76,37.38,4262,267499.00
637,637,*NOUSE*,*NOUSE*,0,0,0,0,0,0,0,0
638,638,*NOUSE*,*NOUSE*,0,0,0,0,0,0,0,0
639,639,IL1R,,84,1588,76,143.00,57.15,29.41,4072,232718.00
640,640,BDUR,,86,1199,81,185.00,51.82,40.38,4635,240172.00
641,641,V3R,,86,916,88,102.00,33.07,17.94,8906,294496.00
642,642,*NOUSE*,*NOUSE*,0,0,0,0,0,0,0,0
643,643,*NOUSE*,*NOUSE*,0,0,0,0,0,0,0,0
644,644,*NOUSE*,*NOUSE*,0,0,0,0,0,0,0,0
645,645,*NOUSE*,*NOUSE*,0,0,0,0,0,0,0,0
646,646,*NOUSE*,*NOUSE*,0,0,0,0,0,0,0,0
647,647,*NOUSE*,*NOUSE*,0,0,0,0,0,0,0,0
648,648,AWBR,,84,1446,47,178.00,64.58,37.24,3533,228161.00
649,649,*NOUSE*,*NOUSE*,0,0,0,0,0,0,0,0
650,650,AVHR,,85,1419,48,209.00,75.99,44.76,3429,260565.00
651,651,*NOUSE*,*NOUSE*,0,0,0,0,0,0,0,0
652,652,RMDR,,86,1505,81,156.00,54.56,33.33,5151,281024.00
653,653,XXXR,,87,1606,82,161.00,56.44,34.17,4174,235567.00
654,654,V2R,,89,1037,87,108.00,35.40,19.80,9783,346329.00
655,655,*NOUSE*,*NOUSE*,0,0,0,0,0,0,0,0
656,656,*NOUSE*,*NOUSE*,0,0,0,0,0,0,0,0
657,657,*NOUSE*,*NOUSE*,0,0,0,0,0,0,0,0
658,658,OLQshDR,,89,1639,58,161.00,52.74,32.78,4593,242256.00
659,659,AINR,,87,1391,62,172.00,69.36,37.02,3979,275979.00
660,660,*NOUSE*,*NOUSE*,0,0,0,0,0,0,0,0
661,661,*NOUSE*,*NOUSE*,0,0,0,0,0,0,0,0
662,662,*NOUSE*,*NOUSE*,0,0,0,0,0,0,0,0
663,663,AVAR,,88,1502,63,158.00,55.12,33.33,4640,255767.00
664,664,ADEshR,,88,1294,76,174.00,47.38,33.25,5248,248643.00
665,665,V4R,,88,746,84,93.00,32.35,17.22,7223,233679.00
666,666,V5R,,90,592,85,126.00,37.87,24.77,9065,343294.00
667,667,*NOUSE*,*NOUSE*,0,0,0,0,0,0,0,0
668,668,*NOUSE*,*NOUSE*,0,0,0,0,0,0,0,0
669,669,RMDVR,,90,1524,57,152.00,48.50,29.81,5056,245228.00
670,670,*NOUSE*,*NOUSE*,0,0,0,0,0,0,0,0
671,671,*NOUSE*,*NOUSE*,0,0,0,0,0,0,0,0
672,672,OLLshR,,90,1627,75,147.00,52.95,33.46,5165,273507.00
673,673,*NOUSE*,*NOUSE*,0,0,0,0,0,0,0,0
674,674,*NOUSE*,*NOUSE*,0,0,0,0,0,0,0,0
675,675,ASJR,,89,1433,85,124.00,52.73,24.27,5160,272081.00
676,676,*NOUSE*,*NOUSE*,0,0,0,0,0,0,0,0
677,677,SIBDR,,88,1488,83,166.00,60.77,35.80,4969,301988.00
678,678,*NOUSE*,*NOUSE*,0,0,0,0,0,0,0,0
679,679,*NOUSE*,*NOUSE*,0,0,0,0,0,0,0,0
680,680,*NOUSE*,*NOUSE*,0,0,0,0,0,0,0,0
681,681,*NOUSE*,*NOUSE*,0,0,0,0,0,0,0,0
682,682,*NOUSE*,*NOUSE*,0,0,0,0,0,0,0,0
683,683,*NOUSE*,*NOUSE*,0,0,0,0,0,0,0,0
684,684,*NOUSE*,*NOUSE*,0,0,0,0,0,0,0,0
685,685,*NOUSE*,*NOUSE*,0,0,0,0,0,0,0,0
686,686,HYP7RC1,,90,1103,63,88.00,26.56,13.16,7317,194367.00
687,687,AVDR,,91,1408,67,178.00,70.27,40.59,3845,270193.00
688,688,*NOUSE*,*NOUSE*,0,0,0,0,0,0,0,0
689,689,HYP5R,,88,1779,70,93.00,32.29,15.10,5988,193335.00
690,690,ASHR,,89,1452,68,119.00,53.85,25.75,4690,252551.00
691,691,V1R,,91,1169,76,94.00,29.66,15.07,7211,213876.00
692,692,P1/2R,,90,1097,93,136.00,36.92,22.17,6492,239707.00
693,693,*NOUSE*,*NOUSE*,0,0,0,0,0,0,0,0
694,694,*NOUSE*,*NOUSE*,0,0,0,0,0,0,0,0
695,695,*NOUSE*,*NOUSE*,0,0,0,0,0,0,0,0
696,696,ASER,,91,1430,63,125.00,54.70,25.00,4671,255507.00
697,697,*NOUSE*,*NOUSE*,0,0,0,0,0,0,0,0
698,698,*NOUSE*,*NOUSE*,0,0,0,0,0,0,0,0
699,699,*NOUSE*,*NOUSE*,0,0,0,0,0,0,0,0
700,700,*NOUSE*,*NOUSE*,0,0,0,0,0,0,0,0
701,701,*NOUSE*,*NOUSE*,0,0,0,0,0,0,0,0
702,702,IL2R,,90,1602,69,134.00,46.55,24.86,4124,191981.00
703,703,ADER,,88,1382,77,198.00,83.25,44.11,3121,259810.00
704,704,*NOUSE*,*NOUSE*,0,0,0,0,0,0,0,0
705,705,AWCR,,90,1472,80,162.00,54.50,29.79,5075,276591.00
706,706,*NOUSE*,*NOUSE*,0,0,0,0,0,0,0,0
707,707,AUAR,,90,1453,87,160.00,57.10,36.05,4851,276996.00
708,708,RICR,,92,1411,82,188.00,58.91,36.74,4999,294504.00
709,709,ADAR,,94,1374,87,166.00,50.36,35.90,6432,323918.00
710,710,*NOUSE*,*NOUSE*,0,0,0,0,0,0,0,0
711,711,*NOUSE*,*NOUSE*,0,0,0,0,0,0,0,0
712,712,HYP7RC5,,89,549,57,73.00,27.13,13.45,7149,193976.00
713,713,*NOUSE*,*NOUSE*,0,0,0,0,0,0,0,0
714,714,HYP7ABR3,,92,1220,71,93.00,29.77,14.87,7177,213648.00
715,715,*NOUSE*,*NOUSE*,0,0,0,0,0,0,0,0
716,716,*NOUSE*,*NOUSE*,0,0,0,0,0,0,0,0
717,717,*NOUSE*,*NOUSE*,0,0,0,0,0,0,0,0
718,718,*NOUSE*,*NOUSE*,0,0,0,0,0,0,0,0
719,719,RMGR,,92,1358,85,148.00,45.51,30.91,6449,293484.00
720,720,*NOUSE*,*NOUSE*,0,0,0,0,0,0,0,0
721,721,*NOUSE*,*NOUSE*,0,0,0,0,0,0,0,0
722,722,*NOUSE*,*NOUSE*,0,0,0,0,0,0,0,0
723,723,*NOUSE*,*NOUSE*,0,0,0,0,0,0,0,0
724,724,*NOUSE*,*NOUSE*,0,0,0,0,0,0,0,0
725,725,*NOUSE*,*NOUSE*,0,0,0,0,0,0,0,0
726,726,*NOUSE*,*NOUSE*,0,0,0,0,0,0,0,0
727,727,*NOUSE*,*NOUSE*,0,0,0,0,0,0,0,0
728,728,*NOUSE*,*NOUSE*,0,0,0,0,0,0,0,0
729,729,*NOUSE*,*NOUSE*,0,0,0,0,0,0,0,0
730,730,*NOUSE*,*NOUSE*,0,0,0,0,0,0,0,0
731,731,*NOUSE*,*NOUSE*,0,0,0,0,0,0,0,0
732,732,HYP7ABRD,,95,1279,65,89.00,29.22,14.13,8851,258596.00
733,733,*NOUSE*,*NOUSE*,0,0,0,0,0,0,0,0
734,734,*NOUSE*,*NOUSE*,0,0,0,0,0,0,0,0
735,735,*NOUSE*,*NOUSE*,0,0,0,0,0,0,0,0
736,736,*NOUSE*,*NOUSE*,0,0,0,0,0,0,0,0
737,737,*NOUSE*,*NOUSE*,0,0,0,0,0,0,0,0
738,738,*NOUSE*,*NOUSE*,0,0,0,0,0,0,0,0
739,739,*NOUSE*,*NOUSE*,0,0,0,0,0,0,0,0
740,740,*NOUSE*,*NOUSE*,0,0,0,0,0,0,0,0
741,741,*NOUSE*,*NOUSE*,0,0,0,0,0,0,0,0
742,742,*NOUSE*,*NOUSE*,0,0,0,0,0,0,0,0
743,743,*NOUSE*,*NOUSE*,0,0,0,0,0,0,0,0
744,744,*NOUSE*,*NOUSE*,0,0,0,0,0,0,0,0
745,745,*NOUSE*,*NOUSE*,0,0,0,0,0,0,0,0
746,746,*NOUSE*,*NOUSE*,0,0,0,0,0,0,0,0
747,747,*NOUSE*,*NOUSE*,0,0,0,0,0,0,0,0
748,748,RID,*MANUAL*$391$363,63,1519,29,186.00,51.57,35.33,4941,254785.00
749,749,RMED,*MANUAL*,65,1545,36,194.00,91.27,43.80,2089,190667.00
750,750,OLQDL,*MANUAL*,56,1553,41,232.00,144.99,37.24,1365,197914.00
751,751,OLQDR,*MANUAL*,68,1560,42,201.00,134.98,32.60,1344,181413.00
752,752,IL1DR,*MANUAL*,65,1579,46,214.00,118.35,40.70,1357,160595.00
753,753,IL1DL,*MANUAL*,57,1572,47,239.00,138.69,42.85,1862,258238.00
754,754,CEPshDL,*MANUAL*$119$120,45,1544,49,213.00,70.56,41.91,3627,255925.00
755,755,URADL,*MANUAL*,49,1579,47,251.00,147.25,58.08,1765,259891.00
756,756,RMEL,*MANUAL*,45,1548,63,208.00,100.95,42.29,1986,200486.00
757,757,OLLL,*MANUAL*,48,1584,60,229.00,116.77,39.79,1789,208897.00
758,758,CEPsoDL,*MANUAL*,42,1588,49,240.00,109.27,62.37,2073,226510.00
759,759,OLQshDL,*MANUAL*,41,1600,55,248.00,108.42,61.22,1763,191145.00
760,760,OLLsoL,*MANUAL*,45,1609,54,245.00,108.75,54.59,2103,228708.00
761,761,AMsoL,*MANUAL*,44,1664,57,190.00,84.37,49.67,2969,250495.00
762,762,ARCPDL,*MANUAL*,40,1682,62,174.00,77.23,39.86,2103,162414.00
763,763,ARCPVL,*MANUAL*,42,1720,80,184.00,77.00,40.50,2103,161932.00
764,764,ILsoL,*MANUAL*,43,1697,81,187.00,96.28,35.18,2103,202470.00
765,765,OLLshL,*MANUAL*,37,1621,80,223.00,99.74,48.99,2013,200771.00
766,766,URBL,*MANUAL*,40,1579,65,236.00,103.51,59.48,2103,217677.00
767,767,BAGL,*MANUAL*,40,1558,67,223.00,106.61,41.79,2103,224199.00
768,768,CEPsoVL,*MANUAL*,45,1585,86,232.00,108.67,46.74,1865,202666.00
769,769,OLQVL,*MANUAL*,46,1554,80,219.00,105.22,40.76,1993,209710.00
770,770,CEPshVL,*MANUAL*,43,1537,82,220.00,83.60,41.91,2097,175315.00
771,771,CEPshDR,*MANUAL*,79,1551,47,176.00,92.72,30.57,2090,193785.00
772,772,URYDR,*MANUAL*,73,1571,47,213.00,119.37,41.30,1839,219514.00
773,773,URADR,*MANUAL*,72,1586,50,232.00,117.68,48.21,1866,219595.00
774,774,RMER,*MANUAL*,81,1547,61,179.00,82.21,32.04,2066,169852.00
775,775,OLLR,*MANUAL*,79,1575,56,198.00,103.20,32.58,2057,212273.00
776,776,IL2DR,*MANUAL*,74,1610,44,173.00,90.92,36.77,1869,169923.00
777,777,CEPsoDR,*MANUAL*,79,1593,57,236.00,103.46,43.22,2103,217567.00
778,778,ARCADR,*MANUAL*$699$698,90,1721,64,130.00,42.62,24.43,4811,205039.00
779,779,ARCPVR,*MANUAL*,87,1728,77,156.00,81.30,29.19,2103,170982.00
780,780,ILsoR,*MANUAL*,89,1704,79,168.00,79.23,31.21,2103,166623.00
781,781,OLQsoVR,*MANUAL*,88,1687,85,177.00,73.14,33.52,2103,153813.00
782,782,URBR,*MANUAL*,87,1579,66,160.00,83.56,29.38,2103,175735.00
783,783,BAGR,*MANUAL*,87,1555,78,137.00,67.13,26.26,2626,176278.00
784,784,OLQVR,*MANUAL*,78,1556,86,166.00,99.01,29.36,2103,208217.00
785,785,CEPVR,*MANUAL*,68,1540,94,194.00,111.27,35.23,2100,233662.00
786,786,URAVL,*MANUAL*,50,1564,88,223.00,107.39,46.07,2037,218751.00
787,787,IL1VL,*MANUAL*,64,1558,93,190.00,112.46,37.93,2047,230214.00
788,788,IL1VR,*MANUAL*,59,1571,94,221.00,110.67,44.78,2047,226541.00
789,789,IL2VL,*MANUAL*,51,1580,96,210.00,90.98,46.44,2103,191335.00
790,790,HYP4D,*MANUAL*$428$427,68,1876,50,90.00,31.99,15.23,4817,154117.00
791,791,ILsoDR,*MANUAL*,73,1746,45,200.00,85.80,40.82,1528,131110.00
792,792,OLQsoDR,*MANUAL*,70,1713,43,174.00,90.49,35.77,1802,163064.00
793,793,OLQsoDL,*MANUAL*,56,1751,47,207.00,98.44,49.02,1548,152380.00
794,794,HYP6D1,*MANUAL*,64,1750,40,173.00,65.73,41.10,2969,195165.00
795,795,HYP6D2,*MANUAL*,62,1705,39,170.00,66.41,36.25,2969,197160.00
796,796,HYP7D1,*MANUAL*,61,1573,34,173.00,46.27,26.09,4139,191510.00
797,797,HYP7D2,*MANUAL*$374$362,62,1467,26,144.00,42.63,21.22,4251,181224.00
798,798,HYP4V2,*MANUAL*$411$416,66,1828,94,136.00,40.92,26.90,4210,172261.00
799,799,HYP2V,*MANUAL*,63,1777,102,140.00,59.34,30.95,1949,115659.00
800,800,ARCPV,*MANUAL*,69,1767,101,151.00,80.24,34.68,2103,168735.00
801,801,HYP1V,*MANUAL*,68,1747,102,149.00,56.25,37.59,2835,159455.00
802,802,ILsoVL,*MANUAL*,60,1737,101,170.00,69.65,41.60,2103,146480.00
803,803,ILshVL,*MANUAL*,58,1705,100,190.00,77.53,39.75,2571,199328.00
804,804,ILsoVR,*MANUAL*,70,1726,99,188.00,79.16,38.60,1949,154275.00
805,805,ILshVR,*MANUAL*,69,1704,99,193.00,94.60,40.24,2103,198947.00
806,806,HYP6V1,*MANUAL*,64,1719,107,119.00,43.29,25.71,2969,128521.00
807,807,HYP6V2,*MANUAL*$386$387,63,1644,111,111.00,41.53,18.88,4638,192623.00
808,808,HYP7V1,*MANUAL*$356$340,60,1591,108,124.00,43.74,20.14,5220,228342.00
809,809,M3L,*MANUAL*,54,1583,79,241.00,117.39,53.64,2103,246865.00
810,810,NSMR,*MANUAL*,77,1614,81,163.00,94.65,30.15,2103,199040.00
811,811,MI,*MANUAL*,59,1629,50,200.00,124.61,37.38,1629,202982.00
812,812,PM4DR,*MANUAL*,68,1628,52,189.00,95.97,36.42,2103,201820.00
813,813,PM4L,*MANUAL*,46,1628,75,191.00,100.85,43.05,2087,210473.00
814,814,PM4VR,*MANUAL*,69,1630,93,135.00,57.64,24.00,2786,160577.00
815,815,PM4VL,*MANUAL*,56,1631,94,159.00,75.00,29.40,1861,139579.00
816,816,MCL,*MANUAL*,54,1641,81,236.00,121.87,42.76,1364,166229.00
817,817,I2L,*MANUAL*,46,1632,88,216.00,117.75,44.67,2103,247638.00
818,818,MCR,*MANUAL*,69,1638,78,214.00,123.46,40.71,1307,161365.00
819,819,I2R,*MANUAL*,78,1636,83,215.00,114.27,43.52,1365,155972.00
820,820,PM1DL,*MANUAL*,56,1653,55,238.00,126.16,53.68,1005,126788.00
821,821,PM1DR,*MANUAL*,64,1645,54,232.00,102.52,48.50,2103,215603.00
822,822,PM1L,*MANUAL*,50,1653,77,233.00,117.12,52.00,1361,159406.00
823,823,PM1VL,*MANUAL*,55,1656,90,218.00,118.23,37.08,994,117517.00
824,824,MC1V,*MANUAL*,64,1653,89,220.00,94.12,42.42,2969,279452.00
825,825,MC1DL,*MANUAL*,50,1649,63,214.00,71.54,32.76,2969,212388.00
826,826,MC1DR,*MANUAL*$491$512,75,1650,61,156.00,63.38,29.10,2487,157615.00
827,827,PM2D1,*MANUAL*,66,1775,54,128.00,59.78,32.47,2103,125720.00
828,828,PM2D2,*MANUAL*,66,1750,54,154.00,65.38,34.12,2103,137493.00
829,829,E1D,*MANUAL*,66,1719,52,182.00,102.48,32.99,1313,134557.00
830,830,PM2VL2,*MANUAL*,56,1758,81,194.00,75.27,44.93,2042,153700.00
831,831,E1VL,*MANUAL*,52,1732,80,182.00,80.41,41.10,1805,145140.00
832,832,E1VR,*MANUAL*,78,1742,78,160.00,69.54,36.68,1633,113559.00
833,833,PM3DR,*MANUAL*,69,1698,55,115.00,40.92,17.04,2969,121486.00
834,834,PM3DL,*MANUAL*,59,1729,56,164.00,58.44,29.65,2969,173496.00
835,835,PM3VL,*MANUAL*,59,1727,82,171.00,57.13,27.15,1845,105403.00
836,836,PM3VR,*MANUAL*,72,1734,82,148.00,47.07,20.88,2969,139759.00
837,837,RICL,*MANUAL*,34,1402,76,220.00,107.40,55.36,1997,214484.00
838,838,AIZL,*MANUAL*,41,1395,71,233.00,159.40,33.95,1365,217576.00
839,839,ASEL,*MANUAL*,37,1426,57,185.00,98.80,40.24,1312,129628.00
840,840,AVHL,*MANUAL*,41,1412,44,239.00,105.00,61.75,2103,220825.00
841,841,SMDVL,*MANUAL*,44,1481,45,199.00,88.52,40.93,2693,238390.00
842,842,GLRDL,*MANUAL*,55,1506,48,247.00,127.61,45.68,1365,174184.00
843,843,GLRDR,*MANUAL*,69,1509,47,224.00,133.11,45.50,1235,164396.00
844,844,SAAVR,*MANUAL*,76,1505,55,212.00,112.87,40.32,2085,235342.00
845,845,ASIL,*MANUAL*,54,1414,40,189.00,85.54,39.57,2103,179901.00
846,846,ASIR,*MANUAL*,72,1419,43,169.00,83.75,34.69,2103,176134.00
847,847,RIVL,*MANUAL*,50,1397,38,219.00,108.71,52.29,2029,220568.00
848,848,RIVR,*MANUAL*,78,1401,46,206.00,104.77,42.64,1916,200735.00
849,849,RIAL,*MANUAL*,50,1474,52,226.00,108.76,47.64,2103,228715.00
850,850,RIBL,*MANUAL*,47,1423,59,230.00,119.53,49.39,2103,251366.00
851,851,AIZR,*MANUAL*,82,1402,76,199.00,110.85,34.35,1829,202752.00
852,852,FLPR,*MANUAL*,90,1395,81,192.00,107.12,34.26,2103,225278.00
853,853,AVJR,*MANUAL*,88,1403,52,199.00,93.03,40.59,2103,195645.00
854,854,SMDVR,*MANUAL*,85,1496,49,186.00,88.89,42.31,2103,186931.00
855,855,AFDR,*MANUAL*,88,1482,64,142.00,70.75,26.11,2093,148070.00
856,856,EXC,*MANUAL*,52,1414,87,144.00,53.46,19.40,4035,215729.00
857,857,RIML,*MANUAL*,43,1414,73,215.00,122.28,35.80,1365,166910.00
858,858,AVER,*MANUAL*,79,1492,69,166.00,93.05,31.79,2103,195690.00
859,859,RMDDL,*MANUAL*,43,1490,91,220.00,104.76,54.26,1895,198524.00
860,860,SMDDL,*MANUAL*,44,1468,95,248.00,120.78,48.09,1629,196758.00
861,861,EXC DUCT,*MANUAL*$420$435,69,1431,88,169.00,67.11,35.11,4707,315871.00
862,862,SIADL,*MANUAL*,43,1433,92,235.00,107.20,52.76,1959,210004.00
863,863,SIBVR,*MANUAL*,78,1476,88,208.00,106.40,40.36,2082,221523.00
864,864,SIBVL,*MANUAL*,44,1477,83,252.00,154.76,46.41,1170,181070.00
865,865,RIH,*MANUAL*,60,1489,88,226.00,155.32,30.47,1014,157495.00
866,866,SAADL,*MANUAL*,51,1489,86,247.00,172.91,37.59,1365,236023.00
867,867,SAADR,*MANUAL*,70,1488,90,237.00,147.00,34.42,1365,200649.00
868,868,SMBVR,*MANUAL*,67,1470,89,207.00,130.22,34.34,1357,176711.00
869,869,SMBVL,*MANUAL*,53,1470,94,243.00,134.89,50.43,2019,272349.00
870,870,RIR,*MANUAL*,52,1473,81,251.00,132.18,55.29,2103,277969.00
871,871,SIAVL,*MANUAL*,51,1436,83,236.00,123.90,42.66,2103,260567.00
872,872,MC2V,*MANUAL*,62,1407,78,172.00,79.73,30.53,2082,165994.00
873,873,PM5VR,*MANUAL*,66,1388,83,187.00,108.68,27.06,1255,136390.00
874,874,PM5VL,*MANUAL*,57,1385,83,211.00,118.17,34.31,1361,160825.00
875,875,MC3DR,*MANUAL*$592$607,82,1335,60,138.00,47.40,26.50,5258,249246.00
876,876,INVR1,*MANUAL*$524$544$545,75,1236,95,88.00,31.61,13.73,7951,251330.00
877,877,IND2,*MANUAL*,73,1166,50,59.00,27.03, 9.80,4139,111886.00
878,878,IND9,*MANUAL*$255$285,57,425,56,89.00,33.29,15.97,5747,191339.00
879,879,INV9,*MANUAL*,66,433,92,84.00,34.72,15.78,3989,138513.00
880,880,HYP9,*MANUAL*$481$496,73,148,79,124.00,35.51,20.36,4972,176573.00
881,881,HYP101,*MANUAL*$494$495,74,126,75,116.00,36.90,22.35,4626,170684.00
882,882,HYP8,*MANUAL*,74,185,78,119.00,50.14,23.15,2821,141435.00
883,883,HYP11,*MANUAL*,68,177,69,117.00,44.48,22.70,2969,132073.00
884,884,TR,*MANUAL*$536$469,76,265,68,104.00,33.28,16.87,7705,256403.00
885,885,TL,*MANUAL*$290$291,59,251,70,111.00,34.36,16.93,8026,275734.00
886,886,PHshL,*MANUAL*,59,287,71,176.00,100.73,35.22,1365,137497.00
887,887,SPH,*MANUAL*,54,392,72,191.00,117.71,30.94,1039,122302.00
888,888,PLMR,*MANUAL*,72,276,83,156.00,82.03,31.53,2103,172515.00
889,889,PHshR,*MANUAL*,71,290,72,179.00,84.33,39.17,2103,177348.00
890,890,PHBR,*MANUAL*,78,331,72,167.00,84.27,29.06,2103,177225.00
891,891,K,*MANUAL*,60,346,55,155.00,84.50,23.29,1767,149309.00
892,892,VR20,*MANUAL*,70,301,87,150.00,71.49,28.56,2013,143904.00
893,893,VL19,*MANUAL*,58,301,86,158.00,78.12,30.65,2103,164291.00
894,894,YPDA,*MANUAL*$351$372,63,353,96,148.00,51.90,31.31,4063,210851.00
895,895,DA8,*MANUAL*,56,376,87,232.00,116.93,39.24,1274,148968.00
896,896,PVPL,*MANUAL*,56,391,87,186.00,118.15,31.93,1235,145916.00
897,897,PVPR,*MANUAL*,75,387,85,195.00,96.46,46.14,1153,111223.00
898,898,DD6,*MANUAL*,64,384,83,213.00,127.89,44.61,2103,268955.00
899,899,IMR,*MANUAL*,79,436,90,129.00,58.39,25.97,2103,122798.00
900,900,DA6,*MANUAL*,63,649,106,207.00,86.92,48.21,2103,182785.00
901,901,DD3,*MANUAL*,63,938,111,199.00,83.21,46.36,2103,174996.00
902,902,DB4,*MANUAL*,58,1057,113,187.00,82.41,42.14,2103,173312.00
903,903,RIFR,*MANUAL*,67,1358,107,227.00,124.63,55.59,1365,170118.00
904,904,SABVR,*MANUAL*,66,1374,107,245.00,135.40,56.38,1240,167896.00
905,905,SABVL,*MANUAL*,56,1374,108,247.00,151.57,62.06,1365,206899.00
906,906,AIML,*MANUAL*,53,1395,91,239.00,153.11,44.16,1365,208998.00
907,907,AIMR,*MANUAL*,68,1408,90,233.00,147.27,36.13,1365,201029.00
908,908,H1L,*MANUAL*,38,1534,66,164.00,43.50,25.53,4139,180040.00
909,909,H2L,*MANUAL*$19$26,36,1308,65,117.00,35.60,18.71,7545,268575.00
910,910,AMshL,*MANUAL*$49$38,41,1377,45,166.00,55.76,27.65,4330,241450.00
911,911,HYP7ABLV,*MANUAL*$79$69,40,1235,71,102.00,33.21,16.81,6980,231788.00
912,912,V2L,*MANUAL*$72$56$57,41,1037,83,126.00,36.63,22.52,9616,352201.00
913,913,P3/4L,*MANUAL*$93$105,44,976,89,171.00,41.62,28.89,5068,210944.00
914,914,P7/8L,*MANUAL*$45$60,41,677,82,136.00,40.28,26.07,7119,286788.00
915,915,IND7,*MANUAL*,72,602,50,136.00,25.93,13.23,4065,105387.00
916,916,P11/12L,*MANUAL*,47,397,77,183.00,42.94,36.23,4139,177745.00
917,917,HYP7LC1,*MANUAL*$124$121,45,1123,59,89.00,30.74,16.25,6037,185581.00
918,918,HYP7LC2,*MANUAL*$101$123,45,1005,60,97.00,29.50,15.47,6729,198481.00
919,919,HYP7LC3,*MANUAL*$33$67$86,42,881,59,113.00,30.82,17.25,8204,252884.00
920,920,HYP7LC4,*MANUAL*$102$103,45,667,58,99.00,30.17,15.16,7802,235361.00
921,921,HYP7LC5,*MANUAL*$207$209,51,547,55,104.00,32.17,16.90,7187,231175.00
922,922,HYP7LC6,*MANUAL*,51,341,54,127.00,37.11,23.21,4139,153604.00
923,923,CANL,*MANUAL*,44,836,74,199.00,84.65,38.72,2103,178028.00
924,924,H0R,*MANUAL*$725$728,93,1673,75,102.00,36.62,17.30,6343,232252.00
925,925,H1R,*MANUAL*,91,1539,70,97.00,37.41,15.26,4139,154835.00
926,926,H2R,*MANUAL*$735$737$740,95,1317,72,84.00,30.18,12.46,7972,240602.00
927,927,AMshR,*MANUAL*$721$722,92,1333,52,106.00,35.07,17.08,6566,230283.00
928,928,HYP7ABRV,*MANUAL*$716$706$718,90,1253,79,95.00,29.43,14.21,6915,203498.00
929,929,P3/4R,*MANUAL*$693$710,90,981,94,98.00,35.19,18.56,6500,228747.00
930,930,P5/6R,*MANUAL*,86,868,96,113.00,40.70,20.44,2881,117266.00
931,931,P9/10R,*MANUAL*$667$678,88,552,87,113.00,36.50,20.73,6053,220930.00
932,932,V6R,*MANUAL*$674$670$701,87,483,74,73.00,26.88,12.48,7231,194367.00
933,933,P11/12R,*MANUAL*,83,394,81,136.00,42.40,26.44,4139,175476.00
934,934,HYP7RC2,*MANUAL*$724$723,93,984,70,69.00,25.48,11.64,7107,181063.00
935,935,HYP7RC3,*MANUAL*$662$671,86,847,73,78.00,26.92,11.72,5191,139734.00
936,936,HYP7RC4,*MANUAL*$657$697,88,686,61,73.00,25.57,11.35,5465,139751.00
937,937,K',*MANUAL*,74,359,59,165.00,61.59,31.85,2103,129526.00
938,938,HYP7RC6,*MANUAL*,79,333,56,76.00,31.54,13.35,2969,93639.00
939,939,DL5,*MANUAL*,45,1544,38,160.00,66.59,33.70,2103,140041.00
940,940,DL6,*MANUAL*,51,1528,32,149.00,62.49,32.66,2969,185530.00
941,941,HMC,*MANUAL*,64,1396,35,185.00,90.77,38.16,2850,258706.00
942,942,DL7,*MANUAL*$250$251,56,1384,30,164.00,62.86,37.04,3579,224962.00
943,943,DL8,*MANUAL*$159$160,49,1339,32,149.00,45.63,29.52,5652,257929.00
944,944,DL9,*MANUAL*$252$240,56,1290,34,160.00,51.39,35.05,4747,243940.00
945,945,DL16,*MANUAL*$283$267,58,768,52,158.00,45.67,31.56,4591,209681.00
946,946,DL18,*MANUAL*,60,594,47,170.00,56.17,36.63,2969,166758.00
947,947,DL20,*MANUAL*$299$298,60,469,50,145.00,47.48,31.36,4412,209464.00
948,948,VL1,*MANUAL*,46,1752,86,170.00,50.49,33.14,2969,149919.00
949,949,VL8,*MANUAL*$97$96,43,1333,95,178.00,49.71,32.25,5142,255585.00
950,950,VL9,*MANUAL*$202$193,51,1266,105,168.00,52.39,36.10,5383,281997.00
951,951,VL17,*MANUAL*$308$260,58,603,99,172.00,43.35,31.36,6352,275336.00
952,952,VL18,*MANUAL*$259$258,55,512,93,152.00,45.10,29.95,5488,247522.00
953,953,DR2,*MANUAL*$651$601,81,1703,50,118.00,48.09,21.46,4253,204525.00
954,954,DR3,*MANUAL*$556$568,77,1663,42,126.00,45.43,23.49,5136,233314.00
955,955,DR4,*MANUAL*,84,1608,46,134.00,54.50,34.26,2103,114614.00
956,956,DR7,*MANUAL*,73,1402,33,166.00,74.85,36.29,1365,102166.00
957,957,DR8,*MANUAL*$600$589,81,1353,34,150.00,42.55,27.62,5708,242850.00
958,958,DR9,*MANUAL*$530$508,76,1312,31,157.00,48.63,32.59,4958,241110.00
959,959,DR10,*MANUAL*$566$551,79,1276,38,122.00,43.71,25.85,5074,221765.00
960,960,DR11,*MANUAL*$531$567,78,1210,38,137.00,45.17,30.17,4704,212489.00
961,961,DR14,*MANUAL*$617$629,83,974,49,134.00,42.69,27.90,5129,218954.00
962,962,DR15,*MANUAL*$477$486,73,929,45,155.00,46.94,31.80,4945,232137.00
963,963,DR18,*MANUAL*$487$510,74,668,43,156.00,47.54,32.74,4846,230364.00
964,964,DR19,*MANUAL*,76,560,43,164.00,66.15,38.35,2103,139109.00
965,965,VR1,*MANUAL*$655$646,84,1728,90,100.00,43.34,18.32,4212,182554.00
966,966,VR2,*MANUAL*$668$622,81,1703,97,126.00,49.17,23.42,3245,159570.00
967,967,VR3,*MANUAL*$563$582,77,1670,103,129.00,44.51,22.92,4554,202721.00
968,968,VR4,*MANUAL*$626$627,81,1608,100,112.00,45.26,20.52,4630,209573.00
969,969,*NOUSE*,*NOUSE*,0,0,0,0,0,0,0,0
970,970,VR5,*MANUAL*$969$588$564,76,1535,103,115.00,47.28,23.17,3930,185810.00
971,971,VR6,*MANUAL*$633$634,84,1520,94,116.00,39.70,20.58,5215,207056.00
972,972,VR7,*MANUAL*$507$485,74,1407,107,153.00,58.04,31.16,5163,299643.00
973,973,VR8,*MANUAL*$587$615,80,1360,102,140.00,49.87,31.95,5254,262002.00
974,974,*NOUSE*,*NOUSE*,0,0,0,0,0,0,0,0
975,975,VR10,*MANUAL*$974$616,79,1218,110,164.00,57.51,34.81,3461,199051.00
976,976,VR13,*MANUAL*$529$528,76,1021,110,203.00,44.87,31.87,5956,267265.00
977,977,VR14,*MANUAL*$547$548,77,936,107,147.00,40.24,27.54,7330,294989.00
978,978,VR16,*MANUAL*$505$565,77,767,105,148.00,46.16,30.20,6381,294518.00
979,979,VR17,*MANUAL*$484$502,74,682,98,170.00,47.28,31.42,5094,240845.00
980,980,VR18,*MANUAL*$583$599,80,585,99,139.00,39.96,27.17,6661,266166.00
981,981,VR19,*MANUAL*$596$581,78,491,98,132.00,42.14,26.18,6169,259931.00
982,982,*NOUSE*,*NOUSE*,0,0,0,0,0,0,0,0
983,983,Z3,*MANUAL*$277$982,58,786,99,179.00,46.50,30.54,14295,664648.00
984,984,Z2,*MANUAL*$397$382,70,830,100,172.00,42.21,25.78,13726,579396.00
985,985,Z1,*MANUAL*,76,858,99,112.00,53.01,17.14,2103,111485.00
986,986,VL5,*MANUAL*$190$191,48,1535,98,159.00,58.71,31.05,4333,254380.00
987,987,F1,*MANUAL*,70,1915,69,14.00, 4.28, 2.23,895,3833.00
988,988,F2,*MANUAL*,67,1789,70,13.00, 3.11, 2.06,895,2784.00
989,989,F3,*MANUAL*,67,1711,68,29.00, 8.70, 3.18,895,7787.00
990,990,F4,*MANUAL*,67,1607,68,17.00, 7.83, 2.52,895,7005.00
991,991,F5,*MANUAL*,67,1510,65,32.00, 9.70, 4.19,895,8682.00
992,992,F6,*MANUAL*,61,1436,65,30.00,11.66, 3.89,895,10440.00
993,993,F7,*MANUAL*,60,1369,65,24.00,11.84, 3.40,895,10596.00
994,994,F8,*MANUAL*,60,1311,61,13.00, 5.43, 1.82,895,4857.00
995,995,F9,*MANUAL*,62,1076,76, 9.00, 3.07, 1.50,895,2746.00
996,996,F10,*MANUAL*,62,422,76,16.00, 5.52, 2.46,895,4944.00
