0,0,*NOUSE*,*NOUSE*,0,0,0,0,0,0,0,0
1,1,*NOUSE*,*NOUSE*,0,0,0,0,0,0,0,0
2,2,*NOUSE*,*NOUSE*,0,0,0,0,0,0,0,0
3,3,*NOUSE*,,31,1338,68,77.00,32.20,16.58,70,2254.00
4,4,*NOUSE*,*NOUSE*,0,0,0,0,0,0,0,0
5,5,*NOUSE*,*NOUSE*,0,0,0,0,0,0,0,0
6,6,*NOUSE*,*NOUSE*,0,0,0,0,0,0,0,0
7,7,*NOUSE*,*NOUSE*,0,0,0,0,0,0,0,0
8,8,*NOUSE*,*NOUSE*,0,0,0,0,0,0,0,0
9,9,*NOUSE*,*NOUSE*,0,0,0,0,0,0,0,0
10,10,*NOUSE*,*NOUSE*,0,0,0,0,0,0,0,0
11,11,*NOUSE*,*NOUSE*,0,0,0,0,0,0,0,0
12,12,*NOUSE*,*NOUSE*,0,0,0,0,0,0,0,0
13,13,*NOUSE*,*NOUSE*,0,0,0,0,0,0,0,0
14,14,*NOUSE*,*NOUSE*,0,0,0,0,0,0,0,0
15,15,*NOUSE*,*NOUSE*,0,0,0,0,0,0,0,0
16,16,*NOUSE*,*NOUSE*,0,0,0,0,0,0,0,0
17,17,*NOUSE*,*NOUSE*,0,0,0,0,0,0,0,0
18,18,*NOUSE*,*NOUSE*,0,0,0,0,0,0,0,0
19,19,*NOUSE*,*NOUSE*,0,0,0,0,0,0,0,0
20,20,*NOUSE*,*NOUSE*,0,0,0,0,0,0,0,0
21,21,*NOUSE*,*NOUSE*,0,0,0,0,0,0,0,0
22,22,*NOUSE*,*NOUSE*,0,0,0,0,0,0,0,0
23,23,*NOUSE*,*NOUSE*,0,0,0,0,0,0,0,0
24,24,*NOUSE*,*NOUSE*,0,0,0,0,0,0,0,0
25,25,*NOUSE*,*NOUSE*,0,0,0,0,0,0,0,0
26,26,*NOUSE*,*NOUSE*,0,0,0,0,0,0,0,0
27,27,*NOUSE*,*NOUSE*,0,0,0,0,0,0,0,0
28,28,*NOUSE*,*NOUSE*,0,0,0,0,0,0,0,0
29,29,*NOUSE*,*NOUSE*,0,0,0,0,0,0,0,0
30,30,*NOUSE*,*NOUSE*,0,0,0,0,0,0,0,0
31,31,*NOUSE*,*NOUSE*,0,0,0,0,0,0,0,0
32,32,*NOUSE*,*NOUSE*,0,0,0,0,0,0,0,0
33,33,*NOUSE*,*NOUSE*,0,0,0,0,0,0,0,0
34,34,*NOUSE*,*NOUSE*,0,0,0,0,0,0,0,0
35,35,*NOUSE*,*NOUSE*,0,0,0,0,0,0,0,0
36,36,*NOUSE*,*NOUSE*,0,0,0,0,0,0,0,0
37,37,*NOUSE*,*NOUSE*,0,0,0,0,0,0,0,0
38,38,*NOUSE*,*NOUSE*,0,0,0,0,0,0,0,0
39,39,*NOUSE*,*NOUSE*,0,0,0,0,0,0,0,0
40,40,*NOUSE*,*NOUSE*,0,0,0,0,0,0,0,0
41,41,*NOUSE*,*NOUSE*,0,0,0,0,0,0,0,0
42,42,*NOUSE*,*NOUSE*,0,0,0,0,0,0,0,0
43,43,*NOUSE*,*NOUSE*,0,0,0,0,0,0,0,0
44,44,*NOUSE*,*NOUSE*,0,0,0,0,0,0,0,0
45,45,*NOUSE*,*NOUSE*,0,0,0,0,0,0,0,0
46,46,*NOUSE*,*NOUSE*,0,0,0,0,0,0,0,0
47,47,*NOUSE*,*NOUSE*,0,0,0,0,0,0,0,0
48,48,*NOUSE*,*NOUSE*,0,0,0,0,0,0,0,0
49,49,*NOUSE*,*NOUSE*,0,0,0,0,0,0,0,0
50,50,*NOUSE*,*NOUSE*,0,0,0,0,0,0,0,0
51,51,*NOUSE*,*NOUSE*,0,0,0,0,0,0,0,0
52,52,*NOUSE*,*NOUSE*,0,0,0,0,0,0,0,0
53,53,*NOUSE*,*NOUSE*,0,0,0,0,0,0,0,0
54,54,*NOUSE*,*NOUSE*,0,0,0,0,0,0,0,0
55,55,*NOUSE*,*NOUSE*,0,0,0,0,0,0,0,0
56,56,*NOUSE*,*NOUSE*,0,0,0,0,0,0,0,0
57,57,*NOUSE*,*NOUSE*,0,0,0,0,0,0,0,0
58,58,*NOUSE*,*NOUSE*,0,0,0,0,0,0,0,0
59,59,*NOUSE*,*NOUSE*,0,0,0,0,0,0,0,0
60,60,*NOUSE*,*NOUSE*,0,0,0,0,0,0,0,0
61,61,*NOUSE*,*NOUSE*,0,0,0,0,0,0,0,0
62,62,*NOUSE*,*NOUSE*,0,0,0,0,0,0,0,0
63,63,*NOUSE*,*NOUSE*,0,0,0,0,0,0,0,0
64,64,*NOUSE*,*NOUSE*,0,0,0,0,0,0,0,0
65,65,*NOUSE*,*NOUSE*,0,0,0,0,0,0,0,0
66,66,*NOUSE*,*NOUSE*,0,0,0,0,0,0,0,0
67,67,*NOUSE*,*NOUSE*,0,0,0,0,0,0,0,0
68,68,*NOUSE*,*NOUSE*,0,0,0,0,0,0,0,0
69,69,*NOUSE*,*NOUSE*,0,0,0,0,0,0,0,0
70,70,*NOUSE*,*NOUSE*,0,0,0,0,0,0,0,0
71,71,*NOUSE*,*NOUSE*,0,0,0,0,0,0,0,0
72,72,*NOUSE*,*NOUSE*,0,0,0,0,0,0,0,0
73,73,*NOUSE*,*NOUSE*,0,0,0,0,0,0,0,0
74,74,*NOUSE*,*NOUSE*,0,0,0,0,0,0,0,0
75,75,*NOUSE*,*NOUSE*,0,0,0,0,0,0,0,0
76,76,*NOUSE*,*NOUSE*,0,0,0,0,0,0,0,0
77,77,*NOUSE*,*NOUSE*,0,0,0,0,0,0,0,0
78,78,*NOUSE*,*NOUSE*,0,0,0,0,0,0,0,0
79,79,*NOUSE*,*NOUSE*,0,0,0,0,0,0,0,0
80,80,*NOUSE*,*NOUSE*,0,0,0,0,0,0,0,0
81,81,*NOUSE*,*NOUSE*,0,0,0,0,0,0,0,0
82,82,*NOUSE*,*NOUSE*,0,0,0,0,0,0,0,0
83,83,*NOUSE*,*NOUSE*,0,0,0,0,0,0,0,0
84,84,*NOUSE*,*NOUSE*,0,0,0,0,0,0,0,0
85,85,*NOUSE*,*NOUSE*,0,0,0,0,0,0,0,0
86,86,*NOUSE*,*NOUSE*,0,0,0,0,0,0,0,0
87,87,*NOUSE*,*NOUSE*,0,0,0,0,0,0,0,0
88,88,*NOUSE*,*NOUSE*,0,0,0,0,0,0,0,0
89,89,*NOUSE*,*NOUSE*,0,0,0,0,0,0,0,0
90,90,*NOUSE*,*NOUSE*,0,0,0,0,0,0,0,0
91,91,HYP5L,,46,1571,61,124.00,31.68,24.45,7365,233316.00
92,92,*NOUSE*,*NOUSE*,0,0,0,0,0,0,0,0
93,93,*NOUSE*,*NOUSE*,0,0,0,0,0,0,0,0
94,94,*NOUSE*,*NOUSE*,0,0,0,0,0,0,0,0
95,95,*NOUSE*,*NOUSE*,0,0,0,0,0,0,0,0
96,96,*NOUSE*,*NOUSE*,0,0,0,0,0,0,0,0
97,97,*NOUSE*,*NOUSE*,0,0,0,0,0,0,0,0
98,98,*NOUSE*,*NOUSE*,0,0,0,0,0,0,0,0
99,99,*NOUSE*,*NOUSE*,0,0,0,0,0,0,0,0
100,100,*NOUSE*,*NOUSE*,0,0,0,0,0,0,0,0
101,101,*NOUSE*,*NOUSE*,0,0,0,0,0,0,0,0
102,102,*NOUSE*,*NOUSE*,0,0,0,0,0,0,0,0
103,103,*NOUSE*,*NOUSE*,0,0,0,0,0,0,0,0
104,104,*NOUSE*,*NOUSE*,0,0,0,0,0,0,0,0
105,105,*NOUSE*,*NOUSE*,0,0,0,0,0,0,0,0
106,106,*NOUSE*,*NOUSE*,0,0,0,0,0,0,0,0
107,107,*NOUSE*,*NOUSE*,0,0,0,0,0,0,0,0
108,108,*NOUSE*,*NOUSE*,0,0,0,0,0,0,0,0
109,109,*NOUSE*,*NOUSE*,0,0,0,0,0,0,0,0
110,110,*NOUSE*,*NOUSE*,0,0,0,0,0,0,0,0
111,111,*NOUSE*,*NOUSE*,0,0,0,0,0,0,0,0
112,112,*NOUSE*,*NOUSE*,0,0,0,0,0,0,0,0
113,113,*NOUSE*,*NOUSE*,0,0,0,0,0,0,0,0
114,114,*NOUSE*,*NOUSE*,0,0,0,0,0,0,0,0
115,115,*NOUSE*,*NOUSE*,0,0,0,0,0,0,0,0
116,116,*NOUSE*,*NOUSE*,0,0,0,0,0,0,0,0
117,117,*NOUSE*,*NOUSE*,0,0,0,0,0,0,0,0
118,118,*NOUSE*,,43,1067,71,47.00,26.23,10.70,123,3226.00
119,119,*NOUSE*,*NOUSE*,0,0,0,0,0,0,0,0
120,120,*NOUSE*,*NOUSE*,0,0,0,0,0,0,0,0
121,121,*NOUSE*,*NOUSE*,0,0,0,0,0,0,0,0
122,122,*NOUSE*,*NOUSE*,0,0,0,0,0,0,0,0
123,123,*NOUSE*,*NOUSE*,0,0,0,0,0,0,0,0
124,124,*NOUSE*,*NOUSE*,0,0,0,0,0,0,0,0
125,125,*NOUSE*,*NOUSE*,0,0,0,0,0,0,0,0
126,126,*NOUSE*,*NOUSE*,0,0,0,0,0,0,0,0
127,127,*NOUSE*,*NOUSE*,0,0,0,0,0,0,0,0
128,128,*NOUSE*,*NOUSE*,0,0,0,0,0,0,0,0
129,129,*NOUSE*,*NOUSE*,0,0,0,0,0,0,0,0
130,130,*NOUSE*,*NOUSE*,0,0,0,0,0,0,0,0
131,131,*NOUSE*,*NOUSE*,0,0,0,0,0,0,0,0
132,132,*NOUSE*,*NOUSE*,0,0,0,0,0,0,0,0
133,133,*NOUSE*,*NOUSE*,0,0,0,0,0,0,0,0
134,134,*NOUSE*,*NOUSE*,0,0,0,0,0,0,0,0
135,135,*NOUSE*,*NOUSE*,0,0,0,0,0,0,0,0
136,136,*NOUSE*,*NOUSE*,0,0,0,0,0,0,0,0
137,137,*NOUSE*,*NOUSE*,0,0,0,0,0,0,0,0
138,138,*NOUSE*,*NOUSE*,0,0,0,0,0,0,0,0
139,139,*NOUSE*,*NOUSE*,0,0,0,0,0,0,0,0
140,140,*NOUSE*,*NOUSE*,0,0,0,0,0,0,0,0
141,141,*NOUSE*,*NOUSE*,0,0,0,0,0,0,0,0
142,142,*NOUSE*,*NOUSE*,0,0,0,0,0,0,0,0
143,143,*NOUSE*,*NOUSE*,0,0,0,0,0,0,0,0
144,144,*NOUSE*,*NOUSE*,0,0,0,0,0,0,0,0
145,145,*NOUSE*,*NOUSE*,0,0,0,0,0,0,0,0
146,146,*NOUSE*,*NOUSE*,0,0,0,0,0,0,0,0
147,147,*NOUSE*,*NOUSE*,0,0,0,0,0,0,0,0
148,148,*NOUSE*,*NOUSE*,0,0,0,0,0,0,0,0
149,149,*NOUSE*,*NOUSE*,0,0,0,0,0,0,0,0
150,150,*NOUSE*,*NOUSE*,0,0,0,0,0,0,0,0
151,151,*NOUSE*,*NOUSE*,0,0,0,0,0,0,0,0
152,152,*NOUSE*,*NOUSE*,0,0,0,0,0,0,0,0
153,153,*NOUSE*,*NOUSE*,0,0,0,0,0,0,0,0
154,154,*NOUSE*,*NOUSE*,0,0,0,0,0,0,0,0
155,155,*NOUSE*,*NOUSE*,0,0,0,0,0,0,0,0
156,156,*NOUSE*,*NOUSE*,0,0,0,0,0,0,0,0
157,157,*NOUSE*,*NOUSE*,0,0,0,0,0,0,0,0
158,158,*NOUSE*,*NOUSE*,0,0,0,0,0,0,0,0
159,159,*NOUSE*,*NOUSE*,0,0,0,0,0,0,0,0
160,160,*NOUSE*,*NOUSE*,0,0,0,0,0,0,0,0
161,161,*NOUSE*,*NOUSE*,0,0,0,0,0,0,0,0
162,162,*NOUSE*,*NOUSE*,0,0,0,0,0,0,0,0
163,163,*NOUSE*,*NOUSE*,0,0,0,0,0,0,0,0
164,164,*NOUSE*,*NOUSE*,0,0,0,0,0,0,0,0
165,165,*NOUSE*,*NOUSE*,0,0,0,0,0,0,0,0
166,166,*NOUSE*,*NOUSE*,0,0,0,0,0,0,0,0
167,167,*NOUSE*,*NOUSE*,0,0,0,0,0,0,0,0
168,168,*NOUSE*,*NOUSE*,0,0,0,0,0,0,0,0
169,169,*NOUSE*,*NOUSE*,0,0,0,0,0,0,0,0
170,170,*NOUSE*,*NOUSE*,0,0,0,0,0,0,0,0
171,171,*NOUSE*,*NOUSE*,0,0,0,0,0,0,0,0
172,172,*NOUSE*,,48,995,72,67.00,26.14,12.26,325,8497.00
173,173,*NOUSE*,*NOUSE*,0,0,0,0,0,0,0,0
174,174,*NOUSE*,*NOUSE*,0,0,0,0,0,0,0,0
175,175,*NOUSE*,*NOUSE*,0,0,0,0,0,0,0,0
176,176,*NOUSE*,*NOUSE*,0,0,0,0,0,0,0,0
177,177,*NOUSE*,*NOUSE*,0,0,0,0,0,0,0,0
178,178,*NOUSE*,*NOUSE*,0,0,0,0,0,0,0,0
179,179,*NOUSE*,*NOUSE*,0,0,0,0,0,0,0,0
180,180,*NOUSE*,*NOUSE*,0,0,0,0,0,0,0,0
181,181,*NOUSE*,*NOUSE*,0,0,0,0,0,0,0,0
182,182,*NOUSE*,*NOUSE*,0,0,0,0,0,0,0,0
183,183,*NOUSE*,*NOUSE*,0,0,0,0,0,0,0,0
184,184,*NOUSE*,*NOUSE*,0,0,0,0,0,0,0,0
185,185,*NOUSE*,*NOUSE*,0,0,0,0,0,0,0,0
186,186,*NOUSE*,*NOUSE*,0,0,0,0,0,0,0,0
187,187,*NOUSE*,*NOUSE*,0,0,0,0,0,0,0,0
188,188,*NOUSE*,*NOUSE*,0,0,0,0,0,0,0,0
189,189,*NOUSE*,*NOUSE*,0,0,0,0,0,0,0,0
190,190,*NOUSE*,,49,1177,103,71.00,20.54,14.38,295,6058.00
191,191,*NOUSE*,*NOUSE*,0,0,0,0,0,0,0,0
192,192,*NOUSE*,*NOUSE*,0,0,0,0,0,0,0,0
193,193,*NOUSE*,*NOUSE*,0,0,0,0,0,0,0,0
194,194,*NOUSE*,*NOUSE*,0,0,0,0,0,0,0,0
195,195,*NOUSE*,*NOUSE*,0,0,0,0,0,0,0,0
196,196,*NOUSE*,*NOUSE*,0,0,0,0,0,0,0,0
197,197,*NOUSE*,*NOUSE*,0,0,0,0,0,0,0,0
198,198,*NOUSE*,*NOUSE*,0,0,0,0,0,0,0,0
199,199,*NOUSE*,*NOUSE*,0,0,0,0,0,0,0,0
200,200,*NOUSE*,*NOUSE*,0,0,0,0,0,0,0,0
201,201,*NOUSE*,*NOUSE*,0,0,0,0,0,0,0,0
202,202,*NOUSE*,*NOUSE*,0,0,0,0,0,0,0,0
203,203,*NOUSE*,*NOUSE*,0,0,0,0,0,0,0,0
204,204,*NOUSE*,*NOUSE*,0,0,0,0,0,0,0,0
205,205,*NOUSE*,*NOUSE*,0,0,0,0,0,0,0,0
206,206,*NOUSE*,*NOUSE*,0,0,0,0,0,0,0,0
207,207,*NOUSE*,*NOUSE*,0,0,0,0,0,0,0,0
208,208,*NOUSE*,*NOUSE*,0,0,0,0,0,0,0,0
209,209,*NOUSE*,*NOUSE*,0,0,0,0,0,0,0,0
210,210,*NOUSE*,*NOUSE*,0,0,0,0,0,0,0,0
211,211,*NOUSE*,*NOUSE*,0,0,0,0,0,0,0,0
212,212,*NOUSE*,*NOUSE*,0,0,0,0,0,0,0,0
213,213,*NOUSE*,*NOUSE*,0,0,0,0,0,0,0,0
214,214,*NOUSE*,*NOUSE*,0,0,0,0,0,0,0,0
215,215,*NOUSE*,*NOUSE*,0,0,0,0,0,0,0,0
216,216,*NOUSE*,*NOUSE*,0,0,0,0,0,0,0,0
217,217,*NOUSE*,*NOUSE*,0,0,0,0,0,0,0,0
218,218,*NOUSE*,*NOUSE*,0,0,0,0,0,0,0,0
219,219,*NOUSE*,*NOUSE*,0,0,0,0,0,0,0,0
220,220,*NOUSE*,*NOUSE*,0,0,0,0,0,0,0,0
221,221,*NOUSE*,*NOUSE*,0,0,0,0,0,0,0,0
222,222,*NOUSE*,*NOUSE*,0,0,0,0,0,0,0,0
223,223,*NOUSE*,*NOUSE*,0,0,0,0,0,0,0,0
224,224,*NOUSE*,*NOUSE*,0,0,0,0,0,0,0,0
225,225,*NOUSE*,*NOUSE*,0,0,0,0,0,0,0,0
226,226,*NOUSE*,*NOUSE*,0,0,0,0,0,0,0,0
227,227,*NOUSE*,,51,660,38,92.00,14.00,19.40,208,2911.00
228,228,*NOUSE*,*NOUSE*,0,0,0,0,0,0,0,0
229,229,*NOUSE*,*NOUSE*,0,0,0,0,0,0,0,0
230,230,*NOUSE*,*NOUSE*,0,0,0,0,0,0,0,0
231,231,*NOUSE*,*NOUSE*,0,0,0,0,0,0,0,0
232,232,*NOUSE*,*NOUSE*,0,0,0,0,0,0,0,0
233,233,*NOUSE*,,56,399,55,66.00,31.88,13.50,618,19699.00
234,234,*NOUSE*,*NOUSE*,0,0,0,0,0,0,0,0
235,235,*NOUSE*,*NOUSE*,0,0,0,0,0,0,0,0
236,236,*NOUSE*,*NOUSE*,0,0,0,0,0,0,0,0
237,237,*NOUSE*,*NOUSE*,0,0,0,0,0,0,0,0
238,238,*NOUSE*,*NOUSE*,0,0,0,0,0,0,0,0
239,239,*NOUSE*,*NOUSE*,0,0,0,0,0,0,0,0
240,240,*NOUSE*,*NOUSE*,0,0,0,0,0,0,0,0
241,241,*NOUSE*,*NOUSE*,0,0,0,0,0,0,0,0
242,242,*NOUSE*,*NOUSE*,0,0,0,0,0,0,0,0
243,243,*NOUSE*,*NOUSE*,0,0,0,0,0,0,0,0
244,244,*NOUSE*,*NOUSE*,0,0,0,0,0,0,0,0
245,245,*NOUSE*,*NOUSE*,0,0,0,0,0,0,0,0
246,246,*NOUSE*,*NOUSE*,0,0,0,0,0,0,0,0
247,247,*NOUSE*,*NOUSE*,0,0,0,0,0,0,0,0
248,248,*NOUSE*,*NOUSE*,0,0,0,0,0,0,0,0
249,249,*NOUSE*,*NOUSE*,0,0,0,0,0,0,0,0
250,250,*NOUSE*,*NOUSE*,0,0,0,0,0,0,0,0
251,251,*NOUSE*,*NOUSE*,0,0,0,0,0,0,0,0
252,252,*NOUSE*,*NOUSE*,0,0,0,0,0,0,0,0
253,253,*NOUSE*,*NOUSE*,0,0,0,0,0,0,0,0
254,254,*NOUSE*,*NOUSE*,0,0,0,0,0,0,0,0
255,255,*NOUSE*,*NOUSE*,0,0,0,0,0,0,0,0
256,256,*NOUSE*,*NOUSE*,0,0,0,0,0,0,0,0
257,257,*NOUSE*,*NOUSE*,0,0,0,0,0,0,0,0
258,258,*NOUSE*,*NOUSE*,0,0,0,0,0,0,0,0
259,259,*NOUSE*,*NOUSE*,0,0,0,0,0,0,0,0
260,260,*NOUSE*,*NOUSE*,0,0,0,0,0,0,0,0
261,261,*NOUSE*,*NOUSE*,0,0,0,0,0,0,0,0
262,262,*NOUSE*,*NOUSE*,0,0,0,0,0,0,0,0
263,263,*NOUSE*,*NOUSE*,0,0,0,0,0,0,0,0
264,264,*NOUSE*,*NOUSE*,0,0,0,0,0,0,0,0
265,265,*NOUSE*,*NOUSE*,0,0,0,0,0,0,0,0
266,266,*NOUSE*,*NOUSE*,0,0,0,0,0,0,0,0
267,267,*NOUSE*,*NOUSE*,0,0,0,0,0,0,0,0
268,268,*NOUSE*,*NOUSE*,0,0,0,0,0,0,0,0
269,269,*NOUSE*,*NOUSE*,0,0,0,0,0,0,0,0
270,270,*NOUSE*,*NOUSE*,0,0,0,0,0,0,0,0
271,271,*NOUSE*,*NOUSE*,0,0,0,0,0,0,0,0
272,272,*NOUSE*,*NOUSE*,0,0,0,0,0,0,0,0
273,273,*NOUSE*,*NOUSE*,0,0,0,0,0,0,0,0
274,274,*NOUSE*,*NOUSE*,0,0,0,0,0,0,0,0
275,275,*NOUSE*,*NOUSE*,0,0,0,0,0,0,0,0
276,276,*NOUSE*,*NOUSE*,0,0,0,0,0,0,0,0
277,277,*NOUSE*,*NOUSE*,0,0,0,0,0,0,0,0
278,278,*NOUSE*,*NOUSE*,0,0,0,0,0,0,0,0
279,279,*NOUSE*,*NOUSE*,0,0,0,0,0,0,0,0
280,280,*NOUSE*,*NOUSE*,0,0,0,0,0,0,0,0
281,281,*NOUSE*,*NOUSE*,0,0,0,0,0,0,0,0
282,282,*NOUSE*,*NOUSE*,0,0,0,0,0,0,0,0
283,283,*NOUSE*,*NOUSE*,0,0,0,0,0,0,0,0
284,284,*NOUSE*,*NOUSE*,0,0,0,0,0,0,0,0
285,285,*NOUSE*,*NOUSE*,0,0,0,0,0,0,0,0
286,286,*NOUSE*,*NOUSE*,0,0,0,0,0,0,0,0
287,287,*NOUSE*,*NOUSE*,0,0,0,0,0,0,0,0
288,288,*NOUSE*,*NOUSE*,0,0,0,0,0,0,0,0
289,289,*NOUSE*,*NOUSE*,0,0,0,0,0,0,0,0
290,290,*NOUSE*,*NOUSE*,0,0,0,0,0,0,0,0
291,291,*NOUSE*,*NOUSE*,0,0,0,0,0,0,0,0
292,292,*NOUSE*,*NOUSE*,0,0,0,0,0,0,0,0
293,293,*NOUSE*,*NOUSE*,0,0,0,0,0,0,0,0
294,294,*NOUSE*,*NOUSE*,0,0,0,0,0,0,0,0
295,295,*NOUSE*,*NOUSE*,0,0,0,0,0,0,0,0
296,296,*NOUSE*,*NOUSE*,0,0,0,0,0,0,0,0
297,297,*NOUSE*,*NOUSE*,0,0,0,0,0,0,0,0
298,298,*NOUSE*,*NOUSE*,0,0,0,0,0,0,0,0
299,299,*NOUSE*,*NOUSE*,0,0,0,0,0,0,0,0
300,300,*NOUSE*,*NOUSE*,0,0,0,0,0,0,0,0
301,301,*NOUSE*,*NOUSE*,0,0,0,0,0,0,0,0
302,302,*NOUSE*,*NOUSE*,0,0,0,0,0,0,0,0
303,303,*NOUSE*,*NOUSE*,0,0,0,0,0,0,0,0
304,304,*NOUSE*,*NOUSE*,0,0,0,0,0,0,0,0
305,305,*NOUSE*,*NOUSE*,0,0,0,0,0,0,0,0
306,306,*NOUSE*,*NOUSE*,0,0,0,0,0,0,0,0
307,307,*NOUSE*,*NOUSE*,0,0,0,0,0,0,0,0
308,308,*NOUSE*,*NOUSE*,0,0,0,0,0,0,0,0
309,309,*NOUSE*,*NOUSE*,0,0,0,0,0,0,0,0
310,310,*NOUSE*,*NOUSE*,0,0,0,0,0,0,0,0
311,311,*NOUSE*,*NOUSE*,0,0,0,0,0,0,0,0
312,312,*NOUSE*,*NOUSE*,0,0,0,0,0,0,0,0
313,313,*NOUSE*,*NOUSE*,0,0,0,0,0,0,0,0
314,314,*NOUSE*,*NOUSE*,0,0,0,0,0,0,0,0
315,315,*NOUSE*,*NOUSE*,0,0,0,0,0,0,0,0
316,316,*NOUSE*,*NOUSE*,0,0,0,0,0,0,0,0
317,317,*NOUSE*,,58,1049,82,39.00,22.13, 7.28,45,996.00
318,318,*NOUSE*,*NOUSE*,0,0,0,0,0,0,0,0
319,319,*NOUSE*,*NOUSE*,0,0,0,0,0,0,0,0
320,320,*NOUSE*,*NOUSE*,0,0,0,0,0,0,0,0
321,321,*NOUSE*,*NOUSE*,0,0,0,0,0,0,0,0
322,322,*NOUSE*,*NOUSE*,0,0,0,0,0,0,0,0
323,323,*NOUSE*,*NOUSE*,0,0,0,0,0,0,0,0
324,324,*NOUSE*,*NOUSE*,0,0,0,0,0,0,0,0
325,325,*NOUSE*,*NOUSE*,0,0,0,0,0,0,0,0
326,326,*NOUSE*,*NOUSE*,0,0,0,0,0,0,0,0
327,327,*NOUSE*,*NOUSE*,0,0,0,0,0,0,0,0
328,328,*NOUSE*,*NOUSE*,0,0,0,0,0,0,0,0
329,329,*NOUSE*,*NOUSE*,0,0,0,0,0,0,0,0
330,330,*NOUSE*,*NOUSE*,0,0,0,0,0,0,0,0
331,331,*NOUSE*,*NOUSE*,0,0,0,0,0,0,0,0
332,332,*NOUSE*,*NOUSE*,0,0,0,0,0,0,0,0
333,333,*NOUSE*,*NOUSE*,0,0,0,0,0,0,0,0
334,334,*NOUSE*,*NOUSE*,0,0,0,0,0,0,0,0
335,335,*NOUSE*,*NOUSE*,0,0,0,0,0,0,0,0
336,336,*NOUSE*,*NOUSE*,0,0,0,0,0,0,0,0
337,337,*NOUSE*,*NOUSE*,0,0,0,0,0,0,0,0
338,338,*NOUSE*,*NOUSE*,0,0,0,0,0,0,0,0
339,339,*NOUSE*,*NOUSE*,0,0,0,0,0,0,0,0
340,340,*NOUSE*,*NOUSE*,0,0,0,0,0,0,0,0
341,341,*NOUSE*,*NOUSE*,0,0,0,0,0,0,0,0
342,342,*NOUSE*,*NOUSE*,0,0,0,0,0,0,0,0
343,343,*NOUSE*,*NOUSE*,0,0,0,0,0,0,0,0
344,344,*NOUSE*,*NOUSE*,0,0,0,0,0,0,0,0
345,345,*NOUSE*,*NOUSE*,0,0,0,0,0,0,0,0
346,346,*NOUSE*,*NOUSE*,0,0,0,0,0,0,0,0
347,347,HYP4V2,,68,1614,86,149.00,36.97,31.49,5082,187902.00
348,348,*NOUSE*,*NOUSE*,0,0,0,0,0,0,0,0
349,349,*NOUSE*,*NOUSE*,0,0,0,0,0,0,0,0
350,350,*NOUSE*,*NOUSE*,0,0,0,0,0,0,0,0
351,351,*NOUSE*,*NOUSE*,0,0,0,0,0,0,0,0
352,352,*NOUSE*,*NOUSE*,0,0,0,0,0,0,0,0
353,353,*NOUSE*,*NOUSE*,0,0,0,0,0,0,0,0
354,354,*NOUSE*,*NOUSE*,0,0,0,0,0,0,0,0
355,355,*NOUSE*,,65,1510,63,53.00,14.77,12.10,244,3605.00
356,356,*NOUSE*,*NOUSE*,0,0,0,0,0,0,0,0
357,357,*NOUSE*,*NOUSE*,0,0,0,0,0,0,0,0
358,358,*NOUSE*,*NOUSE*,0,0,0,0,0,0,0,0
359,359,*NOUSE*,,62,1402,89,102.00,28.80,22.92,241,6940.00
360,360,*NOUSE*,*NOUSE*,0,0,0,0,0,0,0,0
361,361,*NOUSE*,*NOUSE*,0,0,0,0,0,0,0,0
362,362,*NOUSE*,,68,1490,64,77.00,24.72,15.94,914,22597.00
363,363,*NOUSE*,*NOUSE*,0,0,0,0,0,0,0,0
364,364,*NOUSE*,*NOUSE*,0,0,0,0,0,0,0,0
365,365,HYP4V1,,70,1636,82,156.00,38.57,31.33,5036,194227.00
366,366,*NOUSE*,*NOUSE*,0,0,0,0,0,0,0,0
367,367,*NOUSE*,*NOUSE*,0,0,0,0,0,0,0,0
368,368,*NOUSE*,,63,1229,94,76.00,34.73,13.94,869,30181.00
369,369,*NOUSE*,,64,975,97,77.00,38.28,17.48,232,8881.00
370,370,*NOUSE*,*NOUSE*,0,0,0,0,0,0,0,0
371,371,*NOUSE*,*NOUSE*,0,0,0,0,0,0,0,0
372,372,*NOUSE*,,65,1598,47,89.00,30.39,21.51,330,10029.00
373,373,*NOUSE*,*NOUSE*,0,0,0,0,0,0,0,0
374,374,*NOUSE*,*NOUSE*,0,0,0,0,0,0,0,0
375,375,*NOUSE*,*NOUSE*,0,0,0,0,0,0,0,0
376,376,HYP102,,68,68,65,125.00,40.57,27.45,4691,190302.00
377,377,HYP101,,69,98,63,152.00,49.10,34.72,3988,195793.00
378,378,*NOUSE*,*NOUSE*,0,0,0,0,0,0,0,0
379,379,*NOUSE*,*NOUSE*,0,0,0,0,0,0,0,0
380,380,*NOUSE*,*NOUSE*,0,0,0,0,0,0,0,0
381,381,*NOUSE*,*NOUSE*,0,0,0,0,0,0,0,0
382,382,*NOUSE*,*NOUSE*,0,0,0,0,0,0,0,0
383,383,*NOUSE*,,63,1302,73,29.00,16.76, 4.08,120,2011.00
384,384,*NOUSE*,*NOUSE*,0,0,0,0,0,0,0,0
385,385,*NOUSE*,*NOUSE*,0,0,0,0,0,0,0,0
386,386,*NOUSE*,*NOUSE*,0,0,0,0,0,0,0,0
387,387,*NOUSE*,*NOUSE*,0,0,0,0,0,0,0,0
388,388,*NOUSE*,*NOUSE*,0,0,0,0,0,0,0,0
389,389,*NOUSE*,*NOUSE*,0,0,0,0,0,0,0,0
390,390,*NOUSE*,*NOUSE*,0,0,0,0,0,0,0,0
391,391,*NOUSE*,*NOUSE*,0,0,0,0,0,0,0,0
392,392,*NOUSE*,*NOUSE*,0,0,0,0,0,0,0,0
393,393,HYP4D,,72,1645,48,158.00,35.22,28.17,5548,195418.00
394,394,*NOUSE*,,65,1514,76,67.00,40.71,14.22,157,6392.00
395,395,*NOUSE*,*NOUSE*,0,0,0,0,0,0,0,0
396,396,*NOUSE*,*NOUSE*,0,0,0,0,0,0,0,0
397,397,*NOUSE*,*NOUSE*,0,0,0,0,0,0,0,0
398,398,*NOUSE*,*NOUSE*,0,0,0,0,0,0,0,0
399,399,*NOUSE*,*NOUSE*,0,0,0,0,0,0,0,0
400,400,*NOUSE*,*NOUSE*,0,0,0,0,0,0,0,0
401,401,*NOUSE*,*NOUSE*,0,0,0,0,0,0,0,0
402,402,*NOUSE*,*NOUSE*,0,0,0,0,0,0,0,0
403,403,*NOUSE*,,65,1284,64,23.00,12.98, 3.66,236,3063.00
404,404,*NOUSE*,*NOUSE*,0,0,0,0,0,0,0,0
405,405,*NOUSE*,,66,1493,85,23.00,13.41, 3.51,203,2722.00
406,406,*NOUSE*,*NOUSE*,0,0,0,0,0,0,0,0
407,407,*NOUSE*,*NOUSE*,0,0,0,0,0,0,0,0
408,408,*NOUSE*,*NOUSE*,0,0,0,0,0,0,0,0
409,409,*NOUSE*,*NOUSE*,0,0,0,0,0,0,0,0
410,410,*NOUSE*,*NOUSE*,0,0,0,0,0,0,0,0
411,411,*NOUSE*,*NOUSE*,0,0,0,0,0,0,0,0
412,412,*NOUSE*,*NOUSE*,0,0,0,0,0,0,0,0
413,413,*NOUSE*,*NOUSE*,0,0,0,0,0,0,0,0
414,414,*NOUSE*,*NOUSE*,0,0,0,0,0,0,0,0
415,415,*NOUSE*,*NOUSE*,0,0,0,0,0,0,0,0
416,416,*NOUSE*,*NOUSE*,0,0,0,0,0,0,0,0
417,417,*NOUSE*,*NOUSE*,0,0,0,0,0,0,0,0
418,418,*NOUSE*,*NOUSE*,0,0,0,0,0,0,0,0
419,419,*NOUSE*,*NOUSE*,0,0,0,0,0,0,0,0
420,420,*NOUSE*,*NOUSE*,0,0,0,0,0,0,0,0
421,421,*NOUSE*,*NOUSE*,0,0,0,0,0,0,0,0
422,422,*NOUSE*,*NOUSE*,0,0,0,0,0,0,0,0
423,423,*NOUSE*,*NOUSE*,0,0,0,0,0,0,0,0
424,424,*NOUSE*,*NOUSE*,0,0,0,0,0,0,0,0
425,425,*NOUSE*,*NOUSE*,0,0,0,0,0,0,0,0
426,426,*NOUSE*,*NOUSE*,0,0,0,0,0,0,0,0
427,427,*NOUSE*,*NOUSE*,0,0,0,0,0,0,0,0
428,428,*NOUSE*,*NOUSE*,0,0,0,0,0,0,0,0
429,429,*NOUSE*,*NOUSE*,0,0,0,0,0,0,0,0
430,430,*NOUSE*,*NOUSE*,0,0,0,0,0,0,0,0
431,431,*NOUSE*,*NOUSE*,0,0,0,0,0,0,0,0
432,432,*NOUSE*,*NOUSE*,0,0,0,0,0,0,0,0
433,433,*NOUSE*,*NOUSE*,0,0,0,0,0,0,0,0
434,434,*NOUSE*,*NOUSE*,0,0,0,0,0,0,0,0
435,435,*NOUSE*,*NOUSE*,0,0,0,0,0,0,0,0
436,436,*NOUSE*,*NOUSE*,0,0,0,0,0,0,0,0
437,437,*NOUSE*,*NOUSE*,0,0,0,0,0,0,0,0
438,438,*NOUSE*,*NOUSE*,0,0,0,0,0,0,0,0
439,439,*NOUSE*,*NOUSE*,0,0,0,0,0,0,0,0
440,440,*NOUSE*,*NOUSE*,0,0,0,0,0,0,0,0
441,441,*NOUSE*,*NOUSE*,0,0,0,0,0,0,0,0
442,442,*NOUSE*,*NOUSE*,0,0,0,0,0,0,0,0
443,443,*NOUSE*,*NOUSE*,0,0,0,0,0,0,0,0
444,444,*NOUSE*,*NOUSE*,0,0,0,0,0,0,0,0
445,445,*NOUSE*,*NOUSE*,0,0,0,0,0,0,0,0
446,446,*NOUSE*,*NOUSE*,0,0,0,0,0,0,0,0
447,447,*NOUSE*,*NOUSE*,0,0,0,0,0,0,0,0
448,448,*NOUSE*,*NOUSE*,0,0,0,0,0,0,0,0
449,449,*NOUSE*,*NOUSE*,0,0,0,0,0,0,0,0
450,450,*NOUSE*,*NOUSE*,0,0,0,0,0,0,0,0
451,451,*NOUSE*,*NOUSE*,0,0,0,0,0,0,0,0
452,452,*NOUSE*,*NOUSE*,0,0,0,0,0,0,0,0
453,453,*NOUSE*,*NOUSE*,0,0,0,0,0,0,0,0
454,454,*NOUSE*,*NOUSE*,0,0,0,0,0,0,0,0
455,455,*NOUSE*,*NOUSE*,0,0,0,0,0,0,0,0
456,456,*NOUSE*,,68,1519,75,60.00,34.86,12.75,125,4358.00
457,457,*NOUSE*,*NOUSE*,0,0,0,0,0,0,0,0
458,458,*NOUSE*,*NOUSE*,0,0,0,0,0,0,0,0
459,459,*NOUSE*,*NOUSE*,0,0,0,0,0,0,0,0
460,460,*NOUSE*,*NOUSE*,0,0,0,0,0,0,0,0
461,461,*NOUSE*,*NOUSE*,0,0,0,0,0,0,0,0
462,462,*NOUSE*,*NOUSE*,0,0,0,0,0,0,0,0
463,463,*NOUSE*,*NOUSE*,0,0,0,0,0,0,0,0
464,464,*NOUSE*,*NOUSE*,0,0,0,0,0,0,0,0
465,465,*NOUSE*,*NOUSE*,0,0,0,0,0,0,0,0
466,466,*NOUSE*,*NOUSE*,0,0,0,0,0,0,0,0
467,467,*NOUSE*,*NOUSE*,0,0,0,0,0,0,0,0
468,468,*NOUSE*,*NOUSE*,0,0,0,0,0,0,0,0
469,469,*NOUSE*,*NOUSE*,0,0,0,0,0,0,0,0
470,470,*NOUSE*,*NOUSE*,0,0,0,0,0,0,0,0
471,471,*NOUSE*,*NOUSE*,0,0,0,0,0,0,0,0
472,472,*NOUSE*,*NOUSE*,0,0,0,0,0,0,0,0
473,473,*NOUSE*,*NOUSE*,0,0,0,0,0,0,0,0
474,474,*NOUSE*,*NOUSE*,0,0,0,0,0,0,0,0
475,475,*NOUSE*,*NOUSE*,0,0,0,0,0,0,0,0
476,476,*NOUSE*,*NOUSE*,0,0,0,0,0,0,0,0
477,477,*NOUSE*,*NOUSE*,0,0,0,0,0,0,0,0
478,478,*NOUSE*,*NOUSE*,0,0,0,0,0,0,0,0
479,479,*NOUSE*,*NOUSE*,0,0,0,0,0,0,0,0
480,480,*NOUSE*,,71,1180,107,103.00,47.17,27.20,123,5802.00
481,481,*NOUSE*,*NOUSE*,0,0,0,0,0,0,0,0
482,482,*NOUSE*,*NOUSE*,0,0,0,0,0,0,0,0
483,483,*NOUSE*,*NOUSE*,0,0,0,0,0,0,0,0
484,484,*NOUSE*,*NOUSE*,0,0,0,0,0,0,0,0
485,485,*NOUSE*,*NOUSE*,0,0,0,0,0,0,0,0
486,486,*NOUSE*,*NOUSE*,0,0,0,0,0,0,0,0
487,487,*NOUSE*,*NOUSE*,0,0,0,0,0,0,0,0
488,488,*NOUSE*,*NOUSE*,0,0,0,0,0,0,0,0
489,489,*NOUSE*,*NOUSE*,0,0,0,0,0,0,0,0
490,490,*NOUSE*,*NOUSE*,0,0,0,0,0,0,0,0
491,491,*NOUSE*,*NOUSE*,0,0,0,0,0,0,0,0
492,492,*NOUSE*,*NOUSE*,0,0,0,0,0,0,0,0
493,493,*NOUSE*,*NOUSE*,0,0,0,0,0,0,0,0
494,494,*NOUSE*,*NOUSE*,0,0,0,0,0,0,0,0
495,495,*NOUSE*,*NOUSE*,0,0,0,0,0,0,0,0
496,496,*NOUSE*,*NOUSE*,0,0,0,0,0,0,0,0
497,497,*NOUSE*,*NOUSE*,0,0,0,0,0,0,0,0
498,498,*NOUSE*,*NOUSE*,0,0,0,0,0,0,0,0
499,499,*NOUSE*,*NOUSE*,0,0,0,0,0,0,0,0
500,500,*NOUSE*,*NOUSE*,0,0,0,0,0,0,0,0
501,501,*NOUSE*,*NOUSE*,0,0,0,0,0,0,0,0
502,502,*NOUSE*,*NOUSE*,0,0,0,0,0,0,0,0
503,503,*NOUSE*,*NOUSE*,0,0,0,0,0,0,0,0
504,504,*NOUSE*,,72,1166,47,91.00,41.27,23.21,121,4994.00
505,505,*NOUSE*,*NOUSE*,0,0,0,0,0,0,0,0
506,506,*NOUSE*,*NOUSE*,0,0,0,0,0,0,0,0
507,507,*NOUSE*,*NOUSE*,0,0,0,0,0,0,0,0
508,508,*NOUSE*,*NOUSE*,0,0,0,0,0,0,0,0
509,509,*NOUSE*,*NOUSE*,0,0,0,0,0,0,0,0
510,510,*NOUSE*,*NOUSE*,0,0,0,0,0,0,0,0
511,511,*NOUSE*,*NOUSE*,0,0,0,0,0,0,0,0
512,512,*NOUSE*,*NOUSE*,0,0,0,0,0,0,0,0
513,513,*NOUSE*,*NOUSE*,0,0,0,0,0,0,0,0
514,514,*NOUSE*,*NOUSE*,0,0,0,0,0,0,0,0
515,515,*NOUSE*,*NOUSE*,0,0,0,0,0,0,0,0
516,516,*NOUSE*,*NOUSE*,0,0,0,0,0,0,0,0
517,517,*NOUSE*,*NOUSE*,0,0,0,0,0,0,0,0
518,518,*NOUSE*,*NOUSE*,0,0,0,0,0,0,0,0
519,519,*NOUSE*,*NOUSE*,0,0,0,0,0,0,0,0
520,520,*NOUSE*,*NOUSE*,0,0,0,0,0,0,0,0
521,521,*NOUSE*,*NOUSE*,0,0,0,0,0,0,0,0
522,522,*NOUSE*,*NOUSE*,0,0,0,0,0,0,0,0
523,523,*NOUSE*,*NOUSE*,0,0,0,0,0,0,0,0
524,524,*NOUSE*,*NOUSE*,0,0,0,0,0,0,0,0
525,525,*NOUSE*,,76,1417,50,158.00,59.97,35.55,1031,61833.00
526,526,*NOUSE*,*NOUSE*,0,0,0,0,0,0,0,0
527,527,*NOUSE*,,76,1398,57,94.00,28.53,19.45,307,8758.00
528,528,*NOUSE*,*NOUSE*,0,0,0,0,0,0,0,0
529,529,*NOUSE*,*NOUSE*,0,0,0,0,0,0,0,0
530,530,*NOUSE*,*NOUSE*,0,0,0,0,0,0,0,0
531,531,*NOUSE*,*NOUSE*,0,0,0,0,0,0,0,0
532,532,*NOUSE*,*NOUSE*,0,0,0,0,0,0,0,0
533,533,*NOUSE*,*NOUSE*,0,0,0,0,0,0,0,0
534,534,*NOUSE*,*NOUSE*,0,0,0,0,0,0,0,0
535,535,*NOUSE*,*NOUSE*,0,0,0,0,0,0,0,0
536,536,*NOUSE*,*NOUSE*,0,0,0,0,0,0,0,0
537,537,*NOUSE*,*NOUSE*,0,0,0,0,0,0,0,0
538,538,*NOUSE*,*NOUSE*,0,0,0,0,0,0,0,0
539,539,*NOUSE*,,78,1307,60,125.00,60.42,25.12,131,7915.00
540,540,*NOUSE*,*NOUSE*,0,0,0,0,0,0,0,0
541,541,*NOUSE*,*NOUSE*,0,0,0,0,0,0,0,0
542,542,*NOUSE*,*NOUSE*,0,0,0,0,0,0,0,0
543,543,*NOUSE*,*NOUSE*,0,0,0,0,0,0,0,0
544,544,*NOUSE*,*NOUSE*,0,0,0,0,0,0,0,0
545,545,*NOUSE*,*NOUSE*,0,0,0,0,0,0,0,0
546,546,*NOUSE*,*NOUSE*,0,0,0,0,0,0,0,0
547,547,*NOUSE*,*NOUSE*,0,0,0,0,0,0,0,0
548,548,*NOUSE*,*NOUSE*,0,0,0,0,0,0,0,0
549,549,*NOUSE*,*NOUSE*,0,0,0,0,0,0,0,0
550,550,*NOUSE*,*NOUSE*,0,0,0,0,0,0,0,0
551,551,*NOUSE*,*NOUSE*,0,0,0,0,0,0,0,0
552,552,*NOUSE*,*NOUSE*,0,0,0,0,0,0,0,0
553,553,*NOUSE*,*NOUSE*,0,0,0,0,0,0,0,0
554,554,*NOUSE*,*NOUSE*,0,0,0,0,0,0,0,0
555,555,*NOUSE*,*NOUSE*,0,0,0,0,0,0,0,0
556,556,*NOUSE*,*NOUSE*,0,0,0,0,0,0,0,0
557,557,*NOUSE*,,77,1230,104,120.00,80.97,24.63,60,4858.00
558,558,*NOUSE*,*NOUSE*,0,0,0,0,0,0,0,0
559,559,*NOUSE*,*NOUSE*,0,0,0,0,0,0,0,0
560,560,*NOUSE*,*NOUSE*,0,0,0,0,0,0,0,0
561,561,*NOUSE*,*NOUSE*,0,0,0,0,0,0,0,0
562,562,*NOUSE*,*NOUSE*,0,0,0,0,0,0,0,0
563,563,*NOUSE*,,79,1008,106,18.00, 2.62, 4.27,63,165.00
564,564,*NOUSE*,*NOUSE*,0,0,0,0,0,0,0,0
565,565,*NOUSE*,*NOUSE*,0,0,0,0,0,0,0,0
566,566,*NOUSE*,*NOUSE*,0,0,0,0,0,0,0,0
567,567,*NOUSE*,*NOUSE*,0,0,0,0,0,0,0,0
568,568,*NOUSE*,*NOUSE*,0,0,0,0,0,0,0,0
569,569,*NOUSE*,*NOUSE*,0,0,0,0,0,0,0,0
570,570,*NOUSE*,*NOUSE*,0,0,0,0,0,0,0,0
571,571,HYP5R,,90,1562,63,90.00,30.99,18.29,6097,188955.00
572,572,*NOUSE*,*NOUSE*,0,0,0,0,0,0,0,0
573,573,*NOUSE*,*NOUSE*,0,0,0,0,0,0,0,0
574,574,*NOUSE*,,81,1330,97,59.00,32.25,10.67,152,4902.00
575,575,*NOUSE*,,81,1149,30,73.00,38.40,17.24,149,5721.00
576,576,*NOUSE*,*NOUSE*,0,0,0,0,0,0,0,0
577,577,*NOUSE*,*NOUSE*,0,0,0,0,0,0,0,0
578,578,*NOUSE*,*NOUSE*,0,0,0,0,0,0,0,0
579,579,*NOUSE*,*NOUSE*,0,0,0,0,0,0,0,0
580,580,*NOUSE*,*NOUSE*,0,0,0,0,0,0,0,0
581,581,*NOUSE*,*NOUSE*,0,0,0,0,0,0,0,0
582,582,*NOUSE*,*NOUSE*,0,0,0,0,0,0,0,0
583,583,*NOUSE*,*NOUSE*,0,0,0,0,0,0,0,0
584,584,*NOUSE*,,89,1575,63,73.00,22.97,15.43,800,18376.00
585,585,*NOUSE*,*NOUSE*,0,0,0,0,0,0,0,0
586,586,*NOUSE*,*NOUSE*,0,0,0,0,0,0,0,0
587,587,*NOUSE*,*NOUSE*,0,0,0,0,0,0,0,0
588,588,*NOUSE*,*NOUSE*,0,0,0,0,0,0,0,0
589,589,*NOUSE*,*NOUSE*,0,0,0,0,0,0,0,0
590,590,*NOUSE*,*NOUSE*,0,0,0,0,0,0,0,0
591,591,*NOUSE*,*NOUSE*,0,0,0,0,0,0,0,0
592,592,*NOUSE*,*NOUSE*,0,0,0,0,0,0,0,0
593,593,*NOUSE*,*NOUSE*,0,0,0,0,0,0,0,0
594,594,*NOUSE*,*NOUSE*,0,0,0,0,0,0,0,0
595,595,*NOUSE*,*NOUSE*,0,0,0,0,0,0,0,0
596,596,*NOUSE*,*NOUSE*,0,0,0,0,0,0,0,0
597,597,*NOUSE*,*NOUSE*,0,0,0,0,0,0,0,0
598,598,*NOUSE*,*NOUSE*,0,0,0,0,0,0,0,0
599,599,*NOUSE*,*NOUSE*,0,0,0,0,0,0,0,0
600,600,*NOUSE*,*NOUSE*,0,0,0,0,0,0,0,0
601,601,*NOUSE*,*NOUSE*,0,0,0,0,0,0,0,0
602,602,*NOUSE*,,87,1148,75,69.00,17.93,13.82,787,14108.00
603,603,*NOUSE*,*NOUSE*,0,0,0,0,0,0,0,0
604,604,*NOUSE*,*NOUSE*,0,0,0,0,0,0,0,0
605,605,*NOUSE*,*NOUSE*,0,0,0,0,0,0,0,0
606,606,*NOUSE*,*NOUSE*,0,0,0,0,0,0,0,0
607,607,*NOUSE*,*NOUSE*,0,0,0,0,0,0,0,0
608,608,*NOUSE*,*NOUSE*,0,0,0,0,0,0,0,0
609,609,*NOUSE*,*NOUSE*,0,0,0,0,0,0,0,0
610,610,*NOUSE*,*NOUSE*,0,0,0,0,0,0,0,0
611,611,*NOUSE*,*NOUSE*,0,0,0,0,0,0,0,0
612,612,*NOUSE*,*NOUSE*,0,0,0,0,0,0,0,0
613,613,*NOUSE*,*NOUSE*,0,0,0,0,0,0,0,0
614,614,*NOUSE*,*NOUSE*,0,0,0,0,0,0,0,0
615,615,*NOUSE*,*NOUSE*,0,0,0,0,0,0,0,0
616,616,*NOUSE*,*NOUSE*,0,0,0,0,0,0,0,0
617,617,*NOUSE*,*NOUSE*,0,0,0,0,0,0,0,0
618,618,*NOUSE*,*NOUSE*,0,0,0,0,0,0,0,0
619,619,*NOUSE*,*NOUSE*,0,0,0,0,0,0,0,0
620,620,*NOUSE*,*NOUSE*,0,0,0,0,0,0,0,0
621,621,*NOUSE*,*NOUSE*,0,0,0,0,0,0,0,0
622,622,*NOUSE*,*NOUSE*,0,0,0,0,0,0,0,0
623,623,*NOUSE*,*NOUSE*,0,0,0,0,0,0,0,0
624,624,*NOUSE*,*NOUSE*,0,0,0,0,0,0,0,0
625,625,*NOUSE*,*NOUSE*,0,0,0,0,0,0,0,0
626,626,*NOUSE*,*NOUSE*,0,0,0,0,0,0,0,0
627,627,*NOUSE*,*NOUSE*,0,0,0,0,0,0,0,0
628,628,*NOUSE*,,87,1434,80,106.00,66.07,21.36,236,15592.00
629,629,*NOUSE*,*NOUSE*,0,0,0,0,0,0,0,0
630,630,*NOUSE*,*NOUSE*,0,0,0,0,0,0,0,0
631,631,*NOUSE*,*NOUSE*,0,0,0,0,0,0,0,0
632,632,DD5,*MANUAL*,66,482,93,175.00,100.29,37.02,963,96577.00
633,633,DA6,*MANUAL*,68,565,96,159.00,84.67,29.72,1410,119391.00
634,634,*NOUSE*,*NOUSE*,0,0,0,0,0,0,0,0
635,635,DD4,*MANUAL*,65,641,93,135.00,72.11,27.39,1492,107581.00
636,636,DA5,*MANUAL*,70,736,98,133.00,70.61,32.73,1082,76404.00
637,637,DB5,*MANUAL*,71,800,97,131.00,52.66,35.28,1427,75148.00
638,638,DD3,*MANUAL*,70,843,99,136.00,67.50,31.52,1023,69049.00
639,639,DA4,*MANUAL*,69,858,99,139.00,73.66,28.03,985,72552.00
640,640,DB4,*MANUAL*,67,942,95,126.00,52.40,27.67,1649,86406.00
641,641,DA3,*MANUAL*,67,957,99,124.00,67.89,23.49,1365,92673.00
642,642,DD2,*MANUAL*,68,989,100,146.00,85.47,18.10,895,76495.00
643,643,DA2,*MANUAL*,65,1042,101,128.00,69.33,24.95,895,62049.00
644,644,DB3,*MANUAL*,66,1073,104,121.00,66.75,20.02,1365,91114.00
645,645,INDR1,*MANUAL*,78,1056,44,59.00,26.89, 8.85,2103,56546.00
646,646,INDL1,*MANUAL*,50,1055,48,78.00,36.08,10.38,2103,75872.00
647,647,INVR1,*MANUAL*,76,1050,84,65.00,29.97,11.17,2103,63018.00
648,648,INVL1,*MANUAL*,54,1049,90,83.00,32.83,10.34,2103,69051.00
649,649,IND2,*MANUAL*,62,1008,45,51.00,23.90, 7.40,2103,50271.00
650,650,INV2,*MANUAL*,63,989,83,52.00,22.37, 9.31,2103,47041.00
651,651,IND3,*MANUAL*,61,924,39,55.00,21.27, 8.08,2097,44604.00
652,652,INV3,*MANUAL*,68,906,81,47.00,14.55, 5.76,2103,30604.00
653,653,IND4,*MANUAL*,63,843,46,60.00,23.53, 7.46,2103,49482.00
654,654,INV4,*MANUAL*,66,804,90,51.00,13.60, 7.01,2103,28597.00
655,655,IND5,*MANUAL*,74,756,50,40.00,15.08, 5.56,2103,31719.00
656,656,INV5,*MANUAL*,53,702,59,48.00,17.98, 7.74,2103,37812.00
657,657,INV6,*MANUAL*,72,642,66,43.00,15.26, 6.29,2103,32093.00
658,658,IND6,*MANUAL*,62,586,51,49.00,20.98, 8.11,2103,44116.00
659,659,INV7,*MANUAL*,66,523,76,58.00,23.31, 8.84,2103,49029.00
660,660,IND7,*MANUAL*,60,482,53,61.00,25.10,10.24,2103,52782.00
661,661,INV8,*MANUAL*,64,425,75,92.00,36.57,12.83,1365,49912.00
662,662,IND8,*MANUAL*,65,399,49,76.00,43.77,12.39,1365,59746.00
663,663,IND9,*MANUAL*,62,353,47,118.00,45.82,18.34,2103,96349.00
664,664,INV9,*MANUAL*,70,352,72,107.00,52.09,17.05,1365,71109.00
665,665,Z1,*MANUAL*,78,724,81,101.00,58.67,12.66,1365,80081.00
666,666,Z2,*MANUAL*,69,704,81,122.00,52.07,15.57,2103,109495.00
667,667,Z3,*MANUAL*,62,675,84,127.00,53.14,14.78,2103,111746.00
668,668,Z4,*MANUAL*,61,655,86,126.00,58.93,17.61,1365,80442.00
669,669,BDUR,*MANUAL*,86,1037,65,136.00,67.60,23.42,1365,92269.00
670,670,ALMR,*MANUAL*,85,877,38,107.00,58.93,19.49,1365,80443.00
671,671,CANR,*MANUAL*,90,749,67,96.00,58.10,13.92,1365,79301.00
672,672,HSNR,*MANUAL*,87,703,76,117.00,57.90,15.32,1365,79037.00
673,673,BDUL,*MANUAL*,41,1020,67,151.00,94.72,24.49,895,84771.00
674,674,ALML,*MANUAL*,46,842,47,158.00,91.71,19.84,895,82077.00
675,675,CANL,*MANUAL*,46,726,78,132.00,81.82,16.77,895,73232.00
676,676,HSNL,*MANUAL*,47,700,84,140.00,85.89,22.20,895,76870.00
677,677,V1L,*MANUAL*,41,998,75,99.00,51.23,15.91,1365,69928.00
678,678,P1/2L,*MANUAL*,45,962,85,90.00,45.46,15.27,1365,62048.00
679,679,HYP7LC1,*MANUAL*,40,961,56,69.00,26.11,10.74,2103,54904.00
680,680,V2L,*MANUAL*,44,918,76,80.00,39.28,13.20,1365,53614.00
681,681,P3/4L,*MANUAL*,45,861,86,81.00,45.09,14.33,1365,61546.00
682,682,HYP7LC2,*MANUAL*,44,832,62,71.00,27.84,10.84,2103,58540.00
683,683,V3L,*MANUAL*,44,806,83,88.00,42.50,14.14,1365,58012.00
684,684,P5/6L,*MANUAL*,47,747,90,107.00,46.06,19.58,1365,62874.00
685,685,HYP7LC3,*MANUAL*,43,732,63,77.00,29.39,12.18,2103,61812.00
686,686,V4L,*MANUAL*,44,664,79,96.00,53.01,15.28,1365,72363.00
687,687,P7/8L,*MANUAL*,47,603,85,118.00,54.08,19.44,1365,73823.00
688,688,QL,*MANUAL*,47,559,78,119.00,58.65,19.56,1365,80052.00
689,689,V5L,*MANUAL*,46,508,76,100.00,50.73,16.92,1365,69246.00
690,690,P9/10L,*MANUAL*,47,475,85,148.00,68.04,24.52,1365,92878.00
691,691,V6L,*MANUAL*,47,421,68,133.00,56.16,19.93,1365,76659.00
692,692,P11/12L,*MANUAL*,50,352,76,184.00,88.97,35.66,871,77490.00
693,693,IML,*MANUAL*,55,360,79,201.00,125.57,33.22,895,112385.00
694,694,HYP7LC4,*MANUAL*,43,582,66,82.00,32.43,14.57,2103,68196.00
695,695,HYP7LC6,*MANUAL*,48,321,50,83.00,40.33,15.14,1349,54405.00
696,696,V1R,*MANUAL*,90,1011,71,89.00,46.59,12.77,1365,63600.00
697,697,P1/2R,*MANUAL*,92,968,80,101.00,51.56,13.55,1365,70378.00
698,698,V2R,*MANUAL*,90,917,71,80.00,35.27,13.98,2103,74163.00
699,699,P3/4R,*MANUAL*,90,866,76,74.00,40.06,11.65,1365,54678.00
700,700,V3R,*MANUAL*,90,806,78,81.00,32.93,10.89,2103,69257.00
701,701,P5/6R,*MANUAL*,90,744,83,74.00,43.07,11.84,1365,58794.00
702,702,V4R,*MANUAL*,87,660,71,71.00,39.71,11.58,1365,54201.00
703,703,P7/8R,*MANUAL*,86,611,77,81.00,43.60,13.39,1365,59519.00
704,704,QR,*MANUAL*,87,568,74,99.00,45.67,15.76,1365,62333.00
705,705,M,*MANUAL*,81,559,61,78.00,26.81,12.63,2103,56389.00
706,706,V5R,*MANUAL*,84,502,71,101.00,41.67,17.38,2103,87641.00
707,707,P9/10R,*MANUAL*,83,467,76,108.00,50.00,21.04,2103,105148.00
708,708,V6R,*MANUAL*,84,414,64,118.00,46.76,19.72,2103,98335.00
709,709,P11/12R,*MANUAL*,87,343,70,109.00,62.27,23.14,1365,85005.00
710,710,IMR,*MANUAL*,83,369,74,131.00,66.38,23.52,1365,90606.00
711,711,HYP7ABR3,*MANUAL*,89,1009,48,69.00,29.21,10.76,2103,61438.00
712,712,HYP7RC1,*MANUAL*,89,916,47,49.00,19.20, 8.21,2103,40377.00
713,713,HYP7RC2,*MANUAL*,89,794,52,61.00,21.70, 9.05,2103,45626.00
714,714,HYP7RC3,*MANUAL*,88,701,53,53.00,19.14, 8.69,2103,40255.00
715,715,HYP7RC4,*MANUAL*,84,527,56,94.00,34.97,15.74,2103,73537.00
716,716,HYP7RC5,*MANUAL*,82,436,49,89.00,29.81,15.54,2969,88510.00
717,717,HYP7RC6,*MANUAL*,80,283,45,88.00,40.38,12.01,1365,55119.00
718,718,HYP7ABLV,*MANUAL*,39,1058,75,67.00,32.11,11.04,2103,67525.00
719,719,HYP7ABLD,*MANUAL*,38,1068,61,88.00,34.63,14.15,2103,72828.00
720,720,H2L,*MANUAL*,39,1145,71,92.00,42.86,13.41,1365,58510.00
721,721,AMSHL,*MANUAL*,41,1118,54,114.00,55.59,18.41,1365,75883.00
722,722,VR1,*MANUAL*,88,1527,83,108.00,55.67,17.01,801,44593.00
723,723,VR2,*MANUAL*,85,1491,90,114.00,65.38,19.82,1291,84411.00
724,724,VR3,*MANUAL*,81,1456,98,151.00,78.17,19.22,895,69959.00
725,725,VR4,*MANUAL*,89,1419,94,111.00,58.34,19.75,893,52097.00
726,726,VR5,*MANUAL*,80,1358,100,162.00,76.30,28.04,825,62945.00
727,727,VR6,*MANUAL*,86,1326,93,117.00,56.64,20.24,895,50697.00
728,728,DR1,*MANUAL*,86,1531,51,102.00,63.59,15.39,895,56911.00
729,729,DR2,*MANUAL*,83,1500,46,130.00,70.06,22.60,895,62706.00
730,730,DR3,*MANUAL*,81,1463,39,146.00,79.15,21.41,895,70839.00
731,731,DR4,*MANUAL*,86,1420,43,120.00,64.71,17.05,895,57915.00
732,732,DR5,*MANUAL*,86,1361,43,175.00,85.66,28.93,881,75463.00
733,733,DR6,*MANUAL*,78,1345,34,124.00,68.71,19.99,895,61497.00
734,734,VL1,*MANUAL*,46,1523,80,171.00,85.93,24.11,839,72097.00
735,735,VL2,*MANUAL*,50,1489,92,130.00,66.33,17.87,895,59361.00
736,736,VL3,*MANUAL*,52,1457,97,138.00,77.63,19.89,895,69475.00
737,737,VL4,*MANUAL*,44,1416,92,147.00,83.68,20.66,883,73889.00
738,738,VL5,*MANUAL*,49,1359,101,183.00,73.90,36.50,855,63188.00
739,739,VL6,*MANUAL*,43,1326,92,134.00,75.10,21.57,895,67214.00
740,740,DL1,*MANUAL*,47,1528,51,136.00,78.37,20.35,895,70141.00
741,741,DL2,*MANUAL*,50,1496,47,141.00,83.37,20.62,895,74612.00
742,742,DL3,*MANUAL*,51,1460,41,143.00,87.74,23.36,895,78523.00
743,743,DL4,*MANUAL*,45,1431,46,150.00,88.78,26.74,895,79461.00
744,744,DL5,*MANUAL*,43,1350,44,167.00,95.33,27.75,861,82079.00
745,745,DL6,*MANUAL*,50,1341,36,141.00,84.04,23.15,895,75219.00
746,746,VL18,*MANUAL*,54,416,83,163.00,88.46,29.03,895,79170.00
747,747,VL17,*MANUAL*,59,520,91,141.00,90.01,22.43,895,80555.00
748,748,VL16,*MANUAL*,55,633,87,131.00,80.36,16.10,895,71919.00
749,749,VL15,*MANUAL*,58,726,92,130.00,77.81,17.27,895,69641.00
750,750,CCLA,*MANUAL*,58,746,93,146.00,95.69,20.92,895,85640.00
751,751,CCLP,*MANUAL*,73,740,90,156.00,85.43,28.19,895,76457.00
752,752,VL14,*MANUAL*,55,830,90,110.00,58.96,16.24,1365,80474.00
753,753,VL13,*MANUAL*,57,857,93,142.00,76.85,17.78,895,68783.00
754,754,VL12,*MANUAL*,54,942,87,144.00,68.31,18.34,895,61140.00
755,755,VL11,*MANUAL*,58,980,99,129.00,71.97,18.66,895,64410.00
756,756,VL10,*MANUAL*,52,1090,95,107.00,65.41,15.73,895,58545.00
757,757,VL9,*MANUAL*,53,1142,96,145.00,87.14,21.46,895,77990.00
758,758,VL8,*MANUAL*,53,1171,98,136.00,75.24,17.46,895,67340.00
759,759,VL7,*MANUAL*,53,1225,104,143.00,71.85,29.61,853,61289.00
760,760,VR19,*MANUAL*,77,411,82,154.00,83.26,20.88,895,74514.00
761,761,VR18,*MANUAL*,76,510,86,130.00,63.34,24.07,895,56685.00
762,762,VR17,*MANUAL*,77,589,86,122.00,69.93,19.07,895,62587.00
763,763,VR16,*MANUAL*,78,673,82,105.00,50.42,14.54,895,45124.00
764,764,VR15,*MANUAL*,79,765,91,104.00,61.98,15.52,895,55469.00
765,765,VR14,*MANUAL*,83,848,87,130.00,54.72,23.02,895,48971.00
766,766,VR13,*MANUAL*,80,917,86,100.00,59.59,11.01,895,53334.00
767,767,VR12,*MANUAL*,81,948,83,126.00,59.67,17.45,895,53408.00
768,768,CCRP,*MANUAL*,81,981,86,137.00,71.53,21.89,895,64016.00
769,769,CCRA,*MANUAL*,82,1004,88,128.00,75.08,21.31,895,67201.00
770,770,VR11,*MANUAL*,78,1014,95,107.00,48.38,18.70,895,43301.00
771,771,VR10,*MANUAL*,81,1098,96,91.00,40.63,16.68,895,36368.00
772,772,VR9,*MANUAL*,82,1138,98,116.00,63.84,15.66,895,57133.00
773,773,VR8,*MANUAL*,86,1184,97,140.00,67.43,27.98,895,60346.00
774,774,VR7,*MANUAL*,82,1235,99,146.00,77.28,23.14,895,69168.00
775,775,DR20,*MANUAL*,72,398,39,162.00,78.90,27.61,895,70618.00
776,776,DR19,*MANUAL*,71,472,38,126.00,77.89,19.88,895,69713.00
777,777,DR18,*MANUAL*,73,540,41,131.00,87.81,18.75,895,78586.00
778,778,DR17,*MANUAL*,73,607,39,116.00,61.84,15.54,895,55345.00
779,779,DR16,*MANUAL*,73,687,34,109.00,63.47,18.34,895,56810.00
780,780,DR15,*MANUAL*,75,777,37,112.00,61.72,18.26,895,55236.00
781,781,DR14,*MANUAL*,80,834,35,110.00,48.70,17.56,895,43587.00
782,782,DR13,*MANUAL*,76,905,28,111.00,60.00,18.48,895,53699.00
783,783,DR12,*MANUAL*,79,982,33,90.00,47.83,14.98,895,42811.00
784,784,DR11,*MANUAL*,72,1049,30,111.00,55.74,20.74,895,49884.00
785,785,DR10,*MANUAL*,81,1103,35,122.00,60.85,21.58,1365,83067.00
786,786,DR9,*MANUAL*,78,1166,28,93.00,48.29,15.72,895,43219.00
787,787,DR8,*MANUAL*,79,1205,35,135.00,84.22,16.99,895,75373.00
788,788,DR7,*MANUAL*,75,1254,31,135.00,62.03,22.21,895,55520.00
789,789,DL20,*MANUAL*,56,384,43,169.00,87.17,27.54,895,78013.00
790,790,DL19,*MANUAL*,53,440,43,160.00,92.91,23.31,895,83154.00
791,791,DL18,*MANUAL*,48,502,45,145.00,79.70,22.10,895,71335.00
792,792,DL17,*MANUAL*,51,573,43,143.00,80.61,20.31,895,72146.00
793,793,DL16,*MANUAL*,49,649,42,153.00,83.87,24.70,895,75060.00
794,794,DL15,*MANUAL*,52,745,44,139.00,81.57,21.19,895,73009.00
795,795,DL14,*MANUAL*,52,803,42,132.00,68.66,21.26,895,61447.00
796,796,DL13,*MANUAL*,53,863,37,142.00,74.34,21.81,895,66537.00
797,797,DL12,*MANUAL*,50,926,34,141.00,70.91,25.96,895,63468.00
798,798,DL11,*MANUAL*,50,986,37,122.00,68.38,21.16,895,61199.00
799,799,DL10,*MANUAL*,48,1082,39,110.00,55.80,20.10,895,49940.00
800,800,DL9,*MANUAL*,52,1127,34,114.00,60.82,24.56,895,54436.00
801,801,DL8,*MANUAL*,51,1175,35,136.00,55.84,28.48,895,49980.00
802,802,DL7,*MANUAL*,55,1224,36,152.00,86.81,25.79,895,77697.00
803,803,HMC,*MANUAL*,64,1210,37,151.00,101.03,21.51,895,90418.00
804,804,TL,*MANUAL*,58,210,58,129.00,58.11,22.15,895,52008.00
805,805,PLML,*MANUAL*,61,220,69,198.00,129.72,24.90,895,116096.00
806,806,PHSHL,*MANUAL*,58,238,63,186.00,123.75,28.13,895,110752.00
807,807,ALNL,*MANUAL*,57,253,51,215.00,146.80,25.60,895,131386.00
808,808,PVCL,*MANUAL*,56,262,65,188.00,130.26,22.58,895,116585.00
809,809,LUAL,*MANUAL*,54,269,52,243.00,164.12,39.01,895,146889.00
810,810,PHBL,*MANUAL*,53,280,59,183.00,130.49,21.32,895,116791.00
811,811,PHAL,*MANUAL*,55,280,71,196.00,127.71,27.55,895,114297.00
812,812,PVQL,*MANUAL*,52,295,66,200.00,128.19,24.13,895,114730.00
813,813,REPVL,*MANUAL*,52,316,65,207.00,130.73,26.47,895,117005.00
814,814,SPH,*MANUAL*,52,335,67,190.00,125.61,32.00,895,112419.00
815,815,K,*MANUAL*,57,293,48,179.00,108.73,24.66,895,97313.00
816,816,TR,*MANUAL*,73,212,56,120.00,62.42,19.93,895,55864.00
817,817,PLMR,*MANUAL*,73,226,68,209.00,125.00,25.57,895,111871.00
818,818,PHSHR,*MANUAL*,75,239,58,190.00,128.01,23.76,895,114569.00
819,819,ALNR,*MANUAL*,75,252,51,209.00,141.65,25.06,895,126781.00
820,820,LUAR,*MANUAL*,77,267,54,215.00,154.86,25.77,895,138596.00
821,821,PVCR,*MANUAL*,77,259,65,184.00,131.08,20.50,895,117320.00
822,822,PHBR,*MANUAL*,78,280,59,173.00,128.26,20.16,895,114793.00
823,823,PHAR,*MANUAL*,77,279,71,175.00,124.58,24.37,895,111496.00
824,824,PVQR,*MANUAL*,80,295,64,158.00,112.35,19.99,895,100555.00
825,825,REPVR,*MANUAL*,80,315,60,159.00,114.46,18.63,895,102444.00
826,826,K',*MANUAL*,74,296,50,197.00,129.16,27.04,895,115594.00
827,827,DR21,*MANUAL*,72,309,38,165.00,85.43,33.41,895,76462.00
828,828,REPD,*MANUAL*,62,306,43,219.00,131.68,26.36,895,117850.00
829,829,F,*MANUAL*,64,287,58,208.00,132.84,25.01,895,118889.00
830,830,B,*MANUAL*,65,266,73,158.00,83.62,28.33,895,74840.00
831,831,DVA,*MANUAL*,66,274,51,183.00,124.74,22.09,895,111640.00
832,832,DVC,*MANUAL*,66,250,62,169.00,117.23,17.07,895,104921.00
833,833,DEP,*MANUAL*,66,259,46,183.00,128.52,20.83,895,115021.00
834,834,DL21,*MANUAL*,65,234,51,178.00,111.36,23.82,895,99667.00
835,835,VL19,*MANUAL*,62,247,75,186.00,121.37,25.36,895,108628.00
836,836,VR20,*MANUAL*,73,249,75,173.00,116.39,24.22,895,104172.00
837,837,PVR,*MANUAL*,68,194,53,140.00,92.19,18.49,895,82509.00
838,838,HYP71,*MANUAL*,69,192,72,172.00,95.04,23.00,895,85062.00
839,839,HYP72,*MANUAL*,69,171,67,159.00,104.40,22.16,895,93435.00
840,840,HYP8,*MANUAL*,71,149,64,146.00,99.48,15.88,879,87446.00
841,841,HYP9,*MANUAL*,69,123,63,135.00,81.42,18.69,895,72873.00
842,842,HYP11,*MANUAL*,64,151,56,129.00,78.33,20.88,895,70107.00
843,843,YPDA,*MANUAL*,67,299,83,164.00,96.77,25.15,895,86608.00
844,844,U,*MANUAL*,65,307,69,220.00,122.32,30.71,895,109475.00
845,845,DD6,*MANUAL*,69,322,74,227.00,150.44,33.42,853,128327.00
846,846,DA9,*MANUAL*,77,310,74,188.00,128.73,20.34,895,115211.00
847,847,PVPR,*MANUAL*,77,329,75,203.00,133.11,27.11,895,119137.00
848,848,DA8,*MANUAL*,61,319,80,200.00,139.81,24.43,895,125128.00
849,849,PVPL,*MANUAL*,61,336,80,212.00,140.08,29.80,895,125369.00
850,850,PVT,*MANUAL*,74,342,80,178.00,117.40,23.21,895,105075.00
851,851,VIRR,*MANUAL*,72,326,53,173.00,103.26,28.05,895,92420.00
852,852,VIRL,*MANUAL*,58,326,53,188.00,106.52,25.40,895,95338.00
853,853,VPI3D,*MANUAL*,66,1096,52,145.00,95.01,22.78,895,85032.00
854,854,VPI3V,*MANUAL*,71,1101,83,152.00,85.13,28.23,895,76195.00
855,855,VPI1,*MANUAL*,66,1106,45,126.00,81.66,12.39,895,73085.00
856,856,VPI2V,*MANUAL*,65,1110,89,169.00,105.92,27.65,895,94799.00
857,857,VPI2DR,*MANUAL*,85,1107,59,131.00,79.76,18.95,895,71385.00
858,858,VPI2DL,*MANUAL*,51,1106,61,154.00,94.46,24.32,895,84540.00
859,859,PM8,*MANUAL*,68,1116,78,128.00,82.39,22.48,895,73737.00
860,860,G2R,*MANUAL*,75,1124,83,135.00,82.38,26.33,895,73728.00
861,861,G2L,*MANUAL*,62,1124,89,171.00,115.23,29.38,895,103130.00
862,862,G1P,*MANUAL*,80,1122,48,104.00,60.32,15.93,895,53983.00
863,863,M5,*MANUAL*,55,1133,46,172.00,104.83,28.70,895,93821.00
864,864,PM7D,*MANUAL*,68,1142,37,114.00,70.19,17.93,895,62823.00
865,865,MC3V,*MANUAL*,68,1141,89,136.00,91.59,17.10,895,81970.00
866,866,MC3DR,*MANUAL*,85,1141,50,107.00,78.11,11.08,895,69904.00
867,867,MC3DL,*MANUAL*,49,1140,57,138.00,77.85,17.97,895,69674.00
868,868,PM7VR,*MANUAL*,83,1138,73,86.00,45.49,15.95,895,40718.00
869,869,PM7VL,*MANUAL*,53,1141,77,117.00,76.84,15.16,895,68775.00
870,870,M1,*MANUAL*,80,1167,42,153.00,99.87,17.44,895,89385.00
871,871,I6,*MANUAL*,52,1166,48,193.00,123.88,26.76,895,110876.00
872,872,PM6D,*MANUAL*,65,1171,43,136.00,85.32,16.33,1365,116459.00
873,873,PM6VR,*MANUAL*,81,1168,72,120.00,76.23,15.50,895,68225.00
874,874,PM6VL,*MANUAL*,55,1162,73,153.00,87.33,18.96,895,78162.00
875,875,I5,*MANUAL*,69,1171,88,141.00,93.29,18.20,895,83497.00
876,876,G1AR,*MANUAL*,85,1177,55,120.00,72.66,17.02,895,65029.00
877,877,G1AL,*MANUAL*,50,1171,60,156.00,91.95,21.88,895,82298.00
878,878,M2L,*MANUAL*,54,1181,76,221.00,145.46,28.33,887,129020.00
879,879,M2R,*MANUAL*,81,1185,73,182.00,126.47,24.01,877,110915.00
880,880,PM5VR,*MANUAL*,74,1186,81,180.00,115.25,21.78,895,103146.00
881,881,PM5VL,*MANUAL*,63,1186,80,178.00,107.14,24.94,895,95891.00
882,882,PM5R,*MANUAL*,77,1198,64,139.00,88.95,15.81,895,79613.00
883,883,PM5L,*MANUAL*,57,1195,69,172.00,106.91,25.98,895,95683.00
884,884,PM5DR,*MANUAL*,73,1200,53,146.00,97.24,15.00,895,87026.00
885,885,PM5DL,*MANUAL*,61,1199,51,147.00,99.11,18.29,895,88705.00
886,886,I4,*MANUAL*,68,1191,43,188.00,117.97,22.20,895,105581.00
887,887,MC2V,*MANUAL*,67,1206,80,138.00,80.01,22.18,895,71609.00
888,888,MC2DR,*MANUAL*,75,1217,64,150.00,89.97,19.17,872,78451.00
889,889,MC2DL,*MANUAL*,58,1211,63,149.00,91.85,20.24,883,81102.00
890,890,M4,*MANUAL*,64,1369,61,150.00,104.80,19.63,895,93792.00
891,891,M3R,*MANUAL*,74,1370,81,177.00,122.21,23.01,895,109379.00
892,892,M3L,*MANUAL*,57,1372,80,207.00,131.01,31.95,895,117255.00
893,893,I3,*MANUAL*,65,1395,50,193.00,118.22,23.17,895,105804.00
894,894,NSMR,*MANUAL*,79,1396,83,168.00,99.89,25.35,895,89402.00
895,895,NSML,*MANUAL*,53,1399,82,190.00,118.81,29.02,895,106333.00
896,896,PM4VR,*MANUAL*,73,1412,90,154.00,90.18,18.94,893,80535.00
897,897,PM4VL,*MANUAL*,59,1410,91,165.00,89.60,27.73,895,80189.00
898,898,PM4R,*MANUAL*,82,1413,70,148.00,86.15,22.52,895,77108.00
899,899,PM4L,*MANUAL*,53,1413,68,146.00,90.89,21.87,895,81351.00
900,900,MI,*MANUAL*,66,1409,45,199.00,135.42,25.42,858,116192.00
901,901,PM4DR,*MANUAL*,74,1409,51,168.00,99.99,23.06,895,89487.00
902,902,PM4DL,*MANUAL*,59,1415,52,174.00,99.71,22.57,895,89243.00
903,903,MCL,*MANUAL*,57,1422,78,233.00,140.93,35.26,857,120775.00
904,904,MCR,*MANUAL*,76,1425,78,179.00,113.44,23.67,895,101528.00
905,905,I2L,*MANUAL*,50,1417,83,232.00,151.23,33.78,895,135347.00
906,906,I2R,*MANUAL*,83,1415,85,158.00,111.13,19.18,895,99465.00
907,907,MC1V,*MANUAL*,66,1433,90,175.00,96.97,30.97,774,75055.00
908,908,PM1VR,*MANUAL*,74,1438,84,217.00,130.35,39.80,792,103238.00
909,909,PM1VL,*MANUAL*,59,1437,86,215.00,140.19,31.40,895,125467.00
910,910,PM1R,*MANUAL*,80,1438,77,223.00,138.21,33.48,895,123694.00
911,911,PM1L,*MANUAL*,53,1437,75,247.00,156.87,35.67,895,140398.00
912,912,MC1DR,*MANUAL*,80,1431,61,168.00,84.43,21.45,888,74973.00
913,913,MC1DL,*MANUAL*,56,1434,59,133.00,86.06,19.85,895,77021.00
914,914,PM1DR,*MANUAL*,74,1436,53,227.00,131.26,37.52,895,117474.00
915,915,PM1DL,*MANUAL*,64,1427,49,225.00,129.75,31.94,895,116125.00
916,916,E3D,*MANUAL*,67,1467,50,131.00,75.96,22.52,895,67983.00
917,917,I1L,*MANUAL*,55,1458,80,196.00,131.59,31.70,879,115669.00
918,918,I1R,*MANUAL*,79,1458,81,180.00,107.40,25.76,895,96126.00
919,919,PM3R,*MANUAL*,78,1480,75,97.00,57.10,13.85,895,51104.00
920,920,PM3L,*MANUAL*,57,1474,73,132.00,70.72,26.54,895,63293.00
921,921,PM3DR,*MANUAL*,71,1482,57,104.00,55.81,12.63,895,49947.00
922,922,PM3DL,*MANUAL*,63,1511,55,136.00,52.44,24.18,839,43994.00
923,923,E1D,*MANUAL*,68,1515,49,196.00,110.69,31.60,895,99067.00
924,924,PM3VR,*MANUAL*,73,1521,80,117.00,68.18,17.62,855,58295.00
925,925,PM3VL,*MANUAL*,62,1520,80,127.00,68.38,20.78,885,60516.00
926,926,E3VR,*MANUAL*,79,1492,82,126.00,78.18,18.56,895,69971.00
927,927,E3VL,*MANUAL*,54,1496,78,185.00,85.29,31.24,895,76332.00
928,928,E1VL,*MANUAL*,54,1527,78,208.00,114.06,36.76,895,102080.00
929,929,E1VR,*MANUAL*,81,1527,78,180.00,92.00,29.66,895,82338.00
930,930,PM2D2,*MANUAL*,66,1538,50,176.00,103.69,30.19,895,92807.00
931,931,PM2D1,*MANUAL*,67,1553,48,176.00,100.42,27.66,895,89876.00
932,932,E2D,*MANUAL*,67,1582,47,144.00,69.32,23.89,895,62043.00
933,933,E2VR,*MANUAL*,77,1595,72,115.00,60.43,17.75,895,54087.00
934,934,PM2VR1,*MANUAL*,79,1569,74,136.00,81.61,26.16,895,73042.00
935,935,PM2VR2,*MANUAL*,80,1551,76,151.00,91.04,23.29,895,81481.00
936,936,E2VL,*MANUAL*,58,1594,72,144.00,71.66,32.95,895,64135.00
937,937,PM2VL1,*MANUAL*,56,1565,76,180.00,104.81,35.82,895,93803.00
938,938,PM2VL2,*MANUAL*,56,1551,76,194.00,113.08,30.67,895,101204.00
939,939,HYP7ABRV,*MANUAL*,92,1061,64,65.00,29.34,11.05,1365,40048.00
940,940,HYP7ABRD,*MANUAL*,95,1095,61,67.00,28.64, 9.62,1365,39093.00
941,941,AMSHR,*MANUAL*,97,1144,49,83.00,35.19,15.19,895,31491.00
942,942,H2R,*MANUAL*,99,1186,66,101.00,49.44,14.50,895,44245.00
943,943,ADESHR,*MANUAL*,93,1114,73,142.00,78.48,22.57,895,70239.00
944,944,RMGR,*MANUAL*,94,1180,78,147.00,82.06,24.57,895,73446.00
945,945,ADAR,*MANUAL*,92,1197,80,182.00,116.89,20.33,785,91757.00
946,946,ADER,*MANUAL*,92,1196,61,144.00,100.20,19.56,895,89679.00
947,947,RICR,*MANUAL*,92,1209,65,163.00,100.65,21.60,877,88267.00
948,948,AVJR,*MANUAL*,89,1215,46,180.00,104.58,30.29,895,93597.00
949,949,FLPR,*MANUAL*,93,1215,80,144.00,96.18,15.72,895,86078.00
950,950,AVDR,*MANUAL*,94,1222,57,150.00,96.47,21.09,895,86337.00
951,951,RIMR,*MANUAL*,91,1230,71,135.00,80.23,17.61,895,71810.00
952,952,ASER,*MANUAL*,91,1244,56,115.00,75.29,13.80,895,67381.00
953,953,ASJR,*MANUAL*,91,1247,77,112.00,70.74,11.51,895,63311.00
954,954,AUAR,*MANUAL*,91,1267,80,151.00,98.61,16.66,895,88255.00
955,955,ASHR,*MANUAL*,91,1264,61,116.00,78.22,15.31,895,70010.00
956,956,AVHR,*MANUAL*,84,1230,42,174.00,110.03,24.85,895,98477.00
957,957,ASGR,*MANUAL*,81,1248,43,162.00,109.85,17.64,895,98318.00
958,958,AWBR,*MANUAL*,89,1259,44,156.00,98.15,24.69,895,87840.00
959,959,AWCR,*MANUAL*,93,1283,69,126.00,83.64,14.75,895,74860.00
960,960,SIBDR,*MANUAL*,93,1299,76,170.00,105.76,27.62,895,94659.00
961,961,RMDR,*MANUAL*,88,1313,78,151.00,100.18,24.01,889,89056.00
962,962,AFDR,*MANUAL*,91,1283,52,145.00,74.72,23.26,895,66876.00
963,963,AVAR,*MANUAL*,92,1304,62,133.00,85.64,20.12,895,76650.00
964,964,RMDVR,*MANUAL*,91,1325,60,128.00,85.28,15.19,895,76322.00
965,965,SMDVR,*MANUAL*,88,1311,47,167.00,90.52,29.14,864,78205.00
966,966,ADESHL,*MANUAL*,44,1093,71,193.00,105.62,30.27,895,94531.00
967,967,RMGL,*MANUAL*,44,1141,86,139.00,91.33,19.13,895,81741.00
968,968,ADAL,*MANUAL*,42,1167,85,167.00,103.43,25.67,895,92566.00
969,969,ADEL,*MANUAL*,43,1183,79,204.00,123.87,28.80,895,110867.00
970,970,AINL,*MANUAL*,42,1190,62,202.00,123.37,23.64,895,110418.00
971,971,AVJL,*MANUAL*,42,1200,52,211.00,143.65,27.06,864,124112.00
972,972,FLPL,*MANUAL*,40,1196,82,190.00,116.35,27.20,895,104131.00
973,973,RICL,*MANUAL*,40,1215,80,180.00,114.19,27.50,895,102199.00
974,974,AVDL,*MANUAL*,40,1210,66,200.00,132.99,24.73,893,118756.00
975,975,ASEL,*MANUAL*,40,1233,62,137.00,91.73,17.02,895,82098.00
976,976,ASJL,*MANUAL*,40,1236,78,135.00,82.31,20.97,895,73669.00
977,977,AUAL,*MANUAL*,40,1256,81,177.00,118.83,19.90,895,106352.00
978,978,ASHL,*MANUAL*,40,1256,64,153.00,103.92,16.62,895,93012.00
979,979,AWCL,*MANUAL*,38,1277,72,149.00,100.77,18.71,895,90192.00
980,980,SIBDL,*MANUAL*,39,1295,77,203.00,131.29,34.46,895,117504.00
981,981,RMDL,*MANUAL*,40,1309,76,205.00,129.28,26.58,895,115704.00
982,982,AFDL,*MANUAL*,41,1276,55,174.00,106.52,27.20,895,95332.00
983,983,AVAL,*MANUAL*,41,1299,61,170.00,122.31,19.78,895,109468.00
984,984,RMDVL,*MANUAL*,39,1318,60,224.00,118.86,25.57,895,106376.00
985,985,SMDVL,*MANUAL*,44,1295,49,200.00,128.26,28.49,895,114789.00
986,986,AVHL,*MANUAL*,42,1218,50,200.00,128.17,33.25,895,114715.00
987,987,ASGL,*MANUAL*,46,1235,47,180.00,119.71,31.30,895,107138.00
988,988,AWBL,*MANUAL*,44,1253,50,175.00,121.42,21.67,895,108670.00
989,989,RID,*MANUAL*,64,1334,33,173.00,109.22,22.70,895,97749.00
990,990,ALA,*MANUAL*,64,1315,37,175.00,119.01,18.25,895,106510.00
991,991,CEPDR,*MANUAL*,78,1321,40,192.00,120.68,26.39,895,108011.00
992,992,CEPDL,*MANUAL*,51,1314,43,206.00,134.35,26.78,895,120243.00
993,993,GLRDL,*MANUAL*,59,1318,51,221.00,145.57,29.70,895,130282.00
994,994,GLRDR,*MANUAL*,70,1320,50,221.00,145.94,23.61,895,130612.00
995,995,SAAVR,*MANUAL*,81,1313,53,198.00,132.17,21.92,895,118293.00
996,996,RIAR,*MANUAL*,81,1296,48,170.00,108.58,19.27,895,97183.00
997,997,SAAVL,*MANUAL*,49,1307,57,206.00,136.17,27.37,895,121871.00
998,998,URXL,*MANUAL*,56,1299,44,197.00,128.49,23.85,895,114997.00
999,999,URXR,*MANUAL*,72,1305,44,183.00,117.21,18.78,895,104906.00
1000,1000,ASKR,*MANUAL*,73,1286,42,147.00,93.00,21.17,895,83238.00
1001,1001,ASKL,*MANUAL*,54,1274,40,132.00,96.34,14.52,895,86223.00
1002,1002,ADLR,*MANUAL*,69,1262,45,136.00,95.02,13.64,895,85046.00
1003,1003,ADLL,*MANUAL*,58,1245,42,169.00,105.86,17.06,895,94741.00
1004,1004,ASIR,*MANUAL*,71,1238,51,141.00,104.96,13.60,895,93940.00
1005,1005,ASIL,*MANUAL*,56,1225,51,158.00,111.49,13.90,895,99786.00
1006,1006,RIVL,*MANUAL*,50,1202,46,209.00,143.24,30.18,895,128204.00
1007,1007,RIVR,*MANUAL*,75,1219,47,190.00,121.20,25.00,895,108477.00
1008,1008,ADFR,*MANUAL*,79,1274,49,134.00,96.13,14.85,895,86037.00
1009,1009,AWAR,*MANUAL*,79,1260,57,147.00,103.75,13.67,895,92857.00
1010,1010,AVBR,*MANUAL*,80,1231,56,164.00,109.93,17.80,895,98386.00
1011,1011,AVER,*MANUAL*,80,1299,66,163.00,100.90,22.37,895,90305.00
1012,1012,AIBR,*MANUAL*,80,1282,65,143.00,98.09,19.28,895,87789.00
1013,1013,RIBR,*MANUAL*,80,1246,68,143.00,96.75,17.86,895,86593.00
1014,1014,AIZR,*MANUAL*,85,1217,66,169.00,110.56,21.01,895,98951.00
1015,1015,AVL,*MANUAL*,80,1265,78,145.00,96.91,15.40,895,86735.00
1016,1016,AIYR,*MANUAL*,84,1230,86,166.00,94.67,27.63,895,84731.00
1017,1017,GLRR,*MANUAL*,79,1313,71,167.00,103.04,24.42,895,92217.00
1018,1018,GLRVR,*MANUAL*,73,1314,84,198.00,119.12,26.72,895,106611.00
1019,1019,GLRVL,*MANUAL*,56,1312,84,233.00,139.37,32.80,895,124733.00
1020,1020,GLRL,*MANUAL*,50,1309,73,241.00,132.68,35.77,895,118749.00
1021,1021,AVEL,*MANUAL*,48,1291,68,179.00,124.78,21.43,895,111679.00
1022,1022,AIBL,*MANUAL*,48,1271,68,171.00,112.09,18.71,895,100320.00
1023,1023,RIBL,*MANUAL*,48,1247,66,186.00,121.81,24.61,895,109017.00
1024,1024,RIML,*MANUAL*,49,1226,69,174.00,110.62,21.13,895,99008.00
1025,1025,AIZL,*MANUAL*,47,1204,73,183.00,127.25,23.50,895,113890.00
1026,1026,ADFL,*MANUAL*,52,1265,54,175.00,114.68,20.10,895,102639.00
1027,1027,RIAL,*MANUAL*,51,1286,54,204.00,129.62,21.38,895,116014.00
1028,1028,AVBL,*MANUAL*,49,1210,57,173.00,126.82,20.15,895,113502.00
1029,1029,AWAL,*MANUAL*,56,1246,57,175.00,125.42,19.37,895,112251.00
1030,1030,G1,*MANUAL*,65,1302,107,145.00,91.06,19.12,895,81501.00
1031,1031,G2,*MANUAL*,65,1281,101,174.00,108.98,23.08,895,97533.00
1032,1032,W,*MANUAL*,65,1261,106,136.00,86.74,21.29,895,77633.00
1033,1033,RIH,*MANUAL*,65,1300,90,192.00,134.90,21.91,803,108321.00
1034,1034,SAADR,*MANUAL*,75,1299,92,199.00,143.92,19.56,825,118731.00
1035,1035,SAADL,*MANUAL*,56,1299,91,208.00,144.38,23.52,875,126335.00
1036,1036,RMDDL,*MANUAL*,47,1304,89,215.00,135.80,29.47,895,121539.00
1037,1037,RMDDR,*MANUAL*,82,1304,95,181.00,107.84,29.52,895,96515.00
1038,1038,SMDDR,*MANUAL*,85,1281,88,160.00,99.52,25.24,895,89070.00
1039,1039,SMDDL,*MANUAL*,47,1289,92,190.00,124.53,24.90,895,111457.00
1040,1040,SMBVL,*MANUAL*,61,1286,89,185.00,130.93,21.23,895,117178.00
1041,1041,SMBVR,*MANUAL*,73,1284,91,188.00,131.91,24.45,895,118057.00
1042,1042,RIR,*MANUAL*,78,1286,79,169.00,109.13,20.26,893,97454.00
1043,1043,SMBDR,*MANUAL*,79,1270,95,161.00,111.74,20.27,871,97329.00
1044,1044,SMBDL,*MANUAL*,51,1275,95,180.00,109.44,24.86,889,97289.00
1045,1045,SIADR,*MANUAL*,86,1257,90,179.00,112.07,21.56,860,96376.00
1046,1046,SIAVL,*MANUAL*,49,1257,92,175.00,112.31,21.58,861,96702.00
1047,1047,AIAR,*MANUAL*,71,1264,92,183.00,120.88,26.66,895,108185.00
1048,1048,AIAL,*MANUAL*,58,1270,88,193.00,135.07,21.79,881,118998.00
1049,1049,SIAVR,*MANUAL*,78,1251,90,175.00,112.01,22.47,895,100253.00
1050,1050,SIADL,*MANUAL*,49,1273,83,218.00,123.42,29.13,895,110462.00
1051,1051,EXC DUCT,*MANUAL*,52,1254,83,169.00,100.33,20.67,895,89796.00
1052,1052,SIBVL,*MANUAL*,52,1291,80,221.00,131.60,28.73,895,117778.00
1053,1053,SIBVR,*MANUAL*,83,1296,82,173.00,125.88,19.05,895,112660.00
1054,1054,EXC,*MANUAL*,56,1232,89,68.00,33.47,10.80,1365,45693.00
1055,1055,AIMR,*MANUAL*,73,1221,93,177.00,114.15,22.05,887,101248.00
1056,1056,RIS,*MANUAL*,82,1215,89,144.00,95.64,21.40,895,85597.00
1057,1057,AVKR,*MANUAL*,85,1201,82,164.00,105.55,19.55,895,94469.00
1058,1058,EXC GL R,*MANUAL*,87,1174,88,142.00,82.83,25.04,895,74130.00
1059,1059,AIML,*MANUAL*,59,1209,92,182.00,118.45,26.69,857,101510.00
1060,1060,AIYL,*MANUAL*,52,1210,85,194.00,116.82,27.46,895,104554.00
1061,1061,AVKL,*MANUAL*,52,1192,90,165.00,100.24,22.28,895,89716.00
1062,1062,EXC GL L,*MANUAL*,59,1114,100,132.00,72.55,20.05,895,64929.00
1063,1063,DA1,*MANUAL*,69,1131,106,134.00,85.21,19.22,895,76259.00
1064,1064,RIGR,*MANUAL*,65,1148,106,143.00,91.20,21.98,895,81621.00
1065,1065,DB1,*MANUAL*,66,1163,107,145.00,86.64,25.71,895,77547.00
1066,1066,SABD,*MANUAL*,76,1168,101,167.00,111.71,25.64,895,99981.00
1067,1067,AVG,*MANUAL*,74,1186,100,162.00,104.79,20.59,895,93791.00
1068,1068,DD1,*MANUAL*,64,1178,104,152.00,97.72,19.83,895,87456.00
1069,1069,RIFR,*MANUAL*,74,1202,100,176.00,105.97,30.34,895,94847.00
1070,1070,RIGL,*MANUAL*,64,1194,104,159.00,104.15,21.43,895,93212.00
1071,1071,RIFL,*MANUAL*,65,1211,104,169.00,109.29,23.29,895,97813.00
1072,1072,SABVL,*MANUAL*,69,1241,103,183.00,118.65,26.54,895,106191.00
1073,1073,SABVR,*MANUAL*,70,1225,103,190.00,132.53,24.77,839,111190.00
1074,1074,DB2,*MANUAL*,62,1228,107,178.00,116.60,28.19,895,104355.00
1075,1075,AINR,*MANUAL*,86,1203,48,152.00,107.79,18.96,895,96471.00
1076,1076,H1R,*MANUAL*,95,1336,76,99.00,49.02,17.54,895,43872.00
1077,1077,H0R,*MANUAL*,96,1467,69,109.00,59.45,13.53,895,53206.00
1078,1078,H1L,*MANUAL*,35,1338,73,125.00,70.51,18.52,895,63109.00
1079,1079,H0L,*MANUAL*,39,1468,67,145.00,88.27,21.65,895,79004.00
1080,1080,BAGL,*MANUAL*,40,1355,78,167.00,105.48,21.12,895,94409.00
1081,1081,URBL,*MANUAL*,40,1373,65,202.00,126.35,38.42,893,112834.00
1082,1082,IL2L,*MANUAL*,39,1402,64,165.00,97.92,25.63,895,87641.00
1083,1083,RMEL,*MANUAL*,44,1347,65,191.00,127.21,25.39,895,113856.00
1084,1084,CEPSHDL,*MANUAL*,45,1346,53,214.00,115.12,36.26,895,103032.00
1085,1085,CEPSHVL,*MANUAL*,47,1342,86,170.00,98.33,32.82,895,88001.00
1086,1086,RIPL,*MANUAL*,49,1361,65,189.00,120.66,23.76,895,107991.00
1087,1087,OLLL,*MANUAL*,49,1376,60,189.00,123.56,25.75,895,110589.00
1088,1088,URYDL,*MANUAL*,50,1365,50,236.00,148.40,31.07,889,131932.00
1089,1089,URADL,*MANUAL*,51,1384,45,215.00,147.88,25.63,895,132350.00
1090,1090,OLQVL,*MANUAL*,49,1360,86,185.00,120.68,23.27,895,108006.00
1091,1091,IL1L,*MANUAL*,41,1387,75,179.00,117.02,26.28,895,104731.00
1092,1092,URYVL,*MANUAL*,43,1373,80,200.00,135.52,28.58,895,121293.00
1093,1093,BAGR,*MANUAL*,90,1358,75,127.00,82.77,15.85,895,74075.00
1094,1094,URBR,*MANUAL*,92,1378,66,157.00,88.31,23.47,889,78507.00
1095,1095,IL2R,*MANUAL*,94,1402,70,126.00,83.25,16.53,895,74512.00
1096,1096,RMER,*MANUAL*,86,1347,68,172.00,96.52,20.89,895,86383.00
1097,1097,CEPSHDR,*MANUAL*,86,1344,54,143.00,84.94,20.55,895,76022.00
1098,1098,CEPSHVR,*MANUAL*,86,1341,85,186.00,93.45,31.84,895,83637.00
1099,1099,RIPR,*MANUAL*,82,1360,66,165.00,104.62,21.77,895,93633.00
1100,1100,OLLR,*MANUAL*,82,1374,61,146.00,101.86,17.07,895,91165.00
1101,1101,URYDR,*MANUAL*,83,1363,52,195.00,114.78,31.16,895,102730.00
1102,1102,URADR,*MANUAL*,82,1381,49,192.00,119.25,25.61,895,106727.00
1103,1103,OLQVR,*MANUAL*,79,1356,86,173.00,107.37,22.55,895,96094.00
1104,1104,IL1R,*MANUAL*,88,1378,76,159.00,103.91,22.23,895,93000.00
1105,1105,URYVR,*MANUAL*,85,1368,87,186.00,106.19,34.05,895,95043.00
1106,1106,RMED,*MANUAL*,66,1352,41,186.00,141.79,20.19,883,125204.00
1107,1107,OLQDR,*MANUAL*,74,1359,44,186.00,137.11,18.00,895,122717.00
1108,1108,OLQDL,*MANUAL*,57,1358,45,226.00,155.79,24.12,895,139435.00
1109,1109,IL1DR,*MANUAL*,69,1370,45,204.00,142.47,23.77,884,125943.00
1110,1110,IL1DL,*MANUAL*,59,1374,45,213.00,160.55,22.48,895,143693.00
1111,1111,IL2DL,*MANUAL*,53,1405,39,189.00,113.63,26.88,895,101701.00
1112,1112,CEPSODL,*MANUAL*,46,1394,53,212.00,140.98,32.02,895,126173.00
1113,1113,IL2DR,*MANUAL*,74,1386,37,157.00,88.40,32.04,895,79120.00
1114,1114,CEPSODR,*MANUAL*,85,1398,53,167.00,104.98,27.56,849,89124.00
1115,1115,RMEV,*MANUAL*,62,1331,102,167.00,102.76,22.65,895,91974.00
1116,1116,CEPVR,*MANUAL*,71,1341,99,199.00,128.45,29.43,895,114966.00
1117,1117,CEPVL,*MANUAL*,59,1346,98,191.00,123.70,18.84,895,110715.00
1118,1118,URAVL,*MANUAL*,56,1364,98,224.00,153.98,27.71,872,134269.00
1119,1119,URAVR,*MANUAL*,71,1357,99,209.00,143.35,27.54,869,124572.00
1120,1120,IL1VR,*MANUAL*,66,1366,98,208.00,138.65,32.56,895,124095.00
1121,1121,IL1VL,*MANUAL*,59,1383,101,208.00,113.76,29.82,895,101818.00
1122,1122,IL2VR,*MANUAL*,72,1383,99,186.00,110.94,30.53,893,99070.00
1123,1123,CEPSOVR,*MANUAL*,79,1377,92,171.00,99.56,26.78,895,89102.00
1124,1124,IL2VL,*MANUAL*,61,1407,105,162.00,95.37,22.00,855,81543.00
1125,1125,CEPSOVL,*MANUAL*,48,1379,90,184.00,115.39,28.71,895,103271.00
1126,1126,XXXL,*MANUAL*,40,1401,79,193.00,119.22,31.15,895,106704.00
1127,1127,OLLSHL,*MANUAL*,38,1434,71,225.00,141.24,35.25,894,126273.00
1128,1128,OLQSHVL,*MANUAL*,40,1424,77,217.00,133.73,29.53,895,119684.00
1129,1129,ILSHL,*MANUAL*,43,1445,79,208.00,123.14,34.19,895,110210.00
1130,1130,OLQSHDL,*MANUAL*,39,1429,60,222.00,133.46,33.67,895,119443.00
1131,1131,ILSHDL,*MANUAL*,43,1412,55,212.00,129.33,34.90,895,115748.00
1132,1132,HYP1L,*MANUAL*,45,1444,58,212.00,129.97,30.52,895,116322.00
1133,1133,ARCPDL,*MANUAL*,48,1465,57,188.00,124.91,24.95,895,111797.00
1134,1134,AMSOL,*MANUAL*,46,1484,57,177.00,115.51,22.15,895,103377.00
1135,1135,HYP2L,*MANUAL*,44,1502,58,184.00,108.02,31.43,895,96678.00
1136,1136,OLQSOVL,*MANUAL*,45,1461,80,202.00,129.07,29.12,895,115522.00
1137,1137,ILSOL,*MANUAL*,45,1478,78,196.00,118.00,28.31,895,105606.00
1138,1138,ARCPVL,*MANUAL*,43,1499,72,188.00,116.77,29.09,895,104512.00
1139,1139,ARCADL,*MANUAL*,43,1526,66,194.00,102.58,33.08,895,91809.00
1140,1140,OLLSHR,*MANUAL*,97,1422,71,158.00,103.96,22.40,895,93045.00
1141,1141,XXXR,*MANUAL*,91,1392,81,164.00,105.72,25.40,895,94622.00
1142,1142,OLQSHVR,*MANUAL*,93,1431,79,175.00,109.00,22.98,895,97553.00
1143,1143,OLQSHDR,*MANUAL*,95,1417,58,154.00,97.58,18.22,895,87338.00
1144,1144,ILSHR,*MANUAL*,91,1450,79,165.00,93.69,30.05,895,83854.00
1145,1145,OLLSOR,*MANUAL*,93,1395,54,187.00,104.57,30.85,895,93588.00
1146,1146,ILSHDR,*MANUAL*,90,1429,55,195.00,119.36,25.85,895,106824.00
1147,1147,HYP1R,*MANUAL*,93,1441,57,153.00,97.66,20.72,895,87406.00
1148,1148,ARCPDR,*MANUAL*,87,1460,55,139.00,80.78,25.37,895,72301.00
1149,1149,AMSOR,*MANUAL*,88,1480,58,136.00,89.62,16.82,895,80209.00
1150,1150,ARCADR,*MANUAL*,89,1503,60,134.00,75.68,21.91,895,67737.00
1151,1151,OLQSOVR,*MANUAL*,89,1468,81,159.00,97.65,21.95,895,87395.00
1152,1152,ILSOR,*MANUAL*,90,1486,78,174.00,102.07,19.46,895,91349.00
1153,1153,ARCPVR,*MANUAL*,90,1505,73,157.00,96.05,23.00,895,85965.00
1154,1154,HYP31,*MANUAL*,69,1581,34,172.00,94.24,28.57,895,84345.00
1155,1155,HYP32,*MANUAL*,66,1562,35,183.00,99.21,36.03,895,88793.00
1156,1156,ARCPD,*MANUAL*,73,1548,38,169.00,110.41,23.58,895,98816.00
1157,1157,ILSODR,*MANUAL*,73,1522,41,173.00,110.72,24.46,895,99095.00
1158,1158,OLQSODR,*MANUAL*,73,1500,41,192.00,128.95,23.00,895,115406.00
1159,1159,ILSODL,*MANUAL*,61,1534,39,216.00,129.45,34.69,851,110160.00
1160,1160,OLQSODL,*MANUAL*,60,1512,41,201.00,120.97,32.15,895,108269.00
1161,1161,HYP6D1,*MANUAL*,66,1528,33,155.00,93.15,18.74,895,83368.00
1162,1162,HYP6D2,*MANUAL*,65,1495,34,147.00,97.02,20.60,895,86832.00
1163,1163,HYP6D3,*MANUAL*,65,1462,37,153.00,99.40,19.70,895,88960.00
1164,1164,HYP6D4,*MANUAL*,65,1437,33,173.00,98.54,20.39,895,88192.00
1165,1165,HYP7D1,*MANUAL*,64,1389,31,99.00,56.44,13.10,895,50518.00
1166,1166,HYP7D2,*MANUAL*,64,1302,29,102.00,47.81,14.62,895,42792.00
1167,1167,ARCAV,*MANUAL*,64,1583,87,176.00,89.63,30.23,895,80223.00
1168,1168,ARCPV,*MANUAL*,64,1552,92,172.00,105.06,25.75,893,93819.00
1169,1169,ILSOVL,*MANUAL*,63,1527,94,202.00,124.58,29.12,893,111252.00
1170,1170,ILSHVL,*MANUAL*,62,1501,97,190.00,115.28,27.83,883,101789.00
1171,1171,HYP2V,*MANUAL*,71,1568,90,149.00,86.84,19.93,895,77723.00
1172,1172,HYP1V,*MANUAL*,71,1543,94,160.00,91.79,31.71,895,82150.00
1173,1173,ILSOVR,*MANUAL*,72,1520,96,195.00,129.07,28.06,819,105708.00
1174,1174,ILSHVR,*MANUAL*,70,1495,97,205.00,110.79,36.58,895,99153.00
1175,1175,HYP6V1,*MANUAL*,69,1514,102,157.00,76.47,20.57,895,68443.00
1176,1176,HYP6V2,*MANUAL*,65,1455,101,112.00,69.45,14.23,895,62162.00
1177,1177,HYP7V1,*MANUAL*,68,1402,108,136.00,62.90,20.22,895,56295.00
1178,1178,HYP7V2,*MANUAL*,64,1358,107,167.00,69.34,25.17,895,62061.00
1179,1179,DB7,*MANUAL*,64,443,90,186.00,106.17,29.02,895,95020.00
1180,1180,DA7,*MANUAL*,65,417,90,189.00,120.64,28.42,895,107976.00
1181,1181,DB6,*MANUAL*,66,591,95,143.00,90.41,18.75,895,80913.00
1182,1182,HYP7LC5,*MANUAL*,64,556,34,82.00,31.25,12.65,1365,42658.00
1183,1183,OLLSOL,*MANUAL*,55,1437,42,202.00,119.91,37.03,895,107320.00
1184,1184,f1,*MANUAL*,68,959,61, 9.00, 0.69, 1.31,895,614.00
1185,1185,f2,*MANUAL*,68,886,61, 7.00, 0.40, 0.93,895,355.00
1186,1186,f3,*MANUAL*,68,856,64,11.00, 0.75, 1.30,895,671.00
1187,1187,f4,*MANUAL*,68,1076,64,11.00, 1.84, 1.69,895,1648.00
1188,1188,f5,*MANUAL*,74,839,67, 7.00, 0.44, 0.88,895,398.00
1189,1189,f6,*MANUAL*,75,791,67, 8.00, 0.43, 0.80,895,383.00
1190,1190,f7,*MANUAL*,76,610,68,11.00, 1.12, 1.78,895,999.00
1191,1191,f8,*MANUAL*,58,561,68,23.00, 3.08, 3.12,895,2758.00
1192,1192,f9,*MANUAL*,57,739,63,11.00, 2.24, 1.92,895,2004.00
1193,1193,f10,*MANUAL*,59,792,66, 5.00, 0.33, 0.70,895,291.00
