0,0,*NOUSE*,*NOUSE*,0,0,0,0,0,0,0,0
1,1,*NOUSE*,*NOUSE*,0,0,0,0,0,0,0,0
2,2,*NOUSE*,*NOUSE*,0,0,0,0,0,0,0,0
3,3,*NOUSE*,*NOUSE*,0,0,0,0,0,0,0,0
4,4,*NOUSE*,*NOUSE*,0,0,0,0,0,0,0,0
5,5,V2R,,36,1093,60,85.00,32.25,15.73,6125,197525.00
6,6,ADAR,,37,1358,63,137.00,51.03,26.80,5093,259919.00
7,7,CANR,,38,908,66,135.00,42.55,27.39,5950,253200.00
8,8,*NOUSE*,*NOUSE*,0,0,0,0,0,0,0,0
9,9,RICR,,38,1408,66,168.00,62.84,36.15,4362,274117.00
10,10,V1R,,36,1199,71,96.00,31.75,14.67,6110,194002.00
11,11,*NOUSE*,*NOUSE*,0,0,0,0,0,0,0,0
12,12,*NOUSE*,*NOUSE*,0,0,0,0,0,0,0,0
13,13,*NOUSE*,*NOUSE*,0,0,0,0,0,0,0,0
14,14,*NOUSE*,*NOUSE*,0,0,0,0,0,0,0,0
15,15,*NOUSE*,*NOUSE*,0,0,0,0,0,0,0,0
16,16,*NOUSE*,*NOUSE*,0,0,0,0,0,0,0,0
17,17,*NOUSE*,*NOUSE*,0,0,0,0,0,0,0,0
18,18,*NOUSE*,*NOUSE*,0,0,0,0,0,0,0,0
19,19,*NOUSE*,*NOUSE*,0,0,0,0,0,0,0,0
20,20,*NOUSE*,*NOUSE*,0,0,0,0,0,0,0,0
21,21,AUAR,,39,1448,64,148.00,56.07,31.34,4688,262875.00
22,22,OLLshR,,38,1639,73,200.00,61.92,39.48,5136,318010.00
23,23,*NOUSE*,*NOUSE*,0,0,0,0,0,0,0,0
24,24,*NOUSE*,*NOUSE*,0,0,0,0,0,0,0,0
25,25,*NOUSE*,*NOUSE*,0,0,0,0,0,0,0,0
26,26,*NOUSE*,*NOUSE*,0,0,0,0,0,0,0,0
27,27,*NOUSE*,*NOUSE*,0,0,0,0,0,0,0,0
28,28,*NOUSE*,*NOUSE*,0,0,0,0,0,0,0,0
29,29,RMGR,,38,1332,63,116.00,45.73,23.77,5051,230964.00
30,30,OLQsHVR,,38,1624,66,184.00,66.19,41.87,4802,317835.00
31,31,ADER,,40,1373,68,166.00,63.92,35.36,4112,262828.00
32,32,*NOUSE*,*NOUSE*,0,0,0,0,0,0,0,0
33,33,IL2R,,38,1603,75,150.00,54.13,29.47,4595,248724.00
34,34,AFDR,,39,1483,79,136.00,55.81,24.91,4424,246911.00
35,35,hyp7ABRD,,37,1243,78,69.00,27.72,10.93,6186,171480.00
36,36,hyp7RC4,,37,752,81,92.00,31.64,14.77,7096,224487.00
37,37,*NOUSE*,*NOUSE*,0,0,0,0,0,0,0,0
38,38,*NOUSE*,*NOUSE*,0,0,0,0,0,0,0,0
39,39,ALMR,,40,986,90,134.00,45.06,29.79,4747,213921.00
40,40,*NOUSE*,*NOUSE*,0,0,0,0,0,0,0,0
41,41,*NOUSE*,*NOUSE*,0,0,0,0,0,0,0,0
42,42,*NOUSE*,*NOUSE*,0,0,0,0,0,0,0,0
43,43,*NOUSE*,*NOUSE*,0,0,0,0,0,0,0,0
44,44,*NOUSE*,*NOUSE*,0,0,0,0,0,0,0,0
45,45,*NOUSE*,*NOUSE*,0,0,0,0,0,0,0,0
46,46,*NOUSE*,*NOUSE*,0,0,0,0,0,0,0,0
47,47,*NOUSE*,*NOUSE*,0,0,0,0,0,0,0,0
48,48,*NOUSE*,*NOUSE*,0,0,0,0,0,0,0,0
49,49,AINR,,40,1385,83,142.00,59.55,28.22,4794,285505.00
50,50,*NOUSE*,*NOUSE*,0,0,0,0,0,0,0,0
51,51,*NOUSE*,*NOUSE*,0,0,0,0,0,0,0,0
52,52,AVJR,,41,1401,90,143.00,63.04,30.36,3806,239931.00
53,53,hyp7ABR3,,37,1297,92,85.00,34.28,14.32,3471,118989.00
54,54,HSNR,,41,844,50,158.00,44.98,32.90,6174,277693.00
55,55,*NOUSE*,*NOUSE*,0,0,0,0,0,0,0,0
56,56,*NOUSE*,*NOUSE*,0,0,0,0,0,0,0,0
57,57,*NOUSE*,*NOUSE*,0,0,0,0,0,0,0,0
58,58,*NOUSE*,*NOUSE*,0,0,0,0,0,0,0,0
59,59,ILshR,,41,1650,64,183.00,65.75,39.84,4223,277682.00
60,60,*NOUSE*,*NOUSE*,0,0,0,0,0,0,0,0
61,61,*NOUSE*,*NOUSE*,0,0,0,0,0,0,0,0
62,62,*NOUSE*,*NOUSE*,0,0,0,0,0,0,0,0
63,63,*NOUSE*,*NOUSE*,0,0,0,0,0,0,0,0
64,64,*NOUSE*,*NOUSE*,0,0,0,0,0,0,0,0
65,65,RMDVR,,41,1524,83,143.00,52.26,28.91,4896,255887.00
66,66,ASER,,40,1429,83,104.00,51.52,19.88,3877,199753.00
67,67,*NOUSE*,*NOUSE*,0,0,0,0,0,0,0,0
68,68,*NOUSE*,*NOUSE*,0,0,0,0,0,0,0,0
69,69,*NOUSE*,*NOUSE*,0,0,0,0,0,0,0,0
70,70,*NOUSE*,*NOUSE*,0,0,0,0,0,0,0,0
71,71,*NOUSE*,*NOUSE*,0,0,0,0,0,0,0,0
72,72,BDUR,,42,1229,67,154.00,46.67,31.91,4811,224541.00
73,73,ARCpVR,,42,1716,67,181.00,60.36,38.61,5496,331760.00
74,74,CEPshVR,,46,1544,55,187.00,62.43,33.96,4656,290689.00
75,75,*NOUSE*,*NOUSE*,0,0,0,0,0,0,0,0
76,76,*NOUSE*,*NOUSE*,0,0,0,0,0,0,0,0
77,77,*NOUSE*,*NOUSE*,0,0,0,0,0,0,0,0
78,78,*NOUSE*,*NOUSE*,0,0,0,0,0,0,0,0
79,79,RMDR,,43,1510,59,173.00,66.99,38.71,4980,333614.00
80,80,*NOUSE*,*NOUSE*,0,0,0,0,0,0,0,0
81,81,ILsOR,,43,1694,66,178.00,58.61,36.06,5890,345235.00
82,82,V6R,,42,538,64,120.00,37.61,20.41,7825,294322.00
83,83,AVAR,,41,1503,78,150.00,60.60,30.45,4441,269137.00
84,84,ARCaDR,,42,1726,79,175.00,52.83,33.04,5311,280599.00
85,85,ILshDR,,42,1641,88,209.00,70.84,43.68,4085,289380.00
86,86,DR16,,44,859,95,138.00,42.95,26.07,5240,225071.00
87,87,CCRA,,44,1170,43,145.00,47.06,30.62,5807,273278.00
88,88,*NOUSE*,*NOUSE*,0,0,0,0,0,0,0,0
89,89,URYVR,,44,1576,58,191.00,81.92,43.28,3955,324012.00
90,90,*NOUSE*,*NOUSE*,0,0,0,0,0,0,0,0
91,91,*NOUSE*,*NOUSE*,0,0,0,0,0,0,0,0
92,92,*NOUSE*,*NOUSE*,0,0,0,0,0,0,0,0
93,93,*NOUSE*,*NOUSE*,0,0,0,0,0,0,0,0
94,94,*NOUSE*,*NOUSE*,0,0,0,0,0,0,0,0
95,95,*NOUSE*,*NOUSE*,0,0,0,0,0,0,0,0
96,96,*NOUSE*,*NOUSE*,0,0,0,0,0,0,0,0
97,97,*NOUSE*,*NOUSE*,0,0,0,0,0,0,0,0
98,98,OLQsoVR,,44,1670,60,174.00,61.19,38.38,5353,327539.00
99,99,*NOUSE*,*NOUSE*,0,0,0,0,0,0,0,0
100,100,*NOUSE*,*NOUSE*,0,0,0,0,0,0,0,0
101,101,*NOUSE*,*NOUSE*,0,0,0,0,0,0,0,0
102,102,ARCpDR,,48,1684,88,187.00,63.37,39.50,4904,310772.00
103,103,DR17,,45,778,95,133.00,47.06,30.57,5292,249053.00
104,104,*NOUSE*,*NOUSE*,0,0,0,0,0,0,0,0
105,105,*NOUSE*,*NOUSE*,0,0,0,0,0,0,0,0
106,106,*NOUSE*,*NOUSE*,0,0,0,0,0,0,0,0
107,107,*NOUSE*,*NOUSE*,0,0,0,0,0,0,0,0
108,108,AMsoR,,46,1703,87,195.00,61.13,36.77,4194,256389.00
109,109,DR18,,47,709,95,171.00,48.01,32.78,5723,274751.00
110,110,AWBR,,45,1452,97,153.00,64.22,31.11,3917,251533.00
111,111,*NOUSE*,*NOUSE*,0,0,0,0,0,0,0,0
112,112,VR14,,48,1003,39,128.00,41.51,24.41,6607,274276.00
113,113,*NOUSE*,*NOUSE*,0,0,0,0,0,0,0,0
114,114,*NOUSE*,*NOUSE*,0,0,0,0,0,0,0,0
115,115,*NOUSE*,*NOUSE*,0,0,0,0,0,0,0,0
116,116,*NOUSE*,*NOUSE*,0,0,0,0,0,0,0,0
117,117,ADFR,,47,1471,90,157.00,64.34,31.47,4313,277496.00
118,118,hyp1R,,47,1662,89,207.00,61.37,39.37,4843,297211.00
119,119,*NOUSE*,*NOUSE*,0,0,0,0,0,0,0,0
120,120,*NOUSE*,*NOUSE*,0,0,0,0,0,0,0,0
121,121,VR15,,49,929,39,127.00,44.66,26.37,7036,314242.00
122,122,*NOUSE*,*NOUSE*,0,0,0,0,0,0,0,0
123,123,*NOUSE*,*NOUSE*,0,0,0,0,0,0,0,0
124,124,*NOUSE*,*NOUSE*,0,0,0,0,0,0,0,0
125,125,*NOUSE*,*NOUSE*,0,0,0,0,0,0,0,0
126,126,*NOUSE*,*NOUSE*,0,0,0,0,0,0,0,0
127,127,*NOUSE*,*NOUSE*,0,0,0,0,0,0,0,0
128,128,*NOUSE*,*NOUSE*,0,0,0,0,0,0,0,0
129,129,*NOUSE*,*NOUSE*,0,0,0,0,0,0,0,0
130,130,CEPshDR,,46,1550,90,164.00,64.83,30.95,4501,291821.00
131,131,*NOUSE*,*NOUSE*,0,0,0,0,0,0,0,0
132,132,*NOUSE*,*NOUSE*,0,0,0,0,0,0,0,0
133,133,Z1,,50,903,45,139.00,46.25,26.69,6328,292698.00
134,134,*NOUSE*,*NOUSE*,0,0,0,0,0,0,0,0
135,135,*NOUSE*,*NOUSE*,0,0,0,0,0,0,0,0
136,136,*NOUSE*,*NOUSE*,0,0,0,0,0,0,0,0
137,137,P11/12R,,48,425,56,174.00,55.84,37.51,5546,309671.00
138,138,*NOUSE*,*NOUSE*,0,0,0,0,0,0,0,0
139,139,*NOUSE*,*NOUSE*,0,0,0,0,0,0,0,0
140,140,*NOUSE*,*NOUSE*,0,0,0,0,0,0,0,0
141,141,*NOUSE*,*NOUSE*,0,0,0,0,0,0,0,0
142,142,DR1,,48,1748,89,130.00,46.83,25.65,6696,313598.00
143,143,*NOUSE*,*NOUSE*,0,0,0,0,0,0,0,0
144,144,ASGR,,50,1437,92,139.00,60.85,26.42,4632,281854.00
145,145,CEPsoDR,,48,1598,93,220.00,72.33,42.22,3742,270666.00
146,146,*NOUSE*,*NOUSE*,0,0,0,0,0,0,0,0
147,147,*NOUSE*,*NOUSE*,0,0,0,0,0,0,0,0
148,148,*NOUSE*,*NOUSE*,0,0,0,0,0,0,0,0
149,149,*NOUSE*,*NOUSE*,0,0,0,0,0,0,0,0
150,150,*NOUSE*,*NOUSE*,0,0,0,0,0,0,0,0
151,151,*NOUSE*,*NOUSE*,0,0,0,0,0,0,0,0
152,152,*NOUSE*,*NOUSE*,0,0,0,0,0,0,0,0
153,153,*NOUSE*,*NOUSE*,0,0,0,0,0,0,0,0
154,154,*NOUSE*,*NOUSE*,0,0,0,0,0,0,0,0
155,155,RIS,,48,1398,47,145.00,71.85,29.15,4185,300677.00
156,156,*NOUSE*,*NOUSE*,0,0,0,0,0,0,0,0
157,157,VR17,,51,726,45,178.00,51.10,32.26,6929,354038.00
158,158,*NOUSE*,*NOUSE*,0,0,0,0,0,0,0,0
159,159,CEPsoVR,,49,1588,49,192.00,78.58,39.86,3885,305299.00
160,160,*NOUSE*,*NOUSE*,0,0,0,0,0,0,0,0
161,161,repVR,,51,427,68,230.00,74.58,51.01,5379,401151.00
162,162,*NOUSE*,*NOUSE*,0,0,0,0,0,0,0,0
163,163,*NOUSE*,*NOUSE*,0,0,0,0,0,0,0,0
164,164,*NOUSE*,*NOUSE*,0,0,0,0,0,0,0,0
165,165,*NOUSE*,*NOUSE*,0,0,0,0,0,0,0,0
166,166,M1,,51,1349,97,172.00,57.34,37.91,4675,268070.00
167,167,*NOUSE*,*NOUSE*,0,0,0,0,0,0,0,0
168,168,*NOUSE*,*NOUSE*,0,0,0,0,0,0,0,0
169,169,VR10,,52,1273,41,132.00,45.42,24.04,6758,306957.00
170,170,*NOUSE*,*NOUSE*,0,0,0,0,0,0,0,0
171,171,*NOUSE*,*NOUSE*,0,0,0,0,0,0,0,0
172,172,*NOUSE*,*NOUSE*,0,0,0,0,0,0,0,0
173,173,*NOUSE*,*NOUSE*,0,0,0,0,0,0,0,0
174,174,*NOUSE*,*NOUSE*,0,0,0,0,0,0,0,0
175,175,*NOUSE*,*NOUSE*,0,0,0,0,0,0,0,0
176,176,*NOUSE*,*NOUSE*,0,0,0,0,0,0,0,0
177,177,pm7VR,,51,1323,65,127.00,47.55,25.15,5463,259776.00
178,178,PHBR,,52,380,74,221.00,77.69,50.51,3271,254140.00
179,179,RIBR,,50,1436,72,150.00,65.03,31.16,4025,261729.00
180,180,*NOUSE*,*NOUSE*,0,0,0,0,0,0,0,0
181,181,inDR1,,51,1213,91,68.00,29.69,10.78,6300,187078.00
182,182,*NOUSE*,*NOUSE*,0,0,0,0,0,0,0,0
183,183,*NOUSE*,*NOUSE*,0,0,0,0,0,0,0,0
184,184,*NOUSE*,*NOUSE*,0,0,0,0,0,0,0,0
185,185,*NOUSE*,*NOUSE*,0,0,0,0,0,0,0,0
186,186,*NOUSE*,*NOUSE*,0,0,0,0,0,0,0,0
187,187,AVKR,,50,1382,54,147.00,71.82,29.47,3768,270631.00
188,188,*NOUSE*,*NOUSE*,0,0,0,0,0,0,0,0
189,189,*NOUSE*,*NOUSE*,0,0,0,0,0,0,0,0
190,190,*NOUSE*,*NOUSE*,0,0,0,0,0,0,0,0
191,191,*NOUSE*,*NOUSE*,0,0,0,0,0,0,0,0
192,192,AVL,,50,1458,59,157.00,70.82,31.57,3104,219824.00
193,193,PHAR,,55,384,63,252.00,88.50,61.27,5759,509657.00
194,194,LUAR,,53,367,77,253.00,89.48,66.21,4506,403176.00
195,195,g1aR,,48,1361,82,145.00,55.82,25.06,4241,236735.00
196,196,*NOUSE*,*NOUSE*,0,0,0,0,0,0,0,0
197,197,*NOUSE*,*NOUSE*,0,0,0,0,0,0,0,0
198,198,*NOUSE*,*NOUSE*,0,0,0,0,0,0,0,0
199,199,*NOUSE*,*NOUSE*,0,0,0,0,0,0,0,0
200,200,CEPDR,,52,1508,104,174.00,71.93,41.17,4013,288667.00
201,201,*NOUSE*,*NOUSE*,0,0,0,0,0,0,0,0
202,202,DR8,,51,1377,112,141.00,50.74,25.82,4964,251884.00
203,203,SABD,,57,1342,39,181.00,62.69,37.40,5456,342056.00
204,204,*NOUSE*,*NOUSE*,0,0,0,0,0,0,0,0
205,205,*NOUSE*,*NOUSE*,0,0,0,0,0,0,0,0
206,206,*NOUSE*,*NOUSE*,0,0,0,0,0,0,0,0
207,207,pm4R,,50,1625,72,174.00,70.94,36.89,4066,288434.00
208,208,*NOUSE*,*NOUSE*,0,0,0,0,0,0,0,0
209,209,*NOUSE*,*NOUSE*,0,0,0,0,0,0,0,0
210,210,*NOUSE*,*NOUSE*,0,0,0,0,0,0,0,0
211,211,*NOUSE*,*NOUSE*,0,0,0,0,0,0,0,0
212,212,*NOUSE*,*NOUSE*,0,0,0,0,0,0,0,0
213,213,*NOUSE*,*NOUSE*,0,0,0,0,0,0,0,0
214,214,*NOUSE*,*NOUSE*,0,0,0,0,0,0,0,0
215,215,AIYR,,52,1414,53,192.00,72.73,33.71,4110,298901.00
216,216,*NOUSE*,*NOUSE*,0,0,0,0,0,0,0,0
217,217,DA9,,58,427,54,252.00,105.69,55.87,4655,491987.00
218,218,*NOUSE*,*NOUSE*,0,0,0,0,0,0,0,0
219,219,*NOUSE*,*NOUSE*,0,0,0,0,0,0,0,0
220,220,*NOUSE*,*NOUSE*,0,0,0,0,0,0,0,0
221,221,*NOUSE*,*NOUSE*,0,0,0,0,0,0,0,0
222,222,inD5,,52,908,85,53.00,24.12, 7.23,7648,184478.00
223,223,RIAR,,52,1487,89,149.00,61.60,30.13,3616,222730.00
224,224,g1p,,54,1310,95,109.00,41.55,20.79,5753,239040.00
225,225,*NOUSE*,*NOUSE*,0,0,0,0,0,0,0,0
226,226,*NOUSE*,*NOUSE*,0,0,0,0,0,0,0,0
227,227,*NOUSE*,*NOUSE*,0,0,0,0,0,0,0,0
228,228,*NOUSE*,*NOUSE*,0,0,0,0,0,0,0,0
229,229,*NOUSE*,*NOUSE*,0,0,0,0,0,0,0,0
230,230,*NOUSE*,*NOUSE*,0,0,0,0,0,0,0,0
231,231,*NOUSE*,*NOUSE*,0,0,0,0,0,0,0,0
232,232,*NOUSE*,*NOUSE*,0,0,0,0,0,0,0,0
233,233,*NOUSE*,*NOUSE*,0,0,0,0,0,0,0,0
234,234,*NOUSE*,*NOUSE*,0,0,0,0,0,0,0,0
235,235,inV6,,55,788,61,76.00,27.07,10.27,9799,265289.00
236,236,*NOUSE*,*NOUSE*,0,0,0,0,0,0,0,0
237,237,*NOUSE*,*NOUSE*,0,0,0,0,0,0,0,0
238,238,pm5R,,53,1381,78,166.00,68.60,30.82,3992,273841.00
239,239,*NOUSE*,*NOUSE*,0,0,0,0,0,0,0,0
240,240,*NOUSE*,*NOUSE*,0,0,0,0,0,0,0,0
241,241,*NOUSE*,*NOUSE*,0,0,0,0,0,0,0,0
242,242,*NOUSE*,*NOUSE*,0,0,0,0,0,0,0,0
243,243,*NOUSE*,*NOUSE*,0,0,0,0,0,0,0,0
244,244,*NOUSE*,*NOUSE*,0,0,0,0,0,0,0,0
245,245,*NOUSE*,*NOUSE*,0,0,0,0,0,0,0,0
246,246,*NOUSE*,*NOUSE*,0,0,0,0,0,0,0,0
247,247,SMBDR,,55,1452,42,176.00,81.77,37.25,3512,287183.00
248,248,*NOUSE*,*NOUSE*,0,0,0,0,0,0,0,0
249,249,*NOUSE*,*NOUSE*,0,0,0,0,0,0,0,0
250,250,*NOUSE*,*NOUSE*,0,0,0,0,0,0,0,0
251,251,*NOUSE*,*NOUSE*,0,0,0,0,0,0,0,0
252,252,e3VR,,54,1710,63,202.00,69.46,40.86,3158,219347.00
253,253,*NOUSE*,*NOUSE*,0,0,0,0,0,0,0,0
254,254,*NOUSE*,*NOUSE*,0,0,0,0,0,0,0,0
255,255,*NOUSE*,*NOUSE*,0,0,0,0,0,0,0,0
256,256,PLMR,,59,321,72,244.00,74.34,51.12,6137,456241.00
257,257,virR,,58,440,77,235.00,77.03,51.24,4904,377750.00
258,258,ALNR,,56,348,85,252.00,84.80,61.38,4267,361837.00
259,259,*NOUSE*,*NOUSE*,0,0,0,0,0,0,0,0
260,260,URADR,,54,1588,101,223.00,92.26,53.01,3357,309732.00
261,261,ASKR,,56,1473,102,147.00,56.27,26.38,4754,267501.00
262,262,*NOUSE*,*NOUSE*,0,0,0,0,0,0,0,0
263,263,*NOUSE*,*NOUSE*,0,0,0,0,0,0,0,0
264,264,DR9,,53,1324,118,111.00,40.25,20.71,5066,203924.00
265,265,*NOUSE*,*NOUSE*,0,0,0,0,0,0,0,0
266,266,*NOUSE*,*NOUSE*,0,0,0,0,0,0,0,0
267,267,*NOUSE*,*NOUSE*,0,0,0,0,0,0,0,0
268,268,M2R,,53,1370,67,204.00,87.14,43.38,3265,284515.00
269,269,*NOUSE*,*NOUSE*,0,0,0,0,0,0,0,0
270,270,PHshR,,59,337,74,246.00,86.91,57.13,4996,434189.00
271,271,*NOUSE*,*NOUSE*,0,0,0,0,0,0,0,0
272,272,mc1DR,,54,1645,84,188.00,78.88,36.99,3143,247915.00
273,273,*NOUSE*,*NOUSE*,0,0,0,0,0,0,0,0
274,274,*NOUSE*,*NOUSE*,0,0,0,0,0,0,0,0
275,275,*NOUSE*,*NOUSE*,0,0,0,0,0,0,0,0
276,276,*NOUSE*,*NOUSE*,0,0,0,0,0,0,0,0
277,277,*NOUSE*,*NOUSE*,0,0,0,0,0,0,0,0
278,278,*NOUSE*,*NOUSE*,0,0,0,0,0,0,0,0
279,279,*NOUSE*,*NOUSE*,0,0,0,0,0,0,0,0
280,280,PVT,,60,470,54,224.00,83.32,54.29,4973,414333.00
281,281,GLRR,,53,1506,62,190.00,84.02,41.85,3480,292401.00
282,282,AIMR,,59,1402,57,192.00,87.68,39.40,4395,385335.00
283,283,*NOUSE*,*NOUSE*,0,0,0,0,0,0,0,0
284,284,inV9,,59,480,65,126.00,52.83,27.44,5365,283414.00
285,285,*NOUSE*,*NOUSE*,0,0,0,0,0,0,0,0
286,286,vpi1,,61,1294,103,137.00,52.85,27.51,4571,241575.00
287,287,RIVR,,57,1405,106,184.00,72.22,42.95,3235,233633.00
288,288,*NOUSE*,*NOUSE*,0,0,0,0,0,0,0,0
289,289,*NOUSE*,*NOUSE*,0,0,0,0,0,0,0,0
290,290,M3R,,56,1579,64,230.00,84.58,50.34,4039,341619.00
291,291,*NOUSE*,*NOUSE*,0,0,0,0,0,0,0,0
292,292,*NOUSE*,*NOUSE*,0,0,0,0,0,0,0,0
293,293,vpi3D,,63,1283,98,153.00,54.81,32.21,4317,236595.00
294,294,GLRDR,,60,1515,93,224.00,84.06,48.41,3802,319604.00
295,295,*NOUSE*,*NOUSE*,0,0,0,0,0,0,0,0
296,296,ADLR,,58,1452,104,152.00,58.19,25.79,4310,250804.00
297,297,*NOUSE*,*NOUSE*,0,0,0,0,0,0,0,0
298,298,*NOUSE*,*NOUSE*,0,0,0,0,0,0,0,0
299,299,GLRVR,,58,1513,55,226.00,82.25,46.31,3923,322650.00
300,300,*NOUSE*,*NOUSE*,0,0,0,0,0,0,0,0
301,301,*NOUSE*,*NOUSE*,0,0,0,0,0,0,0,0
302,302,PVR,,61,271,80,204.00,57.21,45.05,7051,403411.00
303,303,*NOUSE*,*NOUSE*,0,0,0,0,0,0,0,0
304,304,ARCpD,,60,1760,101,216.00,65.96,47.50,4786,315699.00
305,305,I4,,63,1370,99,183.00,72.12,40.60,4097,295481.00
306,306,*NOUSE*,*NOUSE*,0,0,0,0,0,0,0,0
307,307,IL2DR,,59,1601,109,193.00,68.55,43.81,3751,257144.00
308,308,SABVR,,60,1384,39,238.00,100.06,47.34,3501,350306.00
309,309,*NOUSE*,*NOUSE*,0,0,0,0,0,0,0,0
310,310,*NOUSE*,*NOUSE*,0,0,0,0,0,0,0,0
311,311,*NOUSE*,*NOUSE*,0,0,0,0,0,0,0,0
312,312,*NOUSE*,*NOUSE*,0,0,0,0,0,0,0,0
313,313,inD4,,61,1005,91,55.00,22.35, 6.69,7990,178600.00
314,314,*NOUSE*,*NOUSE*,0,0,0,0,0,0,0,0
315,315,*NOUSE*,*NOUSE*,0,0,0,0,0,0,0,0
316,316,*NOUSE*,*NOUSE*,0,0,0,0,0,0,0,0
317,317,*NOUSE*,*NOUSE*,0,0,0,0,0,0,0,0
318,318,pm4VR,,60,1621,50,177.00,68.19,35.57,5790,394820.00
319,319,DD5,,64,610,47,226.00,62.77,49.77,5892,369848.00
320,320,*NOUSE*,*NOUSE*,0,0,0,0,0,0,0,0
321,321,*NOUSE*,*NOUSE*,0,0,0,0,0,0,0,0
322,322,*NOUSE*,*NOUSE*,0,0,0,0,0,0,0,0
323,323,*NOUSE*,*NOUSE*,0,0,0,0,0,0,0,0
324,324,vpi2V,,65,1291,60,206.00,73.73,45.64,4663,343814.00
325,325,pm8,,65,1299,70,166.00,58.41,34.22,4221,246548.00
326,326,inD8,,63,536,87,107.00,40.46,19.03,7475,302446.00
327,327,*NOUSE*,*NOUSE*,0,0,0,0,0,0,0,0
328,328,DL19,,63,574,99,230.00,63.90,50.44,4812,307497.00
329,329,*NOUSE*,*NOUSE*,0,0,0,0,0,0,0,0
330,330,*NOUSE*,*NOUSE*,0,0,0,0,0,0,0,0
331,331,DB5,,64,917,35,174.00,51.37,35.60,6433,330433.00
332,332,*NOUSE*,*NOUSE*,0,0,0,0,0,0,0,0
333,333,*NOUSE*,*NOUSE*,0,0,0,0,0,0,0,0
334,334,inV3,,64,1062,51,59.00,25.48, 8.82,9868,251413.00
335,335,DB7,,64,576,48,227.00,66.53,51.35,5994,398763.00
336,336,*NOUSE*,*NOUSE*,0,0,0,0,0,0,0,0
337,337,*NOUSE*,*NOUSE*,0,0,0,0,0,0,0,0
338,338,*NOUSE*,*NOUSE*,0,0,0,0,0,0,0,0
339,339,pm5VR,,60,1370,58,182.00,94.37,33.26,1560,147215.00
340,340,*NOUSE*,*NOUSE*,0,0,0,0,0,0,0,0
341,341,*NOUSE*,*NOUSE*,0,0,0,0,0,0,0,0
342,342,*NOUSE*,*NOUSE*,0,0,0,0,0,0,0,0
343,343,*NOUSE*,*NOUSE*,0,0,0,0,0,0,0,0
344,344,*NOUSE*,*NOUSE*,0,0,0,0,0,0,0,0
345,345,*NOUSE*,*NOUSE*,0,0,0,0,0,0,0,0
346,346,*NOUSE*,*NOUSE*,0,0,0,0,0,0,0,0
347,347,DA4,,65,1004,35,185.00,50.60,36.39,5955,301337.00
348,348,*NOUSE*,*NOUSE*,0,0,0,0,0,0,0,0
349,349,*NOUSE*,*NOUSE*,0,0,0,0,0,0,0,0
350,350,SABVL,,63,1400,41,219.00,93.56,46.13,3963,370763.00
351,351,DA6,,65,699,42,211.00,65.39,49.74,5200,340021.00
352,352,hyp4V1,,63,1864,57,216.00,56.88,46.37,5514,313637.00
353,353,hyp72,,64,246,72,208.00,55.84,45.07,6362,355240.00
354,354,*NOUSE*,*NOUSE*,0,0,0,0,0,0,0,0
355,355,*NOUSE*,*NOUSE*,0,0,0,0,0,0,0,0
356,356,*NOUSE*,*NOUSE*,0,0,0,0,0,0,0,0
357,357,*NOUSE*,*NOUSE*,0,0,0,0,0,0,0,0
358,358,DD3,,66,977,35,176.00,48.88,36.58,5965,291571.00
359,359,DB4,,65,1088,35,150.00,47.82,31.23,5810,277850.00
360,360,DD4,,66,786,41,177.00,56.19,41.99,5845,328424.00
361,361,*NOUSE*,*NOUSE*,0,0,0,0,0,0,0,0
362,362,inV4,,65,958,53,64.00,22.93, 7.26,10933,250644.00
363,363,hyp4V2,,65,1834,52,227.00,62.31,50.45,5012,312277.00
364,364,*NOUSE*,*NOUSE*,0,0,0,0,0,0,0,0
365,365,DVA,,64,382,81,236.00,97.90,50.46,4168,408059.00
366,366,*NOUSE*,*NOUSE*,0,0,0,0,0,0,0,0
367,367,DEP,,62,363,86,206.00,87.38,42.60,1936,169173.00
368,368,I3,,67,1606,90,232.00,72.83,49.01,4275,311349.00
369,369,*NOUSE*,*NOUSE*,0,0,0,0,0,0,0,0
370,370,*NOUSE*,*NOUSE*,0,0,0,0,0,0,0,0
371,371,pm6D,,63,1349,104,141.00,55.46,29.70,3867,214476.00
372,372,hyp6D1,,65,1745,109,172.00,63.78,40.83,3444,219642.00
373,373,DL13,,65,1037,106,115.00,39.98,22.13,5128,205025.00
374,374,*NOUSE*,*NOUSE*,0,0,0,0,0,0,0,0
375,375,DB3,,68,1248,36,157.00,55.22,37.77,6934,382877.00
376,376,*NOUSE*,*NOUSE*,0,0,0,0,0,0,0,0
377,377,*NOUSE*,*NOUSE*,0,0,0,0,0,0,0,0
378,378,*NOUSE*,*NOUSE*,0,0,0,0,0,0,0,0
379,379,*NOUSE*,*NOUSE*,0,0,0,0,0,0,0,0
380,380,*NOUSE*,*NOUSE*,0,0,0,0,0,0,0,0
381,381,*NOUSE*,*NOUSE*,0,0,0,0,0,0,0,0
382,382,*NOUSE*,*NOUSE*,0,0,0,0,0,0,0,0
383,383,hyp4D,,66,1859,96,169.00,48.03,35.10,6519,313135.00
384,384,repD,,66,417,90,241.00,90.91,55.41,4072,370177.00
385,385,*NOUSE*,*NOUSE*,0,0,0,0,0,0,0,0
386,386,*NOUSE*,*NOUSE*,0,0,0,0,0,0,0,0
387,387,*NOUSE*,*NOUSE*,0,0,0,0,0,0,0,0
388,388,*NOUSE*,*NOUSE*,0,0,0,0,0,0,0,0
389,389,DA1,,67,1278,41,184.00,63.03,38.48,5521,347973.00
390,390,mc3V,,69,1323,53,162.00,52.28,32.71,6036,315559.00
391,391,I5,,67,1358,55,180.00,72.91,36.47,4099,298839.00
392,392,*NOUSE*,*NOUSE*,0,0,0,0,0,0,0,0
393,393,mc2V,,66,1397,67,154.00,67.76,27.21,4399,298059.00
394,394,*NOUSE*,*NOUSE*,0,0,0,0,0,0,0,0
395,395,M4,,66,1578,84,166.00,64.45,35.39,5733,369470.00
396,396,*NOUSE*,*NOUSE*,0,0,0,0,0,0,0,0
397,397,inV5,,67,847,85,76.00,25.65, 9.28,8246,211520.00
398,398,DL14,,68,959,102,125.00,40.58,23.37,5312,215541.00
399,399,*NOUSE*,*NOUSE*,0,0,0,0,0,0,0,0
400,400,*NOUSE*,*NOUSE*,0,0,0,0,0,0,0,0
401,401,G1,,69,1484,34,199.00,68.72,40.43,5542,380855.00
402,402,DB1,,69,1312,35,155.00,56.56,33.63,4634,262106.00
403,403,rigr,,70,1294,39,173.00,65.51,38.54,5481,359055.00
404,404,DB6,,66,727,41,200.00,64.65,45.65,5151,333035.00
405,405,DA7,,66,547,49,244.00,86.88,57.98,4703,408613.00
406,406,inV2,,71,1150,51,64.00,28.34, 9.66,8437,239078.00
407,407,*NOUSE*,*NOUSE*,0,0,0,0,0,0,0,0
408,408,*NOUSE*,*NOUSE*,0,0,0,0,0,0,0,0
409,409,*NOUSE*,*NOUSE*,0,0,0,0,0,0,0,0
410,410,*NOUSE*,*NOUSE*,0,0,0,0,0,0,0,0
411,411,F,,66,401,74,246.00,111.93,54.48,4113,460379.00
412,412,e2D,,66,1816,89,159.00,47.22,32.63,6418,303066.00
413,413,*NOUSE*,*NOUSE*,0,0,0,0,0,0,0,0
414,414,DL11,,68,1168,105,128.00,40.47,22.81,4950,200316.00
415,415,ILsoDL,,72,1742,101,246.00,86.43,58.15,4235,366018.00
416,416,*NOUSE*,*NOUSE*,0,0,0,0,0,0,0,0
417,417,*NOUSE*,*NOUSE*,0,0,0,0,0,0,0,0
418,418,*NOUSE*,*NOUSE*,0,0,0,0,0,0,0,0
419,419,*NOUSE*,*NOUSE*,0,0,0,0,0,0,0,0
420,420,*NOUSE*,*NOUSE*,0,0,0,0,0,0,0,0
421,421,CCLP,,71,900,44,196.00,56.09,41.41,5663,317662.00
422,422,*NOUSE*,*NOUSE*,0,0,0,0,0,0,0,0
423,423,YPDA,,68,403,50,214.00,72.30,47.01,5253,379789.00
424,424,*NOUSE*,*NOUSE*,0,0,0,0,0,0,0,0
425,425,*NOUSE*,*NOUSE*,0,0,0,0,0,0,0,0
426,426,*NOUSE*,*NOUSE*,0,0,0,0,0,0,0,0
427,427,hyp102,,65,97,76,121.00,32.09,19.94,5336,171257.00
428,428,PLML,,68,308,76,237.00,74.45,52.58,5345,397940.00
429,429,*NOUSE*,*NOUSE*,0,0,0,0,0,0,0,0
430,430,ALNL,,70,349,87,251.00,99.45,62.32,5630,559889.00
431,431,*NOUSE*,*NOUSE*,0,0,0,0,0,0,0,0
432,432,*NOUSE*,*NOUSE*,0,0,0,0,0,0,0,0
433,433,*NOUSE*,*NOUSE*,0,0,0,0,0,0,0,0
434,434,*NOUSE*,*NOUSE*,0,0,0,0,0,0,0,0
435,435,*NOUSE*,*NOUSE*,0,0,0,0,0,0,0,0
436,436,TL,,71,286,80,155.00,48.91,28.47,7195,351914.00
437,437,virL,,70,442,82,235.00,90.96,58.26,3972,361297.00
438,438,hyp6D3,,66,1672,105,177.00,69.31,38.96,4490,311204.00
439,439,*NOUSE*,*NOUSE*,0,0,0,0,0,0,0,0
440,440,HMC,,68,1388,114,151.00,53.39,27.49,4102,219008.00
441,441,ALA,,67,1504,108,186.00,78.21,39.03,3655,285858.00
442,442,*NOUSE*,*NOUSE*,0,0,0,0,0,0,0,0
443,443,*NOUSE*,*NOUSE*,0,0,0,0,0,0,0,0
444,444,*NOUSE*,*NOUSE*,0,0,0,0,0,0,0,0
445,445,*NOUSE*,*NOUSE*,0,0,0,0,0,0,0,0
446,446,*NOUSE*,*NOUSE*,0,0,0,0,0,0,0,0
447,447,*NOUSE*,*NOUSE*,0,0,0,0,0,0,0,0
448,448,*NOUSE*,*NOUSE*,0,0,0,0,0,0,0,0
449,449,*NOUSE*,*NOUSE*,0,0,0,0,0,0,0,0
450,450,*NOUSE*,*NOUSE*,0,0,0,0,0,0,0,0
451,451,U,,71,421,62,232.00,91.20,55.41,4742,432487.00
452,452,*NOUSE*,*NOUSE*,0,0,0,0,0,0,0,0
453,453,ADLL,,71,1443,107,128.00,56.77,25.17,4713,267568.00
454,454,ASKL,,70,1468,106,142.00,58.95,28.74,4767,281038.00
455,455,*NOUSE*,*NOUSE*,0,0,0,0,0,0,0,0
456,456,DA2,,68,1217,36,164.00,54.37,35.10,6351,345321.00
457,457,*NOUSE*,*NOUSE*,0,0,0,0,0,0,0,0
458,458,*NOUSE*,*NOUSE*,0,0,0,0,0,0,0,0
459,459,*NOUSE*,*NOUSE*,0,0,0,0,0,0,0,0
460,460,*NOUSE*,*NOUSE*,0,0,0,0,0,0,0,0
461,461,PVPL,,72,463,58,246.00,90.97,59.33,4514,410661.00
462,462,*NOUSE*,*NOUSE*,0,0,0,0,0,0,0,0
463,463,DB2,,70,1388,34,195.00,84.38,41.75,3673,309920.00
464,464,*NOUSE*,*NOUSE*,0,0,0,0,0,0,0,0
465,465,*NOUSE*,*NOUSE*,0,0,0,0,0,0,0,0
466,466,*NOUSE*,*NOUSE*,0,0,0,0,0,0,0,0
467,467,*NOUSE*,*NOUSE*,0,0,0,0,0,0,0,0
468,468,*NOUSE*,*NOUSE*,0,0,0,0,0,0,0,0
469,469,*NOUSE*,*NOUSE*,0,0,0,0,0,0,0,0
470,470,VL19,,72,339,66,229.00,73.35,51.97,5125,375935.00
471,471,*NOUSE*,*NOUSE*,0,0,0,0,0,0,0,0
472,472,PHshL,,71,330,80,251.00,89.76,61.68,4405,395411.00
473,473,*NOUSE*,*NOUSE*,0,0,0,0,0,0,0,0
474,474,*NOUSE*,*NOUSE*,0,0,0,0,0,0,0,0
475,475,*NOUSE*,*NOUSE*,0,0,0,0,0,0,0,0
476,476,*NOUSE*,*NOUSE*,0,0,0,0,0,0,0,0
477,477,*NOUSE*,*NOUSE*,0,0,0,0,0,0,0,0
478,478,*NOUSE*,*NOUSE*,0,0,0,0,0,0,0,0
479,479,*NOUSE*,*NOUSE*,0,0,0,0,0,0,0,0
480,480,inVL1,,78,1210,48,83.00,31.89,13.26,7768,247709.00
481,481,*NOUSE*,*NOUSE*,0,0,0,0,0,0,0,0
482,482,*NOUSE*,*NOUSE*,0,0,0,0,0,0,0,0
483,483,*NOUSE*,*NOUSE*,0,0,0,0,0,0,0,0
484,484,e2VL,,75,1820,65,204.00,54.37,42.49,6329,344115.00
485,485,*NOUSE*,*NOUSE*,0,0,0,0,0,0,0,0
486,486,*NOUSE*,*NOUSE*,0,0,0,0,0,0,0,0
487,487,*NOUSE*,*NOUSE*,0,0,0,0,0,0,0,0
488,488,*NOUSE*,*NOUSE*,0,0,0,0,0,0,0,0
489,489,*NOUSE*,*NOUSE*,0,0,0,0,0,0,0,0
490,490,*NOUSE*,*NOUSE*,0,0,0,0,0,0,0,0
491,491,ALML,,76,1045,98,133.00,48.49,30.15,4433,214938.00
492,492,*NOUSE*,*NOUSE*,0,0,0,0,0,0,0,0
493,493,*NOUSE*,*NOUSE*,0,0,0,0,0,0,0,0
494,494,RIFL,,73,1376,44,222.00,93.22,45.60,3543,330274.00
495,495,*NOUSE*,*NOUSE*,0,0,0,0,0,0,0,0
496,496,*NOUSE*,*NOUSE*,0,0,0,0,0,0,0,0
497,497,M3L,,75,1578,64,249.00,93.29,57.95,4097,382189.00
498,498,*NOUSE*,*NOUSE*,0,0,0,0,0,0,0,0
499,499,PHAL,,77,391,67,250.00,98.24,64.82,3979,390907.00
500,500,*NOUSE*,*NOUSE*,0,0,0,0,0,0,0,0
501,501,pm5L,,77,1381,81,191.00,80.06,35.33,3672,293979.00
502,502,*NOUSE*,*NOUSE*,0,0,0,0,0,0,0,0
503,503,I6,,76,1353,100,207.00,66.65,42.69,4469,297848.00
504,504,*NOUSE*,*NOUSE*,0,0,0,0,0,0,0,0
505,505,RIVL,,76,1401,104,223.00,77.42,44.17,3387,262216.00
506,506,DL9,,76,1291,111,130.00,45.48,25.67,4705,213965.00
507,507,*NOUSE*,*NOUSE*,0,0,0,0,0,0,0,0
508,508,*NOUSE*,*NOUSE*,0,0,0,0,0,0,0,0
509,509,GLRVL,,75,1509,57,230.00,88.36,50.36,3883,343112.00
510,510,*NOUSE*,*NOUSE*,0,0,0,0,0,0,0,0
511,511,*NOUSE*,*NOUSE*,0,0,0,0,0,0,0,0
512,512,repVL,,77,429,71,246.00,81.91,58.63,4497,368355.00
513,513,hyp7LC4,,76,725,90,134.00,36.83,18.57,7479,275453.00
514,514,vpi2DL,,79,1292,91,161.00,49.98,32.49,5046,252197.00
515,515,ASIL,,75,1421,102,147.00,66.02,34.38,2579,170273.00
516,516,M5,,77,1320,100,186.00,65.97,42.69,4313,284533.00
517,517,*NOUSE*,*NOUSE*,0,0,0,0,0,0,0,0
518,518,DL10,,77,1238,106,116.00,38.01,20.03,5151,195792.00
519,519,*NOUSE*,*NOUSE*,0,0,0,0,0,0,0,0
520,520,pm4VL,,73,1619,51,190.00,77.81,39.28,4718,367112.00
521,521,*NOUSE*,*NOUSE*,0,0,0,0,0,0,0,0
522,522,*NOUSE*,*NOUSE*,0,0,0,0,0,0,0,0
523,523,*NOUSE*,*NOUSE*,0,0,0,0,0,0,0,0
524,524,*NOUSE*,*NOUSE*,0,0,0,0,0,0,0,0
525,525,GLRDL,,73,1512,93,208.00,90.85,48.89,3301,299880.00
526,526,*NOUSE*,*NOUSE*,0,0,0,0,0,0,0,0
527,527,IL2VL,,75,1591,40,215.00,96.05,49.75,4193,402757.00
528,528,*NOUSE*,*NOUSE*,0,0,0,0,0,0,0,0
529,529,*NOUSE*,*NOUSE*,0,0,0,0,0,0,0,0
530,530,CCLA,,80,987,50,169.00,51.56,38.03,5399,278360.00
531,531,*NOUSE*,*NOUSE*,0,0,0,0,0,0,0,0
532,532,*NOUSE*,*NOUSE*,0,0,0,0,0,0,0,0
533,533,NSML,,80,1609,60,236.00,90.26,52.76,4102,370263.00
534,534,*NOUSE*,*NOUSE*,0,0,0,0,0,0,0,0
535,535,V5L,,78,638,73,146.00,43.96,27.63,7029,309016.00
536,536,V6L,,79,549,76,147.00,43.14,27.31,7975,344051.00
537,537,*NOUSE*,*NOUSE*,0,0,0,0,0,0,0,0
538,538,*NOUSE*,*NOUSE*,0,0,0,0,0,0,0,0
539,539,*NOUSE*,*NOUSE*,0,0,0,0,0,0,0,0
540,540,SAAVL,,79,1502,87,206.00,85.88,45.25,3635,312179.00
541,541,VL9,,80,1282,44,156.00,55.58,31.30,5636,313277.00
542,542,P9/10L,,79,607,65,168.00,48.24,33.15,6934,334484.00
543,543,GLRL,,79,1505,69,231.00,88.95,49.27,3529,313897.00
544,544,*NOUSE*,*NOUSE*,0,0,0,0,0,0,0,0
545,545,PHBL,,77,386,79,251.00,95.23,60.66,4224,402265.00
546,546,mc1DL,,79,1643,84,199.00,89.64,40.36,2165,194069.00
547,547,*NOUSE*,*NOUSE*,0,0,0,0,0,0,0,0
548,548,AWAL,,79,1443,92,168.00,73.09,35.66,4638,338985.00
549,549,*NOUSE*,*NOUSE*,0,0,0,0,0,0,0,0
550,550,*NOUSE*,*NOUSE*,0,0,0,0,0,0,0,0
551,551,DL8,,81,1352,113,126.00,45.99,24.06,4995,229723.00
552,552,*NOUSE*,*NOUSE*,0,0,0,0,0,0,0,0
553,553,*NOUSE*,*NOUSE*,0,0,0,0,0,0,0,0
554,554,*NOUSE*,*NOUSE*,0,0,0,0,0,0,0,0
555,555,pm6VL,,80,1349,68,157.00,59.25,30.78,4947,293087.00
556,556,pm7VL,,81,1322,69,144.00,52.53,29.79,5700,299435.00
557,557,*NOUSE*,*NOUSE*,0,0,0,0,0,0,0,0
558,558,RIPL,,81,1566,82,215.00,78.77,44.14,4235,333588.00
559,559,g1aL,,81,1362,85,202.00,66.45,35.65,4598,305544.00
560,560,*NOUSE*,*NOUSE*,0,0,0,0,0,0,0,0
561,561,*NOUSE*,*NOUSE*,0,0,0,0,0,0,0,0
562,562,*NOUSE*,*NOUSE*,0,0,0,0,0,0,0,0
563,563,hyp7LC2,,83,1000,88,72.00,29.32,12.96,7077,207529.00
564,564,*NOUSE*,*NOUSE*,0,0,0,0,0,0,0,0
565,565,CEPDL,,78,1499,104,218.00,90.18,46.48,3049,274953.00
566,566,IL2DL,,80,1594,101,195.00,78.06,44.65,3622,282746.00
567,567,*NOUSE*,*NOUSE*,0,0,0,0,0,0,0,0
568,568,DL5,,79,1531,108,168.00,58.43,30.97,4933,288248.00
569,569,*NOUSE*,*NOUSE*,0,0,0,0,0,0,0,0
570,570,URAVL,,78,1571,46,250.00,111.01,57.96,3360,372977.00
571,571,*NOUSE*,*NOUSE*,0,0,0,0,0,0,0,0
572,572,OLQVL,,83,1561,56,222.00,97.95,49.56,3702,362602.00
573,573,HSNL,,81,829,60,185.00,60.16,43.01,4872,293121.00
574,574,PVQL,,79,406,74,245.00,83.62,57.17,4637,387726.00
575,575,CANL,,82,890,75,137.00,44.30,29.86,6075,269108.00
576,576,*NOUSE*,*NOUSE*,0,0,0,0,0,0,0,0
577,577,*NOUSE*,*NOUSE*,0,0,0,0,0,0,0,0
578,578,*NOUSE*,*NOUSE*,0,0,0,0,0,0,0,0
579,579,OLQsoVL,,83,1665,54,253.00,91.56,57.34,3942,360934.00
580,580,V4L,,81,789,75,107.00,36.19,19.25,7394,267572.00
581,581,AIBL,,82,1460,73,182.00,74.22,37.71,4394,326109.00
582,582,*NOUSE*,*NOUSE*,0,0,0,0,0,0,0,0
583,583,*NOUSE*,*NOUSE*,0,0,0,0,0,0,0,0
584,584,ADEshL,,90,1322,94,217.00,71.42,47.88,5759,411289.00
585,585,*NOUSE*,*NOUSE*,0,0,0,0,0,0,0,0
586,586,*NOUSE*,*NOUSE*,0,0,0,0,0,0,0,0
587,587,*NOUSE*,*NOUSE*,0,0,0,0,0,0,0,0
588,588,*NOUSE*,*NOUSE*,0,0,0,0,0,0,0,0
589,589,*NOUSE*,*NOUSE*,0,0,0,0,0,0,0,0
590,590,*NOUSE*,*NOUSE*,0,0,0,0,0,0,0,0
591,591,P7/8L,,82,750,64,131.00,41.32,24.46,7033,290591.00
592,592,AMsoL,,84,1672,87,208.00,71.51,46.65,4611,329737.00
593,593,URYDL,,83,1565,97,234.00,93.39,51.13,3108,290245.00
594,594,*NOUSE*,*NOUSE*,0,0,0,0,0,0,0,0
595,595,SMDDL,,85,1474,46,217.00,86.91,47.71,3438,298783.00
596,596,*NOUSE*,*NOUSE*,0,0,0,0,0,0,0,0
597,597,*NOUSE*,*NOUSE*,0,0,0,0,0,0,0,0
598,598,V3L,,86,946,66,112.00,32.42,17.67,7693,249435.00
599,599,AIZL,,83,1398,74,179.00,90.74,35.36,1991,180673.00
600,600,*NOUSE*,*NOUSE*,0,0,0,0,0,0,0,0
601,601,*NOUSE*,*NOUSE*,0,0,0,0,0,0,0,0
602,602,*NOUSE*,*NOUSE*,0,0,0,0,0,0,0,0
603,603,CEPshDL,,85,1546,94,197.00,64.73,38.93,4690,303574.00
604,604,*NOUSE*,*NOUSE*,0,0,0,0,0,0,0,0
605,605,VL4,,85,1630,45,175.00,65.45,35.68,5265,344594.00
606,606,*NOUSE*,*NOUSE*,0,0,0,0,0,0,0,0
607,607,CEPsoVL,,84,1591,48,252.00,92.23,55.18,3888,358576.00
608,608,*NOUSE*,*NOUSE*,0,0,0,0,0,0,0,0
609,609,AVKL,,85,1376,55,180.00,74.20,37.02,4283,317808.00
610,610,*NOUSE*,*NOUSE*,0,0,0,0,0,0,0,0
611,611,RIBL,,85,1437,76,193.00,84.11,41.50,4482,376981.00
612,612,*NOUSE*,*NOUSE*,0,0,0,0,0,0,0,0
613,613,RIML,,84,1416,75,191.00,81.66,37.33,3772,308020.00
614,614,*NOUSE*,*NOUSE*,0,0,0,0,0,0,0,0
615,615,*NOUSE*,*NOUSE*,0,0,0,0,0,0,0,0
616,616,*NOUSE*,*NOUSE*,0,0,0,0,0,0,0,0
617,617,ARCpDL,,87,1690,84,212.00,68.72,46.43,4757,326908.00
618,618,hyp1L,,87,1656,87,221.00,81.46,49.32,3987,324782.00
619,619,*NOUSE*,*NOUSE*,0,0,0,0,0,0,0,0
620,620,*NOUSE*,*NOUSE*,0,0,0,0,0,0,0,0
621,621,AVHL,,87,1412,99,211.00,79.89,45.40,4078,325797.00
622,622,*NOUSE*,*NOUSE*,0,0,0,0,0,0,0,0
623,623,*NOUSE*,*NOUSE*,0,0,0,0,0,0,0,0
624,624,SIAVL,,86,1435,49,202.00,77.43,42.23,4137,320329.00
625,625,CEPshVL,,87,1542,54,229.00,73.40,45.36,3936,288888.00
626,626,URYVL,,86,1576,56,252.00,98.45,54.65,3540,348502.00
627,627,P1/2L,,87,1132,59,115.00,36.39,18.57,6817,248050.00
628,628,P5/6L,,85,876,59,114.00,38.98,20.69,6797,264922.00
629,629,P3/4L,,86,1016,61,114.00,38.66,21.10,6344,245262.00
630,630,*NOUSE*,*NOUSE*,0,0,0,0,0,0,0,0
631,631,*NOUSE*,*NOUSE*,0,0,0,0,0,0,0,0
632,632,*NOUSE*,*NOUSE*,0,0,0,0,0,0,0,0
633,633,*NOUSE*,*NOUSE*,0,0,0,0,0,0,0,0
634,634,*NOUSE*,*NOUSE*,0,0,0,0,0,0,0,0
635,635,DL4,,86,1620,99,185.00,67.71,34.40,4163,281861.00
636,636,*NOUSE*,*NOUSE*,0,0,0,0,0,0,0,0
637,637,*NOUSE*,*NOUSE*,0,0,0,0,0,0,0,0
638,638,*NOUSE*,*NOUSE*,0,0,0,0,0,0,0,0
639,639,ILsOL,,86,1681,60,236.00,88.05,53.01,4055,357062.00
640,640,BDUL,,89,1241,72,185.00,53.06,39.50,4987,264631.00
641,641,*NOUSE*,*NOUSE*,0,0,0,0,0,0,0,0
642,642,*NOUSE*,*NOUSE*,0,0,0,0,0,0,0,0
643,643,AMshL,,87,1374,100,127.00,49.96,21.23,4769,238245.00
644,644,*NOUSE*,*NOUSE*,0,0,0,0,0,0,0,0
645,645,*NOUSE*,*NOUSE*,0,0,0,0,0,0,0,0
646,646,*NOUSE*,*NOUSE*,0,0,0,0,0,0,0,0
647,647,*NOUSE*,*NOUSE*,0,0,0,0,0,0,0,0
648,648,il1l,,86,1584,67,216.00,98.45,50.02,3200,315044.00
649,649,*NOUSE*,*NOUSE*,0,0,0,0,0,0,0,0
650,650,*NOUSE*,*NOUSE*,0,0,0,0,0,0,0,0
651,651,*NOUSE*,*NOUSE*,0,0,0,0,0,0,0,0
652,652,*NOUSE*,*NOUSE*,0,0,0,0,0,0,0,0
653,653,*NOUSE*,*NOUSE*,0,0,0,0,0,0,0,0
654,654,*NOUSE*,*NOUSE*,0,0,0,0,0,0,0,0
655,655,*NOUSE*,*NOUSE*,0,0,0,0,0,0,0,0
656,656,RMDDL,,87,1496,47,225.00,88.64,47.64,4205,372747.00
657,657,*NOUSE*,*NOUSE*,0,0,0,0,0,0,0,0
658,658,*NOUSE*,*NOUSE*,0,0,0,0,0,0,0,0
659,659,ILshL,,89,1651,62,253.00,96.20,57.36,3323,319687.00
660,660,BAGL,,90,1560,67,166.00,69.15,38.33,4134,285849.00
661,661,ARCaDL,,89,1728,70,230.00,70.02,48.68,4916,344239.00
662,662,V1L,,90,1207,75,111.00,35.08,19.08,6837,239861.00
663,663,hyp2L,,90,1708,79,212.00,65.48,45.38,5200,340504.00
664,664,AFDL,,88,1473,88,182.00,74.33,36.55,2861,212663.00
665,665,RMDVL,,90,1517,81,182.00,61.78,39.39,4559,281675.00
666,666,AINL,,89,1383,85,199.00,80.06,43.77,3636,291081.00
667,667,XXXL,,91,1597,63,254.00,91.83,60.48,3784,347472.00
668,668,AVAL,,90,1496,82,217.00,71.53,40.23,4887,349556.00
669,669,*NOUSE*,*NOUSE*,0,0,0,0,0,0,0,0
670,670,h0l,,92,1669,70,177.00,60.11,39.01,5957,358087.00
671,671,*NOUSE*,*NOUSE*,0,0,0,0,0,0,0,0
672,672,ASHL,,93,1450,84,156.00,63.10,31.97,4938,311577.00
673,673,*NOUSE*,*NOUSE*,0,0,0,0,0,0,0,0
674,674,OLLsHL,,93,1638,69,248.00,92.56,58.92,3931,363866.00
675,675,*NOUSE*,*NOUSE*,0,0,0,0,0,0,0,0
676,676,IL2L,,93,1605,74,197.00,67.34,42.18,4564,307331.00
677,677,*NOUSE*,*NOUSE*,0,0,0,0,0,0,0,0
678,678,*NOUSE*,*NOUSE*,0,0,0,0,0,0,0,0
679,679,RMDL,,90,1504,64,209.00,80.46,43.97,3608,290314.00
680,680,OLQshVL,,93,1623,63,249.00,91.29,57.51,3864,352736.00
681,681,RMGL,,95,1326,68,174.00,57.78,36.64,4542,262430.00
682,682,AWCL,,94,1471,73,161.00,61.73,34.25,4014,247779.00
683,683,*NOUSE*,*NOUSE*,0,0,0,0,0,0,0,0
684,684,AVDL,,93,1402,83,209.00,84.23,51.06,3424,288415.00
685,685,*NOUSE*,*NOUSE*,0,0,0,0,0,0,0,0
686,686,ASEL,,93,1423,85,162.00,61.94,32.70,4801,297386.00
687,687,ADAL,,93,1353,68,203.00,64.27,43.72,4642,298360.00
688,688,ASJL,,95,1428,68,150.00,61.77,33.31,4644,286857.00
689,689,*NOUSE*,*NOUSE*,0,0,0,0,0,0,0,0
690,690,H2L,,95,1352,86,113.00,41.94,19.17,5896,247277.00
691,691,*NOUSE*,*NOUSE*,0,0,0,0,0,0,0,0
692,692,*NOUSE*,*NOUSE*,0,0,0,0,0,0,0,0
693,693,*NOUSE*,*NOUSE*,0,0,0,0,0,0,0,0
694,694,ADEshR,*MANUAL*,37,1329,91,152.00,98.57,22.16,895,88221.00
695,695,FLPR,*MANUAL*,38,1390,66,154.00,105.67,16.20,895,94579.00
696,696,AWCR,*MANUAL*,39,1471,65,148.00,89.89,12.06,1262,113444.00
697,697,ASJR,*MANUAL*,40,1430,67,127.00,87.66,11.50,895,78452.00
698,698,SIBDR,*MANUAL*,41,1492,61,179.00,120.92,23.16,888,107380.00
699,699,ASHR,*MANUAL*,39,1453,81,142.00,96.92,15.59,865,83832.00
700,700,AVDR,*MANUAL*,38,1405,78,155.00,109.79,17.29,895,98261.00
701,701,AVHR,*MANUAL*,43,1418,98,170.00,107.59,21.63,895,96295.00
702,702,AIZR,*MANUAL*,46,1398,71,159.00,118.86,13.49,895,106378.00
703,703,RIMR,*MANUAL*,47,1419,70,154.00,100.73,17.10,895,90152.00
704,704,AIBR,*MANUAL*,47,1472,70,143.00,107.77,14.02,895,96457.00
705,705,AVER,*MANUAL*,49,1493,69,185.00,114.28,20.41,895,102280.00
706,706,AWAR,*MANUAL*,49,1453,82,137.00,103.59,14.44,895,92717.00
707,707,SMDVR,*MANUAL*,47,1500,94,161.00,107.81,18.58,895,96488.00
708,708,SAAVR,*MANUAL*,52,1508,84,180.00,116.62,25.92,895,104377.00
709,709,ASIR,*MANUAL*,54,1423,102,144.00,93.99,15.13,895,84125.00
710,710,URXR,*MANUAL*,58,1495,102,176.00,112.81,21.90,895,100966.00
711,711,*NOUSE*,*NOUSE*,0,0,0,0,0,0,0,0
712,712,AVBR,*MANUAL*,47,1413,85,148.00,91.11,26.24,895,81547.00
713,713,ADEL,*MANUAL*,90,1371,71,220.00,152.30,27.87,895,136309.00
714,714,FLPL,*MANUAL*,92,1385,70,193.00,134.58,23.72,895,120451.00
715,715,RICL,*MANUAL*,93,1405,69,209.00,141.06,26.68,895,126245.00
716,716,AUAL,*MANUAL*,96,1451,66,210.00,142.53,24.97,895,127565.00
717,717,AVJL,*MANUAL*,91,1394,93,219.00,144.51,30.92,895,129333.00
718,718,ASGL,*MANUAL*,86,1428,98,187.00,133.42,18.62,895,119412.00
719,719,AWBL,*MANUAL*,87,1450,99,206.00,123.82,20.34,895,110817.00
720,720,SMDVL,*MANUAL*,85,1488,96,196.00,118.68,38.90,895,106219.00
721,721,RIAL,*MANUAL*,77,1479,92,181.00,123.19,26.71,895,110251.00
722,722,ADFL,*MANUAL*,80,1462,91,162.00,113.81,21.50,895,101857.00
723,723,AVEL,*MANUAL*,83,1485,74,202.00,135.05,28.15,895,120866.00
724,724,SIBDL,*MANUAL*,92,1485,64,198.00,139.62,33.45,895,124964.00
725,725,URXL,*MANUAL*,71,1488,103,189.00,125.36,17.97,895,112200.00
726,726,RID,*MANUAL*$418$419,67,1526,113,163.00,58.31,35.47,4968,289701.00
727,727,AVBL,*MANUAL*,81,1404,89,208.00,139.03,22.92,773,107469.00
728,728,DD1,*MANUAL*,73,1328,39,191.00,133.15,24.34,895,119170.00
729,729,RIGL,*MANUAL*,76,1350,38,208.00,125.07,28.25,895,111935.00
730,730,AVG,*MANUAL*,66,1359,38,194.00,116.16,38.68,1365,158563.00
731,731,RIFR,*MANUAL*,58,1370,43,217.00,150.37,23.43,895,134580.00
732,732,W,*MANUAL*$475$464,73,1415,40,203.00,72.09,36.22,5487,395538.00
733,733,G2,*MANUAL*$458$474,70,1454,41,199.00,94.44,42.31,3786,357539.00
734,734,SMDDR,*MANUAL*,49,1473,41,204.00,137.61,25.13,889,122336.00
735,735,RMDDR,*MANUAL*,49,1499,42,194.00,127.80,26.17,813,103899.00
736,736,SAADR,*MANUAL*,56,1497,47,227.00,159.73,28.03,894,142797.00
737,737,RIH,*MANUAL*,67,1491,49,234.00,155.50,25.68,1291,200754.00
738,738,SMBVR,*MANUAL*,59,1469,44,235.00,155.02,25.36,895,138741.00
739,739,*NOUSE*,*NOUSE*,0,0,0,0,0,0,0,0
740,740,h1L,*MANUAL*$739$691,95,1541,75,162.00,54.71,26.88,4316,236129.00
741,741,SIADR,*MANUAL*,47,1443,51,171.00,117.43,20.76,855,100402.00
742,742,SIAVR,*MANUAL*,55,1438,54,192.00,131.81,20.65,895,117968.00
743,743,AIAR,*MANUAL*,63,1452,53,216.00,165.08,23.11,895,147746.00
744,744,RIR,*MANUAL*,56,1477,55,190.00,132.53,26.40,1343,177992.00
745,745,SIBVR,*MANUAL*,49,1486,55,207.00,139.01,23.08,895,124410.00
746,746,smbdl,*MANUAL*,83,1455,43,185.00,137.78,18.15,895,123312.00
747,747,SMBVL,*MANUAL*,73,1469,51,220.00,152.72,21.83,895,136680.00
748,748,AIAL,*MANUAL*,75,1450,53,227.00,168.55,21.42,893,150517.00
749,749,SIADL,*MANUAL*,85,1453,58,242.00,170.78,27.94,895,152847.00
750,750,SIBVL,*MANUAL*,81,1476,59,215.00,149.24,29.54,895,133566.00
751,751,EXC DUCT,*MANUAL*,77,1432,60,190.00,114.77,26.22,895,102719.00
752,752,*NOUSE*,*NOUSE*,0,0,0,0,0,0,0,0
753,753,SAADL,*MANUAL*$752$588,78,1494,50,253.00,142.95,51.99,1919,274322.00
754,754,URBL,*MANUAL*,91,1579,79,250.00,152.39,41.57,882,134406.00
755,755,CEPVL,*MANUAL*,75,1552,47,241.00,178.10,26.07,895,159403.00
756,756,IL1VL,*MANUAL*,67,1565,48,230.00,177.90,23.88,895,159221.00
757,757,RMEV,*MANUAL*,69,1534,41,180.00,134.87,20.07,895,120710.00
758,758,ARCpVL,*MANUAL*,87,1701,62,237.00,152.59,40.79,895,136566.00
759,759,hyp5L,*MANUAL*$650$649,87,1781,75,164.00,51.90,34.49,6542,339507.00
760,760,OLQshDL,*MANUAL*,94,1630,81,254.00,154.74,43.72,870,134621.00
761,761,ILshDL,*MANUAL*,88,1636,87,238.00,140.62,41.44,895,125857.00
762,762,OLLsoL,*MANUAL*,90,1609,88,247.00,149.19,41.41,895,133522.00
763,763,CEPsoDL,*MANUAL*,88,1596,91,255.00,162.62,47.45,895,145544.00
764,764,OLLL,*MANUAL*,82,1582,86,233.00,135.25,32.65,1365,184619.00
765,765,RMEL,*MANUAL*,85,1549,78,215.00,140.01,29.49,895,125306.00
766,766,URADL,*MANUAL*,78,1579,100,247.00,170.70,31.89,861,146972.00
767,767,IL1DL,*MANUAL*,71,1572,102,235.00,168.45,24.93,873,147057.00
768,768,OLQDL,*MANUAL*,73,1558,104,199.00,142.78,24.56,893,127499.00
769,769,RMED,*MANUAL*,66,1549,106,189.00,126.07,26.99,895,112830.00
770,770,*NOUSE*,*NOUSE*,0,0,0,0,0,0,0,0
771,771,H1R,*MANUAL*$770$61,37,1538,69,125.00,42.02,17.99,2735,114938.00
772,772,*NOUSE*,*NOUSE*,0,0,0,0,0,0,0,0
773,773,BAGR,*MANUAL*$772$58,40,1560,66,132.00,69.65,31.77,2146,149470.00
774,774,URBR,*MANUAL*,40,1581,77,175.00,119.97,26.25,891,106893.00
775,775,IL1R,*MANUAL*,44,1587,67,161.00,113.42,18.98,895,101507.00
776,776,*NOUSE*,*NOUSE*,0,0,0,0,0,0,0,0
777,777,OLQVR,*MANUAL*$776$174,49,1560,55,184.00,91.15,39.69,2532,230787.00
778,778,URAVR,*MANUAL*,55,1569,46,249.00,168.25,28.37,895,150588.00
779,779,CEPVR,*MANUAL*,60,1550,45,228.00,168.77,24.85,861,145311.00
780,780,IL2VR,*MANUAL*,60,1597,38,238.00,155.85,35.43,895,139483.00
781,781,IL1VR,*MANUAL*,64,1580,45,231.00,171.37,25.20,895,153375.00
782,782,XXXR,*MANUAL*,43,1603,61,224.00,139.67,28.81,895,125008.00
783,783,H0R,*MANUAL*$64$62,39,1673,76,120.00,45.83,22.85,5684,260497.00
784,784,hyp5R,*MANUAL*$106$129,45,1792,80,108.00,41.22,22.91,6855,282588.00
785,785,OLQshDR,*MANUAL*,38,1621,86,190.00,119.04,29.65,769,91541.00
786,786,OLLsoR,*MANUAL*,43,1616,88,204.00,128.35,37.00,895,114874.00
787,787,OLLR,*MANUAL*,47,1582,86,185.00,120.09,21.51,895,107481.00
788,788,RIPR,*MANUAL*$197$196,50,1566,81,191.00,71.71,36.27,3827,274434.00
789,789,RMER,*MANUAL*,47,1551,75,170.00,101.48,24.95,895,90829.00
790,790,URYDR,*MANUAL*,52,1571,97,205.00,144.42,25.21,889,128390.00
791,791,IL1DR,*MANUAL*,61,1574,103,242.00,152.58,32.56,895,136559.00
792,792,OLQDR,*MANUAL*,61,1561,102,213.00,152.12,21.76,895,136146.00
793,793,OLQsODR,*MANUAL*WRONG,66,1587,106,247.00,163.60,38.09,890,145607.00
794,794,hyp31,*MANUAL*,65,1793,103,225.00,137.44,35.11,895,123010.00
795,795,hyp32,*MANUAL*,70,1777,102,239.00,139.34,33.51,895,124713.00
796,796,*NOUSE*,*NOUSE*,0,0,0,0,0,0,0,0
797,797,ILsoDR,*MANUAL*$796$346,60,1729,102,236.00,105.36,56.68,2493,262652.00
798,798,OLQsoDL,*MANUAL*,73,1717,102,253.00,160.99,46.65,803,129272.00
799,799,hyp7D2,*MANUAL*$442$455,67,1476,117,119.00,46.41,17.75,3202,148591.00
800,800,hyp7D1,*MANUAL*,67,1580,115,173.00,63.09,24.89,1365,86124.00
801,801,hyp6D4,*MANUAL*$416$433,67,1631,112,159.00,53.26,31.24,5055,269224.00
802,802,*NOUSE*,*NOUSE*,0,0,0,0,0,0,0,0
803,803,hyp6D2,*MANUAL*$802$399,67,1708,105,217.00,80.91,48.00,2963,239728.00
804,804,ARCaV,*MANUAL*,62,1803,50,222.00,119.66,56.28,895,107093.00
805,805,hyp2V,*MANUAL*,69,1785,48,203.00,124.39,36.04,895,111328.00
806,806,ARCpV,*MANUAL*,59,1773,47,242.00,160.01,39.35,895,143212.00
807,807,hyp1V,*MANUAL*,64,1756,47,248.00,169.41,45.08,895,151621.00
808,808,ILsoVL,*MANUAL*,72,1745,45,241.00,151.46,49.61,895,135560.00
809,809,ILshVL,*MANUAL*,72,1717,46,252.00,162.02,46.49,895,145004.00
810,810,ILsOVR,*MANUAL*,57,1732,45,249.00,159.19,44.18,891,141837.00
811,811,ILshVR,*MANUAL*,57,1705,45,249.00,156.44,42.26,895,140018.00
812,812,hyp7V2,*MANUAL*$457$493,69,1559,34,146.00,63.35,25.93,2560,162188.00
813,813,*NOUSE*,*NOUSE*,0,0,0,0,0,0,0,0
814,814,hyp7V1,*MANUAL*$813$443,68,1599,33,195.00,71.64,35.33,2804,200885.00
815,815,hyp6V2,*MANUAL*$361$444,65,1682,43,165.00,63.77,33.60,6207,395830.00
816,816,*NOUSE*,*NOUSE*,0,0,0,0,0,0,0,0
817,817,hyp6V1,*MANUAL*$816$388,65,1725,38,160.00,76.45,35.05,2367,180951.00
818,818,vpi3V,*MANUAL*$554$283,66,1283,67,153.00,52.86,33.65,4463,235935.00
819,819,vpi2DR,*MANUAL*,51,1290,88,155.00,96.23,24.11,895,86123.00
820,820,g2R,*MANUAL*,59,1309,58,186.00,117.64,29.43,895,105285.00
821,821,g2L,*MANUAL*,72,1305,60,221.00,145.75,30.95,895,130444.00
822,822,pm7D,*MANUAL*$386$357,64,1327,105,133.00,48.40,26.78,5238,253496.00
823,823,mc3DR,*MANUAL*,48,1327,84,142.00,75.55,24.04,1365,103125.00
824,824,pm6VR,*MANUAL*$220$251,53,1351,65,128.00,54.85,21.69,4457,244475.00
825,825,M2L,*MANUAL*,79,1369,70,249.00,172.20,30.42,889,153088.00
826,826,pm5VL,*MANUAL*,72,1374,63,201.00,133.20,23.03,895,119215.00
827,827,pm5DR,*MANUAL*,59,1386,93,139.00,90.11,16.19,895,80644.00
828,828,pm5DL,*MANUAL*,70,1384,94,178.00,104.79,21.40,895,93783.00
829,829,*NOUSE*,*NOUSE*,0,0,0,0,0,0,0,0
830,830,mc2DR,*MANUAL*$829$310,58,1405,85,139.00,67.50,23.17,2294,154835.00
831,831,mc2DL,*MANUAL*,73,1403,85,176.00,112.07,22.87,895,100300.00
832,832,NSMR,*MANUAL*,53,1610,60,210.00,138.71,27.02,895,124145.00
833,833,MI,*MANUAL*,67,1623,92,244.00,182.50,19.98,775,141438.00
834,834,pm4DL,*MANUAL*,75,1624,91,216.00,132.00,40.32,895,118141.00
835,835,pm4L,*MANUAL*$557$651,83,1622,71,209.00,94.70,46.77,3769,356930.00
836,836,*NOUSE*,*NOUSE*,0,0,0,0,0,0,0,0
837,837,pm4DR,*MANUAL*$836$343,58,1620,87,176.00,85.97,39.98,2038,175215.00
838,838,I2R,*MANUAL*,50,1630,58,235.00,161.02,31.60,867,139601.00
839,839,MCR,*MANUAL*,58,1634,63,245.00,173.20,37.26,895,155017.00
840,840,MCL,*MANUAL*,75,1634,64,254.00,185.46,41.59,743,137794.00
841,841,I2L,*MANUAL*,81,1631,59,253.00,197.19,38.07,895,176488.00
842,842,mc1V,*MANUAL*,66,1646,53,191.00,127.99,24.55,895,114554.00
843,843,pm1DR,*MANUAL*,62,1646,90,252.00,169.01,42.63,535,90418.00
844,844,pm1DL,*MANUAL*,69,1645,90,254.00,201.90,42.44,895,180697.00
845,845,pm1L,*MANUAL*,79,1653,74,254.00,191.72,37.91,895,171589.00
846,846,pm1VL,*MANUAL*,75,1650,63,254.00,162.51,47.43,895,145443.00
847,847,pm1VR,*MANUAL*,56,1650,60,236.00,158.32,33.71,895,141695.00
848,848,pm1R,*MANUAL*,53,1653,73,226.00,138.95,41.13,895,124360.00
849,849,*NOUSE*,*NOUSE*,0,0,0,0,0,0,0,0
850,850,*NOUSE*,*NOUSE*,0,0,0,0,0,0,0,0
851,851,e3D,*MANUAL*$850$849,66,1680,93,168.00,80.14,31.43,1790,143453.00
852,852,I1R,*MANUAL*,55,1674,64,224.00,139.07,35.97,895,124465.00
853,853,I1L,*MANUAL*,77,1678,65,248.00,158.89,44.89,895,142206.00
854,854,pm3R,*MANUAL*$237$309,55,1691,71,144.00,56.87,27.61,3916,222696.00
855,855,pm3L,*MANUAL*$487$498,76,1696,71,192.00,70.17,38.65,4700,329805.00
856,856,pm3DR,*MANUAL*$369$366,62,1704,85,133.00,49.38,21.55,4473,220874.00
857,857,e1D,*MANUAL*,66,1728,92,227.00,114.13,35.85,803,91649.00
858,858,*NOUSE*,*NOUSE*,0,0,0,0,0,0,0,0
859,859,pm3DL,*MANUAL*$462$858,69,1725,86,160.00,66.00,29.10,1435,94708.00
860,860,e3VL,*MANUAL*,76,1712,64,243.00,135.77,47.30,895,121512.00
861,861,*NOUSE*,*NOUSE*,0,0,0,0,0,0,0,0
862,862,*NOUSE*,*NOUSE*,0,0,0,0,0,0,0,0
863,863,*NOUSE*,*NOUSE*,0,0,0,0,0,0,0,0
864,864,*NOUSE*,*NOUSE*,0,0,0,0,0,0,0,0
865,865,*NOUSE*,*NOUSE*,0,0,0,0,0,0,0,0
866,866,e1VR,*MANUAL*,51,1748,64,232.00,128.63,42.01,847,108947.00
867,867,e1VL,*MANUAL*,77,1740,63,253.00,168.08,45.44,839,141017.00
868,868,pm2D2,*MANUAL*,66,1760,89,205.00,108.99,41.42,895,97542.00
869,869,pm2D1,*MANUAL*,66,1776,90,208.00,118.54,40.83,895,106091.00
870,870,pm2VR2,*MANUAL*,54,1773,65,232.00,127.88,52.96,895,114451.00
871,871,*NOUSE*,*NOUSE*,0,0,0,0,0,0,0,0
872,872,*NOUSE*,*NOUSE*,0,0,0,0,0,0,0,0
873,873,pm2VR1,*MANUAL*$872$219,53,1790,65,245.00,93.54,63.36,2480,231989.00
874,874,e2VR,*MANUAL*$236$253,55,1823,66,189.00,52.63,39.97,6162,324335.00
875,875,pm2VL2,*MANUAL*,75,1765,64,227.00,120.96,55.15,895,108255.00
876,876,pm2VL1,*MANUAL*,74,1784,64,242.00,152.52,51.50,895,136508.00
877,877,*NOUSE*,*NOUSE*,0,0,0,0,0,0,0,0
878,878,VL1,*MANUAL*$638$877,84,1743,56,178.00,61.32,36.34,4573,280427.00
879,879,VL2,*MANUAL*$647$571,81,1704,50,168.00,62.80,34.38,4896,307455.00
880,880,VL3,*MANUAL*$578$529,77,1677,43,190.00,73.52,41.17,4938,363047.00
881,881,*NOUSE*,*NOUSE*,0,0,0,0,0,0,0,0
882,882,VL5,*MANUAL*$881$594$622,81,1546,39,174.00,76.19,37.79,2773,211288.00
883,883,VL6,*MANUAL*$645$637,87,1520,46,165.00,54.29,31.82,7348,398887.00
884,884,VL7,*MANUAL*$644$596,83,1405,41,188.00,68.76,36.83,5306,364836.00
885,885,VL8,*MANUAL*$606$657,86,1336,46,151.00,55.80,30.65,5323,297020.00
886,886,EXC GL L,*MANUAL*$597$655,85,1302,47,168.00,52.99,33.69,6167,326819.00
887,887,VL10,*MANUAL*$569$636,82,1250,40,152.00,55.04,35.48,5212,286894.00
888,888,*NOUSE*,*NOUSE*,0,0,0,0,0,0,0,0
889,889,VL11,*MANUAL*$888$479,74,1132,38,167.00,60.31,35.01,2985,180026.00
890,890,VL13,*MANUAL*$478$495,75,1025,41,154.00,46.81,31.65,6232,291722.00
891,891,VL12,*MANUAL*$507$519,79,1055,47,143.00,42.45,27.64,7257,308035.00
892,892,VL14,*MANUAL*$528$553,79,939,45,157.00,43.53,29.53,6878,299398.00
893,893,VL15,*MANUAL*,73,873,46,177.00,109.08,22.60,895,97627.00
894,894,VL16,*MANUAL*$467$465,73,774,51,172.00,49.70,33.33,6232,309737.00
895,895,VL17,*MANUAL*$446$448,72,655,52,187.00,47.98,34.18,7089,340108.00
896,896,VL18,*MANUAL*$522$469,73,536,56,226.00,61.91,46.53,5538,342881.00
897,897,VR20,*MANUAL*$301$291,61,301,66,236.00,71.46,52.35,5912,422494.00
898,898,*NOUSE*,*NOUSE*,0,0,0,0,0,0,0,0
899,899,VR19,*MANUAL*$898$234,55,531,51,176.00,67.30,42.55,2809,189047.00
900,900,VR18,*MANUAL*$170$171,51,639,47,161.00,44.88,30.61,7667,344129.00
901,901,VR16,*MANUAL*$134$154,50,822,44,137.00,44.26,27.97,7030,311180.00
902,902,*NOUSE*,*NOUSE*,0,0,0,0,0,0,0,0
903,903,VR13,*MANUAL*$902$167$185,50,1073,37,117.00,47.10,25.02,3098,145912.00
904,904,VR12,*MANUAL*$96$97,45,1117,41,131.00,39.86,22.14,6772,269933.00
905,905,CCRP,*MANUAL*,52,1156,36,165.00,107.19,23.10,895,95933.00
906,906,VR11,*MANUAL*$212$211,54,1213,34,124.00,43.78,24.66,7561,331016.00
907,907,VR9,*MANUAL*$214$229,54,1305,41,135.00,48.66,26.21,5825,283426.00
908,908,EXC GL R,*MANUAL*$124$127,45,1345,50,111.00,46.11,20.06,5399,248952.00
909,909,*NOUSE*,*NOUSE*,0,0,0,0,0,0,0,0
910,910,VR8,*MANUAL*$909$122,46,1362,42,149.00,60.97,25.25,3005,183212.00
911,911,VR6,*MANUAL*$113$123,45,1526,45,116.00,44.29,20.20,5880,260413.00
912,912,*NOUSE*,*NOUSE*,0,0,0,0,0,0,0,0
913,913,VR5,*MANUAL*$912$246$213,53,1547,38,184.00,61.28,28.91,4795,293858.00
914,914,VR4,*MANUAL*$126$125,46,1613,46,132.00,58.92,22.51,4995,294309.00
915,915,VR3,*MANUAL*$204$230,51,1656,44,158.00,55.81,30.88,5382,300354.00
916,916,VR2,*MANUAL*$172$173,48,1693,50,147.00,54.26,27.12,3871,210042.00
917,917,VR1,*MANUAL*$114$99,45,1730,56,120.00,55.73,26.51,4031,224657.00
918,918,*NOUSE*,*NOUSE*,0,0,0,0,0,0,0,0
919,919,*NOUSE*,*NOUSE*,0,0,0,0,0,0,0,0
920,920,DR3,*MANUAL*$244$245,53,1674,102,175.00,58.75,30.63,4908,288340.00
921,921,DR4,*MANUAL*$199$183,48,1621,99,143.00,60.68,27.29,3954,239911.00
922,922,DR5,*MANUAL*$263$276,54,1546,108,171.00,62.34,31.29,3322,207095.00
923,923,DR6,*MANUAL*$146$147,46,1547,100,136.00,54.64,25.29,3910,213661.00
924,924,DR7,*MANUAL*,59,1418,112,156.00,100.33,19.50,895,89796.00
925,925,DR10,*MANUAL*$184$201,50,1279,107,110.00,38.83,20.08,5040,195712.00
926,926,DR11,*MANUAL*$262$210,54,1220,106,126.00,41.68,23.42,5454,227325.00
927,927,*NOUSE*,*NOUSE*,0,0,0,0,0,0,0,0
928,928,DR12,*MANUAL*$927$93,43,1143,100,116.00,44.18,23.08,3354,148165.00
929,929,DR13,*MANUAL*$151$150,50,1097,105,131.00,41.93,25.35,4859,203733.00
930,930,DR14,*MANUAL*,45,1015,101,133.00,73.39,19.93,1365,100173.00
931,931,DR15,*MANUAL*$131$148,48,969,103,128.00,40.78,24.43,5162,210505.00
932,932,DR19,*MANUAL*$76$120,46,607,95,212.00,53.29,39.01,6025,321101.00
933,933,*NOUSE*,*NOUSE*,0,0,0,0,0,0,0,0
934,934,DR20,*MANUAL*$933$182,51,527,94,190.00,62.59,40.69,4205,263197.00
935,935,DR21,*MANUAL*,56,396,89,225.00,149.00,28.91,895,133359.00
936,936,DL21,*MANUAL*$285$314,61,320,91,204.00,61.35,42.47,6319,387652.00
937,937,DL20,*MANUAL*$387$329,62,515,100,226.00,59.32,44.76,5359,317896.00
938,938,DL18,*MANUAL*,64,641,101,177.00,97.99,31.75,895,87697.00
939,939,DL17,*MANUAL*$316$317,62,727,101,170.00,51.35,34.52,5486,281725.00
940,940,DL16,*MANUAL*$356$354,65,807,100,159.00,47.89,30.64,5202,249106.00
941,941,*NOUSE*,*NOUSE*,0,0,0,0,0,0,0,0
942,942,DL15,*MANUAL*$941$439,65,904,101,140.00,69.22,30.00,1315,91027.00
943,943,DL12,*MANUAL*,72,1089,104,114.00,61.77,21.71,1365,84311.00
944,944,DL7,*MANUAL*,72,1409,112,167.00,98.21,22.09,895,87901.00
945,945,DL6,*MANUAL*$642$634,86,1524,100,152.00,56.18,30.90,5029,282529.00
946,946,DL3,*MANUAL*$577$567,79,1679,102,188.00,64.10,38.19,4548,291507.00
947,947,*NOUSE*,*NOUSE*,0,0,0,0,0,0,0,0
948,948,DL2,*MANUAL*$947$641,82,1711,94,174.00,62.04,35.65,5094,316054.00
949,949,DL1,*MANUAL*$633$600,84,1745,87,164.00,52.89,32.18,6061,320542.00
950,950,hyp101,*MANUAL*$380$410,64,150,74,225.00,47.83,39.41,4832,231125.00
951,951,hyp9,*MANUAL*$379$394,65,175,70,187.00,55.44,43.41,5164,286316.00
952,952,hyp8,*MANUAL*,64,215,73,194.00,121.74,28.49,1275,155221.00
953,953,hyp11,*MANUAL*,67,213,82,205.00,120.89,33.80,895,108200.00
954,954,hyp71,*MANUAL*$392$378,67,281,65,228.00,55.25,41.55,6817,376626.00
955,955,PVCL,*MANUAL*,76,362,75,254.00,164.55,40.73,895,147274.00
956,956,LUAL,*MANUAL*,74,370,84,255.00,204.01,41.18,895,182587.00
957,957,SPH,*MANUAL*,76,450,72,255.00,161.27,47.80,797,128530.00
958,958,B,*MANUAL*$408$435,67,373,62,221.00,80.20,47.59,4661,373799.00
959,959,K,*MANUAL*,69,399,87,251.00,161.58,29.58,895,144611.00
960,960,K',*MANUAL*,57,411,80,244.00,170.98,33.00,671,114729.00
961,961,TR,*MANUAL*$241$255,54,302,81,127.00,44.61,26.00,7850,350193.00
962,962,PVCR,*MANUAL*,56,359,67,230.00,161.11,34.42,863,139038.00
963,963,DVC,*MANUAL*,66,355,69,222.00,152.42,28.07,1365,208055.00
964,964,PVQR,*MANUAL*$162$115,52,401,67,223.00,69.47,50.22,5925,411635.00
965,965,DA8,*MANUAL*,72,436,54,251.00,173.97,41.53,857,149095.00
966,966,DD6,*MANUAL*,67,443,59,254.00,214.51,30.25,895,191986.00
967,967,PVPR,*MANUAL*,55,448,56,250.00,185.05,36.65,895,165619.00
968,968,hyp7ABLV,*MANUAL*$693$692$675,93,1270,67,90.00,30.32,12.56,8535,258739.00
969,969,hyp7ABLD,*MANUAL*$685$689,92,1258,85,87.00,30.21,12.43,6951,209974.00
970,970,hyp7LC1,*MANUAL*$652$632,85,1133,85,76.00,27.14,11.05,6821,185101.00
971,971,V2L,*MANUAL*$610$630,86,1066,69,95.00,32.01,15.01,7195,230284.00
972,972,*NOUSE*,*NOUSE*,0,0,0,0,0,0,0,0
973,973,hyp7LC3,*MANUAL*$615$972,79,894,93,81.00,28.98,12.00,6968,201951.00
974,974,QL,*MANUAL*$534$524,79,687,73,145.00,48.36,31.39,6529,315769.00
975,975,hyp7LC5,*MANUAL*$504$490,75,624,93,138.00,39.72,21.30,7000,278044.00
976,976,*NOUSE*,*NOUSE*,0,0,0,0,0,0,0,0
977,977,P11/12L,*MANUAL*$976$582,81,464,69,230.00,62.48,42.71,5447,340336.00
978,978,*NOUSE*,*NOUSE*,0,0,0,0,0,0,0,0
979,979,imL,*MANUAL*$978$523,76,490,63,221.00,81.18,54.92,2509,203684.00
980,980,hyp7LC6,*MANUAL*$564$550,78,402,90,173.00,59.66,34.26,3647,217575.00
981,981,AMshR,*MANUAL*$111$149,44,1382,99,95.00,46.67,16.49,3638,169787.00
982,982,H2R,*MANUAL*$14$15,35,1357,84,98.00,36.18,14.96,5492,198701.00
983,983,hyp7ABRV,*MANUAL*$71$77$78,39,1270,62,78.00,28.20,10.40,6910,194863.00
984,984,P1/2R,*MANUAL*$4$16,36,1138,51,94.00,34.40,16.33,6128,210802.00
985,985,hyp7RC1,*MANUAL*$12$13,34,1137,81,64.00,25.46, 9.35,6954,177037.00
986,986,P3/4R,*MANUAL*$17$18,36,1030,53,79.00,32.92,14.75,6410,210993.00
987,987,hyp7RC2,*MANUAL*$3$23$37$26,34,1019,79,67.00,25.86, 9.58,7062,182645.00
988,988,V3R,*MANUAL*$41$19,38,959,55,83.00,31.54,14.17,7046,222223.00
989,989,P5/6R,*MANUAL*$28$40,38,911,49,98.00,36.42,17.48,7656,278861.00
990,990,*NOUSE*,*NOUSE*,0,0,0,0,0,0,0,0
991,991,hyp7RC3,*MANUAL*$11$990,34,876,75,77.00,28.04,10.97,6655,186620.00
992,992,V4R,*MANUAL*$20$43$80,39,806,59,99.00,33.87,17.24,7610,257783.00
993,993,P7/8R,*MANUAL*$68$67,41,758,50,117.00,39.89,21.84,6592,262938.00
994,994,qr,*MANUAL*$55$44,40,716,57,120.00,40.57,22.00,7025,284981.00
995,995,M,*MANUAL*$101$116$128,44,690,72,98.00,30.07,15.21,8609,258865.00
996,996,hyp7RC5,*MANUAL*$50$48,39,615,82,118.00,37.03,19.27,7097,262821.00
997,997,V5R,*MANUAL*$57$60,40,644,62,114.00,37.12,19.28,7880,292483.00
998,998,P9/10R,*MANUAL*$88$104,43,606,54,124.00,40.62,22.78,7643,310443.00
999,999,hyp7RC6,*MANUAL*,49,407,81,210.00,78.74,33.19,2103,165594.00
1000,1000,*NOUSE*,*NOUSE*,0,0,0,0,0,0,0,0
1001,1001,Z2,*MANUAL*$1000$188,52,878,48,140.00,45.50,26.61,13013,592083.00
1002,1002,Z3,*MANUAL*$337$333,68,837,53,174.00,53.68,33.34,11993,643744.00
1003,1003,Z4,*MANUAL*$422$425,71,810,57,158.00,48.72,31.30,6452,314318.00
1004,1004,inVR1,*MANUAL*$232$249$216,54,1224,50,81.00,29.74,11.10,7626,226760.00
1005,1005,inDL1,*MANUAL*$477$560,76,1216,91,85.00,29.03,11.80,7748,224888.00
1006,1006,inD2,*MANUAL*$274$292,56,1157,93,54.00,24.93, 8.10,4396,109575.00
1007,1007,inD3,*MANUAL*$344$303,60,1075,92,50.00,22.08, 6.76,5501,121463.00
1008,1008,inD6,*MANUAL*$341$342,64,744,83,80.00,33.71,13.34,8397,283038.00
1009,1009,inV7,*MANUAL*$323$338,62,670,60,87.00,31.29,13.28,10536,329690.00
1010,1010,inV8,*MANUAL*$364$267$266,58,572,61,109.00,38.98,19.11,8537,332739.00
1011,1011,inD7,*MANUAL*$242$396$240$239,55,632,85,76.00,31.73,12.15,8478,269046.00
1012,1012,inD9,*MANUAL*$431$413,70,476,89,141.00,45.85,26.16,7318,335557.00
1013,1013,DD2,*MANUAL*,65,1150,34,180.00,107.52,23.56,895,96232.00
1014,1014,DA3,*MANUAL*,65,1120,33,180.00,116.02,25.11,895,103838.00
1015,1015,*NOUSE*,*NOUSE*,0,0,0,0,0,0,0,0
1016,1016,DA5,*MANUAL*$1015$349,64,858,37,180.00,66.28,44.70,2749,182212.00
1017,1017,*NOUSE*,*NOUSE*,0,0,0,0,0,0,0,0
1018,1018,*NOUSE*,*NOUSE*,0,0,0,0,0,0,0,0
1019,1019,EXC,*MANUAL*$466$1018,71,1415,55,93.00,49.88,12.56,3519,175535.00
1020,1020,AIML,*MANUAL*,74,1394,57,238.00,163.38,30.94,895,146226.00
1021,1021,AIYL,*MANUAL*,85,1394,54,243.00,144.54,34.23,895,129367.00
1022,1022,VR7,*MANUAL*$248$228,54,1427,41,143.00,58.52,25.08,4916,287677.00
1023,1023,imR,*MANUAL*$139$138,49,487,56,175.00,53.93,37.85,7474,403093.00
1024,1024,PM3VR,*MANUAL*,58,1741,61,191.00,75.85,25.94,1365,103536.00
1025,1025,PM3VL,*MANUAL*,72,1732,61,223.00,94.34,36.38,1365,128778.00
1026,1026,DR2,*MANUAL*,51,1720,97,185.00,88.24,29.11,1365,120447.00
1027,1027,MC3DL,*MANUAL*,82,1328,89,166.00,94.38,29.07,895,84469.00
1028,1028,F1,*MANUAL*,63,1773,72,50.00,11.36, 7.32,895,10165.00
1029,1029,F2,*MANUAL*,62,1668,68,149.00,31.37,23.78,895,28073.00
1030,1030,F3,*MANUAL*,63,1549,68,20.00, 7.95, 2.68,895,7112.00
1031,1031,F4,*MANUAL*,63,1485,69,33.00,14.41, 3.12,895,12899.00
1032,1032,F5,*MANUAL*,63,1338,69,26.00, 8.46, 3.73,895,7571.00
1033,1033,F6,*MANUAL*,63,1258,67,12.00, 2.57, 1.69,895,2300.00
1034,1034,F7,*MANUAL*,63,1128,66, 9.00, 2.25, 1.59,895,2010.00
1035,1035,F8,*MANUAL*,63,1032,66, 9.00, 2.10, 1.65,895,1881.00
1036,1036,F9,*MANUAL*,63,922,68, 7.00, 2.55, 1.34,895,2278.00
1037,1037,F10,*MANUAL*,63,771,74, 8.00, 3.35, 1.52,895,3001.00
