0,0,*NOUSE*,*NOUSE*,0,0,0,0,0,0,0,0
1,1,INDL1,,48,985,43,76.00,23.48,15.45,7326,171979
2,2,INVL1,,47,1001,82,78.00,22.48,13.99,9851,221482
3,3,*NOUSE*,*NOUSE*,0,0,0,0,0,0,0,0
4,4,*NOUSE*,*NOUSE*,0,0,0,0,0,0,0,0
5,5,IND3,,52,881,42,119.00,25.50,14.18,7696,196248
6,6,AWAL,,45,1183,50,168.00,95.49,29.95,1761,168156
7,7,INV5,,47,697,63,72.00,26.76, 9.93,4375,117082
8,8,*NOUSE*,*NOUSE*,47,1048,91,130.00,96.32,14.32,99,9536
9,9,INV4,,58,784,84,95.00,22.85,13.57,9186,209885
10,10,INV3,,58,865,83,66.00,21.90,12.46,9925,217359
11,11,VL2,,47,1408,86,133.00,89.51,18.39,178,15932
12,12,*NOUSE*,*NOUSE*,0,0,0,0,0,0,0,0
13,13,DL11,,48,946,34,130.00,79.77,19.44,514,41002
14,14,IND4,,60,815,42,104.00,23.43,14.72,9631,225648
15,15,INV7,,56,545,80,96.00,29.89,11.13,5519,164938
16,16,*NOUSE*,*NOUSE*,0,0,0,0,0,0,0,0
17,17,IND2,,61,936,40,92.00,21.30,12.40,7994,170248
18,18,IND7,,57,500,50,72.00,33.97,12.34,1082,36756
19,19,IND5,,62,741,51,44.00,20.69, 8.03,5030,104055
20,20,IND6,,58,605,51,49.00,28.56, 8.14,336,9597
21,21,INV8,,58,449,81,84.00,60.02,11.50,120,7202
22,22,*NOUSE*,*NOUSE*,0,0,0,0,0,0,0,0
23,23,INDR1,,69,990,46,93.00,25.86,16.72,6525,168739
24,24,*NOUSE*,*NOUSE*,0,0,0,0,0,0,0,0
25,25,IND8,,62,412,56,81.00,60.43, 9.30,61,3686
26,26,DR3,,67,1376,33,161.00,115.97,20.85,563,65289
27,27,*NOUSE*,*NOUSE*,0,0,0,0,0,0,0,0
28,28,*NOUSE*,*NOUSE*,66,776,92,85.00,85.00, 0.00,1,85
29,29,AWAR,,72,1178,51,214.00,163.20,20.60,280,45696
30,30,VR11,,71,966,93,111.00,82.81,13.83,113,9357
31,31,VPI3V,*MANUAL*,53,1041,74,162.00,93.68,29.37,885,82907
32,32,VPI3D,*MANUAL*,58,1041,43,177.00,100.64,31.15,801,80613
33,33,VPI1,*MANUAL*,58,1048,38,163.00,107.24,19.96,895,95981
34,34,VPI2V,*MANUAL*,56,1048,82,240.00,134.37,38.98,893,119996
35,35,VPI2DL,*MANUAL*,44,1049,45,208.00,87.81,40.39,895,78590
36,36,VPI2DR,*MANUAL*,70,1048,56,186.00,100.11,40.38,895,89598
37,37,PM8,*MANUAL*,55,1054,72,160.00,100.07,31.17,895,89559
38,38,G1P,*MANUAL*,63,1065,41,133.00,66.84,25.73,895,59820
39,39,G2L,*MANUAL*,48,1062,79,178.00,118.10,25.26,895,105697
40,40,G2R,*MANUAL*,62,1060,79,192.00,118.60,39.11,895,106146
41,41,PM7D,*MANUAL*,54,1084,38,121.00,42.85,18.66,895,38348
42,42,PM7VL,*MANUAL*,46,1079,76,127.00,63.21,20.36,895,56573
43,43,PM7VR,*MANUAL*,70,1078,72,134.00,68.88,23.65,883,60818
44,44,m5,*MANUAL*,41,1074,54,155.00,92.05,24.49,895,82386
45,45,MC3DR,*MANUAL*,72,1076,52,180.00,109.02,31.60,883,96267
46,46,MC3V,*MANUAL*,60,1075,84,143.00,72.96,23.54,895,65299
47,47,PM6D,*MANUAL*,58,1105,39,143.00,91.01,22.85,894,81367
48,48,PM6VL,*MANUAL*,46,1105,71,144.00,93.38,18.61,895,83573
49,49,PM6VR,*MANUAL*,69,1105,72,192.00,112.51,27.60,895,100696
50,50,I6,*MANUAL*,48,1099,41,197.00,112.80,35.03,895,100959
51,51,M1,*MANUAL*,70,1098,44,197.00,106.42,34.68,895,95246
52,52,I5,*MANUAL*,57,1110,81,192.00,94.50,34.77,895,84576
53,53,I4,*MANUAL*,59,1121,40,222.00,135.51,33.21,895,121283
54,54,G1AL,*MANUAL*,46,1117,52,158.00,79.41,29.93,895,71072
55,55,G1AR,*MANUAL*,68,1116,46,177.00,86.04,29.54,895,77002
56,56,M2L,*MANUAL*,46,1120,67,195.00,120.75,26.85,895,108069
57,57,M2R,*MANUAL*,69,1122,68,244.00,142.18,46.11,885,125826
58,58,PM5VL,*MANUAL*,52,1129,72,173.00,98.54,23.56,872,85930
59,59,PM5VR,*MANUAL*,62,1131,72,175.00,109.25,26.72,895,97781
60,60,PM5L,*MANUAL*,49,1133,57,177.00,110.56,21.37,895,98950
61,61,PM5R,*MANUAL*,66,1139,57,181.00,107.48,29.47,851,91465
62,62,PM5DL,*MANUAL*,54,1138,48,176.00,124.16,25.35,475,58978
63,63,PM5DR,*MANUAL*,62,1135,48,179.00,112.47,24.50,485,54547
64,64,MC2DR,*MANUAL*,65,1170,53,151.00,89.56,23.51,895,80160
65,65,MC2DL,*MANUAL*,54,1156,52,148.00,78.76,22.37,895,70487
66,66,MC2V,*MANUAL*,57,1156,68,130.00,76.89,22.04,876,67359
67,67,M4,*MANUAL*,59,1301,52,182.00,100.59,31.06,895,90026
68,68,M3L,*MANUAL*,49,1294,72,203.00,115.87,41.36,895,103708
69,69,M3R,*MANUAL*,67,1293,73,233.00,133.65,45.64,855,114271
70,70,I3,*MANUAL*,59,1316,42,231.00,123.41,44.56,895,110450
71,71,NSML,*MANUAL*,49,1324,68,188.00,107.98,33.88,895,96643
72,72,NSMR,*MANUAL*,72,1317,76,216.00,117.06,43.51,880,103012
73,73,MI,*MANUAL*,62,1332,42,207.00,145.87,25.61,437,63744
74,74,PM4DL,*MANUAL*,54,1332,45,187.00,120.08,22.00,485,58237
75,75,PM4DR,*MANUAL*,68,1331,44,182.00,118.31,34.62,485,57382
76,76,PM4L,*MANUAL*,46,1334,60,182.00,91.63,30.87,895,82013
77,77,PM4R,*MANUAL*,72,1333,62,214.00,126.74,35.98,861,109126
78,78,PM4VL,*MANUAL*,53,1329,81,146.00,91.86,21.12,895,82214
79,79,PM4VR,*MANUAL*,65,1331,82,174.00,112.84,24.83,485,54728
80,80,MCR,*MANUAL*,66,1341,70,239.00,154.56,39.28,481,74341
81,81,I2R,*MANUAL*,72,1336,75,221.00,153.62,33.84,485,74507
82,82,MCL,*MANUAL*,50,1342,69,206.00,134.50,33.52,435,58508
83,83,I2L,*MANUAL*,45,1339,73,182.00,109.34,28.92,485,53032
84,84,MC1DL,*MANUAL*,51,1348,52,143.00,95.40,20.39,445,42453
85,85,MC1DR,*MANUAL*,69,1349,52,204.00,127.56,24.34,426,54342
86,86,MC1V,*MANUAL*,59,1345,81,135.00,91.97,18.11,485,44604
87,87,PM1DL,*MANUAL*,55,1353,47,253.00,167.52,45.24,760,127315
88,88,PM1DR,*MANUAL*,64,1353,47,254.00,179.36,49.84,895,160527
89,89,PM1L,*MANUAL*,47,1356,60,238.00,131.59,48.36,895,117769
90,90,PM1R,*MANUAL*,70,1356,64,251.00,158.26,48.49,857,135628
91,91,PM1VL,*MANUAL*,54,1355,79,207.00,130.32,38.39,895,116640
92,92,PM1VR,*MANUAL*,66,1354,79,239.00,141.80,46.96,895,126915
93,93,I1L,*MANUAL*,50,1374,69,180.00,101.24,25.98,895,90609
94,94,I1R,*MANUAL*,67,1377,74,203.00,121.51,35.76,889,108018
95,95,E2VR,*MANUAL*,70,1491,66,157.00,62.90,36.50,1365,85855
96,96,PM2VR1,*MANUAL*,69,1468,68,225.00,93.52,55.10,895,83698
97,97,PM2VR2,*MANUAL*,69,1455,68,219.00,81.78,53.67,895,73193
98,98,E1VR,*MANUAL*,68,1433,73,202.00,93.51,46.56,895,83688
99,99,E3VR,*MANUAL*,68,1410,74,173.00,106.05,24.39,485,51435
100,100,PM3VR,*MANUAL*,64,1423,77,148.00,72.10,24.03,485,34967
101,101,PM3VL,*MANUAL*,53,1423,77,130.00,69.08,20.59,464,32053
102,102,E2VL,*MANUAL*,52,1491,70,147.00,74.37,27.95,895,66559
103,103,PM2VL1,*MANUAL*,48,1465,71,182.00,90.38,37.54,895,80887
104,104,PM2VL2,*MANUAL*,47,1447,71,196.00,77.72,39.49,847,65828
105,105,E1VL,*MANUAL*,48,1428,71,174.00,98.73,32.94,871,85992
106,106,E3VL,*MANUAL*,48,1402,73,160.00,90.93,30.43,889,80837
107,107,PM3L,*MANUAL*,48,1390,64,124.00,77.20,18.88,895,69097
108,108,PM3R,*MANUAL*,67,1391,68,144.00,90.75,20.25,891,80860
109,109,E2D,*MANUAL*,60,1496,43,142.00,61.90,33.43,895,55401
110,110,PM2D1,*MANUAL*,58,1467,43,185.00,100.03,35.78,895,89530
111,111,PM2D2,*MANUAL*,58,1452,42,192.00,97.93,38.19,895,87644
112,112,E1D,*MANUAL*,58,1423,43,179.00,100.25,25.59,830,83211
113,113,E3D,*MANUAL*,60,1391,47,168.00,103.42,31.01,852,88118
114,114,PM3DR,*MANUAL*,64,1399,50,159.00,79.59,25.58,893,71070
115,115,PM3DL,*MANUAL*,56,1427,52,96.00,44.67,19.32,895,39983
116,116,EXC,*MANUAL*,59,1154,79,120.00,65.57,14.41,1365,89497
117,117,AIML,*MANUAL*,53,1139,82,229.00,157.33,31.92,831,130740
118,118,AIYL,*MANUAL*,44,1141,82,219.00,134.94,29.44,895,120774
119,119,AVKL,*MANUAL*,43,1127,82,164.00,112.03,20.24,895,100269
120,120,AIMR,*MANUAL*,64,1142,80,239.00,165.33,33.66,870,143839
121,121,AIYR,*MANUAL*,71,1148,83,218.00,133.47,44.98,895,119457
122,122,RIS,*MANUAL*,72,1136,86,212.00,130.78,35.51,895,117047
123,123,AVKR,*MANUAL*,72,1124,81,216.00,127.09,31.08,895,113744
124,124,EXC GL R,*MANUAL*,72,1083,88,187.00,92.57,32.07,895,82851
125,125,EXC GL L,*MANUAL*,40,1074,91,152.00,84.83,26.73,895,75924
126,126,G1,*MANUAL*,58,1197,98,191.00,101.16,30.32,895,90535
127,127,G2,*MANUAL*,58,1182,92,208.00,122.99,37.60,895,110075
128,128,W,*MANUAL*,55,1155,93,178.00,114.49,26.41,884,101206
129,129,DB2,*MANUAL*,56,1141,99,218.00,117.35,31.55,895,105027
130,130,SABVL,*MANUAL*,55,1129,93,252.00,189.78,38.44,465,88250
131,131,SABVR,*MANUAL*,63,1129,92,255.00,181.25,47.98,485,87904
132,132,RIFL,*MANUAL*,48,1120,95,211.00,134.16,36.17,893,119801
133,133,RIFR,*MANUAL*,63,1115,92,243.00,154.44,39.46,867,133896
134,134,AVG,*MANUAL*,55,1111,97,192.00,118.27,29.55,861,101827
135,135,RIGL,*MANUAL*,49,1103,96,202.00,132.33,27.97,895,118432
136,136,SABD,*MANUAL*,64,1093,95,215.00,116.51,37.65,895,104280
137,137,DB1,*MANUAL*,55,1081,100,204.00,112.70,34.75,893,100639
138,138,DD1,*MANUAL*,47,1086,97,223.00,121.34,46.58,895,108596
139,139,RIGR,*MANUAL*,52,1064,98,173.00,106.20,32.48,895,95052
140,140,DA1,*MANUAL*,56,1046,94,170.00,108.96,23.41,895,97521
141,141,ADESHR,*MANUAL*,77,1049,70,214.00,126.84,41.70,895,113518
142,142,RMGR,*MANUAL*,79,1072,73,181.00,111.03,32.48,895,99369
143,143,ADAR,*MANUAL*,80,1096,74,202.00,116.29,40.26,895,104082
144,144,ADER,*MANUAL*,79,1112,69,221.00,135.79,40.78,895,121533
145,145,FLPR,*MANUAL*,79,1125,71,249.00,140.31,39.53,893,125295
146,146,RICR,*MANUAL*,81,1138,75,213.00,129.36,46.12,885,114484
147,147,ASJR,*MANUAL*,81,1161,76,161.00,104.25,26.31,895,93303
148,148,AUAR,*MANUAL*,80,1178,78,224.00,141.66,36.32,828,117292
149,149,AWCR,*MANUAL*,81,1198,71,182.00,109.88,33.60,895,98345
150,150,SIBDR,*MANUAL*,81,1213,77,252.00,126.80,62.11,895,113483
151,151,RMDR,*MANUAL*,78,1228,76,246.00,136.54,48.99,895,122199
152,152,ASHR,*MANUAL*,81,1183,63,162.00,103.81,33.69,895,92911
153,153,ASER,*MANUAL*,79,1164,56,191.00,107.69,26.44,877,94443
154,154,AVDR,*MANUAL*,79,1138,61,231.00,154.58,33.59,809,125058
155,155,AINR,*MANUAL*,79,1118,54,200.00,115.98,38.43,895,103799
156,156,AVJR,*MANUAL*,79,1131,51,241.00,134.67,48.92,813,109488
157,157,AVHR,*MANUAL*,78,1150,45,240.00,139.76,47.65,855,119494
158,158,ASGR,*MANUAL*,73,1166,44,204.00,133.09,31.31,895,119118
159,159,AWBR,*MANUAL*,78,1184,50,237.00,146.57,42.37,895,131178
160,160,AFDR,*MANUAL*,80,1202,58,194.00,114.79,38.21,839,96313
161,161,AVAR,*MANUAL*,81,1225,63,214.00,138.22,30.70,895,123710
162,162,RMDVR,*MANUAL*,81,1244,61,196.00,111.63,36.45,895,99909
163,163,SMDVR,*MANUAL*,77,1218,48,207.00,134.15,37.16,889,119261
164,164,ADFR,*MANUAL*,72,1193,47,195.00,132.55,27.26,895,118635
165,165,RIAR,*MANUAL*,72,1208,48,215.00,135.84,36.74,895,121578
166,166,SAAVR,*MANUAL*,74,1230,51,230.00,151.81,44.04,811,123116
167,167,AVER,*MANUAL*,73,1215,63,236.00,133.80,36.68,881,117879
168,168,AIBR,*MANUAL*,73,1197,62,199.00,139.00,32.93,895,124405
169,169,AVBR,*MANUAL*,74,1143,53,222.00,146.13,33.52,895,130789
170,170,AVL,*MANUAL*,71,1177,71,203.00,133.47,31.28,895,119458
171,171,RIBR,*MANUAL*,72,1163,63,225.00,137.70,40.40,895,123244
172,172,RIMR,*MANUAL*,74,1150,67,214.00,135.26,31.28,895,121062
173,173,AIZR,*MANUAL*,74,1135,68,242.00,165.12,27.42,895,147783
174,174,RIVR,*MANUAL*,74,1129,44,248.00,146.91,40.84,895,131480
175,175,ASIR,*MANUAL*,69,1150,41,231.00,129.49,35.17,895,115896
176,176,ADLR,*MANUAL*,66,1178,38,152.00,105.26,22.51,895,94212
177,177,ASKR,*MANUAL*,64,1198,40,182.00,125.46,24.92,895,112291
178,178,URXR,*MANUAL*,67,1213,36,207.00,124.78,31.51,895,111676
179,179,URXL,*MANUAL*,50,1211,35,175.00,116.73,24.73,895,104474
180,180,ASKL,*MANUAL*,50,1195,39,165.00,110.18,23.69,895,98612
181,181,ADLL,*MANUAL*,50,1169,38,169.00,99.99,25.50,1355,135481
182,182,ASIL,*MANUAL*,48,1152,42,170.00,109.20,23.90,895,97737
183,183,RIVL,*MANUAL*,44,1134,42,208.00,133.86,33.40,891,119273
184,184,ADESHL,*MANUAL*,35,1044,58,163.00,86.34,32.61,895,77272
185,185,RMGL,*MANUAL*,33,1047,71,142.00,87.59,19.93,895,78393
186,186,ADAL,*MANUAL*,32,1101,74,135.00,90.31,19.56,895,80823
187,187,ADEL,*MANUAL*,34,1114,69,160.00,106.57,20.21,895,95376
188,188,FLPL,*MANUAL*,32,1126,73,158.00,95.98,25.29,895,85901
189,189,RICL,*MANUAL*,34,1140,75,179.00,113.60,22.42,891,101222
190,190,ASJL,*MANUAL*,35,1161,76,124.00,77.34,18.58,895,69218
191,191,AUAL,*MANUAL*,36,1175,76,164.00,106.09,29.75,895,94952
192,192,AWCL,*MANUAL*,35,1197,72,148.00,100.51,17.71,878,88251
193,193,SIBDL,*MANUAL*,35,1213,74,197.00,117.83,34.56,895,105456
194,194,RMDL,*MANUAL*,36,1226,75,183.00,91.86,37.70,895,82211
195,195,ASHL,*MANUAL*,35,1183,58,128.00,85.27,18.98,1365,116394
196,196,ASEL,*MANUAL*,35,1164,55,142.00,89.13,16.73,895,79770
197,197,AVDL,*MANUAL*,34,1145,59,172.00,120.67,21.76,883,106553
198,198,AINL,*MANUAL*,34,1125,56,162.00,103.07,23.12,895,92252
199,199,AVJL,*MANUAL*,35,1136,47,208.00,119.80,36.72,895,107225
200,200,AVHL,*MANUAL*,35,1151,44,204.00,107.39,41.02,895,96116
201,201,ASGL,*MANUAL*,41,1164,44,200.00,114.72,29.07,895,102673
202,202,AWBL,*MANUAL*,38,1180,42,163.00,109.54,25.31,895,98039
203,203,AFDL,*MANUAL*,35,1206,56,157.00,91.56,25.93,895,81946
204,204,AVAL,*MANUAL*,34,1222,61,175.00,100.19,23.06,891,89273
205,205,RMDVL,*MANUAL*,34,1236,61,128.00,87.25,20.04,895,78093
206,206,ADFL,*MANUAL*,39,1197,47,173.00,114.38,16.97,895,102369
207,207,AVBL,*MANUAL*,43,1146,53,186.00,130.23,24.72,895,116553
208,208,AVEL,*MANUAL*,43,1215,62,181.00,119.28,22.93,895,106760
209,209,AIBL,*MANUAL*,43,1195,64,209.00,121.02,27.88,895,108312
210,210,RIBL,*MANUAL*,43,1170,62,174.00,110.91,24.51,895,99265
211,211,RIML,*MANUAL*,43,1154,67,158.00,111.24,21.32,895,99559
212,212,AIZL,*MANUAL*,42,1136,68,166.00,123.14,22.99,895,110214
213,213,SMDVL,*MANUAL*,41,1218,46,190.00,125.72,23.62,855,107491
214,214,RID,*MANUAL*,58,1245,35,170.00,105.11,31.32,895,94074
215,215,ALA,*MANUAL*,57,1226,34,209.00,125.71,31.38,895,112509
216,216,CEPDR,*MANUAL*,71,1230,37,244.00,133.09,47.03,895,119120
217,217,CEPDL,*MANUAL*,45,1225,35,209.00,129.25,31.05,895,115683
218,218,RIAL,*MANUAL*,45,1208,49,199.00,126.87,25.87,895,113549
219,219,SAAVL,*MANUAL*,45,1225,52,214.00,130.38,32.06,879,114606
220,220,GLRDL,*MANUAL*,52,1232,48,218.00,138.87,37.45,895,124288
221,221,GLRDR,*MANUAL*,66,1232,48,248.00,138.04,43.84,895,123550
222,222,GLRVL,*MANUAL*,52,1225,80,239.00,157.06,45.65,485,76173
223,223,GLRL,*MANUAL*,47,1223,70,218.00,118.00,44.18,895,105611
224,224,GLRVR,*MANUAL*,68,1223,77,251.00,154.99,48.00,895,138719
225,225,GLRR,*MANUAL*,71,1225,65,227.00,129.22,42.69,895,115656
226,226,RMDDR,*MANUAL*,73,1215,90,240.00,130.94,40.76,895,117192
227,227,SMDDR,*MANUAL*,70,1198,89,248.00,146.31,41.64,885,129484
228,228,SMBDR,*MANUAL*,68,1184,90,242.00,135.55,45.19,839,113729
229,229,RMDDL,*MANUAL*,45,1215,88,228.00,127.33,41.16,882,112302
230,230,SMDDL,*MANUAL*,45,1199,91,200.00,112.36,38.29,895,100565
231,231,SMBDL,*MANUAL*,46,1185,90,192.00,115.38,41.80,895,103268
232,232,SIBVL,*MANUAL*,44,1200,77,211.00,138.15,29.75,867,119772
233,233,SIBVR,*MANUAL*,73,1205,79,253.00,176.70,38.05,869,153551
234,234,SAADR,*MANUAL*,65,1211,82,254.00,193.75,34.84,433,83895
235,235,RIH,*MANUAL*,59,1208,84,242.00,183.05,23.66,437,79993
236,236,SAADL,*MANUAL*,52,1209,85,231.00,170.65,22.91,485,82763
237,237,SMBVL,*MANUAL*,52,1195,81,207.00,152.59,24.78,865,131987
238,238,SMBVR,*MANUAL*,62,1195,82,218.00,153.64,33.36,895,137509
239,239,RIR,*MANUAL*,70,1197,73,240.00,155.00,31.82,895,138724
240,240,AIAL,*MANUAL*,52,1182,79,224.00,173.85,22.18,462,80321
241,241,AIAR,*MANUAL*,63,1179,80,223.00,176.88,19.48,485,85788
242,242,SIADL,*MANUAL*,43,1183,79,194.00,132.84,31.74,895,118896
243,243,SIAVL,*MANUAL*,46,1170,86,184.00,125.02,26.52,895,111891
244,244,SIADR,*MANUAL*,74,1184,82,233.00,153.49,41.68,895,137370
245,245,SIAVR,*MANUAL*,71,1168,84,232.00,139.44,36.11,895,124800
246,246,EXC DUCT,*MANUAL*,50,1165,76,183.00,108.79,24.36,895,97367
247,247,il2r,*MANUAL*,81,1315,58,184.00,103.92,34.43,885,91968
248,248,IL1R,*MANUAL*,78,1298,65,217.00,140.17,37.44,895,125451
249,249,URYVR,*MANUAL*,79,1284,71,243.00,144.92,50.09,825,119557
250,250,URBR,*MANUAL*,81,1289,58,254.00,155.58,52.24,871,135510
251,251,BAGR,*MANUAL*,78,1270,69,183.00,116.71,35.40,891,103985
252,252,OLLR,*MANUAL*,73,1292,54,254.00,144.35,48.54,895,129193
253,253,RIPR,*MANUAL*,71,1277,59,211.00,127.35,44.23,895,113978
254,254,RMER,*MANUAL*,74,1262,62,237.00,142.17,46.17,833,118425
255,255,CEPSHDR,*MANUAL*,74,1264,48,225.00,126.75,42.81,857,108622
256,256,URYDR,*MANUAL*,74,1279,46,218.00,155.03,32.67,821,127283
257,257,URADR,*MANUAL*,73,1292,42,251.00,151.93,55.00,885,134462
258,258,CEPSHVR,*MANUAL*,75,1260,77,236.00,122.32,43.59,895,109474
259,259,OLQVR,*MANUAL*,72,1279,74,211.00,149.17,34.12,895,133510
260,260,IL2L,*MANUAL*,32,1318,61,150.00,87.04,24.67,894,77815
261,261,IL1L,*MANUAL*,38,1305,69,166.00,110.11,25.80,893,98330
262,262,URYVL,*MANUAL*,38,1292,75,209.00,129.18,28.62,895,115619
263,263,URBL,*MANUAL*,34,1296,63,180.00,121.95,22.76,864,105363
264,264,BAGL,*MANUAL*,36,1278,69,162.00,106.69,20.69,829,88443
265,265,CEPSHDL,*MANUAL*,39,1262,53,168.00,103.47,30.97,895,92604
266,266,URYDL,*MANUAL*,40,1281,50,215.00,129.04,38.16,895,115491
267,267,URADL,*MANUAL*,40,1302,47,212.00,134.42,36.50,895,120310
268,268,OLLL,*MANUAL*,42,1294,57,185.00,123.34,24.58,895,110391
269,269,RIPL,*MANUAL*,42,1276,61,194.00,130.49,24.91,895,116789
270,270,RMEL,*MANUAL*,41,1263,65,177.00,112.41,29.57,895,100605
271,271,CEPSHVL,*MANUAL*,42,1261,80,174.00,100.13,32.74,895,89616
272,272,OLQVL,*MANUAL*,44,1278,75,183.00,115.73,28.34,895,103576
273,273,RMEV,*MANUAL*,60,1244,92,208.00,115.18,41.18,895,103084
274,274,CEPVL,*MANUAL*,53,1257,88,217.00,144.95,33.28,825,119586
275,275,CEPVR,*MANUAL*,67,1263,85,236.00,135.56,45.20,895,121325
276,276,IL1VL,*MANUAL*,56,1276,91,226.00,144.79,36.84,865,125244
277,277,URAVR,*MANUAL*,69,1277,86,231.00,135.48,47.19,895,121256
278,278,URAVL,*MANUAL*,47,1278,86,227.00,126.15,41.73,895,112905
279,279,IL1VR,*MANUAL*,62,1291,89,242.00,152.00,33.38,836,127069
280,280,IL2VR,*MANUAL*,70,1295,88,215.00,113.31,53.25,885,100281
281,281,IL2VL,*MANUAL*,46,1293,87,202.00,115.58,30.46,895,103445
282,282,CEPSOVL,*MANUAL*,42,1305,83,186.00,102.71,31.24,895,91929
283,283,CEPSOVR,*MANUAL*,75,1296,79,236.00,145.10,41.24,895,129864
284,284,RMED,*MANUAL*,58,1270,43,236.00,159.30,34.60,884,140818
285,285,OLQDL,*MANUAL*,48,1270,47,190.00,132.84,27.30,895,118894
286,286,OLQDR,*MANUAL*,69,1271,43,232.00,164.27,38.54,895,147022
287,287,IL1DL,*MANUAL*,50,1285,49,223.00,139.57,41.92,895,124919
288,288,IL1DR,*MANUAL*,66,1285,45,236.00,156.84,39.64,895,140373
289,289,CEPSODL,*MANUAL*,47,1294,41,231.00,142.89,37.54,895,127886
290,290,HYP6D4,*MANUAL*,57,1298,34,201.00,111.27,35.93,895,99587
291,291,IL2DR,*MANUAL*,76,1304,44,220.00,130.76,44.46,895,117028
292,292,XXXR,*MANUAL*,79,1309,67,247.00,137.96,50.16,895,123475
293,293,OLQSHVR,*MANUAL*,79,1329,68,241.00,136.90,48.64,895,122528
294,294,OLLSHR,*MANUAL*,79,1352,62,242.00,142.89,51.27,852,121744
295,295,ILSHR,*MANUAL*,78,1359,69,238.00,150.66,46.23,485,73072
296,296,OLQSOVR,*MANUAL*,76,1372,74,216.00,105.67,49.72,895,94579
297,297,ILSOR,*MANUAL*,76,1386,66,203.00,121.03,42.49,849,102755
298,298,ARCPVR,*MANUAL*,76,1405,62,197.00,100.71,44.89,895,90134
299,299,ARCADR,*MANUAL*,76,1421,54,190.00,115.86,39.68,895,103696
300,300,AMSOR,*MANUAL*,74,1405,50,209.00,111.27,34.19,895,99583
301,301,ARCPDR,*MANUAL*,74,1386,49,223.00,137.83,38.62,861,118670
302,302,*NOUSE*,*NOUSE*,0,0,0,0,0,0,0,0
303,303,*NOUSE*,*NOUSE*,0,0,0,0,0,0,0,0
304,304,OLQSHDR,*MANUAL*,80,1344,56,219.00,123.25,42.60,885,109073
305,305,OLLSOR,*MANUAL*,77,1341,46,218.00,118.90,46.70,895,106412
306,306,CEPSODR,*MANUAL*,77,1316,47,248.00,143.17,48.71,895,128133
307,307,IL2DL,*MANUAL*,46,1315,37,196.00,109.20,32.20,895,97736
308,308,OLLSOL,*MANUAL*,38,1316,51,204.00,118.67,35.00,895,106209
309,309,OLQSHDL,*MANUAL*,34,1342,59,157.00,100.73,26.04,895,90157
310,310,ILSHDL,*MANUAL*,41,1351,48,204.00,107.20,38.78,895,95944
311,311,HYP1L,*MANUAL*,42,1365,49,181.00,106.76,35.22,895,95546
312,312,AMSOL,*MANUAL*,44,1383,49,175.00,98.87,27.93,895,88486
313,313,ARCPDL,*MANUAL*,40,1394,52,159.00,92.49,26.56,895,82776
314,314,HYP2L,*MANUAL*,37,1413,57,162.00,89.24,26.12,895,79872
315,315,ARCADL,*MANUAL*,37,1433,60,137.00,80.07,23.02,895,71665
316,316,ARCPVL,*MANUAL*,39,1408,70,164.00,98.74,26.56,895,88369
317,317,ILSOL,*MANUAL*,41,1392,74,185.00,115.49,34.87,895,103364
318,318,OLQSOVL,*MANUAL*,41,1378,76,195.00,110.90,31.79,895,99252
319,319,ILSHL,*MANUAL*,39,1362,74,195.00,94.39,40.50,895,84478
320,320,OLLSHL,*MANUAL*,35,1355,66,194.00,105.67,39.75,895,94575
321,321,OLQSHVL,*MANUAL*,35,1340,71,198.00,103.60,42.25,895,92722
322,322,XXXL,*MANUAL*,36,1321,72,206.00,120.54,34.94,895,107885
323,323,*NOUSE*,*NOUSE*,0,0,0,0,0,0,0,0
324,324,HYP4D,*MANUAL*,57,1536,44,147.00,65.45,29.01,1365,89339
325,325,HYP31,*MANUAL*,57,1486,35,175.00,88.67,37.87,895,79358
326,326,HYP32,*MANUAL*,54,1462,33,159.00,88.17,31.40,895,78916
327,327,ARCPD,*MANUAL*,60,1446,32,197.00,103.66,46.38,895,92772
328,328,ILSODR,*MANUAL*,63,1425,33,229.00,130.69,47.28,881,115137
329,329,OLQSODR,*MANUAL*,64,1402,36,240.00,134.24,43.94,876,117592
330,330,ILSODL,*MANUAL*,52,1438,35,225.00,131.99,36.73,895,118134
331,331,OLQSODL,*MANUAL*,53,1422,35,227.00,126.12,33.91,895,112873
332,332,HYP6D1,*MANUAL*,57,1408,30,170.00,90.35,31.50,895,80864
333,333,HYP6D2,*MANUAL*,58,1379,35,180.00,115.37,27.06,895,103255
334,334,HYP6D3,*MANUAL*,59,1326,29,170.00,92.44,31.97,895,82734
335,335,ILSHDR,*MANUAL*,75,1359,48,243.00,149.03,52.37,895,133384
336,336,HYP1R,*MANUAL*,75,1371,49,207.00,119.69,42.01,895,107119
337,337,HYP7D1,*MANUAL*,56,1277,31,126.00,59.70,18.01,895,53434
338,338,HYP7D2,*MANUAL*,56,1198,25,104.00,50.60,21.10,895,45284
339,339,HYP4V1,*MANUAL*,62,1510,82,139.00,63.22,34.56,895,56581
340,340,HYP4V2,*MANUAL*,62,1483,82,172.00,88.44,32.14,895,79151
341,341,ARCAV,*MANUAL*,60,1461,84,161.00,85.31,31.43,895,76354
342,342,HYP2V,*MANUAL*,56,1445,86,178.00,99.32,34.86,895,88887
343,343,ARCPV,*MANUAL*,63,1435,87,192.00,88.12,37.80,895,78863
344,344,HYP1V,*MANUAL*,56,1424,90,187.00,115.92,38.73,895,103750
345,345,ILSOVL,*MANUAL*,56,1405,90,228.00,122.62,52.16,760,93194
346,346,ILSHVL,*MANUAL*,56,1388,91,229.00,118.76,54.30,835,99165
347,347,ILSOVR,*MANUAL*,63,1405,91,227.00,129.32,53.28,895,115739
348,348,ILSHVR,*MANUAL*,65,1386,92,249.00,143.25,52.69,895,128211
349,349,HYP6V1,*MANUAL*,61,1359,92,190.00,93.12,25.05,895,83342
350,350,HYP6V2,*MANUAL*,60,1327,95,131.00,74.91,18.19,895,67042
351,351,HYP7V1,*MANUAL*,59,1291,99,128.00,70.62,25.85,895,63205
352,352,HYP7V2,*MANUAL*,60,1265,97,167.00,73.52,27.93,895,65796
353,353,DA7,*MANUAL*,54,426,90,184.00,121.72,29.31,895,108936
354,354,DB7,*MANUAL*,54,451,90,157.00,91.07,34.61,895,81507
355,355,DD5,*MANUAL*,54,475,88,168.00,94.37,34.86,895,84464
356,356,DA6,*MANUAL*,54,540,90,169.00,105.26,30.12,895,94206
357,357,DB6,*MANUAL*,54,568,90,164.00,91.09,26.42,895,81522
358,358,DD4,*MANUAL*,53,608,92,144.00,83.21,31.10,895,74471
359,359,DA5,*MANUAL*,54,683,98,164.00,96.76,26.19,895,86598
360,360,DB5,*MANUAL*,54,721,96,173.00,93.12,27.89,895,83339
361,361,DD3,*MANUAL*,55,784,97,168.00,96.76,30.73,895,86599
362,362,DA4,*MANUAL*,55,806,96,168.00,99.83,30.41,895,89352
363,363,DB4,*MANUAL*,53,857,97,153.00,92.42,27.72,895,82713
364,364,DA3,*MANUAL*,53,888,99,168.00,100.56,31.48,895,89999
365,365,DD2,*MANUAL*,53,917,98,181.00,99.39,36.74,895,88954
366,366,DA2,*MANUAL*,55,977,99,177.00,107.90,29.03,895,96570
367,367,DB3,*MANUAL*,55,1007,100,145.00,89.26,27.90,895,79892
368,368,HYP5R,*MANUAL*,75,1466,53,116.00,44.43,24.57,1365,60652
369,369,DR1,*MANUAL*,72,1424,42,128.00,75.13,22.88,895,67239
370,370,DR2,*MANUAL*,70,1394,37,175.00,84.19,33.25,895,75349
371,371,DR4,*MANUAL*,74,1322,37,164.00,89.85,31.06,895,80415
372,372,DR5,*MANUAL*,69,1254,34,180.00,87.57,37.00,759,66465
373,373,DR6,*MANUAL*,74,1253,40,172.00,90.92,32.39,895,81374
374,374,DR7,*MANUAL*,65,1156,30,157.00,90.60,29.97,895,81083
375,375,HMC,*MANUAL*,54,1135,31,186.00,115.01,27.95,895,102933
376,376,DR8,*MANUAL*,69,1123,31,186.00,90.57,32.00,895,81064
377,377,DR9,*MANUAL*,66,1067,27,139.00,58.78,30.29,895,52611
378,378,DR10,*MANUAL*,70,1036,35,133.00,73.44,27.70,895,65727
379,379,DR11,*MANUAL*,64,968,33,163.00,80.43,24.64,895,71982
380,380,DR12,*MANUAL*,66,906,38,113.00,62.32,18.67,895,55780
381,381,DR13,*MANUAL*,61,875,35,128.00,70.03,24.79,895,62680
382,382,DR14,*MANUAL*,71,809,38,112.00,68.35,18.81,895,61177
383,383,DR15,*MANUAL*,64,767,38,118.00,65.29,17.61,895,58439
384,384,DR16,*MANUAL*,66,690,46,121.00,67.38,20.76,895,60305
385,385,DR17,*MANUAL*,66,627,44,131.00,71.24,21.99,895,63759
386,386,DR18,*MANUAL*,64,560,41,148.00,70.70,30.32,895,63280
387,387,DR19,*MANUAL*,64,479,45,153.00,75.04,33.27,895,67160
388,388,DR20,*MANUAL*,64,403,48,148.00,82.28,30.13,895,73645
389,389,DR21,*MANUAL*,61,297,58,158.00,81.51,36.92,895,72951
390,390,VR1,*MANUAL*,75,1419,69,123.00,62.80,23.17,895,56205
391,391,VR2,*MANUAL*,73,1400,83,143.00,71.19,22.93,895,63719
392,392,VR3,*MANUAL*,73,1359,88,149.00,80.75,29.87,895,72267
393,393,VR4,*MANUAL*,77,1309,81,153.00,86.50,32.85,895,77421
394,394,VR5,*MANUAL*,69,1256,94,166.00,86.75,35.10,851,73821
395,395,VR6,*MANUAL*,75,1250,88,151.00,82.68,27.61,895,73997
396,396,VR7,*MANUAL*,68,1158,93,175.00,98.26,27.11,895,87942
397,397,VR8,*MANUAL*,72,1107,90,176.00,92.55,30.70,895,82836
398,398,VR9,*MANUAL*,67,1066,94,180.00,82.26,36.47,1365,112285
399,399,VR10,*MANUAL*,72,1045,89,166.00,96.01,26.87,895,85928
400,400,CCRA,*MANUAL*,73,944,86,162.00,94.91,34.20,895,84943
401,401,CCRP,*MANUAL*,67,905,91,196.00,108.51,40.10,895,97116
402,402,VR12,*MANUAL*,68,882,91,133.00,77.33,27.75,895,69206
403,403,VR13,*MANUAL*,67,844,92,162.00,74.51,33.47,895,66688
404,404,VR14,*MANUAL*,70,780,90,134.00,69.83,26.69,895,62500
405,405,VR15,*MANUAL*,66,735,89,147.00,86.47,18.00,895,77389
406,406,VR16,*MANUAL*,68,652,91,166.00,76.92,24.44,895,68846
407,407,VR17,*MANUAL*,63,576,85,137.00,84.26,23.56,895,75412
408,408,VR18,*MANUAL*,65,508,84,132.00,66.44,27.30,895,59467
409,409,VR19,*MANUAL*,64,429,86,138.00,71.52,30.04,895,64012
410,410,VR20,*MANUAL*,60,248,80,170.00,101.77,33.51,895,91080
411,411,HYP5L,*MANUAL*,41,1483,61,109.00,65.85,17.54,895,58932
412,412,DL1,*MANUAL*,42,1438,48,115.00,62.60,20.90,895,56029
413,413,DL2,*MANUAL*,44,1411,40,137.00,73.01,26.49,895,65348
414,414,DL3,*MANUAL*,48,1380,35,151.00,81.07,27.52,895,72555
415,415,DL4,*MANUAL*,40,1327,41,129.00,63.45,24.88,895,56791
416,416,DL5,*MANUAL*,46,1257,35,149.00,75.52,23.01,895,67591
417,417,DL6,*MANUAL*,39,1251,44,120.00,72.61,17.99,895,64985
418,418,DL7,*MANUAL*,48,1149,30,177.00,86.93,26.87,895,77806
419,419,DL8,*MANUAL*,42,1115,31,140.00,64.34,25.97,895,57588
420,420,DL9,*MANUAL*,46,1051,29,138.00,79.39,20.54,895,71057
421,421,DL10,*MANUAL*,42,1020,36,99.00,47.79,19.27,895,42774
422,422,DL12,*MANUAL*,42,893,39,123.00,66.81,22.11,895,59792
423,423,DL13,*MANUAL*,49,840,32,116.00,66.76,19.38,895,59747
424,424,DL14,*MANUAL*,47,780,36,119.00,63.27,22.33,895,56627
425,425,DL15,*MANUAL*,47,729,43,153.00,73.18,24.94,893,65350
426,426,DL16,*MANUAL*,50,639,41,118.00,61.40,22.87,895,54957
427,427,DL17,*MANUAL*,49,570,40,140.00,75.36,23.71,895,67443
428,428,DL18,*MANUAL*,50,492,41,134.00,79.68,24.50,895,71313
429,429,DL19,*MANUAL*,51,430,45,149.00,88.00,27.90,895,78763
430,430,DL20,*MANUAL*,51,392,47,134.00,61.18,29.69,895,54752
431,431,DL21,*MANUAL*,54,231,56,153.00,82.48,29.01,895,73823
432,432,VL1,*MANUAL*,40,1432,74,136.00,70.24,24.92,895,62864
433,433,VL3,*MANUAL*,50,1371,92,157.00,80.02,30.60,895,71622
434,434,VL4,*MANUAL*,41,1335,85,131.00,68.07,22.54,895,60926
435,435,VL5,*MANUAL*,48,1260,94,183.00,98.03,34.65,895,87741
436,436,VL6,*MANUAL*,41,1235,89,133.00,70.34,27.13,895,62956
437,437,VL7,*MANUAL*,46,1151,93,150.00,86.57,28.00,895,77478
438,438,VL8,*MANUAL*,40,1107,91,152.00,76.34,28.73,895,68328
439,439,VL9,*MANUAL*,43,1052,90,163.00,92.17,21.74,895,82493
440,440,VL10,*MANUAL*,43,981,95,127.00,72.63,23.92,895,65000
441,441,VL11,*MANUAL*,43,906,99,135.00,68.71,27.50,895,61499
442,442,VL13,*MANUAL*,47,819,95,136.00,68.99,20.99,895,61748
443,443,CCLA,*MANUAL*,41,724,91,154.00,93.04,22.96,895,83273
444,444,CCLP,*MANUAL*,41,675,84,124.00,80.78,18.38,895,72298
445,445,VL15,*MANUAL*,45,703,95,132.00,72.04,22.76,895,64478
446,446,VL14,*MANUAL*,39,763,88,103.00,55.58,18.41,895,49746
447,447,VL12,*MANUAL*,35,858,90,102.00,56.68,16.15,895,50731
448,448,VL16,*MANUAL*,45,613,84,123.00,68.39,18.54,895,61211
449,449,VL17,*MANUAL*,45,492,84,102.00,53.90,18.70,895,48238
450,450,VL18,*MANUAL*,45,416,85,120.00,67.20,22.22,895,60146
451,451,VL19,*MANUAL*,50,245,79,167.00,95.40,28.89,895,85387
452,452,Z1,*MANUAL*,64,717,84,132.00,87.35,17.07,733,64026
453,453,Z2,*MANUAL*,65,692,83,135.00,60.07,19.70,2103,126328
454,454,Z3,*MANUAL*,55,657,85,134.00,70.22,19.33,2103,147664
455,455,Z4,*MANUAL*,48,636,85,120.00,66.33,14.46,895,59366
456,456,H0L,*MANUAL*,36,1379,65,126.00,80.43,17.60,895,71982
457,457,H1L,*MANUAL*,33,1250,70,100.00,50.29,15.19,895,45012
458,458,H2L,*MANUAL*,32,1082,67,87.00,41.51,14.51,2103,87290
459,459,AMSHL,*MANUAL*,33,1091,47,101.00,46.52,20.29,2075,96538
460,460,HYP7ABLD,*MANUAL*,36,1021,54,88.00,47.10,13.48,1365,64289
461,461,HYP7ABLV,*MANUAL*,37,1008,63,85.00,32.93,13.63,2103,69257
462,462,V1L,*MANUAL*,36,960,62,106.00,54.85,17.24,1365,74871
463,463,BDUL,*MANUAL*,39,940,64,177.00,91.49,38.83,895,81887
464,464,ALML,*MANUAL*,37,862,46,128.00,77.30,21.49,895,69181
465,465,CANL,*MANUAL*,37,702,63,117.00,79.32,18.91,895,70987
466,466,HSNL,*MANUAL*,38,658,78,147.00,78.88,20.92,895,70600
467,467,HYP7LC6,*MANUAL*,40,301,59,111.00,47.35,19.06,1127,53361
468,468,HYP7LC5,*MANUAL*,41,480,49,87.00,39.50,15.25,1365,53922
469,469,HYP7LC4,*MANUAL*,40,577,56,68.00,34.74,11.25,1365,47421
470,470,HYP7LC3,*MANUAL*,38,732,50,78.00,39.90,13.74,1365,54468
471,471,HYP7LC2,*MANUAL*,37,825,52,67.00,32.27,11.08,1365,44044
472,472,HYP7LC1,*MANUAL*,37,920,59,75.00,33.20,12.50,1365,45322
473,473,P11/12L,*MANUAL*,37,343,74,124.00,64.41,22.99,543,34975
474,474,P9/10L,*MANUAL*,39,464,75,97.00,43.91,20.70,1365,59943
475,475,P7/8L,*MANUAL*,38,578,75,90.00,43.76,14.96,1365,59731
476,476,P5/6L,*MANUAL*,35,709,76,72.00,39.14,13.19,1365,53424
477,477,P3/4L,*MANUAL*,35,815,72,100.00,49.06,15.76,1365,66961
478,478,P1/2L,*MANUAL*,32,898,78,112.00,59.58,15.05,895,53320
479,479,V2L,*MANUAL*,32,854,72,91.00,43.39,17.00,1365,59221
480,480,V3L,*MANUAL*,35,764,71,77.00,34.48,12.44,1365,47062
481,481,V4L,*MANUAL*,40,627,71,83.00,47.15,13.26,1365,64358
482,482,QL,*MANUAL*,42,527,64,111.00,53.20,19.55,1365,72623
483,483,V5L,*MANUAL*,41,490,66,92.00,52.04,14.18,1365,71036
484,484,V6L,*MANUAL*,41,419,67,97.00,48.89,17.44,1365,66739
485,485,H0R,*MANUAL*,79,1385,57,161.00,88.84,32.17,895,79513
486,486,H1R,*MANUAL*,83,1260,63,205.00,75.85,36.96,1365,103539
487,487,H2R,*MANUAL*,82,1088,59,133.00,56.67,27.03,1365,77348
488,488,AMSHR,*MANUAL*,78,1071,44,136.00,61.64,25.61,1365,84134
489,489,HYP7RC6,*MANUAL*,65,266,60,94.00,52.53,15.86,881,46280
490,490,HYP7RC5,*MANUAL*,69,454,58,92.00,44.49,16.21,1365,60723
491,491,HYP7RC4,*MANUAL*,72,574,55,82.00,32.61,14.13,1365,44510
492,492,M,*MANUAL*,66,550,58,94.00,40.05,19.88,1365,54666
493,493,HYP7RC3,*MANUAL*,73,693,63,77.00,33.40,13.73,2103,70244
494,494,HYP7RC2,*MANUAL*,76,800,55,79.00,33.94,12.42,1365,46323
495,495,HYP7RC1,*MANUAL*,75,882,55,73.00,28.63,13.50,1365,39075
496,496,HYP7ABR3,*MANUAL*,76,940,57,96.00,43.81,15.02,1365,59801
497,497,HYP7ABRV,*MANUAL*,81,1030,69,87.00,38.07,15.58,1365,51965
498,498,HYP7ABRD,*MANUAL*,80,1027,53,126.00,46.40,22.21,1365,63334
499,499,BDUR,*MANUAL*,74,992,66,201.00,115.42,37.07,895,103305
500,500,almr,*MANUAL*,74,823,48,153.00,84.59,24.94,895,75704
501,501,CANR,*MANUAL*,70,721,66,147.00,90.19,22.11,895,80723
502,502,HSNR,*MANUAL*,72,669,81,167.00,95.17,28.41,895,85179
503,503,V1R,*MANUAL*,74,969,60,120.00,65.59,22.77,895,58703
504,504,V2R,*MANUAL*,74,853,73,103.00,47.23,15.21,1365,64468
505,505,V3R,*MANUAL*,73,752,74,101.00,41.41,19.64,1365,56530
506,506,V4R,*MANUAL*,74,629,75,96.00,43.74,19.59,2103,91987
507,507,QR,*MANUAL*,71,554,73,109.00,58.85,21.05,1365,80330
508,508,V5R,*MANUAL*,70,498,70,101.00,50.99,17.86,1365,69597
509,509,V6R,*MANUAL*,70,416,71,118.00,53.65,21.30,1365,73239
510,510,P1/2R,*MANUAL*,75,901,78,130.00,61.88,20.97,1365,84470
511,511,P3/4R,*MANUAL*,75,812,75,103.00,54.05,16.23,1365,73773
512,512,P5/6R,*MANUAL*,72,716,81,124.00,70.22,21.85,1365,95844
513,513,P7/8R,*MANUAL*,70,587,77,127.00,63.26,24.01,1365,86355
514,514,P9/10R,*MANUAL*,70,465,77,137.00,59.83,26.12,1365,81669
515,515,P11/12R,*MANUAL*,68,343,79,159.00,68.01,29.05,1365,92827
516,516,IMR,*MANUAL*,67,386,82,123.00,55.38,25.61,1365,75588
517,517,IML,*MANUAL*,43,364,79,137.00,71.96,24.66,895,64406
518,518,INVR1,*MANUAL*$22$24,68,1001,82,91.00,25.51,14.95,8409,214547
519,519,INV2,*MANUAL*$4$3,48,936,87,63.00,24.06,10.59,7392,177817
520,520,INV6,*MANUAL*,64,649,67,55.00,24.25, 8.73,2103,51008
521,521,INV9,*MANUAL*,57,378,86,90.00,50.61,13.83,895,45296
522,522,IND9,*MANUAL*,50,366,54,84.00,45.31,14.41,895,40555
523,523,SPH,*MANUAL*,43,342,72,172.00,116.82,21.43,895,104557
524,524,REPVL,*MANUAL*,43,325,72,175.00,105.56,28.88,895,94479
525,525,PVQL,*MANUAL*,42,305,73,156.00,99.62,21.22,895,89164
526,526,pvpl,*MANUAL*,48,346,85,167.00,101.74,30.13,895,91059
527,527,DA8,*MANUAL*,47,324,87,199.00,119.98,35.24,889,106662
528,528,DD6,*MANUAL*,55,329,81,225.00,160.86,33.63,889,143006
529,529,U,*MANUAL*,53,316,79,184.00,123.87,27.32,885,109629
530,530,YPDA,*MANUAL*,53,307,91,161.00,93.60,29.69,895,83773
531,531,PVPR,*MANUAL*,61,336,87,206.00,133.36,38.69,895,119360
532,532,PVT,*MANUAL*,61,354,89,164.00,108.79,31.73,895,97371
533,533,DA9,*MANUAL*,61,319,86,187.00,122.33,27.16,895,109484
534,534,VIRR,*MANUAL*,60,335,66,171.00,89.99,34.47,895,80541
535,535,VIRL,*MANUAL*,51,341,58,145.00,84.87,27.14,895,75956
536,536,REPVR,*MANUAL*,66,324,74,183.00,114.76,30.59,895,102713
537,537,PVQR,*MANUAL*,65,300,75,189.00,115.43,29.04,895,103308
538,538,PHBR,*MANUAL*,64,284,70,191.00,124.91,26.30,858,107173
539,539,PHAR,*MANUAL*,64,284,80,216.00,125.87,35.76,895,112651
540,540,LUAr,*MANUAL*,63,271,73,237.00,141.54,44.10,889,125832
541,541,PVCr,*MANUAL*,63,258,72,203.00,129.67,37.66,769,99715
542,542,ALNr,*MANUAL*,59,248,63,205.00,127.07,36.77,895,113729
543,543,PHSHr,*MANUAL*,59,237,67,208.00,128.11,34.29,885,113378
544,544,PLMr,*MANUAL*,59,227,74,172.00,110.19,27.46,895,98616
545,545,PHBL,*MANUAL*,44,285,68,174.00,116.55,22.06,895,104311
546,546,PHAL,*MANUAL*,45,289,79,168.00,107.65,29.62,895,96351
547,547,LUAL,*MANUAL*,45,270,65,220.00,131.31,36.13,884,116080
548,548,PVCL,*MANUAL*,45,266,74,184.00,108.95,36.27,895,97506
549,549,ALNL,*MANUAL*,46,255,61,203.00,132.15,33.96,895,118271
550,550,PHSHL,*MANUAL*,49,241,68,213.00,128.76,31.02,895,115237
551,551,PLML,*MANUAL*,50,214,74,174.00,113.94,25.92,895,101980
552,552,F,*MANUAL*,55,299,68,167.00,118.54,27.20,895,106091
553,553,B,*MANUAL*,55,276,79,161.00,98.49,25.79,895,88148
554,554,DVC,*MANUAL*,55,258,74,169.00,122.17,22.77,895,109340
555,555,DVA,*MANUAL*,55,281,63,155.00,104.88,21.99,895,93869
556,556,DEP,*MANUAL*,55,264,57,187.00,107.14,25.76,895,95892
557,557,REPD,*MANUAL*,55,316,54,177.00,108.83,32.24,895,97402
558,558,K',*MANUAL*,62,310,63,182.00,101.87,36.67,895,91175
559,559,K,*MANUAL*,47,304,59,157.00,95.16,17.85,895,85166
560,560,TL,*MANUAL*,47,225,65,118.00,65.69,18.25,895,58790
561,561,TR,*MANUAL*,58,211,65,112.00,59.57,18.74,895,53313
562,562,PVR,*MANUAL*,55,192,61,161.00,105.33,25.03,895,94272
563,563,HYP71,*MANUAL*,56,202,78,150.00,85.38,28.44,895,76414
564,564,HYP72,*MANUAL*,56,188,77,166.00,102.39,27.31,895,91635
565,565,HYP8,*MANUAL*,57,161,70,137.00,87.88,22.04,891,78300
566,566,HYP11,*MANUAL*,50,154,64,133.00,62.48,26.82,1365,85282
567,567,HYP9,*MANUAL*,57,129,69,141.00,70.98,28.87,895,63527
568,568,HYP101,*MANUAL*,57,115,66,160.00,77.89,29.27,895,69710
569,569,HYP102,*MANUAL*,57,88,66,148.00,67.59,33.46,895,60497
570,570,MC3DL,*MANUAL*,42,1089,51,107.00,58.76,20.25,895,52593
571,571,F1,*MANUAL*,57,1021,76,19.00, 6.61, 2.27,895,5920
572,572,F2,*MANUAL*,54,879,65,14.00, 3.46, 1.98,895,3096
573,573,F3,*MANUAL*,54,806,63,12.00, 3.49, 1.74,895,3123
574,574,F4,*MANUAL*,54,1450,65,77.00,13.66, 9.93,895,12222
575,575,F5,*MANUAL*,59,1308,70,21.00,10.90, 3.25,895,9753
576,576,F6,*MANUAL*,59,1249,67,15.00, 6.23, 1.91,895,5578
577,577,F7,*MANUAL*,59,1177,64,46.00,21.27, 6.38,895,19034
578,578,F8,*MANUAL*,59,1085,65,27.00, 9.97, 3.93,895,8925
579,579,F9,*MANUAL*,59,981,64,17.00, 6.84, 2.44,895,6121
580,580,F10,*MANUAL*,59,625,61,10.00, 3.85, 1.63,895,3450
