1 3  1138.000 54.000 88.000  2  2
2  3  1137.000 55.000  89.000 2  -1
3 3  1151.000 61.000 34.000  2  4
4  3  1151.000 60.000  33.000 2  -1
5 3  1152.000 59.000 87.000  2  6
6  3  1139.000 69.000  91.000 2  -1
7 3  1152.000 73.000 35.000  2  8
8  3  1153.000 73.000  35.000 2  -1
9 3  1086.000 68.000 87.000  2  10
10  3  1078.000 98.000  82.000 2  -1
11 3  1083.000 69.000 36.000  2  12
12  3  1084.000 70.000  35.000 2  -1
13 3  1222.000 87.000 84.000  2  14
14  3  1223.000 86.000  83.000 2  -1
15 3  1227.000 86.000 46.000  2  16
16  3  1227.000 86.000  46.000 2  -1
17 3  1206.000 101.000 69.000  2  18
18  3  1206.000 102.000  69.000 2  -1
19 3  1203.000 102.000 55.000  2  20
20  3  1204.000 101.000  56.000 2  -1
21 3  1233.000 76.000 87.000  2  22
22  3  1233.000 76.000  88.000 2  -1
23 3  1239.000 83.000 37.000  2  24
24  3  1239.000 83.000  35.000 2  -1
25 3  1214.000 52.000 69.000  2  26
26  3  1216.000 52.000  71.000 2  -1
27 3  1212.000 50.000 57.000  2  28
28  3  1213.000 52.000  58.000 2  -1
29 3  1225.000 70.000 76.000  2  30
30  3  1224.000 71.000  78.000 2  -1
31 3  1229.000 67.000 47.000  2  32
32  3  1229.000 69.000  45.000 2  -1
33 3  1167.000 47.000 66.000  2  34
34  3  1167.000 46.000  68.000 2  -1
35 3  1177.000 51.000 52.000  2  36
36  3  1178.000 50.000  54.000 2  -1
37 3  1150.000 79.000 90.000  2  38
38  3  1150.000 78.000  89.000 2  -1
39 3  1160.000 82.000 35.000  2  40
40  3  1160.000 83.000  35.000 2  -1
41 3  1162.000 49.000 81.000  2  42
42  3  1162.000 50.000  79.000 2  -1
43 3  1176.000 52.000 41.000  2  44
44  3  1175.000 52.000  43.000 2  -1
45 3  1177.000 75.000 72.000  2  46
46  3  1164.000 67.000  81.000 2  -1
47 3  1171.000 70.000 43.000  2  48
48  3  1172.000 72.000  43.000 2  -1
49 3  1255.000 105.000 63.000  2  50
50  3  1256.000 104.000  63.000 2  -1
51 3  834.000 99.000 77.000  2  52
52  3  833.000 99.000  77.000 2  -1
53 3  825.000 96.000 42.000  2  54
54  3  825.000 97.000  44.000 2  -1
55 3  219.000 82.000 74.000  2  56
56  3  219.000 83.000  74.000 2  -1
57 3  220.000 82.000 56.000  2  58
58  3  220.000 81.000  57.000 2  -1
59 3  1135.000 91.000 87.000  2  60
60  3  1135.000 92.000  89.000 2  -1
61 3  1145.000 96.000 37.000  2  62
62  3  1144.000 99.000  35.000 2  -1
63 3  1402.000 84.000 80.000  2  64
64  3  1403.000 84.000  80.000 2  -1
65 3  1422.000 82.000 39.000  2  66
66  3  1423.000 81.000  40.000 2  -1
67 3  1451.000 71.000 85.000  2  68
68  3  1451.000 70.000  85.000 2  -1
69 3  1441.000 76.000 36.000  2  70
70  3  1440.000 76.000  36.000 2  -1
71 3  1520.000 46.000 63.000  2  72
72  3  1504.000 46.000  56.000 2  -1
73 3  1485.000 94.000 67.000  2  74
74  3  1486.000 94.000  67.000 2  -1
75 3  1419.000 82.000 81.000  2  76
76  3  1419.000 82.000  82.000 2  -1
77 3  1404.000 86.000 42.000  2  78
78  3  1403.000 86.000  42.000 2  -1
79 3  1493.000 45.000 65.000  2  80
80  3  1482.000 45.000  54.000 2  -1
81 3  1423.000 60.000 82.000  2  82
82  3  1422.000 61.000  83.000 2  -1
83 3  1424.000 59.000 39.000  2  84
84  3  1445.000 64.000  37.000 2  -1
85 3  1185.000 79.000 90.000  2  86
86  3  1186.000 79.000  91.000 2  -1
87 3  1197.000 82.000 36.000  2  88
88  3  1199.000 80.000  34.000 2  -1
89 3  1193.000 93.000 82.000  2  90
90  3  1192.000 94.000  81.000 2  -1
91 3  1199.000 94.000 45.000  2  92
92  3  1199.000 93.000  44.000 2  -1
93 3  1209.000 72.000 86.000  2  94
94  3  1209.000 73.000  88.000 2  -1
95 3  1219.000 77.000 37.000  2  96
96  3  1219.000 78.000  34.000 2  -1
97 3  1187.000 95.000 71.000  2  98
98  3  1187.000 96.000  70.000 2  -1
99 3  1186.000 96.000 54.000  2  100
100  3  1186.000 97.000  52.000 2  -1
101 3  1192.000 58.000 89.000  2  102
102  3  1192.000 59.000  89.000 2  -1
103 3  1199.000 61.000 35.000  2  104
104  3  1200.000 62.000  34.000 2  -1
105 3  1226.000 94.000 70.000  2  106
106  3  1226.000 95.000  70.000 2  -1
107 3  1224.000 102.000 53.000  2  108
108  3  1224.000 100.000  54.000 2  -1
109 3  1208.000 56.000 89.000  2  110
110  3  1207.000 56.000  89.000 2  -1
111 3  1218.000 62.000 32.000  2  112
112  3  1218.000 62.000  33.000 2  -1
113 3  1253.000 74.000 89.000  2  114
114  3  1253.000 73.000  89.000 2  -1
115 3  1259.000 79.000 39.000  2  116
116  3  1259.000 78.000  33.000 2  -1
117 3  1178.000 84.000 80.000  2  118
118  3  1179.000 83.000  79.000 2  -1
119 3  1183.000 82.000 44.000  2  120
120  3  1183.000 82.000  45.000 2  -1
121 3  1166.000 74.000 92.000  2  122
122  3  1166.000 76.000  89.000 2  -1
123 3  1179.000 75.000 33.000  2  124
124  3  1178.000 77.000  34.000 2  -1
125 3  1243.000 69.000 77.000  2  126
126  3  1244.000 71.000  79.000 2  -1
127 3  1248.000 71.000 44.000  2  128
128  3  1249.000 72.000  44.000 2  -1
129 3  1132.000 35.000 59.000  2  130
130  3  1133.000 38.000  58.000 2  -1
131 3  1175.000 96.000 85.000  2  132
132  3  1176.000 95.000  85.000 2  -1
133 3  1184.000 96.000 38.000  2  134
134  3  1184.000 95.000  39.000 2  -1
135 3  1162.000 89.000 85.000  2  136
136  3  1162.000 88.000  85.000 2  -1
137 3  1173.000 89.000 37.000  2  138
138  3  1173.000 88.000  37.000 2  -1
139 3  1150.000 44.000 75.000  2  140
140  3  1150.000 45.000  77.000 2  -1
141 3  1158.000 56.000 45.000  2  142
142  3  1159.000 55.000  43.000 2  -1
143 3  1218.000 59.000 50.000  2  144
144  3  1219.000 59.000  49.000 2  -1
145 3  1210.000 86.000 72.000  2  146
146  3  1210.000 88.000  76.000 2  -1
147 3  1210.000 84.000 50.000  2  148
148  3  1210.000 86.000  47.000 2  -1
149 3  1205.000 92.000 85.000  2  150
150  3  1206.000 92.000  85.000 2  -1
151 3  1215.000 93.000 38.000  2  152
152  3  1216.000 92.000  38.000 2  -1
153 3  1225.000 62.000 90.000  2  154
154  3  1225.000 62.000  90.000 2  -1
155 3  1235.000 65.000 32.000  2  156
156  3  1234.000 66.000  32.000 2  -1
157 3  254.000 57.000 66.000  2  158
158  3  253.000 57.000  67.000 2  -1
159 3  1306.000 59.000 83.000  2  160
160  3  1306.000 59.000  84.000 2  -1
161 3  1311.000 57.000 38.000  2  162
162  3  1311.000 59.000  38.000 2  -1
163 3  1007.000 78.000 87.000  2  164
164  3  1007.000 77.000  87.000 2  -1
165 3  988.000 79.000 36.000  2  166
166  3  987.000 79.000  36.000 2  -1
167 3  683.000 84.000 85.000  2  168
168  3  684.000 83.000  84.000 2  -1
169 3  727.000 79.000 40.000  2  170
170  3  726.000 79.000  41.000 2  -1
171 3  729.000 51.000 67.000  2  172
172  3  729.000 52.000  67.000 2  -1
173 3  720.000 59.000 79.000  2  174
174  3  720.000 58.000  79.000 2  -1
175 3  962.000 53.000 44.000  2  176
176  3  961.000 52.000  45.000 2  -1
177 3  946.000 48.000 51.000  2  178
178  3  946.000 48.000  52.000 2  -1
179 3  1259.000 98.000 76.000  2  180
180  3  1259.000 98.000  77.000 2  -1
181 3  1257.000 103.000 47.000  2  182
182  3  1257.000 102.000  47.000 2  -1
183 3  1288.000 83.000 80.000  2  184
184  3  1289.000 82.000  81.000 2  -1
185 3  1294.000 84.000 42.000  2  186
186  3  1294.000 84.000  42.000 2  -1
187 3  1289.000 50.000 79.000  2  188
188  3  1290.000 51.000  80.000 2  -1
189 3  1291.000 52.000 42.000  2  190
190  3  1293.000 51.000  41.000 2  -1
191 3  1331.000 91.000 80.000  2  192
192  3  1329.000 91.000  80.000 2  -1
193 3  1332.000 85.000 43.000  2  194
194  3  1333.000 86.000  44.000 2  -1
195 3  1344.000 47.000 83.000  2  196
196  3  1330.000 41.000  72.000 2  -1
197 3  1332.000 43.000 44.000  2  198
198  3  1333.000 43.000  47.000 2  -1
199 3  1294.000 40.000 68.000  2  200
200  3  1294.000 40.000  65.000 2  -1
201 3  1297.000 40.000 54.000  2  202
202  3  1297.000 41.000  55.000 2  -1
203 3  1074.000 39.000 60.000  2  204
204  3  1074.000 40.000  60.000 2  -1
205 3  1011.000 42.000 67.000  2  206
206  3  1011.000 44.000  62.000 2  -1
207 3  920.000 40.000 65.000  2  208
208  3  920.000 39.000  65.000 2  -1
209 3  808.000 40.000 68.000  2  210
210  3  807.000 40.000  68.000 2  -1
211 3  689.000 41.000 64.000  2  212
212  3  689.000 42.000  64.000 2  -1
213 3  545.000 46.000 62.000  2  214
214  3  545.000 47.000  62.000 2  -1
215 3  415.000 48.000 67.000  2  216
216  3  414.000 48.000  64.000 2  -1
217 3  297.000 57.000 73.000  2  218
218  3  298.000 57.000  74.000 2  -1
219 3  294.000 59.000 55.000  2  220
220  3  294.000 59.000  57.000 2  -1
221 3  1122.000 27.000 64.000  2  222
222  3  1106.000 35.000  60.000 2  -1
223 3  1174.000 38.000 57.000  2  224
224  3  1173.000 39.000  58.000 2  -1
225 3  1033.000 38.000 62.000  2  226
226  3  1032.000 39.000  60.000 2  -1
227 3  887.000 40.000 63.000  2  228
228  3  886.000 41.000  63.000 2  -1
229 3  745.000 42.000 69.000  2  230
230  3  745.000 42.000  68.000 2  -1
231 3  571.000 46.000 66.000  2  232
232  3  571.000 46.000  65.000 2  -1
233 3  438.000 45.000 65.000  2  234
234  3  439.000 46.000  65.000 2  -1
235 3  1118.000 37.000 66.000  2  236
236  3  1118.000 38.000  67.000 2  -1
237 3  969.000 40.000 63.000  2  238
238  3  968.000 43.000  64.000 2  -1
239 3  782.000 40.000 70.000  2  240
240  3  782.000 40.000  69.000 2  -1
241 3  609.000 43.000 64.000  2  242
242  3  610.000 43.000  64.000 2  -1
243 3  465.000 45.000 66.000  2  244
244  3  466.000 45.000  65.000 2  -1
245 3  308.000 60.000 70.000  2  246
246  3  308.000 60.000  70.000 2  -1
247 3  233.000 85.000 65.000  2  248
248  3  233.000 84.000  65.000 2  -1
249 3  1462.000 86.000 79.000  2  250
250  3  1462.000 86.000  78.000 2  -1
251 3  1060.000 106.000 75.000  2  252
252  3  1061.000 105.000  76.000 2  -1
253 3  977.000 112.000 63.000  2  254
254  3  978.000 111.000  65.000 2  -1
255 3  911.000 108.000 74.000  2  256
256  3  911.000 109.000  73.000 2  -1
257 3  846.000 108.000 66.000  2  258
258  3  846.000 109.000  66.000 2  -1
259 3  782.000 105.000 77.000  2  260
260  3  782.000 105.000  77.000 2  -1
261 3  718.000 109.000 69.000  2  262
262  3  719.000 109.000  70.000 2  -1
263 3  649.000 107.000 69.000  2  264
264  3  649.000 107.000  69.000 2  -1
265 3  570.000 107.000 69.000  2  266
266  3  570.000 106.000  69.000 2  -1
267 3  481.000 100.000 69.000  2  268
268  3  482.000 100.000  70.000 2  -1
269 3  424.000 99.000 70.000  2  270
270  3  423.000 99.000  70.000 2  -1
271 3  1437.000 92.000 76.000  2  272
272  3  1436.000 93.000  76.000 2  -1
273 3  371.000 97.000 68.000  2  274
274  3  371.000 97.000  68.000 2  -1
275 3  202.000 86.000 66.000  2  276
276  3  203.000 87.000  64.000 2  -1
277 3  1394.000 98.000 73.000  2  278
278  3  1393.000 99.000  74.000 2  -1
279 3  1349.000 94.000 78.000  2  280
280  3  1345.000 93.000  84.000 2  -1
281 3  1292.000 102.000 72.000  2  282
282  3  1290.000 102.000  74.000 2  -1
283 3  1277.000 92.000 81.000  2  284
284  3  1277.000 91.000  80.000 2  -1
285 3  1165.000 107.000 70.000  2  286
286  3  1165.000 108.000  70.000 2  -1
287 3  1116.000 111.000 78.000  2  288
288  3  1125.000 112.000  77.000 2  -1
289 3  1072.000 110.000 71.000  2  290
290  3  1073.000 110.000  69.000 2  -1
291 3  1460.000 85.000 43.000  2  292
292  3  1462.000 85.000  42.000 2  -1
293 3  1054.000 109.000 43.000  2  294
294  3  1055.000 109.000  43.000 2  -1
295 3  978.000 112.000 50.000  2  296
296  3  977.000 112.000  50.000 2  -1
297 3  901.000 108.000 45.000  2  298
298  3  900.000 108.000  46.000 2  -1
299 3  861.000 109.000 49.000  2  300
300  3  861.000 111.000  48.000 2  -1
301 3  798.000 104.000 47.000  2  302
302  3  798.000 104.000  47.000 2  -1
303 3  762.000 108.000 57.000  2  304
304  3  762.000 108.000  57.000 2  -1
305 3  663.000 106.000 46.000  2  306
306  3  663.000 106.000  45.000 2  -1
307 3  608.000 104.000 46.000  2  308
308  3  607.000 103.000  48.000 2  -1
309 3  524.000 104.000 44.000  2  310
310  3  524.000 103.000  45.000 2  -1
311 3  444.000 97.000 49.000  2  312
312  3  445.000 97.000  48.000 2  -1
313 3  1437.000 94.000 48.000  2  314
314  3  1437.000 96.000  46.000 2  -1
315 3  387.000 96.000 47.000  2  316
316  3  386.000 96.000  47.000 2  -1
317 3  256.000 90.000 54.000  2  318
318  3  255.000 92.000  58.000 2  -1
319 3  1393.000 100.000 49.000  2  320
320  3  1397.000 101.000  46.000 2  -1
321 3  1339.000 99.000 40.000  2  322
322  3  1339.000 98.000  40.000 2  -1
323 3  1325.000 99.000 50.000  2  324
324  3  1293.000 101.000  47.000 2  -1
325 3  1292.000 101.000 49.000  2  326
326  3  1278.000 96.000  43.000 2  -1
327 3  1171.000 110.000 55.000  2  328
328  3  1168.000 110.000  51.000 2  -1
329 3  1091.000 111.000 44.000  2  330
330  3  1089.000 112.000  43.000 2  -1
331 3  1067.000 114.000 53.000  2  332
332  3  1067.000 114.000  53.000 2  -1
333 3  252.000 81.000 65.000  2  334
334  3  252.000 80.000  66.000 2  -1
335 3  239.000 67.000 66.000  2  336
336  3  239.000 68.000  65.000 2  -1
337 3  1452.000 85.000 63.000  2  338
338  3  1431.000 89.000  59.000 2  -1
339 3  1462.000 61.000 72.000  2  340
340  3  1461.000 60.000  74.000 2  -1
341 3  1459.000 63.000 47.000  2  342
342  3  1458.000 64.000  47.000 2  -1
343 3  1518.000 89.000 57.000  2  344
344  3  1517.000 88.000  58.000 2  -1
345 3  1525.000 63.000 69.000  2  346
346  3  1525.000 63.000  69.000 2  -1
347 3  1532.000 61.000 49.000  2  348
348  3  1534.000 61.000  50.000 2  -1
349 3  1433.000 89.000 61.000  2  350
350  3  1394.000 93.000  62.000 2  -1
351 3  1433.000 62.000 73.000  2  352
352  3  1435.000 62.000  73.000 2  -1
353 3  1429.000 60.000 47.000  2  354
354  3  1438.000 64.000  48.000 2  -1
355 3  1185.000 54.000 66.000  2  356
356  3  1187.000 49.000  66.000 2  -1
357 3  1199.000 54.000 73.000  2  358
358  3  1199.000 55.000  76.000 2  -1
359 3  1091.000 49.000 78.000  2  360
360  3  1090.000 49.000  79.000 2  -1
361 3  1111.000 45.000 43.000  2  362
362  3  1112.000 46.000  42.000 2  -1
363 3  271.000 75.000 65.000  2  364
364  3  271.000 76.000  63.000 2  -1
365 3  1164.000 66.000 84.000  2  366
366  3  1152.000 59.000  88.000 2  -1
367 3  1166.000 63.000 33.000  2  368
368  3  1168.000 65.000  34.000 2  -1
369 3  1237.000 34.000 62.000  2  370
370  3  1236.000 34.000  61.000 2  -1
371 3  1138.000 85.000 78.000  2  372
372  3  1138.000 86.000  79.000 2  -1
373 3  1142.000 90.000 49.000  2  374
374  3  1142.000 92.000  46.000 2  -1
375 3  1089.000 97.000 53.000  2  376
376  3  1089.000 99.000  53.000 2  -1
377 3  1219.000 37.000 63.000  2  378
378  3  1220.000 37.000  63.000 2  -1
379 3  1096.000 55.000 69.000  2  380
380  3  1097.000 56.000  68.000 2  -1
381 3  1098.000 59.000 52.000  2  382
382  3  1099.000 59.000  52.000 2  -1
383 3  1263.000 87.000 68.000  2  384
384  3  1261.000 89.000  69.000 2  -1
385 3  1262.000 89.000 53.000  2  386
386  3  1262.000 92.000  54.000 2  -1
387 3  1258.000 65.000 73.000  2  388
388  3  1257.000 66.000  74.000 2  -1
389 3  1259.000 64.000 46.000  2  390
390  3  1260.000 66.000  44.000 2  -1
391 3  1259.000 56.000 69.000  2  392
392  3  1259.000 56.000  69.000 2  -1
393 3  1262.000 55.000 51.000  2  394
394  3  1262.000 56.000  48.000 2  -1
395 3  1398.000 69.000 85.000  2  396
396  3  1398.000 69.000  86.000 2  -1
397 3  1397.000 66.000 35.000  2  398
398  3  1397.000 67.000  35.000 2  -1
399 3  1284.000 63.000 90.000  2  400
400  3  1287.000 63.000  90.000 2  -1
401 3  1298.000 74.000 33.000  2  402
402  3  1299.000 75.000  30.000 2  -1
403 3  1139.000 69.000 90.000  2  404
404  3  1084.000 69.000  90.000 2  -1
405 3  1097.000 72.000 31.000  2  406
406  3  1097.000 72.000  30.000 2  -1
407 3  1152.000 113.000 56.000  2  408
408  3  1155.000 113.000  61.000 2  -1
409 3  652.000 72.000 84.000  2  410
410  3  653.000 72.000  84.000 2  -1
411 3  670.000 64.000 41.000  2  412
412  3  670.000 63.000  41.000 2  -1
413 3  82.000 77.000 63.000  2  414
414  3  82.000 77.000  64.000 2  -1
415 3  57.000 72.000 61.000  2  416
416  3  57.000 73.000  62.000 2  -1
417 3  116.000 80.000 72.000  2  418
418  3  115.000 81.000  73.000 2  -1
419 3  1384.000 83.000 83.000  2  420
420  3  1386.000 83.000  83.000 2  -1
421 3  1386.000 88.000 40.000  2  422
422  3  1386.000 90.000  37.000 2  -1
423 3  1482.000 44.000 54.000  2  424
424  3  1494.000 44.000  65.000 2  -1
425 3  1439.000 78.000 83.000  2  426
426  3  1438.000 79.000  83.000 2  -1
427 3  1502.000 47.000 56.000  2  428
428  3  1521.000 45.000  61.000 2  -1
429 3  1523.000 98.000 63.000  2  430
430  3  1523.000 97.000  62.000 2  -1
431 3  1505.000 99.000 56.000  2  432
432  3  1505.000 98.000  54.000 2  -1
433 3  1570.000 86.000 61.000  2  434
434  3  1569.000 86.000  61.000 2  -1
435 3  1577.000 49.000 64.000  2  436
436  3  1577.000 48.000  63.000 2  -1
437 3  1549.000 46.000 59.000  2  438
438  3  1548.000 46.000  59.000 2  -1
439 3  1498.000 71.000 80.000  2  440
440  3  1497.000 72.000  81.000 2  -1
441 3  1489.000 72.000 37.000  2  442
442  3  1489.000 73.000  37.000 2  -1
443 3  1486.000 103.000 60.000  2  444
444  3  1486.000 102.000  60.000 2  -1
445 3  1455.000 100.000 61.000  2  446
446  3  1453.000 100.000  60.000 2  -1
447 3  1408.000 101.000 61.000  2  448
448  3  1411.000 101.000  60.000 2  -1
449 3  1355.000 108.000 60.000  2  450
450  3  1355.000 108.000  60.000 2  -1
451 3  1467.000 40.000 60.000  2  452
452  3  1467.000 38.000  63.000 2  -1
453 3  1411.000 45.000 62.000  2  454
454  3  1432.000 39.000  63.000 2  -1
455 3  174.000 60.000 65.000  2  456
456  3  175.000 61.000  66.000 2  -1
457 3  152.000 66.000 67.000  2  458
458  3  153.000 66.000  66.000 2  -1
459 3  1060.000 90.000 85.000  2  460
460  3  1060.000 89.000  87.000 2  -1
461 3  1047.000 75.000 89.000  2  462
462  3  1046.000 74.000  88.000 2  -1
463 3  1009.000 87.000 32.000  2  464
464  3  1007.000 86.000  32.000 2  -1
465 3  1066.000 94.000 33.000  2  466
466  3  1065.000 96.000  31.000 2  -1
467 3  1054.000 76.000 31.000  2  468
468  3  1055.000 76.000  31.000 2  -1
469 3  1317.000 99.000 65.000  2  470
470  3  1317.000 104.000  62.000 2  -1
471 3  1234.000 112.000 64.000  2  472
472  3  1219.000 111.000  64.000 2  -1
473 3  932.000 91.000 86.000  2  474
474  3  932.000 91.000  88.000 2  -1
475 3  851.000 92.000 81.000  2  476
476  3  851.000 92.000  83.000 2  -1
477 3  724.000 95.000 84.000  2  478
478  3  724.000 94.000  86.000 2  -1
479 3  582.000 92.000 81.000  2  480
480  3  586.000 91.000  82.000 2  -1
481 3  464.000 88.000 83.000  2  482
482  3  452.000 88.000  83.000 2  -1
483 3  265.000 86.000 80.000  2  484
484  3  264.000 85.000  83.000 2  -1
485 3  905.000 89.000 37.000  2  486
486  3  905.000 88.000  36.000 2  -1
487 3  789.000 86.000 41.000  2  488
488  3  790.000 85.000  41.000 2  -1
489 3  693.000 87.000 37.000  2  490
490  3  691.000 87.000  36.000 2  -1
491 3  634.000 92.000 35.000  2  492
492  3  534.000 80.000  40.000 2  -1
493 3  441.000 83.000 40.000  2  494
494  3  441.000 84.000  39.000 2  -1
495 3  262.000 83.000 46.000  2  496
496  3  243.000 84.000  49.000 2  -1
497 3  1376.000 39.000 61.000  2  498
498  3  1377.000 36.000  61.000 2  -1
499 3  1330.000 41.000 72.000  2  500
500  3  1349.000 37.000  64.000 2  -1
501 3  128.000 69.000 66.000  2  502
502  3  129.000 70.000  66.000 2  -1
503 3  95.000 70.000 62.000  2  504
504  3  99.000 69.000  63.000 2  -1
505 3  1398.000 64.000 70.000  2  506
506  3  1400.000 64.000  71.000 2  -1
507 3  1397.000 66.000 50.000  2  508
508  3  1398.000 65.000  48.000 2  -1
509 3  1364.000 62.000 76.000  2  510
510  3  1365.000 63.000  79.000 2  -1
511 3  1365.000 55.000 49.000  2  512
512  3  1370.000 63.000  38.000 2  -1
513 3  1334.000 91.000 60.000  2  514
514  3  1336.000 90.000  59.000 2  -1
515 3  1147.000 99.000 66.000  2  516
516  3  1147.000 100.000  64.000 2  -1
517 3  1115.000 52.000 64.000  2  518
518  3  1141.000 55.000  58.000 2  -1
519 3  1125.000 95.000 76.000  2  520
520  3  1126.000 96.000  77.000 2  -1
521 3  1312.000 87.000 69.000  2  522
522  3  1312.000 89.000  70.000 2  -1
523 3  1315.000 91.000 57.000  2  524
524  3  1315.000 91.000  55.000 2  -1
525 3  1323.000 60.000 82.000  2  526
526  3  1323.000 61.000  83.000 2  -1
527 3  1327.000 59.000 38.000  2  528
528  3  1328.000 61.000  39.000 2  -1
529 3  1308.000 40.000 63.000  2  530
530  3  1309.000 40.000  61.000 2  -1
531 3  1326.000 41.000 57.000  2  532
532  3  1327.000 40.000  60.000 2  -1
533 3  1355.000 96.000 69.000  2  534
534  3  1320.000 89.000  78.000 2  -1
535 3  1352.000 94.000 56.000  2  536
536  3  1328.000 99.000  50.000 2  -1
537 3  1336.000 65.000 87.000  2  538
538  3  1335.000 65.000  89.000 2  -1
539 3  1340.000 69.000 33.000  2  540
540  3  1339.000 71.000  32.000 2  -1
541 3  1343.000 45.000 75.000  2  542
542  3  1343.000 46.000  75.000 2  -1
543 3  1340.000 40.000 56.000  2  544
544  3  1340.000 41.000  57.000 2  -1
545 3  1372.000 89.000 83.000  2  546
546  3  1372.000 88.000  84.000 2  -1
547 3  1366.000 95.000 37.000  2  548
548  3  1368.000 93.000  36.000 2  -1
549 3  1380.000 56.000 83.000  2  550
550  3  1382.000 55.000  82.000 2  -1
551 3  1384.000 53.000 38.000  2  552
552  3  1400.000 52.000  42.000 2  -1
553 3  1447.000 42.000 66.000  2  554
554  3  1447.000 44.000  66.000 2  -1
555 3  1431.000 42.000 54.000  2  556
556  3  1432.000 44.000  55.000 2  -1
557 3  1462.000 93.000 70.000  2  558
558  3  1463.000 94.000  70.000 2  -1
559 3  1469.000 96.000 49.000  2  560
560  3  1469.000 95.000  50.000 2  -1
561 3  1406.000 58.000 82.000  2  562
562  3  1404.000 59.000  82.000 2  -1
563 3  1409.000 57.000 40.000  2  564
564  3  1425.000 61.000  38.000 2  -1
565 3  1473.000 43.000 68.000  2  566
566  3  1472.000 44.000  68.000 2  -1
567 3  1454.000 43.000 52.000  2  568
568  3  1454.000 44.000  54.000 2  -1
569 3  367.000 64.000 80.000  2  570
570  3  368.000 64.000  80.000 2  -1
571 3  350.000 61.000 45.000  2  572
572  3  351.000 61.000  45.000 2  -1
573 3  954.000 105.000 51.000  2  574
574  3  953.000 104.000  50.000 2  -1
575 3  900.000 102.000 64.000  2  576
576  3  898.000 101.000  65.000 2  -1
577 3  824.000 97.000 61.000  2  578
578  3  824.000 95.000  62.000 2  -1
579 3  742.000 99.000 62.000  2  580
580  3  741.000 96.000  60.000 2  -1
581 3  595.000 95.000 60.000  2  582
582  3  595.000 94.000  60.000 2  -1
583 3  484.000 93.000 57.000  2  584
584  3  484.000 96.000  57.000 2  -1
585 3  396.000 86.000 62.000  2  586
586  3  397.000 87.000  64.000 2  -1
587 3  334.000 90.000 71.000  2  588
588  3  334.000 91.000  71.000 2  -1
589 3  1005.000 98.000 70.000  2  590
590  3  1004.000 98.000  74.000 2  -1
591 3  1005.000 105.000 45.000  2  592
592  3  1004.000 105.000  47.000 2  -1
593 3  958.000 52.000 68.000  2  594
594  3  957.000 54.000  70.000 2  -1
595 3  890.000 56.000 62.000  2  596
596  3  892.000 59.000  57.000 2  -1
597 3  791.000 55.000 66.000  2  598
598  3  789.000 59.000  66.000 2  -1
599 3  694.000 83.000 74.000  2  600
600  3  695.000 84.000  72.000 2  -1
601 3  639.000 66.000 58.000  2  602
602  3  640.000 65.000  56.000 2  -1
603 3  542.000 66.000 59.000  2  604
604  3  543.000 64.000  59.000 2  -1
605 3  444.000 59.000 65.000  2  606
606  3  441.000 62.000  63.000 2  -1
607 3  354.000 58.000 63.000  2  608
608  3  355.000 58.000  63.000 2  -1
609 3  1024.000 57.000 77.000  2  610
610  3  1024.000 57.000  76.000 2  -1
611 3  1023.000 58.000 49.000  2  612
612  3  1023.000 57.000  47.000 2  -1
613 3  270.000 89.000 71.000  2  614
614  3  269.000 90.000  71.000 2  -1
615 3  278.000 87.000 50.000  2  616
616  3  279.000 86.000  50.000 2  -1
617 3  240.000 80.000 78.000  2  618
618  3  240.000 81.000  78.000 2  -1
619 3  237.000 85.000 51.000  2  620
620  3  246.000 69.000  51.000 2  -1
621 3  533.000 79.000 43.000  2  622
622  3  633.000 92.000  35.000 2  -1
623 3  1127.000 101.000 49.000  2  624
624  3  1128.000 101.000  50.000 2  -1
625 3  1147.000 66.000 74.000  2  626
626  3  1146.000 66.000  76.000 2  -1
627 3  1149.000 72.000 46.000  2  628
628  3  1149.000 72.000  46.000 2  -1
629 3  1324.000 58.000 69.000  2  630
630  3  1325.000 58.000  70.000 2  -1
631 3  1327.000 58.000 53.000  2  632
632  3  1326.000 59.000  52.000 2  -1
633 3  1314.000 75.000 62.000  2  634
634  3  1314.000 75.000  61.000 2  -1
635 3  1094.000 95.000 74.000  2  636
636  3  1095.000 95.000  75.000 2  -1
637 3  1366.000 86.000 73.000  2  638
638  3  1369.000 84.000  73.000 2  -1
639 3  1374.000 86.000 50.000  2  640
640  3  1376.000 87.000  48.000 2  -1
641 3  1378.000 56.000 58.000  2  642
642  3  1377.000 52.000  59.000 2  -1
643 3  1190.000 81.000 69.000  2  644
644  3  1172.000 81.000  72.000 2  -1
645 3  1173.000 83.000 54.000  2  646
646  3  1175.000 80.000  57.000 2  -1
647 3  1174.000 62.000 61.000  2  648
648  3  1173.000 62.000  62.000 2  -1
649 3  1104.000 84.000 81.000  2  650
650  3  1105.000 84.000  82.000 2  -1
651 3  1105.000 92.000 41.000  2  652
652  3  1105.000 92.000  42.000 2  -1
653 3  1090.000 41.000 65.000  2  654
654  3  1114.000 52.000  62.000 2  -1
655 3  1366.000 68.000 70.000  2  656
656  3  1369.000 67.000  71.000 2  -1
657 3  1370.000 66.000 49.000  2  658
658  3  1369.000 66.000  48.000 2  -1
659 3  1368.000 94.000 58.000  2  660
660  3  1349.000 94.000  59.000 2  -1
661 3  1348.000 63.000 75.000  2  662
662  3  1348.000 62.000  76.000 2  -1
663 3  1352.000 63.000 45.000  2  664
664  3  1353.000 62.000  44.000 2  -1
665 3  1322.000 74.000 78.000  2  666
666  3  1321.000 76.000  78.000 2  -1
667 3  1324.000 75.000 43.000  2  668
668  3  1324.000 75.000  44.000 2  -1
669 3  1371.000 65.000 87.000  2  670
670  3  1353.000 65.000  89.000 2  -1
671 3  1355.000 65.000 31.000  2  672
672  3  1354.000 66.000  32.000 2  -1
673 3  1337.000 82.000 86.000  2  674
674  3  1340.000 84.000  85.000 2  -1
675 3  1341.000 84.000 35.000  2  676
676  3  1342.000 87.000  36.000 2  -1
677 3  1298.000 88.000 69.000  2  678
678  3  1300.000 90.000  71.000 2  -1
679 3  1302.000 90.000 51.000  2  680
680  3  1302.000 91.000  53.000 2  -1
681 3  1358.000 83.000 89.000  2  682
682  3  1358.000 83.000  89.000 2  -1
683 3  1355.000 83.000 34.000  2  684
684  3  1357.000 86.000  32.000 2  -1
685 3  1353.000 65.000 89.000  2  686
686  3  1370.000 66.000  88.000 2  -1
687 3  1370.000 62.000 37.000  2  688
688  3  1386.000 52.000  40.000 2  -1
689 3  1437.000 99.000 65.000  2  690
690  3  1420.000 97.000  68.000 2  -1
691 3  1408.000 101.000 47.000  2  692
692  3  1438.000 97.000  65.000 2  -1
693 3  1399.000 51.000 76.000  2  694
694  3  1399.000 52.000  76.000 2  -1
695 3  1398.000 50.000 44.000  2  696
696  3  1410.000 58.000  39.000 2  -1
697 3  1304.000 51.000 74.000  2  698
698  3  1303.000 51.000  75.000 2  -1
699 3  1307.000 45.000 47.000  2  700
700  3  1306.000 49.000  47.000 2  -1
701 3  922.000 62.000 89.000  2  702
702  3  922.000 62.000  89.000 2  -1
703 3  922.000 59.000 41.000  2  704
704  3  921.000 60.000  39.000 2  -1
705 3  326.000 63.000 82.000  2  706
706  3  325.000 64.000  83.000 2  -1
707 3  318.000 63.000 43.000  2  708
708  3  318.000 62.000  43.000 2  -1
709 3  825.000 63.000 89.000  2  710
710  3  825.000 63.000  88.000 2  -1
711 3  820.000 60.000 40.000  2  712
712  3  819.000 61.000  41.000 2  -1
713 3  693.000 66.000 85.000  2  714
714  3  692.000 66.000  86.000 2  -1
715 3  707.000 61.000 43.000  2  716
716  3  709.000 61.000  38.000 2  -1
717 3  567.000 65.000 86.000  2  718
718  3  568.000 64.000  85.000 2  -1
719 3  578.000 60.000 44.000  2  720
720  3  578.000 59.000  42.000 2  -1
721 3  459.000 60.000 85.000  2  722
722  3  462.000 60.000  86.000 2  -1
723 3  459.000 55.000 44.000  2  724
724  3  459.000 55.000  45.000 2  -1
725 3  265.000 65.000 78.000  2  726
726  3  265.000 65.000  78.000 2  -1
727 3  263.000 61.000 54.000  2  728
728  3  264.000 63.000  54.000 2  -1
729 3  255.000 73.000 79.000  2  730
730  3  254.000 75.000  79.000 2  -1
731 3  258.000 70.000 48.000  2  732
732  3  259.000 74.000  51.000 2  -1
733 3  212.000 72.000 69.000  2  734
734  3  212.000 73.000  73.000 2  -1
735 3  213.000 71.000 55.000  2  736
736  3  213.000 72.000  57.000 2  -1
737 3  196.000 65.000 72.000  2  738
738  3  197.000 67.000  73.000 2  -1
739 3  203.000 64.000 59.000  2  740
740  3  203.000 65.000  57.000 2  -1
741 3  1379.000 87.000 68.000  2  742
742  3  1377.000 88.000  68.000 2  -1
743 3  1391.000 93.000 61.000  2  744
744  3  1369.000 95.000  57.000 2  -1
745 3  1382.000 72.000 73.000  2  746
746  3  1380.000 69.000  74.000 2  -1
747 3  1386.000 75.000 46.000  2  748
748  3  1383.000 74.000  46.000 2  -1
749 3  1381.000 60.000 68.000  2  750
750  3  1382.000 58.000  67.000 2  -1
751 3  1387.000 57.000 52.000  2  752
752  3  1385.000 58.000  52.000 2  -1
753 3  1492.000 89.000 57.000  2  754
754  3  1488.000 90.000  58.000 2  -1
755 3  1462.000 86.000 60.000  2  756
756  3  1462.000 88.000  61.000 2  -1
757 3  1498.000 62.000 69.000  2  758
758  3  1497.000 64.000  72.000 2  -1
759 3  1482.000 61.000 72.000  2  760
760  3  1483.000 63.000  72.000 2  -1
761 3  1500.000 64.000 47.000  2  762
762  3  1497.000 65.000  48.000 2  -1
763 3  1480.000 63.000 47.000  2  764
764  3  1482.000 64.000  48.000 2  -1
765 3  1443.000 78.000 65.000  2  766
766  3  1454.000 84.000  66.000 2  -1
767 3  1414.000 83.000 59.000  2  768
768  3  1412.000 85.000  57.000 2  -1
769 3  1415.000 68.000 72.000  2  770
770  3  1415.000 68.000  72.000 2  -1
771 3  1419.000 69.000 49.000  2  772
772  3  1417.000 69.000  48.000 2  -1
773 3  1452.000 57.000 65.000  2  774
774  3  1457.000 56.000  67.000 2  -1
775 3  1449.000 51.000 46.000  2  776
776  3  1462.000 59.000  51.000 2  -1
777 3  1348.000 89.000 66.000  2  778
778  3  1348.000 91.000  66.000 2  -1
779 3  1351.000 91.000 51.000  2  780
780  3  1350.000 93.000  50.000 2  -1
781 3  1357.000 76.000 77.000  2  782
782  3  1355.000 76.000  77.000 2  -1
783 3  1361.000 76.000 42.000  2  784
784  3  1358.000 77.000  42.000 2  -1
785 3  1358.000 55.000 69.000  2  786
786  3  1357.000 57.000  66.000 2  -1
787 3  1352.000 39.000 60.000  2  788
788  3  1358.000 54.000  52.000 2  -1
789 3  1157.000 92.000 72.000  2  790
790  3  1158.000 91.000  71.000 2  -1
791 3  1158.000 94.000 56.000  2  792
792  3  1159.000 93.000  56.000 2  -1
793 3  1155.000 74.000 74.000  2  794
794  3  1156.000 75.000  74.000 2  -1
795 3  1157.000 78.000 51.000  2  796
796  3  1160.000 78.000  51.000 2  -1
797 3  1154.000 60.000 62.000  2  798
798  3  1153.000 59.000  66.000 2  -1
799 3  1141.000 55.000 58.000  2  800
800  3  1153.000 62.000  57.000 2  -1
801 3  1127.000 105.000 64.000  2  802
802  3  1128.000 104.000  64.000 2  -1
803 3  1129.000 65.000 74.000  2  804
804  3  1129.000 65.000  74.000 2  -1
805 3  1133.000 69.000 45.000  2  806
806  3  1133.000 70.000  45.000 2  -1
807 3  1102.000 106.000 64.000  2  808
808  3  1101.000 106.000  63.000 2  -1
809 3  1107.000 60.000 77.000  2  810
810  3  1108.000 61.000  77.000 2  -1
811 3  1108.000 69.000 41.000  2  812
812  3  1107.000 70.000  42.000 2  -1
813 3  1086.000 64.000 63.000  2  814
814  3  1086.000 66.000  62.000 2  -1
815 3  231.000 73.000 78.000  2  816
816  3  232.000 73.000  77.000 2  -1
817 3  233.000 69.000 52.000  2  818
818  3  233.000 70.000  52.000 2  -1
819 3  324.000 55.000 72.000  2  820
820  3  324.000 56.000  74.000 2  -1
821 3  309.000 60.000 54.000  2  822
822  3  307.000 61.000  56.000 2  -1
823 3  279.000 73.000 80.000  2  824
824  3  278.000 75.000  79.000 2  -1
825 3  277.000 69.000 48.000  2  826
826  3  277.000 70.000  47.000 2  -1
827 3  154.000 81.000 63.000  2  828
828  3  154.000 81.000  63.000 2  -1
829 3  330.000 55.000 58.000  2  830
830  3  328.000 55.000  59.000 2  -1
831 3  523.000 80.000 79.000  2  832
832  3  523.000 80.000  79.000 2  -1
833 3  609.000 85.000 39.000  2  834
834  3  608.000 85.000  39.000 2  -1
835 3  281.000 94.000 62.000  2  836
836  3  281.000 93.000  62.000 2  -1
837 3  298.000 76.000 77.000  2  838
838  3  297.000 76.000  78.000 2  -1
839 3  294.000 75.000 46.000  2  840
840  3  295.000 75.000  45.000 2  -1
841 3  1237.000 84.000 73.000  2  842
842  3  1237.000 85.000  76.000 2  -1
843 3  1242.000 90.000 46.000  2  844
844  3  1242.000 92.000  46.000 2  -1
845 3  1197.000 73.000 80.000  2  846
846  3  1197.000 75.000  80.000 2  -1
847 3  1204.000 70.000 46.000  2  848
848  3  1203.000 71.000  45.000 2  -1
849 3  1169.000 55.000 89.000  2  850
850  3  1168.000 56.000  89.000 2  -1
851 3  1181.000 60.000 35.000  2  852
852  3  1182.000 61.000  34.000 2  -1
853 3  1275.000 105.000 61.000  2  854
854  3  1275.000 104.000  61.000 2  -1
855 3  1151.000 36.000 65.000  2  856
856  3  1150.000 38.000  67.000 2  -1
857 3  1146.000 39.000 51.000  2  858
858  3  1147.000 39.000  52.000 2  -1
859 3  1137.000 36.000 69.000  2  860
860  3  1138.000 37.000  68.000 2  -1
861 3  1107.000 35.000 62.000  2  862
862  3  1090.000 41.000  63.000 2  -1
863 3  1245.000 48.000 60.000  2  864
864  3  1246.000 50.000  61.000 2  -1
865 3  1180.000 67.000 84.000  2  866
866  3  1179.000 68.000  83.000 2  -1
867 3  1188.000 65.000 46.000  2  868
868  3  1189.000 65.000  45.000 2  -1
869 3  1305.000 72.000 77.000  2  870
870  3  1304.000 72.000  77.000 2  -1
871 3  1308.000 72.000 44.000  2  872
872  3  1308.000 72.000  44.000 2  -1
873 3  1246.000 52.000 66.000  2  874
874  3  1235.000 56.000  78.000 2  -1
875 3  1167.000 40.000 45.000  2  876
876  3  1167.000 41.000  45.000 2  -1
877 3  1169.000 95.000 74.000  2  878
878  3  1169.000 96.000  76.000 2  -1
879 3  1170.000 97.000 47.000  2  880
880  3  1170.000 98.000  47.000 2  -1
881 3  1247.000 55.000 80.000  2  882
882  3  1254.000 41.000  77.000 2  -1
883 3  1249.000 43.000 44.000  2  884
884  3  1249.000 43.000  43.000 2  -1
885 3  1257.000 59.000 86.000  2  886
886  3  1257.000 59.000  86.000 2  -1
887 3  1264.000 63.000 33.000  2  888
888  3  1263.000 63.000  33.000 2  -1
889 3  1270.000 72.000 87.000  2  890
890  3  1271.000 71.000  87.000 2  -1
891 3  1276.000 76.000 33.000  2  892
892  3  1276.000 76.000  33.000 2  -1
893 3  1294.000 96.000 61.000  2  894
894  3  1294.000 95.000  62.000 2  -1
895 3  1291.000 66.000 81.000  2  896
896  3  1293.000 66.000  81.000 2  -1
897 3  1297.000 65.000 40.000  2  898
898  3  1298.000 66.000  40.000 2  -1
899 3  1281.000 38.000 59.000  2  900
900  3  1281.000 39.000  59.000 2  -1
901 3  1121.000 59.000 89.000  2  902
902  3  1122.000 59.000  89.000 2  -1
903 3  1135.000 65.000 32.000  2  904
904  3  1136.000 64.000  33.000 2  -1
905 3  1253.000 41.000 76.000  2  906
906  3  1246.000 50.000  70.000 2  -1
907 3  1248.000 54.000 50.000  2  908
908  3  1249.000 52.000  51.000 2  -1
909 3  1255.000 81.000 74.000  2  910
910  3  1255.000 82.000  75.000 2  -1
911 3  1254.000 92.000 42.000  2  912
912  3  1258.000 84.000  46.000 2  -1
913 3  1121.000 38.000 51.000  2  914
914  3  1121.000 39.000  51.000 2  -1
915 3  1166.000 33.000 66.000  2  916
916  3  1166.000 35.000  66.000 2  -1
917 3  1159.000 40.000 56.000  2  918
918  3  1159.000 40.000  57.000 2  -1
919 3  1218.000 57.000 80.000  2  920
920  3  1220.000 55.000  79.000 2  -1
921 3  1210.000 50.000 40.000  2  922
922  3  1211.000 49.000  43.000 2  -1
923 3  1206.000 43.000 80.000  2  924
924  3  1206.000 43.000  80.000 2  -1
925 3  1203.000 54.000 50.000  2  926
926  3  1203.000 56.000  46.000 2  -1
927 3  1243.000 60.000 89.000  2  928
928  3  1241.000 61.000  89.000 2  -1
929 3  1248.000 63.000 33.000  2  930
930  3  1248.000 64.000  34.000 2  -1
931 3  1234.000 60.000 75.000  2  932
932  3  1249.000 55.000  78.000 2  -1
933 3  1242.000 60.000 45.000  2  934
934  3  1242.000 60.000  42.000 2  -1
935 3  1221.000 40.000 78.000  2  936
936  3  1221.000 42.000  77.000 2  -1
937 3  1221.000 42.000 46.000  2  938
938  3  1221.000 43.000  48.000 2  -1
939 3  1230.000 51.000 69.000  2  940
940  3  1230.000 50.000  69.000 2  -1
941 3  1231.000 50.000 54.000  2  942
942  3  1230.000 50.000  55.000 2  -1
943 3  1236.000 45.000 77.000  2  944
944  3  1236.000 45.000  78.000 2  -1
945 3  1232.000 51.000 40.000  2  946
946  3  1232.000 51.000  43.000 2  -1
947 3  1243.000 91.000 83.000  2  948
948  3  1243.000 90.000  83.000 2  -1
949 3  1277.000 94.000 41.000  2  950
950  3  1253.000 93.000  39.000 2  -1
951 3  313.000 71.000 75.000  2  952
952  3  315.000 72.000  76.000 2  -1
953 3  174.000 79.000 74.000  2  954
954  3  173.000 79.000  74.000 2  -1
955 3  183.000 77.000 55.000  2  956
956  3  183.000 75.000  57.000 2  -1
957 3  291.000 67.000 69.000  2  958
958  3  290.000 68.000  70.000 2  -1
959 3  1318.000 89.000 74.000  2  960
960  3  1319.000 88.000  88.000 2  -1
961 3  1318.000 89.000 45.000  2  962
962  3  1321.000 88.000  45.000 2  -1
963 3  1316.000 41.000 70.000  2  964
964  3  1316.000 43.000  72.000 2  -1
965 3  1317.000 39.000 52.000  2  966
966  3  1316.000 41.000  52.000 2  -1
967 3  1318.000 69.000 89.000  2  968
968  3  1320.000 70.000  88.000 2  -1
969 3  1323.000 71.000 34.000  2  970
970  3  1323.000 72.000  34.000 2  -1
971 3  1246.000 95.000 68.000  2  972
972  3  1245.000 96.000  70.000 2  -1
973 3  1242.000 99.000 56.000  2  974
974  3  1243.000 100.000  55.000 2  -1
975 3  1304.000 86.000 83.000  2  976
976  3  1304.000 86.000  80.000 2  -1
977 3  1309.000 87.000 41.000  2  978
978  3  1307.000 87.000  44.000 2  -1
979 3  1317.000 49.000 78.000  2  980
980  3  1318.000 50.000  79.000 2  -1
981 3  1323.000 49.000 45.000  2  982
982  3  1322.000 50.000  46.000 2  -1
983 3  972.000 79.000 89.000  2  984
984  3  972.000 79.000  89.000 2  -1
985 3  958.000 80.000 33.000  2  986
986  3  958.000 80.000  33.000 2  -1
987 3  877.000 66.000 85.000  2  988
988  3  878.000 66.000  84.000 2  -1
989 3  869.000 68.000 34.000  2  990
990  3  868.000 67.000  35.000 2  -1
991 3  749.000 68.000 88.000  2  992
992  3  750.000 68.000  89.000 2  -1
993 3  760.000 64.000 42.000  2  994
994  3  760.000 63.000  43.000 2  -1
995 3  618.000 66.000 83.000  2  996
996  3  621.000 68.000  84.000 2  -1
997 3  621.000 64.000 38.000  2  998
998  3  621.000 64.000  38.000 2  -1
999 3  492.000 72.000 80.000  2  1000
1000  3  492.000 73.000  80.000 2  -1
1001 3  486.000 67.000 40.000  2  1002
1002  3  486.000 68.000  39.000 2  -1
1003 3  401.000 75.000 85.000  2  1004
1004  3  401.000 74.000  85.000 2  -1
1005 3  410.000 68.000 39.000  2  1006
1006  3  411.000 67.000  41.000 2  -1
1007 3  307.000 88.000 69.000  2  1008
1008  3  309.000 87.000  75.000 2  -1
1009 3  310.000 80.000 53.000  2  1010
1010  3  309.000 80.000  54.000 2  -1
1011 3  1451.000 53.000 79.000  2  1012
1012  3  1449.000 52.000  80.000 2  -1
1013 3  1019.000 42.000 74.000  2  1014
1014  3  1017.000 43.000  73.000 2  -1
1015 3  984.000 42.000 69.000  2  1016
1016  3  985.000 42.000  70.000 2  -1
1017 3  877.000 49.000 75.000  2  1018
1018  3  877.000 49.000  75.000 2  -1
1019 3  837.000 45.000 74.000  2  1020
1020  3  838.000 45.000  74.000 2  -1
1021 3  747.000 49.000 81.000  2  1022
1022  3  749.000 50.000  80.000 2  -1
1023 3  713.000 52.000 72.000  2  1024
1024  3  715.000 52.000  73.000 2  -1
1025 3  622.000 52.000 74.000  2  1026
1026  3  623.000 52.000  74.000 2  -1
1027 3  508.000 51.000 68.000  2  1028
1028  3  509.000 51.000  69.000 2  -1
1029 3  402.000 53.000 73.000  2  1030
1030  3  402.000 54.000  76.000 2  -1
1031 3  226.000 60.000 72.000  2  1032
1032  3  228.000 57.000  72.000 2  -1
1033 3  1421.000 46.000 74.000  2  1034
1034  3  1421.000 46.000  75.000 2  -1
1035 3  1385.000 44.000 75.000  2  1036
1036  3  1386.000 43.000  76.000 2  -1
1037 3  1353.000 47.000 80.000  2  1038
1038  3  1347.000 45.000  82.000 2  -1
1039 3  1298.000 37.000 76.000  2  1040
1040  3  1296.000 40.000  77.000 2  -1
1041 3  1268.000 44.000 82.000  2  1042
1042  3  1268.000 44.000  81.000 2  -1
1043 3  1182.000 36.000 71.000  2  1044
1044  3  1181.000 37.000  77.000 2  -1
1045 3  1118.000 40.000 76.000  2  1046
1046  3  1120.000 39.000  78.000 2  -1
1047 3  1078.000 42.000 73.000  2  1048
1048  3  1075.000 42.000  74.000 2  -1
1049 3  1073.000 97.000 56.000  2  1050
1050  3  1072.000 99.000  56.000 2  -1
1051 3  1072.000 83.000 75.000  2  1052
1052  3  1073.000 81.000  76.000 2  -1
1053 3  1075.000 89.000 44.000  2  1054
1054  3  1074.000 89.000  41.000 2  -1
1055 3  1081.000 60.000 54.000  2  1056
1056  3  1080.000 61.000  55.000 2  -1
1057 3  1063.000 95.000 60.000  2  1058
1058  3  1064.000 96.000  62.000 2  -1
1059 3  1074.000 63.000 64.000  2  1060
1060  3  1073.000 63.000  68.000 2  -1
1061 3  1443.000 64.000 42.000  2  1062
1062  3  1443.000 50.000  42.000 2  -1
1063 3  1061.000 46.000 43.000  2  1064
1064  3  1063.000 45.000  43.000 2  -1
1065 3  989.000 46.000 48.000  2  1066
1066  3  989.000 46.000  49.000 2  -1
1067 3  916.000 47.000 48.000  2  1068
1068  3  916.000 48.000  49.000 2  -1
1069 3  865.000 47.000 46.000  2  1070
1070  3  866.000 46.000  46.000 2  -1
1071 3  797.000 49.000 52.000  2  1072
1072  3  796.000 50.000  52.000 2  -1
1073 3  738.000 52.000 52.000  2  1074
1074  3  739.000 52.000  52.000 2  -1
1075 3  664.000 51.000 50.000  2  1076
1076  3  665.000 52.000  50.000 2  -1
1077 3  567.000 54.000 50.000  2  1078
1078  3  565.000 54.000  50.000 2  -1
1079 3  499.000 52.000 49.000  2  1080
1080  3  500.000 52.000  48.000 2  -1
1081 3  412.000 53.000 52.000  2  1082
1082  3  405.000 54.000  52.000 2  -1
1083 3  1414.000 43.000 48.000  2  1084
1084  3  1413.000 43.000  48.000 2  -1
1085 3  224.000 58.000 57.000  2  1086
1086  3  225.000 57.000  58.000 2  -1
1087 3  1379.000 41.000 44.000  2  1088
1088  3  1377.000 40.000  45.000 2  -1
1089 3  1346.000 47.000 40.000  2  1090
1090  3  1346.000 47.000  40.000 2  -1
1091 3  1296.000 38.000 45.000  2  1092
1092  3  1296.000 40.000  43.000 2  -1
1093 3  1262.000 48.000 39.000  2  1094
1094  3  1263.000 47.000  38.000 2  -1
1095 3  1191.000 40.000 46.000  2  1096
1096  3  1192.000 39.000  46.000 2  -1
1097 3  1135.000 46.000 44.000  2  1098
1098  3  1136.000 47.000  43.000 2  -1
1099 3  1086.000 47.000 47.000  2  1100
1100  3  1088.000 46.000  47.000 2  -1
1101 3  1196.000 34.000 63.000  2  1102
1102  3  1193.000 34.000  65.000 2  -1
1103 3  1333.000 52.000 81.000  2  1104
1104  3  1333.000 53.000  81.000 2  -1
1105 3  1341.000 60.000 39.000  2  1106
1106  3  1340.000 62.000  37.000 2  -1
1107 3  284.000 51.000 67.000  2  1108
1108  3  284.000 50.000  67.000 2  -1
1109 3  716.000 57.000 52.000  2  1110
1110  3  715.000 59.000  52.000 2  -1
1111 3  685.000 67.000 52.000  2  1112
1112  3  691.000 60.000  54.000 2  -1
1113 3  669.000 61.000 70.000  2  1114
1114  3  670.000 61.000  73.000 2  -1
1115 3  645.000 57.000 76.000  2  1116
1116  3  645.000 58.000  75.000 2  -1
