##n,orderinfo,name,comment,z,x,y, pixmax,intensity,sdev,volsize,mass,,,, color_r,color_g,color_b
0, , ,, 31.000,1097.000,72.000, 0.000,0.000,0.000,0.000,0.000,,,,255,255,255
0, , ,, 34.000,869.000,68.000, 0.000,0.000,0.000,0.000,0.000,,,,255,255,255
0, , ,, 31.000,1054.000,76.000, 0.000,0.000,0.000,0.000,0.000,,,,255,255,255
0, , ,, 32.000,1009.000,87.000, 0.000,0.000,0.000,0.000,0.000,,,,255,255,255
0, , ,, 33.000,958.000,80.000, 0.000,0.000,0.000,0.000,0.000,,,,255,255,255
0, , ,, 33.000,1066.000,94.000, 0.000,0.000,0.000,0.000,0.000,,,,255,255,255
0, , ,, 34.000,1151.000,61.000, 0.000,0.000,0.000,0.000,0.000,,,,255,255,255
0, , ,, 32.000,1218.000,62.000, 0.000,0.000,0.000,0.000,0.000,,,,255,255,255
0, , ,, 33.000,1166.000,63.000, 0.000,0.000,0.000,0.000,0.000,,,,255,255,255
0, , ,, 32.000,1235.000,65.000, 0.000,0.000,0.000,0.000,0.000,,,,255,255,255
0, , ,, 33.000,1340.000,69.000, 0.000,0.000,0.000,0.000,0.000,,,,255,255,255
0, , ,, 33.000,1298.000,74.000, 0.000,0.000,0.000,0.000,0.000,,,,255,255,255
0, , ,, 33.000,1276.000,76.000, 0.000,0.000,0.000,0.000,0.000,,,,255,255,255
0, , ,, 36.000,1197.000,82.000, 0.000,0.000,0.000,0.000,0.000,,,,255,255,255
0, , ,, 34.000,1355.000,83.000, 0.000,0.000,0.000,0.000,0.000,,,,255,255,255
0, , ,, 35.000,1181.000,60.000, 0.000,0.000,0.000,0.000,0.000,,,,255,255,255
0, , ,, 32.000,1135.000,65.000, 0.000,0.000,0.000,0.000,0.000,,,,255,255,255
0, , ,, 33.000,1179.000,75.000, 0.000,0.000,0.000,0.000,0.000,,,,255,255,255
0, , ,, 37.000,1219.000,77.000, 0.000,0.000,0.000,0.000,0.000,,,,255,255,255
0, , ,, 39.000,1259.000,79.000, 0.000,0.000,0.000,0.000,0.000,,,,255,255,255
0, , ,, 37.000,905.000,89.000, 0.000,0.000,0.000,0.000,0.000,,,,255,255,255
0, , ,, 35.000,634.000,92.000, 0.000,0.000,0.000,0.000,0.000,,,,255,255,255
0, , ,, 26.000,955.000,120.000, 0.000,0.000,0.000,0.000,0.000,,,,255,255,255
0, , ,, 35.000,1199.000,61.000, 0.000,0.000,0.000,0.000,0.000,,,,255,255,255
0, , ,, 33.000,1264.000,63.000, 0.000,0.000,0.000,0.000,0.000,,,,255,255,255
0, , ,, 38.000,621.000,64.000, 0.000,0.000,0.000,0.000,0.000,,,,255,255,255
0, , ,, 33.000,1248.000,63.000, 0.000,0.000,0.000,0.000,0.000,,,,255,255,255
0, , ,, 31.000,1355.000,65.000, 0.000,0.000,0.000,0.000,0.000,,,,255,255,255
0, , ,, 35.000,1152.000,73.000, 0.000,0.000,0.000,0.000,0.000,,,,255,255,255
0, , ,, 34.000,1323.000,71.000, 0.000,0.000,0.000,0.000,0.000,,,,255,255,255
0, , ,, 35.000,1160.000,82.000, 0.000,0.000,0.000,0.000,0.000,,,,255,255,255
0, , ,, 37.000,693.000,87.000, 0.000,0.000,0.000,0.000,0.000,,,,255,255,255
0, , ,, 37.000,1239.000,83.000, 0.000,0.000,0.000,0.000,0.000,,,,255,255,255
0, , ,, 39.000,410.000,68.000, 0.000,0.000,0.000,0.000,0.000,,,,255,255,255
0, , ,, 35.000,1397.000,66.000, 0.000,0.000,0.000,0.000,0.000,,,,255,255,255
0, , ,, 36.000,988.000,79.000, 0.000,0.000,0.000,0.000,0.000,,,,255,255,255
0, , ,, 39.000,609.000,85.000, 0.000,0.000,0.000,0.000,0.000,,,,255,255,255
0, , ,, 43.000,533.000,79.000, 0.000,0.000,0.000,0.000,0.000,,,,255,255,255
0, , ,, 37.000,1145.000,96.000, 0.000,0.000,0.000,0.000,0.000,,,,255,255,255
0, , ,, 38.000,1311.000,57.000, 0.000,0.000,0.000,0.000,0.000,,,,255,255,255
0, , ,, 43.000,707.000,61.000, 0.000,0.000,0.000,0.000,0.000,,,,255,255,255
0, , ,, 41.000,922.000,59.000, 0.000,0.000,0.000,0.000,0.000,,,,255,255,255
0, , ,, 40.000,486.000,67.000, 0.000,0.000,0.000,0.000,0.000,,,,255,255,255
0, , ,, 41.000,1108.000,69.000, 0.000,0.000,0.000,0.000,0.000,,,,255,255,255
0, , ,, 36.000,1083.000,69.000, 0.000,0.000,0.000,0.000,0.000,,,,255,255,255
0, , ,, 36.000,1441.000,76.000, 0.000,0.000,0.000,0.000,0.000,,,,255,255,255
0, , ,, 37.000,1173.000,89.000, 0.000,0.000,0.000,0.000,0.000,,,,255,255,255
0, , ,, 35.000,1341.000,84.000, 0.000,0.000,0.000,0.000,0.000,,,,255,255,255
0, , ,, 39.000,1262.000,48.000, 0.000,0.000,0.000,0.000,0.000,,,,255,255,255
0, , ,, 44.000,578.000,60.000, 0.000,0.000,0.000,0.000,0.000,,,,255,255,255
0, , ,, 40.000,820.000,60.000, 0.000,0.000,0.000,0.000,0.000,,,,255,255,255
0, , ,, 42.000,1443.000,64.000, 0.000,0.000,0.000,0.000,0.000,,,,255,255,255
0, , ,, 40.000,1297.000,65.000, 0.000,0.000,0.000,0.000,0.000,,,,255,255,255
0, , ,, 43.000,318.000,63.000, 0.000,0.000,0.000,0.000,0.000,,,,255,255,255
0, , ,, 37.000,1489.000,72.000, 0.000,0.000,0.000,0.000,0.000,,,,255,255,255
0, , ,, 40.000,727.000,79.000, 0.000,0.000,0.000,0.000,0.000,,,,255,255,255
0, , ,, 40.000,441.000,83.000, 0.000,0.000,0.000,0.000,0.000,,,,255,255,255
0, , ,, 41.000,789.000,86.000, 0.000,0.000,0.000,0.000,0.000,,,,255,255,255
0, , ,, 40.000,1386.000,88.000, 0.000,0.000,0.000,0.000,0.000,,,,255,255,255
0, , ,, 37.000,1366.000,95.000, 0.000,0.000,0.000,0.000,0.000,,,,255,255,255
0, , ,, 38.000,1215.000,93.000, 0.000,0.000,0.000,0.000,0.000,,,,255,255,255
0, , ,, 40.000,1346.000,47.000, 0.000,0.000,0.000,0.000,0.000,,,,255,255,255
0, , ,, 40.000,1210.000,50.000, 0.000,0.000,0.000,0.000,0.000,,,,255,255,255
0, , ,, 38.000,1384.000,53.000, 0.000,0.000,0.000,0.000,0.000,,,,255,255,255
0, , ,, 38.000,1327.000,59.000, 0.000,0.000,0.000,0.000,0.000,,,,255,255,255
0, , ,, 39.000,1341.000,60.000, 0.000,0.000,0.000,0.000,0.000,,,,255,255,255
0, , ,, 39.000,1424.000,59.000, 0.000,0.000,0.000,0.000,0.000,,,,255,255,255
0, , ,, 42.000,760.000,64.000, 0.000,0.000,0.000,0.000,0.000,,,,255,255,255
0, , ,, 41.000,670.000,64.000, 0.000,0.000,0.000,0.000,0.000,,,,255,255,255
0, , ,, 39.000,1422.000,82.000, 0.000,0.000,0.000,0.000,0.000,,,,255,255,255
0, , ,, 42.000,1254.000,92.000, 0.000,0.000,0.000,0.000,0.000,,,,255,255,255
0, , ,, 41.000,1105.000,92.000, 0.000,0.000,0.000,0.000,0.000,,,,255,255,255
0, , ,, 41.000,1277.000,94.000, 0.000,0.000,0.000,0.000,0.000,,,,255,255,255
0, , ,, 40.000,1339.000,99.000, 0.000,0.000,0.000,0.000,0.000,,,,255,255,255
0, , ,, 38.000,1184.000,96.000, 0.000,0.000,0.000,0.000,0.000,,,,255,255,255
0, , ,, 43.000,1061.000,46.000, 0.000,0.000,0.000,0.000,0.000,,,,255,255,255
0, , ,, 43.000,1111.000,45.000, 0.000,0.000,0.000,0.000,0.000,,,,255,255,255
0, , ,, 46.000,1449.000,51.000, 0.000,0.000,0.000,0.000,0.000,,,,255,255,255
0, , ,, 42.000,1291.000,52.000, 0.000,0.000,0.000,0.000,0.000,,,,255,255,255
0, , ,, 40.000,1409.000,57.000, 0.000,0.000,0.000,0.000,0.000,,,,255,255,255
0, , ,, 37.000,1370.000,62.000, 0.000,0.000,0.000,0.000,0.000,,,,255,255,255
0, , ,, 43.000,1171.000,70.000, 0.000,0.000,0.000,0.000,0.000,,,,255,255,255
0, , ,, 46.000,294.000,75.000, 0.000,0.000,0.000,0.000,0.000,,,,255,255,255
0, , ,, 43.000,1332.000,85.000, 0.000,0.000,0.000,0.000,0.000,,,,255,255,255
0, , ,, 42.000,825.000,96.000, 0.000,0.000,0.000,0.000,0.000,,,,255,255,255
0, , ,, 44.000,524.000,104.000, 0.000,0.000,0.000,0.000,0.000,,,,255,255,255
0, , ,, 44.000,1135.000,46.000, 0.000,0.000,0.000,0.000,0.000,,,,255,255,255
0, , ,, 45.000,1158.000,56.000, 0.000,0.000,0.000,0.000,0.000,,,,255,255,255
0, , ,, 40.000,1232.000,51.000, 0.000,0.000,0.000,0.000,0.000,,,,255,255,255
0, , ,, 44.000,459.000,55.000, 0.000,0.000,0.000,0.000,0.000,,,,255,255,255
0, , ,, 45.000,350.000,61.000, 0.000,0.000,0.000,0.000,0.000,,,,255,255,255
0, , ,, 42.000,1361.000,76.000, 0.000,0.000,0.000,0.000,0.000,,,,255,255,255
0, , ,, 43.000,1324.000,75.000, 0.000,0.000,0.000,0.000,0.000,,,,255,255,255
0, , ,, 42.000,1294.000,84.000, 0.000,0.000,0.000,0.000,0.000,,,,255,255,255
0, , ,, 42.000,1404.000,86.000, 0.000,0.000,0.000,0.000,0.000,,,,255,255,255
0, , ,, 43.000,1460.000,85.000, 0.000,0.000,0.000,0.000,0.000,,,,255,255,255
0, , ,, 45.000,1005.000,105.000, 0.000,0.000,0.000,0.000,0.000,,,,255,255,255
0, , ,, 44.000,1091.000,111.000, 0.000,0.000,0.000,0.000,0.000,,,,255,255,255
0, , ,, 39.000,1094.000,34.000, 0.000,0.000,0.000,0.000,0.000,,,,255,255,255
0, , ,, 44.000,1249.000,43.000, 0.000,0.000,0.000,0.000,0.000,,,,255,255,255
0, , ,, 46.000,865.000,47.000, 0.000,0.000,0.000,0.000,0.000,,,,255,255,255
0, , ,, 44.000,962.000,53.000, 0.000,0.000,0.000,0.000,0.000,,,,255,255,255
0, , ,, 41.000,1176.000,52.000, 0.000,0.000,0.000,0.000,0.000,,,,255,255,255
0, , ,, 44.000,1398.000,50.000, 0.000,0.000,0.000,0.000,0.000,,,,255,255,255
0, , ,, 48.000,277.000,69.000, 0.000,0.000,0.000,0.000,0.000,,,,255,255,255
0, , ,, 48.000,258.000,70.000, 0.000,0.000,0.000,0.000,0.000,,,,255,255,255
0, , ,, 44.000,1248.000,71.000, 0.000,0.000,0.000,0.000,0.000,,,,255,255,255
0, , ,, 46.000,1227.000,86.000, 0.000,0.000,0.000,0.000,0.000,,,,255,255,255
0, , ,, 41.000,1309.000,87.000, 0.000,0.000,0.000,0.000,0.000,,,,255,255,255
0, , ,, 47.000,387.000,96.000, 0.000,0.000,0.000,0.000,0.000,,,,255,255,255
0, , ,, 46.000,608.000,104.000, 0.000,0.000,0.000,0.000,0.000,,,,255,255,255
0, , ,, 43.000,1054.000,109.000, 0.000,0.000,0.000,0.000,0.000,,,,255,255,255
0, , ,, 45.000,1167.000,40.000, 0.000,0.000,0.000,0.000,0.000,,,,255,255,255
0, , ,, 45.000,1323.000,49.000, 0.000,0.000,0.000,0.000,0.000,,,,255,255,255
0, , ,, 49.000,1023.000,58.000, 0.000,0.000,0.000,0.000,0.000,,,,255,255,255
0, , ,, 44.000,1308.000,72.000, 0.000,0.000,0.000,0.000,0.000,,,,255,255,255
0, , ,, 45.000,1133.000,69.000, 0.000,0.000,0.000,0.000,0.000,,,,255,255,255
0, , ,, 44.000,1075.000,89.000, 0.000,0.000,0.000,0.000,0.000,,,,255,255,255
0, , ,, 44.000,1183.000,82.000, 0.000,0.000,0.000,0.000,0.000,,,,255,255,255
0, , ,, 46.000,262.000,83.000, 0.000,0.000,0.000,0.000,0.000,,,,255,255,255
0, , ,, 45.000,1199.000,94.000, 0.000,0.000,0.000,0.000,0.000,,,,255,255,255
0, , ,, 51.000,954.000,105.000, 0.000,0.000,0.000,0.000,0.000,,,,255,255,255
0, , ,, 46.000,663.000,106.000, 0.000,0.000,0.000,0.000,0.000,,,,255,255,255
0, , ,, 45.000,901.000,108.000, 0.000,0.000,0.000,0.000,0.000,,,,255,255,255
0, , ,, 46.000,1191.000,40.000, 0.000,0.000,0.000,0.000,0.000,,,,255,255,255
0, , ,, 44.000,1379.000,41.000, 0.000,0.000,0.000,0.000,0.000,,,,255,255,255
0, , ,, 46.000,1221.000,42.000, 0.000,0.000,0.000,0.000,0.000,,,,255,255,255
0, , ,, 47.000,1086.000,47.000, 0.000,0.000,0.000,0.000,0.000,,,,255,255,255
0, , ,, 45.000,1242.000,60.000, 0.000,0.000,0.000,0.000,0.000,,,,255,255,255
0, , ,, 45.000,1352.000,63.000, 0.000,0.000,0.000,0.000,0.000,,,,255,255,255
0, , ,, 46.000,1188.000,65.000, 0.000,0.000,0.000,0.000,0.000,,,,255,255,255
0, , ,, 53.000,310.000,80.000, 0.000,0.000,0.000,0.000,0.000,,,,255,255,255
0, , ,, 47.000,798.000,104.000, 0.000,0.000,0.000,0.000,0.000,,,,255,255,255
0, , ,, 45.000,1296.000,38.000, 0.000,0.000,0.000,0.000,0.000,,,,255,255,255
0, , ,, 44.000,1332.000,43.000, 0.000,0.000,0.000,0.000,0.000,,,,255,255,255
0, , ,, 48.000,1414.000,43.000, 0.000,0.000,0.000,0.000,0.000,,,,255,255,255
0, , ,, 48.000,989.000,46.000, 0.000,0.000,0.000,0.000,0.000,,,,255,255,255
0, , ,, 48.000,916.000,47.000, 0.000,0.000,0.000,0.000,0.000,,,,255,255,255
0, , ,, 47.000,1307.000,45.000, 0.000,0.000,0.000,0.000,0.000,,,,255,255,255
0, , ,, 49.000,499.000,52.000, 0.000,0.000,0.000,0.000,0.000,,,,255,255,255
0, , ,, 50.000,664.000,51.000, 0.000,0.000,0.000,0.000,0.000,,,,255,255,255
0, , ,, 49.000,1419.000,69.000, 0.000,0.000,0.000,0.000,0.000,,,,255,255,255
0, , ,, 46.000,1204.000,70.000, 0.000,0.000,0.000,0.000,0.000,,,,255,255,255
0, , ,, 50.000,246.000,69.000, 0.000,0.000,0.000,0.000,0.000,,,,255,255,255
0, , ,, 48.000,252.000,84.000, 0.000,0.000,0.000,0.000,0.000,,,,255,255,255
0, , ,, 50.000,278.000,87.000, 0.000,0.000,0.000,0.000,0.000,,,,255,255,255
0, , ,, 50.000,1374.000,86.000, 0.000,0.000,0.000,0.000,0.000,,,,255,255,255
0, , ,, 57.000,484.000,93.000, 0.000,0.000,0.000,0.000,0.000,,,,255,255,255
0, , ,, 45.000,1318.000,89.000, 0.000,0.000,0.000,0.000,0.000,,,,255,255,255
0, , ,, 49.000,444.000,97.000, 0.000,0.000,0.000,0.000,0.000,,,,255,255,255
0, , ,, 48.000,1437.000,94.000, 0.000,0.000,0.000,0.000,0.000,,,,255,255,255
0, , ,, 46.000,1242.000,90.000, 0.000,0.000,0.000,0.000,0.000,,,,255,255,255
0, , ,, 49.000,861.000,109.000, 0.000,0.000,0.000,0.000,0.000,,,,255,255,255
0, , ,, 50.000,567.000,54.000, 0.000,0.000,0.000,0.000,0.000,,,,255,255,255
0, , ,, 47.000,1459.000,63.000, 0.000,0.000,0.000,0.000,0.000,,,,255,255,255
0, , ,, 47.000,1229.000,67.000, 0.000,0.000,0.000,0.000,0.000,,,,255,255,255
0, , ,, 52.000,233.000,69.000, 0.000,0.000,0.000,0.000,0.000,,,,255,255,255
0, , ,, 46.000,1386.000,75.000, 0.000,0.000,0.000,0.000,0.000,,,,255,255,255
0, , ,, 46.000,1149.000,72.000, 0.000,0.000,0.000,0.000,0.000,,,,255,255,255
0, , ,, 51.000,237.000,85.000, 0.000,0.000,0.000,0.000,0.000,,,,255,255,255
0, , ,, 47.000,1170.000,97.000, 0.000,0.000,0.000,0.000,0.000,,,,255,255,255
0, , ,, 47.000,1257.000,103.000, 0.000,0.000,0.000,0.000,0.000,,,,255,255,255
0, , ,, 49.000,1292.000,101.000, 0.000,0.000,0.000,0.000,0.000,,,,255,255,255
0, , ,, 52.000,738.000,52.000, 0.000,0.000,0.000,0.000,0.000,,,,255,255,255
0, , ,, 52.000,716.000,57.000, 0.000,0.000,0.000,0.000,0.000,,,,255,255,255
0, , ,, 52.000,412.000,53.000, 0.000,0.000,0.000,0.000,0.000,,,,255,255,255
0, , ,, 52.000,398.000,54.000, 0.000,0.000,0.000,0.000,0.000,,,,255,255,255
0, , ,, 46.000,1259.000,64.000, 0.000,0.000,0.000,0.000,0.000,,,,255,255,255
0, , ,, 47.000,1429.000,60.000, 0.000,0.000,0.000,0.000,0.000,,,,255,255,255
0, , ,, 58.000,639.000,66.000, 0.000,0.000,0.000,0.000,0.000,,,,255,255,255
0, , ,, 52.000,685.000,67.000, 0.000,0.000,0.000,0.000,0.000,,,,255,255,255
0, , ,, 47.000,1500.000,64.000, 0.000,0.000,0.000,0.000,0.000,,,,255,255,255
0, , ,, 49.000,1370.000,66.000, 0.000,0.000,0.000,0.000,0.000,,,,255,255,255
0, , ,, 49.000,1142.000,90.000, 0.000,0.000,0.000,0.000,0.000,,,,255,255,255
0, , ,, 54.000,256.000,90.000, 0.000,0.000,0.000,0.000,0.000,,,,255,255,255
0, , ,, 47.000,1408.000,101.000, 0.000,0.000,0.000,0.000,0.000,,,,255,255,255
0, , ,, 49.000,1393.000,100.000, 0.000,0.000,0.000,0.000,0.000,,,,255,255,255
0, , ,, 49.000,1127.000,101.000, 0.000,0.000,0.000,0.000,0.000,,,,255,255,255
0, , ,, 51.000,1146.000,39.000, 0.000,0.000,0.000,0.000,0.000,,,,255,255,255
0, , ,, 51.000,946.000,48.000, 0.000,0.000,0.000,0.000,0.000,,,,255,255,255
0, , ,, 52.000,797.000,49.000, 0.000,0.000,0.000,0.000,0.000,,,,255,255,255
0, , ,, 62.000,890.000,56.000, 0.000,0.000,0.000,0.000,0.000,,,,255,255,255
0, , ,, 49.000,1365.000,55.000, 0.000,0.000,0.000,0.000,0.000,,,,255,255,255
0, , ,, 50.000,1218.000,59.000, 0.000,0.000,0.000,0.000,0.000,,,,255,255,255
0, , ,, 55.000,692.000,56.000, 0.000,0.000,0.000,0.000,0.000,,,,255,255,255
0, , ,, 52.000,1177.000,51.000, 0.000,0.000,0.000,0.000,0.000,,,,255,255,255
0, , ,, 47.000,1480.000,63.000, 0.000,0.000,0.000,0.000,0.000,,,,255,255,255
0, , ,, 49.000,1532.000,61.000, 0.000,0.000,0.000,0.000,0.000,,,,255,255,255
0, , ,, 52.000,1387.000,57.000, 0.000,0.000,0.000,0.000,0.000,,,,255,255,255
0, , ,, 59.000,542.000,66.000, 0.000,0.000,0.000,0.000,0.000,,,,255,255,255
0, , ,, 60.000,595.000,95.000, 0.000,0.000,0.000,0.000,0.000,,,,255,255,255
0, , ,, 50.000,978.000,112.000, 0.000,0.000,0.000,0.000,0.000,,,,255,255,255
0, , ,, 45.000,1097.000,31.000, 0.000,0.000,0.000,0.000,0.000,,,,255,255,255
0, , ,, 51.000,1121.000,38.000, 0.000,0.000,0.000,0.000,0.000,,,,255,255,255
0, , ,, 50.000,1203.000,54.000, 0.000,0.000,0.000,0.000,0.000,,,,255,255,255
0, , ,, 51.000,1262.000,55.000, 0.000,0.000,0.000,0.000,0.000,,,,255,255,255
0, , ,, 55.000,294.000,59.000, 0.000,0.000,0.000,0.000,0.000,,,,255,255,255
0, , ,, 52.000,1098.000,59.000, 0.000,0.000,0.000,0.000,0.000,,,,255,255,255
0, , ,, 50.000,1397.000,66.000, 0.000,0.000,0.000,0.000,0.000,,,,255,255,255
0, , ,, 55.000,183.000,77.000, 0.000,0.000,0.000,0.000,0.000,,,,255,255,255
0, , ,, 50.000,1210.000,84.000, 0.000,0.000,0.000,0.000,0.000,,,,255,255,255
0, , ,, 62.000,396.000,86.000, 0.000,0.000,0.000,0.000,0.000,,,,255,255,255
0, , ,, 51.000,1302.000,90.000, 0.000,0.000,0.000,0.000,0.000,,,,255,255,255
0, , ,, 49.000,1469.000,96.000, 0.000,0.000,0.000,0.000,0.000,,,,255,255,255
0, , ,, 53.000,1089.000,97.000, 0.000,0.000,0.000,0.000,0.000,,,,255,255,255
0, , ,, 50.000,1325.000,99.000, 0.000,0.000,0.000,0.000,0.000,,,,255,255,255
0, , ,, 52.000,1317.000,39.000, 0.000,0.000,0.000,0.000,0.000,,,,255,255,255
0, , ,, 54.000,309.000,60.000, 0.000,0.000,0.000,0.000,0.000,,,,255,255,255
0, , ,, 54.000,263.000,61.000, 0.000,0.000,0.000,0.000,0.000,,,,255,255,255
0, , ,, 56.000,190.000,69.000, 0.000,0.000,0.000,0.000,0.000,,,,255,255,255
0, , ,, 55.000,213.000,71.000, 0.000,0.000,0.000,0.000,0.000,,,,255,255,255
0, , ,, 51.000,1157.000,78.000, 0.000,0.000,0.000,0.000,0.000,,,,255,255,255
0, , ,, 54.000,1173.000,83.000, 0.000,0.000,0.000,0.000,0.000,,,,255,255,255
0, , ,, 53.000,1224.000,102.000, 0.000,0.000,0.000,0.000,0.000,,,,255,255,255
0, , ,, 56.000,1073.000,97.000, 0.000,0.000,0.000,0.000,0.000,,,,255,255,255
0, , ,, 53.000,1067.000,114.000, 0.000,0.000,0.000,0.000,0.000,,,,255,255,255
0, , ,, 50.000,1248.000,54.000, 0.000,0.000,0.000,0.000,0.000,,,,255,255,255
0, , ,, 54.000,1081.000,60.000, 0.000,0.000,0.000,0.000,0.000,,,,255,255,255
0, , ,, 56.000,220.000,82.000, 0.000,0.000,0.000,0.000,0.000,,,,255,255,255
0, , ,, 51.000,1351.000,91.000, 0.000,0.000,0.000,0.000,0.000,,,,255,255,255
0, , ,, 62.000,742.000,99.000, 0.000,0.000,0.000,0.000,0.000,,,,255,255,255
0, , ,, 55.000,1203.000,102.000, 0.000,0.000,0.000,0.000,0.000,,,,255,255,255
0, , ,, 54.000,1297.000,40.000, 0.000,0.000,0.000,0.000,0.000,,,,255,255,255
0, , ,, 54.000,1431.000,42.000, 0.000,0.000,0.000,0.000,0.000,,,,255,255,255
0, , ,, 52.000,1454.000,43.000, 0.000,0.000,0.000,0.000,0.000,,,,255,255,255
0, , ,, 54.000,1482.000,44.000, 0.000,0.000,0.000,0.000,0.000,,,,255,255,255
0, , ,, 58.000,330.000,55.000, 0.000,0.000,0.000,0.000,0.000,,,,255,255,255
0, , ,, 53.000,1327.000,58.000, 0.000,0.000,0.000,0.000,0.000,,,,255,255,255
0, , ,, 65.000,444.000,59.000, 0.000,0.000,0.000,0.000,0.000,,,,255,255,255
0, , ,, 57.000,224.000,58.000, 0.000,0.000,0.000,0.000,0.000,,,,255,255,255
0, , ,, 59.000,203.000,64.000, 0.000,0.000,0.000,0.000,0.000,,,,255,255,255
0, , ,, 59.000,1414.000,83.000, 0.000,0.000,0.000,0.000,0.000,,,,255,255,255
0, , ,, 53.000,1262.000,89.000, 0.000,0.000,0.000,0.000,0.000,,,,255,255,255
0, , ,, 61.000,824.000,97.000, 0.000,0.000,0.000,0.000,0.000,,,,255,255,255
0, , ,, 56.000,1158.000,94.000, 0.000,0.000,0.000,0.000,0.000,,,,255,255,255
0, , ,, 60.000,1063.000,95.000, 0.000,0.000,0.000,0.000,0.000,,,,255,255,255
0, , ,, 54.000,1186.000,96.000, 0.000,0.000,0.000,0.000,0.000,,,,255,255,255
0, , ,, 57.000,762.000,108.000, 0.000,0.000,0.000,0.000,0.000,,,,255,255,255
0, , ,, 55.000,1171.000,110.000, 0.000,0.000,0.000,0.000,0.000,,,,255,255,255
0, , ,, 56.000,1152.000,113.000, 0.000,0.000,0.000,0.000,0.000,,,,255,255,255
0, , ,, 56.000,1159.000,40.000, 0.000,0.000,0.000,0.000,0.000,,,,255,255,255
0, , ,, 54.000,1231.000,50.000, 0.000,0.000,0.000,0.000,0.000,,,,255,255,255
0, , ,, 58.000,1378.000,56.000, 0.000,0.000,0.000,0.000,0.000,,,,255,255,255
0, , ,, 63.000,354.000,58.000, 0.000,0.000,0.000,0.000,0.000,,,,255,255,255
0, , ,, 58.000,1141.000,55.000, 0.000,0.000,0.000,0.000,0.000,,,,255,255,255
0, , ,, 61.000,57.000,72.000, 0.000,0.000,0.000,0.000,0.000,,,,255,255,255
0, , ,, 56.000,1505.000,99.000, 0.000,0.000,0.000,0.000,0.000,,,,255,255,255
0, , ,, 56.000,1242.000,99.000, 0.000,0.000,0.000,0.000,0.000,,,,255,255,255
0, , ,, 59.000,1281.000,38.000, 0.000,0.000,0.000,0.000,0.000,,,,255,255,255
0, , ,, 56.000,1340.000,40.000, 0.000,0.000,0.000,0.000,0.000,,,,255,255,255
0, , ,, 60.000,1352.000,39.000, 0.000,0.000,0.000,0.000,0.000,,,,255,255,255
0, , ,, 56.000,1502.000,47.000, 0.000,0.000,0.000,0.000,0.000,,,,255,255,255
0, , ,, 66.000,1185.000,54.000, 0.000,0.000,0.000,0.000,0.000,,,,255,255,255
0, , ,, 61.000,1174.000,62.000, 0.000,0.000,0.000,0.000,0.000,,,,255,255,255
0, , ,, 62.000,95.000,70.000, 0.000,0.000,0.000,0.000,0.000,,,,255,255,255
0, , ,, 63.000,154.000,81.000, 0.000,0.000,0.000,0.000,0.000,,,,255,255,255
0, , ,, 56.000,1352.000,94.000, 0.000,0.000,0.000,0.000,0.000,,,,255,255,255
0, , ,, 61.000,1376.000,39.000, 0.000,0.000,0.000,0.000,0.000,,,,255,255,255
0, , ,, 59.000,1132.000,35.000, 0.000,0.000,0.000,0.000,0.000,,,,255,255,255
0, , ,, 57.000,1174.000,38.000, 0.000,0.000,0.000,0.000,0.000,,,,255,255,255
0, , ,, 57.000,1326.000,41.000, 0.000,0.000,0.000,0.000,0.000,,,,255,255,255
0, , ,, 59.000,1549.000,46.000, 0.000,0.000,0.000,0.000,0.000,,,,255,255,255
0, , ,, 62.000,545.000,46.000, 0.000,0.000,0.000,0.000,0.000,,,,255,255,255
0, , ,, 57.000,1212.000,50.000, 0.000,0.000,0.000,0.000,0.000,,,,255,255,255
0, , ,, 62.000,1154.000,60.000, 0.000,0.000,0.000,0.000,0.000,,,,255,255,255
0, , ,, 64.000,1074.000,63.000, 0.000,0.000,0.000,0.000,0.000,,,,255,255,255
0, , ,, 63.000,82.000,77.000, 0.000,0.000,0.000,0.000,0.000,,,,255,255,255
0, , ,, 57.000,1518.000,89.000, 0.000,0.000,0.000,0.000,0.000,,,,255,255,255
0, , ,, 62.000,281.000,94.000, 0.000,0.000,0.000,0.000,0.000,,,,255,255,255
0, , ,, 64.000,900.000,102.000, 0.000,0.000,0.000,0.000,0.000,,,,255,255,255
0, , ,, 63.000,977.000,112.000, 0.000,0.000,0.000,0.000,0.000,,,,255,255,255
0, , ,, 62.000,1107.000,35.000, 0.000,0.000,0.000,0.000,0.000,,,,255,255,255
0, , ,, 62.000,1237.000,34.000, 0.000,0.000,0.000,0.000,0.000,,,,255,255,255
0, , ,, 62.000,1033.000,38.000, 0.000,0.000,0.000,0.000,0.000,,,,255,255,255
0, , ,, 60.000,1074.000,39.000, 0.000,0.000,0.000,0.000,0.000,,,,255,255,255
0, , ,, 60.000,1467.000,40.000, 0.000,0.000,0.000,0.000,0.000,,,,255,255,255
0, , ,, 68.000,958.000,52.000, 0.000,0.000,0.000,0.000,0.000,,,,255,255,255
0, , ,, 66.000,791.000,55.000, 0.000,0.000,0.000,0.000,0.000,,,,255,255,255
0, , ,, 70.000,669.000,61.000, 0.000,0.000,0.000,0.000,0.000,,,,255,255,255
0, , ,, 60.000,1334.000,91.000, 0.000,0.000,0.000,0.000,0.000,,,,255,255,255
0, , ,, 57.000,1315.000,91.000, 0.000,0.000,0.000,0.000,0.000,,,,255,255,255
0, , ,, 57.000,1492.000,89.000, 0.000,0.000,0.000,0.000,0.000,,,,255,255,255
0, , ,, 58.000,1368.000,94.000, 0.000,0.000,0.000,0.000,0.000,,,,255,255,255
0, , ,, 61.000,1455.000,100.000, 0.000,0.000,0.000,0.000,0.000,,,,255,255,255
0, , ,, 60.000,1486.000,103.000, 0.000,0.000,0.000,0.000,0.000,,,,255,255,255
0, , ,, 61.000,1275.000,105.000, 0.000,0.000,0.000,0.000,0.000,,,,255,255,255
0, , ,, 60.000,1355.000,108.000, 0.000,0.000,0.000,0.000,0.000,,,,255,255,255
0, , ,, 63.000,887.000,40.000, 0.000,0.000,0.000,0.000,0.000,,,,255,255,255
0, , ,, 67.000,1011.000,42.000, 0.000,0.000,0.000,0.000,0.000,,,,255,255,255
0, , ,, 65.000,174.000,60.000, 0.000,0.000,0.000,0.000,0.000,,,,255,255,255
0, , ,, 66.000,128.000,69.000, 0.000,0.000,0.000,0.000,0.000,,,,255,255,255
0, , ,, 67.000,152.000,66.000, 0.000,0.000,0.000,0.000,0.000,,,,255,255,255
0, , ,, 62.000,1314.000,75.000, 0.000,0.000,0.000,0.000,0.000,,,,255,255,255
0, , ,, 65.000,271.000,75.000, 0.000,0.000,0.000,0.000,0.000,,,,255,255,255
0, , ,, 65.000,233.000,85.000, 0.000,0.000,0.000,0.000,0.000,,,,255,255,255
0, , ,, 65.000,252.000,81.000, 0.000,0.000,0.000,0.000,0.000,,,,255,255,255
0, , ,, 61.000,1433.000,89.000, 0.000,0.000,0.000,0.000,0.000,,,,255,255,255
0, , ,, 61.000,1570.000,86.000, 0.000,0.000,0.000,0.000,0.000,,,,255,255,255
0, , ,, 58.000,1475.000,89.000, 0.000,0.000,0.000,0.000,0.000,,,,255,255,255
0, , ,, 63.000,1196.000,34.000, 0.000,0.000,0.000,0.000,0.000,,,,255,255,255
0, , ,, 63.000,1219.000,37.000, 0.000,0.000,0.000,0.000,0.000,,,,255,255,255
0, , ,, 63.000,1308.000,40.000, 0.000,0.000,0.000,0.000,0.000,,,,255,255,255
0, , ,, 63.000,969.000,40.000, 0.000,0.000,0.000,0.000,0.000,,,,255,255,255
0, , ,, 64.000,689.000,41.000, 0.000,0.000,0.000,0.000,0.000,,,,255,255,255
0, , ,, 64.000,609.000,43.000, 0.000,0.000,0.000,0.000,0.000,,,,255,255,255
0, , ,, 65.000,438.000,45.000, 0.000,0.000,0.000,0.000,0.000,,,,255,255,255
0, , ,, 64.000,1115.000,52.000, 0.000,0.000,0.000,0.000,0.000,,,,255,255,255
0, , ,, 68.000,508.000,51.000, 0.000,0.000,0.000,0.000,0.000,,,,255,255,255
0, , ,, 66.000,254.000,57.000, 0.000,0.000,0.000,0.000,0.000,,,,255,255,255
0, , ,, 66.000,239.000,67.000, 0.000,0.000,0.000,0.000,0.000,,,,255,255,255
0, , ,, 63.000,1086.000,64.000, 0.000,0.000,0.000,0.000,0.000,,,,255,255,255
0, , ,, 69.000,212.000,72.000, 0.000,0.000,0.000,0.000,0.000,,,,255,255,255
0, , ,, 63.000,1205.000,83.000, 0.000,0.000,0.000,0.000,0.000,,,,255,255,255
0, , ,, 66.000,202.000,86.000, 0.000,0.000,0.000,0.000,0.000,,,,255,255,255
0, , ,, 61.000,1391.000,93.000, 0.000,0.000,0.000,0.000,0.000,,,,255,255,255
0, , ,, 69.000,307.000,88.000, 0.000,0.000,0.000,0.000,0.000,,,,255,255,255
0, , ,, 68.000,371.000,97.000, 0.000,0.000,0.000,0.000,0.000,,,,255,255,255
0, , ,, 63.000,1255.000,105.000, 0.000,0.000,0.000,0.000,0.000,,,,255,255,255
0, , ,, 66.000,465.000,45.000, 0.000,0.000,0.000,0.000,0.000,,,,255,255,255
0, , ,, 60.000,1245.000,48.000, 0.000,0.000,0.000,0.000,0.000,,,,255,255,255
0, , ,, 63.000,1520.000,46.000, 0.000,0.000,0.000,0.000,0.000,,,,255,255,255
0, , ,, 67.000,284.000,51.000, 0.000,0.000,0.000,0.000,0.000,,,,255,255,255
0, , ,, 69.000,291.000,67.000, 0.000,0.000,0.000,0.000,0.000,,,,255,255,255
0, , ,, 60.000,1462.000,86.000, 0.000,0.000,0.000,0.000,0.000,,,,255,255,255
0, , ,, 63.000,1452.000,85.000, 0.000,0.000,0.000,0.000,0.000,,,,255,255,255
0, , ,, 71.000,334.000,90.000, 0.000,0.000,0.000,0.000,0.000,,,,255,255,255
0, , ,, 70.000,1005.000,98.000, 0.000,0.000,0.000,0.000,0.000,,,,255,255,255
0, , ,, 61.000,1294.000,96.000, 0.000,0.000,0.000,0.000,0.000,,,,255,255,255
0, , ,, 63.000,1523.000,98.000, 0.000,0.000,0.000,0.000,0.000,,,,255,255,255
0, , ,, 61.000,1408.000,101.000, 0.000,0.000,0.000,0.000,0.000,,,,255,255,255
0, , ,, 65.000,1317.000,99.000, 0.000,0.000,0.000,0.000,0.000,,,,255,255,255
0, , ,, 64.000,1127.000,105.000, 0.000,0.000,0.000,0.000,0.000,,,,255,255,255
0, , ,, 66.000,1166.000,33.000, 0.000,0.000,0.000,0.000,0.000,,,,255,255,255
0, , ,, 65.000,1090.000,41.000, 0.000,0.000,0.000,0.000,0.000,,,,255,255,255
0, , ,, 65.000,920.000,40.000, 0.000,0.000,0.000,0.000,0.000,,,,255,255,255
0, , ,, 66.000,571.000,46.000, 0.000,0.000,0.000,0.000,0.000,,,,255,255,255
0, , ,, 67.000,415.000,48.000, 0.000,0.000,0.000,0.000,0.000,,,,255,255,255
0, , ,, 65.000,1452.000,57.000, 0.000,0.000,0.000,0.000,0.000,,,,255,255,255
0, , ,, 64.000,1102.000,106.000, 0.000,0.000,0.000,0.000,0.000,,,,255,255,255
0, , ,, 66.000,846.000,108.000, 0.000,0.000,0.000,0.000,0.000,,,,255,255,255
0, , ,, 64.000,1234.000,112.000, 0.000,0.000,0.000,0.000,0.000,,,,255,255,255
0, , ,, 65.000,1151.000,36.000, 0.000,0.000,0.000,0.000,0.000,,,,255,255,255
0, , ,, 71.000,1182.000,36.000, 0.000,0.000,0.000,0.000,0.000,,,,255,255,255
0, , ,, 64.000,1430.000,37.000, 0.000,0.000,0.000,0.000,0.000,,,,255,255,255
0, , ,, 69.000,745.000,42.000, 0.000,0.000,0.000,0.000,0.000,,,,255,255,255
0, , ,, 69.000,984.000,42.000, 0.000,0.000,0.000,0.000,0.000,,,,255,255,255
0, , ,, 65.000,1493.000,45.000, 0.000,0.000,0.000,0.000,0.000,,,,255,255,255
0, , ,, 66.000,1246.000,52.000, 0.000,0.000,0.000,0.000,0.000,,,,255,255,255
0, , ,, 64.000,1577.000,49.000, 0.000,0.000,0.000,0.000,0.000,,,,255,255,255
0, , ,, 66.000,1147.000,99.000, 0.000,0.000,0.000,0.000,0.000,,,,255,255,255
0, , ,, 69.000,481.000,100.000, 0.000,0.000,0.000,0.000,0.000,,,,255,255,255
0, , ,, 65.000,1216.000,111.000, 0.000,0.000,0.000,0.000,0.000,,,,255,255,255
0, , ,, 68.000,808.000,40.000, 0.000,0.000,0.000,0.000,0.000,,,,255,255,255
0, , ,, 67.000,729.000,51.000, 0.000,0.000,0.000,0.000,0.000,,,,255,255,255
0, , ,, 66.000,1167.000,47.000, 0.000,0.000,0.000,0.000,0.000,,,,255,255,255
0, , ,, 65.000,1443.000,78.000, 0.000,0.000,0.000,0.000,0.000,,,,255,255,255
0, , ,, 65.000,731.000,81.000, 0.000,0.000,0.000,0.000,0.000,,,,255,255,255
0, , ,, 66.000,1348.000,89.000, 0.000,0.000,0.000,0.000,0.000,,,,255,255,255
0, , ,, 70.000,424.000,99.000, 0.000,0.000,0.000,0.000,0.000,,,,255,255,255
0, , ,, 65.000,1437.000,99.000, 0.000,0.000,0.000,0.000,0.000,,,,255,255,255
0, , ,, 69.000,570.000,107.000, 0.000,0.000,0.000,0.000,0.000,,,,255,255,255
0, , ,, 69.000,649.000,107.000, 0.000,0.000,0.000,0.000,0.000,,,,255,255,255
0, , ,, 69.000,718.000,109.000, 0.000,0.000,0.000,0.000,0.000,,,,255,255,255
0, , ,, 66.000,1118.000,37.000, 0.000,0.000,0.000,0.000,0.000,,,,255,255,255
0, , ,, 70.000,782.000,40.000, 0.000,0.000,0.000,0.000,0.000,,,,255,255,255
0, , ,, 66.000,1447.000,42.000, 0.000,0.000,0.000,0.000,0.000,,,,255,255,255
0, , ,, 69.000,1358.000,55.000, 0.000,0.000,0.000,0.000,0.000,,,,255,255,255
0, , ,, 72.000,226.000,60.000, 0.000,0.000,0.000,0.000,0.000,,,,255,255,255
0, , ,, 70.000,308.000,60.000, 0.000,0.000,0.000,0.000,0.000,,,,255,255,255
0, , ,, 65.000,1459.000,77.000, 0.000,0.000,0.000,0.000,0.000,,,,255,255,255
0, , ,, 74.000,694.000,83.000, 0.000,0.000,0.000,0.000,0.000,,,,255,255,255
0, , ,, 71.000,270.000,89.000, 0.000,0.000,0.000,0.000,0.000,,,,255,255,255
0, , ,, 69.000,1206.000,101.000, 0.000,0.000,0.000,0.000,0.000,,,,255,255,255
0, , ,, 67.000,1420.000,98.000, 0.000,0.000,0.000,0.000,0.000,,,,255,255,255
0, , ,, 70.000,1165.000,107.000, 0.000,0.000,0.000,0.000,0.000,,,,255,255,255
0, , ,, 69.000,1137.000,36.000, 0.000,0.000,0.000,0.000,0.000,,,,255,255,255
0, , ,, 62.000,1411.000,45.000, 0.000,0.000,0.000,0.000,0.000,,,,255,255,255
0, , ,, 68.000,1294.000,40.000, 0.000,0.000,0.000,0.000,0.000,,,,255,255,255
0, , ,, 73.000,402.000,53.000, 0.000,0.000,0.000,0.000,0.000,,,,255,255,255
0, , ,, 72.000,713.000,52.000, 0.000,0.000,0.000,0.000,0.000,,,,255,255,255
0, , ,, 69.000,1259.000,56.000, 0.000,0.000,0.000,0.000,0.000,,,,255,255,255
0, , ,, 69.000,1214.000,52.000, 0.000,0.000,0.000,0.000,0.000,,,,255,255,255
0, , ,, 68.000,1381.000,60.000, 0.000,0.000,0.000,0.000,0.000,,,,255,255,255
0, , ,, 72.000,196.000,65.000, 0.000,0.000,0.000,0.000,0.000,,,,255,255,255
0, , ,, 74.000,174.000,79.000, 0.000,0.000,0.000,0.000,0.000,,,,255,255,255
0, , ,, 63.000,1198.000,76.000, 0.000,0.000,0.000,0.000,0.000,,,,255,255,255
0, , ,, 72.000,116.000,80.000, 0.000,0.000,0.000,0.000,0.000,,,,255,255,255
0, , ,, 69.000,1298.000,88.000, 0.000,0.000,0.000,0.000,0.000,,,,255,255,255
0, , ,, 68.000,1263.000,87.000, 0.000,0.000,0.000,0.000,0.000,,,,255,255,255
0, , ,, 68.000,1379.000,87.000, 0.000,0.000,0.000,0.000,0.000,,,,255,255,255
0, , ,, 70.000,1226.000,94.000, 0.000,0.000,0.000,0.000,0.000,,,,255,255,255
0, , ,, 68.000,1246.000,95.000, 0.000,0.000,0.000,0.000,0.000,,,,255,255,255
0, , ,, 64.000,1122.000,27.000, 0.000,0.000,0.000,0.000,0.000,,,,255,255,255
0, , ,, 68.000,1473.000,43.000, 0.000,0.000,0.000,0.000,0.000,,,,255,255,255
0, , ,, 69.000,1096.000,55.000, 0.000,0.000,0.000,0.000,0.000,,,,255,255,255
0, , ,, 73.000,297.000,57.000, 0.000,0.000,0.000,0.000,0.000,,,,255,255,255
0, , ,, 72.000,324.000,55.000, 0.000,0.000,0.000,0.000,0.000,,,,255,255,255
0, , ,, 69.000,1324.000,58.000, 0.000,0.000,0.000,0.000,0.000,,,,255,255,255
0, , ,, 72.000,1415.000,68.000, 0.000,0.000,0.000,0.000,0.000,,,,255,255,255
0, , ,, 67.000,1485.000,94.000, 0.000,0.000,0.000,0.000,0.000,,,,255,255,255
0, , ,, 70.000,1316.000,41.000, 0.000,0.000,0.000,0.000,0.000,,,,255,255,255
0, , ,, 72.000,1330.000,41.000, 0.000,0.000,0.000,0.000,0.000,,,,255,255,255
0, , ,, 69.000,1230.000,51.000, 0.000,0.000,0.000,0.000,0.000,,,,255,255,255
0, , ,, 73.000,1078.000,42.000, 0.000,0.000,0.000,0.000,0.000,,,,255,255,255
0, , ,, 74.000,622.000,52.000, 0.000,0.000,0.000,0.000,0.000,,,,255,255,255
0, , ,, 70.000,1398.000,64.000, 0.000,0.000,0.000,0.000,0.000,,,,255,255,255
0, , ,, 69.000,1498.000,62.000, 0.000,0.000,0.000,0.000,0.000,,,,255,255,255
0, , ,, 69.000,1525.000,63.000, 0.000,0.000,0.000,0.000,0.000,,,,255,255,255
0, , ,, 70.000,1366.000,68.000, 0.000,0.000,0.000,0.000,0.000,,,,255,255,255
0, , ,, 75.000,313.000,71.000, 0.000,0.000,0.000,0.000,0.000,,,,255,255,255
0, , ,, 69.000,1312.000,87.000, 0.000,0.000,0.000,0.000,0.000,,,,255,255,255
0, , ,, 74.000,219.000,82.000, 0.000,0.000,0.000,0.000,0.000,,,,255,255,255
0, , ,, 71.000,1187.000,95.000, 0.000,0.000,0.000,0.000,0.000,,,,255,255,255
0, , ,, 71.000,1072.000,110.000, 0.000,0.000,0.000,0.000,0.000,,,,255,255,255
0, , ,, 74.000,837.000,45.000, 0.000,0.000,0.000,0.000,0.000,,,,255,255,255
0, , ,, 74.000,1421.000,46.000, 0.000,0.000,0.000,0.000,0.000,,,,255,255,255
0, , ,, 76.000,645.000,57.000, 0.000,0.000,0.000,0.000,0.000,,,,255,255,255
0, , ,, 73.000,1199.000,54.000, 0.000,0.000,0.000,0.000,0.000,,,,255,255,255
0, , ,, 74.000,1129.000,65.000, 0.000,0.000,0.000,0.000,0.000,,,,255,255,255
0, , ,, 74.000,1155.000,74.000, 0.000,0.000,0.000,0.000,0.000,,,,255,255,255
0, , ,, 72.000,1177.000,75.000, 0.000,0.000,0.000,0.000,0.000,,,,255,255,255
0, , ,, 79.000,523.000,80.000, 0.000,0.000,0.000,0.000,0.000,,,,255,255,255
0, , ,, 78.000,1349.000,94.000, 0.000,0.000,0.000,0.000,0.000,,,,255,255,255
0, , ,, 73.000,1394.000,98.000, 0.000,0.000,0.000,0.000,0.000,,,,255,255,255
0, , ,, 72.000,1292.000,102.000, 0.000,0.000,0.000,0.000,0.000,,,,255,255,255
0, , ,, 75.000,1060.000,106.000, 0.000,0.000,0.000,0.000,0.000,,,,255,255,255
0, , ,, 74.000,1019.000,42.000, 0.000,0.000,0.000,0.000,0.000,,,,255,255,255
0, , ,, 75.000,1385.000,44.000, 0.000,0.000,0.000,0.000,0.000,,,,255,255,255
0, , ,, 75.000,1150.000,44.000, 0.000,0.000,0.000,0.000,0.000,,,,255,255,255
0, , ,, 75.000,877.000,49.000, 0.000,0.000,0.000,0.000,0.000,,,,255,255,255
0, , ,, 74.000,1304.000,51.000, 0.000,0.000,0.000,0.000,0.000,,,,255,255,255
0, , ,, 77.000,1024.000,57.000, 0.000,0.000,0.000,0.000,0.000,,,,255,255,255
0, , ,, 72.000,1482.000,61.000, 0.000,0.000,0.000,0.000,0.000,,,,255,255,255
0, , ,, 73.000,1433.000,62.000, 0.000,0.000,0.000,0.000,0.000,,,,255,255,255
0, , ,, 72.000,1462.000,61.000, 0.000,0.000,0.000,0.000,0.000,,,,255,255,255
0, , ,, 78.000,265.000,65.000, 0.000,0.000,0.000,0.000,0.000,,,,255,255,255
0, , ,, 73.000,1258.000,65.000, 0.000,0.000,0.000,0.000,0.000,,,,255,255,255
0, , ,, 73.000,1382.000,72.000, 0.000,0.000,0.000,0.000,0.000,,,,255,255,255
0, , ,, 80.000,492.000,72.000, 0.000,0.000,0.000,0.000,0.000,,,,255,255,255
0, , ,, 77.000,298.000,76.000, 0.000,0.000,0.000,0.000,0.000,,,,255,255,255
0, , ,, 73.000,1171.000,84.000, 0.000,0.000,0.000,0.000,0.000,,,,255,255,255
0, , ,, 73.000,1237.000,84.000, 0.000,0.000,0.000,0.000,0.000,,,,255,255,255
0, , ,, 72.000,1210.000,86.000, 0.000,0.000,0.000,0.000,0.000,,,,255,255,255
0, , ,, 70.000,1462.000,93.000, 0.000,0.000,0.000,0.000,0.000,,,,255,255,255
0, , ,, 69.000,1355.000,96.000, 0.000,0.000,0.000,0.000,0.000,,,,255,255,255
0, , ,, 74.000,1094.000,95.000, 0.000,0.000,0.000,0.000,0.000,,,,255,255,255
0, , ,, 71.000,1282.000,98.000, 0.000,0.000,0.000,0.000,0.000,,,,255,255,255
0, , ,, 77.000,782.000,105.000, 0.000,0.000,0.000,0.000,0.000,,,,255,255,255
0, , ,, 74.000,911.000,108.000, 0.000,0.000,0.000,0.000,0.000,,,,255,255,255
0, , ,, 77.000,1132.000,111.000, 0.000,0.000,0.000,0.000,0.000,,,,255,255,255
0, , ,, 73.000,1067.000,39.000, 0.000,0.000,0.000,0.000,0.000,,,,255,255,255
0, , ,, 76.000,1253.000,41.000, 0.000,0.000,0.000,0.000,0.000,,,,255,255,255
0, , ,, 75.000,1343.000,45.000, 0.000,0.000,0.000,0.000,0.000,,,,255,255,255
0, , ,, 79.000,720.000,59.000, 0.000,0.000,0.000,0.000,0.000,,,,255,255,255
0, , ,, 75.000,1234.000,60.000, 0.000,0.000,0.000,0.000,0.000,,,,255,255,255
0, , ,, 77.000,1107.000,60.000, 0.000,0.000,0.000,0.000,0.000,,,,255,255,255
0, , ,, 74.000,1147.000,66.000, 0.000,0.000,0.000,0.000,0.000,,,,255,255,255
0, , ,, 78.000,231.000,73.000, 0.000,0.000,0.000,0.000,0.000,,,,255,255,255
0, , ,, 77.000,1357.000,76.000, 0.000,0.000,0.000,0.000,0.000,,,,255,255,255
0, , ,, 75.000,1072.000,83.000, 0.000,0.000,0.000,0.000,0.000,,,,255,255,255
0, , ,, 74.000,1255.000,81.000, 0.000,0.000,0.000,0.000,0.000,,,,255,255,255
0, , ,, 73.000,1366.000,86.000, 0.000,0.000,0.000,0.000,0.000,,,,255,255,255
0, , ,, 69.000,1190.000,81.000, 0.000,0.000,0.000,0.000,0.000,,,,255,255,255
0, , ,, 72.000,1157.000,92.000, 0.000,0.000,0.000,0.000,0.000,,,,255,255,255
0, , ,, 81.000,582.000,92.000, 0.000,0.000,0.000,0.000,0.000,,,,255,255,255
0, , ,, 74.000,1169.000,95.000, 0.000,0.000,0.000,0.000,0.000,,,,255,255,255
0, , ,, 76.000,1298.000,37.000, 0.000,0.000,0.000,0.000,0.000,,,,255,255,255
0, , ,, 76.000,1118.000,40.000, 0.000,0.000,0.000,0.000,0.000,,,,255,255,255
0, , ,, 77.000,1236.000,45.000, 0.000,0.000,0.000,0.000,0.000,,,,255,255,255
0, , ,, 76.000,1399.000,51.000, 0.000,0.000,0.000,0.000,0.000,,,,255,255,255
0, , ,, 78.000,1317.000,49.000, 0.000,0.000,0.000,0.000,0.000,,,,255,255,255
0, , ,, 75.000,1348.000,63.000, 0.000,0.000,0.000,0.000,0.000,,,,255,255,255
0, , ,, 76.000,1225.000,70.000, 0.000,0.000,0.000,0.000,0.000,,,,255,255,255
0, , ,, 77.000,1305.000,72.000, 0.000,0.000,0.000,0.000,0.000,,,,255,255,255
0, , ,, 79.000,255.000,73.000, 0.000,0.000,0.000,0.000,0.000,,,,255,255,255
0, , ,, 80.000,279.000,73.000, 0.000,0.000,0.000,0.000,0.000,,,,255,255,255
0, , ,, 78.000,240.000,80.000, 0.000,0.000,0.000,0.000,0.000,,,,255,255,255
0, , ,, 72.000,1397.000,78.000, 0.000,0.000,0.000,0.000,0.000,,,,255,255,255
0, , ,, 74.000,1318.000,89.000, 0.000,0.000,0.000,0.000,0.000,,,,255,255,255
0, , ,, 82.000,449.000,85.000, 0.000,0.000,0.000,0.000,0.000,,,,255,255,255
0, , ,, 81.000,851.000,92.000, 0.000,0.000,0.000,0.000,0.000,,,,255,255,255
0, , ,, 76.000,1437.000,92.000, 0.000,0.000,0.000,0.000,0.000,,,,255,255,255
0, , ,, 80.000,265.000,86.000, 0.000,0.000,0.000,0.000,0.000,,,,255,255,255
0, , ,, 76.000,1125.000,95.000, 0.000,0.000,0.000,0.000,0.000,,,,255,255,255
0, , ,, 77.000,834.000,99.000, 0.000,0.000,0.000,0.000,0.000,,,,255,255,255
0, , ,, 76.000,1259.000,98.000, 0.000,0.000,0.000,0.000,0.000,,,,255,255,255
0, , ,, 69.000,1459.000,119.000, 0.000,0.000,0.000,0.000,0.000,,,,255,255,255
0, , ,, 78.000,1221.000,40.000, 0.000,0.000,0.000,0.000,0.000,,,,255,255,255
0, , ,, 80.000,1206.000,43.000, 0.000,0.000,0.000,0.000,0.000,,,,255,255,255
0, , ,, 79.000,1451.000,53.000, 0.000,0.000,0.000,0.000,0.000,,,,255,255,255
0, , ,, 78.000,1091.000,49.000, 0.000,0.000,0.000,0.000,0.000,,,,255,255,255
0, , ,, 79.000,1289.000,50.000, 0.000,0.000,0.000,0.000,0.000,,,,255,255,255
0, , ,, 76.000,1364.000,62.000, 0.000,0.000,0.000,0.000,0.000,,,,255,255,255
0, , ,, 80.000,367.000,64.000, 0.000,0.000,0.000,0.000,0.000,,,,255,255,255
0, , ,, 77.000,1243.000,69.000, 0.000,0.000,0.000,0.000,0.000,,,,255,255,255
0, , ,, 78.000,1138.000,85.000, 0.000,0.000,0.000,0.000,0.000,,,,255,255,255
0, , ,, 79.000,1462.000,86.000, 0.000,0.000,0.000,0.000,0.000,,,,255,255,255
0, , ,, 80.000,1331.000,91.000, 0.000,0.000,0.000,0.000,0.000,,,,255,255,255
0, , ,, 78.000,1116.000,111.000, 0.000,0.000,0.000,0.000,0.000,,,,255,255,255
0, , ,, 70.000,1414.000,138.000, 0.000,0.000,0.000,0.000,0.000,,,,255,255,255
0, , ,, 81.000,747.000,49.000, 0.000,0.000,0.000,0.000,0.000,,,,255,255,255
0, , ,, 77.000,197.000,51.000, 0.000,0.000,0.000,0.000,0.000,,,,255,255,255
0, , ,, 82.000,326.000,63.000, 0.000,0.000,0.000,0.000,0.000,,,,255,255,255
0, , ,, 80.000,1197.000,73.000, 0.000,0.000,0.000,0.000,0.000,,,,255,255,255
0, , ,, 78.000,1322.000,74.000, 0.000,0.000,0.000,0.000,0.000,,,,255,255,255
0, , ,, 81.000,1104.000,84.000, 0.000,0.000,0.000,0.000,0.000,,,,255,255,255
0, , ,, 80.000,1178.000,84.000, 0.000,0.000,0.000,0.000,0.000,,,,255,255,255
0, , ,, 83.000,464.000,88.000, 0.000,0.000,0.000,0.000,0.000,,,,255,255,255
0, , ,, 81.000,1333.000,52.000, 0.000,0.000,0.000,0.000,0.000,,,,255,255,255
0, , ,, 81.000,1162.000,49.000, 0.000,0.000,0.000,0.000,0.000,,,,255,255,255
0, , ,, 80.000,1218.000,57.000, 0.000,0.000,0.000,0.000,0.000,,,,255,255,255
0, , ,, 83.000,618.000,66.000, 0.000,0.000,0.000,0.000,0.000,,,,255,255,255
0, , ,, 80.000,1247.000,55.000, 0.000,0.000,0.000,0.000,0.000,,,,255,255,255
0, , ,, 81.000,1291.000,66.000, 0.000,0.000,0.000,0.000,0.000,,,,255,255,255
0, , ,, 80.000,1498.000,71.000, 0.000,0.000,0.000,0.000,0.000,,,,255,255,255
0, , ,, 80.000,1288.000,83.000, 0.000,0.000,0.000,0.000,0.000,,,,255,255,255
0, , ,, 80.000,1402.000,84.000, 0.000,0.000,0.000,0.000,0.000,,,,255,255,255
0, , ,, 81.000,1419.000,82.000, 0.000,0.000,0.000,0.000,0.000,,,,255,255,255
0, , ,, 81.000,1277.000,92.000, 0.000,0.000,0.000,0.000,0.000,,,,255,255,255
0, , ,, 84.000,724.000,95.000, 0.000,0.000,0.000,0.000,0.000,,,,255,255,255
0, , ,, 76.000,960.000,34.000, 0.000,0.000,0.000,0.000,0.000,,,,255,255,255
0, , ,, 82.000,1268.000,44.000, 0.000,0.000,0.000,0.000,0.000,,,,255,255,255
0, , ,, 80.000,1353.000,47.000, 0.000,0.000,0.000,0.000,0.000,,,,255,255,255
0, , ,, 83.000,1306.000,59.000, 0.000,0.000,0.000,0.000,0.000,,,,255,255,255
0, , ,, 85.000,1060.000,90.000, 0.000,0.000,0.000,0.000,0.000,,,,255,255,255
0, , ,, 86.000,932.000,91.000, 0.000,0.000,0.000,0.000,0.000,,,,255,255,255
0, , ,, 82.000,1078.000,98.000, 0.000,0.000,0.000,0.000,0.000,,,,255,255,255
0, , ,, 82.000,1406.000,58.000, 0.000,0.000,0.000,0.000,0.000,,,,255,255,255
0, , ,, 85.000,459.000,60.000, 0.000,0.000,0.000,0.000,0.000,,,,255,255,255
0, , ,, 82.000,1323.000,60.000, 0.000,0.000,0.000,0.000,0.000,,,,255,255,255
0, , ,, 84.000,1164.000,66.000, 0.000,0.000,0.000,0.000,0.000,,,,255,255,255
0, , ,, 85.000,401.000,75.000, 0.000,0.000,0.000,0.000,0.000,,,,255,255,255
0, , ,, 84.000,652.000,72.000, 0.000,0.000,0.000,0.000,0.000,,,,255,255,255
0, , ,, 86.000,1209.000,72.000, 0.000,0.000,0.000,0.000,0.000,,,,255,255,255
0, , ,, 83.000,1384.000,83.000, 0.000,0.000,0.000,0.000,0.000,,,,255,255,255
0, , ,, 85.000,595.000,89.000, 0.000,0.000,0.000,0.000,0.000,,,,255,255,255
0, , ,, 82.000,1193.000,93.000, 0.000,0.000,0.000,0.000,0.000,,,,255,255,255
0, , ,, 83.000,1380.000,56.000, 0.000,0.000,0.000,0.000,0.000,,,,255,255,255
0, , ,, 82.000,1423.000,60.000, 0.000,0.000,0.000,0.000,0.000,,,,255,255,255
0, , ,, 85.000,877.000,66.000, 0.000,0.000,0.000,0.000,0.000,,,,255,255,255
0, , ,, 87.000,1086.000,68.000, 0.000,0.000,0.000,0.000,0.000,,,,255,255,255
0, , ,, 85.000,693.000,66.000, 0.000,0.000,0.000,0.000,0.000,,,,255,255,255
0, , ,, 84.000,1180.000,67.000, 0.000,0.000,0.000,0.000,0.000,,,,255,255,255
0, , ,, 86.000,567.000,65.000, 0.000,0.000,0.000,0.000,0.000,,,,255,255,255
0, , ,, 88.000,749.000,68.000, 0.000,0.000,0.000,0.000,0.000,,,,255,255,255
0, , ,, 85.000,683.000,84.000, 0.000,0.000,0.000,0.000,0.000,,,,255,255,255
0, , ,, 84.000,1222.000,87.000, 0.000,0.000,0.000,0.000,0.000,,,,255,255,255
0, , ,, 83.000,1304.000,86.000, 0.000,0.000,0.000,0.000,0.000,,,,255,255,255
0, , ,, 83.000,1243.000,91.000, 0.000,0.000,0.000,0.000,0.000,,,,255,255,255
0, , ,, 85.000,1205.000,92.000, 0.000,0.000,0.000,0.000,0.000,,,,255,255,255
0, , ,, 83.000,1372.000,89.000, 0.000,0.000,0.000,0.000,0.000,,,,255,255,255
0, , ,, 83.000,1344.000,47.000, 0.000,0.000,0.000,0.000,0.000,,,,255,255,255
0, , ,, 85.000,1398.000,69.000, 0.000,0.000,0.000,0.000,0.000,,,,255,255,255
0, , ,, 83.000,1439.000,78.000, 0.000,0.000,0.000,0.000,0.000,,,,255,255,255
0, , ,, 80.000,468.000,119.000, 0.000,0.000,0.000,0.000,0.000,,,,255,255,255
0, , ,, 86.000,1257.000,59.000, 0.000,0.000,0.000,0.000,0.000,,,,255,255,255
0, , ,, 87.000,1152.000,59.000, 0.000,0.000,0.000,0.000,0.000,,,,255,255,255
0, , ,, 87.000,1336.000,65.000, 0.000,0.000,0.000,0.000,0.000,,,,255,255,255
0, , ,, 87.000,1270.000,72.000, 0.000,0.000,0.000,0.000,0.000,,,,255,255,255
0, , ,, 85.000,1451.000,71.000, 0.000,0.000,0.000,0.000,0.000,,,,255,255,255
0, , ,, 87.000,1007.000,78.000, 0.000,0.000,0.000,0.000,0.000,,,,255,255,255
0, , ,, 86.000,1337.000,82.000, 0.000,0.000,0.000,0.000,0.000,,,,255,255,255
0, , ,, 85.000,1162.000,89.000, 0.000,0.000,0.000,0.000,0.000,,,,255,255,255
0, , ,, 85.000,1175.000,96.000, 0.000,0.000,0.000,0.000,0.000,,,,255,255,255
0, , ,, 88.000,1138.000,54.000, 0.000,0.000,0.000,0.000,0.000,,,,255,255,255
0, , ,, 89.000,825.000,63.000, 0.000,0.000,0.000,0.000,0.000,,,,255,255,255
0, , ,, 89.000,1192.000,58.000, 0.000,0.000,0.000,0.000,0.000,,,,255,255,255
0, , ,, 87.000,1371.000,65.000, 0.000,0.000,0.000,0.000,0.000,,,,255,255,255
0, , ,, 87.000,1233.000,76.000, 0.000,0.000,0.000,0.000,0.000,,,,255,255,255
0, , ,, 89.000,1047.000,75.000, 0.000,0.000,0.000,0.000,0.000,,,,255,255,255
0, , ,, 89.000,972.000,79.000, 0.000,0.000,0.000,0.000,0.000,,,,255,255,255
0, , ,, 87.000,1135.000,91.000, 0.000,0.000,0.000,0.000,0.000,,,,255,255,255
0, , ,, 89.000,1121.000,59.000, 0.000,0.000,0.000,0.000,0.000,,,,255,255,255
0, , ,, 89.000,922.000,62.000, 0.000,0.000,0.000,0.000,0.000,,,,255,255,255
0, , ,, 89.000,1208.000,56.000, 0.000,0.000,0.000,0.000,0.000,,,,255,255,255
0, , ,, 90.000,1284.000,63.000, 0.000,0.000,0.000,0.000,0.000,,,,255,255,255
0, , ,, 90.000,1225.000,62.000, 0.000,0.000,0.000,0.000,0.000,,,,255,255,255
0, , ,, 89.000,1253.000,74.000, 0.000,0.000,0.000,0.000,0.000,,,,255,255,255
0, , ,, 90.000,1185.000,79.000, 0.000,0.000,0.000,0.000,0.000,,,,255,255,255
0, , ,, 81.000,1325.000,139.000, 0.000,0.000,0.000,0.000,0.000,,,,255,255,255
0, , ,, 89.000,1169.000,55.000, 0.000,0.000,0.000,0.000,0.000,,,,255,255,255
0, , ,, 89.000,1353.000,65.000, 0.000,0.000,0.000,0.000,0.000,,,,255,255,255
0, , ,, 89.000,1243.000,60.000, 0.000,0.000,0.000,0.000,0.000,,,,255,255,255
0, , ,, 90.000,1139.000,69.000, 0.000,0.000,0.000,0.000,0.000,,,,255,255,255
0, , ,, 89.000,1318.000,69.000, 0.000,0.000,0.000,0.000,0.000,,,,255,255,255
0, , ,, 89.000,1358.000,83.000, 0.000,0.000,0.000,0.000,0.000,,,,255,255,255
0, , ,, 90.000,1150.000,79.000, 0.000,0.000,0.000,0.000,0.000,,,,255,255,255
0, , ,, 88.000,1319.000,86.000, 0.000,0.000,0.000,0.000,0.000,,,,255,255,255
0, , ,, 92.000,1166.000,74.000, 0.000,0.000,0.000,0.000,0.000,,,,255,255,255
0, , ,, 98.000,1269.000,52.000, 0.000,0.000,0.000,0.000,0.000,,,,255,255,255
