0,0,*NOUSE*,*NOUSE*,0,0,0,0.00,0.00,0.00,0,0,0.0000
1,1,*NOUSE*,*NOUSE*,0,0,0,0.00,0.00,0.00,0,0,0.0000
2,2,*NOUSE*,*NOUSE*,0,0,0,0.00,0.00,0.00,0,0,0.0000
3,3,*NOUSE*,*NOUSE*,0,0,0,0.00,0.00,0.00,0,0,0.0000
4,4,*NOUSE*,*NOUSE*,0,0,0,0.00,0.00,0.00,0,0,0.0000
5,5,*NOUSE*,*NOUSE*,0,0,0,0.00,0.00,0.00,0,0,0.0000
6,6,*NOUSE*,*NOUSE*,0,0,0,0.00,0.00,0.00,0,0,0.0000
9,9,*NOUSE*,*NOUSE*,0,0,0,0.00,0.00,0.00,0,0,0.0000
10,10,*NOUSE*,*NOUSE*,0,0,0,0.00,0.00,0.00,0,0,0.0000
11,11,*NOUSE*,*NOUSE*,0,0,0,0.00,0.00,0.00,0,0,0.0000
12,12,*NOUSE*,*NOUSE*,0,0,0,0.00,0.00,0.00,0,0,0.0000
13,13,*NOUSE*,*NOUSE*,0,0,0,0.00,0.00,0.00,0,0,0.0000
14,14,H2L,*AUTO*,34,1283,73,139.00,58.28,29.38,3603,209997,0.9577
15,15,*NOUSE*,*NOUSE*,0,0,0,0.00,0.00,0.00,0,0,0.0000
16,16,*NOUSE*,*NOUSE*,0,0,0,0.00,0.00,0.00,0,0,0.0000
17,17,*NOUSE*,*NOUSE*,0,0,0,0.00,0.00,0.00,0,0,0.0000
18,18,*NOUSE*,*NOUSE*,0,0,0,0.00,0.00,0.00,0,0,0.0000
19,19,BDUL,*AUTO*,33,1087,80,142.00,44.76,29.39,3526,157841,0.9966
20,20,*NOUSE*,*NOUSE*,0,0,0,0.00,0.00,0.00,0,0,0.0000
21,21,HYP7ABLD,*AUTO*,32,1157,58,85.00,33.56,15.18,1648,55306,0.9844
22,22,*NOUSE*,*NOUSE*,0,0,0,0.00,0.00,0.00,0,0,0.0000
23,23,RMDVL,*AUTO*,35,1342,71,163.00,56.29,34.83,3451,194251,0.9967
24,24,*NOUSE*,*NOUSE*,0,0,0,0.00,0.00,0.00,0,0,0.0000
25,25,ADESHL,*FIX*,34,1185,75,155.00,49.60,29.54,3677,182365,10.0000
26,26,*NOUSE*,*NOUSE*,0,0,0,0.00,0.00,0.00,0,0,0.0000
27,27,*NOUSE*,*NOUSE*,0,0,0,0.00,0.00,0.00,0,0,0.0000
28,28,H0L,*AUTO*,34,1470,78,132.00,48.69,25.17,4157,202400,0.9965
29,29,*NOUSE*,*NOUSE*,0,0,0,0.00,0.00,0.00,0,0,0.0000
30,30,AINL,*AUTO*,38,1224,72,188.00,65.54,37.41,3787,248215,0.9977
31,31,AWCL,*AUTO*,35,1301,80,162.00,64.04,37.00,3575,228941,0.9980
32,32,HYP7ABLV,*AUTO*,32,1132,85,67.00,29.19,11.83,2848,83125,0.9968
33,33,RMDL,*AUTO*,35,1330,86,207.00,76.79,46.58,2862,219787,0.9953
34,34,*NOUSE*,*NOUSE*,0,0,0,0.00,0.00,0.00,0,0,0.0000
35,35,*NOUSE*,*NOUSE*,0,0,0,0.00,0.00,0.00,0,0,0.0000
36,36,*NOUSE*,*NOUSE*,0,0,0,0.00,0.00,0.00,0,0,0.0000
37,37,HYP7LC1,*AUTO*,34,1008,60,69.00,24.96,10.83,4412,110116,0.9992
38,38,*NOUSE*,*NOUSE*,0,0,0,0.00,0.00,0.00,0,0,0.0000
39,39,*NOUSE*,*NOUSE*,0,0,0,0.00,0.00,0.00,0,0,0.0000
40,40,AUAL,*AUTO*,35,1283,90,197.00,65.65,38.56,3284,215602,0.9969
41,41,RMGL,*AUTO*,37,1192,89,169.00,57.03,35.34,3433,195792,0.9992
42,42,*NOUSE*,*NOUSE*,0,0,0,0.00,0.00,0.00,0,0,0.0000
43,43,HYP1L,*AUTO*,38,1469,62,162.00,55.65,36.39,4227,235246,0.9983
44,44,*NOUSE*,*NOUSE*,0,0,0,0.00,0.00,0.00,0,0,0.0000
45,45,*NOUSE*,*NOUSE*,0,0,0,0.00,0.00,0.00,0,0,0.0000
46,46,*NOUSE*,*NOUSE*,0,0,0,0.00,0.00,0.00,0,0,0.0000
47,47,*NOUSE*,*NOUSE*,0,0,0,0.00,0.00,0.00,0,0,0.0000
48,48,CANL,*AUTO*,36,765,72,92.00,31.12,16.39,3764,117122,0.9993
49,49,HYP2L,*AUTO*,36,1509,75,123.00,47.88,26.49,3913,187342,0.9963
50,50,*NOUSE*,*NOUSE*,0,0,0,0.00,0.00,0.00,0,0,0.0000
51,51,V2L,*AUTO*,34,935,81,72.00,26.08,11.57,4173,108849,0.9994
52,52,XXXL,*AUTO*,37,1423,85,182.00,63.77,39.15,3231,206049,0.9984
53,53,P3/4L,*AUTO*,34,891,87,69.00,28.80,11.93,3931,113201,0.9979
54,54,*NOUSE*,*NOUSE*,0,0,0,0.00,0.00,0.00,0,0,0.0000
55,55,*NOUSE*,*NOUSE*,0,0,0,0.00,0.00,0.00,0,0,0.0000
56,56,*NOUSE*,*NOUSE*,0,0,0,0.00,0.00,0.00,0,0,0.0000
57,57,*NOUSE*,*NOUSE*,0,0,0,0.00,0.00,0.00,0,0,0.0000
58,58,*NOUSE*,*NOUSE*,0,0,0,0.00,0.00,0.00,0,0,0.0000
59,59,*NOUSE*,*NOUSE*,0,0,0,0.00,0.00,0.00,0,0,0.0000
60,60,*NOUSE*,*NOUSE*,0,0,0,0.00,0.00,0.00,0,0,0.0000
61,61,ASJL,*AUTO*,36,1266,89,150.00,62.43,28.77,2950,184181,0.9984
62,62,RICL,*AUTO*,37,1240,91,196.00,67.47,40.08,2840,191619,0.9972
63,63,*NOUSE*,*NOUSE*,0,0,0,0.00,0.00,0.00,0,0,0.0000
64,64,*NOUSE*,*NOUSE*,0,0,0,0.00,0.00,0.00,0,0,0.0000
65,65,ALML,*AUTO*,40,877,49,123.00,36.76,24.19,4867,178887,0.9998
66,66,CEPSODL,*AUTO*,39,1413,54,190.00,65.94,39.79,4294,283144,0.9988
67,67,*NOUSE*,*NOUSE*,0,0,0,0.00,0.00,0.00,0,0,0.0000
68,68,*NOUSE*,*NOUSE*,0,0,0,0.00,0.00,0.00,0,0,0.0000
69,69,*NOUSE*,*NOUSE*,35,1240,60,167.00,66.15,39.89,110,7277,0.0000
70,70,*NOUSE*,*NOUSE*,0,0,0,0.00,0.00,0.00,0,0,0.0000
71,71,RMEL,*AUTO*,39,1362,70,185.00,63.97,42.89,3507,224350,0.9952
72,72,*NOUSE*,*NOUSE*,0,0,0,0.00,0.00,0.00,0,0,0.0000
73,73,*NOUSE*,*NOUSE*,0,0,0,0.00,0.00,0.00,0,0,0.0000
74,74,FLPL,*AUTO*,39,1226,88,165.00,66.36,36.73,2894,192039,0.9978
75,75,*NOUSE*,*NOUSE*,0,0,0,0.00,0.00,0.00,0,0,0.0000
76,76,*NOUSE*,*NOUSE*,0,0,0,0.00,0.00,0.00,0,0,0.0000
77,77,*NOUSE*,*NOUSE*,0,0,0,0.00,0.00,0.00,0,0,0.0000
78,78,HSNL,*AUTO*,37,720,90,92.00,37.38,19.37,3395,126909,0.9992
79,79,*NOUSE*,*NOUSE*,0,0,0,0.00,0.00,0.00,0,0,0.0000
80,80,*NOUSE*,*NOUSE*,0,0,0,0.00,0.00,0.00,0,0,0.0000
81,81,*NOUSE*,*NOUSE*,0,0,0,0.00,0.00,0.00,0,0,0.0000
82,82,ARCADL,*AUTO*,38,1527,78,136.00,50.03,27.98,3445,172340,0.9977
83,83,ILSOL,*AUTO*,40,1479,89,163.00,59.17,34.16,3110,184007,0.9931
84,84,PM7VL,*AUTO*,41,1151,88,120.00,44.70,25.89,3872,173087,0.9945
85,85,*NOUSE*,*NOUSE*,0,0,0,0.00,0.00,0.00,0,0,0.0000
86,86,GLRL,*AUTO*,45,1324,83,232.00,97.69,51.55,2350,229567,0.9962
87,87,*NOUSE*,*NOUSE*,0,0,0,0.00,0.00,0.00,0,0,0.0000
88,88,*NOUSE*,*NOUSE*,0,0,0,0.00,0.00,0.00,0,0,0.0000
89,89,CEPSHDL,*AUTO*,39,1356,55,177.00,55.93,34.04,4242,237274,0.9922
90,90,*NOUSE*,*NOUSE*,0,0,0,0.00,0.00,0.00,0,0,0.0000
91,91,*NOUSE*,*NOUSE*,0,0,0,0.00,0.00,0.00,0,0,0.0000
92,92,*NOUSE*,*NOUSE*,0,0,0,0.00,0.00,0.00,0,0,0.0000
93,93,*NOUSE*,*NOUSE*,0,0,0,0.00,0.00,0.00,0,0,0.0000
94,94,*NOUSE*,*NOUSE*,0,0,0,0.00,0.00,0.00,0,0,0.0000
95,95,URYVL,*AUTO*,40,1390,87,195.00,61.29,38.88,3047,186762,0.9999
96,96,*NOUSE*,*NOUSE*,0,0,0,0.00,0.00,0.00,0,0,0.0000
97,97,VL10,*AUTO*,40,1111,107,134.00,42.18,25.93,4767,201051,0.9986
98,98,*NOUSE*,*NOUSE*,0,0,0,0.00,0.00,0.00,0,0,0.0000
99,99,*NOUSE*,*NOUSE*,34,1339,49,36.00,31.80,2.59,5,159,0.0000
100,100,*NOUSE*,*NOUSE*,0,0,0,0.00,0.00,0.00,0,0,0.0000
101,101,HYP5L,*AUTO*,40,1573,74,97.00,33.28,17.08,4515,150273,0.9987
102,102,*NOUSE*,*NOUSE*,0,0,0,0.00,0.00,0.00,0,0,0.0000
103,103,VL12,*AUTO*,41,925,101,108.00,35.06,19.91,4971,174308,0.9977
104,104,*NOUSE*,*NOUSE*,0,0,0,0.00,0.00,0.00,0,0,0.0000
105,105,*NOUSE*,*NOUSE*,0,0,0,0.00,0.00,0.00,0,0,0.0000
106,106,RIBL,*AUTO*,42,1270,79,197.00,73.15,40.57,2728,199541,0.9964
107,107,VL1,*AUTO*,41,1532,93,117.00,46.43,23.15,2853,132463,0.9967
108,108,VL14,*AUTO*,43,824,98,85.00,31.82,16.21,4803,152848,0.9999
109,109,EXC GL L,*AUTO*,43,1169,110,174.00,51.10,35.76,3840,196207,0.9940
110,110,*NOUSE*,*NOUSE*,0,0,0,0.00,0.00,0.00,0,0,0.0000
111,111,*NOUSE*,*NOUSE*,0,0,0,0.00,0.00,0.00,0,0,0.0000
112,112,*NOUSE*,*NOUSE*,0,0,0,0.00,0.00,0.00,0,0,0.0000
113,113,*NOUSE*,*NOUSE*,0,0,0,0.00,0.00,0.00,0,0,0.0000
114,114,DL3,*AUTO*,42,1471,48,137.00,51.31,26.84,4113,211055,0.9927
115,115,*NOUSE*,*NOUSE*,0,0,0,0.00,0.00,0.00,0,0,0.0000
116,116,*NOUSE*,*NOUSE*,0,0,0,0.00,0.00,0.00,0,0,0.0000
117,117,*NOUSE*,*NOUSE*,0,0,0,0.00,0.00,0.00,0,0,0.0000
118,118,*NOUSE*,*NOUSE*,0,0,0,0.00,0.00,0.00,0,0,0.0000
119,119,G2L,*AUTO*,44,1138,95,208.00,54.27,36.11,4112,223139,0.9906
120,120,*NOUSE*,*NOUSE*,0,0,0,0.00,0.00,0.00,0,0,0.0000
121,121,*NOUSE*,*NOUSE*,0,0,0,0.00,0.00,0.00,0,0,0.0000
122,122,CCLP,*AUTO*,43,765,99,122.00,37.67,23.76,3559,134084,0.9992
123,123,VL4,*AUTO*,42,1432,99,134.00,52.72,25.89,3213,169391,0.9975
124,124,*NOUSE*,*NOUSE*,0,0,0,0.00,0.00,0.00,0,0,0.0000
125,125,*NOUSE*,*NOUSE*,0,0,0,0.00,0.00,0.00,0,0,0.0000
126,126,DL2,*AUTO*,42,1509,52,120.00,54.89,24.15,3783,207646,0.9993
127,127,*NOUSE*,*NOUSE*,0,0,0,0.00,0.00,0.00,0,0,0.0000
128,128,G1AL,*AUTO*,44,1186,60,162.00,51.50,30.74,3628,186843,0.9902
129,129,*NOUSE*,*NOUSE*,0,0,0,0.00,0.00,0.00,0,0,0.0000
130,130,*NOUSE*,*NOUSE*,0,0,0,0.00,0.00,0.00,0,0,0.0000
131,131,CCLA,*AUTO*,45,793,100,151.00,45.29,29.50,3170,143580,0.9995
132,132,VL16,*AUTO*,43,666,101,80.00,31.52,14.43,3986,125650,0.9987
133,133,*NOUSE*,*NOUSE*,0,0,0,0.00,0.00,0.00,0,0,0.0000
134,134,*NOUSE*,*NOUSE*,0,0,0,0.00,0.00,0.00,0,0,0.0000
135,135,*NOUSE*,*NOUSE*,0,0,0,0.00,0.00,0.00,0,0,0.0000
136,136,*NOUSE*,*NOUSE*,0,0,0,0.00,0.00,0.00,0,0,0.0000
137,137,*NOUSE*,*NOUSE*,0,0,0,0.00,0.00,0.00,0,0,0.0000
138,138,I6,*AUTO*,46,1174,52,193.00,65.85,44.89,3310,217969,0.9939
139,139,*NOUSE*,*NOUSE*,0,0,0,0.00,0.00,0.00,0,0,0.0000
140,140,M2L,*AUTO*,46,1195,81,207.00,81.45,43.76,2621,213481,0.9944
141,141,PM6VL,*AUTO*,45,1178,85,134.00,48.11,25.35,3599,173162,0.9959
142,142,*NOUSE*,*NOUSE*,0,0,0,0.00,0.00,0.00,0,0,0.0000
143,143,*NOUSE*,*NOUSE*,0,0,0,0.00,0.00,0.00,0,0,0.0000
144,144,*NOUSE*,*NOUSE*,0,0,0,0.00,0.00,0.00,0,0,0.0000
145,145,*NOUSE*,*NOUSE*,0,0,0,0.00,0.00,0.00,0,0,0.0000
146,146,*NOUSE*,*NOUSE*,0,0,0,0.00,0.00,0.00,0,0,0.0000
147,147,VL2,*AUTO*,43,1509,98,109.00,48.10,21.21,2940,141417,0.9989
148,148,*NOUSE*,*NOUSE*,0,0,0,0.00,0.00,0.00,0,0,0.0000
149,149,*NOUSE*,*NOUSE*,0,0,0,0.00,0.00,0.00,0,0,0.0000
150,150,*NOUSE*,*NOUSE*,0,0,0,0.00,0.00,0.00,0,0,0.0000
151,151,*NOUSE*,*NOUSE*,0,0,0,0.00,0.00,0.00,0,0,0.0000
152,152,*NOUSE*,*NOUSE*,0,0,0,0.00,0.00,0.00,0,0,0.0000
153,153,*NOUSE*,*NOUSE*,0,0,0,0.00,0.00,0.00,0,0,0.0000
154,154,ASKL,*AUTO*,47,1283,48,170.00,63.20,36.26,3693,233393,0.9891
155,155,PM5L,*AUTO*,47,1206,72,161.00,61.67,30.37,3665,226031,0.9937
156,156,AIBL,*AUTO*,44,1294,79,182.00,76.91,38.08,2776,213506,0.9989
157,157,*NOUSE*,*NOUSE*,0,0,0,0.00,0.00,0.00,0,0,0.0000
158,158,V5L,*AUTO*,44,524,81,51.00,21.41,7.36,3539,75774,0.9998
159,159,P9/10L,*AUTO*,44,494,88,71.00,26.27,9.70,3185,83665,0.9997
160,160,*NOUSE*,*NOUSE*,0,0,0,0.00,0.00,0.00,0,0,0.0000
161,161,*NOUSE*,*NOUSE*,0,0,0,0.00,0.00,0.00,0,0,0.0000
162,162,CEPSOVL,*AUTO*,46,1412,102,180.00,50.48,34.39,3414,172342,0.9899
163,163,VL15,*AUTO*,46,746,100,104.00,37.14,20.27,3935,146151,0.9970
164,164,*NOUSE*,*NOUSE*,0,0,0,0.00,0.00,0.00,0,0,0.0000
165,165,*NOUSE*,*NOUSE*,0,0,0,0.00,0.00,0.00,0,0,0.0000
166,166,SMBDL,*AUTO*,45,1294,106,192.00,84.47,43.05,2075,175268,0.9983
167,167,*NOUSE*,*NOUSE*,0,0,0,0.00,0.00,0.00,0,0,0.0000
168,168,*NOUSE*,*NOUSE*,0,0,0,0.00,0.00,0.00,0,0,0.0000
169,169,*NOUSE*,*NOUSE*,0,0,0,0.00,0.00,0.00,0,0,0.0000
170,170,IL2DL,*AUTO*,47,1418,40,188.00,69.77,39.78,3994,278680,0.9950
171,171,*NOUSE*,*NOUSE*,0,0,0,0.00,0.00,0.00,0,0,0.0000
172,172,PM1L,*AUTO*,47,1445,69,201.00,83.40,45.00,2956,246545,0.9930
173,173,QL,*AUTO*,46,551,71,56.00,22.86,7.50,3234,73940,0.9977
174,174,VPI3V,*AUTO*,52,1113,95,161.00,54.47,37.42,3838,209059,0.9965
175,175,*NOUSE*,*NOUSE*,0,0,0,0.00,0.00,0.00,0,0,0.0000
176,176,*NOUSE*,*NOUSE*,0,0,0,0.00,0.00,0.00,0,0,0.0000
177,177,*NOUSE*,*NOUSE*,0,0,0,0.00,0.00,0.00,0,0,0.0000
178,178,*NOUSE*,*NOUSE*,0,0,0,0.00,0.00,0.00,0,0,0.0000
179,179,DL13,*AUTO*,48,900,40,111.00,40.38,23.31,2963,119653,0.9995
180,180,DL15,*AUTO*,47,786,42,126.00,35.55,19.64,2959,105199,0.9994
181,181,*NOUSE*,*NOUSE*,0,0,0,0.00,0.00,0.00,0,0,0.0000
182,182,*NOUSE*,*NOUSE*,0,0,0,0.00,0.00,0.00,0,0,0.0000
183,183,*NOUSE*,*NOUSE*,0,0,0,0.00,0.00,0.00,0,0,0.0000
184,184,*NOUSE*,*NOUSE*,0,0,0,0.00,0.00,0.00,0,0,0.0000
185,185,VPI2V,*AUTO*,50,1122,100,213.00,70.27,47.14,3411,239703,0.9932
186,186,*NOUSE*,*NOUSE*,0,0,0,0.00,0.00,0.00,0,0,0.0000
187,187,*NOUSE*,*NOUSE*,0,0,0,0.00,0.00,0.00,0,0,0.0000
188,188,*NOUSE*,*NOUSE*,0,0,0,0.00,0.00,0.00,0,0,0.0000
189,189,*NOUSE*,*NOUSE*,0,0,0,0.00,0.00,0.00,0,0,0.0000
190,190,*NOUSE*,*NOUSE*,0,0,0,0.00,0.00,0.00,0,0,0.0000
191,191,*NOUSE*,*NOUSE*,0,0,0,0.00,0.00,0.00,0,0,0.0000
192,192,DL17,*AUTO*,48,625,49,74.00,31.32,13.58,2496,78164,0.9994
193,193,INV5,*AUTO*,47,751,78,49.00,19.57,6.53,3585,70141,0.9976
194,194,LUAL,*AUTO*,51,291,68,171.00,56.26,35.80,3384,190381,0.9996
195,195,PVCL,*AUTO*,51,283,78,137.00,50.27,30.59,3621,182021,0.9995
196,196,MCL,*AUTO*,49,1427,77,195.00,78.37,43.20,2826,221462,0.9927
197,197,PLML,*AUTO*,50,228,81,160.00,46.62,32.55,4348,202692,0.9980
198,198,E2VL,*AUTO*,49,1599,84,120.00,37.36,23.39,5153,192507,0.9999
199,199,I1L,*AUTO*,47,1466,81,175.00,60.10,36.29,2254,135466,0.9965
200,200,PM8,*AUTO*,52,1128,92,168.00,56.76,35.72,3572,202746,0.9929
201,201,Z3,*AUTO*,51,716,96,92.00,33.43,16.59,8487,283679,0.9986
202,202,AVKL,*AUTO*,49,1219,98,194.00,77.33,38.73,2492,192707,0.9952
203,203,*NOUSE*,*NOUSE*,0,0,0,0.00,0.00,0.00,0,0,0.0000
204,204,DA2,*AUTO*,54,1060,111,178.00,47.93,34.98,5265,252350,0.9989
205,205,ASIL,*AUTO*,48,1246,54,186.00,70.06,37.55,2679,187704,0.9989
206,206,HYP7LC5,*AUTO*,47,494,60,58.00,21.11,6.85,2220,46873,0.9990
207,207,TL,*AUTO*,50,240,69,102.00,33.24,16.13,5068,168443,0.9964
208,208,ALNL,*AUTO*,53,276,66,180.00,56.03,37.24,3457,193680,0.9994
209,209,PHBL,*AUTO*,51,304,73,122.00,49.42,26.87,3827,189112,0.9993
210,210,PHSHL,*AUTO*,51,262,74,149.00,50.58,35.40,4063,205524,0.9994
211,211,*NOUSE*,*NOUSE*,0,0,0,0.00,0.00,0.00,0,0,0.0000
212,212,*NOUSE*,*NOUSE*,0,0,0,0.00,0.00,0.00,0,0,0.0000
213,213,*NOUSE*,*NOUSE*,0,0,0,0.00,0.00,0.00,0,0,0.0000
214,214,*NOUSE*,*NOUSE*,0,0,0,0.00,0.00,0.00,0,0,0.0000
215,215,*NOUSE*,*NOUSE*,0,0,0,0.00,0.00,0.00,0,0,0.0000
216,216,*NOUSE*,*NOUSE*,0,0,0,0.00,0.00,0.00,0,0,0.0000
218,218,*NOUSE*,*NOUSE*,0,0,0,0.00,0.00,0.00,0,0,0.0000
219,219,*NOUSE*,*NOUSE*,0,0,0,0.00,0.00,0.00,0,0,0.0000
220,220,HYP32,*AUTO*,53,1577,47,176.00,49.81,37.07,4510,224644,0.9985
221,221,*NOUSE*,*NOUSE*,0,0,0,0.00,0.00,0.00,0,0,0.0000
222,222,*NOUSE*,*NOUSE*,0,0,0,0.00,0.00,0.00,0,0,0.0000
223,223,VPI3D,*AUTO*,56,1108,67,177.00,55.87,38.99,3792,211860,0.9972
224,224,*NOUSE*,*NOUSE*,0,0,0,0.00,0.00,0.00,0,0,0.0000
225,225,PVQL,*AUTO*,50,323,77,122.00,49.03,25.06,2974,145828,0.9996
226,226,M3L,*AUTO*,50,1379,79,210.00,74.72,47.42,3157,235900,0.9962
227,227,*NOUSE*,*NOUSE*,0,0,0,0.00,0.00,0.00,0,0,0.0000
228,228,IML,*AUTO*,51,392,89,80.00,32.31,15.63,4069,131480,0.9997
229,229,PHAL,*AUTO*,52,311,86,151.00,51.84,29.07,3218,166822,0.9985
230,230,*NOUSE*,*NOUSE*,0,0,0,0.00,0.00,0.00,0,0,0.0000
231,231,*NOUSE*,*NOUSE*,0,0,0,0.00,0.00,0.00,0,0,0.0000
232,232,*NOUSE*,*NOUSE*,0,0,0,0.00,0.00,0.00,0,0,0.0000
233,233,*NOUSE*,*NOUSE*,0,0,0,0.00,0.00,0.00,0,0,0.0000
234,234,DB6,*AUTO*,52,619,107,99.00,38.12,20.20,4334,165220,0.9972
235,235,*NOUSE*,*NOUSE*,0,0,0,0.00,0.00,0.00,0,0,0.0000
236,236,MC2DL,*AUTO*,50,1221,63,145.00,60.65,26.05,4061,246318,0.9886
237,237,IND6,*AUTO*,51,648,62,38.00,17.99,4.82,1878,33778,0.9992
238,238,*NOUSE*,*NOUSE*,0,0,0,0.00,0.00,0.00,0,0,0.0000
239,239,*NOUSE*,*NOUSE*,0,0,0,0.00,0.00,0.00,0,0,0.0000
240,240,*NOUSE*,*NOUSE*,0,0,0,0.00,0.00,0.00,0,0,0.0000
241,241,MC3V,*AUTO*,53,1154,105,178.00,51.28,34.46,4416,226452,0.9922
242,242,DB4,*AUTO*,53,958,111,133.00,44.90,29.58,4738,212733,0.9908
243,243,DD4,*AUTO*,52,670,108,93.00,35.84,17.77,4086,146454,0.9988
244,244,RIGR,*AUTO*,53,1177,116,175.00,57.49,39.39,3574,205461,0.9935
245,245,*NOUSE*,*NOUSE*,0,0,0,0.00,0.00,0.00,0,0,0.0000
246,246,*NOUSE*,*NOUSE*,0,0,0,0.00,0.00,0.00,0,0,0.0000
247,247,*NOUSE*,*NOUSE*,0,0,0,0.00,0.00,0.00,0,0,0.0000
248,248,*NOUSE*,*NOUSE*,0,0,0,0.00,0.00,0.00,0,0,0.0000
249,249,REPVL,*AUTO*,52,347,77,109.00,43.43,21.07,3190,138552,0.9995
250,250,HYP72,*AUTO*,54,188,80,145.00,43.48,28.24,3854,167585,0.9985
251,251,*NOUSE*,*NOUSE*,0,0,0,0.00,0.00,0.00,0,0,0.0000
252,252,*NOUSE*,*NOUSE*,0,0,0,0.00,0.00,0.00,0,0,0.0000
253,253,*NOUSE*,*NOUSE*,0,0,0,0.00,0.00,0.00,0,0,0.0000
254,254,*NOUSE*,*NOUSE*,0,0,0,0.00,0.00,0.00,0,0,0.0000
255,255,RMEV,*AUTO*,55,1350,107,220.00,73.22,48.74,2497,182842,0.9957
256,256,DD2,*AUTO*,54,1024,111,188.00,54.25,38.27,4664,253019,0.9977
257,257,DA1,*AUTO*,55,1158,119,184.00,55.74,38.80,3938,219507,0.9889
258,258,DB3,*AUTO*,53,1098,118,151.00,45.45,30.20,5010,227718,0.9951
259,259,HYP6D2,*AUTO*,54,1506,41,154.00,60.53,32.31,4964,300476,0.9943
260,260,HYP6D3,*AUTO*,54,1478,44,164.00,63.82,36.23,5034,321251,0.9877
261,261,HMC,*AUTO*,54,1212,42,203.00,71.34,38.65,3676,262233,0.9976
262,262,*NOUSE*,*NOUSE*,0,0,0,0.00,0.00,0.00,0,0,0.0000
263,263,HYP31,*AUTO*,56,1594,47,167.00,50.89,38.24,4072,207229,0.9991
264,264,IND3,*AUTO*,54,945,53,55.00,21.48,7.72,5037,108189,0.9987
265,265,HYP4D,*AUTO*,54,1648,55,134.00,42.24,27.68,4626,195380,0.9986
266,266,*NOUSE*,*NOUSE*,0,0,0,0.00,0.00,0.00,0,0,0.0000
267,267,*NOUSE*,*NOUSE*,0,0,0,0.00,0.00,0.00,0,0,0.0000
268,268,*NOUSE*,*NOUSE*,0,0,0,0.00,0.00,0.00,0,0,0.0000
269,269,HYP101,*AUTO*,56,114,78,157.00,49.12,33.75,4383,215309,0.9949
270,270,*NOUSE*,*NOUSE*,0,0,0,0.00,0.00,0.00,0,0,0.0000
271,271,INV4,*AUTO*,54,832,89,45.00,19.66,6.03,4158,81732,0.9982
272,272,*NOUSE*,*NOUSE*,0,0,0,0.00,0.00,0.00,0,0,0.0000
273,273,*NOUSE*,*NOUSE*,0,0,0,0.00,0.00,0.00,0,0,0.0000
274,274,DA8,*AUTO*,54,345,93,129.00,51.15,28.91,2184,111708,0.9988
275,275,I5,*AUTO*,57,1185,98,198.00,63.79,40.09,3543,226016,0.9949
276,276,*NOUSE*,*NOUSE*,0,0,0,0.00,0.00,0.00,0,0,0.0000
277,277,*NOUSE*,*NOUSE*,0,0,0,0.00,0.00,0.00,0,0,0.0000
278,278,*NOUSE*,*NOUSE*,0,0,0,0.00,0.00,0.00,0,0,0.0000
279,279,DD3,*AUTO*,55,847,106,124.00,45.01,28.67,4047,182151,0.9978
280,280,*NOUSE*,*NOUSE*,0,0,0,0.00,0.00,0.00,0,0,0.0000
281,281,W,*AUTO*,54,1268,111,186.00,59.39,31.30,3411,202586,0.9996
282,282,*NOUSE*,*NOUSE*,0,0,0,0.00,0.00,0.00,0,0,0.0000
283,283,*NOUSE*,*NOUSE*,0,0,0,0.00,0.00,0.00,0,0,0.0000
284,284,IND4,*AUTO*,55,870,51,59.00,22.96,8.61,4532,104048,0.9976
285,285,DL18,*AUTO*,56,541,51,79.00,29.06,13.65,3075,89372,0.9991
286,286,*NOUSE*,*NOUSE*,0,0,0,0.00,0.00,0.00,0,0,0.0000
287,287,*NOUSE*,*NOUSE*,0,0,0,0.00,0.00,0.00,0,0,0.0000
288,288,*NOUSE*,*NOUSE*,0,0,0,0.00,0.00,0.00,0,0,0.0000
289,289,PVR,*AUTO*,57,202,67,119.00,42.25,26.78,3998,168935,0.9985
290,290,*NOUSE*,*NOUSE*,0,0,0,0.00,0.00,0.00,0,0,0.0000
291,291,MC2V,*AUTO*,56,1222,83,158.00,60.38,28.43,3204,193443,0.9937
292,292,*NOUSE*,*NOUSE*,0,0,0,0.00,0.00,0.00,0,0,0.0000
293,293,*NOUSE*,*NOUSE*,0,0,0,0.00,0.00,0.00,0,0,0.0000
294,294,*NOUSE*,*NOUSE*,0,0,0,0.00,0.00,0.00,0,0,0.0000
295,295,*NOUSE*,*NOUSE*,0,0,0,0.00,0.00,0.00,0,0,0.0000
296,296,*NOUSE*,*NOUSE*,0,0,0,0.00,0.00,0.00,0,0,0.0000
297,297,I4,*AUTO*,58,1189,49,223.00,78.98,49.62,3580,282759,0.9881
298,298,*NOUSE*,*NOUSE*,0,0,0,0.00,0.00,0.00,0,0,0.0000
299,299,VIRL,*AUTO*,57,359,61,106.00,41.66,21.23,2981,124203,0.9967
300,300,IND9,*AUTO*,55,393,59,54.00,23.54,8.57,3469,81677,0.9989
301,301,*NOUSE*,*NOUSE*,0,0,0,0.00,0.00,0.00,0,0,0.0000
302,302,*NOUSE*,*NOUSE*,0,0,0,0.00,0.00,0.00,0,0,0.0000
303,303,DA5,*AUTO*,56,737,108,118.00,41.83,23.31,3742,156545,0.9994
304,304,DB5,*AUTO*,56,789,106,140.00,43.78,25.33,3920,171636,0.9976
305,305,G1,*AUTO*,56,1314,113,183.00,65.97,40.40,2954,194887,0.9993
306,306,DB2,*AUTO*,57,1255,118,227.00,65.93,43.82,2664,175639,0.9977
307,307,*NOUSE*,*NOUSE*,0,0,0,0.00,0.00,0.00,0,0,0.0000
308,308,*NOUSE*,*NOUSE*,0,0,0,0.00,0.00,0.00,0,0,0.0000
309,309,IND2,*AUTO*,59,1014,55,70.00,26.94,11.19,5724,154199,0.9993
310,310,*NOUSE*,*NOUSE*,0,0,0,0.00,0.00,0.00,0,0,0.0000
311,311,*NOUSE*,*NOUSE*,0,0,0,0.00,0.00,0.00,0,0,0.0000
312,312,*NOUSE*,*NOUSE*,0,0,0,0.00,0.00,0.00,0,0,0.0000
313,313,*NOUSE*,*NOUSE*,0,0,0,0.00,0.00,0.00,0,0,0.0000
314,314,*NOUSE*,*NOUSE*,0,0,0,0.00,0.00,0.00,0,0,0.0000
315,315,HYP4V1,*AUTO*,57,1640,93,149.00,44.10,30.62,4435,195568,0.9994
316,316,*NOUSE*,*NOUSE*,0,0,0,0.00,0.00,0.00,0,0,0.0000
317,317,MC1V,*AUTO*,57,1434,93,166.00,64.90,31.51,2112,137078,0.9935
318,318,INV3,*AUTO*,57,917,95,55.00,21.45,7.36,5845,125389,0.9956
319,319,DA6,*AUTO*,57,586,105,90.00,32.84,17.02,4686,153901,0.9995
320,320,*NOUSE*,*NOUSE*,0,0,0,0.00,0.00,0.00,0,0,0.0000
321,321,*NOUSE*,*NOUSE*,0,0,0,0.00,0.00,0.00,0,0,0.0000
322,322,*NOUSE*,*NOUSE*,0,0,0,0.00,0.00,0.00,0,0,0.0000
323,323,PM6D,*AUTO*,57,1170,51,164.00,57.56,35.84,4028,231867,0.9907
324,324,*NOUSE*,*NOUSE*,0,0,0,0.00,0.00,0.00,0,0,0.0000
325,325,*NOUSE*,*NOUSE*,0,0,0,0.00,0.00,0.00,0,0,0.0000
326,326,*NOUSE*,*NOUSE*,0,0,0,0.00,0.00,0.00,0,0,0.0000
327,327,*NOUSE*,*NOUSE*,0,0,0,0.00,0.00,0.00,0,0,0.0000
328,328,HYP4V2,*AUTO*,58,1613,97,153.00,43.96,31.12,4324,190096,0.9993
329,329,G2R,*AUTO*,59,1139,102,183.00,60.20,41.77,3883,233744,0.9845
330,330,*NOUSE*,*NOUSE*,0,0,0,0.00,0.00,0.00,0,0,0.0000
331,331,G2,*AUTO*,56,1294,107,213.00,98.01,43.29,1985,194549,0.9998
332,332,*NOUSE*,*NOUSE*,0,0,0,0.00,0.00,0.00,0,0,0.0000
333,333,*NOUSE*,*NOUSE*,0,0,0,0.00,0.00,0.00,0,0,0.0000
334,334,DL19,*AUTO*,59,477,52,78.00,32.04,14.99,2462,78888,0.9993
335,335,M4,*AUTO*,58,1375,62,168.00,62.68,36.90,5052,316664,0.9975
336,336,*NOUSE*,*NOUSE*,0,0,0,0.00,0.00,0.00,0,0,0.0000
337,337,DD5,*AUTO*,58,516,104,92.00,35.34,18.60,4078,144120,0.9953
338,338,*NOUSE*,*NOUSE*,0,0,0,0.00,0.00,0.00,0,0,0.0000
339,339,*NOUSE*,*NOUSE*,0,0,0,0.00,0.00,0.00,0,0,0.0000
340,340,*NOUSE*,*NOUSE*,0,0,0,0.00,0.00,0.00,0,0,0.0000
341,341,*NOUSE*,*NOUSE*,0,0,0,0.00,0.00,0.00,0,0,0.0000
342,342,IND8,*AUTO*,60,450,63,52.00,21.80,7.76,3517,76673,0.9970
343,343,PLMR,*AUTO*,61,243,83,147.00,46.59,31.25,3731,173844,0.9994
344,344,*NOUSE*,*NOUSE*,0,0,0,0.00,0.00,0.00,0,0,0.0000
345,345,*NOUSE*,*NOUSE*,0,0,0,0.00,0.00,0.00,0,0,0.0000
346,346,*NOUSE*,*NOUSE*,0,0,0,0.00,0.00,0.00,0,0,0.0000
347,347,HYP6V2,*AUTO*,58,1489,101,162.00,62.51,34.17,1225,76576,0.9920
348,348,*NOUSE*,*NOUSE*,0,0,0,0.00,0.00,0.00,0,0,0.0000
349,349,YPDA,*AUTO*,61,329,101,109.00,41.67,21.29,3597,149901,0.9980
350,350,*NOUSE*,*NOUSE*,0,0,0,0.00,0.00,0.00,0,0,0.0000
351,351,*NOUSE*,*NOUSE*,0,0,0,0.00,0.00,0.00,0,0,0.0000
352,352,*NOUSE*,*NOUSE*,0,0,0,0.00,0.00,0.00,0,0,0.0000
353,353,RIFR,*AUTO*,60,1223,107,235.00,102.34,46.97,1993,203969,0.9987
354,354,DR7,*AUTO*,62,1247,41,171.00,58.79,31.35,5033,295872,0.9970
355,355,DR15,*AUTO*,63,839,39,100.00,39.19,21.70,3426,134281,0.9972
356,356,ADLR,*AUTO*,65,1272,50,159.00,64.64,33.34,4500,290876,0.9991
357,357,*NOUSE*,*NOUSE*,0,0,0,0.00,0.00,0.00,0,0,0.0000
358,358,*NOUSE*,*NOUSE*,0,0,0,0.00,0.00,0.00,0,0,0.0000
359,359,*NOUSE*,*NOUSE*,0,0,0,0.00,0.00,0.00,0,0,0.0000
360,360,*NOUSE*,*NOUSE*,0,0,0,0.00,0.00,0.00,0,0,0.0000
361,361,*NOUSE*,*NOUSE*,0,0,0,0.00,0.00,0.00,0,0,0.0000
362,362,*NOUSE*,*NOUSE*,0,0,0,0.00,0.00,0.00,0,0,0.0000
363,363,*NOUSE*,*NOUSE*,0,0,0,0.00,0.00,0.00,0,0,0.0000
364,364,*NOUSE*,*NOUSE*,0,0,0,0.00,0.00,0.00,0,0,0.0000
365,365,*NOUSE*,*NOUSE*,0,0,0,0.00,0.00,0.00,0,0,0.0000
366,366,*NOUSE*,*NOUSE*,0,0,0,0.00,0.00,0.00,0,0,0.0000
367,367,*NOUSE*,*NOUSE*,0,0,0,0.00,0.00,0.00,0,0,0.0000
368,368,ASKR,*AUTO*,65,1290,50,176.00,69.11,37.53,4139,286035,0.9996
369,369,*NOUSE*,*NOUSE*,0,0,0,0.00,0.00,0.00,0,0,0.0000
370,370,*NOUSE*,*NOUSE*,0,0,0,0.00,0.00,0.00,0,0,0.0000
371,371,*NOUSE*,*NOUSE*,0,0,0,0.00,0.00,0.00,0,0,0.0000
372,372,PHSHR,*AUTO*,64,256,78,161.00,53.14,36.62,3370,179084,0.9998
373,373,*NOUSE*,*NOUSE*,0,0,0,0.00,0.00,0.00,0,0,0.0000
374,374,*NOUSE*,*NOUSE*,0,0,0,0.00,0.00,0.00,0,0,0.0000
375,375,PM1VR,*AUTO*,61,1448,89,200.00,77.83,44.14,3408,265239,0.9940
376,376,*NOUSE*,*NOUSE*,0,0,0,0.00,0.00,0.00,0,0,0.0000
377,377,SABD,*AUTO*,63,1203,107,203.00,78.30,40.50,2686,210324,0.9969
378,378,*NOUSE*,*NOUSE*,0,0,0,0.00,0.00,0.00,0,0,0.0000
379,379,DR17,*AUTO*,63,673,50,79.00,31.35,13.83,2724,85393,0.9987
380,380,IND5,*AUTO*,63,786,56,57.00,19.37,6.80,3902,75599,0.9991
381,381,ALNR,*AUTO*,66,267,68,172.00,55.97,35.78,3954,221295,0.9991
382,382,*NOUSE*,*NOUSE*,0,0,0,0.00,0.00,0.00,0,0,0.0000
383,383,I1R,*AUTO*,65,1464,81,185.00,66.30,39.61,4406,292102,0.9956
384,384,*NOUSE*,*NOUSE*,0,0,0,0.00,0.00,0.00,0,0,0.0000
385,385,*NOUSE*,*NOUSE*,0,0,0,0.00,0.00,0.00,0,0,0.0000
386,386,VR17,*AUTO*,65,625,102,110.00,35.49,18.16,4450,157909,0.9997
387,387,DR10,*AUTO*,67,1117,44,180.00,48.18,33.33,4037,194509,0.9960
388,388,*NOUSE*,*NOUSE*,0,0,0,0.00,0.00,0.00,0,0,0.0000
389,389,*NOUSE*,*NOUSE*,0,0,0,0.00,0.00,0.00,0,0,0.0000
390,390,*NOUSE*,*NOUSE*,0,0,0,0.00,0.00,0.00,0,0,0.0000
391,391,GLRDR,*AUTO*,62,1326,58,244.00,104.59,56.10,2707,283119,0.9987
392,392,*NOUSE*,*NOUSE*,0,0,0,0.00,0.00,0.00,0,0,0.0000
393,393,G1AR,*AUTO*,67,1206,71,195.00,69.57,39.10,4006,278687,0.9959
394,394,VIRR,*AUTO*,68,357,69,109.00,39.71,21.29,4056,161075,0.9998
395,395,VPI2DR,*AUTO*,67,1118,76,180.00,51.04,36.47,4815,245751,0.9965
396,396,*NOUSE*,*NOUSE*,0,0,0,0.00,0.00,0.00,0,0,0.0000
397,397,*NOUSE*,*NOUSE*,0,0,0,0.00,0.00,0.00,0,0,0.0000
398,398,*NOUSE*,*NOUSE*,0,0,0,0.00,0.00,0.00,0,0,0.0000
399,399,*NOUSE*,*NOUSE*,0,0,0,0.00,0.00,0.00,0,0,0.0000
400,400,*NOUSE*,*NOUSE*,0,0,0,0.00,0.00,0.00,0,0,0.0000
401,401,*NOUSE*,*NOUSE*,0,0,0,0.00,0.00,0.00,0,0,0.0000
402,402,*NOUSE*,*NOUSE*,0,0,0,0.00,0.00,0.00,0,0,0.0000
403,403,DVA,*AUTO*,63,303,70,128.00,52.88,25.74,2828,149531,0.9905
404,404,PM1R,*AUTO*,69,1447,73,241.00,85.57,52.71,3801,325263,0.9994
405,405,M3R,*AUTO*,64,1378,81,238.00,84.04,54.60,3318,278852,0.9981
406,406,*NOUSE*,*NOUSE*,0,0,0,0.00,0.00,0.00,0,0,0.0000
407,407,M2R,*AUTO*,68,1194,81,246.00,85.89,53.18,2873,246748,0.9937
408,408,*NOUSE*,*NOUSE*,0,0,0,0.00,0.00,0.00,0,0,0.0000
409,409,NSMR,*AUTO*,69,1407,83,233.00,82.29,52.17,3335,274453,0.9985
410,410,PM6VR,*AUTO*,68,1177,85,171.00,55.02,35.02,4463,245570,0.9945
411,411,*NOUSE*,*NOUSE*,0,0,0,0.00,0.00,0.00,0,0,0.0000
412,412,*NOUSE*,*NOUSE*,0,0,0,0.00,0.00,0.00,0,0,0.0000
413,413,*NOUSE*,*NOUSE*,0,0,0,0.00,0.00,0.00,0,0,0.0000
414,414,*NOUSE*,*NOUSE*,0,0,0,0.00,0.00,0.00,0,0,0.0000
415,415,SIAVR,*AUTO*,68,1272,98,222.00,82.64,46.43,2932,242306,0.9997
416,416,*NOUSE*,*NOUSE*,0,0,0,0.00,0.00,0.00,0,0,0.0000
417,417,*NOUSE*,*NOUSE*,0,0,0,0.00,0.00,0.00,0,0,0.0000
418,418,*NOUSE*,*NOUSE*,0,0,0,0.00,0.00,0.00,0,0,0.0000
419,419,VR9,*AUTO*,68,1164,113,170.00,51.27,33.51,4368,223949,0.9919
420,420,*NOUSE*,*NOUSE*,0,0,0,0.00,0.00,0.00,0,0,0.0000
421,421,*NOUSE*,*NOUSE*,0,0,0,0.00,0.00,0.00,0,0,0.0000
422,422,*NOUSE*,*NOUSE*,0,0,0,0.00,0.00,0.00,0,0,0.0000
423,423,*NOUSE*,*NOUSE*,0,0,0,0.00,0.00,0.00,0,0,0.0000
424,424,DR3,*AUTO*,69,1464,45,166.00,58.97,33.94,5170,304889,0.9999
425,425,DR18,*AUTO*,66,598,53,62.00,27.49,10.33,2844,78184,0.9994
426,426,*NOUSE*,*NOUSE*,0,0,0,0.00,0.00,0.00,0,0,0.0000
427,427,*NOUSE*,*NOUSE*,0,0,0,0.00,0.00,0.00,0,0,0.0000
428,428,DR21,*AUTO*,69,315,61,130.00,46.12,25.76,3217,148371,0.9989
429,429,*NOUSE*,*NOUSE*,0,0,0,0.00,0.00,0.00,0,0,0.0000
430,430,*NOUSE*,*NOUSE*,0,0,0,0.00,0.00,0.00,0,0,0.0000
431,431,*NOUSE*,*NOUSE*,0,0,0,0.00,0.00,0.00,0,0,0.0000
432,432,*NOUSE*,*NOUSE*,0,0,0,0.00,0.00,0.00,0,0,0.0000
433,433,*NOUSE*,*NOUSE*,0,0,0,0.00,0.00,0.00,0,0,0.0000
434,434,VR20,*AUTO*,63,270,93,134.00,47.92,26.11,3118,149399,0.9984
435,435,*NOUSE*,*NOUSE*,0,0,0,0.00,0.00,0.00,0,0,0.0000
436,436,*NOUSE*,*NOUSE*,0,0,0,0.00,0.00,0.00,0,0,0.0000
437,437,INVR1,*AUTO*,70,1061,99,92.00,34.12,16.99,6528,222724,0.9917
438,438,*NOUSE*,*NOUSE*,0,0,0,0.00,0.00,0.00,0,0,0.0000
439,439,*NOUSE*,*NOUSE*,0,0,0,0.00,0.00,0.00,0,0,0.0000
440,440,VR10,*AUTO*,69,1118,108,156.00,47.84,32.28,4984,238433,0.9991
441,441,DR16,*AUTO*,68,733,46,86.00,33.78,15.65,3076,103906,0.9991
442,442,*NOUSE*,*NOUSE*,0,0,0,0.00,0.00,0.00,0,0,0.0000
443,443,DR8,*AUTO*,69,1176,53,213.00,66.40,48.08,3714,246625,0.9839
444,444,PM7VR,*AUTO*,70,1152,92,161.00,51.42,34.59,4960,255048,0.9911
445,445,*NOUSE*,*NOUSE*,0,0,0,0.00,0.00,0.00,0,0,0.0000
446,446,*NOUSE*,*NOUSE*,0,0,0,0.00,0.00,0.00,0,0,0.0000
447,447,VR7,*AUTO*,68,1262,107,180.00,63.68,36.21,3089,196708,0.9990
448,448,*NOUSE*,*NOUSE*,0,0,0,0.00,0.00,0.00,0,0,0.0000
449,449,*NOUSE*,*NOUSE*,0,0,0,0.00,0.00,0.00,0,0,0.0000
450,450,*NOUSE*,*NOUSE*,0,0,0,0.00,0.00,0.00,0,0,0.0000
451,451,*NOUSE*,*NOUSE*,0,0,0,0.00,0.00,0.00,0,0,0.0000
452,452,IND7,*AUTO*,66,552,62,38.00,17.82,4.69,1633,29092,0.9976
454,454,*NOUSE*,*NOUSE*,0,0,0,0.00,0.00,0.00,0,0,0.0000
455,455,*NOUSE*,*NOUSE*,0,0,0,0.00,0.00,0.00,0,0,0.0000
456,456,*NOUSE*,*NOUSE*,0,0,0,0.00,0.00,0.00,0,0,0.0000
457,457,RIS,*AUTO*,70,1233,98,185.00,74.47,39.74,2681,199641,0.9979
458,458,*NOUSE*,*NOUSE*,0,0,0,0.00,0.00,0.00,0,0,0.0000
459,459,*NOUSE*,*NOUSE*,0,0,0,0.00,0.00,0.00,0,0,0.0000
460,460,*NOUSE*,*NOUSE*,0,0,0,0.00,0.00,0.00,0,0,0.0000
461,461,*NOUSE*,*NOUSE*,0,0,0,0.00,0.00,0.00,0,0,0.0000
462,462,DR19,*AUTO*,70,514,54,66.00,30.38,12.79,2670,81105,0.9986
463,463,M1,*AUTO*,68,1190,53,191.00,65.87,42.96,2843,187258,0.9980
464,464,*NOUSE*,*NOUSE*,0,0,0,0.00,0.00,0.00,0,0,0.0000
465,465,AVER,*AUTO*,70,1313,76,220.00,95.16,48.35,2710,257885,0.9992
466,466,AIBR,*AUTO*,70,1292,76,206.00,87.43,45.71,3063,267791,0.9989
467,467,*NOUSE*,*NOUSE*,0,0,0,0.00,0.00,0.00,0,0,0.0000
468,468,*NOUSE*,*NOUSE*,0,0,0,0.00,0.00,0.00,0,0,0.0000
469,469,RIMR,*AUTO*,71,1257,86,220.00,82.54,43.55,2905,239791,0.9966
470,470,*NOUSE*,*NOUSE*,0,0,0,0.00,0.00,0.00,0,0,0.0000
471,471,*NOUSE*,*NOUSE*,0,0,0,0.00,0.00,0.00,0,0,0.0000
472,472,*NOUSE*,*NOUSE*,0,0,0,0.00,0.00,0.00,0,0,0.0000
473,473,EXC GL R,*AUTO*,71,1192,105,178.00,60.15,37.66,3684,221605,0.9983
474,474,*NOUSE*,*NOUSE*,0,0,0,0.00,0.00,0.00,0,0,0.0000
475,475,INDR1,*AUTO*,71,1070,57,88.00,30.25,14.02,5831,176407,0.9956
476,476,*NOUSE*,*NOUSE*,0,0,0,0.00,0.00,0.00,0,0,0.0000
477,477,ADFR,*AUTO*,71,1290,62,214.00,97.27,45.69,2431,236468,0.9997
478,478,*NOUSE*,*NOUSE*,0,0,0,0.00,0.00,0.00,0,0,0.0000
479,479,*NOUSE*,*NOUSE*,0,0,0,0.00,0.00,0.00,0,0,0.0000
480,480,*NOUSE*,*NOUSE*,0,0,0,0.00,0.00,0.00,0,0,0.0000
481,481,*NOUSE*,*NOUSE*,0,0,0,0.00,0.00,0.00,0,0,0.0000
482,482,OLQSOVR,*AUTO*,73,1472,90,179.00,66.12,40.60,3269,216160,0.9946
483,483,*NOUSE*,*NOUSE*,0,0,0,0.00,0.00,0.00,0,0,0.0000
484,484,CEPSOVR,*AUTO*,71,1391,100,200.00,71.94,44.61,2869,206410,0.9964
485,485,*NOUSE*,*NOUSE*,0,0,0,0.00,0.00,0.00,0,0,0.0000
486,486,*NOUSE*,*NOUSE*,0,0,0,0.00,0.00,0.00,0,0,0.0000
487,487,AWAR,*AUTO*,73,1275,65,218.00,91.94,43.77,3283,301826,0.9919
488,488,K',*AUTO*,70,327,67,128.00,50.14,28.99,3123,156580,0.9978
489,489,*NOUSE*,*NOUSE*,0,0,0,0.00,0.00,0.00,0,0,0.0000
490,490,PM4R,*AUTO*,74,1423,72,202.00,72.88,39.19,3536,257714,0.9974
491,491,*NOUSE*,*NOUSE*,0,0,0,0.00,0.00,0.00,0,0,0.0000
492,492,*NOUSE*,*NOUSE*,0,0,0,0.00,0.00,0.00,0,0,0.0000
493,493,*NOUSE*,*NOUSE*,0,0,0,0.00,0.00,0.00,0,0,0.0000
494,494,*NOUSE*,*NOUSE*,0,0,0,0.00,0.00,0.00,0,0,0.0000
495,495,CEPSHVR,*AUTO*,74,1355,92,239.00,74.45,49.62,3049,226993,0.9994
496,496,*NOUSE*,*NOUSE*,0,0,0,0.00,0.00,0.00,0,0,0.0000
497,497,*NOUSE*,*NOUSE*,0,0,0,0.00,0.00,0.00,0,0,0.0000
498,498,*NOUSE*,*NOUSE*,0,0,0,0.00,0.00,0.00,0,0,0.0000
499,499,DR2,*AUTO*,73,1499,50,149.00,55.52,30.93,5310,294794,0.9969
500,500,*NOUSE*,*NOUSE*,0,0,0,0.00,0.00,0.00,0,0,0.0000
501,501,*NOUSE*,*NOUSE*,0,0,0,0.00,0.00,0.00,0,0,0.0000
502,502,REPVR,*AUTO*,75,348,76,125.00,41.04,23.59,3969,162869,0.9944
503,503,*NOUSE*,*NOUSE*,0,0,0,0.00,0.00,0.00,0,0,0.0000
504,504,P7/8R,*AUTO*,73,647,96,84.00,29.58,13.70,4625,136828,0.9994
505,505,VR3,*AUTO*,73,1459,102,184.00,53.15,32.01,3628,192845,0.9975
506,506,*NOUSE*,*NOUSE*,0,0,0,0.00,0.00,0.00,0,0,0.0000
507,507,RMDDR,*AUTO*,72,1324,102,231.00,89.89,49.99,2029,182386,0.9985
508,508,ARCPDR,*AUTO*,75,1469,60,207.00,70.63,42.08,4289,302914,0.9980
509,509,DR20,*AUTO*,74,446,59,85.00,31.91,14.18,3617,115417,0.9974
510,510,*NOUSE*,*NOUSE*,0,0,0,0.00,0.00,0.00,0,0,0.0000
511,511,*NOUSE*,*NOUSE*,0,0,0,0.00,0.00,0.00,0,0,0.0000
512,512,*NOUSE*,*NOUSE*,0,0,0,0.00,0.00,0.00,0,0,0.0000
513,513,*NOUSE*,*NOUSE*,0,0,0,0.00,0.00,0.00,0,0,0.0000
514,514,*NOUSE*,*NOUSE*,0,0,0,0.00,0.00,0.00,0,0,0.0000
515,515,*NOUSE*,*NOUSE*,0,0,0,0.00,0.00,0.00,0,0,0.0000
516,516,M,*AUTO*,72,598,74,51.00,20.60,6.83,2944,60649,0.9999
517,517,*NOUSE*,*NOUSE*,0,0,0,0.00,0.00,0.00,0,0,0.0000
518,518,*NOUSE*,*NOUSE*,0,0,0,0.00,0.00,0.00,0,0,0.0000
519,519,*NOUSE*,*NOUSE*,0,0,0,0.00,0.00,0.00,0,0,0.0000
520,520,ILSOR,*AUTO*,77,1482,79,195.00,73.20,43.65,4434,324564,0.9990
521,521,*NOUSE*,*NOUSE*,0,0,0,0.00,0.00,0.00,0,0,0.0000
522,522,VR6,*AUTO*,76,1342,99,150.00,54.50,31.46,3621,197350,0.9986
523,523,AMSOR,*AUTO*,77,1488,62,170.00,61.08,37.51,4866,297217,0.9990
524,524,ASGR,*AUTO*,77,1261,55,211.00,83.44,45.45,3390,282875,0.9923
525,525,ARCADR,*AUTO*,78,1508,65,164.00,51.85,34.01,5467,283465,0.9970
526,526,*NOUSE*,*NOUSE*,0,0,0,0.00,0.00,0.00,0,0,0.0000
527,527,*NOUSE*,*NOUSE*,0,0,0,0.00,0.00,0.00,0,0,0.0000
528,528,BDUR,*AUTO*,78,1083,76,198.00,58.73,45.71,4043,237457,0.9929
529,529,OLQSHVR,*AUTO*,76,1444,92,226.00,76.22,47.03,3010,229430,0.9874
530,530,*NOUSE*,*NOUSE*,0,0,0,0.00,0.00,0.00,0,0,0.0000
531,531,VR2,*AUTO*,76,1502,93,141.00,53.02,29.31,3353,177775,0.9903
532,532,*NOUSE*,*NOUSE*,0,0,0,0.00,0.00,0.00,0,0,0.0000
533,533,CEPSODR,*AUTO*,80,1406,56,216.00,74.71,47.29,5475,409047,0.9951
534,534,AWBR,*AUTO*,80,1281,56,221.00,82.42,50.10,4173,343940,0.9884
535,535,*NOUSE*,*NOUSE*,0,0,0,0.00,0.00,0.00,0,0,0.0000
536,536,*NOUSE*,*NOUSE*,0,0,0,0.00,0.00,0.00,0,0,0.0000
537,537,RICR,*AUTO*,79,1247,88,210.00,83.91,48.45,2991,250964,0.9990
538,538,*NOUSE*,*NOUSE*,0,0,0,0.00,0.00,0.00,0,0,0.0000
539,539,P9/10R,*AUTO*,79,522,94,75.00,27.89,11.88,4406,122885,0.9991
540,540,*NOUSE*,*NOUSE*,0,0,0,0.00,0.00,0.00,0,0,0.0000
541,541,HYP7ABR3,*AUTO*,79,1108,63,100.00,33.99,17.22,6292,213881,0.9974
542,542,*NOUSE*,*NOUSE*,0,0,0,0.00,0.00,0.00,0,0,0.0000
543,543,*NOUSE*,*NOUSE*,0,0,0,0.00,0.00,0.00,0,0,0.0000
544,544,HYP5R,*AUTO*,79,1554,70,110.00,37.58,20.74,6495,244094,0.9956
545,545,CANR,*AUTO*,79,772,72,138.00,41.15,25.93,3813,156893,0.9990
546,546,*NOUSE*,*NOUSE*,0,0,0,0.00,0.00,0.00,0,0,0.0000
547,547,RMGR,*AUTO*,78,1198,87,204.00,71.73,46.59,3615,259313,0.9986
548,548,*NOUSE*,*NOUSE*,0,0,0,0.00,0.00,0.00,0,0,0.0000
549,549,*NOUSE*,*NOUSE*,0,0,0,0.00,0.00,0.00,0,0,0.0000
550,550,*NOUSE*,*NOUSE*,0,0,0,0.00,0.00,0.00,0,0,0.0000
551,551,*NOUSE*,*NOUSE*,0,0,0,0.00,0.00,0.00,0,0,0.0000
552,552,*NOUSE*,*NOUSE*,0,0,0,0.00,0.00,0.00,0,0,0.0000
553,553,RMDVR,*AUTO*,80,1341,69,181.00,65.87,43.85,4214,277578,0.9973
554,554,*NOUSE*,*NOUSE*,0,0,0,0.00,0.00,0.00,0,0,0.0000
555,555,*NOUSE*,*NOUSE*,0,0,0,0.00,0.00,0.00,0,0,0.0000
556,556,SIBDR,*AUTO*,77,1320,87,225.00,94.98,51.74,2667,253318,0.9968
557,557,VR4,*AUTO*,79,1415,97,172.00,67.07,38.86,3135,210279,0.9956
558,558,*NOUSE*,*NOUSE*,0,0,0,0.00,0.00,0.00,0,0,0.0000
559,559,HYP7RC1,*AUTO*,79,989,64,82.00,26.87,12.52,6175,165922,0.9997
560,560,HYP7RC3,*AUTO*,80,749,65,78.00,24.91,10.90,4447,110772,0.9997
561,561,AFDR,*AUTO*,80,1303,63,195.00,77.27,45.89,3658,282637,0.9917
562,562,*NOUSE*,*NOUSE*,0,0,0,0.00,0.00,0.00,0,0,0.0000
563,563,*NOUSE*,*NOUSE*,0,0,0,0.00,0.00,0.00,0,0,0.0000
564,564,RMDR,*AUTO*,80,1333,85,232.00,80.42,50.59,3135,252125,0.9962
565,565,*NOUSE*,*NOUSE*,0,0,0,0.00,0.00,0.00,0,0,0.0000
566,566,*NOUSE*,*NOUSE*,0,0,0,0.00,0.00,0.00,0,0,0.0000
567,567,*NOUSE*,*NOUSE*,0,0,0,0.00,0.00,0.00,0,0,0.0000
568,568,ASER,*AUTO*,82,1264,69,166.00,63.73,35.78,4374,278773,0.9910
569,569,AVAR,*AUTO*,81,1325,71,194.00,74.16,44.31,3122,231534,0.9916
570,570,AWCR,*AUTO*,81,1306,81,175.00,72.76,41.72,3764,273862,0.9957
571,571,HYP7ABRD,*AUTO*,81,1126,82,98.00,33.58,16.42,6715,225516,0.9952
572,572,*NOUSE*,*NOUSE*,0,0,0,0.00,0.00,0.00,0,0,0.0000
573,573,VR1,*AUTO*,78,1531,86,150.00,50.03,30.27,4290,214613,0.9957
574,574,XXXR,*AUTO*,80,1408,86,218.00,86.59,52.77,3031,262450,0.9969
575,575,*NOUSE*,*NOUSE*,0,0,0,0.00,0.00,0.00,0,0,0.0000
576,576,IL2R,*AUTO*,83,1407,71,198.00,65.13,42.62,4241,276230,0.9978
577,577,*NOUSE*,*NOUSE*,0,0,0,0.00,0.00,0.00,0,0,0.0000
578,578,V3R,*AUTO*,81,822,80,90.00,29.15,13.37,5105,148798,0.9976
579,579,H2R,*AUTO*,82,1206,72,125.00,49.49,25.68,3203,158516,0.9957
580,580,*NOUSE*,*NOUSE*,0,0,0,0.00,0.00,0.00,0,0,0.0000
581,581,*NOUSE*,*NOUSE*,0,0,0,0.00,0.00,0.00,0,0,0.0000
582,582,*NOUSE*,*NOUSE*,0,0,0,0.00,0.00,0.00,0,0,0.0000
583,583,HYP7ABRV,*AUTO*,82,1158,90,125.00,40.48,21.93,4267,172729,0.9851
584,584,AUAR,*AUTO*,81,1289,90,234.00,85.99,53.40,3181,273537,0.9933
585,585,*NOUSE*,*NOUSE*,0,0,0,0.00,0.00,0.00,0,0,0.0000
586,586,*NOUSE*,*NOUSE*,0,0,0,0.00,0.00,0.00,0,0,0.0000
587,587,ASHR,*AUTO*,81,1286,73,173.00,69.89,39.63,3839,268293,0.9944
588,588,V6R,*AUTO*,83,452,81,78.00,24.61,10.09,4864,119726,0.9979
589,589,*NOUSE*,*NOUSE*,0,0,0,0.00,0.00,0.00,0,0,0.0000
590,590,*NOUSE*,*NOUSE*,0,0,0,0.00,0.00,0.00,0,0,0.0000
591,591,*NOUSE*,*NOUSE*,0,0,0,0.00,0.00,0.00,0,0,0.0000
592,592,*NOUSE*,*NOUSE*,0,0,0,0.00,0.00,0.00,0,0,0.0000
593,593,*NOUSE*,*NOUSE*,0,0,0,0.00,0.00,0.00,0,0,0.0000
594,594,VPI1,*AUTO*,54,1117,61,178.00,48.33,28.79,4221,204002,0.9968
595,595,VPI2DL,*AUTO*,42,1118,77,198.00,86.70,40.16,1365,118348,0.9944
596,596,G1P,*AUTO*,63,1135,59,133.00,48.04,28.96,4359,209387,0.9973
597,597,PM7D,*AUTO*,54,1146,51,139.00,48.88,29.12,4097,200278,0.9946
598,598,MC3DR,*AUTO*,73,1152,69,166.00,50.63,33.98,4623,234065,0.9946
599,599,M5,*AUTO*,44,1144,60,187.00,98.91,36.51,1356,134121,0.9975
600,600,PM5VL,*AUTO*,52,1202,89,212.00,140.35,27.57,485,68068,0.9950
601,601,PM5VR,*AUTO*,61,1202,87,201.00,130.42,29.34,485,63252,0.9955
602,602,PM5DL,*AUTO*,52,1202,55,182.00,108.81,26.14,886,96410,0.9894
603,603,PM5DR,*AUTO*,62,1206,57,181.00,110.52,24.64,895,98917,0.9947
604,604,MC2DR,*AUTO*,63,1231,65,172.00,61.32,28.97,4570,280225,0.9971
605,605,I3,*AUTO*,59,1403,51,225.00,74.93,45.86,4339,325132,0.9929
606,606,NSML,*AUTO*,47,1407,80,206.00,106.35,37.14,1344,142931,0.9916
607,607,MI,*AUTO*,60,1422,50,232.00,159.10,26.79,485,77162,0.9966
608,608,PM4DL,*AUTO*,51,1422,51,194.00,131.38,26.76,485,63721,0.9977
609,609,PM4L,*AUTO*,44,1418,69,149.00,92.98,25.78,895,83220,0.9945
610,610,PM4VR,*AUTO*,63,1417,91,166.00,63.64,32.74,3664,233164,0.9963
611,611,I2L,*AUTO*,45,1444,80,200.00,141.54,32.09,464,65676,0.9936
612,612,MCR,*AUTO*,65,1431,81,222.00,154.74,34.04,475,73501,0.9995
613,613,I2R,*AUTO*,71,1427,86,222.00,175.22,23.51,485,84980,0.9996
614,614,MC1DL,*AUTO*,46,1438,59,169.00,106.36,27.59,832,88493,0.9930
615,615,MC1DR,*AUTO*,72,1438,62,199.00,116.24,27.63,893,103801,0.9884
616,616,PM1DL,*AUTO*,53,1444,55,228.00,137.56,37.34,879,120918,0.9990
617,617,PM1DR,*AUTO*,63,1444,58,252.00,156.20,55.09,895,139797,0.9986
618,618,PM1VL,*AUTO*,51,1445,90,229.00,133.83,40.50,895,119782,0.9974
619,619,E2VR,*AUTO*,68,1597,83,165.00,44.46,31.76,5076,225689,0.9992
620,620,PM2VR1,*AUTO*,68,1565,86,204.00,95.69,49.09,895,85639,0.9942
621,621,PM2VR2,*AUTO*,68,1552,86,181.00,100.69,37.75,895,90121,0.9943
622,622,E1VR,*AUTO*,67,1532,83,191.00,108.20,37.44,886,95862,0.9956
623,623,E3VR,*AUTO*,67,1496,85,180.00,91.71,35.69,895,82080,0.9980
624,624,PM3R,*AUTO*,65,1485,76,144.00,53.91,31.72,3166,170690,0.9943
625,625,PM3VR,*AUTO*,64,1522,85,160.00,72.13,27.98,895,64560,0.9997
626,626,PM3VL,*AUTO*,52,1515,85,123.00,57.98,18.15,895,51894,0.9978
627,627,PM2VL1,*AUTO*,48,1566,84,169.00,93.63,37.48,895,83802,0.9990
628,628,PM2VL2,*AUTO*,48,1553,85,180.00,104.22,37.89,895,93276,0.9997
629,629,E1VL,*AUTO*,46,1530,85,161.00,93.80,25.55,895,83947,0.9990
630,630,E3VL,*AUTO*,46,1504,82,172.00,92.94,32.57,833,77416,0.9979
631,631,PM3L,*AUTO*,46,1483,77,136.00,69.90,25.01,895,62561,0.9957
632,632,E2D,*AUTO*,56,1597,59,134.00,42.12,27.59,4452,187538,0.9995
633,633,PM2D1,*AUTO*,58,1564,58,159.00,86.17,35.86,895,77122,0.9987
634,634,PM2D2,*AUTO*,58,1542,56,153.00,80.83,32.76,895,72341,0.9967
635,635,E1D,*AUTO*,59,1511,56,171.00,97.48,28.35,811,79055,0.9981
636,636,E3D,*AUTO*,59,1469,57,129.00,62.81,26.21,895,56213,0.9981
637,637,PM3DR,*AUTO*,63,1494,58,143.00,60.92,21.09,895,54520,0.9979
638,638,PM3DL,*AUTO*,51,1514,58,129.00,64.81,18.06,895,58003,0.9959
639,639,EXC,*AUTO*,50,1253,98,143.00,48.01,16.83,1365,65527,0.9958
640,640,AIML,*AUTO*,51,1237,99,215.00,138.82,32.66,797,110639,0.9998
641,641,AIYL,*AUTO*,45,1231,100,235.00,134.80,36.22,895,120645,0.9946
642,642,AIMR,*AUTO*,61,1246,99,235.00,160.78,32.76,781,125572,0.9996
643,643,AIYR,*AUTO*,69,1248,98,232.00,145.96,36.22,895,130633,0.9992
644,644,AVKR,*AUTO*,68,1220,96,234.00,123.35,34.29,851,104969,0.9984
645,645,SABVL,*AUTO*,55,1244,113,229.00,138.60,47.79,869,120446,0.9986
646,646,SABVR,*AUTO*,60,1235,110,227.00,139.43,45.06,803,111961,0.9999
647,647,RIFL,*AUTO*,53,1230,112,224.00,144.05,33.67,895,128925,0.9987
648,648,AVG,*AUTO*,58,1212,112,209.00,130.29,24.71,773,100714,0.9992
649,649,RIGL,*AUTO*,50,1213,111,226.00,133.69,30.74,895,119654,0.9987
650,650,DD1,*AUTO*,50,1196,111,210.00,135.28,31.25,682,92264,0.9976
651,651,DB1,*AUTO*,56,1192,118,207.00,120.09,25.91,895,107485,0.9972
652,652,,*AUTOFAIL*,37,1205,88,209.00,123.72,25.09,843,104295,0.0000
653,653,ADEL,*AUTO*,42,1213,87,212.00,129.02,26.70,895,115476,0.9965
654,654,SIBDL,*AUTO*,37,1317,85,222.00,137.99,27.83,895,123500,0.9991
655,655,AVDL,*AUTO*,35,1242,73,185.00,120.29,25.02,895,107658,0.9994
656,656,AVJL,*AUTO*,41,1237,64,207.00,125.35,30.68,895,112188,0.9965
657,657,AVHL,*AUTO*,37,1245,55,209.00,128.48,33.65,895,114991,0.9967
658,658,ASGL,*AUTO*,40,1261,54,197.00,125.56,28.09,842,105719,0.9976
659,659,AWBL,*AUTO*,37,1278,56,195.00,113.34,29.59,1333,151080,0.9962
660,660,AFDL,*AUTO*,37,1299,65,187.00,111.16,29.59,1259,139947,0.9953
661,661,AVAL,*AUTO*,36,1321,70,191.00,123.82,25.52,891,110326,0.9978
662,662,SMDVL,*AUTO*,38,1314,59,209.00,128.14,31.92,895,114688,0.9968
663,663,ADFL,*AUTO*,43,1288,62,165.00,115.23,21.65,895,103129,0.9985
664,664,AWAL,*AUTO*,42,1271,63,180.00,111.02,24.46,895,99366,0.9913
665,665,AVEL,*AUTO*,42,1313,74,233.00,121.15,36.61,895,108433,0.9953
666,666,RIML,*AUTO*,40,1253,83,176.00,101.34,26.23,895,90702,0.9963
667,667,AIZL,*AUTO*,43,1237,81,200.00,116.55,27.98,895,104316,0.9991
668,668,AVBL,*AUTO*,43,1252,72,191.00,111.55,25.70,895,99837,0.9912
669,669,RIVL,*AUTO*,45,1229,53,203.00,128.66,31.93,895,115147,0.9996
670,670,ADLL,*AUTO*,49,1263,49,168.00,96.50,23.96,1365,131722,0.9967
671,671,RIAL,*AUTO*,44,1303,62,202.00,129.00,35.15,871,112362,0.9941
672,672,SAAVL,*AUTO*,43,1325,64,233.00,173.18,27.36,413,71525,0.9972
673,673,URXR,*AUTO*,63,1309,50,227.00,149.64,24.83,893,133628,0.9996
674,674,URXL,*AUTO*,51,1306,54,209.00,144.35,25.24,895,129197,0.9959
675,675,ASIR,*AUTO*,68,1253,53,241.00,133.14,35.13,1359,180932,0.9973
676,676,RIVR,*AUTO*,68,1237,53,241.00,157.80,32.29,895,141231,0.9991
677,677,ADESHR,*FIX*,83,1174,79,236.00,107.85,47.16,1365,147214,10.0000
678,678,ADAR,*AUTO*,79,1214,90,221.00,139.68,33.39,879,122781,0.9996
679,679,ADER,*AUTO*,75,1218,81,240.00,161.68,29.89,895,144701,0.9998
680,680,FLPR,*AUTO*,77,1233,85,238.00,142.45,39.84,803,114388,0.9991
681,681,ASJR,*AUTO*,79,1268,89,174.00,101.06,31.46,1365,137950,0.9982
682,682,AVDR,*AUTO*,81,1244,72,247.00,164.88,30.01,889,146577,0.9954
683,683,AINR,*AUTO*,79,1229,69,238.00,147.99,34.32,895,132453,0.9964
684,684,AVJR,*AUTO*,75,1239,64,234.00,165.52,28.36,895,148141,0.9969
685,685,AVHR,*AUTO*,77,1246,53,249.00,154.95,42.12,895,138682,0.9957
686,686,SMDVR,*AUTO*,77,1319,58,229.00,147.90,39.00,895,132369,0.9954
687,687,RIBR,*AUTO*,72,1272,78,216.00,134.52,38.47,895,120393,0.9986
688,688,AIZR,*AUTO*,72,1238,79,234.00,148.91,29.88,895,133275,0.9996
689,689,AVBR,*AUTO*,72,1253,70,241.00,146.67,29.31,895,131269,0.9948
690,690,RIAR,*AUTO*,69,1305,59,228.00,151.74,28.30,895,135807,0.9985
691,691,SAAVR,*AUTO*,69,1321,66,241.00,167.89,35.12,895,150265,0.9963
692,692,RID,*AUTO*,54,1335,40,190.00,113.23,30.63,1365,154559,0.9951
693,693,ALA,*AUTO*,57,1320,44,223.00,147.03,27.82,778,114390,0.9994
694,694,CEPDR,*AUTO*,66,1320,46,241.00,156.01,29.04,895,139632,0.9983
695,695,CEPDL,*AUTO*,45,1316,48,210.00,127.05,36.75,1365,173421,0.9966
696,696,GLRVR,*AUTO*,63,1332,91,241.00,143.51,47.39,875,125569,0.9986
697,697,GLRVL,*AUTO*,47,1333,91,223.00,136.08,38.58,895,121794,0.9941
698,698,GLRR,*AUTO*,69,1327,84,243.00,165.14,36.65,895,147797,0.9988
699,699,SAADR,*AUTO*,64,1319,98,246.00,190.94,26.21,463,88404,0.9989
700,700,*NOUSE*,*NOUSE*,0,0,0,0.00,0.00,0.00,0,0,0.0000
701,701,RIH,*AUTO*,56,1318,99,239.00,172.45,29.10,788,135893,0.9970
702,702,SMDDR,*AUTO*,71,1308,106,225.00,119.09,41.83,895,106589,0.9973
703,703,SMBDR,*AUTO*,68,1290,106,235.00,135.39,31.93,875,118468,0.9983
704,704,RMDDL,*AUTO*,43,1325,100,185.00,120.57,25.43,477,57513,0.9984
705,705,SAADL,*AUTO*,48,1318,99,232.00,168.16,27.00,485,81556,0.9948
706,706,SMDDL,*AUTO*,44,1309,106,227.00,116.75,36.28,893,104259,0.9964
707,707,SIBVR,*AUTO*,71,1312,94,247.00,161.32,38.91,839,135344,0.9961
708,708,SIBVL,*AUTO*,43,1308,92,210.00,139.57,28.13,450,62806,0.9960
709,709,SMBVL,*AUTO*,49,1304,97,227.00,159.06,29.41,895,142360,0.9971
710,710,SMBVR,*AUTO*,61,1303,100,248.00,167.17,30.90,895,149620,0.9997
711,711,RIR,*AUTO*,67,1305,89,225.00,150.06,31.01,895,134302,0.9982
712,712,AIAL,*AUTO*,52,1290,95,238.00,170.45,26.12,450,76704,0.9996
714,714,AVL,*AUTO*,69,1286,89,245.00,145.55,32.75,895,130269,0.9996
715,715,SIADR,*AUTO*,72,1296,99,227.00,143.50,40.68,895,128432,0.9957
716,716,SIADL,*AUTO*,43,1289,95,221.00,146.19,34.86,895,130839,0.9985
717,717,SIAVL,*AUTO*,45,1275,104,211.00,113.32,36.45,895,101419,0.9964
718,718,EXC DUCT,*AUTO*,48,1274,93,170.00,91.31,26.62,895,81724,0.9972
719,719,IL2L,*AUTO*,34,1427,70,147.00,92.89,25.65,1365,126797,0.9985
720,720,URBL,*AUTO*,34,1402,67,169.00,106.09,26.88,885,93892,0.9945
721,721,BAGL,*AUTO*,38,1374,81,169.00,99.32,27.29,883,87701,1.0000
722,722,IL1L,*AUTO*,37,1409,75,189.00,107.94,26.72,895,96605,0.9933
723,723,URAVL,*AUTO*,48,1386,100,253.00,144.14,46.62,843,121507,0.9993
724,724,OLQVL,*AUTO*,44,1374,90,188.00,117.26,30.40,895,104949,0.9991
725,725,CEPSHVL,*AUTO*,38,1355,89,165.00,76.78,30.77,895,68715,0.9932
726,726,RIPL,*AUTO*,42,1374,67,189.00,131.20,26.34,895,117422,0.9932
727,727,OLLL,*AUTO*,41,1388,60,177.00,111.74,32.31,895,100007,0.9896
728,728,URYDL,*AUTO*,42,1375,52,211.00,139.45,32.93,1365,190347,0.9979
729,729,URADL,*AUTO*,43,1393,49,209.00,124.21,35.79,895,111171,0.9975
730,730,CEPSHDR,*AUTO*,74,1356,58,198.00,125.87,30.52,895,112653,0.9991
731,731,URYDR,*AUTO*,71,1370,48,244.00,173.28,35.97,876,151789,0.9887
732,732,URADR,*AUTO*,70,1384,46,231.00,146.31,41.97,895,130945,0.9917
733,733,RMER,*AUTO*,75,1360,73,242.00,156.64,39.13,783,122650,0.9986
734,734,RIPR,*AUTO*,73,1373,71,202.00,135.16,36.46,893,120699,0.9968
735,735,OLLR,*AUTO*,74,1380,62,198.00,137.80,26.90,789,108723,0.9893
736,736,URBR,*AUTO*,81,1384,67,217.00,129.63,42.98,1365,176949,0.9956
737,737,BAGR,*AUTO*,78,1364,86,197.00,111.65,36.70,1351,150836,0.9955
738,738,IL1R,*AUTO*,77,1391,82,204.00,112.34,37.10,895,100542,0.9967
739,739,URYVR,*AUTO*,73,1382,89,221.00,149.95,31.19,895,134204,0.9955
740,740,OLQVR,*AUTO*,71,1370,92,205.00,134.72,26.28,895,120578,0.9975
741,741,URAVR,*AUTO*,65,1376,103,216.00,146.76,33.31,873,128119,0.9974
742,742,CEPVR,*AUTO*,62,1359,102,234.00,147.45,36.73,884,130346,0.9984
743,743,CEPVL,*AUTO*,53,1365,102,238.00,147.84,31.38,574,84862,0.9996
744,744,IL1VR,*AUTO*,57,1371,103,232.00,157.41,34.29,485,76346,0.9956
745,745,IL1VL,*AUTO*,57,1384,102,247.00,150.09,42.32,893,134028,0.9994
746,746,IL2VL,*AUTO*,51,1400,105,214.00,116.55,34.54,842,98133,0.9990
747,747,IL2VR,*AUTO*,70,1423,103,192.00,118.66,38.30,895,106199,0.9822
748,748,RMED,*AUTO*,57,1357,43,251.00,181.21,35.79,893,161818,0.9975
749,749,OLQDR,*AUTO*,65,1363,46,251.00,190.95,28.81,485,92610,0.9971
750,750,OLQDL,*AUTO*,51,1367,45,241.00,171.71,22.94,485,83278,0.9966
751,751,IL1DR,*AUTO*,61,1376,47,249.00,202.76,21.41,485,98337,0.9943
752,752,IL1DL,*AUTO*,50,1382,47,233.00,176.55,23.03,485,85626,0.9961
753,753,OLLSOR,*AUTO*,84,1428,61,224.00,147.54,31.24,894,131901,0.9860
754,754,OLQSHDR,*AUTO*,86,1438,67,240.00,125.76,41.75,895,112553,0.9823
755,755,ILSHDR,*AUTO*,78,1451,57,238.00,147.82,45.10,871,128751,0.9986
756,756,HYP1R,*AUTO*,82,1457,65,236.00,147.43,34.95,895,131952,0.9818
757,757,IL2DR,*AUTO*,68,1417,39,177.00,89.04,34.32,1363,121366,0.9927
758,758,ARCPVR,*AUTO*,78,1500,81,183.00,114.88,31.82,895,102821,0.9991
759,759,ILSHR,*AUTO*,76,1458,88,206.00,120.73,33.11,895,108051,0.9987
760,760,OLLSHR,*AUTO*,81,1432,84,217.00,124.97,47.47,895,111850,0.9952
761,761,OLLSOL,*AUTO*,36,1436,61,212.00,131.72,34.16,895,117890,0.9975
762,762,OLQSHDL,*AUTO*,33,1449,65,207.00,120.10,37.06,869,104364,0.9972
763,763,ILSHDL,*AUTO*,40,1452,58,209.00,132.76,32.41,895,118824,0.9998
764,764,ARCPDL,*AUTO*,41,1490,60,170.00,92.96,33.51,1248,116019,0.9993
765,765,AMSOL,*AUTO*,35,1496,66,131.00,65.35,29.44,1365,89199,0.9916
766,766,ARCPVL,*AUTO*,40,1498,88,141.00,84.06,26.44,1365,114745,0.9936
767,767,OLQSOVL,*AUTO*,41,1464,92,165.00,99.95,29.04,881,88055,0.9954
768,768,ILSHL,*AUTO*,38,1455,87,164.00,107.50,26.14,895,96211,0.9991
769,769,OLLSHL,*AUTO*,34,1445,79,198.00,126.68,31.54,851,107802,0.9992
770,770,OLQSHVL,*AUTO*,39,1439,85,226.00,143.43,29.89,895,128370,0.9978
771,771,ILSODL,*AUTO*,50,1551,48,213.00,126.20,26.85,895,112948,0.9980
772,772,OLQSODL,*AUTO*,50,1531,46,208.00,130.02,33.49,767,99724,0.9963
773,773,ARCPD,*AUTO*,62,1554,46,200.00,107.68,41.58,1365,146987,0.9977
774,774,ILSODR,*AUTO*,62,1527,44,215.00,127.64,33.17,895,114242,0.9955
775,775,OLQSODR,*AUTO*,62,1490,44,209.00,116.90,41.61,1365,159567,0.9967
776,776,HYP6D1,*AUTO*,55,1537,42,177.00,85.83,24.26,895,76822,0.9991
777,777,HYP6D4,*AUTO*,56,1451,40,163.00,55.02,30.95,5208,286542,0.9939
778,778,HYP7D1,*AUTO*,55,1402,36,133.00,46.76,23.70,3715,173725,0.9953
779,779,HYP7D2,*AUTO*,54,1298,38,134.00,52.52,21.61,3993,209701,0.9957
780,780,ARCAV,*AUTO*,64,1582,99,188.00,77.44,39.63,1365,105707,0.9940
781,781,ARCPV,*AUTO*,63,1551,100,189.00,110.87,32.46,895,99227,0.9979
782,782,HYP2V,*AUTO*,56,1571,98,180.00,95.90,38.94,895,85827,0.9978
783,783,HYP1V,*AUTO*,53,1538,99,172.00,87.70,38.53,558,48935,0.9957
784,784,ILSOVL,*AUTO*,55,1509,101,198.00,120.35,41.29,895,107715,0.9963
785,785,ILSHVL,*AUTO*,53,1478,101,208.00,127.26,36.51,895,113900,0.9932
786,786,ILSOVR,*AUTO*,66,1517,101,225.00,95.05,47.97,895,85072,0.9953
787,787,ILSHVR,*AUTO*,67,1495,99,183.00,105.44,40.23,895,94372,0.9923
788,788,HYP6V1,*AUTO*,59,1537,103,170.00,66.89,33.16,1365,91305,0.9968
789,789,HYP7V1,*AUTO*,59,1419,108,138.00,52.33,27.53,3539,185204,0.9992
790,790,HYP7V2,*AUTO*,59,1396,106,190.00,73.53,32.72,1365,100368,0.9974
791,791,DL1,*AUTO*,39,1527,60,125.00,45.47,22.41,4044,183892,0.9924
792,792,DL4,*AUTO*,37,1432,50,135.00,78.50,25.45,895,70261,0.9954
793,793,DL5,*AUTO*,44,1352,39,152.00,66.85,32.74,1365,91254,0.9977
794,794,DL6,*AUTO*,39,1333,48,158.00,70.92,27.60,1365,96801,0.9975
795,795,DL7,*AUTO*,49,1231,40,158.00,81.85,29.89,1365,111721,0.9973
796,796,DL8,*AUTO*,44,1189,40,134.00,46.70,26.24,4265,199177,0.9951
797,797,DL9,*AUTO*,46,1133,40,143.00,45.43,28.98,3614,164169,0.9950
798,798,DL10,*AUTO*,42,1112,44,129.00,41.98,25.87,3507,147227,0.9972
799,799,DL11,*AUTO*,46,1034,41,154.00,44.61,28.37,3054,136226,0.9993
800,800,DL12,*AUTO*,44,973,44,138.00,41.96,26.15,3116,130749,0.9992
801,801,DL14,*AUTO*,46,836,39,112.00,37.03,20.22,3192,118203,0.9969
802,802,DL16,*AUTO*,47,701,46,89.00,34.99,16.57,2271,79468,0.9985
803,803,DL20,*AUTO*,54,424,54,83.00,30.75,13.83,2520,77482,0.9988
804,804,DL21,*AUTO*,58,258,61,129.00,45.82,27.25,3368,154333,0.9937
805,805,VL3,*AUTO*,45,1467,103,150.00,80.00,25.12,895,71602,0.9983
806,806,VL5,*AUTO*,47,1365,106,183.00,106.02,29.57,813,86195,0.9996
807,807,VL6,*AUTO*,40,1363,100,161.00,70.46,34.08,895,63066,0.9951
808,808,VL7,*AUTO*,46,1244,108,191.00,100.56,35.86,895,90005,0.9984
809,809,VL8,*AUTO*,43,1195,107,168.00,82.53,32.51,1365,112659,0.9993
810,810,VL9,*AUTO*,46,1133,113,143.00,45.14,28.41,4118,185891,0.9955
811,811,VL11,*AUTO*,45,994,110,167.00,84.16,31.82,724,60931,0.9970
812,812,VL13,*AUTO*,46,875,103,132.00,66.70,23.91,1212,80839,0.9992
813,813,VL17,*AUTO*,50,536,97,70.00,27.81,11.31,3907,108636,0.9979
814,814,VL18,*AUTO*,52,455,97,75.00,37.78,13.91,1342,50700,0.9980
815,815,VL19,*AUTO*,53,272,91,124.00,46.27,26.69,3970,183676,0.9983
816,816,VR5,*AUTO*,72,1364,104,192.00,84.69,36.36,1365,115608,0.9975
817,817,VR8,*AUTO*,71,1218,106,185.00,88.40,34.33,1365,120660,0.9972
818,818,VR11,*AUTO*,65,1017,109,158.00,53.00,34.09,4391,232728,0.9944
819,819,VR12,*AUTO*,67,972,105,163.00,46.05,31.25,5033,231765,0.9968
820,820,VR13,*AUTO*,66,902,105,132.00,40.37,25.69,5104,206046,0.9969
821,821,VR14,*AUTO*,69,846,101,128.00,44.21,25.26,3680,162686,0.9993
822,822,CCRA,*AUTO*,74,1030,102,198.00,54.88,40.64,4558,250127,0.9981
823,823,CCRP,*AUTO*,71,992,100,199.00,98.57,40.30,1365,134554,0.9989
824,824,VR16,*AUTO*,69,708,101,121.00,52.27,19.23,1269,66335,0.9989
825,825,VR18,*AUTO*,74,553,101,85.00,31.27,14.51,5185,162111,0.9972
826,826,VR19,*AUTO*,74,454,101,103.00,35.84,17.63,4371,156653,0.9980
827,827,DR1,*AUTO*,74,1537,56,135.00,45.89,27.65,6183,283710,0.9964
828,828,DR4,*AUTO*,77,1411,45,162.00,94.03,29.48,895,84158,0.9912
829,829,DR5,*AUTO*,68,1345,38,155.00,88.55,27.98,873,77301,0.9950
830,830,DR6,*AUTO*,73,1345,47,162.00,91.04,27.00,895,81478,0.9996
831,831,DR9,*AUTO*,68,1170,38,162.00,47.12,33.03,4664,219784,0.9907
832,832,DR11,*AUTO*,61,1074,40,150.00,44.65,30.48,3660,163411,0.9969
833,833,DR12,*AUTO*,67,993,46,146.00,41.14,27.28,3809,156701,0.9993
834,834,DR13,*AUTO*,61,961,42,152.00,46.17,30.97,3303,152498,0.9957
835,835,DR14,*AUTO*,68,882,44,120.00,60.40,21.69,1332,80457,0.9997
836,836,H0R,*AUTO*,85,1465,76,158.00,59.65,34.18,1365,81419,0.9951
837,837,H1R,*AUTO*,84,1362,71,226.00,75.19,44.66,2969,223244,0.9965
838,838,AMSHR,*AUTO*,78,1210,55,160.00,49.24,26.10,6003,295585,0.9965
839,839,ALMR,*AUTO*,76,886,52,139.00,79.18,23.37,1322,104672,0.9996
840,840,HSNR,*AUTO*,76,709,93,127.00,69.05,16.82,1365,94248,0.9991
841,841,V1R,*AUTO*,80,1042,73,118.00,37.27,21.45,5530,206116,0.9939
842,842,P1/2R,*AUTO*,79,990,88,144.00,45.77,27.69,4259,194926,0.9967
843,843,V2R,*AUTO*,79,936,83,95.00,32.05,16.79,5849,187478,0.9995
844,844,P3/4R,*AUTO*,79,884,88,114.00,36.51,19.48,4904,179065,0.9994
845,845,HYP7RC2,*AUTO*,80,863,62,73.00,26.90,12.11,4900,131819,0.9991
846,846,V4R,*AUTO*,76,673,81,62.00,23.26,9.03,5292,123095,0.9950
847,847,V5R,*AUTO*,81,557,84,71.00,24.60,9.87,5090,125192,0.9984
848,848,HYP7RC5,*AUTO*,81,505,69,43.00,19.75,5.85,2830,55884,1.0000
849,849,QR,*AUTO*,74,620,86,62.00,27.80,10.49,3908,108660,0.9996
850,850,HYP7RC4,*AUTO*,75,643,65,64.00,22.47,7.96,3178,71400,0.9994
851,851,HYP7RC6,*AUTO*,73,295,67,65.00,23.59,11.64,1365,32196,0.9973
852,852,VR15,*AUTO*,70,794,100,121.00,67.36,23.60,1365,91941,0.9989
853,853,P5/6R,*AUTO*,78,786,91,104.00,44.23,17.27,1365,60368,0.9980
854,854,P11/12R,*AUTO*,79,364,86,98.00,43.18,19.25,1273,54971,0.9980
855,855,IMR,*AUTO*,77,398,91,98.00,59.74,13.30,895,53471,0.9985
856,856,H1L,*AUTO*,33,1384,71,117.00,63.44,23.71,1365,86598,0.9941
857,857,AMSHL,*AUTO*,37,1212,60,125.00,49.34,20.58,4035,199081,0.9984
858,858,MC3DL,*AUTO*,40,1146,70,130.00,72.47,27.31,895,64863,0.9947
859,859,V1L,*AUTO*,32,1046,72,96.00,32.24,16.54,3987,128560,0.9959
860,860,P1/2L,*AUTO*,33,996,89,106.00,32.42,15.59,5410,175411,0.9974
861,861,HYP7LC2,*AUTO*,35,882,64,64.00,23.67,8.94,2688,63635,0.9983
862,862,V3L,*AUTO*,34,820,81,58.00,24.15,9.28,3481,84068,0.9999
863,863,P5/6L,*AUTO*,36,752,89,69.00,24.66,10.39,5181,127767,0.9995
864,864,HYP7LC3,*AUTO*,37,783,54,67.00,24.35,10.07,3048,74215,0.9957
865,865,V4L,*AUTO*,35,677,81,61.00,24.07,8.88,2798,67350,0.9980
866,866,P7/8L,*AUTO*,35,621,93,58.00,24.48,8.73,3899,95464,0.9984
867,867,HYP7LC4,*AUTO*,37,614,67,44.00,20.17,5.80,2530,51041,0.9988
868,868,V6L,*AUTO*,47,450,78,48.00,22.02,7.25,2919,64264,0.9995
869,869,P11/12L,*AUTO*,45,371,84,70.00,28.86,11.24,1177,33966,0.9994
870,870,HYP7LC6,*AUTO*,47,323,65,82.00,25.80,14.87,965,24895,0.9960
871,871,Z1,*AUTO*,71,762,90,107.00,34.53,18.87,4355,150376,0.9956
872,872,Z2,*AUTO*,64,743,93,110.00,36.15,18.17,9233,333784,0.9986
873,873,Z4,*AUTO*,46,691,93,82.00,30.27,14.94,4219,127703,0.9982
874,874,INDL1,*AUTO*,41,1061,54,81.00,27.74,11.72,4457,123628,0.9962
875,875,INVL1,*AUTO*,43,1066,98,80.00,30.14,13.63,5203,156820,0.9980
876,876,INV2,*AUTO*,46,1001,94,67.00,25.30,9.98,5031,127291,0.9961
877,877,INV6,*AUTO*,62,689,84,39.00,17.17,6.22,2969,50988,0.9983
878,878,INV7,*AUTO*,59,579,87,39.00,18.57,5.63,2827,52488,0.9973
879,879,*NOUSE*,*NOUSE*,0,0,0,0.00,0.00,0.00,0,0,0.0000
880,880,INV9,*AUTO*,66,405,93,63.00,31.64,9.33,1365,43193,0.9984
881,881,SPH,*AUTO*,51,363,78,98.00,54.71,16.01,1365,74682,0.9995
882,882,PVPL,*AUTO*,53,367,91,112.00,68.82,16.46,1365,93942,0.9950
883,883,DD6,*AUTO*,61,355,90,157.00,101.58,19.90,1219,123827,0.9996
884,884,PVPR,*AUTO*,71,360,91,155.00,87.17,27.35,1365,118982,0.9984
885,885,DA9,*AUTO*,68,345,93,140.00,77.76,21.85,1365,106141,0.9978
886,886,U,*AUTO*,59,338,85,138.00,75.98,21.03,895,68000,0.9999
887,887,PVQR,*AUTO*,73,317,79,131.00,76.69,21.95,1346,103221,0.9957
888,888,PHBR,*AUTO*,71,298,81,142.00,93.65,17.81,893,83629,0.9983
889,889,PHAR,*AUTO*,70,308,91,145.00,90.32,22.53,893,80653,0.9959
890,890,LUAR,*AUTO*,67,285,82,178.00,117.70,25.97,895,105345,0.9882
891,891,PVCR,*AUTO*,66,273,84,168.00,116.00,23.57,762,88393,0.9962
892,892,TR,*AUTO*,62,225,73,94.00,32.66,16.72,4567,149139,0.9996
893,893,HYP71,*AUTO*,53,211,87,120.00,39.21,23.02,4078,159910,0.9965
894,894,HYP8,*AUTO*,55,164,80,128.00,68.83,24.19,1278,87970,0.9999
895,895,HYP11,*AUTO*,52,164,70,144.00,76.39,23.96,1365,104276,0.9996
896,896,HYP102,*AUTO*,55,88,78,129.00,41.87,26.44,4866,203730,0.9983
897,897,HYP9,*AUTO*,56,129,82,139.00,46.73,30.05,4134,193163,0.9971
898,898,K,*AUTO*,55,325,63,115.00,65.93,20.68,1365,90000,0.9983
900,900,B,*AUTO*,61,299,89,132.00,63.48,20.64,2103,133497,0.9945
901,901,DEP,*AUTO*,60,285,65,132.00,92.15,15.65,895,82471,0.9982
902,902,DVC,*AUTO*,57,272,80,167.00,97.82,23.46,1365,133529,0.9972
903,903,DA7,*AUTO*,61,451,103,106.00,67.60,14.52,1365,92273,0.9997
904,904,INV8,*AUTO*,66,484,93,70.00,25.42,9.51,1358,34520,0.9970
905,905,DB7,*AUTO*,59,482,103,90.00,51.69,15.09,1365,70558,0.9960
906,906,DA4,*AUTO*,54,871,107,152.00,89.10,23.60,1365,121624,0.9964
907,907,DA3,*AUTO*,53,991,112,194.00,79.14,41.81,2103,166434,0.9880
908,908,REPD,*AUTO*,63,337,58,126.00,62.38,23.06,1365,85151,0.9961
909,909,PVT,*AUTO*,64,381,97,109.00,62.65,17.96,1365,85523,0.9982
910,910,GLRDL,*AUTO*,50,1325,59,237.00,158.86,37.07,895,142180,0.9945
912,912,f1,*MANUAL*,49,250,81,50.00,9.24,7.13,895,8271,0.0000
913,913,f2,*MANUAL*,69,883,56,93.00,13.74,16.28,895,12296,0.0000
914,914,f3,*MANUAL*,66,1063,85,14.00,1.15,1.80,895,1032,0.0000
915,915,f4,*MANUAL*,64,1064,67,26.00,2.32,3.35,895,2079,0.0000
916,916,f5,*MANUAL*,47,1063,62,35.00,5.70,5.86,895,5102,0.0000
917,917,f6,*MANUAL*,50,1063,83,13.00,1.40,1.76,895,1254,0.0000
918,918,f7,*MANUAL*,43,877,62,22.00,5.79,4.45,895,5178,0.0000
919,919,f8,*MANUAL*,67,1179,63,51.00,4.60,5.52,895,4116,0.0000
920,920,f9,*MANUAL*,60,1308,64,117.00,28.86,15.09,895,25827,0.0000
921,921,f10,*MANUAL*,59,1424,58,175.00,33.94,32.80,895,30376,0.0000
