0,0,*NOUSE*,*NOUSE*,0,0,0,0,0,0,0,0
1,1,,*MANUAL*,71,1330,34,172.00,82.83,28.64,1919,158955
2,2,,*MANUAL*,70,1352,42,240.00,121.60,45.55,1495,181789
3,3,,*MANUAL*,60,1357,45,236.00,122.08,47.59,2015,245999
4,4,,*MANUAL*,63,1369,47,233.00,118.66,48.66,1917,227474
5,5,,*MANUAL*,79,1354,41,232.00,115.82,47.97,2084,241377
6,6,,*MANUAL*,79,1368,45,242.00,134.30,57.12,1490,200111
7,7,,*MANUAL*,86,1393,41,224.00,98.00,44.17,2062,202069
8,8,,*MANUAL*,58,1390,47,164.00,83.53,28.31,2059,171993
9,9,,*MANUAL*,52,1346,57,163.00,68.30,29.59,2882,196850
10,10,,*MANUAL*,52,1365,53,223.00,106.27,44.35,2015,214144
11,11,,*MANUAL*,53,1378,52,225.00,112.68,41.94,1973,222322
12,12,,*MANUAL*,54,1346,71,185.00,106.82,35.18,1831,195590
13,13,,*MANUAL*,54,1361,71,193.00,95.02,32.64,1853,176068
14,14,,*MANUAL*,55,1375,63,194.00,96.11,30.74,1864,179154
15,15,,*MANUAL*,51,1395,61,204.00,94.87,42.66,1859,176362
16,16,,*MANUAL*,51,1412,62,218.00,106.95,45.70,1247,133371
17,17,,*MANUAL*,48,1423,66,200.00,104.04,38.77,2040,212247
18,18,,*MANUAL*,58,1441,58,208.00,105.00,43.43,1563,164113
19,19,,*MANUAL*,51,1438,62,213.00,103.52,45.85,1984,205390
20,20,,*MANUAL*,57,1459,59,160.00,79.44,32.33,2103,167061
21,21,,*MANUAL*,56,1475,63,169.00,83.44,32.02,2077,173306
22,22,,*MANUAL*,53,1488,69,164.00,78.33,33.04,2087,163476
23,23,,*MANUAL*,53,1501,76,154.00,77.78,30.89,2073,161233
24,24,,*MANUAL*,55,1479,83,187.00,100.25,38.27,1911,191580
25,25,,*MANUAL*,54,1465,82,185.00,101.91,29.52,2053,209229
26,26,,*MANUAL*,56,1453,89,196.00,100.42,37.71,2028,203652
27,27,,*MANUAL*,54,1435,88,215.00,102.84,42.85,1956,201148
28,28,,*MANUAL*,49,1429,78,206.00,112.95,35.25,2060,232675
29,29,,*MANUAL*,49,1412,82,207.00,108.65,40.94,1911,207639
30,30,,*MANUAL*,50,1393,84,215.00,113.44,42.60,2062,233912
31,31,,*MANUAL*,46,1401,70,167.00,95.50,25.82,2069,197595
32,32,,*MANUAL*,48,1374,71,231.00,107.06,37.67,1647,176334
33,33,,*MANUAL*,54,1348,85,196.00,95.49,32.95,2573,245695
34,34,,*MANUAL*,54,1378,80,207.00,109.86,37.57,1600,175779
35,35,,*MANUAL*,56,1363,89,222.00,117.27,38.61,2005,235134
36,36,,*MANUAL*,62,1350,91,236.00,148.84,34.21,1401,208525
37,37,,*MANUAL*,57,1331,92,217.00,76.33,43.37,2923,223114
38,38,,*MANUAL*,92,1350,53,219.00,96.48,48.93,2103,202902
39,39,,*MANUAL*,89,1363,46,230.00,125.11,54.31,1843,230580
40,40,,*MANUAL*,88,1375,46,252.00,136.58,51.58,2049,279852
41,41,,*MANUAL*,92,1344,67,233.00,116.94,49.80,1818,212593
42,42,,*MANUAL*,92,1357,66,235.00,122.15,40.99,2055,251018
43,43,,*MANUAL*,92,1372,59,234.00,126.01,41.79,1991,250883
44,44,,*MANUAL*,95,1385,56,253.00,113.13,62.35,2055,232492
45,45,,*MANUAL*,99,1409,59,244.00,105.16,58.97,1895,199273
46,46,,*MANUAL*,100,1423,59,250.00,118.52,61.59,2063,244499
47,47,,*MANUAL*,93,1436,55,244.00,119.57,49.54,1627,194537
48,48,,*MANUAL*,95,1445,58,245.00,128.61,48.15,1785,229563
49,49,,*MANUAL*,94,1462,58,232.00,102.44,46.13,2063,211342
50,50,,*MANUAL*,98,1477,63,204.00,89.81,47.46,2057,184739
51,51,,*MANUAL*,102,1490,67,204.00,90.03,47.19,1935,174208
52,52,,*MANUAL*,101,1491,79,229.00,114.71,49.47,2041,234114
53,53,,*MANUAL*,99,1471,79,246.00,120.59,46.16,2005,241786
54,54,,*MANUAL*,97,1457,84,231.00,111.95,44.52,2082,233076
55,55,,*MANUAL*,98,1438,82,232.00,110.77,38.95,2082,230626
56,56,,*MANUAL*,103,1423,73,246.00,110.71,52.59,1999,221307
57,57,,*MANUAL*,102,1412,79,236.00,108.14,58.12,2006,216921
58,58,,*MANUAL*,101,1386,80,248.00,115.23,64.18,1909,219979
59,59,,*MANUAL*,103,1395,71,202.00,99.84,45.37,2069,206570
60,60,,*MANUAL*,102,1377,64,247.00,122.04,61.53,1779,217107
61,61,,*MANUAL*,96,1345,82,196.00,103.34,37.50,1955,202021
62,62,,*MANUAL*,91,1374,90,241.00,111.22,49.89,1813,201634
63,63,,*MANUAL*,94,1364,82,246.00,143.31,49.66,1817,260400
64,64,,*MANUAL*,98,1375,74,250.00,141.14,42.55,2103,296827
65,65,,*MANUAL*,89,1355,87,239.00,135.82,43.95,1737,235912
66,66,,*MANUAL*,86,1337,91,232.00,113.65,47.04,2044,232300
67,67,,*MANUAL*,73,1319,105,194.00,94.72,35.48,2087,197687
68,68,,*MANUAL*,69,1333,102,226.00,142.59,40.58,1268,180804
69,69,,*MANUAL*,79,1333,102,228.00,139.38,46.28,2094,291854
70,70,*NOUSE*,*NOUSE*,0,0,0,0,0,0,0,0
71,71,,*MANUAL*,66,1355,96,250.00,150.30,51.85,1664,250098
72,72,,*MANUAL*,61,1371,98,206.00,94.73,44.85,2103,199225
73,73,,*MANUAL*,82,1370,96,229.00,123.92,44.48,1903,235815
74,74,,*MANUAL*,81,1353,93,251.00,160.40,48.30,1553,249095
75,75,,*MANUAL*,74,1363,91,249.00,152.97,43.69,2103,321695
76,76,,*MANUAL*,74,1346,95,254.00,162.08,42.26,2103,340846
77,77,,*MANUAL*,75,1618,51,161.00,48.57,31.60,2969,144196
78,78,,*MANUAL*,83,1556,44,178.00,78.03,38.98,2103,164088
79,79,,*MANUAL*,82,1539,42,204.00,102.70,35.31,1775,182292
80,80,,*MANUAL*,71,1528,45,202.00,94.12,43.43,2089,196614
81,81,,*MANUAL*,72,1497,44,226.00,109.50,51.65,1733,189770
82,82,,*MANUAL*,70,1480,44,235.00,110.17,50.83,1910,210428
83,83,,*MANUAL*,88,1511,47,218.00,92.96,45.29,1726,160442
84,84,,*MANUAL*,85,1488,44,231.00,95.86,54.28,1883,180509
85,85,,*MANUAL*,80,1506,40,222.00,76.64,39.72,2969,227547
86,86,,*MANUAL*,76,1463,39,165.00,61.27,32.54,2969,181918
87,87,,*MANUAL*,73,1422,37,196.00,74.29,36.34,2103,156233
88,88,,*MANUAL*,72,1391,36,204.00,85.11,41.57,2103,178977
89,89,,*MANUAL*,71,1370,35,158.00,62.77,24.31,2969,186351
90,90,,*MANUAL*,70,1268,32,111.00,51.47,21.59,2796,143904
91,91,,*MANUAL*,74,1620,87,146.00,58.59,29.63,2103,123218
92,92,,*MANUAL*,77,1594,92,167.00,66.27,34.42,2103,139365
93,93,,*MANUAL*,74,1569,95,189.00,64.61,43.49,2963,191430
94,94,,*MANUAL*,81,1556,97,185.00,91.25,36.70,2053,187330
95,95,,*MANUAL*,74,1544,97,211.00,102.92,46.69,2029,208823
96,96,,*MANUAL*,83,1535,98,216.00,95.71,51.77,2091,200129
97,97,,*MANUAL*,74,1524,99,223.00,120.57,46.04,1871,225589
98,98,,*MANUAL*,73,1505,100,242.00,119.86,50.56,2089,250395
99,99,,*MANUAL*,82,1515,100,228.00,110.44,53.62,2103,232257
100,100,,*MANUAL*,84,1495,101,234.00,107.26,47.23,2103,225564
101,101,,*MANUAL*,74,1479,102,145.00,73.09,29.32,2772,202610
102,102,,*MANUAL*,74,1400,107,156.00,74.49,33.57,2674,199175
103,103,,*MANUAL*,73,1361,109,166.00,61.16,28.12,4139,253141
104,104,,*MANUAL*,45,1377,82,214.00,76.82,36.65,2969,228068
105,105,,*MANUAL*,72,1365,55,210.00,106.14,39.48,2103,223210
106,106,,*MANUAL*,64,1364,75,227.00,115.17,43.57,2103,242201
107,107,,*MANUAL*,83,1364,74,237.00,125.19,49.27,2103,263281
108,108,,*MANUAL*,75,1394,51,235.00,121.54,49.77,1990,241868
109,109,,*MANUAL*,62,1392,85,217.00,108.19,47.38,2103,227520
110,110,,*MANUAL*,89,1390,82,243.00,129.25,47.92,2077,268445
111,111,,*MANUAL*,74,1406,47,235.00,112.30,52.00,1378,154752
112,112,,*MANUAL*,67,1408,54,236.00,112.39,43.02,2033,228487
113,113,,*MANUAL*,82,1406,53,221.00,114.25,35.21,2030,231936
114,114,,*MANUAL*,93,1405,72,247.00,119.75,47.43,2103,251844
115,115,,*MANUAL*,60,1402,71,179.00,90.33,39.75,2103,189964
116,116,,*MANUAL*,68,1406,93,176.00,96.65,30.68,1979,191280
117,117,,*MANUAL*,84,1402,90,223.00,98.93,36.31,2103,208042
118,118,*NOUSE*,*NOUSE*,0,0,0,0,0,0,0,0
119,119,,*MANUAL*,72,1426,54,253.00,116.82,63.51,1248,145788
120,120,,*MANUAL*,79,1424,52,254.00,112.09,77.74,1696,190098
121,121,,*MANUAL*,90,1432,70,254.00,124.45,57.71,1575,196015
122,122,,*MANUAL*,68,1417,81,239.00,140.43,38.81,979,137479
123,123,,*MANUAL*,60,1413,85,248.00,145.67,48.65,2103,306337
124,124,,*MANUAL*,83,1420,79,254.00,130.97,64.64,1819,238238
125,125,,*MANUAL*,93,1420,83,255.00,155.80,66.24,2057,320474
126,126,*NOUSE*,*NOUSE*,0,0,0,0,0,0,0,0
127,127,,*MANUAL*,67,1430,89,247.00,129.30,54.69,1779,230020
128,128,,*MANUAL*,61,1433,73,212.00,99.71,41.57,1764,175895
129,129,,*MANUAL*,65,1429,62,241.00,100.27,31.80,2969,297708
130,130,,*MANUAL*,85,1426,62,254.00,118.05,42.86,2969,350500
131,131,,*MANUAL*,76,1425,91,233.00,120.69,33.27,1835,221462
132,132,,*MANUAL*,85,1431,89,247.00,124.03,56.70,2103,260836
133,133,,*MANUAL*,76,1454,53,192.00,72.11,39.77,2103,151652
134,134,,*MANUAL*,78,1571,52,137.00,52.03,29.43,2103,109414
135,135,,*MANUAL*,79,1539,52,165.00,72.49,35.76,2103,152453
136,136,,*MANUAL*,78,1517,51,201.00,81.64,42.80,2103,171692
137,137,,*MANUAL*,78,1487,51,215.00,121.01,37.54,1247,150905
138,138,,*MANUAL*,67,1578,79,158.00,64.60,35.50,2103,135846
139,139,,*MANUAL*,67,1557,79,207.00,83.38,45.78,2103,175355
140,140,,*MANUAL*,66,1537,80,183.00,77.26,43.48,2103,162480
141,141,,*MANUAL*,66,1517,80,192.00,79.84,44.27,1961,156570
142,142,,*MANUAL*,65,1484,82,179.00,81.07,41.84,2103,170488
143,143,,*MANUAL*,66,1449,81,195.00,95.49,39.85,2103,200815
144,144,,*MANUAL*,88,1577,80,159.00,69.43,36.44,2103,146006
145,145,,*MANUAL*,90,1553,81,211.00,86.02,46.01,2103,180891
146,146,,*MANUAL*,90,1535,81,219.00,91.05,48.57,2064,187927
147,147,,*MANUAL*,91,1514,81,216.00,95.67,51.36,1822,174313
148,148,,*MANUAL*,91,1484,83,203.00,97.90,40.57,2061,201777
149,149,,*MANUAL*,88,1448,79,232.00,108.22,50.05,2103,227578
150,150,,*MANUAL*,87,1506,86,195.00,82.66,35.75,2103,173829
151,151,,*MANUAL*,88,1467,73,186.00,84.13,35.48,2103,176916
152,152,,*MANUAL*,83,1474,57,133.00,72.79,22.47,1981,144194
153,153,,*MANUAL*,73,1496,55,214.00,80.45,39.51,2103,169183
154,154,,*MANUAL*,65,1469,74,149.00,67.92,31.06,1921,130476
155,155,,*MANUAL*,70,1506,83,188.00,84.62,30.05,2011,170175
156,156,,*MANUAL*,49,1128,78,188.00,85.70,35.43,2000,171404
157,157,,*MANUAL*,49,1159,83,163.00,83.50,28.52,1793,149724
158,158,,*MANUAL*,49,1177,84,166.00,88.06,28.47,2091,184128
159,159,,*MANUAL*,50,1188,74,218.00,107.16,37.07,1900,203607
160,160,,*MANUAL*,48,1198,84,201.00,104.86,32.04,2011,210866
161,161,,*MANUAL*,51,1212,83,196.00,84.44,39.41,2072,174959
162,162,,*MANUAL*,53,1208,69,180.00,111.03,27.15,1732,192312
163,163,,*MANUAL*,47,1273,79,148.00,77.23,26.00,2762,213314
164,164,,*MANUAL*,47,1251,84,182.00,70.97,32.46,2705,191968
165,165,,*MANUAL*,47,1229,84,126.00,54.41,21.31,4051,220395
166,166,,*MANUAL*,46,1258,66,145.00,75.87,24.43,2714,205907
167,167,,*MANUAL*,47,1237,61,152.00,78.64,24.66,2805,220584
168,168,,*MANUAL*,51,1308,86,199.00,91.81,32.24,2042,187478
169,169,,*MANUAL*,50,1291,84,195.00,109.65,36.35,1787,195946
170,170,,*MANUAL*,45,1217,69,182.00,101.94,31.38,2103,214378
171,171,,*MANUAL*,47,1217,54,196.00,105.12,37.79,1999,210125
172,172,,*MANUAL*,48,1200,60,179.00,96.13,35.96,2103,202170
173,173,,*MANUAL*,51,1231,48,219.00,109.34,41.46,1882,205776
174,174,,*MANUAL*,53,1250,47,184.00,102.11,30.52,1939,197997
175,175,,*MANUAL*,48,1264,52,198.00,102.32,34.04,2065,211293
176,176,,*MANUAL*,48,1326,68,155.00,80.72,28.05,2071,167168
177,177,,*MANUAL*,48,1308,70,169.00,97.79,27.75,2061,201537
178,178,,*MANUAL*,49,1288,68,165.00,81.65,29.27,2873,234594
179,179,,*MANUAL*,50,1284,54,189.00,103.18,30.32,1865,192434
180,180,,*MANUAL*,57,1272,56,200.00,98.78,32.97,2087,206147
181,181,,*MANUAL*,51,1304,57,213.00,122.54,30.97,1115,136635
182,182,,*MANUAL*,58,1310,61,223.00,118.84,42.81,2029,241126
183,183,,*MANUAL*,59,1311,44,226.00,124.48,38.11,1955,243358
184,184,,*MANUAL*,66,1315,51,239.00,111.41,53.48,1947,216907
185,185,,*MANUAL*,79,1317,50,247.00,129.09,54.09,1835,236880
186,186,,*MANUAL*,71,1306,34,192.00,105.19,31.09,1974,207641
187,187,,*MANUAL*,86,1314,42,247.00,124.91,56.87,2057,256947
188,188,,*MANUAL*,67,1296,42,187.00,112.52,32.03,2082,234265
189,189,,*MANUAL*,63,1279,44,158.00,92.39,23.21,2103,194303
190,190,,*MANUAL*,64,1257,45,179.00,89.39,24.74,2969,265385
191,191,,*MANUAL*,64,1237,51,176.00,103.74,29.18,2101,217965
192,192,,*MANUAL*,62,1219,47,211.00,136.49,31.58,1125,153552
193,193,,*MANUAL*,57,1225,56,216.00,125.47,29.26,2086,261724
194,194,,*MANUAL*,57,1297,75,198.00,104.76,35.87,1929,202074
195,195,,*MANUAL*,57,1272,72,160.00,87.25,32.38,2103,183480
196,196,,*MANUAL*,56,1252,66,181.00,90.60,29.96,2103,190523
197,197,,*MANUAL*,54,1230,70,181.00,98.46,27.28,1903,187362
198,198,,*MANUAL*,97,1307,84,231.00,96.95,55.20,2019,195738
199,199,,*MANUAL*,99,1294,83,239.00,112.13,57.24,1957,219440
200,200,,*MANUAL*,101,1282,77,217.00,100.42,40.20,1979,198729
201,201,,*MANUAL*,101,1259,81,218.00,128.46,39.65,1157,148627
202,202,,*MANUAL*,101,1238,81,150.00,75.87,31.52,2917,221302
203,203,,*MANUAL*,99,1268,63,201.00,93.45,36.73,2810,262596
204,204,,*MANUAL*,98,1246,61,184.00,79.59,35.45,2777,221021
205,205,,*MANUAL*,98,1325,63,205.00,106.70,39.52,2055,219266
206,206,,*MANUAL*,99,1308,68,205.00,103.07,43.55,2093,215717
207,207,,*MANUAL*,99,1292,61,214.00,100.37,46.22,1957,196425
208,208,,*MANUAL*,95,1270,48,220.00,121.25,45.68,1955,237037
209,209,,*MANUAL*,90,1252,47,203.00,110.79,38.49,2009,222572
210,210,,*MANUAL*,90,1234,48,237.00,133.05,45.19,2063,274478
211,211,,*MANUAL*,99,1225,61,236.00,125.56,48.54,1909,239693
212,212,,*MANUAL*,92,1221,54,248.00,163.51,43.40,1301,212725
213,213,,*MANUAL*,92,1205,57,225.00,111.36,39.29,2048,228065
214,214,,*MANUAL*,103,1129,76,227.00,104.28,49.86,2053,214077
215,215,,*MANUAL*,103,1151,77,203.00,97.91,36.14,2103,205904
216,216,,*MANUAL*,101,1173,80,213.00,100.12,46.30,1919,192134
217,217,,*MANUAL*,97,1194,72,218.00,116.15,46.34,2027,235431
218,218,,*MANUAL*,100,1207,69,234.00,129.26,44.13,1883,243397
219,219,,*MANUAL*,100,1218,74,235.00,123.82,43.51,2001,247760
220,220,,*MANUAL*,89,1215,68,242.00,143.00,41.22,2007,287003
221,221,,*MANUAL*,93,1305,51,222.00,111.41,46.76,1942,216365
222,222,,*MANUAL*,91,1283,59,231.00,123.60,38.64,2050,253385
223,223,,*MANUAL*,87,1265,56,208.00,122.85,32.83,2103,258357
224,224,,*MANUAL*,82,1235,59,229.00,125.81,41.56,2030,255393
225,225,,*MANUAL*,81,1223,52,247.00,145.17,45.13,2103,305295
226,226,,*MANUAL*,79,1247,51,192.00,116.32,30.67,2103,244612
227,227,,*MANUAL*,78,1267,43,177.00,101.30,22.78,2103,213043
228,228,,*MANUAL*,82,1284,43,171.00,99.48,27.82,2103,209213
229,229,,*MANUAL*,88,1295,57,235.00,148.63,28.63,1365,202886
230,230,,*MANUAL*,58,1294,55,184.00,112.35,31.43,2103,236274
231,231,,*MANUAL*,87,1311,59,243.00,129.11,48.90,2103,271508
232,232,,*MANUAL*,92,1297,73,235.00,118.04,43.36,1723,203389
233,233,,*MANUAL*,89,1271,71,207.00,116.41,33.47,2033,236656
234,234,,*MANUAL*,88,1250,67,215.00,116.59,38.28,2103,245198
235,235,,*MANUAL*,93,1233,70,221.00,116.00,38.14,2103,243941
236,236,,*MANUAL*,58,1292,97,208.00,111.93,36.52,1788,200139
237,237,,*MANUAL*,58,1271,101,207.00,103.68,38.90,1897,196672
238,238,,*MANUAL*,60,1254,99,237.00,116.26,37.22,1724,200432
239,239,,*MANUAL*,59,1233,97,206.00,94.89,38.99,1956,185606
240,240,,*MANUAL*,53,1244,93,187.00,96.52,32.35,2103,202979
241,241,,*MANUAL*,89,1294,98,211.00,95.54,43.04,1885,180091
242,242,,*MANUAL*,90,1274,99,211.00,97.77,43.41,2018,197302
243,243,,*MANUAL*,89,1258,99,210.00,99.13,46.63,1933,191612
244,244,,*MANUAL*,92,1242,93,243.00,104.36,43.41,1857,193788
245,245,,*MANUAL*,87,1239,85,215.00,101.54,35.26,2103,213548
246,246,,*MANUAL*,70,1253,96,218.00,115.13,45.68,1683,193771
247,247,,*MANUAL*,82,1254,89,228.00,124.44,38.49,1933,240549
248,248,,*MANUAL*,92,1260,86,242.00,135.06,39.54,2097,283213
249,249,,*MANUAL*,74,1274,112,171.00,76.64,38.48,2103,161179
250,250,,*MANUAL*,73,1259,104,205.00,104.86,39.33,2090,219167
251,251,,*MANUAL*,72,1232,109,173.00,60.38,32.02,2969,179272
252,252,,*MANUAL*,58,1266,88,183.00,90.17,33.45,2103,189632
253,253,,*MANUAL*,67,1271,97,229.00,123.67,36.48,1741,215305
254,254,,*MANUAL*,92,1282,86,223.00,119.71,41.12,1863,223027
255,255,,*MANUAL*,83,1272,83,197.00,111.69,32.79,1994,222706
256,256,*NOUSE*,*NOUSE*,0,0,0,0,0,0,0,0
257,257,,*MANUAL*,58,1283,88,245.00,116.07,45.10,2059,238987
258,258,,*MANUAL*,66,1289,94,239.00,155.80,34.09,1129,175896
259,259,,*MANUAL*,74,1285,96,226.00,129.14,38.62,1611,208046
260,260,,*MANUAL*,83,1288,92,229.00,139.40,41.28,2091,291476
261,261,,*MANUAL*,81,1305,86,254.00,159.12,49.96,1033,164370
262,262,*NOUSE*,*NOUSE*,0,0,0,0,0,0,0,0
263,263,,*MANUAL*,61,1302,83,238.00,144.39,36.43,1145,165330
264,264,,*MANUAL*,69,1306,87,249.00,155.72,52.38,1365,212561
265,265,,*MANUAL*,85,1298,80,246.00,152.91,49.55,2103,321565
266,266,,*MANUAL*,80,1270,95,235.00,125.96,41.23,2103,264892
267,267,,*MANUAL*,82,1223,93,112.00,48.09,19.65,3972,191006
268,268,,*MANUAL*,72,1209,83,156.00,78.91,30.65,2070,163340
269,269,,*MANUAL*,63,1220,70,154.00,76.29,28.65,2878,219568
270,270,,*MANUAL*,77,1220,68,164.00,87.79,25.00,2103,184615
271,271,,*MANUAL*,79,1200,53,185.00,107.10,26.21,2058,220408
272,272,,*MANUAL*,65,1200,53,209.00,103.57,28.40,2103,217807
273,273,,*MANUAL*,62,1198,69,163.00,95.45,27.73,2103,200731
274,274,,*MANUAL*,83,1197,70,219.00,101.01,40.78,2101,212224
275,275,,*MANUAL*,80,1187,83,192.00,110.94,28.39,1763,195590
276,276,,*MANUAL*,68,1188,82,173.00,105.03,25.32,1973,207234
277,277,,*MANUAL*,60,1184,74,233.00,135.76,38.24,1365,185316
278,278,,*MANUAL*,60,1163,72,164.00,67.18,24.55,2875,193156
279,279,,*MANUAL*,59,1137,74,168.00,67.79,30.20,2969,201265
280,280,,*MANUAL*,61,1173,54,153.00,77.05,27.42,2930,225767
281,281,,*MANUAL*,61,1161,42,203.00,99.26,40.00,2103,208735
282,282,,*MANUAL*,63,1125,47,220.00,109.08,40.62,1900,207255
283,283,,*MANUAL*,58,1133,55,169.00,89.49,28.29,2103,188198
284,284,,*MANUAL*,87,1183,74,244.00,116.55,54.94,2103,245105
285,285,,*MANUAL*,88,1164,75,181.00,91.23,29.68,2103,191864
286,286,,*MANUAL*,89,1139,76,194.00,91.53,32.67,2028,185615
287,287,,*MANUAL*,89,1179,58,186.00,107.10,26.46,1981,212169
288,288,,*MANUAL*,89,1164,45,236.00,112.65,47.91,1955,220231
289,289,,*MANUAL*,91,1141,57,192.00,87.92,39.23,2103,184905
290,290,,*MANUAL*,74,1189,43,214.00,110.46,38.60,2063,227874
291,291,,*MANUAL*,76,1168,44,213.00,89.18,28.44,2969,264762
292,292,,*MANUAL*,76,1131,40,165.00,73.43,31.64,2969,218014
293,293,,*MANUAL*,74,1169,87,196.00,87.53,39.62,2103,184072
294,294,,*MANUAL*,69,1139,88,161.00,74.83,27.04,2102,157290
295,295,,*MANUAL*,81,1130,86,212.00,104.76,42.29,1993,208782
296,296,,*MANUAL*,63,1125,85,219.00,102.92,45.52,1843,189683
297,297,,*MANUAL*,74,1120,82,207.00,90.51,41.39,1857,168073
298,298,,*MANUAL*,76,1114,91,232.00,116.46,53.04,1777,206941
299,299,,*MANUAL*,75,1105,87,192.00,64.07,48.53,2103,134732
300,300,,*MANUAL*,83,1121,53,226.00,92.34,41.57,2103,194200
301,301,,*MANUAL*,79,1097,56,180.00,87.73,31.69,2099,184142
302,302,,*MANUAL*,73,1093,68,201.00,81.19,51.94,2103,170743
303,303,,*MANUAL*,92,1105,70,231.00,99.38,43.16,2103,208989
304,304,,*MANUAL*,58,1105,67,170.00,65.48,40.15,2969,194408
305,305,,*MANUAL*,88,1032,87,109.00,47.22,16.39,4139,195429
306,306,,*MANUAL*,63,1028,91,110.00,41.94,18.09,4137,173515
307,307,,*MANUAL*,89,1025,50,109.00,48.61,18.87,4139,201185
308,308,,*MANUAL*,63,1042,55,89.00,40.85,14.10,4139,169074
309,309,,*MANUAL*,79,975,50,83.00,39.87,11.97,4139,165039
310,310,,*MANUAL*,75,923,53,90.00,36.90,13.05,4139,152732
311,311,,*MANUAL*,75,851,53,82.00,35.84,12.65,4139,148331
312,312,,*MANUAL*,83,770,58,77.00,34.76,12.09,4139,143851
313,313,,*MANUAL*,68,972,95,82.00,37.67,13.21,4139,155918
314,314,,*MANUAL*,75,898,93,79.00,35.29,11.99,4139,146061
315,315,,*MANUAL*,77,809,91,80.00,34.95,11.71,4091,142980
316,316,,*MANUAL*,70,723,57,83.00,37.66,13.09,4139,155878
317,317,,*MANUAL*,87,673,75,103.00,35.39,15.89,4139,146483
318,318,,*MANUAL*,74,576,81,88.00,39.08,13.62,4110,160623
319,319,,*MANUAL*,80,458,81,109.00,53.26,19.74,2969,158136
320,320,,*MANUAL*,80,380,84,146.00,61.80,26.47,3861,238621
321,321,,*MANUAL*,74,634,57,85.00,38.87,14.55,4139,160883
322,322,,*MANUAL*,81,518,59,106.00,37.10,17.20,4139,153571
323,323,,*MANUAL*,80,429,58,126.00,48.57,20.06,4139,201038
324,324,,*MANUAL*,76,375,56,172.00,57.25,31.19,4138,236888
325,325,,*MANUAL*,76,473,98,251.00,76.63,59.31,4139,317176
326,326,,*MANUAL*,77,445,98,248.00,115.62,54.37,2103,243143
327,327,,*MANUAL*,78,421,98,253.00,144.44,47.95,1615,233266
328,328,,*MANUAL*,78,645,99,227.00,105.39,56.82,2594,273394
329,329,,*MANUAL*,72,577,98,250.00,110.91,51.55,2969,329305
330,330,,*MANUAL*,72,548,99,240.00,100.26,54.89,2969,297674
331,331,,*MANUAL*,76,703,105,237.00,91.27,57.10,2969,270983
332,332,,*MANUAL*,75,760,102,235.00,112.52,46.27,2091,235272
333,333,,*MANUAL*,76,824,104,225.00,98.32,51.68,2103,206774
334,334,,*MANUAL*,77,840,104,251.00,105.52,52.34,2057,217057
335,335,,*MANUAL*,76,919,107,200.00,83.92,45.74,2103,176481
336,336,,*MANUAL*,76,943,108,219.00,93.72,49.64,2103,197100
337,337,,*MANUAL*,77,990,105,238.00,108.12,41.99,1937,209429
338,338,,*MANUAL*,76,1029,100,202.00,90.19,39.32,2103,189669
339,339,,*MANUAL*,77,1051,101,166.00,74.37,31.28,2103,156407
340,340,,*MANUAL*,76,1102,102,179.00,81.39,38.61,2103,171170
341,341,,*MANUAL*,77,1120,103,199.00,89.25,37.91,2103,187697
342,342,,*MANUAL*,77,1137,106,188.00,87.65,35.22,1757,153999
343,343,,*MANUAL*,73,1146,103,207.00,103.71,44.79,1991,206480
344,344,,*MANUAL*,85,1153,99,207.00,107.56,45.79,1771,190495
345,345,,*MANUAL*,78,1162,104,195.00,99.52,37.19,1717,170873
346,346,,*MANUAL*,70,1159,102,225.00,120.24,41.09,1599,192268
347,347,,*MANUAL*,71,1177,108,214.00,94.86,50.49,1840,174543
348,348,,*MANUAL*,78,1176,100,235.00,128.09,46.05,1727,221215
349,349,,*MANUAL*,81,1193,100,236.00,103.94,48.53,1777,184696
350,350,,*MANUAL*,73,1195,107,219.00,109.49,41.72,2075,227199
351,351,,*MANUAL*,74,1209,105,217.00,106.79,44.66,2006,214217
352,352,,*MANUAL*,71,1204,95,235.00,148.53,30.80,1269,188480
353,353,,*MANUAL*,59,1199,91,209.00,111.56,33.92,2055,229259
354,354,,*MANUAL*,65,1186,99,192.00,92.15,36.90,2103,193791
355,355,,*MANUAL*,82,1205,93,239.00,146.92,41.18,1227,180270
356,356,,*MANUAL*,90,1207,85,238.00,114.32,43.52,2093,239277
357,357,,*MANUAL*,93,1192,88,192.00,89.44,39.34,2103,188085
358,358,,*MANUAL*,87,1181,97,214.00,98.85,44.21,2103,207883
359,359,,*MANUAL*,100,1532,70,161.00,57.67,28.80,2969,171231
360,360,,*MANUAL*,56,1548,69,114.00,51.37,18.95,2103,108030
361,361,,*MANUAL*,48,1449,71,127.00,62.01,21.50,2969,184116
362,362,,*MANUAL*,45,1340,75,163.00,66.65,26.70,2969,197875
363,363,,*MANUAL*,44,1161,70,126.00,45.43,17.27,4139,188040
364,364,,*MANUAL*,48,1181,53,99.00,54.54,16.82,2969,161943
365,365,,*MANUAL*,49,1084,68,90.00,33.69,14.17,4139,139461
366,366,,*MANUAL*,49,1046,68,89.00,36.45,13.52,4139,150858
367,367,,*MANUAL*,53,1022,74,208.00,84.25,35.53,2103,177177
368,368,,*MANUAL*,50,996,75,124.00,49.38,24.04,2969,146612
369,369,,*MANUAL*,50,951,91,129.00,44.71,26.77,4139,185068
370,370,,*MANUAL*,50,904,85,113.00,44.32,19.42,4139,183434
371,371,,*MANUAL*,53,846,86,145.00,51.10,27.97,4068,207889
372,372,,*MANUAL*,53,793,82,118.00,49.02,22.58,4049,198492
373,373,,*MANUAL*,55,726,87,145.00,46.03,26.89,4139,190534
374,374,,*MANUAL*,59,641,75,130.00,49.31,24.01,4045,199455
375,375,,*MANUAL*,59,593,82,169.00,58.81,30.77,4139,243405
376,376,,*MANUAL*,56,546,79,139.00,54.35,27.04,4139,224949
377,377,,*MANUAL*,58,500,78,148.00,53.86,27.39,4139,222929
378,378,,*MANUAL*,61,472,86,186.00,71.88,33.48,2969,213420
379,379,,*MANUAL*,60,424,77,141.00,55.37,26.93,4139,229191
380,380,,*MANUAL*,58,837,47,185.00,91.31,31.76,2103,192029
381,381,,*MANUAL*,56,725,70,174.00,85.25,31.46,2103,179278
382,382,,*MANUAL*,57,676,85,236.00,111.27,47.43,2102,233888
383,383,,*MANUAL*,102,1451,67,207.00,65.06,41.47,4139,269293
384,384,,*MANUAL*,102,1339,71,211.00,65.79,40.79,4139,272288
385,385,,*MANUAL*,103,1168,68,172.00,52.83,29.51,4122,217763
386,386,,*MANUAL*,100,1178,52,152.00,49.91,31.91,4139,206567
387,387,,*MANUAL*,98,1039,70,239.00,109.26,53.06,2103,229784
388,388,,*MANUAL*,101,1012,70,169.00,58.08,31.10,4139,240384
389,389,,*MANUAL*,101,951,91,190.00,64.61,43.48,3825,247148
390,390,,*MANUAL*,102,898,83,161.00,58.44,33.42,4139,241867
391,391,,*MANUAL*,101,854,86,217.00,77.94,42.47,2969,231410
392,392,,*MANUAL*,100,795,82,168.00,57.70,30.54,4139,238826
393,393,,*MANUAL*,100,744,87,196.00,69.12,40.19,3937,272126
394,394,,*MANUAL*,101,652,81,180.00,60.01,32.97,4139,248381
395,395,,*MANUAL*,98,607,86,215.00,72.88,45.13,4139,301649
396,396,,*MANUAL*,96,569,82,219.00,74.87,44.04,4119,308384
397,397,,*MANUAL*,97,516,80,175.00,69.80,35.48,4139,288900
398,398,,*MANUAL*,97,481,84,201.00,70.99,43.30,4139,293822
399,399,,*MANUAL*,98,423,76,167.00,54.68,32.64,4139,226315
400,400,,*MANUAL*,89,559,66,149.00,49.31,26.62,4139,204086
401,401,,*MANUAL*,102,1086,64,113.00,47.28,21.02,4139,195711
402,402,,*MANUAL*,101,1064,72,139.00,56.88,20.78,2969,168871
403,403,,*MANUAL*,101,979,61,132.00,56.40,21.58,4139,233428
404,404,,*MANUAL*,101,934,67,142.00,50.48,23.31,4139,208937
405,405,,*MANUAL*,101,840,64,143.00,50.09,23.79,4139,207313
406,406,,*MANUAL*,103,713,62,144.00,47.41,26.21,4139,196230
407,407,,*MANUAL*,100,596,61,180.00,54.97,25.10,4139,227505
408,408,,*MANUAL*,98,469,63,176.00,56.61,30.33,4139,234329
409,409,,*MANUAL*,50,953,66,80.00,35.62,13.40,4139,147439
410,410,,*MANUAL*,52,879,60,98.00,38.67,16.18,4139,160059
411,411,,*MANUAL*,54,754,60,113.00,33.64,17.40,4139,139234
412,412,,*MANUAL*,58,600,59,102.00,41.86,17.80,4139,173244
413,413,,*MANUAL*,60,469,60,116.00,41.72,21.30,4139,172672
414,414,,*MANUAL*,76,112,77,210.00,72.94,46.52,2771,202119
415,415,,*MANUAL*,77,101,71,194.00,73.28,46.44,2969,217568
416,416,,*MANUAL*,76,73,72,180.00,54.70,37.18,2969,162406
417,417,,*MANUAL*,79,148,74,189.00,100.22,40.16,1985,198942
418,418,,*MANUAL*,74,146,63,194.00,76.05,40.80,2969,225787
419,419,,*MANUAL*,78,175,75,203.00,95.87,41.73,2103,201615
420,420,,*MANUAL*,77,196,78,218.00,98.12,40.14,2103,206356
421,421,,*MANUAL*,80,195,59,222.00,108.99,42.88,2081,226815
422,422,,*MANUAL*,72,209,63,169.00,63.21,30.62,3877,245068
423,423,,*MANUAL*,86,207,68,185.00,62.43,38.16,4139,258399
424,424,,*MANUAL*,72,225,73,252.00,120.21,51.25,2103,252795
425,425,,*MANUAL*,72,240,65,247.00,124.89,59.28,2100,262271
426,426,,*MANUAL*,72,256,56,250.00,125.96,58.09,1953,245991
427,427,,*MANUAL*,70,271,62,254.00,147.13,64.04,1602,235704
428,428,,*MANUAL*,69,262,70,229.00,140.66,41.71,1569,220693
429,429,,*MANUAL*,69,284,65,218.00,127.92,42.35,1819,232685
430,430,,*MANUAL*,69,283,77,235.00,127.40,52.70,1634,208168
431,431,,*MANUAL*,68,302,70,215.00,124.47,38.89,1871,232881
432,432,,*MANUAL*,66,332,68,221.00,114.21,42.53,2103,240187
433,433,,*MANUAL*,71,346,75,251.00,124.62,61.95,1462,182193
434,434,,*MANUAL*,85,227,74,246.00,117.35,57.73,2075,243505
435,435,,*MANUAL*,86,239,66,246.00,117.75,62.45,2095,246690
436,436,,*MANUAL*,87,253,59,252.00,118.05,66.94,2056,242701
437,437,,*MANUAL*,89,269,62,254.00,131.43,73.68,1752,230274
438,438,,*MANUAL*,89,262,72,254.00,144.10,56.34,1939,279417
439,439,,*MANUAL*,90,280,69,240.00,138.62,46.14,1521,210840
440,440,,*MANUAL*,89,287,78,244.00,143.47,59.91,1827,262111
441,441,,*MANUAL*,91,300,72,229.00,129.59,45.93,2047,265263
442,442,,*MANUAL*,91,326,71,241.00,120.06,52.87,2047,245771
443,443,,*MANUAL*,94,295,59,179.00,53.05,32.80,2709,143700
444,444,,*MANUAL*,66,304,53,163.00,63.04,31.31,2247,141657
445,445,,*MANUAL*,80,320,50,244.00,106.24,58.82,1699,180510
446,446,,*MANUAL*,72,314,54,221.00,121.91,33.34,2959,360745
447,447,,*MANUAL*,88,312,59,251.00,127.27,54.82,2081,264845
448,448,,*MANUAL*,79,287,58,240.00,122.21,38.86,2025,247474
449,449,,*MANUAL*,78,304,65,252.00,156.47,41.52,2103,329048
450,450,,*MANUAL*,79,278,78,242.00,93.26,53.95,4139,386004
451,451,,*MANUAL*,79,267,55,241.00,112.50,56.63,2969,333998
452,452,,*MANUAL*,78,256,70,232.00,141.46,41.77,2727,385750
453,453,,*MANUAL*,83,249,82,223.00,106.79,50.47,1853,197889
454,454,,*MANUAL*,73,249,80,229.00,119.60,47.16,2103,251509
455,455,,*MANUAL*,80,234,54,214.00,97.73,55.39,2103,205518
456,456,,*MANUAL*,86,343,62,233.00,107.13,46.58,1620,173552
457,457,,*MANUAL*,76,345,59,224.00,98.57,49.84,2969,292658
458,458,,*MANUAL*,77,308,90,218.00,92.81,55.94,2103,195185
459,459,,*MANUAL*,76,320,76,239.00,126.17,55.30,1943,245147
460,460,,*MANUAL*,72,328,85,251.00,137.26,47.41,2018,277000
461,461,,*MANUAL*,72,350,89,232.00,111.61,61.76,2103,234709
462,462,,*MANUAL*,69,370,84,234.00,108.82,45.54,2103,228844
463,463,,*MANUAL*,78,337,81,254.00,187.86,43.99,1164,218672
464,464,,*MANUAL*,87,324,83,250.00,132.76,50.30,2103,279199
465,465,,*MANUAL*,86,342,84,254.00,159.52,60.85,1788,285224
466,466,,*MANUAL*,85,361,88,229.00,111.74,51.83,2103,234986
467,467,,*MANUAL*,93,388,87,238.00,91.22,57.13,2969,270825
468,468,,*MANUAL*,86,296,51,226.00,103.60,49.51,2103,217878
469,469,,*MANUAL*,96,886,48,239.00,112.06,45.06,2103,235655
470,470,,*MANUAL*,101,759,68,252.00,116.09,50.40,2103,244146
471,471,,*MANUAL*,98,697,87,254.00,95.42,71.72,2969,283292
472,472,,*MANUAL*,87,742,91,208.00,90.13,46.31,2969,267609
473,473,,*MANUAL*,89,715,90,239.00,92.04,42.08,4139,380948
474,474,,*MANUAL*,72,690,88,226.00,89.16,34.15,4139,369016
475,475,,*MANUAL*,72,669,84,199.00,91.12,35.88,2969,270526
476,476,,*MANUAL*,59,1507,88,148.00,70.53,22.43,2103,148335
477,477,,*MANUAL*,61,1483,99,138.00,65.95,23.31,2103,138701
478,478,,*MANUAL*,62,1441,101,165.00,60.95,32.36,2969,180975
479,479,,*MANUAL*,53,1395,97,155.00,75.85,32.74,1904,144414
480,480,,*MANUAL*,61,1334,105,203.00,87.53,41.11,2103,184075
481,481,,*MANUAL*,55,1310,100,149.00,66.50,26.97,2103,139855
482,482,,*MANUAL*,61,1206,103,180.00,89.07,33.34,2103,187306
483,483,,*MANUAL*,60,1162,99,203.00,84.30,32.21,2103,177278
484,484,,*MANUAL*,54,1128,92,161.00,74.28,33.72,2103,156204
485,485,,*MANUAL*,64,1110,99,167.00,70.08,30.80,2103,147368
486,486,,*MANUAL*,58,1071,93,147.00,59.50,28.41,2103,125123
487,487,,*MANUAL*,67,994,101,207.00,88.44,39.19,2103,185999
488,488,,*MANUAL*,60,918,96,176.00,73.99,35.71,2103,155606
489,489,,*MANUAL*,67,845,97,200.00,89.66,42.44,2103,188554
490,490,,*MANUAL*,63,797,92,175.00,74.66,36.29,2969,221655
491,491,,*MANUAL*,66,771,94,243.00,109.97,47.53,1961,215646
492,492,,*MANUAL*,65,759,91,238.00,112.69,47.76,2103,236995
493,493,,*MANUAL*,66,739,95,183.00,92.32,35.27,2103,194148
494,494,,*MANUAL*,68,647,90,214.00,76.68,38.83,4139,317369
495,495,,*MANUAL*,68,501,95,191.00,73.49,42.13,2969,218182
496,496,,*MANUAL*,70,416,92,239.00,93.26,50.11,2969,276886
497,497,,*MANUAL*,62,349,76,250.00,84.53,51.70,4139,349873
498,498,,*MANUAL*,59,1507,58,136.00,57.96,25.45,2969,172077
499,499,,*MANUAL*,62,1487,48,185.00,73.50,37.52,2103,154562
500,500,,*MANUAL*,62,1451,46,154.00,69.98,31.73,2103,147160
501,501,,*MANUAL*,61,1336,38,164.00,83.41,30.97,2079,173412
502,502,,*MANUAL*,52,1328,46,156.00,60.79,24.30,2103,127844
503,503,,*MANUAL*,62,1220,37,165.00,70.27,38.41,2103,147783
504,504,,*MANUAL*,68,1196,32,163.00,45.97,32.21,2969,136476
505,505,,*MANUAL*,54,1143,36,126.00,57.13,24.45,2103,120142
506,506,,*MANUAL*,57,1108,41,133.00,58.90,24.07,2969,174879
507,507,,*MANUAL*,58,1048,36,139.00,64.31,24.20,2103,135245
508,508,,*MANUAL*,62,981,38,172.00,64.61,34.19,2969,191829
509,509,,*MANUAL*,60,928,40,161.00,57.09,36.98,2969,169493
510,510,,*MANUAL*,63,871,39,201.00,54.82,44.12,4139,226913
511,511,,*MANUAL*,64,802,41,205.00,72.77,40.66,2969,216068
512,512,,*MANUAL*,69,754,40,208.00,67.88,47.00,2969,201540
513,513,,*MANUAL*,68,656,44,171.00,83.90,33.86,2103,176439
514,514,,*MANUAL*,69,597,44,233.00,91.23,38.95,2103,191849
515,515,,*MANUAL*,70,506,48,212.00,94.17,43.22,2103,198050
516,516,,*MANUAL*,73,440,47,227.00,97.67,49.87,2103,205410
517,517,,*MANUAL*,71,361,48,227.00,73.17,50.60,2103,153873
518,518,,*MANUAL*,55,1410,48,152.00,72.63,26.99,2103,152732
519,519,,*MANUAL*,100,1509,89,145.00,54.84,30.79,2103,115327
520,520,,*MANUAL*,95,1485,96,130.00,64.30,28.36,2103,135217
521,521,,*MANUAL*,92,1444,99,190.00,75.86,36.07,2103,159529
522,522,,*MANUAL*,94,1391,97,187.00,86.51,34.80,2103,181935
523,523,,*MANUAL*,87,1345,103,179.00,70.72,39.71,2103,148723
524,524,,*MANUAL*,93,1321,96,163.00,73.66,29.11,2103,154900
525,525,,*MANUAL*,86,1214,102,176.00,74.99,35.44,2103,157697
526,526,,*MANUAL*,93,1159,93,187.00,75.82,37.85,2103,159457
527,527,,*MANUAL*,97,1135,86,188.00,101.44,31.88,2103,213325
528,528,,*MANUAL*,91,1115,95,189.00,71.11,35.55,2969,211135
529,529,,*MANUAL*,93,1066,90,163.00,71.57,30.38,2103,150522
530,530,,*MANUAL*,90,994,97,180.00,77.37,38.95,2103,162708
531,531,,*MANUAL*,94,973,90,231.00,97.49,49.74,2103,205027
532,532,,*MANUAL*,90,949,98,241.00,107.05,53.87,2103,225118
533,533,,*MANUAL*,91,924,97,218.00,91.75,43.56,2103,192956
534,534,,*MANUAL*,89,888,100,215.00,87.88,50.98,2103,184814
535,535,,*MANUAL*,91,832,95,230.00,91.53,45.00,2103,192480
536,536,,*MANUAL*,88,766,97,208.00,102.45,47.19,2103,215461
537,537,,*MANUAL*,90,680,95,240.00,101.29,48.08,2103,213004
538,538,,*MANUAL*,87,576,96,221.00,89.99,53.58,2103,189250
539,539,,*MANUAL*,89,501,96,198.00,92.54,42.50,2103,194611
540,540,,*MANUAL*,89,427,92,212.00,97.85,44.85,2103,205783
541,541,,*MANUAL*,97,1508,58,164.00,75.44,30.50,2103,158658
542,542,,*MANUAL*,92,1478,49,182.00,80.96,33.91,2103,170263
543,543,,*MANUAL*,88,1438,44,177.00,76.90,40.29,2103,161721
544,544,,*MANUAL*,93,1406,49,169.00,84.53,35.40,2103,177769
545,545,,*MANUAL*,85,1336,37,174.00,75.43,39.22,1903,143539
546,546,,*MANUAL*,91,1329,45,157.00,66.94,30.88,2103,140769
547,547,,*MANUAL*,81,1227,37,194.00,90.20,32.26,2103,189686
548,548,,*MANUAL*,86,1199,34,213.00,65.11,41.50,2103,136923
549,549,,*MANUAL*,92,1103,36,189.00,76.76,38.17,2103,161432
550,550,,*MANUAL*,93,1074,38,157.00,58.01,34.22,2969,172242
551,551,,*MANUAL*,86,1033,31,183.00,66.75,45.28,2103,140380
552,552,,*MANUAL*,91,953,39,208.00,79.58,39.39,2103,167367
553,553,,*MANUAL*,89,907,39,207.00,85.48,49.48,2103,179768
554,554,,*MANUAL*,91,855,44,217.00,91.60,41.28,2103,192633
555,555,,*MANUAL*,89,802,41,204.00,80.99,47.57,2103,170327
556,556,,*MANUAL*,90,716,44,205.00,89.74,44.19,2103,188724
557,557,,*MANUAL*,89,640,44,208.00,97.68,39.80,2103,205414
558,558,,*MANUAL*,85,570,47,205.00,88.37,45.17,2103,185851
559,559,,*MANUAL*,86,480,47,230.00,104.21,54.21,2103,219160
560,560,,*MANUAL*,86,410,49,211.00,86.19,46.32,2103,181268
561,561,,*MANUAL*,96,343,80,241.00,93.96,54.37,2969,278982
562,562,,*MANUAL*,79,1302,43,219.00,128.38,33.19,1365,175239
563,563,,*MANUAL*,63,1395,103,212.00,92.59,49.12,2103,194722
564,564,f1,*MANUAL*,77,1504,71,57.00,17.67,10.97,895,15817
565,565,f2,*MANUAL*,75,1467,71,75.00,24.82,10.58,895,22217
566,566,f3,*MANUAL*,73,1176,70,45.00,19.81, 5.75,895,17733
567,567,f4,*MANUAL*,74,1119,72,72.00,11.52,10.86,895,10312
568,568,f5,*MANUAL*,71,1299,70,39.00,18.24, 5.27,895,16326
569,569,f6,*MANUAL*,71,1347,70,29.00,13.16, 3.94,895,11781
570,570,f7,*MANUAL*,76,1619,70, 7.00, 0.79, 1.09,895,703
571,571,f8,*MANUAL*,74,1649,70,10.00, 0.81, 1.15,895,722
572,572,f9,*MANUAL*,74,1079,71,18.00, 5.57, 2.88,895,4984
573,573,f10,*MANUAL*,81,1450,102,60.00,14.28, 9.11,895,12784
