0,0,*NOUSE*,*NOUSE*,0,0,0,0,0,0,0,0
1,1,,,48,1265,62,121.00,61.75,21.60,2641,163092
2,2,,,64,728,82,170.00,37.79,34.71,7925,299483
3,3,,,63,1229,46,154.00,77.24,23.78,2923,225772
4,4,*NOUSE*,*NOUSE*,0,0,0,0,0,0,0,0
5,5,*NOUSE*,*NOUSE*,0,0,0,0,0,0,0,0
6,6,,,79,1234,45,200.00,88.12,36.63,5625,495668
7,7,,,73,1186,104,146.00,91.71,21.86,645,59153
8,8,,,83,792,80,184.00,43.99,38.36,7073,311140
9,9,,,77,1111,105,129.00,81.97,18.27,437,35819
10,10,,*MANUAL*,78,1107,63,161.00,100.12,28.92,895,89605
11,11,,*MANUAL*,78,1114,52,162.00,93.64,24.79,895,83804
12,12,,*MANUAL*,68,1119,85,147.00,74.99,30.50,853,63966
13,13,,*MANUAL*,59,1117,62,139.00,69.04,28.26,1340,92518
14,14,,*MANUAL*,87,1118,60,164.00,90.37,29.95,1365,123357
15,15,,*MANUAL*,75,1131,79,142.00,66.05,28.23,1275,84212
16,16,,*MANUAL*,81,1133,50,118.00,70.59,15.56,1365,96350
17,17,,*MANUAL*,61,1139,45,161.00,110.88,22.25,880,97577
18,18,,*MANUAL*,65,1138,82,166.00,84.91,33.59,1365,115907
19,19,,*MANUAL*,80,1140,83,169.00,81.08,34.43,1365,110672
20,20,,*MANUAL*,69,1145,38,122.00,59.98,19.03,2103,126146
21,21,,*MANUAL*,54,1148,73,98.00,60.02,14.11,1365,81922
22,22,,*MANUAL*,85,1150,75,123.00,68.75,19.12,1365,93843
23,23,,*MANUAL*,55,1146,53,135.00,78.26,22.73,895,70041
24,24,,*MANUAL*,88,1152,52,135.00,75.87,22.02,1365,103558
25,25,,*MANUAL*,70,1151,88,132.00,71.99,28.29,895,64432
26,26,,*MANUAL*,69,1173,38,140.00,91.73,16.92,889,81549
27,27,,*MANUAL*,57,1171,74,107.00,64.93,16.18,1307,84867
28,28,,*MANUAL*,83,1171,73,144.00,79.82,17.98,1365,108961
29,29,,*MANUAL*,59,1177,41,145.00,103.71,15.75,895,92823
30,30,,*MANUAL*,84,1175,41,172.00,104.19,24.42,895,93253
31,31,,*MANUAL*,70,1177,84,126.00,86.93,15.99,895,77798
32,32,,*MANUAL*,56,1186,54,125.00,71.05,16.80,1327,94280
33,33,,*MANUAL*,85,1187,50,152.00,87.05,19.68,1365,118830
34,34,,*MANUAL*,60,1191,74,162.00,114.98,22.04,869,99917
35,35,,*MANUAL*,85,1189,73,183.00,114.61,25.28,1331,152544
36,36,,*MANUAL*,70,1194,43,171.00,100.82,29.61,895,90230
37,37,,*MANUAL*,67,1208,49,157.00,110.62,16.80,485,53652
38,38,,*MANUAL*,78,1206,48,163.00,112.14,18.41,485,54389
39,39,,*MANUAL*,62,1203,65,149.00,87.94,26.49,895,78707
40,40,,*MANUAL*,85,1203,66,169.00,107.21,20.49,889,95308
41,41,,*MANUAL*,65,1194,79,158.00,116.56,14.60,255,29723
42,42,*NOUSE*,*NOUSE*,0,0,0,0,0,0,0,0
43,43,,*MANUAL*,73,1193,80,180.00,126.61,18.30,485,61404
44,44,,*MANUAL*,64,1219,62,131.00,84.39,16.68,895,75526
45,45,,*MANUAL*,80,1218,63,139.00,95.10,18.40,895,85117
46,46,,*MANUAL*,74,1215,80,134.00,76.49,18.67,895,68463
47,47,,*MANUAL*,72,1349,57,177.00,89.54,26.74,1365,122223
48,48,,*MANUAL*,68,1353,75,201.00,113.62,34.91,895,101689
49,49,,*MANUAL*,81,1357,73,218.00,146.92,33.38,879,129140
50,50,,*MANUAL*,73,1381,50,202.00,123.31,30.37,1365,168315
51,51,,*MANUAL*,58,1386,75,181.00,108.02,36.59,1365,147454
52,52,,*MANUAL*,86,1386,75,234.00,138.02,28.58,895,123532
53,53,,*MANUAL*,72,1394,45,233.00,185.51,19.02,444,82367
54,54,,*MANUAL*,64,1394,47,208.00,141.53,22.19,485,68644
55,55,,*MANUAL*,80,1394,49,214.00,126.14,35.43,895,112899
56,56,,*MANUAL*,56,1394,63,182.00,99.26,29.78,895,88835
57,57,,*MANUAL*,88,1404,65,226.00,148.80,34.34,855,127220
58,58,,*MANUAL*,63,1398,82,164.00,88.88,30.76,895,79548
59,59,,*MANUAL*,77,1398,83,167.00,91.15,25.37,889,81036
60,60,,*MANUAL*,55,1411,72,231.00,149.38,35.34,773,115471
61,61,,*MANUAL*,84,1411,75,221.00,149.54,34.40,885,132342
62,62,,*MANUAL*,82,1399,73,215.00,153.54,31.46,895,137416
63,63,,*MANUAL*,59,1403,71,220.00,142.86,38.80,895,127862
64,64,,*MANUAL*,58,1412,51,167.00,105.91,17.44,871,92251
65,65,,*MANUAL*,83,1416,54,206.00,128.77,30.79,871,112158
66,66,,*MANUAL*,69,1416,82,185.00,101.37,31.48,1187,120328
67,67,,*MANUAL*,63,1422,77,195.00,131.08,33.02,895,117320
68,68,,*MANUAL*,76,1422,79,231.00,143.16,46.78,895,128132
69,69,,*MANUAL*,68,1411,47,253.00,201.31,33.48,435,87569
70,70,,*MANUAL*,75,1411,48,251.00,171.99,40.86,485,83417
71,71,,*MANUAL*,55,1421,61,207.00,120.45,42.12,895,107807
72,72,,*MANUAL*,87,1425,66,244.00,154.34,44.67,873,134740
73,73,,*MANUAL*,58,1439,69,176.00,104.28,30.89,895,93334
74,74,,*MANUAL*,82,1451,70,204.00,133.42,30.54,879,117277
75,75,,*MANUAL*,81,1559,66,167.00,85.19,33.82,895,76243
76,76,,*MANUAL*,82,1535,69,206.00,123.79,36.50,895,110789
77,77,,*MANUAL*,82,1521,68,221.00,128.13,46.23,895,114676
78,78,,*MANUAL*,82,1501,70,241.00,144.52,38.97,724,104633
79,79,,*MANUAL*,83,1482,71,187.00,124.39,34.11,891,110835
80,80,,*MANUAL*,83,1466,63,173.00,102.97,33.95,865,89072
81,81,,*MANUAL*,61,1558,70,142.00,77.82,30.32,895,69650
82,82,,*MANUAL*,62,1531,71,204.00,114.39,40.56,895,102379
83,83,,*MANUAL*,62,1519,70,194.00,117.17,34.46,895,104866
84,84,,*MANUAL*,58,1501,71,177.00,125.93,26.56,590,74297
85,85,,*MANUAL*,59,1474,69,145.00,91.26,28.81,895,81674
86,86,,*MANUAL*,59,1460,63,133.00,84.31,24.47,895,75458
87,87,,*MANUAL*,64,1498,72,170.00,85.51,33.21,895,76531
88,88,,*MANUAL*,77,1491,70,152.00,76.36,27.16,895,68346
89,89,,*MANUAL*,70,1556,45,148.00,75.66,34.29,895,67719
90,90,,*MANUAL*,71,1527,43,188.00,91.77,36.65,891,81765
91,91,,*MANUAL*,71,1507,44,201.00,104.01,39.32,895,93086
92,92,,*MANUAL*,72,1482,45,214.00,138.43,34.69,719,99533
93,93,,*MANUAL*,73,1438,46,183.00,95.68,33.41,895,85632
94,94,,*MANUAL*,75,1469,48,160.00,99.61,21.26,895,89150
95,95,,*MANUAL*,65,1483,48,197.00,97.53,35.80,895,87288
96,96,,*MANUAL*,72,1303,102,131.00,72.82,27.75,895,65176
97,97,,*MANUAL*,72,1283,98,151.00,73.76,28.00,895,66014
98,98,,*MANUAL*,70,1258,103,116.00,55.96,26.03,1365,76380
99,99,,*MANUAL*,65,1248,87,84.00,41.84,11.37,1360,56901
100,100,,*MANUAL*,66,1229,89,178.00,110.93,30.52,895,99279
101,101,,*MANUAL*,55,1226,87,192.00,104.12,25.65,895,93187
102,102,,*MANUAL*,56,1200,86,148.00,98.34,17.45,895,88013
103,103,,*MANUAL*,78,1241,89,181.00,111.36,28.71,873,97217
104,104,,*MANUAL*,87,1242,84,172.00,102.58,22.94,835,85652
105,105,,*MANUAL*,88,1233,86,143.00,85.92,17.54,895,76898
106,106,,*MANUAL*,82,1223,91,166.00,92.95,24.00,892,82913
107,107,,*MANUAL*,87,1187,87,113.00,77.79,14.28,895,69620
108,108,,*MANUAL*,77,1242,102,135.00,82.18,21.72,895,73549
109,109,,*MANUAL*,67,1235,101,159.00,98.45,24.55,895,88113
110,110,,*MANUAL*,75,1226,103,170.00,91.59,33.00,895,81971
111,111,,*MANUAL*,65,1218,101,160.00,92.20,27.87,895,82515
112,112,,*MANUAL*,62,1214,89,142.00,95.35,20.23,895,85338
113,113,,*MANUAL*,78,1213,95,170.00,107.87,26.92,895,96546
114,114,,*MANUAL*,73,1205,102,145.00,83.92,19.74,875,73427
115,115,,*MANUAL*,66,1199,97,157.00,103.83,18.56,895,92924
116,116,,*MANUAL*,79,1196,94,146.00,97.19,19.44,895,86981
117,117,,*MANUAL*,65,1183,99,153.00,112.14,20.30,889,99691
118,118,,*MANUAL*,71,1169,102,134.00,81.09,19.39,895,72579
119,119,,*MANUAL*,72,1152,102,127.00,74.98,19.84,895,67107
120,120,,*MANUAL*,47,1173,79,132.00,74.12,27.78,1365,101173
121,121,,*MANUAL*,48,1195,79,135.00,93.38,15.70,895,83571
122,122,,*MANUAL*,49,1208,81,140.00,94.98,20.39,855,81211
123,123,,*MANUAL*,54,1211,73,167.00,110.03,17.51,895,98478
124,124,,*MANUAL*,47,1221,67,159.00,97.83,26.15,895,87559
125,125,,*MANUAL*,47,1231,78,143.00,88.09,18.97,893,78660
126,126,,*MANUAL*,47,1253,75,99.00,61.34,11.87,1365,83730
127,127,,*MANUAL*,47,1273,77,151.00,99.77,20.92,891,88896
128,128,,*MANUAL*,48,1287,70,128.00,79.89,19.42,1365,109051
129,129,,*MANUAL*,48,1303,73,161.00,115.39,18.02,894,103163
130,130,,*MANUAL*,48,1318,74,145.00,90.68,21.52,895,81160
131,131,,*MANUAL*,47,1250,57,123.00,82.35,12.98,895,73701
132,132,,*MANUAL*,45,1235,61,161.00,102.31,19.01,895,91563
133,133,,*MANUAL*,51,1211,56,152.00,97.54,18.53,895,87298
134,134,,*MANUAL*,47,1226,51,185.00,116.73,21.40,773,90229
135,135,,*MANUAL*,51,1218,42,182.00,118.58,25.94,821,97352
136,136,,*MANUAL*,52,1241,46,156.00,92.98,22.84,1365,126917
137,137,,*MANUAL*,50,1262,47,156.00,97.28,23.13,1249,121498
138,138,,*MANUAL*,48,1286,54,133.00,82.04,17.98,1347,110510
139,139,,*MANUAL*,47,1306,59,139.00,92.33,17.63,1359,125481
140,140,,*MANUAL*,45,1326,57,135.00,79.09,20.51,1365,107959
141,141,,*MANUAL*,50,1303,45,161.00,99.59,27.69,1356,135045
142,142,,*MANUAL*,58,1273,52,132.00,92.38,15.59,895,82677
143,143,,*MANUAL*,57,1256,48,149.00,107.10,15.17,895,95855
144,144,,*MANUAL*,54,1227,55,186.00,120.70,27.60,895,108026
145,145,,*MANUAL*,58,1290,50,156.00,108.82,18.00,879,95655
146,146,,*MANUAL*,57,1307,54,182.00,126.52,23.90,785,99319
147,147,,*MANUAL*,57,1298,65,150.00,100.49,21.15,895,89943
148,148,,*MANUAL*,58,1278,67,141.00,84.50,19.52,1365,115349
149,149,,*MANUAL*,58,1255,65,136.00,88.84,18.19,895,79510
150,150,,*MANUAL*,57,1240,67,154.00,84.87,20.15,895,75960
151,151,,*MANUAL*,56,1225,74,166.00,110.59,20.28,895,98980
152,152,,*MANUAL*,59,1214,43,200.00,132.98,21.90,895,119018
153,153,,*MANUAL*,65,1247,42,133.00,89.13,15.46,1365,121662
154,154,,*MANUAL*,60,1272,36,165.00,92.99,21.75,1359,126369
155,155,,*MANUAL*,66,1292,43,168.00,124.32,21.02,895,111266
156,156,,*MANUAL*,71,1277,37,183.00,123.19,21.35,895,110253
157,157,,*MANUAL*,96,1168,74,133.00,78.19,25.24,1365,106727
158,158,,*MANUAL*,95,1191,77,158.00,88.78,30.83,1365,121179
159,159,,*MANUAL*,96,1209,75,226.00,138.22,30.01,867,119835
160,160,,*MANUAL*,93,1214,58,183.00,108.16,22.11,895,96801
161,161,,*MANUAL*,97,1222,70,202.00,124.95,27.08,895,111830
162,162,,*MANUAL*,96,1235,74,172.00,100.59,29.96,895,90029
163,163,,*MANUAL*,98,1256,68,135.00,81.36,20.68,1365,111059
164,164,,*MANUAL*,98,1275,72,164.00,98.85,20.49,1365,134937
165,165,,*MANUAL*,98,1291,61,153.00,96.55,20.96,1365,131796
166,166,,*MANUAL*,100,1305,69,197.00,121.52,42.50,895,108762
167,167,,*MANUAL*,96,1316,72,182.00,112.21,27.82,895,100425
168,168,,*MANUAL*,99,1271,56,156.00,88.62,28.02,1365,120964
169,169,,*MANUAL*,98,1249,50,147.00,82.62,25.16,1365,112770
170,170,,*MANUAL*,98,1234,59,196.00,121.24,33.28,895,108511
171,171,,*MANUAL*,93,1224,49,190.00,126.00,26.48,881,111005
172,172,,*MANUAL*,91,1229,39,201.00,127.28,31.11,895,113915
173,173,,*MANUAL*,89,1247,37,176.00,118.94,19.83,895,106452
174,174,,*MANUAL*,91,1267,40,181.00,130.36,21.83,895,116672
175,175,,*MANUAL*,92,1288,47,197.00,129.76,23.49,895,116134
176,176,,*MANUAL*,96,1312,56,165.00,109.45,25.31,875,95771
177,177,,*MANUAL*,98,1330,52,206.00,124.14,28.56,895,111104
178,178,,*MANUAL*,98,1332,67,190.00,112.43,36.13,895,100623
179,179,,*MANUAL*,91,1310,47,184.00,128.50,23.09,885,113722
180,180,,*MANUAL*,84,1277,48,169.00,117.71,17.92,895,105347
181,181,,*MANUAL*,84,1259,47,186.00,122.34,24.89,895,109495
182,182,,*MANUAL*,85,1240,55,200.00,120.48,24.21,774,93254
183,183,,*MANUAL*,85,1296,46,211.00,144.66,29.11,719,104008
184,184,,*MANUAL*,84,1313,55,195.00,124.61,24.30,895,111523
185,185,,*MANUAL*,86,1305,64,190.00,117.57,30.07,895,105227
186,186,,*MANUAL*,87,1285,64,160.00,112.64,19.59,895,100814
187,187,,*MANUAL*,87,1264,61,172.00,111.74,23.59,895,100010
188,188,,*MANUAL*,87,1248,68,167.00,104.01,22.41,895,93090
189,189,,*MANUAL*,88,1229,68,195.00,119.99,30.19,895,107388
190,190,,*MANUAL*,83,1221,46,200.00,140.35,26.65,895,125615
191,191,,*MANUAL*,77,1257,37,155.00,93.92,17.94,895,84057
192,192,,*MANUAL*,82,1284,34,156.00,102.02,19.68,895,91308
193,193,,*MANUAL*,71,1323,32,176.00,104.44,24.97,895,93475
194,194,,*MANUAL*,71,1303,35,183.00,124.17,22.24,895,111130
195,195,,*MANUAL*,84,1310,35,207.00,127.37,37.91,895,113993
196,196,,*MANUAL*,58,1303,37,160.00,108.22,24.08,895,96853
197,197,,*MANUAL*,78,1301,45,210.00,163.14,20.95,895,146006
198,198,,*MANUAL*,64,1310,49,205.00,133.63,29.63,895,119599
199,199,,*MANUAL*,60,1309,72,189.00,115.25,24.34,889,102457
200,200,,*MANUAL*,61,1318,79,183.00,101.31,32.91,887,89859
201,201,,*MANUAL*,81,1318,79,195.00,117.16,36.83,895,104855
202,202,,*MANUAL*,88,1304,78,192.00,128.74,25.28,895,115223
203,203,,*MANUAL*,88,1213,70,215.00,128.80,25.89,895,115272
204,204,,*MANUAL*,80,1306,87,199.00,148.25,20.90,485,71903
205,205,,*MANUAL*,70,1306,88,197.00,151.51,16.86,470,71208
206,206,,*MANUAL*,62,1308,88,190.00,143.32,19.59,461,66072
207,207,,*MANUAL*,56,1297,79,166.00,112.15,23.75,876,98243
208,208,,*MANUAL*,55,1314,88,187.00,102.35,26.75,895,91606
209,209,,*MANUAL*,54,1299,89,150.00,100.44,17.00,895,89890
210,210,,*MANUAL*,58,1286,92,156.00,100.90,19.57,889,89703
211,211,,*MANUAL*,88,1313,89,185.00,112.64,30.34,895,100817
212,212,,*MANUAL*,88,1296,87,161.00,114.36,20.74,881,100748
213,213,,*MANUAL*,85,1284,90,180.00,111.80,29.61,889,99386
214,214,,*MANUAL*,75,1291,90,186.00,122.84,27.97,889,109206
215,215,,*MANUAL*,65,1291,85,178.00,121.28,23.52,895,108546
216,216,,*MANUAL*,85,1291,78,156.00,113.89,21.47,895,101929
217,217,,*MANUAL*,65,1276,85,202.00,129.41,24.34,873,112974
218,218,,*MANUAL*,75,1274,87,197.00,128.56,29.15,895,115062
219,219,,*MANUAL*,85,1271,75,155.00,102.79,19.26,895,91999
220,220,,*MANUAL*,92,1276,85,178.00,108.96,29.05,895,97523
221,221,,*MANUAL*,85,1260,86,161.00,98.58,25.32,895,88229
222,222,,*MANUAL*,55,1280,81,168.00,110.51,22.58,895,98906
223,223,,*MANUAL*,55,1269,88,157.00,97.97,21.60,895,87686
224,224,,*MANUAL*,42,1395,64,157.00,101.63,21.05,895,90963
225,225,,*MANUAL*,46,1373,60,176.00,111.16,24.52,839,93260
226,226,,*MANUAL*,50,1354,73,138.00,81.61,20.87,895,73038
227,227,,*MANUAL*,46,1380,71,161.00,106.55,25.94,895,95362
228,228,,*MANUAL*,50,1372,79,186.00,114.44,24.54,895,102421
229,229,,*MANUAL*,51,1349,60,155.00,103.26,24.03,773,79818
230,230,,*MANUAL*,56,1362,59,168.00,107.64,28.51,895,96341
231,231,,*MANUAL*,53,1375,54,187.00,116.42,26.13,895,104192
232,232,,*MANUAL*,52,1342,47,151.00,91.27,19.85,895,81688
233,233,,*MANUAL*,54,1360,44,203.00,132.39,29.13,879,116367
234,234,,*MANUAL*,55,1377,43,197.00,124.43,29.25,895,111362
235,235,,*MANUAL*,55,1347,83,153.00,77.14,24.27,895,69040
236,236,,*MANUAL*,57,1360,82,171.00,116.99,23.19,855,100030
237,237,,*MANUAL*,63,1364,92,217.00,145.01,31.91,879,127466
238,238,,*MANUAL*,98,1404,54,195.00,120.08,34.13,895,107474
239,239,,*MANUAL*,96,1385,62,179.00,109.97,23.78,889,97766
240,240,,*MANUAL*,95,1374,73,187.00,113.38,29.36,895,101471
241,241,,*MANUAL*,95,1356,69,175.00,118.95,25.28,867,103131
242,242,,*MANUAL*,96,1372,54,221.00,130.40,39.46,871,113579
243,243,,*MANUAL*,91,1348,61,217.00,141.67,32.34,817,115745
244,244,,*MANUAL*,88,1358,57,210.00,141.13,23.23,882,124478
245,245,,*MANUAL*,88,1375,50,209.00,127.84,30.67,895,114418
246,246,,*MANUAL*,92,1343,48,208.00,122.74,31.42,895,109852
247,247,,*MANUAL*,87,1361,39,246.00,154.04,42.35,895,137867
248,248,,*MANUAL*,87,1380,38,213.00,130.50,32.63,895,116799
249,249,,*MANUAL*,89,1345,82,212.00,121.75,35.55,895,108967
250,250,,*MANUAL*,89,1359,80,194.00,136.60,25.04,817,111603
251,251,,*MANUAL*,80,1360,92,232.00,156.82,31.81,805,126244
252,252,,*MANUAL*,70,1337,97,165.00,106.06,22.13,895,94925
253,253,,*MANUAL*,77,1346,94,214.00,130.46,33.48,883,115197
254,254,,*MANUAL*,66,1348,94,228.00,139.61,26.70,759,105967
255,255,,*MANUAL*,71,1355,93,220.00,153.18,29.50,895,137098
256,256,,*MANUAL*,74,1367,91,235.00,157.86,37.76,895,141282
257,257,,*MANUAL*,79,1383,93,196.00,121.08,32.31,847,102558
258,258,,*MANUAL*,65,1381,93,200.00,125.07,26.58,895,111934
259,259,,*MANUAL*,57,1389,90,158.00,89.18,29.17,895,79816
260,260,,*MANUAL*,85,1380,86,197.00,112.01,37.76,895,100248
261,261,,*MANUAL*,72,1345,39,236.00,153.17,28.64,818,125297
262,262,,*MANUAL*,80,1349,39,226.00,153.75,25.64,895,137605
263,263,,*MANUAL*,61,1352,41,220.00,140.37,24.66,895,125635
264,264,,*MANUAL*,63,1367,44,211.00,138.94,28.89,895,124352
265,265,,*MANUAL*,77,1365,41,250.00,172.04,34.39,895,153972
266,266,,*MANUAL*,80,1399,31,166.00,90.71,34.56,895,81182
267,267,,*MANUAL*,61,1394,33,161.00,90.98,31.14,895,81428
268,268,,*MANUAL*,50,1394,48,179.00,116.81,31.83,895,104547
269,269,,*MANUAL*,44,1419,52,190.00,122.84,31.78,821,100851
270,270,,*MANUAL*,52,1420,48,204.00,129.65,28.58,895,116040
271,271,,*MANUAL*,53,1438,48,193.00,120.51,36.35,847,102068
272,272,,*MANUAL*,48,1446,50,177.00,104.85,29.08,895,93838
273,273,,*MANUAL*,48,1472,51,158.00,90.63,25.58,859,77851
274,274,,*MANUAL*,56,1472,47,176.00,97.26,29.91,895,87046
275,275,,*MANUAL*,48,1490,55,135.00,83.32,19.65,895,74567
276,276,,*MANUAL*,50,1511,60,132.00,83.92,17.05,895,75107
277,277,,*MANUAL*,50,1483,69,145.00,90.15,19.96,895,80685
278,278,,*MANUAL*,48,1463,67,160.00,110.94,21.98,895,99294
279,279,,*MANUAL*,52,1454,76,165.00,99.34,21.10,895,88910
280,280,,*MANUAL*,53,1442,80,193.00,108.83,29.16,895,97401
281,281,,*MANUAL*,49,1428,75,153.00,92.77,20.98,895,83032
282,282,,*MANUAL*,44,1410,70,180.00,123.52,26.86,895,110547
283,283,,*MANUAL*,44,1394,75,187.00,115.56,34.60,895,103428
284,284,,*MANUAL*,97,1395,67,233.00,138.24,42.77,895,123726
285,285,,*MANUAL*,97,1408,65,240.00,152.54,53.94,895,136521
286,286,,*MANUAL*,96,1425,61,250.00,158.80,49.07,895,142125
287,287,,*MANUAL*,94,1435,69,205.00,113.89,45.73,895,101936
288,288,,*MANUAL*,92,1448,70,221.00,129.25,41.13,895,115676
289,289,,*MANUAL*,92,1462,61,233.00,136.91,43.78,895,122534
290,290,,*MANUAL*,92,1483,61,202.00,109.10,41.15,1365,148928
291,291,,*MANUAL*,94,1497,52,195.00,112.78,36.50,895,100942
292,292,,*MANUAL*,93,1475,49,193.00,104.06,39.33,895,93134
293,293,,*MANUAL*,88,1465,46,210.00,135.17,37.83,895,120978
294,294,,*MANUAL*,88,1450,46,238.00,139.92,45.67,895,125231
295,295,,*MANUAL*,89,1434,46,249.00,165.19,42.56,895,147847
296,296,,*MANUAL*,96,1423,49,246.00,149.85,49.51,799,119733
297,297,,*MANUAL*,92,1395,44,220.00,116.63,50.73,895,104382
298,298,,*MANUAL*,69,1615,45,158.00,53.91,29.61,2103,113372
299,299,,*MANUAL*,71,1548,31,167.00,90.81,37.11,895,81272
300,300,,*MANUAL*,64,1537,36,186.00,102.34,37.16,1365,139700
301,301,,*MANUAL*,76,1522,33,201.00,103.60,44.33,1365,141409
302,302,,*MANUAL*,75,1499,32,247.00,144.96,51.81,895,129739
303,303,,*MANUAL*,78,1482,34,236.00,155.40,47.81,797,123856
304,304,,*MANUAL*,63,1512,36,218.00,132.09,34.10,889,117427
305,305,,*MANUAL*,64,1485,36,206.00,134.88,37.04,889,119907
306,306,,*MANUAL*,70,1512,28,169.00,103.30,30.96,895,92455
307,307,,*MANUAL*,70,1472,30,181.00,94.58,25.37,1365,129104
308,308,,*MANUAL*,70,1438,32,177.00,96.97,26.85,1365,132361
309,309,,*MANUAL*,68,1418,31,150.00,81.58,27.06,1365,111350
310,310,,*MANUAL*,70,1377,30,121.00,63.43,17.11,1365,86583
311,311,,*MANUAL*,67,1296,24,105.00,39.46,17.47,1365,53860
312,312,,*MANUAL*,74,1615,80,174.00,84.14,36.12,1365,114852
313,313,,*MANUAL*,73,1591,82,189.00,89.97,42.33,1365,122805
314,314,,*MANUAL*,69,1558,82,204.00,112.90,41.02,895,101049
315,315,,*MANUAL*,69,1530,84,217.00,109.24,46.44,1365,149110
316,316,,*MANUAL*,76,1546,82,188.00,109.60,33.72,895,98089
317,317,,*MANUAL*,79,1517,85,209.00,123.29,44.47,895,110346
318,318,,*MANUAL*,79,1490,86,230.00,130.49,41.09,895,116790
319,319,,*MANUAL*,78,1467,84,214.00,127.41,41.43,874,111354
320,320,,*MANUAL*,69,1500,84,246.00,143.50,40.77,803,115232
321,321,,*MANUAL*,69,1476,85,227.00,142.62,45.53,895,127642
322,322,,*MANUAL*,74,1501,90,196.00,73.69,34.30,895,65957
323,323,,*MANUAL*,72,1453,87,141.00,80.57,24.70,1365,109973
324,324,,*MANUAL*,72,1404,98,132.00,54.97,20.91,2103,115601
325,325,,*MANUAL*,73,1376,100,135.00,60.29,20.73,895,53964
326,326,,*MANUAL*,90,1547,55,126.00,55.59,25.44,2103,116906
327,327,,*MANUAL*,87,1513,44,161.00,79.87,27.45,1365,109029
328,328,,*MANUAL*,86,1482,37,214.00,94.68,32.51,895,84741
329,329,,*MANUAL*,84,1448,32,154.00,78.38,28.71,1365,106993
330,330,,*MANUAL*,90,1416,37,191.00,98.98,30.80,879,87004
331,331,,*MANUAL*,82,1350,28,170.00,74.58,29.98,895,66750
332,332,,*MANUAL*,92,1347,37,173.00,103.17,27.30,895,92339
333,333,,*MANUAL*,79,1232,27,140.00,85.31,19.94,895,76353
334,334,,*MANUAL*,79,1207,28,145.00,82.74,20.79,1365,112935
335,335,,*MANUAL*,80,1155,23,132.00,46.69,25.96,1365,63735
336,336,,*MANUAL*,88,1124,35,129.00,71.88,18.55,895,64332
337,337,,*MANUAL*,81,1063,27,147.00,66.42,22.88,1365,90670
338,338,,*MANUAL*,81,998,29,167.00,73.22,30.08,1365,99947
339,339,,*MANUAL*,79,956,26,145.00,58.39,33.89,1365,79706
340,340,,*MANUAL*,84,904,32,183.00,73.86,35.92,2103,155323
341,341,,*MANUAL*,78,844,32,162.00,77.74,37.09,2103,163480
342,342,,*MANUAL*,84,768,31,208.00,90.19,38.27,1365,123115
343,343,,*MANUAL*,78,690,36,192.00,91.85,34.27,1365,125382
344,344,,*MANUAL*,78,630,32,179.00,80.58,36.89,2103,169456
345,345,,*MANUAL*,78,546,36,206.00,102.27,35.72,1365,139605
346,346,,*MANUAL*,82,477,42,173.00,93.16,33.84,1364,127067
347,347,,*MANUAL*,91,1504,72,229.00,83.54,41.88,2103,175681
348,348,,*MANUAL*,89,1472,81,155.00,84.81,35.33,1365,115770
349,349,,*MANUAL*,86,1443,86,155.00,82.14,30.76,1365,112117
350,350,,*MANUAL*,93,1406,81,152.00,79.00,29.86,1365,107831
351,351,,*MANUAL*,87,1369,93,149.00,68.40,27.38,895,61220
352,352,,*MANUAL*,95,1355,83,164.00,68.30,36.70,895,61131
353,353,,*MANUAL*,84,1259,98,109.00,56.37,17.32,1365,76947
354,354,,*MANUAL*,89,1208,94,130.00,55.72,24.65,1365,76064
355,355,,*MANUAL*,83,1170,97,118.00,61.41,20.56,1365,83818
356,356,,*MANUAL*,89,1142,93,107.00,54.96,18.06,1365,75018
357,357,,*MANUAL*,84,1050,93,119.00,65.37,17.90,1355,88570
358,358,,*MANUAL*,82,1001,89,123.00,66.04,19.75,1365,90149
359,359,,*MANUAL*,82,944,90,140.00,71.65,28.30,1350,96734
360,360,,*MANUAL*,82,879,88,148.00,72.81,27.06,1365,99389
361,361,,*MANUAL*,82,822,90,146.00,85.38,29.66,1365,116544
362,362,,*MANUAL*,80,733,81,176.00,93.32,32.68,1365,127388
363,363,,*MANUAL*,76,650,84,181.00,92.81,34.35,1365,126684
364,364,,*MANUAL*,82,582,78,161.00,74.06,31.57,1363,100946
365,365,,*MANUAL*,84,495,81,190.00,94.38,44.16,1365,128822
366,366,,*MANUAL*,74,290,73,185.00,102.21,36.42,1322,135128
367,367,,*MANUAL*,64,296,73,181.00,109.41,35.61,1365,149338
368,368,,*MANUAL*,52,1550,63,118.00,53.47,18.32,2103,112457
369,369,,*MANUAL*,55,1516,47,143.00,80.41,21.00,1365,109753
370,370,,*MANUAL*,57,1492,40,182.00,102.45,32.44,895,91694
371,371,,*MANUAL*,57,1449,35,142.00,74.86,21.52,895,67002
372,372,,*MANUAL*,48,1410,39,127.00,79.44,19.85,895,71103
373,373,,*MANUAL*,58,1353,28,112.00,43.42,20.23,895,38862
374,374,,*MANUAL*,51,1330,39,120.00,63.99,16.01,895,57268
375,375,,*MANUAL*,60,1225,25,122.00,57.66,20.58,895,51604
376,376,,*MANUAL*,68,1216,32,157.00,100.22,25.16,895,89700
377,377,,*MANUAL*,56,1173,27,86.00,51.92,11.59,895,46464
378,378,,*MANUAL*,63,1122,30,120.00,68.06,19.01,1365,92902
379,379,,*MANUAL*,63,1097,31,112.00,64.28,15.99,895,57529
380,380,,*MANUAL*,61,1048,29,116.00,59.48,18.15,895,53235
381,381,,*MANUAL*,55,977,33,106.00,55.83,16.40,1365,76209
382,382,,*MANUAL*,60,908,29,157.00,73.89,21.51,1365,100863
383,383,,*MANUAL*,57,851,36,137.00,73.55,21.11,1365,100401
384,384,,*MANUAL*,59,804,33,153.00,85.77,26.12,1365,117076
385,385,,*MANUAL*,55,711,34,177.00,84.46,30.85,1365,115292
386,386,,*MANUAL*,59,657,34,182.00,87.98,34.82,1365,120091
387,387,,*MANUAL*,62,568,33,159.00,82.21,30.94,1365,112220
388,388,,*MANUAL*,65,507,36,184.00,94.73,37.55,1365,129303
389,389,,*MANUAL*,62,406,37,149.00,67.87,32.72,1365,92638
390,390,,*MANUAL*,53,1503,77,150.00,71.04,24.55,895,63580
391,391,,*MANUAL*,59,1480,87,131.00,82.32,22.91,895,73674
392,392,,*MANUAL*,60,1449,90,147.00,79.22,30.93,895,70904
393,393,,*MANUAL*,52,1414,86,137.00,73.66,21.59,895,65925
394,394,,*MANUAL*,57,1357,96,137.00,79.47,25.07,832,66116
395,395,,*MANUAL*,53,1363,90,152.00,84.31,22.86,895,75454
396,396,,*MANUAL*,58,1250,96,109.00,53.07,20.38,895,47497
397,397,,*MANUAL*,56,1183,94,129.00,73.10,20.91,895,65426
398,398,,*MANUAL*,60,1148,96,111.00,59.46,22.66,1365,81167
399,399,,*MANUAL*,59,1111,94,119.00,53.47,21.92,1365,72983
400,400,,*MANUAL*,61,1015,93,135.00,62.16,21.42,1365,84851
401,401,,*MANUAL*,59,952,89,145.00,73.58,23.44,1365,100438
402,402,,*MANUAL*,62,915,91,154.00,73.05,23.30,1365,99719
403,403,,*MANUAL*,58,858,88,144.00,77.61,20.79,1365,105938
404,404,,*MANUAL*,65,786,86,188.00,96.15,29.59,1365,131241
405,405,,*MANUAL*,57,705,84,180.00,95.64,30.19,895,85596
406,406,,*MANUAL*,63,582,81,188.00,70.79,29.82,1365,96623
407,407,,*MANUAL*,63,492,81,182.00,102.51,32.76,1285,131731
408,408,,*MANUAL*,76,771,69,156.00,86.85,22.05,2103,182649
409,409,,*MANUAL*,63,748,75,170.00,88.00,25.92,2886,253970
410,410,,*MANUAL*,72,493,85,231.00,163.74,26.65,895,146549
411,411,,*MANUAL*,72,517,86,204.00,114.44,39.49,1365,156207
412,412,,*MANUAL*,70,543,88,221.00,105.90,51.99,2103,222699
413,413,,*MANUAL*,68,617,86,210.00,110.54,41.71,1365,150887
414,414,,*MANUAL*,66,643,91,198.00,101.39,36.27,1365,138399
415,415,,*MANUAL*,66,700,92,212.00,109.88,36.74,1365,149992
416,416,,*MANUAL*,71,768,91,176.00,93.30,38.80,1365,127358
417,417,,*MANUAL*,70,808,94,197.00,91.05,29.99,1365,124288
418,418,,*MANUAL*,69,879,97,194.00,88.90,35.90,1365,121344
419,419,,*MANUAL*,70,897,95,195.00,91.04,34.42,1365,124272
420,420,,*MANUAL*,72,969,100,136.00,73.82,26.31,1365,100768
421,421,,*MANUAL*,70,1000,99,151.00,86.94,23.33,895,77813
422,422,,*MANUAL*,71,1032,96,135.00,80.29,20.76,895,71860
423,423,,*MANUAL*,74,1070,101,123.00,80.45,16.08,895,72001
424,424,,*MANUAL*,63,1060,47,77.00,34.17,10.49,2103,71860
425,425,,*MANUAL*,84,1064,45,89.00,39.31,14.27,2103,82661
426,426,,*MANUAL*,85,1071,79,81.00,38.04,14.28,1365,51927
427,427,,*MANUAL*,66,1076,84,74.00,35.92,11.01,2103,75535
428,428,,*MANUAL*,61,1025,79,69.00,27.92,10.98,1365,38112
429,429,,*MANUAL*,74,943,80,72.00,21.27, 9.34,2103,44724
430,430,,*MANUAL*,71,854,79,66.00,23.24, 8.42,2969,69014
431,431,,*MANUAL*,58,763,50,58.00,22.17,10.38,2969,65810
432,432,,*MANUAL*,74,718,64,82.00,26.02,13.46,2901,75472
433,433,,*MANUAL*,67,611,67,79.00,32.32,14.20,2103,67977
434,434,,*MANUAL*,70,525,70,87.00,40.18,15.70,2103,84509
435,435,,*MANUAL*,75,434,75,138.00,58.67,21.08,1318,77333
436,436,,*MANUAL*,71,1007,45,61.00,26.39, 9.26,2969,78355
437,437,,*MANUAL*,71,961,44,53.00,18.53, 8.59,2969,55020
438,438,,*MANUAL*,72,888,46,71.00,28.47,11.34,2969,84531
439,439,,*MANUAL*,76,814,49,88.00,24.55,11.25,2969,72878
440,440,,*MANUAL*,67,663,48,88.00,32.38,13.44,2969,96132
441,441,,*MANUAL*,75,569,46,78.00,29.56,12.77,4139,122358
442,442,,*MANUAL*,71,484,46,117.00,51.17,14.70,2103,107614
443,443,,*MANUAL*,62,429,49,112.00,48.85,18.86,2103,102739
444,444,,*MANUAL*,44,1441,63,119.00,71.06,17.84,895,63597
445,445,,*MANUAL*,44,1347,63,146.00,61.72,22.07,1365,84254
446,446,,*MANUAL*,41,1205,66,96.00,46.31,12.77,1365,63211
447,447,,*MANUAL*,45,1189,49,89.00,37.56,16.19,2969,111507
448,448,,*MANUAL*,46,1131,57,74.00,35.42,12.92,2103,74483
449,449,,*MANUAL*,50,1111,71,69.00,28.19,11.37,2969,83690
450,450,,*MANUAL*,53,1075,71,166.00,94.84,27.04,895,84878
451,451,,*MANUAL*,52,885,40,151.00,92.75,24.99,1365,126606
452,452,,*MANUAL*,49,779,61,150.00,79.53,23.69,1365,108556
453,453,,*MANUAL*,52,747,75,221.00,123.97,37.53,895,110954
454,454,,*MANUAL*,47,1049,68,84.00,39.57,14.04,1365,54015
455,455,,*MANUAL*,48,961,77,90.00,43.81,15.27,2103,92125
456,456,,*MANUAL*,47,848,75,100.00,41.90,16.82,2103,88108
457,457,,*MANUAL*,48,715,74,118.00,53.99,23.87,2103,113543
458,458,,*MANUAL*,53,570,62,121.00,52.68,20.60,2103,110796
459,459,,*MANUAL*,56,481,61,125.00,48.86,23.30,2103,102762
460,460,,*MANUAL*,46,1025,50,74.00,23.43,10.81,2969,69570
461,461,,*MANUAL*,46,922,49,78.00,27.99,13.33,2969,83104
462,462,,*MANUAL*,48,809,52,77.00,31.47,14.57,2969,93427
463,463,,*MANUAL*,46,665,57,92.00,37.14,16.71,2969,110279
464,464,,*MANUAL*,54,528,49,124.00,39.24,21.15,2969,116515
465,465,,*MANUAL*,54,356,45,171.00,67.69,32.92,1349,91312
466,466,,*MANUAL*,46,1008,84,125.00,61.54,21.93,2103,129415
467,467,,*MANUAL*,48,906,77,133.00,57.59,21.87,2103,121115
468,468,,*MANUAL*,50,795,79,125.00,58.44,20.05,1365,79773
469,469,,*MANUAL*,48,664,80,130.00,58.19,23.54,2103,122382
470,470,,*MANUAL*,54,541,74,185.00,73.48,35.75,2103,154532
471,471,,*MANUAL*,52,393,69,151.00,80.88,30.08,1203,97296
472,472,,*MANUAL*,57,420,74,177.00,89.90,38.10,1365,122710
473,473,,*MANUAL*,64,831,92,196.00,118.14,33.08,895,105733
474,474,,*MANUAL*,59,770,78,184.00,105.51,32.30,1365,144026
475,475,,*MANUAL*,97,1447,54,163.00,99.95,23.91,895,89459
476,476,,*MANUAL*,99,1354,58,210.00,87.09,26.68,2103,183140
477,477,,*MANUAL*,100,1194,64,107.00,55.85,15.92,1365,76236
478,478,,*MANUAL*,97,1199,44,112.00,43.94,20.56,2103,92397
479,479,,*MANUAL*,99,1137,66,89.00,30.85,12.09,2969,91593
480,480,,*MANUAL*,102,1113,54,95.00,44.01,16.37,2103,92560
481,481,,*MANUAL*,100,1063,50,97.00,43.33,16.24,2103,91120
482,482,,*MANUAL*,96,1065,68,183.00,93.24,30.28,1365,127270
483,483,,*MANUAL*,88,881,40,207.00,103.10,36.55,1365,140738
484,484,,*MANUAL*,92,797,61,193.00,91.27,37.56,2103,191941
485,485,,*MANUAL*,86,741,70,207.00,115.64,40.57,1365,157849
486,486,,*MANUAL*,95,1037,62,106.00,46.08,16.84,2103,96911
487,487,,*MANUAL*,95,964,72,98.00,45.88,16.04,2103,96490
488,488,,*MANUAL*,92,853,73,128.00,50.87,22.69,2969,151021
489,489,,*MANUAL*,88,706,69,142.00,51.51,24.88,2969,152948
490,490,,*MANUAL*,86,650,66,173.00,81.35,25.84,2103,171071
491,491,,*MANUAL*,87,578,65,125.00,53.22,23.58,2969,158016
492,492,,*MANUAL*,91,482,62,125.00,51.63,25.57,2969,153289
493,493,,*MANUAL*,91,1008,79,120.00,57.95,20.13,1365,79108
494,494,,*MANUAL*,93,917,73,126.00,61.32,24.41,2103,128952
495,495,,*MANUAL*,93,807,79,153.00,69.06,29.40,2103,145224
496,496,,*MANUAL*,85,670,79,180.00,83.81,34.06,2103,176256
497,497,,*MANUAL*,89,542,74,163.00,75.74,30.27,2103,159271
498,498,,*MANUAL*,87,395,68,164.00,74.69,34.05,2100,156843
499,499,,*MANUAL*,85,430,75,178.00,86.78,43.35,2103,182508
500,500,,*MANUAL*,92,1001,50,95.00,39.39,15.16,2103,82844
501,501,,*MANUAL*,93,886,55,110.00,35.60,18.77,2969,105697
502,502,,*MANUAL*,93,756,47,107.00,36.98,19.83,2969,109779
503,503,,*MANUAL*,89,645,49,130.00,39.00,23.02,2103,82025
504,504,,*MANUAL*,90,531,52,115.00,42.52,20.57,2969,126231
505,505,,*MANUAL*,85,346,49,140.00,49.85,20.75,2088,104097
506,506,,*MANUAL*,90,1055,84,162.00,95.92,23.97,895,85847
507,507,,*MANUAL*,83,1023,85,166.00,77.31,36.53,1365,105532
508,508,,*MANUAL*,80,370,73,226.00,141.77,35.20,1365,193514
509,509,,*MANUAL*,78,386,72,225.00,145.98,36.85,1269,185245
510,510,,*MANUAL*,84,376,58,204.00,124.57,31.56,1365,170040
511,511,,*MANUAL*,77,403,79,203.00,116.09,33.67,1365,158464
512,512,,*MANUAL*,68,384,76,247.00,159.74,36.20,1365,218050
513,513,,*MANUAL*,69,369,65,195.00,128.95,31.97,1345,173440
514,514,,*MANUAL*,69,361,79,183.00,98.84,41.08,2103,207864
515,515,,*MANUAL*,60,372,73,207.00,136.26,31.77,1365,185997
516,516,,*MANUAL*,61,398,76,218.00,149.12,29.35,895,133458
517,517,,*MANUAL*,59,393,64,220.00,135.19,30.65,895,120994
518,518,,*MANUAL*,57,376,58,203.00,116.82,29.37,1365,159466
519,519,,*MANUAL*,63,391,51,197.00,116.92,31.13,1365,159596
520,520,,*MANUAL*,76,392,54,197.00,129.29,25.22,895,115718
521,521,,*MANUAL*,84,351,62,200.00,115.05,37.36,1365,157046
522,522,,*MANUAL*,83,326,59,198.00,133.05,32.84,895,119082
523,523,,*MANUAL*,81,334,68,244.00,137.10,45.31,1365,187140
524,524,,*MANUAL*,81,315,52,253.00,170.82,39.88,895,152881
525,525,,*MANUAL*,80,305,60,209.00,150.07,29.56,881,132211
526,526,,*MANUAL*,76,297,50,222.00,128.80,38.55,1365,175816
527,527,,*MANUAL*,75,284,58,234.00,150.60,35.16,895,134789
528,528,,*MANUAL*,74,271,65,205.00,128.61,30.17,1291,166033
529,529,,*MANUAL*,56,354,61,172.00,108.66,28.64,1365,148317
530,530,,*MANUAL*,57,336,56,183.00,116.92,26.78,1365,159591
531,531,,*MANUAL*,57,338,69,208.00,117.21,38.77,1365,159985
532,532,,*MANUAL*,59,323,50,230.00,157.72,30.41,889,140209
533,533,,*MANUAL*,59,316,62,190.00,127.65,26.79,895,114251
534,534,,*MANUAL*,60,307,49,227.00,149.57,31.87,875,130872
535,535,,*MANUAL*,62,286,59,210.00,120.43,37.59,1343,161738
536,536,,*MANUAL*,63,270,66,200.00,122.89,30.81,1365,167749
537,537,,*MANUAL*,64,352,44,213.00,129.01,34.82,895,115465
538,538,,*MANUAL*,68,365,38,214.00,133.29,30.93,895,119298
539,539,,*MANUAL*,68,345,54,205.00,141.97,31.41,895,127060
540,540,,*MANUAL*,69,330,50,177.00,113.98,22.15,1365,155583
541,541,,*MANUAL*,69,312,47,214.00,138.29,30.18,895,123773
542,542,,*MANUAL*,70,320,72,160.00,80.87,30.76,2103,170072
543,543,,*MANUAL*,69,302,62,192.00,130.87,25.79,1365,178641
544,544,,*MANUAL*,77,360,46,219.00,125.16,41.15,895,112016
545,545,,*MANUAL*,76,345,41,177.00,114.39,25.48,895,102381
546,546,,*MANUAL*,67,284,49,181.00,104.88,37.74,1365,143162
547,547,,*MANUAL*,74,250,60,113.00,61.70,17.68,1365,84216
548,548,,*MANUAL*,60,247,60,141.00,55.56,21.95,2103,116837
549,549,,*MANUAL*,69,233,54,183.00,99.85,37.95,1365,136302
550,550,,*MANUAL*,68,221,69,171.00,88.77,32.75,1365,121171
551,551,,*MANUAL*,70,197,63,180.00,110.38,29.55,895,98787
552,552,,*MANUAL*,62,188,58,144.00,75.31,26.05,1365,102792
553,553,,*MANUAL*,68,167,66,180.00,97.88,31.58,1365,133601
554,554,,*MANUAL*,66,131,66,168.00,79.38,38.75,1365,108357
555,555,,*MANUAL*,64,115,61,204.00,89.00,46.90,1365,121484
556,556,,*MANUAL*,66,89,61,175.00,66.68,40.45,1365,91018
557,557,,*MANUAL*,83,612,53,91.00,32.87,18.94,2969,97586
558,558,,*MANUAL*,71,1128,88,179.00,98.94,31.67,895,88550
559,559,,*MANUAL*,53,607,55,125.00,62.87,23.78,2969,186652
560,560,,*MANUAL*,89,1419,46,239.00,157.53,32.22,895,140987
561,561,,*MANUAL*,60,1262,78,129.00,75.04,23.40,895,67163
562,562,f1,*MANUAL*,66,725,65,61.00,12.27,10.08,889,10911
563,563,f2,*MANUAL*,81,1235,59,157.00,45.47,28.96,895,40699
564,564,f3,*MANUAL*,68,1235,60,71.00,19.99, 8.17,895,17888
565,565,f4,*MANUAL*,68,808,81,19.00, 3.09, 2.90,895,2770
566,566,f5,*MANUAL*,71,733,71,50.00,13.47, 8.14,895,12055
567,567,f6,*MANUAL*,62,708,71,19.00, 5.46, 3.12,895,4889
568,568,f7,*MANUAL*,63,682,69, 6.00, 1.25, 1.32,895,1116
569,569,f8,*MANUAL*,63,657,67,15.00, 3.76, 2.50,895,3361
570,570,f9,*MANUAL*,62,639,67,11.00, 1.41, 1.52,895,1260
571,571,f10,*MANUAL*,64,623,68,60.00, 9.87,14.43,895,8838
