0,0,*NOUSE*,*NOUSE*,0,0,0,0,0,0,0,0
1,1,*NOUSE*,*NOUSE*,0,0,0,0,0,0,0,0
2,2,*NOUSE*,*NOUSE*,0,0,0,0,0,0,0,0
3,3,*NOUSE*,*NOUSE*,0,0,0,0,0,0,0,0
4,4,*NOUSE*,*NOUSE*,0,0,0,0,0,0,0,0
5,5,*NOUSE*,*NOUSE*,0,0,0,0,0,0,0,0
6,6,*NOUSE*,*NOUSE*,0,0,0,0,0,0,0,0
7,7,*NOUSE*,*NOUSE*,0,0,0,0,0,0,0,0
8,8,*NOUSE*,*NOUSE*,0,0,0,0,0,0,0,0
9,9,*NOUSE*,*NOUSE*,0,0,0,0,0,0,0,0
10,10,*NOUSE*,*NOUSE*,0,0,0,0,0,0,0,0
11,11,*NOUSE*,*NOUSE*,0,0,0,0,0,0,0,0
12,12,*NOUSE*,*NOUSE*,0,0,0,0,0,0,0,0
13,13,,,46,1421,42,149.00,64.56,33.31,3796,245076.00
14,14,*NOUSE*,*NOUSE*,0,0,0,0,0,0,0,0
15,15,*NOUSE*,*NOUSE*,0,0,0,0,0,0,0,0
16,16,*NOUSE*,*NOUSE*,0,0,0,0,0,0,0,0
17,17,*NOUSE*,*NOUSE*,0,0,0,0,0,0,0,0
18,18,*NOUSE*,*NOUSE*,0,0,0,0,0,0,0,0
19,19,*NOUSE*,*NOUSE*,0,0,0,0,0,0,0,0
20,20,*NOUSE*,*NOUSE*,0,0,0,0,0,0,0,0
21,21,*NOUSE*,*NOUSE*,0,0,0,0,0,0,0,0
22,22,*NOUSE*,*NOUSE*,0,0,0,0,0,0,0,0
23,23,*NOUSE*,*NOUSE*,0,0,0,0,0,0,0,0
24,24,*NOUSE*,*NOUSE*,0,0,0,0,0,0,0,0
25,25,*NOUSE*,*NOUSE*,0,0,0,0,0,0,0,0
26,26,*NOUSE*,*NOUSE*,0,0,0,0,0,0,0,0
27,27,*NOUSE*,*NOUSE*,0,0,0,0,0,0,0,0
28,28,*NOUSE*,*NOUSE*,0,0,0,0,0,0,0,0
29,29,*NOUSE*,*NOUSE*,0,0,0,0,0,0,0,0
30,30,*NOUSE*,*NOUSE*,0,0,0,0,0,0,0,0
31,31,*NOUSE*,*NOUSE*,0,0,0,0,0,0,0,0
32,32,*NOUSE*,*NOUSE*,0,0,0,0,0,0,0,0
33,33,*NOUSE*,*NOUSE*,0,0,0,0,0,0,0,0
34,34,*NOUSE*,*NOUSE*,0,0,0,0,0,0,0,0
35,35,*NOUSE*,*NOUSE*,0,0,0,0,0,0,0,0
36,36,*NOUSE*,*NOUSE*,0,0,0,0,0,0,0,0
37,37,*NOUSE*,*NOUSE*,0,0,0,0,0,0,0,0
38,38,*NOUSE*,*NOUSE*,0,0,0,0,0,0,0,0
39,39,*NOUSE*,*NOUSE*,0,0,0,0,0,0,0,0
40,40,*NOUSE*,*NOUSE*,0,0,0,0,0,0,0,0
41,41,*NOUSE*,*NOUSE*,0,0,0,0,0,0,0,0
42,42,*NOUSE*,*NOUSE*,0,0,0,0,0,0,0,0
43,43,*NOUSE*,*NOUSE*,0,0,0,0,0,0,0,0
44,44,*NOUSE*,*NOUSE*,0,0,0,0,0,0,0,0
45,45,*NOUSE*,*NOUSE*,0,0,0,0,0,0,0,0
46,46,*NOUSE*,*NOUSE*,0,0,0,0,0,0,0,0
47,47,*NOUSE*,*NOUSE*,0,0,0,0,0,0,0,0
48,48,*NOUSE*,*NOUSE*,0,0,0,0,0,0,0,0
49,49,*NOUSE*,*NOUSE*,0,0,0,0,0,0,0,0
50,50,*NOUSE*,*NOUSE*,0,0,0,0,0,0,0,0
51,51,*NOUSE*,*NOUSE*,0,0,0,0,0,0,0,0
52,52,*NOUSE*,*NOUSE*,0,0,0,0,0,0,0,0
53,53,*NOUSE*,*NOUSE*,0,0,0,0,0,0,0,0
54,54,*NOUSE*,*NOUSE*,0,0,0,0,0,0,0,0
55,55,*NOUSE*,*NOUSE*,0,0,0,0,0,0,0,0
56,56,*NOUSE*,*NOUSE*,0,0,0,0,0,0,0,0
57,57,,,80,1420,45,178.00,108.16,29.47,1489,161046.00
58,58,*NOUSE*,*NOUSE*,0,0,0,0,0,0,0,0
59,59,*NOUSE*,*NOUSE*,0,0,0,0,0,0,0,0
60,60,*NOUSE*,*NOUSE*,0,0,0,0,0,0,0,0
61,61,*NOUSE*,*NOUSE*,0,0,0,0,0,0,0,0
62,62,*NOUSE*,*NOUSE*,0,0,0,0,0,0,0,0
63,63,*NOUSE*,*NOUSE*,0,0,0,0,0,0,0,0
64,64,*NOUSE*,*NOUSE*,0,0,0,0,0,0,0,0
65,65,,*MANUAL*,65,485,47,132.00,80.54,21.64,895,72082.00
66,66,,*MANUAL*,65,514,45,130.00,66.04,26.08,1365,90146.00
67,67,,*MANUAL*,65,558,44,129.00,81.92,22.09,895,73318.00
68,68,,*MANUAL*,67,635,40,144.00,75.73,25.60,1365,103377.00
69,69,,*MANUAL*,68,663,39,123.00,65.81,22.21,1365,89825.00
70,70,,*MANUAL*,68,732,41,135.00,68.39,22.49,1365,93354.00
71,71,,*MANUAL*,62,806,41,137.00,69.23,27.89,1365,94499.00
72,72,,*MANUAL*,61,879,43,135.00,85.33,26.00,895,76368.00
73,73,,*MANUAL*,62,951,40,142.00,66.88,29.68,1365,91289.00
74,74,,*MANUAL*,62,974,35,139.00,75.45,26.32,1365,102996.00
75,75,,*MANUAL*,62,1084,29,126.00,72.26,25.51,1365,98634.00
76,76,,*MANUAL*,62,1113,30,146.00,80.99,25.77,1365,110550.00
77,77,,*MANUAL*,62,1159,31,146.00,81.04,26.29,1365,110619.00
78,78,,*MANUAL*,62,1228,31,176.00,87.58,27.49,1365,119546.00
79,79,,*MANUAL*,62,1255,32,153.00,98.05,19.17,895,87759.00
80,80,,*MANUAL*,74,1266,49,70.00,24.74,10.93,2103,52033.00
81,81,,*MANUAL*,48,1267,49,56.00,17.75, 8.74,2103,37323.00
82,82,,*MANUAL*,50,1271,96,71.00,23.85,11.15,2103,50167.00
83,83,,*MANUAL*,74,1249,97,68.00,21.91,11.03,2103,46079.00
84,84,,*MANUAL*,64,1198,99,50.00,12.78, 7.48,2103,26876.00
85,85,,*MANUAL*,66,1192,47,45.00,13.97, 6.17,2969,41490.00
86,86,,*MANUAL*,65,1125,100,37.00, 9.93, 5.78,4139,41096.00
87,87,,*MANUAL*,62,1092,51,29.00, 8.84, 4.69,2969,26232.00
88,88,,*MANUAL*,61,1028,97,30.00, 7.80, 4.33,2969,23152.00
89,89,,*MANUAL*,62,972,57,37.00, 8.53, 5.54,2969,25336.00
90,90,,*MANUAL*,54,915,104,24.00, 7.68, 3.45,2969,22803.00
91,91,,*MANUAL*,71,861,88,38.00, 9.50, 6.12,2969,28203.00
92,92,,*MANUAL*,53,773,73,42.00,10.51, 6.46,2969,31202.00
93,93,,*MANUAL*,66,718,97,43.00, 8.19, 5.49,2969,24327.00
94,94,,*MANUAL*,67,653,61,33.00,10.50, 5.54,2969,31183.00
95,95,,*MANUAL*,63,588,89,51.00,12.49, 5.43,2969,37081.00
96,96,,*MANUAL*,61,486,93,40.00,14.36, 6.37,2103,30191.00
97,97,,*MANUAL*,62,531,63,42.00,16.83, 6.95,2103,35389.00
98,98,,*MANUAL*,64,410,93,68.00,27.29,12.48,2103,57398.00
99,99,,*MANUAL*,55,414,62,82.00,33.48,15.29,2033,68060.00
100,100,,*MANUAL*,50,875,62,57.00,24.85, 8.80,2103,52266.00
101,101,,*MANUAL*,50,844,65,73.00,21.30,11.58,2969,63246.00
102,102,,*MANUAL*,71,812,64,85.00,28.35,11.73,2969,84166.00
103,103,,*MANUAL*,70,782,60,66.00,21.58,11.07,2103,45379.00
104,104,,*MANUAL*,83,1242,75,192.00,97.07,36.39,1365,132505.00
105,105,,*MANUAL*,78,989,100,125.00,60.32,22.52,1365,82331.00
106,106,,*MANUAL*,85,838,82,119.00,62.63,19.07,1365,85496.00
107,107,,*MANUAL*,85,798,75,131.00,61.92,28.70,1365,84520.00
108,108,,*MANUAL*,35,1254,71,143.00,73.15,23.45,1365,99844.00
109,109,,*MANUAL*,39,991,96,98.00,52.91,15.01,1365,72217.00
110,110,,*MANUAL*,38,902,83,98.00,43.88,18.99,2103,92274.00
111,111,,*MANUAL*,38,809,67,109.00,59.34,20.95,1365,81001.00
112,112,,*MANUAL*,85,1201,77,114.00,40.26,19.40,2103,84657.00
113,113,,*MANUAL*,85,1132,56,91.00,37.11,15.98,2103,78044.00
114,114,,*MANUAL*,85,1151,86,58.00,13.16, 8.78,2103,27679.00
115,115,,*MANUAL*,84,1071,60,100.00,42.76,19.84,4139,176973.00
116,116,,*MANUAL*,85,1001,57,76.00,30.76,14.37,2103,64690.00
117,117,,*MANUAL*,84,1022,87,65.00,14.08, 9.23,2103,29611.00
118,118,,*MANUAL*,85,916,71,149.00,62.00,28.47,2103,130389.00
119,119,,*MANUAL*,84,896,97,60.00,12.03, 8.88,2103,25296.00
120,120,,*MANUAL*,84,854,64,90.00,33.54,14.36,2103,70532.00
121,121,,*MANUAL*,84,746,73,96.00,30.99,15.94,2103,65168.00
122,122,,*MANUAL*,85,684,56,82.00,26.28,14.61,2103,55267.00
123,123,,*MANUAL*,84,665,80,42.00,10.52, 5.27,2969,31232.00
124,124,,*MANUAL*,81,582,86,116.00,68.38,15.31,1365,93334.00
125,125,,*MANUAL*,79,546,87,127.00,59.43,21.95,2103,124985.00
126,126,,*MANUAL*,80,534,63,92.00,38.49,17.33,2103,80938.00
127,127,,*MANUAL*,80,512,91,64.00,16.16, 8.55,2969,47970.00
128,128,,*MANUAL*,79,445,78,97.00,28.10,16.41,2969,83419.00
129,129,,*MANUAL*,79,383,67,115.00,41.18,21.74,1321,54399.00
130,130,,*MANUAL*,79,350,94,53.00,17.30, 8.85,2103,36378.00
131,131,,*MANUAL*,34,1211,72,67.00,20.59,11.65,2969,61140.00
132,132,,*MANUAL*,35,1145,83,40.00,10.92, 6.47,2969,32426.00
133,133,,*MANUAL*,35,1130,53,96.00,35.01,15.39,2103,73623.00
134,134,,*MANUAL*,35,1070,57,97.00,27.33,23.60,2969,81133.00
135,135,,*MANUAL*,35,1009,79,43.00, 9.81, 6.12,2969,29140.00
136,136,,*MANUAL*,35,1007,53,73.00,33.64,13.95,2103,70735.00
137,137,,*MANUAL*,37,921,69,85.00,28.22,16.72,2969,83785.00
138,138,,*MANUAL*,38,885,58,80.00,29.52,12.48,2103,62073.00
139,139,,*MANUAL*,38,858,94,39.00, 9.66, 5.76,2103,20311.00
140,140,,*MANUAL*,43,712,62,95.00,33.43,16.41,2103,70302.00
141,141,,*MANUAL*,42,690,82,47.00,10.48, 6.99,2969,31104.00
142,142,,*MANUAL*,44,684,51,88.00,34.54,16.08,2103,72643.00
143,143,,*MANUAL*,43,616,63,96.00,45.53,16.66,1365,62153.00
144,144,,*MANUAL*,45,640,82,41.00,12.38, 6.98,2969,36746.00
145,145,,*MANUAL*,42,567,70,86.00,40.27,15.06,1365,54969.00
146,146,,*MANUAL*,42,538,57,91.00,34.14,16.42,2103,71787.00
147,147,,*MANUAL*,41,522,86,50.00,12.86, 7.77,2969,38183.00
148,148,,*MANUAL*,42,459,70,110.00,37.23,20.83,2969,110537.00
149,149,,*MANUAL*,43,379,62,122.00,39.33,17.61,2102,82667.00
150,150,,*MANUAL*,45,335,86,70.00,23.09,12.46,2046,47243.00
151,151,,*MANUAL*,34,1277,85,58.00,14.65, 8.63,2969,43506.00
152,152,,*MANUAL*,33,1324,72,49.00,14.62, 7.06,2103,30753.00
153,153,,*MANUAL*,33,1339,87,97.00,24.94,12.68,2103,52443.00
154,154,,*MANUAL*,33,1425,78,75.00,29.05,11.82,2103,61095.00
155,155,,*MANUAL*,41,1432,99,112.00,55.78,17.34,1365,76137.00
156,156,,*MANUAL*,88,1329,69,61.00,20.16, 7.62,2103,42400.00
157,157,,*MANUAL*,88,1331,88,82.00,22.78,11.68,2103,47914.00
158,158,,*MANUAL*,90,1407,79,94.00,31.33,16.92,2103,65892.00
159,159,,*MANUAL*,86,1426,97,134.00,62.09,25.99,895,55568.00
160,160,,*MANUAL*,80,1779,57,161.00,69.56,29.03,1318,91686.00
161,161,,*MANUAL*,76,1753,49,155.00,76.60,32.86,1343,102872.00
162,162,,*MANUAL*,75,1719,43,177.00,85.08,30.68,895,76146.00
163,163,,*MANUAL*,80,1647,47,156.00,77.18,35.13,1365,105350.00
164,164,,*MANUAL*,74,1595,42,142.00,72.13,30.22,1333,96145.00
165,165,,*MANUAL*,81,1559,48,171.00,69.86,31.14,1365,95362.00
166,166,,*MANUAL*,79,1783,86,171.00,77.81,29.01,1365,106210.00
167,167,,*MANUAL*,76,1746,97,153.00,68.51,31.24,895,61320.00
168,168,,*MANUAL*,76,1693,103,170.00,70.89,32.76,895,63444.00
169,169,,*MANUAL*,78,1644,99,173.00,90.72,27.38,889,80654.00
170,170,,*MANUAL*,72,1568,110,144.00,60.76,27.35,1291,78438.00
171,171,,*MANUAL*,78,1564,101,154.00,85.21,28.10,1365,116311.00
172,172,,*MANUAL*,44,1786,88,117.00,53.93,20.58,1365,73615.00
173,173,,*MANUAL*,47,1753,95,154.00,82.97,24.30,1312,108859.00
174,174,,*MANUAL*,48,1714,100,135.00,75.58,24.63,1365,103172.00
175,175,,*MANUAL*,43,1657,99,137.00,62.17,26.77,1365,84867.00
176,176,,*MANUAL*,43,1591,106,144.00,79.70,24.81,895,71332.00
177,177,,*MANUAL*,48,1575,111,160.00,68.37,29.01,895,61192.00
178,178,,*MANUAL*,41,1786,57,130.00,57.48,23.00,1360,78176.00
179,179,,*MANUAL*,46,1752,49,123.00,70.68,22.71,1365,96473.00
180,180,,*MANUAL*,47,1718,44,135.00,69.92,26.08,895,62579.00
181,181,,*MANUAL*,43,1655,46,126.00,61.28,23.66,1365,83653.00
182,182,,*MANUAL*,48,1597,40,128.00,60.16,24.03,1365,82122.00
183,183,,*MANUAL*,39,1577,50,131.00,62.57,23.56,1365,85410.00
184,184,,*MANUAL*,76,403,65,130.00,51.00,32.03,1365,69619.00
185,185,,*MANUAL*,71,467,52,129.00,49.50,26.73,1365,67567.00
186,186,,*MANUAL*,74,589,48,107.00,44.65,16.45,1365,60947.00
187,187,,*MANUAL*,73,750,49,111.00,52.97,22.92,1365,72298.00
188,188,,*MANUAL*,69,876,50,120.00,72.08,17.50,895,64512.00
189,189,,*MANUAL*,77,866,60,138.00,88.33,22.25,895,79051.00
190,190,,*MANUAL*,67,903,51,156.00,63.56,36.71,1365,86764.00
191,191,,*MANUAL*,74,929,48,116.00,50.14,19.45,1365,68436.00
192,192,,*MANUAL*,75,1007,38,104.00,41.49,20.75,1365,56638.00
193,193,,*MANUAL*,76,1080,39,105.00,53.41,17.16,1365,72905.00
194,194,,*MANUAL*,72,1174,32,150.00,54.02,30.71,1365,73731.00
195,195,,*MANUAL*,78,1258,37,169.00,53.59,27.21,1365,73153.00
196,196,,*MANUAL*,75,1328,38,155.00,83.04,27.06,895,74321.00
197,197,,*MANUAL*,81,1384,42,138.00,56.63,21.85,1365,77298.00
198,198,,*MANUAL*,78,1452,38,186.00,64.45,26.89,1365,87974.00
199,199,,*MANUAL*,53,478,50,103.00,47.73,17.79,1365,65155.00
200,200,,*MANUAL*,53,585,48,92.00,38.55,15.99,1365,52620.00
201,201,,*MANUAL*,57,689,46,117.00,55.45,19.78,1365,75695.00
202,202,,*MANUAL*,52,773,50,99.00,53.95,16.28,1365,73647.00
203,203,,*MANUAL*,50,900,54,103.00,38.81,19.64,1365,52972.00
204,204,,*MANUAL*,44,967,45,108.00,39.96,18.50,1365,54543.00
205,205,,*MANUAL*,47,1048,35,94.00,45.88,17.48,1365,62625.00
206,206,,*MANUAL*,47,1121,38,97.00,47.46,18.01,1365,64781.00
207,207,,*MANUAL*,48,1205,33,112.00,46.38,17.74,1365,63302.00
208,208,,*MANUAL*,43,1160,47,119.00,59.56,22.51,1365,81295.00
209,209,,*MANUAL*,43,1183,42,140.00,72.63,22.28,1365,99134.00
210,210,,*MANUAL*,46,1301,38,132.00,43.63,21.67,1365,59557.00
211,211,,*MANUAL*,48,1336,39,161.00,72.68,25.93,1365,99215.00
212,212,,*MANUAL*,42,1384,39,115.00,49.95,20.24,1365,68182.00
213,213,,*MANUAL*,48,1465,39,154.00,77.02,26.10,1360,104748.00
214,214,,*MANUAL*,41,1356,46,154.00,77.39,25.85,1365,105633.00
215,215,,*MANUAL*,79,1348,48,185.00,90.02,36.55,1365,122879.00
216,216,,*MANUAL*,46,413,57,116.00,59.75,21.83,1365,81556.00
217,217,,*MANUAL*,69,438,97,103.00,47.97,18.13,1365,65478.00
218,218,,*MANUAL*,70,515,103,105.00,49.65,20.55,1365,67774.00
219,219,,*MANUAL*,72,582,103,106.00,50.99,21.24,1365,69596.00
220,220,,*MANUAL*,72,674,106,91.00,42.30,14.38,1365,57738.00
221,221,,*MANUAL*,72,772,106,93.00,43.99,16.48,1365,60048.00
222,222,,*MANUAL*,73,892,112,86.00,41.33,15.84,1365,56421.00
223,223,,*MANUAL*,73,951,110,104.00,41.04,18.25,1365,56020.00
224,224,,*MANUAL*,73,1012,107,99.00,41.76,18.12,1365,57007.00
225,225,,*MANUAL*,73,1082,103,98.00,47.53,16.55,1365,64872.00
226,226,,*MANUAL*,73,1166,107,119.00,58.02,19.78,1365,79196.00
227,227,,*MANUAL*,74,1224,107,118.00,48.80,19.05,1365,66612.00
228,228,,*MANUAL*,71,1335,110,179.00,75.79,28.59,1365,103448.00
229,229,,*MANUAL*,76,1369,110,124.00,51.34,21.95,1365,70085.00
230,230,,*MANUAL*,72,1421,111,149.00,58.61,30.45,1365,79997.00
231,231,,*MANUAL*,51,465,100,126.00,49.72,20.19,1365,67868.00
232,232,,*MANUAL*,51,562,104,115.00,52.99,17.92,1365,72327.00
233,233,,*MANUAL*,57,645,104,89.00,44.37,14.78,1365,60562.00
234,234,,*MANUAL*,53,735,104,96.00,47.28,17.98,1365,64535.00
235,235,,*MANUAL*,52,843,112,85.00,32.51,15.87,1365,44382.00
236,236,,*MANUAL*,54,953,114,100.00,51.47,16.38,1365,70254.00
237,237,,*MANUAL*,45,1007,105,93.00,42.93,13.79,1365,58600.00
238,238,,*MANUAL*,50,1077,107,116.00,54.17,18.37,1365,73938.00
239,239,,*MANUAL*,46,1141,107,96.00,44.54,15.98,1365,60793.00
240,240,,*MANUAL*,54,1234,109,114.00,53.51,14.88,1365,73047.00
241,241,,*MANUAL*,45,1331,108,113.00,50.71,20.09,1365,69215.00
242,242,,*MANUAL*,55,1352,113,132.00,64.18,22.94,1365,87607.00
243,243,,*MANUAL*,47,1394,112,111.00,44.03,20.68,1365,60100.00
244,244,,*MANUAL*,55,1452,111,155.00,59.66,32.24,1365,81441.00
245,245,,*MANUAL*,60,1434,111,167.00,74.92,34.73,1365,102266.00
246,246,,*MANUAL*,71,236,81,115.00,51.71,20.12,2103,108754.00
247,247,,*MANUAL*,71,255,68,165.00,107.08,22.75,895,95836.00
248,248,,*MANUAL*,70,274,81,176.00,105.39,29.37,895,94321.00
249,249,,*MANUAL*,75,291,91,197.00,109.15,32.47,895,97688.00
250,250,,*MANUAL*,76,300,75,159.00,98.98,25.77,1365,135110.00
251,251,,*MANUAL*,77,306,88,215.00,121.01,40.38,895,108307.00
252,252,,*MANUAL*,78,318,81,153.00,102.75,22.12,895,91958.00
253,253,,*MANUAL*,76,321,68,178.00,108.82,29.60,895,97394.00
254,254,,*MANUAL*,78,338,76,147.00,99.44,19.93,895,88999.00
255,255,,*MANUAL*,76,359,73,156.00,88.98,26.54,1365,121452.00
256,256,,*MANUAL*,71,378,70,174.00,116.47,21.31,895,104238.00
257,257,,*MANUAL*,71,332,93,127.00,67.69,21.63,1365,92394.00
258,258,,*MANUAL*,56,241,82,130.00,66.08,24.10,2103,138967.00
259,259,,*MANUAL*,57,254,65,175.00,98.80,32.07,895,88423.00
260,260,,*MANUAL*,59,270,75,179.00,104.48,34.67,895,93514.00
261,261,,*MANUAL*,54,280,85,172.00,109.04,27.44,895,97592.00
262,262,,*MANUAL*,54,295,71,169.00,99.04,24.08,1359,134591.00
263,263,,*MANUAL*,54,300,82,193.00,118.79,31.75,895,106313.00
264,264,,*MANUAL*,54,314,78,151.00,98.03,19.64,895,87740.00
265,265,,*MANUAL*,54,316,64,150.00,102.78,19.09,895,91985.00
266,266,,*MANUAL*,51,332,70,132.00,82.49,20.92,1365,112601.00
267,267,,*MANUAL*,51,358,72,142.00,71.77,28.28,1365,97967.00
268,268,,*MANUAL*,56,326,94,128.00,73.39,19.76,1365,100180.00
269,269,,*MANUAL*,55,340,86,133.00,81.60,20.21,1365,111379.00
270,270,,*MANUAL*,55,375,82,132.00,82.29,18.83,889,73155.00
271,271,,*MANUAL*,66,376,86,147.00,78.14,27.41,1365,106664.00
272,272,,*MANUAL*,65,350,98,142.00,70.25,29.07,1365,95890.00
273,273,,*MANUAL*,65,329,81,149.00,90.53,19.53,1365,123576.00
274,274,,*MANUAL*,65,308,66,142.00,74.37,18.22,1365,101513.00
275,275,,*MANUAL*,65,310,87,153.00,102.90,17.01,895,92092.00
276,276,,*MANUAL*,64,289,92,163.00,95.76,24.79,1365,130712.00
277,277,,*MANUAL*,66,287,74,140.00,91.75,18.21,1365,125244.00
278,278,,*MANUAL*,65,263,94,119.00,56.08,24.66,1365,76551.00
279,279,,*MANUAL*,72,281,64,151.00,86.28,21.13,895,77223.00
280,280,,*MANUAL*,60,283,62,135.00,82.32,17.32,895,73674.00
281,281,,*MANUAL*,58,206,85,130.00,76.86,21.34,1365,104913.00
282,282,,*MANUAL*,64,228,60,126.00,55.77,21.77,1365,76130.00
283,283,,*MANUAL*,61,204,68,135.00,57.86,26.36,1365,78975.00
284,284,,*MANUAL*,62,169,70,133.00,69.60,22.13,895,62292.00
285,285,,*MANUAL*,62,128,68,117.00,51.16,25.20,1365,69838.00
286,286,,*MANUAL*,61,107,72,169.00,78.43,34.91,1365,107051.00
287,287,,*MANUAL*,61,79,70,133.00,49.83,29.33,2103,104788.00
288,288,,*MANUAL*,65,168,82,138.00,55.08,23.60,1365,75188.00
289,289,,*MANUAL*,65,336,51,144.00,69.55,22.50,1365,94932.00
290,290,,*MANUAL*,66,350,65,152.00,80.71,25.94,895,72239.00
291,291,,*MANUAL*,64,373,62,187.00,126.87,25.81,895,113545.00
292,292,,*MANUAL*,68,361,57,176.00,107.76,23.25,895,96441.00
293,293,,*MANUAL*,68,389,56,171.00,109.87,25.44,879,96575.00
294,294,,*MANUAL*,55,354,58,149.00,102.89,20.88,895,92088.00
295,295,,*MANUAL*,53,371,58,186.00,117.47,30.73,895,105139.00
296,296,,*MANUAL*,57,392,56,141.00,89.46,19.98,1365,122116.00
297,297,,*MANUAL*,57,1340,95,171.00,90.49,26.29,894,80897.00
298,298,,*MANUAL*,58,1346,55,216.00,128.57,36.54,895,115070.00
299,299,,*MANUAL*,71,1341,63,165.00,83.39,31.13,1365,113829.00
300,300,,*MANUAL*,76,1349,88,195.00,90.65,33.75,1365,123734.00
301,301,,*MANUAL*,45,1349,81,178.00,99.26,28.81,895,88840.00
302,302,,*MANUAL*,61,1355,64,148.00,84.38,22.83,1365,115185.00
303,303,,*MANUAL*,71,1363,55,206.00,126.42,33.94,895,113144.00
304,304,,*MANUAL*,53,1363,56,189.00,115.64,22.96,895,103501.00
305,305,,*MANUAL*,52,1366,91,126.00,61.96,19.82,1365,84579.00
306,306,,*MANUAL*,63,1382,100,139.00,68.07,20.93,1343,91412.00
307,307,,*MANUAL*,74,1380,95,203.00,102.71,32.81,1365,140200.00
308,308,,*MANUAL*,57,1380,48,114.00,51.16,20.88,1365,69833.00
309,309,,*MANUAL*,77,1381,61,155.00,81.49,32.71,1365,111237.00
310,310,,*MANUAL*,47,1377,60,115.00,57.75,19.77,1365,78828.00
311,311,,*MANUAL*,80,1382,82,142.00,72.34,24.94,1365,98742.00
312,312,,*MANUAL*,44,1383,81,119.00,52.82,19.27,1365,72100.00
313,313,,*MANUAL*,62,1407,97,136.00,81.96,20.99,1365,111869.00
314,314,,*MANUAL*,74,1410,96,196.00,125.06,30.31,895,111928.00
315,315,,*MANUAL*,50,1407,93,169.00,110.12,25.03,895,98555.00
316,316,,*MANUAL*,76,1407,60,150.00,84.55,22.74,1365,115417.00
317,317,,*MANUAL*,50,1405,60,131.00,70.42,21.03,1365,96120.00
318,318,,*MANUAL*,62,1425,98,187.00,114.71,35.42,895,102662.00
319,319,,*MANUAL*,60,1414,49,198.00,116.54,26.37,895,104307.00
320,320,,*MANUAL*,46,1419,83,134.00,74.74,21.37,1365,102018.00
321,321,,*MANUAL*,77,1420,82,177.00,88.50,28.39,1365,120805.00
322,322,,*MANUAL*,66,1427,56,223.00,119.82,30.91,873,104602.00
323,323,,*MANUAL*,57,1429,57,205.00,124.93,30.17,839,104815.00
324,324,,*MANUAL*,76,1428,67,230.00,153.18,31.91,884,135415.00
325,325,,*MANUAL*,48,1426,61,209.00,137.97,24.64,895,123483.00
326,326,,*MANUAL*,74,1439,78,191.00,117.44,26.32,895,105108.00
327,327,,*MANUAL*,49,1436,74,183.00,88.09,26.31,895,78839.00
328,328,,*MANUAL*,69,1436,91,171.00,92.61,25.91,895,82888.00
329,329,,*MANUAL*,57,1436,88,149.00,88.16,22.42,895,78904.00
330,330,,*MANUAL*,62,1446,60,145.00,90.37,19.23,895,80881.00
331,331,,*MANUAL*,69,1460,80,165.00,87.66,22.46,885,77576.00
332,332,,*MANUAL*,54,1456,80,149.00,76.90,20.84,1359,104506.00
333,333,,*MANUAL*,60,1628,87,173.00,87.70,30.13,1365,119716.00
334,334,,*MANUAL*,72,1620,70,233.00,156.15,36.39,895,139758.00
335,335,,*MANUAL*,55,1617,63,219.00,123.67,37.99,895,110685.00
336,336,,*MANUAL*,60,1652,94,212.00,133.91,31.93,895,119847.00
337,337,,*MANUAL*,79,1653,65,206.00,134.79,36.64,895,120637.00
338,338,,*MANUAL*,50,1650,56,186.00,102.63,35.75,1365,140089.00
339,339,,*MANUAL*,61,1667,98,210.00,132.41,43.05,855,113210.00
340,340,,*MANUAL*,68,1664,95,176.00,87.98,36.36,895,78738.00
341,341,,*MANUAL*,52,1663,90,147.00,86.64,24.92,895,77547.00
342,342,,*MANUAL*,77,1663,80,146.00,92.86,26.92,895,83113.00
343,343,,*MANUAL*,49,1664,69,140.00,81.59,26.75,895,73023.00
344,344,,*MANUAL*,73,1677,68,254.00,174.74,44.67,794,138747.00
345,345,,*MANUAL*,81,1675,66,254.00,174.40,45.32,853,148763.00
346,346,,*MANUAL*,54,1679,66,201.00,132.14,35.92,485,64086.00
347,347,,*MANUAL*,49,1672,56,211.00,130.68,28.41,893,116700.00
348,348,,*MANUAL*,57,1682,92,212.00,127.09,39.79,813,103322.00
349,349,,*MANUAL*,64,1687,90,244.00,153.16,44.01,895,137080.00
350,350,,*MANUAL*,50,1687,81,148.00,76.83,21.06,864,66383.00
351,351,,*MANUAL*,76,1685,88,146.00,90.04,20.31,895,80589.00
352,352,,*MANUAL*,76,1692,76,232.00,150.74,40.55,895,134909.00
353,353,,*MANUAL*,48,1693,73,184.00,107.20,33.36,895,95948.00
354,354,,*MANUAL*,72,1692,60,228.00,140.21,41.88,893,125208.00
355,355,,*MANUAL*,56,1692,56,226.00,132.31,45.22,889,117626.00
356,356,,*MANUAL*,65,1686,53,182.00,88.76,31.22,895,79444.00
357,357,,*MANUAL*,74,1710,68,218.00,114.89,39.13,895,102830.00
358,358,,*MANUAL*,52,1711,64,191.00,101.38,31.40,895,90735.00
359,359,,*MANUAL*,60,1711,93,146.00,62.06,33.07,1365,84713.00
360,360,,*MANUAL*,72,1732,73,155.00,67.40,23.12,895,60324.00
361,361,,*MANUAL*,51,1728,72,116.00,50.62,21.79,1365,69097.00
362,362,,*MANUAL*,56,1735,88,108.00,50.37,18.21,895,45080.00
363,363,,*MANUAL*,66,1763,88,187.00,88.81,31.39,893,79308.00
364,364,,*MANUAL*,62,1773,91,191.00,111.96,35.89,895,100201.00
365,365,,*MANUAL*,73,1780,64,224.00,106.17,34.92,895,95024.00
366,366,,*MANUAL*,68,1766,61,105.00,47.78,17.83,895,42761.00
367,367,,*MANUAL*,54,1776,60,132.00,47.13,19.07,867,40865.00
368,368,,*MANUAL*,50,1784,64,186.00,105.89,28.39,895,94774.00
369,369,,*MANUAL*,61,1796,89,204.00,108.20,36.82,895,96840.00
370,370,,*MANUAL*,62,1817,89,170.00,88.78,34.50,895,79456.00
371,371,,*MANUAL*,61,1854,89,153.00,72.04,28.23,893,64328.00
372,372,,*MANUAL*,70,1853,63,129.00,64.00,24.27,895,57278.00
373,373,,*MANUAL*,71,1824,63,204.00,114.42,39.28,895,102404.00
374,374,,*MANUAL*,71,1805,62,217.00,101.54,42.46,895,90874.00
375,375,,*MANUAL*,50,1856,65,136.00,47.01,23.76,1365,64167.00
376,376,,*MANUAL*,50,1821,65,187.00,97.69,34.20,895,87429.00
377,377,,*MANUAL*,50,1807,66,193.00,101.92,40.69,895,91217.00
378,378,,*MANUAL*,49,1745,64,143.00,76.06,25.83,895,68074.00
379,379,,*MANUAL*,75,1744,64,156.00,76.26,29.82,895,68253.00
380,380,,*MANUAL*,86,1360,64,206.00,91.09,49.03,1365,124334.00
381,381,,*MANUAL*,87,1390,60,170.00,103.20,31.38,1365,140871.00
382,382,,*MANUAL*,89,1412,61,202.00,137.20,28.29,895,122797.00
383,383,,*MANUAL*,85,1424,67,215.00,136.15,44.00,895,121853.00
384,384,,*MANUAL*,85,1437,85,221.00,120.23,44.36,895,107606.00
385,385,,*MANUAL*,80,1452,89,233.00,148.46,44.28,857,127226.00
386,386,,*MANUAL*,88,1439,68,224.00,145.00,28.91,895,129772.00
387,387,,*MANUAL*,87,1453,82,227.00,138.52,40.93,895,123972.00
388,388,,*MANUAL*,86,1453,65,212.00,129.17,43.76,861,111216.00
389,389,,*MANUAL*,88,1469,70,150.00,99.79,22.56,1365,136208.00
390,390,,*MANUAL*,86,1473,90,167.00,102.22,29.69,895,91491.00
391,391,,*MANUAL*,86,1494,82,172.00,114.81,22.83,895,102756.00
392,392,,*MANUAL*,87,1495,64,205.00,139.92,30.11,879,122992.00
393,393,,*MANUAL*,87,1512,71,179.00,112.04,23.09,1349,151144.00
394,394,,*MANUAL*,84,1529,65,221.00,132.74,46.33,895,118799.00
395,395,,*MANUAL*,83,1546,64,218.00,126.96,42.46,845,107284.00
396,396,,*MANUAL*,83,1520,83,182.00,104.63,38.71,1365,142821.00
397,397,,*MANUAL*,84,1540,82,217.00,127.24,29.69,895,113882.00
398,398,,*MANUAL*,84,1561,85,216.00,110.54,44.91,1365,150887.00
399,399,,*MANUAL*,89,1563,71,124.00,37.92,20.91,2103,79739.00
400,400,,*MANUAL*,80,1532,92,215.00,119.67,45.34,895,107102.00
401,401,,*MANUAL*,37,1342,67,166.00,81.75,29.42,1365,111589.00
402,402,,*MANUAL*,34,1406,59,129.00,77.91,19.23,1365,106343.00
403,403,,*MANUAL*,34,1426,58,156.00,103.71,20.29,893,92613.00
404,404,,*MANUAL*,39,1435,63,190.00,117.35,28.82,895,105028.00
405,405,,*MANUAL*,41,1445,84,178.00,104.50,23.60,895,93528.00
406,406,,*MANUAL*,41,1455,95,192.00,125.93,25.81,886,111571.00
407,407,,*MANUAL*,35,1446,65,169.00,108.55,20.20,895,97153.00
408,408,,*MANUAL*,37,1460,82,168.00,100.54,26.90,895,89984.00
409,409,,*MANUAL*,37,1461,65,159.00,107.02,19.55,892,95466.00
410,410,,*MANUAL*,36,1482,67,117.00,75.83,15.59,1365,103514.00
411,411,,*MANUAL*,36,1484,84,118.00,79.73,17.75,895,71358.00
412,412,,*MANUAL*,36,1507,78,144.00,89.70,21.24,895,80278.00
413,413,,*MANUAL*,36,1503,62,175.00,116.92,22.49,853,99733.00
414,414,,*MANUAL*,36,1525,70,127.00,86.44,15.95,1365,117995.00
415,415,,*MANUAL*,38,1537,63,206.00,121.09,31.18,895,108378.00
416,416,,*MANUAL*,38,1554,63,175.00,118.06,30.13,895,105661.00
417,417,,*MANUAL*,37,1528,85,155.00,92.52,21.10,895,82808.00
418,418,,*MANUAL*,37,1549,79,151.00,105.90,18.38,883,93512.00
419,419,,*MANUAL*,37,1568,85,156.00,82.63,25.14,1365,112788.00
420,420,,*MANUAL*,39,1549,93,185.00,115.57,34.31,877,101359.00
421,421,,*MANUAL*,40,1499,96,154.00,97.09,27.24,1365,132533.00
422,422,,*MANUAL*,44,1485,97,149.00,93.23,29.80,895,83444.00
423,423,,*MANUAL*,42,1468,99,184.00,118.34,31.29,895,105910.00
424,424,,*MANUAL*,46,1515,91,157.00,104.16,23.73,895,93219.00
425,425,,*MANUAL*,47,1501,85,158.00,101.00,19.28,895,90391.00
426,426,,*MANUAL*,81,1488,97,189.00,113.34,41.99,1354,153468.00
427,427,,*MANUAL*,77,1477,98,199.00,126.38,35.31,895,113113.00
428,428,,*MANUAL*,77,1460,100,233.00,142.72,35.53,892,127306.00
429,429,,*MANUAL*,80,1506,94,177.00,116.50,28.80,895,104265.00
430,430,,*MANUAL*,63,1560,114,160.00,85.58,35.81,1365,116823.00
431,431,,*MANUAL*,63,1543,108,172.00,103.48,30.04,1362,140940.00
432,432,,*MANUAL*,72,1542,99,230.00,132.14,42.57,895,118264.00
433,433,,*MANUAL*,49,1548,102,180.00,118.92,32.66,895,106431.00
434,434,,*MANUAL*,66,1553,93,227.00,141.65,39.90,879,124511.00
435,435,,*MANUAL*,56,1556,93,240.00,139.99,35.52,895,125290.00
436,436,,*MANUAL*,67,1527,102,184.00,103.01,40.53,895,92190.00
437,437,,*MANUAL*,58,1535,100,177.00,121.77,20.65,895,108987.00
438,438,,*MANUAL*,67,1508,101,153.00,99.69,19.66,861,85833.00
439,439,,*MANUAL*,56,1517,100,153.00,86.38,29.09,1365,117915.00
440,440,,*MANUAL*,67,1484,104,146.00,95.71,20.58,889,85089.00
441,441,,*MANUAL*,54,1496,102,141.00,83.14,21.39,1349,112160.00
442,442,,*MANUAL*,65,1466,102,171.00,99.95,25.78,895,89456.00
443,443,,*MANUAL*,54,1475,99,165.00,95.51,23.82,895,85483.00
444,444,,*MANUAL*,71,1450,100,206.00,130.87,34.25,895,117132.00
445,445,,*MANUAL*,51,1457,99,205.00,119.76,37.68,895,107183.00
446,446,,*MANUAL*,73,1545,84,249.00,151.45,33.41,895,135545.00
447,447,,*MANUAL*,72,1523,90,201.00,139.20,27.03,895,124582.00
448,448,,*MANUAL*,46,1549,85,197.00,139.71,24.97,895,125039.00
449,449,,*MANUAL*,47,1532,93,166.00,115.75,23.98,895,103593.00
450,450,,*MANUAL*,47,1468,86,163.00,110.01,20.78,895,98463.00
451,451,,*MANUAL*,77,1467,83,210.00,136.27,25.59,895,121966.00
452,452,,*MANUAL*,74,1496,89,172.00,123.05,22.26,895,110128.00
453,453,,*MANUAL*,74,1533,74,218.00,123.56,34.93,895,110582.00
454,454,,*MANUAL*,76,1511,74,189.00,130.20,26.65,895,116533.00
455,455,,*MANUAL*,75,1486,80,189.00,120.56,33.15,895,107897.00
456,456,,*MANUAL*,79,1450,72,216.00,127.83,37.38,1365,174494.00
457,457,,*MANUAL*,80,1484,66,187.00,128.55,30.19,895,115051.00
458,458,,*MANUAL*,46,1539,74,169.00,105.54,31.86,895,94457.00
459,459,,*MANUAL*,47,1519,73,163.00,104.97,26.90,895,93945.00
460,460,,*MANUAL*,47,1488,74,171.00,112.31,22.60,895,100516.00
461,461,,*MANUAL*,47,1472,69,156.00,98.71,25.50,895,88341.00
462,462,,*MANUAL*,46,1455,69,180.00,91.94,36.58,1365,125494.00
463,463,,*MANUAL*,49,1549,64,197.00,112.36,40.58,885,99435.00
464,464,,*MANUAL*,74,1543,64,244.00,154.98,36.61,895,138709.00
465,465,,*MANUAL*,69,1552,57,227.00,144.24,41.24,895,129095.00
466,466,,*MANUAL*,52,1556,57,209.00,128.16,38.41,895,114699.00
467,467,,*MANUAL*,61,1535,48,227.00,157.13,27.94,830,130421.00
468,468,,*MANUAL*,62,1528,34,158.00,85.88,28.87,1365,117226.00
469,469,,*MANUAL*,64,1499,40,188.00,124.23,24.37,895,111188.00
470,470,,*MANUAL*,67,1464,35,159.00,79.30,28.24,1365,108250.00
471,471,,*MANUAL*,71,1533,50,244.00,172.86,33.21,843,145721.00
472,472,,*MANUAL*,52,1536,51,228.00,162.02,26.53,852,138038.00
473,473,,*MANUAL*,79,1538,51,224.00,149.14,36.95,895,133477.00
474,474,,*MANUAL*,44,1540,47,203.00,135.71,28.23,895,121464.00
475,475,,*MANUAL*,45,1515,44,210.00,130.63,32.82,895,116910.00
476,476,,*MANUAL*,79,1519,44,211.00,147.89,28.36,895,132361.00
477,477,,*MANUAL*,68,1514,52,236.00,146.92,27.59,895,131491.00
478,478,,*MANUAL*,56,1514,45,232.00,151.10,26.08,895,135238.00
479,479,,*MANUAL*,52,1519,56,190.00,136.29,24.46,879,119796.00
480,480,,*MANUAL*,75,1523,58,209.00,138.46,36.18,895,123926.00
481,481,,*MANUAL*,44,1526,58,203.00,135.54,31.26,895,121307.00
482,482,,*MANUAL*,76,1500,42,200.00,130.33,26.56,895,116641.00
483,483,,*MANUAL*,48,1496,45,181.00,127.62,19.99,895,114220.00
484,484,,*MANUAL*,70,1497,54,221.00,159.99,30.36,881,140953.00
485,485,,*MANUAL*,58,1497,53,230.00,156.30,30.89,895,139891.00
486,486,,*MANUAL*,45,1501,59,166.00,115.26,18.65,895,103156.00
487,487,,*MANUAL*,79,1500,59,209.00,137.65,33.87,895,123198.00
488,488,,*MANUAL*,44,1483,52,208.00,136.89,26.23,835,114304.00
489,489,,*MANUAL*,70,1480,56,186.00,110.86,30.18,895,99224.00
490,490,,*MANUAL*,79,1484,48,204.00,135.81,30.71,895,121546.00
491,491,,*MANUAL*,53,1481,51,222.00,137.96,31.31,895,123472.00
492,492,,*MANUAL*,69,1459,51,92.00,34.10,14.52,2101,71652.00
493,493,,*MANUAL*,73,1441,47,241.00,153.37,38.05,861,132055.00
494,494,,*MANUAL*,81,1437,53,211.00,137.83,31.64,895,123357.00
495,495,,*MANUAL*,56,1446,47,228.00,148.74,32.40,879,130742.00
496,496,,*MANUAL*,48,1451,52,219.00,134.89,29.17,883,119110.00
497,497,,*MANUAL*,46,1438,43,181.00,98.79,24.03,1365,134855.00
498,498,,*MANUAL*,64,1442,28,210.00,104.62,35.67,1365,142801.00
499,499,,*MANUAL*,68,1427,34,224.00,134.38,43.03,889,119468.00
500,500,,*MANUAL*,60,1420,34,251.00,164.49,33.70,895,147217.00
501,501,,*MANUAL*,71,1407,35,218.00,122.45,52.41,895,109596.00
502,502,,*MANUAL*,59,1404,34,201.00,136.49,32.22,895,122157.00
503,503,,*MANUAL*,63,1390,31,182.00,115.60,23.14,895,103465.00
504,504,,*MANUAL*,71,1378,36,197.00,131.71,27.71,895,117883.00
505,505,,*MANUAL*,56,1376,34,186.00,119.91,26.83,895,107323.00
506,506,,*MANUAL*,68,1358,38,189.00,110.49,35.42,895,98886.00
507,507,,*MANUAL*,61,1353,29,159.00,88.77,30.26,895,79450.00
508,508,,*MANUAL*,62,1338,36,172.00,103.27,28.36,1365,140963.00
509,509,,*MANUAL*,60,1317,35,189.00,101.57,33.10,1365,138649.00
510,510,,*MANUAL*,33,1600,79,92.00,38.15,16.42,1365,52073.00
511,511,,*MANUAL*,35,1714,70,97.00,41.97,16.24,1365,57283.00
512,512,,*MANUAL*,88,1708,70,163.00,61.11,26.19,1365,83413.00
513,513,,*MANUAL*,85,1609,81,234.00,128.21,57.96,889,113980.00
514,514,,*MANUAL*,88,1628,78,215.00,120.32,39.89,1309,157499.00
515,515,,*MANUAL*,84,1592,64,174.00,91.94,41.11,895,82285.00
516,516,,*MANUAL*,80,1587,82,217.00,127.58,32.86,895,114180.00
517,517,,*MANUAL*,77,1587,96,201.00,111.15,41.72,895,99483.00
518,518,,*MANUAL*,79,1579,55,205.00,95.81,44.26,895,85750.00
519,519,,*MANUAL*,75,1601,60,213.00,146.33,29.79,895,130967.00
520,520,,*MANUAL*,82,1622,71,232.00,151.77,43.98,895,135838.00
521,521,,*MANUAL*,82,1611,64,230.00,139.54,48.39,895,124891.00
522,522,,*MANUAL*,77,1602,81,211.00,140.91,35.54,895,126114.00
523,523,,*MANUAL*,77,1614,88,200.00,129.74,32.09,895,116113.00
524,524,,*MANUAL*,38,1638,79,159.00,104.36,27.43,895,93401.00
525,525,,*MANUAL*,39,1600,67,146.00,95.46,20.37,895,85434.00
526,526,,*MANUAL*,42,1630,69,179.00,103.54,30.76,895,92668.00
527,527,,*MANUAL*,42,1619,60,194.00,134.63,26.52,895,120491.00
528,528,,*MANUAL*,47,1606,58,190.00,128.80,25.22,895,115277.00
529,529,,*MANUAL*,46,1590,54,182.00,115.02,28.13,895,102941.00
530,530,,*MANUAL*,43,1592,80,176.00,110.22,29.14,895,98649.00
531,531,,*MANUAL*,46,1606,81,182.00,121.41,21.91,895,108659.00
532,532,,*MANUAL*,46,1623,83,153.00,107.02,19.76,895,95783.00
533,533,,*MANUAL*,41,1583,94,148.00,66.57,30.18,895,59580.00
534,534,,*MANUAL*,60,1577,42,197.00,123.94,29.62,895,110930.00
535,535,,*MANUAL*,68,1590,49,212.00,157.28,24.24,895,140762.00
536,536,,*MANUAL*,57,1593,48,219.00,153.14,28.66,895,137062.00
537,537,,*MANUAL*,73,1612,52,235.00,146.76,40.26,893,131055.00
538,538,,*MANUAL*,54,1612,50,225.00,152.84,40.42,873,133429.00
539,539,,*MANUAL*,63,1607,49,224.00,162.50,32.02,895,145438.00
540,540,,*MANUAL*,64,1623,49,221.00,159.07,32.01,895,142364.00
541,541,,*MANUAL*,70,1634,46,204.00,127.24,36.79,895,113880.00
542,542,,*MANUAL*,54,1630,43,193.00,129.83,27.87,891,115675.00
543,543,,*MANUAL*,47,1626,51,193.00,115.30,30.96,895,103195.00
544,544,,*MANUAL*,78,1627,56,222.00,135.08,37.18,895,120898.00
545,545,,*MANUAL*,60,1582,110,203.00,111.72,41.49,895,99988.00
546,546,,*MANUAL*,67,1593,107,208.00,135.24,37.74,895,121040.00
547,547,,*MANUAL*,55,1595,106,226.00,141.42,32.88,895,126567.00
548,548,,*MANUAL*,55,1610,100,222.00,153.69,29.81,889,136634.00
549,549,,*MANUAL*,66,1608,99,227.00,154.22,35.98,860,132632.00
550,550,,*MANUAL*,75,1602,99,216.00,144.53,40.02,895,129358.00
551,551,,*MANUAL*,46,1602,97,205.00,133.11,28.73,895,119132.00
552,552,,*MANUAL*,46,1616,96,206.00,124.70,41.70,895,111607.00
553,553,,*MANUAL*,72,1619,103,232.00,145.30,41.90,895,130042.00
554,554,,*MANUAL*,70,1639,106,223.00,121.24,39.84,895,108513.00
555,555,,*MANUAL*,51,1629,102,175.00,106.05,29.68,895,94918.00
556,556,,*MANUAL*,45,1634,93,219.00,110.82,36.56,895,99188.00
557,557,,*MANUAL*,74,1629,92,248.00,151.29,45.61,843,127537.00
558,558,,*MANUAL*,85,1638,68,236.00,129.70,48.27,895,116080.00
559,559,,*MANUAL*,89,1664,64,222.00,126.46,48.06,895,113185.00
560,560,,*MANUAL*,89,1678,68,237.00,131.02,55.63,895,117267.00
561,561,,*MANUAL*,82,1694,55,228.00,132.19,46.16,895,118308.00
562,562,,*MANUAL*,87,1646,87,235.00,119.79,59.67,895,107214.00
563,563,,*MANUAL*,82,1627,90,229.00,126.63,57.19,895,113336.00
564,564,,*MANUAL*,86,1674,89,211.00,95.60,41.39,1365,130500.00
565,565,,*MANUAL*,81,1696,90,219.00,121.93,48.85,895,109130.00
566,566,,*MANUAL*,82,1713,88,185.00,91.62,34.68,895,82001.00
567,567,,*MANUAL*,78,1743,86,202.00,119.62,37.02,895,107062.00
568,568,,*MANUAL*,84,1748,77,175.00,105.80,32.29,895,94693.00
569,569,,*MANUAL*,84,1764,68,214.00,117.66,40.30,895,105303.00
570,570,,*MANUAL*,83,1731,62,238.00,93.99,46.29,895,84123.00
571,571,,*MANUAL*,80,1712,54,214.00,114.22,41.89,895,102226.00
572,572,,*MANUAL*,35,1662,70,158.00,97.94,25.52,895,87652.00
573,573,,*MANUAL*,38,1643,62,185.00,108.84,33.05,895,97411.00
574,574,,*MANUAL*,40,1688,63,203.00,116.75,32.07,835,97486.00
575,575,,*MANUAL*,42,1689,54,203.00,123.81,36.92,895,110810.00
576,576,,*MANUAL*,34,1664,86,163.00,94.66,27.67,895,84724.00
577,577,,*MANUAL*,40,1647,89,190.00,108.45,32.40,895,97060.00
578,578,,*MANUAL*,40,1677,86,186.00,101.77,31.72,895,91087.00
579,579,,*MANUAL*,40,1697,88,161.00,96.53,26.71,895,86391.00
580,580,,*MANUAL*,42,1717,88,166.00,91.91,31.84,895,82261.00
581,581,,*MANUAL*,41,1737,84,134.00,77.43,20.14,895,69304.00
582,582,,*MANUAL*,38,1766,77,129.00,63.25,24.06,1365,86340.00
583,583,,*MANUAL*,38,1754,65,152.00,94.03,24.73,895,84158.00
584,584,,*MANUAL*,39,1737,64,167.00,80.62,36.11,895,72154.00
585,585,,*MANUAL*,43,1719,57,172.00,97.98,27.46,895,87690.00
586,586,,*MANUAL*,43,1704,58,171.00,111.28,26.80,895,99592.00
587,587,,*MANUAL*,41,1827,75,79.00,36.51,14.20,1365,49833.00
588,588,,*MANUAL*,81,1822,75,145.00,65.42,25.05,1365,89305.00
589,589,,*MANUAL*,59,1907,93,133.00,56.63,23.21,1365,77297.00
590,590,,*MANUAL*,58,1912,56,155.00,77.42,28.22,1365,105672.00
591,591,,*MANUAL*,59,1876,50,154.00,73.69,33.47,1365,100593.00
592,592,,*MANUAL*,62,1842,48,166.00,98.34,28.76,895,88013.00
593,593,,*MANUAL*,66,1809,47,198.00,100.20,49.20,895,89675.00
594,594,,*MANUAL*,64,1776,47,217.00,130.08,45.65,885,115123.00
595,595,,*MANUAL*,65,1754,47,247.00,136.02,49.63,895,121737.00
596,596,,*MANUAL*,58,1823,47,146.00,99.13,22.87,895,88725.00
597,597,,*MANUAL*,56,1796,46,207.00,87.79,41.87,1365,119830.00
598,598,,*MANUAL*,57,1766,46,212.00,122.91,46.79,895,110004.00
599,599,,*MANUAL*,58,1743,46,239.00,119.93,57.74,1365,163705.00
600,600,,*MANUAL*,60,1780,39,147.00,51.39,24.19,1365,70149.00
601,601,,*MANUAL*,61,1701,38,164.00,66.56,27.12,1365,90857.00
602,602,,*MANUAL*,62,1645,35,145.00,48.43,21.21,1365,66103.00
603,603,,*MANUAL*,62,1620,36,115.00,42.50,18.34,2103,89371.00
604,604,,*MANUAL*,59,1847,98,163.00,102.00,29.88,895,91293.00
605,605,,*MANUAL*,62,1828,98,173.00,103.73,27.40,895,92836.00
606,606,,*MANUAL*,57,1808,99,177.00,109.99,30.49,895,98442.00
607,607,,*MANUAL*,56,1780,99,212.00,125.55,32.26,879,110356.00
608,608,,*MANUAL*,69,1787,98,198.00,110.21,42.60,889,97980.00
609,609,,*MANUAL*,68,1760,99,206.00,118.47,35.57,895,106035.00
610,610,,*MANUAL*,56,1755,100,201.00,113.53,33.98,895,101606.00
611,611,,*MANUAL*,60,1786,105,155.00,72.79,31.36,895,65143.00
612,612,,*MANUAL*,60,1742,104,156.00,74.01,28.14,895,66236.00
613,613,,*MANUAL*,61,1704,108,149.00,69.95,22.87,895,62608.00
614,614,,*MANUAL*,61,1648,112,145.00,76.75,26.56,1365,104757.00
615,615,,*MANUAL*,60,1607,114,107.00,36.65,17.74,1365,50034.00
616,616,,*MANUAL*,63,1509,117,85.00,28.70,15.18,1365,39170.00
617,617,,*MANUAL*,63,1350,97,158.00,83.44,27.14,895,74676.00
618,618,,*MANUAL*,73,1665,54,171.00,85.85,27.96,895,76834.00
619,619,,*MANUAL*,58,1662,53,151.00,80.47,23.04,895,72021.00
620,620,,*MANUAL*,71,1695,42,215.00,119.97,48.74,895,107375.00
621,621,f1,*MANUAL*,60,1506,95,95.00,30.98,18.23,895,27727.00
622,622,f2,*MANUAL*,61,1489,97,109.00,35.25,21.46,895,31545.00
623,623,f3,*MANUAL*,43,1511,106,29.00, 6.31, 4.59,895,5649.00
624,624,f4,*MANUAL*,43,1450,45,185.00,24.13,24.93,895,21599.00
625,625,*NOUSE*,*NOUSE*,0,0,0,0,0,0,0,0
626,626,f5,*MANUAL*,58,1433,44,116.00,31.68,20.17,895,28354.00
627,627,f6,*MANUAL*,59,1464,47,88.00,37.34,15.81,895,33415.00
628,628,f7,*MANUAL*,58,1676,51,115.00,32.32,18.12,895,28925.00
629,629,f8,*MANUAL*,58,1252,70,11.00, 2.20, 1.74,895,1973.00
630,630,f9,*MANUAL*,57,1305,69, 8.00, 1.15, 1.41,895,1028.00
631,631,f10,*MANUAL*,66,1416,68,40.00,11.59, 5.25,895,10371.00
