0,0,*NOUSE*,*NOUSE*,0,0,0,0,0,0,0,0
1,1,*NOUSE*,*NOUSE*,0,0,0,0,0,0,0,0
2,2,,,35,1081,68,108.00,40.77,20.76,5105,208135.00
3,3,*NOUSE*,*NOUSE*,0,0,0,0,0,0,0,0
4,4,,,37,1320,64,155.00,58.95,34.46,3785,223141.00
5,5,*NOUSE*,*NOUSE*,0,0,0,0,0,0,0,0
6,6,*NOUSE*,*NOUSE*,0,0,0,0,0,0,0,0
7,7,*NOUSE*,*NOUSE*,0,0,0,0,0,0,0,0
8,8,,,36,1201,69,145.00,59.29,31.77,3788,224573.00
9,9,*NOUSE*,*NOUSE*,0,0,0,0,0,0,0,0
10,10,*NOUSE*,*NOUSE*,0,0,0,0,0,0,0,0
11,11,*NOUSE*,*NOUSE*,0,0,0,0,0,0,0,0
12,12,,,36,866,73,116.00,35.33,18.80,4339,153298.00
13,13,,,38,1314,73,187.00,67.75,40.74,3475,235428.00
14,14,,,37,1185,74,171.00,64.16,36.92,3181,204106.00
15,15,,,38,1215,75,172.00,70.41,40.55,3491,245791.00
16,16,,,36,823,79,91.00,35.29,17.26,4477,157987.00
17,17,,,38,1101,80,166.00,53.04,37.63,4284,227212.00
18,18,*NOUSE*,*NOUSE*,0,0,0,0,0,0,0,0
19,19,,,41,1161,43,209.00,80.53,45.39,4173,336049.00
20,20,*NOUSE*,*NOUSE*,0,0,0,0,0,0,0,0
21,21,*NOUSE*,*NOUSE*,0,0,0,0,0,0,0,0
22,22,*NOUSE*,*NOUSE*,0,0,0,0,0,0,0,0
23,23,,,38,1230,57,183.00,61.26,35.96,3882,237819.00
24,24,*NOUSE*,*NOUSE*,0,0,0,0,0,0,0,0
25,25,,,37,1043,58,98.00,36.48,17.96,4996,182242.00
26,26,*NOUSE*,*NOUSE*,0,0,0,0,0,0,0,0
27,27,*NOUSE*,*NOUSE*,0,0,0,0,0,0,0,0
28,28,*NOUSE*,*NOUSE*,0,0,0,0,0,0,0,0
29,29,*NOUSE*,*NOUSE*,0,0,0,0,0,0,0,0
30,30,,,39,1212,55,152.00,64.21,35.13,3719,238799.00
31,31,,,39,1127,54,157.00,63.05,32.80,3628,228728.00
32,32,*NOUSE*,*NOUSE*,0,0,0,0,0,0,0,0
33,33,,,39,1363,65,124.00,46.88,25.84,4645,217764.00
34,34,,,40,1344,68,208.00,72.80,45.27,3561,259243.00
35,35,*NOUSE*,*NOUSE*,0,0,0,0,0,0,0,0
36,36,,,40,985,70,178.00,51.40,39.12,3875,199175.00
37,37,,,40,1116,75,172.00,63.01,39.38,3995,251740.00
38,38,,,39,1128,73,183.00,69.67,38.95,3387,235987.00
39,39,*NOUSE*,*NOUSE*,0,0,0,0,0,0,0,0
40,40,,,38,1166,76,146.00,61.86,26.51,2980,184334.00
41,41,*NOUSE*,*NOUSE*,0,0,0,0,0,0,0,0
42,42,,,41,810,50,128.00,43.41,28.41,4021,174550.00
43,43,*NOUSE*,*NOUSE*,0,0,0,0,0,0,0,0
44,44,,,39,1169,54,142.00,65.55,28.01,2061,135108.00
45,45,,,40,1147,59,174.00,72.04,36.46,3051,219786.00
46,46,*NOUSE*,*NOUSE*,0,0,0,0,0,0,0,0
47,47,*NOUSE*,*NOUSE*,0,0,0,0,0,0,0,0
48,48,,,40,1230,72,166.00,68.16,38.00,3061,208637.00
49,49,,,40,1067,77,168.00,55.14,37.87,4148,228709.00
50,50,*NOUSE*,*NOUSE*,0,0,0,0,0,0,0,0
51,51,,,39,912,81,120.00,40.55,23.43,4091,165880.00
52,52,*NOUSE*,*NOUSE*,0,0,0,0,0,0,0,0
53,53,,,43,1327,51,223.00,87.40,44.94,3274,286149.00
54,54,*NOUSE*,*NOUSE*,0,0,0,0,0,0,0,0
55,55,*NOUSE*,*NOUSE*,0,0,0,0,0,0,0,0
56,56,*NOUSE*,*NOUSE*,0,0,0,0,0,0,0,0
57,57,*NOUSE*,*NOUSE*,0,0,0,0,0,0,0,0
58,58,,,42,1394,73,167.00,58.45,37.81,4037,235945.00
59,59,*NOUSE*,*NOUSE*,0,0,0,0,0,0,0,0
60,60,*NOUSE*,*NOUSE*,0,0,0,0,0,0,0,0
61,61,*NOUSE*,*NOUSE*,0,0,0,0,0,0,0,0
62,62,*NOUSE*,*NOUSE*,0,0,0,0,0,0,0,0
63,63,*NOUSE*,*NOUSE*,0,0,0,0,0,0,0,0
64,64,,,43,1300,70,172.00,74.02,38.30,2692,199264.00
65,65,*NOUSE*,*NOUSE*,0,0,0,0,0,0,0,0
66,66,*NOUSE*,*NOUSE*,0,0,0,0,0,0,0,0
67,67,,,43,1222,44,194.00,85.23,44.76,2687,229023.00
68,68,,,44,1262,59,174.00,72.31,38.58,3548,256562.00
69,69,*NOUSE*,*NOUSE*,0,0,0,0,0,0,0,0
70,70,*NOUSE*,*NOUSE*,0,0,0,0,0,0,0,0
71,71,,,46,1364,54,167.00,62.23,36.44,3845,239284.00
72,72,,,45,1405,58,144.00,56.57,30.95,4383,247965.00
73,73,*NOUSE*,*NOUSE*,0,0,0,0,0,0,0,0
74,74,,,44,1421,65,138.00,49.42,28.44,4225,208784.00
75,75,,,44,335,70,111.00,38.60,21.36,4602,177659.00
76,76,*NOUSE*,*NOUSE*,0,0,0,0,0,0,0,0
77,77,,,44,1158,69,173.00,74.29,33.06,3218,239062.00
78,78,*NOUSE*,*NOUSE*,0,0,0,0,0,0,0,0
79,79,,,44,558,76,80.00,28.52,12.06,5366,153039.00
80,80,,,44,1352,79,213.00,79.48,49.65,2909,231210.00
81,81,,,42,1237,85,129.00,49.44,25.25,3383,167259.00
82,82,,,43,600,82,77.00,30.17,12.55,4210,127006.00
83,83,*NOUSE*,*NOUSE*,0,0,0,0,0,0,0,0
84,84,,,45,1177,42,185.00,82.59,39.95,2932,242166.00
85,85,*NOUSE*,*NOUSE*,0,0,0,0,0,0,0,0
86,86,*NOUSE*,*NOUSE*,0,0,0,0,0,0,0,0
87,87,*NOUSE*,*NOUSE*,0,0,0,0,0,0,0,0
88,88,*NOUSE*,*NOUSE*,0,0,0,0,0,0,0,0
89,89,*NOUSE*,*NOUSE*,0,0,0,0,0,0,0,0
90,90,,,45,1366,79,207.00,70.82,41.27,2951,208987.00
91,91,,,44,355,73,96.00,36.82,18.98,4254,156635.00
92,92,*NOUSE*,*NOUSE*,0,0,0,0,0,0,0,0
93,93,*NOUSE*,*NOUSE*,0,0,0,0,0,0,0,0
94,94,*NOUSE*,*NOUSE*,0,0,0,0,0,0,0,0
95,95,,,44,642,79,86.00,29.44,13.90,4768,140347.00
96,96,*NOUSE*,*NOUSE*,0,0,0,0,0,0,0,0
97,97,*NOUSE*,*NOUSE*,0,0,0,0,0,0,0,0
98,98,,,45,672,84,130.00,41.73,25.27,4542,189533.00
99,99,,,46,879,92,151.00,44.70,28.58,4554,203551.00
100,100,*NOUSE*,*NOUSE*,0,0,0,0,0,0,0,0
101,101,*NOUSE*,*NOUSE*,0,0,0,0,0,0,0,0
102,102,,,46,1025,37,119.00,43.24,25.92,4686,202607.00
103,103,*NOUSE*,*NOUSE*,0,0,0,0,0,0,0,0
104,104,*NOUSE*,*NOUSE*,0,0,0,0,0,0,0,0
105,105,*NOUSE*,*NOUSE*,0,0,0,0,0,0,0,0
106,106,*NOUSE*,*NOUSE*,0,0,0,0,0,0,0,0
107,107,*NOUSE*,*NOUSE*,0,0,0,0,0,0,0,0
108,108,*NOUSE*,*NOUSE*,0,0,0,0,0,0,0,0
109,109,*NOUSE*,*NOUSE*,0,0,0,0,0,0,0,0
110,110,,,44,1259,79,154.00,60.67,31.90,2948,178862.00
111,111,,,45,1301,85,194.00,73.94,39.48,3015,222932.00
112,112,*NOUSE*,*NOUSE*,0,0,0,0,0,0,0,0
113,113,*NOUSE*,*NOUSE*,0,0,0,0,0,0,0,0
114,114,*NOUSE*,*NOUSE*,0,0,0,0,0,0,0,0
115,115,*NOUSE*,*NOUSE*,0,0,0,0,0,0,0,0
116,116,*NOUSE*,*NOUSE*,0,0,0,0,0,0,0,0
117,117,*NOUSE*,*NOUSE*,0,0,0,0,0,0,0,0
118,118,*NOUSE*,*NOUSE*,0,0,0,0,0,0,0,0
119,119,,,47,1296,46,214.00,95.63,47.71,3161,302279.00
120,120,,,46,1267,48,206.00,82.13,40.99,3249,266836.00
121,121,,,46,1455,66,105.00,38.27,20.08,5046,193115.00
122,122,*NOUSE*,*NOUSE*,0,0,0,0,0,0,0,0
123,123,,,46,515,78,68.00,26.99,10.42,4337,117059.00
124,124,*NOUSE*,*NOUSE*,0,0,0,0,0,0,0,0
125,125,*NOUSE*,*NOUSE*,0,0,0,0,0,0,0,0
126,126,,,46,1286,86,226.00,94.49,48.06,2149,203051.00
127,127,*NOUSE*,*NOUSE*,0,0,0,0,0,0,0,0
128,128,,,45,1168,91,198.00,78.01,42.84,2797,218188.00
129,129,*NOUSE*,*NOUSE*,0,0,0,0,0,0,0,0
130,130,*NOUSE*,*NOUSE*,0,0,0,0,0,0,0,0
131,131,*NOUSE*,*NOUSE*,0,0,0,0,0,0,0,0
132,132,,,48,1094,32,162.00,43.60,27.43,5609,244580.00
133,133,*NOUSE*,*NOUSE*,0,0,0,0,0,0,0,0
134,134,,,48,1157,53,192.00,90.31,33.27,2993,270291.00
135,135,,,48,1280,62,190.00,84.19,39.00,2905,244564.00
136,136,,,50,264,62,135.00,51.03,29.61,4218,215259.00
137,137,,,50,349,59,107.00,41.25,20.83,3541,146062.00
138,138,*NOUSE*,*NOUSE*,0,0,0,0,0,0,0,0
139,139,*NOUSE*,*NOUSE*,0,0,0,0,0,0,0,0
140,140,*NOUSE*,*NOUSE*,0,0,0,0,0,0,0,0
141,141,*NOUSE*,*NOUSE*,0,0,0,0,0,0,0,0
142,142,*NOUSE*,*NOUSE*,0,0,0,0,0,0,0,0
143,143,,,49,1124,89,200.00,72.43,43.82,3316,240193.00
144,144,,,48,1139,86,212.00,90.88,48.22,2659,241653.00
145,145,,,49,1347,91,155.00,58.08,30.59,3148,182821.00
146,146,*NOUSE*,*NOUSE*,0,0,0,0,0,0,0,0
147,147,*NOUSE*,*NOUSE*,0,0,0,0,0,0,0,0
148,148,*NOUSE*,*NOUSE*,0,0,0,0,0,0,0,0
149,149,*NOUSE*,*NOUSE*,0,0,0,0,0,0,0,0
150,150,*NOUSE*,*NOUSE*,0,0,0,0,0,0,0,0
151,151,,,47,1422,51,121.00,51.05,23.50,4022,205304.00
152,152,*NOUSE*,*NOUSE*,0,0,0,0,0,0,0,0
153,153,*NOUSE*,*NOUSE*,0,0,0,0,0,0,0,0
154,154,,,47,1197,67,173.00,76.58,38.10,2831,216786.00
155,155,*NOUSE*,*NOUSE*,0,0,0,0,0,0,0,0
156,156,*NOUSE*,*NOUSE*,0,0,0,0,0,0,0,0
157,157,,,46,1181,81,200.00,91.44,44.31,2528,231161.00
158,158,,,47,1203,90,171.00,81.20,37.43,2499,202922.00
159,159,*NOUSE*,*NOUSE*,0,0,0,0,0,0,0,0
160,160,,,49,1008,85,94.00,33.80,16.21,5867,198289.00
161,161,,,50,692,90,118.00,40.35,23.90,4628,186752.00
162,162,*NOUSE*,*NOUSE*,0,0,0,0,0,0,0,0
163,163,,,52,1112,42,209.00,68.49,47.88,3897,266909.00
164,164,*NOUSE*,*NOUSE*,0,0,0,0,0,0,0,0
165,165,*NOUSE*,*NOUSE*,0,0,0,0,0,0,0,0
166,166,,,52,1001,45,95.00,37.23,17.65,6191,230511.00
167,167,*NOUSE*,*NOUSE*,0,0,0,0,0,0,0,0
168,168,*NOUSE*,*NOUSE*,0,0,0,0,0,0,0,0
169,169,*NOUSE*,*NOUSE*,0,0,0,0,0,0,0,0
170,170,*NOUSE*,*NOUSE*,0,0,0,0,0,0,0,0
171,171,*NOUSE*,*NOUSE*,0,0,0,0,0,0,0,0
172,172,,,49,481,85,77.00,28.89,11.56,4743,137019.00
173,173,*NOUSE*,*NOUSE*,0,0,0,0,0,0,0,0
174,174,,,48,1187,94,201.00,82.96,42.71,2556,212040.00
175,175,*NOUSE*,*NOUSE*,0,0,0,0,0,0,0,0
176,176,*NOUSE*,*NOUSE*,0,0,0,0,0,0,0,0
177,177,,,52,895,37,132.00,42.16,26.80,5020,211657.00
178,178,*NOUSE*,*NOUSE*,0,0,0,0,0,0,0,0
179,179,*NOUSE*,*NOUSE*,0,0,0,0,0,0,0,0
180,180,,,52,1338,60,157.00,72.41,32.72,2150,155690.00
181,181,*NOUSE*,*NOUSE*,0,0,0,0,0,0,0,0
182,182,,,52,738,93,131.00,43.87,28.96,4505,197634.00
183,183,*NOUSE*,*NOUSE*,0,0,0,0,0,0,0,0
184,184,*NOUSE*,*NOUSE*,0,0,0,0,0,0,0,0
185,185,,,52,847,37,132.00,39.18,25.61,4440,173977.00
186,186,*NOUSE*,*NOUSE*,0,0,0,0,0,0,0,0
187,187,,,51,1359,39,129.00,54.13,22.98,4061,219832.00
188,188,,,52,1125,51,167.00,61.96,29.88,3708,229753.00
189,189,,,53,1143,60,180.00,75.77,36.35,3402,257778.00
190,190,*NOUSE*,*NOUSE*,0,0,0,0,0,0,0,0
191,191,*NOUSE*,*NOUSE*,0,0,0,0,0,0,0,0
192,192,*NOUSE*,*NOUSE*,0,0,0,0,0,0,0,0
193,193,*NOUSE*,*NOUSE*,0,0,0,0,0,0,0,0
194,194,*NOUSE*,*NOUSE*,0,0,0,0,0,0,0,0
195,195,*NOUSE*,*NOUSE*,0,0,0,0,0,0,0,0
196,196,,,51,1082,46,218.00,74.81,47.26,3498,261678.00
197,197,*NOUSE*,*NOUSE*,0,0,0,0,0,0,0,0
198,198,*NOUSE*,*NOUSE*,0,0,0,0,0,0,0,0
199,199,,,53,1228,80,204.00,87.04,45.89,2552,222114.00
200,200,*NOUSE*,*NOUSE*,0,0,0,0,0,0,0,0
201,201,*NOUSE*,*NOUSE*,0,0,0,0,0,0,0,0
202,202,*NOUSE*,*NOUSE*,0,0,0,0,0,0,0,0
203,203,*NOUSE*,*NOUSE*,0,0,0,0,0,0,0,0
204,204,,,53,1056,36,169.00,53.04,35.18,4297,227894.00
205,205,,,52,1214,49,191.00,96.50,44.28,2711,261599.00
206,206,*NOUSE*,*NOUSE*,0,0,0,0,0,0,0,0
207,207,*NOUSE*,*NOUSE*,0,0,0,0,0,0,0,0
208,208,*NOUSE*,*NOUSE*,0,0,0,0,0,0,0,0
209,209,*NOUSE*,*NOUSE*,0,0,0,0,0,0,0,0
210,210,*NOUSE*,*NOUSE*,0,0,0,0,0,0,0,0
211,211,*NOUSE*,*NOUSE*,0,0,0,0,0,0,0,0
212,212,*NOUSE*,*NOUSE*,0,0,0,0,0,0,0,0
213,213,,,54,1195,86,197.00,97.82,41.84,2349,229785.00
214,214,*NOUSE*,*NOUSE*,0,0,0,0,0,0,0,0
215,215,*NOUSE*,*NOUSE*,0,0,0,0,0,0,0,0
216,216,*NOUSE*,*NOUSE*,0,0,0,0,0,0,0,0
217,217,*NOUSE*,*NOUSE*,0,0,0,0,0,0,0,0
218,218,,,55,605,46,84.00,32.50,14.98,4525,147078.00
219,219,*NOUSE*,*NOUSE*,0,0,0,0,0,0,0,0
220,220,*NOUSE*,*NOUSE*,0,0,0,0,0,0,0,0
221,221,,,55,467,51,103.00,34.30,16.87,3293,112961.00
222,222,,,51,1130,68,243.00,92.48,49.48,2612,241546.00
223,223,*NOUSE*,*NOUSE*,0,0,0,0,0,0,0,0
224,224,,,55,516,92,74.00,29.95,12.75,5222,156386.00
225,225,,,54,1248,32,178.00,64.64,34.69,4983,322126.00
226,226,*NOUSE*,*NOUSE*,0,0,0,0,0,0,0,0
227,227,,,56,1186,38,158.00,66.94,33.06,4320,289161.00
228,228,,,53,1165,42,174.00,79.76,38.61,2632,209932.00
229,229,*NOUSE*,*NOUSE*,0,0,0,0,0,0,0,0
230,230,*NOUSE*,*NOUSE*,0,0,0,0,0,0,0,0
231,231,*NOUSE*,*NOUSE*,0,0,0,0,0,0,0,0
232,232,,,57,243,57,92.00,35.73,18.76,3712,132620.00
233,233,,,52,1347,69,194.00,85.58,45.44,1839,157373.00
234,234,,,53,1115,72,150.00,66.95,33.44,3225,215900.00
235,235,,,56,1467,77,156.00,44.58,30.08,4794,213710.00
236,236,*NOUSE*,*NOUSE*,0,0,0,0,0,0,0,0
237,237,*NOUSE*,*NOUSE*,0,0,0,0,0,0,0,0
238,238,*NOUSE*,*NOUSE*,0,0,0,0,0,0,0,0
239,239,,,57,951,87,74.00,32.01,13.45,6630,212196.00
240,240,,,60,646,87,122.00,36.40,21.20,6369,231861.00
241,241,,,55,419,89,99.00,34.25,15.68,2682,91854.00
242,242,*NOUSE*,*NOUSE*,0,0,0,0,0,0,0,0
243,243,*NOUSE*,*NOUSE*,0,0,0,0,0,0,0,0
244,244,,,57,818,100,147.00,50.96,34.68,4244,216281.00
245,245,*NOUSE*,*NOUSE*,0,0,0,0,0,0,0,0
246,246,,,52,1323,53,208.00,86.77,42.61,2921,253468.00
247,247,*NOUSE*,*NOUSE*,0,0,0,0,0,0,0,0
248,248,*NOUSE*,*NOUSE*,0,0,0,0,0,0,0,0
249,249,*NOUSE*,*NOUSE*,0,0,0,0,0,0,0,0
250,250,,,58,795,99,180.00,49.90,35.49,4926,245810.00
251,251,,,56,1089,103,206.00,75.58,47.55,2946,222654.00
252,252,*NOUSE*,*NOUSE*,0,0,0,0,0,0,0,0
253,253,*NOUSE*,*NOUSE*,0,0,0,0,0,0,0,0
254,254,,,56,1148,32,175.00,81.33,39.48,3102,252274.00
255,255,*NOUSE*,*NOUSE*,0,0,0,0,0,0,0,0
256,256,*NOUSE*,*NOUSE*,0,0,0,0,0,0,0,0
257,257,*NOUSE*,*NOUSE*,0,0,0,0,0,0,0,0
258,258,*NOUSE*,*NOUSE*,0,0,0,0,0,0,0,0
259,259,,,57,1165,58,154.00,68.99,28.25,3256,224637.00
260,260,*NOUSE*,*NOUSE*,0,0,0,0,0,0,0,0
261,261,*NOUSE*,*NOUSE*,0,0,0,0,0,0,0,0
262,262,*NOUSE*,*NOUSE*,0,0,0,0,0,0,0,0
263,263,,,57,1334,78,226.00,96.72,51.58,2375,229719.00
264,264,,,55,1289,84,234.00,83.47,50.79,2758,230213.00
265,265,*NOUSE*,*NOUSE*,0,0,0,0,0,0,0,0
266,266,,,58,1084,89,206.00,68.39,39.51,3475,237654.00
267,267,,,57,1273,95,189.00,75.93,45.32,2727,207056.00
268,268,,,57,1307,96,206.00,65.55,41.64,2841,186241.00
269,269,*NOUSE*,*NOUSE*,0,0,0,0,0,0,0,0
270,270,,,58,1075,100,213.00,73.21,45.76,3060,224019.00
271,271,,,58,876,100,162.00,49.03,34.04,4162,204070.00
272,272,,,58,1006,104,170.00,50.99,35.13,4289,218710.00
273,273,*NOUSE*,*NOUSE*,0,0,0,0,0,0,0,0
274,274,*NOUSE*,*NOUSE*,0,0,0,0,0,0,0,0
275,275,,,59,1416,40,203.00,83.70,44.15,3769,315469.00
276,276,*NOUSE*,*NOUSE*,0,0,0,0,0,0,0,0
277,277,*NOUSE*,*NOUSE*,0,0,0,0,0,0,0,0
278,278,*NOUSE*,*NOUSE*,0,0,0,0,0,0,0,0
279,279,,,58,1307,51,233.00,86.81,45.99,3620,314263.00
280,280,*NOUSE*,*NOUSE*,0,0,0,0,0,0,0,0
281,281,,,59,820,52,64.00,28.01, 9.67,5684,159206.00
282,282,*NOUSE*,*NOUSE*,0,0,0,0,0,0,0,0
283,283,*NOUSE*,*NOUSE*,0,0,0,0,0,0,0,0
284,284,*NOUSE*,*NOUSE*,0,0,0,0,0,0,0,0
285,285,*NOUSE*,*NOUSE*,0,0,0,0,0,0,0,0
286,286,,,53,1353,80,201.00,99.25,46.09,1504,149267.00
287,287,*NOUSE*,*NOUSE*,0,0,0,0,0,0,0,0
288,288,,,58,1367,78,206.00,73.76,41.18,3106,229112.00
289,289,*NOUSE*,*NOUSE*,0,0,0,0,0,0,0,0
290,290,*NOUSE*,*NOUSE*,0,0,0,0,0,0,0,0
291,291,,,60,587,94,126.00,45.06,26.19,4018,181048.00
292,292,,,59,901,100,159.00,47.47,31.87,4463,211858.00
293,293,*NOUSE*,*NOUSE*,0,0,0,0,0,0,0,0
294,294,,,59,1027,102,179.00,54.58,40.97,3870,211225.00
295,295,,,59,1312,32,200.00,71.51,38.58,4130,295340.00
296,296,,,58,1322,45,226.00,106.60,47.70,2733,291341.00
297,297,*NOUSE*,*NOUSE*,0,0,0,0,0,0,0,0
298,298,*NOUSE*,*NOUSE*,0,0,0,0,0,0,0,0
299,299,*NOUSE*,*NOUSE*,0,0,0,0,0,0,0,0
300,300,,,60,557,92,124.00,36.51,22.48,5033,183734.00
301,301,*NOUSE*,*NOUSE*,0,0,0,0,0,0,0,0
302,302,*NOUSE*,*NOUSE*,0,0,0,0,0,0,0,0
303,303,*NOUSE*,*NOUSE*,0,0,0,0,0,0,0,0
304,304,,,60,1196,101,198.00,70.58,39.85,3056,215683.00
305,305,,,61,1101,101,228.00,82.52,47.30,2775,228997.00
306,306,,,60,1062,106,210.00,60.25,38.60,3423,206238.00
307,307,,,63,1089,40,177.00,54.82,35.07,4805,263426.00
308,308,,,63,1455,41,190.00,63.05,44.38,3667,231206.00
309,309,*NOUSE*,*NOUSE*,0,0,0,0,0,0,0,0
310,310,*NOUSE*,*NOUSE*,0,0,0,0,0,0,0,0
311,311,*NOUSE*,*NOUSE*,0,0,0,0,0,0,0,0
312,312,,,62,190,72,114.00,40.27,24.75,3752,151101.00
313,313,*NOUSE*,*NOUSE*,0,0,0,0,0,0,0,0
314,314,*NOUSE*,*NOUSE*,0,0,0,0,0,0,0,0
315,315,*NOUSE*,*NOUSE*,0,0,0,0,0,0,0,0
316,316,*NOUSE*,*NOUSE*,0,0,0,0,0,0,0,0
317,317,*NOUSE*,*NOUSE*,0,0,0,0,0,0,0,0
318,318,,,60,1323,86,194.00,76.86,39.44,2831,217601.00
319,319,,,64,1062,89,245.00,94.39,52.62,3323,313655.00
320,320,,,62,747,98,143.00,48.18,30.13,4992,240515.00
321,321,,,60,1179,101,210.00,80.55,47.30,2671,215147.00
322,322,,,60,1043,102,186.00,61.86,42.21,3430,212173.00
323,323,,,61,936,101,175.00,53.24,37.20,4208,224014.00
324,324,*NOUSE*,*NOUSE*,0,0,0,0,0,0,0,0
325,325,*NOUSE*,*NOUSE*,0,0,0,0,0,0,0,0
326,326,*NOUSE*,*NOUSE*,0,0,0,0,0,0,0,0
327,327,*NOUSE*,*NOUSE*,0,0,0,0,0,0,0,0
328,328,,,65,1053,46,174.00,63.75,36.18,2584,164731.00
329,329,*NOUSE*,*NOUSE*,0,0,0,0,0,0,0,0
330,330,,,64,438,49,80.00,31.72,13.24,3972,126002.00
331,331,*NOUSE*,*NOUSE*,0,0,0,0,0,0,0,0
332,332,*NOUSE*,*NOUSE*,0,0,0,0,0,0,0,0
333,333,,,63,177,67,124.00,41.77,25.85,3946,164841.00
334,334,,,62,347,60,111.00,40.90,23.21,3585,146632.00
335,335,*NOUSE*,*NOUSE*,0,0,0,0,0,0,0,0
336,336,,,61,1119,86,194.00,80.97,41.08,2985,241698.00
337,337,,,61,318,87,118.00,42.39,21.19,3254,137948.00
338,338,,,69,1053,84,200.00,68.38,44.85,3020,206503.00
339,339,,,62,1455,90,193.00,56.99,37.58,3549,202274.00
340,340,,,59,984,100,191.00,57.32,41.65,3663,209970.00
341,341,,,61,1245,95,164.00,57.82,33.94,3456,199822.00
342,342,*NOUSE*,*NOUSE*,0,0,0,0,0,0,0,0
343,343,*NOUSE*,*NOUSE*,0,0,0,0,0,0,0,0
344,344,*NOUSE*,*NOUSE*,0,0,0,0,0,0,0,0
345,345,*NOUSE*,*NOUSE*,0,0,0,0,0,0,0,0
346,346,,,62,1473,51,148.00,48.29,29.30,4101,198047.00
347,347,,,59,1282,64,168.00,69.41,36.75,3932,272913.00
348,348,,,63,124,69,132.00,41.85,26.68,3796,158858.00
349,349,,,65,878,80,73.00,27.91,10.35,7424,207230.00
350,350,,,62,1131,95,228.00,95.50,51.11,2426,231677.00
351,351,*NOUSE*,*NOUSE*,0,0,0,0,0,0,0,0
352,352,*NOUSE*,*NOUSE*,0,0,0,0,0,0,0,0
353,353,*NOUSE*,*NOUSE*,0,0,0,0,0,0,0,0
354,354,,,64,1283,31,153.00,69.86,29.32,2610,182337.00
355,355,,,62,788,39,136.00,44.84,27.44,3518,157731.00
356,356,*NOUSE*,*NOUSE*,0,0,0,0,0,0,0,0
357,357,,,63,101,65,129.00,40.14,25.80,3892,156230.00
358,358,,,63,78,68,109.00,41.67,24.87,3717,154876.00
359,359,*NOUSE*,*NOUSE*,0,0,0,0,0,0,0,0
360,360,*NOUSE*,*NOUSE*,0,0,0,0,0,0,0,0
361,361,*NOUSE*,*NOUSE*,0,0,0,0,0,0,0,0
362,362,,,65,486,93,118.00,37.37,20.85,5019,187553.00
363,363,,,65,461,93,113.00,37.35,20.52,4317,161246.00
364,364,*NOUSE*,*NOUSE*,0,0,0,0,0,0,0,0
365,365,,,66,1298,36,196.00,77.99,37.78,3464,270158.00
366,366,,,64,1133,42,225.00,89.94,50.25,3040,273416.00
367,367,*NOUSE*,*NOUSE*,0,0,0,0,0,0,0,0
368,368,*NOUSE*,*NOUSE*,0,0,0,0,0,0,0,0
369,369,*NOUSE*,*NOUSE*,0,0,0,0,0,0,0,0
370,370,*NOUSE*,*NOUSE*,0,0,0,0,0,0,0,0
371,371,,,65,1355,36,178.00,64.40,37.45,5011,322725.00
372,372,,,63,265,58,139.00,56.88,31.98,2572,146300.00
373,373,*NOUSE*,*NOUSE*,0,0,0,0,0,0,0,0
374,374,*NOUSE*,*NOUSE*,0,0,0,0,0,0,0,0
375,375,*NOUSE*,*NOUSE*,0,0,0,0,0,0,0,0
376,376,*NOUSE*,*NOUSE*,0,0,0,0,0,0,0,0
377,377,*NOUSE*,*NOUSE*,0,0,0,0,0,0,0,0
378,378,,,68,1470,43,192.00,57.78,40.33,3673,212241.00
379,379,,,67,576,46,87.00,34.09,15.51,3674,125258.00
380,380,*NOUSE*,*NOUSE*,0,0,0,0,0,0,0,0
381,381,*NOUSE*,*NOUSE*,0,0,0,0,0,0,0,0
382,382,*NOUSE*,*NOUSE*,0,0,0,0,0,0,0,0
383,383,,,66,1066,78,183.00,72.67,40.43,2353,170992.00
384,384,,,66,1482,88,158.00,48.11,33.83,3804,183004.00
385,385,*NOUSE*,*NOUSE*,0,0,0,0,0,0,0,0
386,386,*NOUSE*,*NOUSE*,0,0,0,0,0,0,0,0
387,387,*NOUSE*,*NOUSE*,0,0,0,0,0,0,0,0
388,388,,,65,1115,40,182.00,73.96,40.30,3573,264255.00
389,389,,,66,1152,35,199.00,86.02,41.14,3187,274135.00
390,390,,,69,953,52,79.00,31.36,12.74,6540,205085.00
391,391,,,69,482,51,93.00,33.27,15.47,4006,133278.00
392,392,*NOUSE*,*NOUSE*,0,0,0,0,0,0,0,0
393,393,,,67,298,72,139.00,53.28,30.75,3181,169483.00
394,394,,,65,1190,89,233.00,118.75,51.01,2452,291164.00
395,395,*NOUSE*,*NOUSE*,0,0,0,0,0,0,0,0
396,396,*NOUSE*,*NOUSE*,0,0,0,0,0,0,0,0
397,397,,,65,1252,33,209.00,79.41,42.69,4116,326859.00
398,398,,,66,1229,32,218.00,94.13,44.39,3181,299429.00
399,399,*NOUSE*,*NOUSE*,0,0,0,0,0,0,0,0
400,400,*NOUSE*,*NOUSE*,0,0,0,0,0,0,0,0
401,401,*NOUSE*,*NOUSE*,0,0,0,0,0,0,0,0
402,402,,,70,1003,52,110.00,40.69,20.91,4954,201556.00
403,403,*NOUSE*,*NOUSE*,0,0,0,0,0,0,0,0
404,404,*NOUSE*,*NOUSE*,0,0,0,0,0,0,0,0
405,405,,,68,293,59,143.00,49.06,28.68,3372,165431.00
406,406,*NOUSE*,*NOUSE*,0,0,0,0,0,0,0,0
407,407,,,69,999,85,97.00,35.24,16.88,6463,227766.00
408,408,,,73,706,84,132.00,39.99,21.76,10733,429210.00
409,409,,,69,329,77,131.00,49.33,25.62,3399,167671.00
410,410,,,70,1512,83,157.00,47.04,34.01,3631,170807.00
411,411,*NOUSE*,*NOUSE*,0,0,0,0,0,0,0,0
412,412,*NOUSE*,*NOUSE*,0,0,0,0,0,0,0,0
413,413,*NOUSE*,*NOUSE*,0,0,0,0,0,0,0,0
414,414,*NOUSE*,*NOUSE*,0,0,0,0,0,0,0,0
415,415,*NOUSE*,*NOUSE*,0,0,0,0,0,0,0,0
416,416,*NOUSE*,*NOUSE*,0,0,0,0,0,0,0,0
417,417,*NOUSE*,*NOUSE*,0,0,0,0,0,0,0,0
418,418,*NOUSE*,*NOUSE*,0,0,0,0,0,0,0,0
419,419,,,70,1284,78,238.00,93.22,55.47,2970,276855.00
420,420,,,69,1076,83,237.00,86.30,51.16,3303,285063.00
421,421,,,70,1373,92,218.00,76.46,45.97,2606,199267.00
422,422,,,70,1296,93,218.00,80.90,48.60,2720,220059.00
423,423,,,71,798,94,158.00,46.77,30.69,4807,224801.00
424,424,,,68,1278,95,226.00,85.87,51.89,2425,208232.00
425,425,*NOUSE*,*NOUSE*,0,0,0,0,0,0,0,0
426,426,,,72,839,42,145.00,42.83,29.32,4421,189341.00
427,427,,,67,1318,47,195.00,91.01,41.35,3427,311906.00
428,428,*NOUSE*,*NOUSE*,0,0,0,0,0,0,0,0
429,429,,,71,1521,49,131.00,42.67,27.65,4305,183676.00
430,430,,,70,629,47,102.00,37.58,20.00,3332,125224.00
431,431,,,70,1202,45,201.00,83.55,42.52,3817,318906.00
432,432,,,73,1072,52,170.00,53.59,33.82,5182,277715.00
433,433,*NOUSE*,*NOUSE*,0,0,0,0,0,0,0,0
434,434,*NOUSE*,*NOUSE*,0,0,0,0,0,0,0,0
435,435,*NOUSE*,*NOUSE*,0,0,0,0,0,0,0,0
436,436,*NOUSE*,*NOUSE*,0,0,0,0,0,0,0,0
437,437,*NOUSE*,*NOUSE*,0,0,0,0,0,0,0,0
438,438,,,70,1106,98,242.00,94.83,58.09,2758,261542.00
439,439,,,71,853,95,137.00,43.96,29.95,4773,209824.00
440,440,*NOUSE*,*NOUSE*,0,0,0,0,0,0,0,0
441,441,,,71,964,99,158.00,48.15,33.56,4590,221016.00
442,442,*NOUSE*,*NOUSE*,0,0,0,0,0,0,0,0
443,443,*NOUSE*,*NOUSE*,0,0,0,0,0,0,0,0
444,444,*NOUSE*,*NOUSE*,0,0,0,0,0,0,0,0
445,445,,,71,1181,43,175.00,74.81,33.69,4130,308971.00
446,446,,,70,1428,44,234.00,84.73,49.06,3146,266562.00
447,447,*NOUSE*,*NOUSE*,0,0,0,0,0,0,0,0
448,448,*NOUSE*,*NOUSE*,0,0,0,0,0,0,0,0
449,449,,,73,1468,75,179.00,48.10,35.22,4615,221996.00
450,450,*NOUSE*,*NOUSE*,0,0,0,0,0,0,0,0
451,451,*NOUSE*,*NOUSE*,0,0,0,0,0,0,0,0
452,452,,,68,1087,100,240.00,82.19,53.38,3024,248538.00
453,453,,,72,1057,99,176.00,60.33,38.14,3777,227855.00
454,454,*NOUSE*,*NOUSE*,0,0,0,0,0,0,0,0
455,455,*NOUSE*,*NOUSE*,0,0,0,0,0,0,0,0
456,456,*NOUSE*,*NOUSE*,0,0,0,0,0,0,0,0
457,457,,,70,1219,39,206.00,99.25,44.54,2817,279592.00
458,458,,,75,1321,60,198.00,87.45,39.35,3167,276963.00
459,459,*NOUSE*,*NOUSE*,0,0,0,0,0,0,0,0
460,460,,,73,1116,69,177.00,72.89,38.57,3764,274359.00
461,461,,,71,565,63,71.00,30.25,12.74,1321,39966.00
462,462,*NOUSE*,*NOUSE*,0,0,0,0,0,0,0,0
463,463,*NOUSE*,*NOUSE*,0,0,0,0,0,0,0,0
464,464,,,70,309,65,132.00,49.87,30.03,3448,171948.00
465,465,,,74,1091,74,185.00,62.85,40.16,3918,246249.00
466,466,*NOUSE*,*NOUSE*,0,0,0,0,0,0,0,0
467,467,*NOUSE*,*NOUSE*,0,0,0,0,0,0,0,0
468,468,*NOUSE*,*NOUSE*,0,0,0,0,0,0,0,0
469,469,*NOUSE*,*NOUSE*,0,0,0,0,0,0,0,0
470,470,,,74,899,95,149.00,46.73,31.81,4825,225481.00
471,471,,,75,755,93,133.00,44.74,27.58,5022,224694.00
472,472,*NOUSE*,*NOUSE*,0,0,0,0,0,0,0,0
473,473,*NOUSE*,*NOUSE*,0,0,0,0,0,0,0,0
474,474,,,75,1300,48,248.00,120.85,57.99,2757,333192.00
475,475,,,75,819,52,160.00,47.18,34.15,4712,222315.00
476,476,,,74,1218,52,248.00,110.20,52.92,2849,313956.00
477,477,,,73,1342,53,193.00,82.67,37.74,3555,293883.00
478,478,*NOUSE*,*NOUSE*,0,0,0,0,0,0,0,0
479,479,*NOUSE*,*NOUSE*,0,0,0,0,0,0,0,0
480,480,,,74,1310,73,245.00,95.66,54.96,2752,263256.00
481,481,*NOUSE*,*NOUSE*,0,0,0,0,0,0,0,0
482,482,*NOUSE*,*NOUSE*,0,0,0,0,0,0,0,0
483,483,,,72,1154,100,185.00,67.45,32.76,3314,223522.00
484,484,*NOUSE*,*NOUSE*,0,0,0,0,0,0,0,0
485,485,*NOUSE*,*NOUSE*,0,0,0,0,0,0,0,0
486,486,*NOUSE*,*NOUSE*,0,0,0,0,0,0,0,0
487,487,*NOUSE*,*NOUSE*,0,0,0,0,0,0,0,0
488,488,,,75,714,48,123.00,40.65,23.96,3701,150451.00
489,489,,,76,1200,69,216.00,91.13,45.11,2968,270469.00
490,490,,,73,1183,79,211.00,102.10,47.09,2515,256788.00
491,491,*NOUSE*,*NOUSE*,0,0,0,0,0,0,0,0
492,492,,,72,1324,83,229.00,83.48,44.53,2859,238664.00
493,493,*NOUSE*,*NOUSE*,0,0,0,0,0,0,0,0
494,494,*NOUSE*,*NOUSE*,0,0,0,0,0,0,0,0
495,495,*NOUSE*,*NOUSE*,0,0,0,0,0,0,0,0
496,496,*NOUSE*,*NOUSE*,0,0,0,0,0,0,0,0
497,497,,,75,525,88,92.00,33.07,17.62,3859,127604.00
498,498,,,74,1199,94,214.00,106.81,47.40,1928,205934.00
499,499,*NOUSE*,*NOUSE*,0,0,0,0,0,0,0,0
500,500,,,75,1110,42,230.00,81.37,52.26,3804,309519.00
501,501,,,76,1126,52,201.00,79.16,42.46,3555,281431.00
502,502,*NOUSE*,*NOUSE*,0,0,0,0,0,0,0,0
503,503,*NOUSE*,*NOUSE*,0,0,0,0,0,0,0,0
504,504,,,75,1277,64,216.00,96.14,49.53,2951,283701.00
505,505,,,75,1131,68,249.00,110.93,55.89,2664,295510.00
506,506,*NOUSE*,*NOUSE*,0,0,0,0,0,0,0,0
507,507,,,76,1359,71,223.00,82.09,45.05,3190,261881.00
508,508,*NOUSE*,*NOUSE*,0,0,0,0,0,0,0,0
509,509,,,76,1137,88,223.00,106.17,49.70,2319,246210.00
510,510,,,75,1168,89,236.00,106.00,53.16,2352,249304.00
511,511,*NOUSE*,*NOUSE*,0,0,0,0,0,0,0,0
512,512,*NOUSE*,*NOUSE*,0,0,0,0,0,0,0,0
513,513,,,76,1237,36,244.00,91.80,54.17,3335,306151.00
514,514,,,76,1361,40,151.00,62.68,31.94,4281,268322.00
515,515,*NOUSE*,*NOUSE*,0,0,0,0,0,0,0,0
516,516,,,74,424,84,89.00,36.29,18.00,1834,66564.00
517,517,*NOUSE*,*NOUSE*,0,0,0,0,0,0,0,0
518,518,*NOUSE*,*NOUSE*,0,0,0,0,0,0,0,0
519,519,*NOUSE*,*NOUSE*,0,0,0,0,0,0,0,0
520,520,,,78,948,92,192.00,58.20,44.74,3456,201148.00
521,521,*NOUSE*,*NOUSE*,0,0,0,0,0,0,0,0
522,522,*NOUSE*,*NOUSE*,0,0,0,0,0,0,0,0
523,523,*NOUSE*,*NOUSE*,0,0,0,0,0,0,0,0
524,524,,,79,1045,42,168.00,49.48,32.17,4905,242677.00
525,525,*NOUSE*,*NOUSE*,0,0,0,0,0,0,0,0
526,526,,,78,1191,54,211.00,105.57,48.56,2621,276707.00
527,527,*NOUSE*,*NOUSE*,0,0,0,0,0,0,0,0
528,528,*NOUSE*,*NOUSE*,0,0,0,0,0,0,0,0
529,529,,,81,773,77,107.00,37.73,21.25,5190,195821.00
530,530,,,79,1257,83,213.00,67.15,41.34,3274,219856.00
531,531,,,76,1118,92,248.00,83.19,52.31,2955,245838.00
532,532,*NOUSE*,*NOUSE*,0,0,0,0,0,0,0,0
533,533,*NOUSE*,*NOUSE*,0,0,0,0,0,0,0,0
534,534,*NOUSE*,*NOUSE*,0,0,0,0,0,0,0,0
535,535,,,80,1367,52,218.00,74.01,50.48,3797,281017.00
536,536,,,80,1088,54,202.00,58.67,40.70,4265,250234.00
537,537,*NOUSE*,*NOUSE*,0,0,0,0,0,0,0,0
538,538,,,79,822,80,141.00,41.72,26.52,5090,212375.00
539,539,,,77,1277,84,211.00,91.84,47.75,2214,203329.00
540,540,*NOUSE*,*NOUSE*,0,0,0,0,0,0,0,0
541,541,*NOUSE*,*NOUSE*,0,0,0,0,0,0,0,0
542,542,,,79,1124,35,144.00,52.53,29.35,4511,236950.00
543,543,*NOUSE*,*NOUSE*,0,0,0,0,0,0,0,0
544,544,,,79,587,53,80.00,27.12,10.12,4650,126103.00
545,545,*NOUSE*,*NOUSE*,0,0,0,0,0,0,0,0
546,546,*NOUSE*,*NOUSE*,0,0,0,0,0,0,0,0
547,547,,,82,742,67,147.00,43.76,30.13,4735,207210.00
548,548,,,81,981,71,219.00,60.42,47.94,3827,231240.00
549,549,*NOUSE*,*NOUSE*,0,0,0,0,0,0,0,0
550,550,*NOUSE*,*NOUSE*,0,0,0,0,0,0,0,0
551,551,,,79,1298,83,226.00,85.26,48.50,2090,178200.00
552,552,*NOUSE*,*NOUSE*,0,0,0,0,0,0,0,0
553,553,,,80,1242,89,163.00,52.94,32.75,3618,191520.00
554,554,*NOUSE*,*NOUSE*,0,0,0,0,0,0,0,0
555,555,*NOUSE*,*NOUSE*,0,0,0,0,0,0,0,0
556,556,*NOUSE*,*NOUSE*,0,0,0,0,0,0,0,0
557,557,,,82,1257,42,203.00,71.37,41.88,4298,306749.00
558,558,*NOUSE*,*NOUSE*,0,0,0,0,0,0,0,0
559,559,*NOUSE*,*NOUSE*,0,0,0,0,0,0,0,0
560,560,,,79,1162,61,233.00,112.54,48.59,2349,264356.00
561,561,*NOUSE*,*NOUSE*,0,0,0,0,0,0,0,0
562,562,,,81,1311,86,176.00,71.67,33.65,2640,189212.00
563,563,*NOUSE*,*NOUSE*,0,0,0,0,0,0,0,0
564,564,,,81,1268,51,234.00,92.41,49.88,2839,262361.00
565,565,*NOUSE*,*NOUSE*,0,0,0,0,0,0,0,0
566,566,,,86,1198,50,234.00,93.16,55.37,3783,352425.00
567,567,*NOUSE*,*NOUSE*,0,0,0,0,0,0,0,0
568,568,,,82,1297,70,225.00,92.44,52.86,2791,257999.00
569,569,,,83,1005,73,132.00,44.23,26.88,5259,232589.00
570,570,,,81,518,71,80.00,30.56,12.91,4243,129674.00
571,571,,,82,1367,81,209.00,72.21,46.47,2927,211365.00
572,572,,,84,675,79,131.00,40.23,25.62,4779,192278.00
573,573,,,84,1086,80,228.00,71.19,49.93,3738,266115.00
574,574,,,78,1071,88,199.00,69.49,43.75,3357,233279.00
575,575,,,78,1387,90,137.00,58.91,26.51,2564,151042.00
576,576,*NOUSE*,*NOUSE*,0,0,0,0,0,0,0,0
577,577,*NOUSE*,*NOUSE*,0,0,0,0,0,0,0,0
578,578,*NOUSE*,*NOUSE*,0,0,0,0,0,0,0,0
579,579,*NOUSE*,*NOUSE*,0,0,0,0,0,0,0,0
580,580,*NOUSE*,*NOUSE*,0,0,0,0,0,0,0,0
581,581,,,82,1183,71,240.00,114.74,53.04,2240,257011.00
582,582,,,80,1145,72,202.00,107.35,42.47,2537,272358.00
583,583,*NOUSE*,*NOUSE*,0,0,0,0,0,0,0,0
584,584,,,83,1105,82,244.00,75.94,53.91,3528,267899.00
585,585,,,83,1120,79,230.00,84.16,52.44,3286,276559.00
586,586,,,84,912,85,164.00,48.99,33.78,4764,233412.00
587,587,*NOUSE*,*NOUSE*,0,0,0,0,0,0,0,0
588,588,*NOUSE*,*NOUSE*,0,0,0,0,0,0,0,0
589,589,*NOUSE*,*NOUSE*,0,0,0,0,0,0,0,0
590,590,,,83,1347,52,244.00,87.45,59.21,3400,297328.00
591,591,*NOUSE*,*NOUSE*,0,0,0,0,0,0,0,0
592,592,*NOUSE*,*NOUSE*,0,0,0,0,0,0,0,0
593,593,,,85,1073,72,246.00,68.73,53.68,3952,271628.00
594,594,,,84,628,73,85.00,31.95,15.30,5531,176706.00
595,595,*NOUSE*,*NOUSE*,0,0,0,0,0,0,0,0
596,596,,,83,870,79,123.00,40.26,23.73,5337,214860.00
597,597,*NOUSE*,*NOUSE*,0,0,0,0,0,0,0,0
598,598,*NOUSE*,*NOUSE*,0,0,0,0,0,0,0,0
599,599,,,84,1415,63,190.00,56.40,38.33,4064,229206.00
600,600,,,85,1397,71,213.00,64.46,45.82,3622,233469.00
601,601,,,85,963,71,137.00,45.09,28.53,5265,237396.00
602,602,,,82,1285,77,228.00,93.65,55.07,2388,223647.00
603,603,*NOUSE*,*NOUSE*,0,0,0,0,0,0,0,0
604,604,*NOUSE*,*NOUSE*,0,0,0,0,0,0,0,0
605,605,,,85,1030,77,115.00,40.39,22.14,5846,236112.00
606,606,,,85,1134,81,223.00,89.30,55.04,3133,279776.00
607,607,*NOUSE*,*NOUSE*,0,0,0,0,0,0,0,0
608,608,,,84,1350,78,212.00,76.91,46.89,3210,246883.00
609,609,,,83,1178,46,202.00,91.98,46.66,2719,250098.00
610,610,,,85,1301,52,250.00,97.75,62.45,3063,299401.00
611,611,,,87,1247,59,216.00,74.02,51.09,3831,283568.00
612,612,,,86,1149,57,230.00,86.93,52.44,3224,280266.00
613,613,,,85,921,62,90.00,32.79,15.88,6507,213365.00
614,614,*NOUSE*,*NOUSE*,0,0,0,0,0,0,0,0
615,615,*NOUSE*,*NOUSE*,0,0,0,0,0,0,0,0
616,616,,,86,1232,77,207.00,76.04,48.79,2962,225235.00
617,617,*NOUSE*,*NOUSE*,0,0,0,0,0,0,0,0
618,618,,,88,1312,65,230.00,77.34,52.00,3725,288086.00
619,619,*NOUSE*,*NOUSE*,0,0,0,0,0,0,0,0
620,620,,,87,1157,70,230.00,91.28,56.36,3148,287346.00
621,621,,,87,1209,72,179.00,70.06,43.31,4188,293406.00
622,622,,,84,1308,74,241.00,101.52,57.82,2338,237348.00
623,623,*NOUSE*,*NOUSE*,0,0,0,0,0,0,0,0
624,624,,,88,725,80,112.00,37.37,21.94,5875,219574.00
625,625,*NOUSE*,*NOUSE*,0,0,0,0,0,0,0,0
626,626,,,88,1063,59,152.00,49.60,27.94,3917,194268.00
627,627,*NOUSE*,*NOUSE*,0,0,0,0,0,0,0,0
628,628,*NOUSE*,*NOUSE*,0,0,0,0,0,0,0,0
629,629,,,88,1116,54,149.00,48.61,26.45,5405,262735.00
630,630,,,87,1133,66,242.00,83.62,58.17,3443,287905.00
631,631,,,89,1194,65,183.00,70.22,43.15,4205,295278.00
632,632,,,89,1354,66,179.00,56.88,36.83,4486,255151.00
633,633,,,86,1149,84,220.00,90.88,55.81,2834,257554.00
634,634,*NOUSE*,*NOUSE*,0,0,0,0,0,0,0,0
635,635,,,86,1377,71,202.00,68.11,47.56,3575,243487.00
636,636,*NOUSE*,*NOUSE*,0,0,0,0,0,0,0,0
637,637,*NOUSE*,*NOUSE*,0,0,0,0,0,0,0,0
638,638,*NOUSE*,*NOUSE*,0,0,0,0,0,0,0,0
639,639,,,90,1177,62,194.00,70.48,44.84,4203,296242.00
640,640,*NOUSE*,*NOUSE*,0,0,0,0,0,0,0,0
641,641,*NOUSE*,*NOUSE*,0,0,0,0,0,0,0,0
642,642,*NOUSE*,*NOUSE*,0,0,0,0,0,0,0,0
643,643,*NOUSE*,*NOUSE*,0,0,0,0,0,0,0,0
644,644,*NOUSE*,*NOUSE*,0,0,0,0,0,0,0,0
645,645,*NOUSE*,*NOUSE*,0,0,0,0,0,0,0,0
646,646,*NOUSE*,*NOUSE*,0,0,0,0,0,0,0,0
647,647,*NOUSE*,*NOUSE*,0,0,0,0,0,0,0,0
648,648,*NOUSE*,*NOUSE*,0,0,0,0,0,0,0,0
649,649,*NOUSE*,*NOUSE*,0,0,0,0,0,0,0,0
650,650,*NOUSE*,*NOUSE*,0,0,0,0,0,0,0,0
651,651,*NOUSE*,*NOUSE*,0,0,0,0,0,0,0,0
652,652,*NOUSE*,*NOUSE*,0,0,0,0,0,0,0,0
653,653,*NOUSE*,*NOUSE*,0,0,0,0,0,0,0,0
654,654,*NOUSE*,*NOUSE*,0,0,0,0,0,0,0,0
655,655,*NOUSE*,*NOUSE*,0,0,0,0,0,0,0,0
656,656,*NOUSE*,*NOUSE*,0,0,0,0,0,0,0,0
657,657,*NOUSE*,*NOUSE*,0,0,0,0,0,0,0,0
658,658,*NOUSE*,*NOUSE*,0,0,0,0,0,0,0,0
659,659,*NOUSE*,*NOUSE*,0,0,0,0,0,0,0,0
660,660,*NOUSE*,*NOUSE*,0,0,0,0,0,0,0,0
661,661,*NOUSE*,*NOUSE*,0,0,0,0,0,0,0,0
662,662,*NOUSE*,*NOUSE*,0,0,0,0,0,0,0,0
663,663,*NOUSE*,*NOUSE*,0,0,0,0,0,0,0,0
664,664,*NOUSE*,*NOUSE*,0,0,0,0,0,0,0,0
665,665,*NOUSE*,*NOUSE*,0,0,0,0,0,0,0,0
666,666,*NOUSE*,*NOUSE*,0,0,0,0,0,0,0,0
667,667,*NOUSE*,*NOUSE*,0,0,0,0,0,0,0,0
668,668,*NOUSE*,*NOUSE*,0,0,0,0,0,0,0,0
669,669,*NOUSE*,*NOUSE*,0,0,0,0,0,0,0,0
670,670,*NOUSE*,*NOUSE*,0,0,0,0,0,0,0,0
671,671,*NOUSE*,*NOUSE*,0,0,0,0,0,0,0,0
672,672,*NOUSE*,*NOUSE*,0,0,0,0,0,0,0,0
673,673,*NOUSE*,*NOUSE*,0,0,0,0,0,0,0,0
674,674,*NOUSE*,*NOUSE*,0,0,0,0,0,0,0,0
675,675,*NOUSE*,*NOUSE*,0,0,0,0,0,0,0,0
676,676,*NOUSE*,*NOUSE*,0,0,0,0,0,0,0,0
677,677,,*MANUAL*,87,1169,82,215.00,134.15,28.89,871,116845.00
678,678,,*MANUAL*,85,1164,50,242.00,157.16,47.34,895,140659.00
679,679,,*MANUAL*,82,1219,82,237.00,155.52,45.99,879,136706.00
680,680,,*MANUAL*,86,1231,61,210.00,138.67,28.04,895,124106.00
681,681,,*MANUAL*,87,1215,55,211.00,140.84,29.90,895,126049.00
682,682,,*MANUAL*,83,1227,47,247.00,157.37,40.03,893,140530.00
683,683,,*MANUAL*,76,1234,53,254.00,186.85,35.72,839,156770.00
684,684,,*MANUAL*,69,1236,47,251.00,184.97,36.73,895,165545.00
685,685,,*MANUAL*,79,1166,76,221.00,156.28,27.31,895,139873.00
686,686,,*MANUAL*,76,1176,59,220.00,134.46,28.80,1304,175342.00
687,687,,*MANUAL*,78,1220,65,219.00,150.86,31.73,895,135023.00
688,688,,*MANUAL*,76,1224,77,251.00,179.17,38.19,719,128820.00
689,689,*NOUSE*,*NOUSE*,0,0,0,0,0,0,0,0
690,690,,*MANUAL*,77,1157,46,250.00,170.77,38.42,895,152837.00
691,691,,*MANUAL*,79,1204,53,224.00,156.17,31.05,895,139771.00
692,692,,*MANUAL*,41,1054,66,220.00,131.31,37.47,860,112928.00
693,693,,*MANUAL*,40,1140,45,208.00,127.75,34.21,861,109994.00
694,694,*NOUSE*,*NOUSE*,0,0,0,0,0,0,0,0
695,695,,*MANUAL*$694$24,39,1187,55,153.00,74.74,36.35,1709,127735.00
696,696,,*MANUAL*,40,1246,53,164.00,106.30,20.01,895,95138.00
697,697,,*MANUAL*,43,1193,43,207.00,129.35,23.97,895,115771.00
698,698,,*MANUAL*,49,1201,50,170.00,119.22,18.36,895,106698.00
699,699,,*MANUAL*,49,1186,52,174.00,112.05,23.89,1365,152951.00
700,700,,*MANUAL*,46,1140,74,189.00,123.76,31.29,817,101116.00
701,701,,*MANUAL*,39,1144,78,214.00,136.65,28.78,895,122302.00
702,702,,*MANUAL*,45,1174,64,195.00,124.99,30.48,895,111870.00
703,703,,*MANUAL*,45,1217,64,170.00,106.59,23.19,895,95401.00
704,704,,*MANUAL*,47,1146,41,225.00,147.99,26.70,891,131860.00
705,705,,*MANUAL*,54,1204,38,171.00,115.75,20.32,895,103593.00
706,706,,*MANUAL*,60,1215,39,221.00,161.93,23.24,895,144931.00
707,707,,*MANUAL*,51,1227,70,195.00,131.34,26.27,895,117545.00
708,708,,*MANUAL*$5$7,35,1252,68,104.00,43.27,19.16,3526,152586.00
709,709,,*MANUAL*,40,1294,61,193.00,129.20,27.95,751,97030.00
710,710,,*MANUAL*,40,1288,74,173.00,118.74,25.22,895,106276.00
711,711,,*MANUAL*,40,1271,68,158.00,104.35,19.19,893,93186.00
712,712,,*MANUAL*,46,1275,77,165.00,107.95,23.10,895,96612.00
713,713,,*MANUAL*,55,1290,96,224.00,125.13,37.61,895,111991.00
714,714,,*MANUAL*,40,1333,73,217.00,137.32,33.63,889,122081.00
715,715,,*MANUAL*,44,1380,74,177.00,122.92,23.93,885,108783.00
716,716,,*MANUAL*,41,1383,59,191.00,113.76,28.60,853,97036.00
717,717,,*MANUAL*,49,1385,56,184.00,111.77,34.41,895,100034.00
718,718,,*MANUAL*,46,1349,49,200.00,129.57,28.96,895,115967.00
719,719,,*MANUAL*,38,1339,54,192.00,123.09,28.44,895,110166.00
720,720,,*MANUAL*,38,1309,51,202.00,116.71,34.17,895,104456.00
721,721,,*MANUAL*,46,1298,57,188.00,134.90,20.64,895,120736.00
722,722,,*MANUAL*,46,1281,45,233.00,139.34,42.47,879,122481.00
723,723,,*MANUAL*,48,1308,39,197.00,135.31,25.21,891,120559.00
724,724,,*MANUAL*,55,1284,46,235.00,172.43,29.16,895,154322.00
725,725,,*MANUAL*,55,1272,39,213.00,151.89,23.71,895,135945.00
726,726,,*MANUAL*,65,1273,44,251.00,177.34,34.59,695,123254.00
727,727,,*MANUAL*,89,1262,68,178.00,90.51,35.50,1947,176232.00
728,728,,*MANUAL*,81,1266,61,236.00,165.58,34.49,895,148198.00
729,729,,*MANUAL*,84,1286,63,247.00,159.66,34.53,851,135874.00
730,730,,*MANUAL*,64,1260,92,211.00,140.10,36.65,840,117680.00
731,731,,*MANUAL*,86,1325,73,253.00,180.61,39.55,637,115048.00
732,732,,*MANUAL*,89,1332,70,253.00,175.88,55.87,873,153542.00
733,733,,*MANUAL*,83,1393,58,187.00,128.51,30.31,839,107819.00
734,734,,*MANUAL*,78,1386,54,220.00,145.40,33.11,895,130137.00
735,735,,*MANUAL*,89,1330,56,252.00,151.98,57.38,895,136024.00
736,736,,*MANUAL*,84,1320,53,237.00,146.83,44.16,895,131409.00
737,737,,*MANUAL*,78,1292,58,229.00,160.12,29.24,895,143305.00
738,738,,*MANUAL*,78,1283,47,249.00,185.91,38.45,797,148169.00
739,739,,*MANUAL*,76,1318,43,226.00,145.93,37.77,895,130609.00
740,740,,*MANUAL*,69,1287,48,247.00,185.54,29.14,895,166055.00
741,741,,*MANUAL*,72,1276,46,250.00,192.71,29.03,895,172474.00
742,742,,*MANUAL*$567$619,82,1463,63,134.00,40.17,24.36,5133,206205.00
743,743,,*MANUAL*$276$274,59,1436,41,204.00,71.73,44.94,3292,236121.00
744,744,,*MANUAL*,57,1396,42,208.00,138.57,30.04,886,122775.00
745,745,,*MANUAL*,69,1404,43,235.00,158.12,35.16,681,107677.00
746,746,,*MANUAL*$387$370,65,1198,28,145.00,55.03,24.00,3997,219940.00
747,747,,*MANUAL*,64,1404,38,223.00,119.52,37.89,895,106966.00
748,748,,*MANUAL*,68,1439,90,160.00,94.81,28.05,895,84859.00
749,749,,*MANUAL*,60,1428,93,210.00,121.62,35.70,895,108853.00
750,750,,*MANUAL*,69,1414,94,184.00,108.81,31.46,895,97384.00
751,751,,*MANUAL*,59,1404,95,212.00,105.03,49.95,895,94002.00
752,752,*NOUSE*,*NOUSE*,0,0,0,0,0,0,0,0
753,753,,*MANUAL*$752$325,59,1255,102,150.00,56.13,25.04,1529,85822.00
754,754,,*MANUAL*,60,1281,103,128.00,69.74,22.70,895,62417.00
755,755,,*MANUAL*,64,1387,99,182.00,101.32,29.09,740,74978.00
756,756,,*MANUAL*,71,1391,93,202.00,112.04,37.63,895,100276.00
757,757,,*MANUAL*,58,1383,95,225.00,129.74,40.59,895,116118.00
758,758,,*MANUAL*,65,1048,55,212.00,126.36,23.97,895,113088.00
759,759,,*MANUAL*,49,1054,60,229.00,127.07,41.64,895,113729.00
760,760,,*MANUAL*,76,1056,59,224.00,126.27,43.08,895,113013.00
761,761,,*MANUAL*,52,1072,82,220.00,130.67,40.71,855,111721.00
762,762,,*MANUAL*,46,1082,55,165.00,106.01,19.16,895,94879.00
763,763,,*MANUAL*$168$169,49,1089,73,158.00,49.35,27.56,4496,221896.00
764,764,,*MANUAL*,57,1144,46,203.00,135.84,25.80,895,121577.00
765,765,,*MANUAL*,69,1145,47,204.00,116.37,31.36,895,104154.00
766,766,,*MANUAL*$479$478,73,1144,60,191.00,86.05,35.30,3422,294477.00
767,767,,*MANUAL*,67,1138,74,205.00,142.80,21.88,719,102674.00
768,768,,*MANUAL*,59,1136,75,208.00,142.61,30.53,895,127632.00
769,769,,*MANUAL*,69,1169,57,195.00,110.67,30.64,895,99046.00
770,770,,*MANUAL*,52,1313,83,211.00,132.19,35.70,895,118314.00
771,771,,*MANUAL*,50,1328,72,189.00,129.15,25.15,895,115588.00
772,772,,*MANUAL*,59,1344,81,246.00,168.65,36.54,853,143857.00
773,773,,*MANUAL*,80,1331,72,253.00,194.98,44.46,773,150717.00
774,774,,*MANUAL*,71,1330,71,253.00,174.94,52.69,895,156571.00
775,775,,*MANUAL*,67,1341,83,214.00,129.72,29.22,774,100406.00
776,776,,*MANUAL*,74,1345,79,248.00,144.51,49.10,879,127024.00
777,777,*NOUSE*,*NOUSE*,0,0,0,0,0,0,0,0
778,778,,*MANUAL*,75,1342,69,251.00,165.29,41.82,895,147934.00
779,779,,*MANUAL*,62,1339,45,238.00,160.48,33.99,769,123410.00
780,780,,*MANUAL*,56,1341,50,236.00,154.43,38.32,895,138211.00
781,781,,*MANUAL*$329$356,61,1364,50,169.00,58.50,33.18,4996,292267.00
782,782,,*MANUAL*,74,1378,66,151.00,87.32,35.28,895,78155.00
783,783,*NOUSE*,*NOUSE*,0,0,0,0,0,0,0,0
784,784,,*MANUAL*$783$297,54,1380,71,144.00,68.74,25.01,1216,83583.00
785,785,,*MANUAL*,55,1389,80,169.00,99.97,31.26,895,89475.00
786,786,,*MANUAL*,76,1383,76,183.00,105.42,33.86,895,94351.00
787,787,*NOUSE*,*NOUSE*,0,0,0,0,0,0,0,0
788,788,,*MANUAL*$787$392,65,1392,59,144.00,57.69,23.53,1956,112834.00
789,789,,*MANUAL*,62,1407,50,197.00,119.44,30.19,634,75724.00
790,790,*NOUSE*,*NOUSE*,0,0,0,0,0,0,0,0
791,791,*NOUSE*,*NOUSE*,0,0,0,0,0,0,0,0
792,792,,*MANUAL*$791$790,57,1407,56,172.00,87.78,27.27,1726,151508.00
793,793,,*MANUAL*,53,1412,80,193.00,113.76,34.37,611,69508.00
794,794,,*MANUAL*,77,1409,75,240.00,139.60,47.66,743,103726.00
795,795,*NOUSE*,*NOUSE*,0,0,0,0,0,0,0,0
796,796,*NOUSE*,*NOUSE*,0,0,0,0,0,0,0,0
797,797,,*MANUAL*$796$795,59,1407,83,180.00,79.56,23.17,1716,136533.00
798,798,*NOUSE*,*NOUSE*,0,0,0,0,0,0,0,0
799,799,,*MANUAL*$798$467$482,70,1405,80,209.00,70.90,33.11,2760,195687.00
800,800,,*MANUAL*,63,1433,51,185.00,109.06,37.18,895,97607.00
801,801,,*MANUAL*,63,1449,51,195.00,96.63,34.64,895,86481.00
802,802,,*MANUAL*,55,1434,79,203.00,117.24,33.69,858,100591.00
803,803,,*MANUAL*,55,1444,79,205.00,114.26,38.68,895,102260.00
804,804,,*MANUAL*,76,1429,76,228.00,126.14,46.84,895,112898.00
805,805,,*MANUAL*,77,1442,76,204.00,108.03,45.42,895,96689.00
806,806,,*MANUAL*,57,159,59,108.00,59.26,18.30,889,52684.00
807,807,,*MANUAL*,63,154,67,121.00,74.30,18.55,895,66498.00
808,808,*NOUSE*,*NOUSE*,0,0,0,0,0,0,0,0
809,809,,*MANUAL*$808$415,66,220,64,85.00,41.05,17.40,1862,76430.00
810,810,,*MANUAL*,66,243,69,143.00,85.17,24.36,895,76225.00
811,811,,*MANUAL*,66,255,62,144.00,83.88,25.11,895,75069.00
812,812,,*MANUAL*,66,259,77,109.00,69.14,19.46,885,61185.00
813,813,,*MANUAL*,67,279,69,133.00,84.18,20.92,895,75344.00
814,814,,*MANUAL*,66,278,58,162.00,100.99,27.33,867,87556.00
815,815,,*MANUAL*,70,333,62,131.00,73.02,21.03,895,65349.00
816,816,,*MANUAL*,65,317,54,122.00,79.29,19.08,821,65093.00
817,817,,*MANUAL*,62,305,51,121.00,75.49,16.28,695,52464.00
818,818,,*MANUAL*,55,326,50,110.00,66.01,19.89,895,59080.00
819,819,*NOUSE*,*NOUSE*,0,0,0,0,0,0,0,0
820,820,,*MANUAL*$819$69,47,313,58,109.00,51.19,24.58,3138,160632.00
821,821,,*MANUAL*,56,277,59,129.00,90.79,14.17,895,81257.00
822,822,,*MANUAL*,58,268,72,115.00,79.59,14.65,894,71157.00
823,823,,*MANUAL*,55,294,59,108.00,74.08,12.75,892,66079.00
824,824,,*MANUAL*,57,309,65,118.00,86.72,11.99,895,77612.00
825,825,,*MANUAL*,63,208,63,119.00,66.01,16.04,830,54787.00
826,826,*NOUSE*,*NOUSE*,0,0,0,0,0,0,0,0
827,827,,*MANUAL*$826$247,55,212,68,108.00,49.49,19.22,1598,79083.00
828,828,,*MANUAL*,57,235,73,133.00,84.66,15.46,895,75770.00
829,829,,*MANUAL*,52,252,69,142.00,89.55,16.74,889,79611.00
830,830,,*MANUAL*,47,283,64,145.00,91.80,19.15,895,82162.00
831,831,,*MANUAL*,48,274,74,137.00,81.89,17.79,895,73293.00
832,832,,*MANUAL*,47,296,67,113.00,80.90,11.19,895,72403.00
833,833,,*MANUAL*,51,298,78,126.00,78.09,15.49,895,69892.00
834,834,,*MANUAL*,60,288,78,118.00,66.37,15.71,895,59403.00
835,835,,*MANUAL*$93$78,45,311,73,106.00,42.45,21.31,4368,185411.00
836,836,,*MANUAL*,57,328,71,133.00,85.71,16.72,893,76536.00
837,837,,*MANUAL*,49,331,82,127.00,80.48,19.75,895,72031.00
838,838,,*MANUAL*,58,338,77,156.00,100.36,21.18,895,89825.00
839,839,,*MANUAL*,68,345,77,150.00,100.69,21.54,895,90116.00
840,840,,*MANUAL*,52,352,83,123.00,75.89,16.85,895,67923.00
841,841,,*MANUAL*,65,364,86,113.00,69.70,20.88,883,61549.00
842,842,,*MANUAL*,74,389,77,96.00,56.01,17.60,886,49629.00
843,843,*NOUSE*,*NOUSE*,0,0,0,0,0,0,0,0
844,844,,*MANUAL*$843$140,46,374,81,76.00,35.68,14.23,2149,76671.00
845,845,,*MANUAL*$638$627,90,1109,71,153.00,55.60,34.12,4506,250516.00
846,846,,*MANUAL*$559$592,81,837,61,112.00,35.50,18.23,5462,193886.00
847,847,,*MANUAL*$604$598,85,699,61,83.00,29.97,12.54,5067,151834.00
848,848,,*MANUAL*,82,568,68,86.00,47.45,16.43,895,42467.00
849,849,,*MANUAL*,83,488,82,68.00,42.38,10.63,895,37931.00
850,850,,*MANUAL*$565$615$591,80,491,57,68.00,27.26,10.01,3553,96860.00
851,851,*NOUSE*,*NOUSE*,0,0,0,0,0,0,0,0
852,852,,*MANUAL*$851$595,81,441,71,76.00,33.64,13.55,1772,59607.00
853,853,*NOUSE*,*NOUSE*,0,0,0,0,0,0,0,0
854,854,,*MANUAL*$853$506,76,357,70,91.00,32.95,15.55,3182,104862.00
855,855,,*MANUAL*,68,309,53,103.00,52.89,16.91,895,47337.00
856,856,*NOUSE*,*NOUSE*,0,0,0,0,0,0,0,0
857,857,,*MANUAL*$856$9,38,1084,46,122.00,47.74,25.48,3269,156071.00
858,858,,*MANUAL*$57$29$27,36,1022,73,80.00,31.68,14.09,5139,162779.00
859,859,,*MANUAL*$50$11,37,959,69,112.00,37.38,20.11,4665,174363.00
860,860,,*MANUAL*$43$61,38,973,53,76.00,30.23,13.32,5004,151287.00
861,861,,*MANUAL*$62$54,40,895,56,74.00,29.32,12.58,5284,154928.00
862,862,,*MANUAL*$39$66,39,771,76,84.00,31.34,14.19,4909,153841.00
863,863,,*MANUAL*$86$85$103,43,740,58,66.00,26.17, 9.63,4341,113596.00
864,864,,*MANUAL*,46,707,67,117.00,72.41,14.17,895,64805.00
865,865,,*MANUAL*$70$96,43,714,84,86.00,31.09,13.24,5077,157853.00
866,866,,*MANUAL*$105$104,43,598,58,55.00,24.83, 7.71,4393,109090.00
867,867,,*MANUAL*$167$156,47,488,63,56.00,25.87, 8.70,3600,93146.00
868,868,*NOUSE*,*NOUSE*,0,0,0,0,0,0,0,0
869,869,*NOUSE*,*NOUSE*,0,0,0,0,0,0,0,0
870,870,*NOUSE*,*NOUSE*,0,0,0,0,0,0,0,0
871,871,,*MANUAL*$870$87,42,331,57,98.00,32.67,14.81,2036,66510.00
872,872,,*MANUAL*,56,364,91,96.00,46.96,14.53,895,42031.00
873,873,*NOUSE*,*NOUSE*,0,0,0,0,0,0,0,0
874,874,,*MANUAL*$873$164,47,1391,45,169.00,81.38,31.90,1181,96113.00
875,875,,*MANUAL*,42,1317,40,157.00,84.75,31.49,895,75851.00
876,876,,*MANUAL*$118$101,45,1257,39,153.00,63.80,32.28,3727,237783.00
877,877,,*MANUAL*$195$186,51,960,37,138.00,42.61,26.61,4401,187516.00
878,878,,*MANUAL*$149$179,48,785,42,119.00,40.70,22.44,3897,158593.00
879,879,,*MANUAL*$255$217,56,744,44,110.00,37.18,20.75,3902,145063.00
880,880,,*MANUAL*$219$256,54,667,48,96.00,33.80,16.14,3240,109518.00
881,881,,*MANUAL*$220$206,54,522,51,80.00,29.80,13.59,4707,140250.00
882,882,*NOUSE*,*NOUSE*,0,0,0,0,0,0,0,0
883,883,,*MANUAL*$882$153,47,398,54,91.00,36.95,16.04,1920,70945.00
884,884,,*MANUAL*$425$444,71,897,36,172.00,47.73,33.49,4685,223592.00
885,885,,*MANUAL*$525$543,78,933,42,145.00,45.38,30.70,4871,221041.00
886,886,,*MANUAL*$400$455,70,997,38,195.00,49.41,34.66,5299,261826.00
887,887,,*MANUAL*$485$486,74,1070,34,210.00,50.72,32.33,4494,227929.00
888,888,,*MANUAL*$454$473,73,1166,34,205.00,83.70,40.85,3111,260377.00
889,889,,*MANUAL*$512$534,75,1271,33,162.00,72.97,32.29,3994,291425.00
890,890,,*MANUAL*$641$625,85,1310,44,219.00,81.99,47.97,1654,135605.00
891,891,,*MANUAL*,77,1401,46,186.00,106.21,34.98,895,95057.00
892,892,,*MANUAL*$580$558,79,1428,53,166.00,55.06,31.00,4143,228123.00
893,893,*NOUSE*,*NOUSE*,0,0,0,0,0,0,0,0
894,894,,*MANUAL*$893$634,82,1409,82,161.00,65.36,31.20,1394,91115.00
895,895,,*MANUAL*,66,1345,97,148.00,96.57,25.22,884,85368.00
896,896,,*MANUAL*,76,1345,93,153.00,89.18,27.15,895,79819.00
897,897,*NOUSE*,*NOUSE*,0,0,0,0,0,0,0,0
898,898,,*MANUAL*$897$552,73,1257,94,193.00,86.27,41.10,1358,117160.00
899,899,,*MANUAL*$519$532,77,1095,93,175.00,60.97,38.51,3686,224729.00
900,900,,*MANUAL*$440$511,72,1012,100,159.00,51.58,33.76,4323,222981.00
901,901,,*MANUAL*,71,933,96,211.00,114.04,31.67,895,102066.00
902,902,*NOUSE*,*NOUSE*,0,0,0,0,0,0,0,0
903,903,,*MANUAL*$902$554,79,652,91,119.00,54.37,27.33,1712,93089.00
904,904,*NOUSE*,*NOUSE*,0,0,0,0,0,0,0,0
905,905,,*MANUAL*$904$496,72,581,88,111.00,46.54,23.46,2102,97823.00
906,906,*NOUSE*,*NOUSE*,0,0,0,0,0,0,0,0
907,907,,*MANUAL*$906$214,53,627,92,105.00,48.07,20.30,1798,86427.00
908,908,,*MANUAL*,57,715,96,113.00,73.38,15.42,895,65676.00
909,909,,*MANUAL*$129$146,47,770,93,113.00,36.97,20.06,5385,199087.00
910,910,,*MANUAL*$147$162,49,832,96,145.00,45.60,28.20,4430,201986.00
911,911,,*MANUAL*$183$193,51,921,98,177.00,45.03,30.18,4342,195533.00
912,912,,*MANUAL*$116$117,46,993,99,152.00,43.24,26.17,5157,222978.00
913,913,,*MANUAL*$176$184,50,1051,100,184.00,53.52,35.85,4110,219957.00
914,914,,*MANUAL*,47,1069,90,190.00,124.32,23.75,895,111263.00
915,915,*NOUSE*,*NOUSE*,0,0,0,0,0,0,0,0
916,916,,*MANUAL*,61,1146,103,190.00,103.11,34.89,895,92286.00
917,917,,*MANUAL*,52,1145,100,170.00,101.50,32.51,895,90841.00
918,918,*NOUSE*,*NOUSE*,0,0,0,0,0,0,0,0
919,919,*NOUSE*,*NOUSE*,0,0,0,0,0,0,0,0
920,920,,*MANUAL*$919$112,42,1315,85,161.00,73.18,33.22,1494,109337.00
921,921,,*MANUAL*$181$159,47,1386,89,136.00,59.77,26.67,3003,179478.00
922,922,,*MANUAL*$92$109,43,1414,79,122.00,52.77,25.40,3293,173775.00
923,923,,*MANUAL*,53,1109,98,207.00,135.20,33.61,895,121005.00
924,924,,*MANUAL*,58,1119,106,190.00,118.93,39.03,864,102759.00
925,925,,*MANUAL*,66,1121,100,227.00,158.52,29.03,895,141876.00
926,926,,*MANUAL*,61,1156,88,153.00,72.02,17.73,1363,98163.00
927,927,,*MANUAL*,58,1143,87,234.00,170.76,28.20,831,141905.00
928,928,,*MANUAL*,67,1145,87,248.00,185.88,28.88,873,162273.00
929,929,,*MANUAL*,76,1150,87,248.00,163.61,44.97,895,146432.00
930,930,,*MANUAL*,76,1183,95,238.00,152.06,42.58,889,135177.00
931,931,,*MANUAL*,75,1218,93,220.00,136.67,39.60,893,122044.00
932,932,,*MANUAL*,80,1190,88,239.00,155.30,45.23,853,132471.00
933,933,,*MANUAL*,65,1176,89,237.00,160.30,33.90,839,134488.00
934,934,,*MANUAL*,71,1199,80,238.00,146.15,42.52,875,127884.00
935,935,,*MANUAL*,77,1206,85,245.00,172.37,34.68,883,152206.00
936,936,,*MANUAL*,47,1220,86,167.00,110.12,29.46,819,90191.00
937,937,,*MANUAL*,57,1181,89,232.00,162.33,26.60,895,145286.00
938,938,,*MANUAL*,52,1164,83,177.00,122.16,21.83,895,109330.00
939,939,,*MANUAL*,47,1205,77,201.00,133.85,27.08,895,119792.00
940,940,,*MANUAL*,53,1214,83,222.00,151.11,25.48,861,130103.00
941,941,,*MANUAL*,60,1208,87,231.00,157.05,25.56,821,128934.00
942,942,,*MANUAL*,68,1212,86,252.00,184.42,34.62,895,165052.00
943,943,,*MANUAL*$278$280,61,898,49,68.00,29.51,11.24,6145,181313.00
944,944,,*MANUAL*$262$287,57,791,81,53.00,25.02, 7.56,7189,179842.00
945,945,,*MANUAL*$403$381,67,748,56,59.00,25.54, 8.74,5404,138016.00
946,946,,*MANUAL*$285$261,56,716,73,63.00,25.53, 7.80,3043,77676.00
947,947,,*MANUAL*$466$491,72,649,74,54.00,24.44, 8.13,5004,122293.00
948,948,,*MANUAL*$282$284,57,612,59,42.00,22.44, 5.87,3720,83490.00
949,949,,*MANUAL*$332$367,62,523,58,48.00,23.35, 6.22,2454,57297.00
950,950,*NOUSE*,*NOUSE*,0,0,0,0,0,0,0,0
951,951,,*MANUAL*$950$231,55,440,63,53.00,23.89, 7.53,2766,66076.00
952,952,*NOUSE*,*NOUSE*,0,0,0,0,0,0,0,0
953,953,,*MANUAL*$952$229,55,385,53,89.00,34.77,13.62,1982,68920.00
954,954,,*MANUAL*$316$368$317,60,555,80,53.00,23.80, 7.32,3864,91978.00
955,955,,*MANUAL*$436$508$493,72,472,76,69.00,23.22, 7.25,4769,110737.00
956,956,*NOUSE*,*NOUSE*,0,0,0,0,0,0,0,0
957,957,,*MANUAL*$956$375$374,63,386,80,74.00,33.24,11.76,3351,111398.00
958,958,,*MANUAL*$315$269,61,673,89,118.00,41.50,22.02,10132,420458.00
959,959,,*MANUAL*,75,735,87,128.00,83.06,17.89,895,74341.00
960,960,,*MANUAL*,65,706,101,138.00,74.81,20.23,895,66954.00
961,961,,*MANUAL*,62,624,95,137.00,81.20,17.73,895,72675.00
962,962,,*MANUAL*,63,433,90,113.00,78.83,15.57,895,70549.00
963,963,,*MANUAL*,51,1232,50,227.00,155.92,32.21,839,130819.00
964,964,,*MANUAL*,53,1225,36,230.00,155.20,29.91,895,138900.00
965,965,,*MANUAL*,58,1236,45,242.00,165.40,38.83,895,148030.00
966,966,,*MANUAL*,45,422,73,50.00,29.56, 7.90,1365,40350.00
967,967,,*MANUAL*,70,1226,82,252.00,179.91,36.00,895,161021.00
968,968,,*MANUAL*,88,1190,81,232.00,159.24,39.29,895,142518.00
969,969,,*MANUAL*,82,1265,74,191.00,131.65,27.11,895,117829.00
970,970,,*MANUAL*,52,1262,90,186.00,131.01,24.00,785,102844.00
971,971,,*MANUAL*,50,1254,94,147.00,85.55,21.07,895,76566.00
972,972,,*MANUAL*,63,1166,75,167.00,99.91,27.99,895,89415.00
973,973,,*MANUAL*,81,595,80,98.00,55.47,15.34,895,49643.00
974,974,,*MANUAL*,57,253,79,126.00,76.00,17.64,895,68022.00
975,975,,*MANUAL*,44,1102,90,134.00,75.07,23.21,895,67185.00
976,976,F1,*MANUAL*,66,1420,68,51.00,15.77, 6.81,895,14116.00
977,977,F2,*MANUAL*,61,1366,66,42.00,13.46, 5.31,895,12049.00
978,978,F3,*MANUAL*,61,1259,65,21.00, 9.93, 3.14,895,8889.00
979,979,F4,*MANUAL*,61,1194,64,42.00,18.14, 5.07,895,16231.00
980,980,F5,*MANUAL*,61,1102,63,21.00, 8.52, 3.14,895,7625.00
981,981,F6,*MANUAL*,61,1029,65,20.00, 9.65, 2.83,895,8635.00
982,982,F7,*MANUAL*,58,948,65,17.00, 7.43, 2.54,895,6648.00
983,983,F8,*MANUAL*,58,879,66,42.00, 5.83, 5.25,895,5219.00
984,984,F9,*MANUAL*,57,786,64,13.00, 3.62, 2.21,895,3243.00
985,985,F10,*MANUAL*,57,684,65,10.00, 1.28, 1.43,895,1143.00
