0,0,*NOUSE*,*NOUSE*,0,0,0,0,0,0,0,0
1,1,*NOUSE*,*NOUSE*,0,0,0,0,0,0,0,0
2,2,*NOUSE*,*NOUSE*,0,0,0,0,0,0,0,0
3,3,*NOUSE*,*NOUSE*,0,0,0,0,0,0,0,0
4,4,*NOUSE*,*NOUSE*,0,0,0,0,0,0,0,0
5,5,*NOUSE*,*NOUSE*,0,0,0,0,0,0,0,0
6,6,*NOUSE*,*NOUSE*,0,0,0,0,0,0,0,0
7,7,*NOUSE*,*NOUSE*,0,0,0,0,0,0,0,0
8,8,*NOUSE*,*NOUSE*,0,0,0,0,0,0,0,0
9,9,*NOUSE*,*NOUSE*,0,0,0,0,0,0,0,0
10,10,*NOUSE*,*NOUSE*,0,0,0,0,0,0,0,0
11,11,*NOUSE*,*NOUSE*,0,0,0,0,0,0,0,0
12,12,*NOUSE*,*NOUSE*,0,0,0,0,0,0,0,0
13,13,*NOUSE*,*NOUSE*,0,0,0,0,0,0,0,0
14,14,*NOUSE*,*NOUSE*,0,0,0,0,0,0,0,0
15,15,*NOUSE*,*NOUSE*,0,0,0,0,0,0,0,0
16,16,*NOUSE*,*NOUSE*,0,0,0,0,0,0,0,0
17,17,*NOUSE*,*NOUSE*,0,0,0,0,0,0,0,0
18,18,*NOUSE*,*NOUSE*,0,0,0,0,0,0,0,0
19,19,*NOUSE*,*NOUSE*,0,0,0,0,0,0,0,0
20,20,*NOUSE*,*NOUSE*,0,0,0,0,0,0,0,0
21,21,*NOUSE*,*NOUSE*,0,0,0,0,0,0,0,0
22,22,*NOUSE*,*NOUSE*,0,0,0,0,0,0,0,0
23,23,*NOUSE*,*NOUSE*,0,0,0,0,0,0,0,0
24,24,*NOUSE*,*NOUSE*,0,0,0,0,0,0,0,0
25,25,*NOUSE*,*NOUSE*,0,0,0,0,0,0,0,0
26,26,*NOUSE*,*NOUSE*,0,0,0,0,0,0,0,0
27,27,*NOUSE*,*NOUSE*,0,0,0,0,0,0,0,0
28,28,*NOUSE*,*NOUSE*,0,0,0,0,0,0,0,0
29,29,*NOUSE*,*NOUSE*,0,0,0,0,0,0,0,0
30,30,*NOUSE*,*NOUSE*,0,0,0,0,0,0,0,0
31,31,*NOUSE*,*NOUSE*,0,0,0,0,0,0,0,0
32,32,*NOUSE*,*NOUSE*,0,0,0,0,0,0,0,0
33,33,*NOUSE*,*NOUSE*,0,0,0,0,0,0,0,0
34,34,*NOUSE*,*NOUSE*,0,0,0,0,0,0,0,0
35,35,*NOUSE*,*NOUSE*,0,0,0,0,0,0,0,0
36,36,*NOUSE*,*NOUSE*,0,0,0,0,0,0,0,0
37,37,*NOUSE*,*NOUSE*,0,0,0,0,0,0,0,0
38,38,*NOUSE*,*NOUSE*,0,0,0,0,0,0,0,0
39,39,*NOUSE*,*NOUSE*,0,0,0,0,0,0,0,0
40,40,*NOUSE*,*NOUSE*,0,0,0,0,0,0,0,0
41,41,*NOUSE*,*NOUSE*,0,0,0,0,0,0,0,0
42,42,*NOUSE*,*NOUSE*,0,0,0,0,0,0,0,0
43,43,*NOUSE*,*NOUSE*,0,0,0,0,0,0,0,0
44,44,*NOUSE*,*NOUSE*,0,0,0,0,0,0,0,0
45,45,*NOUSE*,*NOUSE*,0,0,0,0,0,0,0,0
46,46,*NOUSE*,*NOUSE*,0,0,0,0,0,0,0,0
47,47,*NOUSE*,*NOUSE*,0,0,0,0,0,0,0,0
48,48,*NOUSE*,*NOUSE*,0,0,0,0,0,0,0,0
49,49,*NOUSE*,*NOUSE*,0,0,0,0,0,0,0,0
50,50,*NOUSE*,*NOUSE*,0,0,0,0,0,0,0,0
51,51,*NOUSE*,*NOUSE*,0,0,0,0,0,0,0,0
52,52,*NOUSE*,*NOUSE*,0,0,0,0,0,0,0,0
53,53,*NOUSE*,*NOUSE*,0,0,0,0,0,0,0,0
54,54,*NOUSE*,*NOUSE*,0,0,0,0,0,0,0,0
55,55,*NOUSE*,*NOUSE*,0,0,0,0,0,0,0,0
56,56,*NOUSE*,*NOUSE*,0,0,0,0,0,0,0,0
57,57,*NOUSE*,*NOUSE*,0,0,0,0,0,0,0,0
58,58,*NOUSE*,*NOUSE*,0,0,0,0,0,0,0,0
59,59,*NOUSE*,*NOUSE*,0,0,0,0,0,0,0,0
60,60,*NOUSE*,*NOUSE*,0,0,0,0,0,0,0,0
61,61,*NOUSE*,*NOUSE*,0,0,0,0,0,0,0,0
62,62,*NOUSE*,*NOUSE*,0,0,0,0,0,0,0,0
63,63,*NOUSE*,*NOUSE*,0,0,0,0,0,0,0,0
64,64,*NOUSE*,*NOUSE*,0,0,0,0,0,0,0,0
65,65,*NOUSE*,*NOUSE*,0,0,0,0,0,0,0,0
66,66,*NOUSE*,*NOUSE*,0,0,0,0,0,0,0,0
67,67,*NOUSE*,*NOUSE*,0,0,0,0,0,0,0,0
68,68,*NOUSE*,*NOUSE*,0,0,0,0,0,0,0,0
69,69,*NOUSE*,*NOUSE*,0,0,0,0,0,0,0,0
70,70,*NOUSE*,*NOUSE*,0,0,0,0,0,0,0,0
71,71,*NOUSE*,*NOUSE*,0,0,0,0,0,0,0,0
72,72,*NOUSE*,*NOUSE*,0,0,0,0,0,0,0,0
73,73,*NOUSE*,*NOUSE*,0,0,0,0,0,0,0,0
74,74,*NOUSE*,*NOUSE*,0,0,0,0,0,0,0,0
75,75,*NOUSE*,*NOUSE*,0,0,0,0,0,0,0,0
76,76,*NOUSE*,*NOUSE*,0,0,0,0,0,0,0,0
77,77,*NOUSE*,*NOUSE*,0,0,0,0,0,0,0,0
78,78,*NOUSE*,*NOUSE*,0,0,0,0,0,0,0,0
79,79,*NOUSE*,*NOUSE*,0,0,0,0,0,0,0,0
80,80,*NOUSE*,*NOUSE*,0,0,0,0,0,0,0,0
81,81,*NOUSE*,*NOUSE*,0,0,0,0,0,0,0,0
82,82,*NOUSE*,*NOUSE*,0,0,0,0,0,0,0,0
83,83,*NOUSE*,*NOUSE*,0,0,0,0,0,0,0,0
84,84,*NOUSE*,*NOUSE*,0,0,0,0,0,0,0,0
85,85,*NOUSE*,*NOUSE*,0,0,0,0,0,0,0,0
86,86,*NOUSE*,*NOUSE*,0,0,0,0,0,0,0,0
87,87,*NOUSE*,*NOUSE*,0,0,0,0,0,0,0,0
88,88,*NOUSE*,*NOUSE*,0,0,0,0,0,0,0,0
89,89,*NOUSE*,*NOUSE*,0,0,0,0,0,0,0,0
90,90,*NOUSE*,*NOUSE*,0,0,0,0,0,0,0,0
91,91,*NOUSE*,*NOUSE*,0,0,0,0,0,0,0,0
92,92,*NOUSE*,*NOUSE*,0,0,0,0,0,0,0,0
93,93,*NOUSE*,*NOUSE*,0,0,0,0,0,0,0,0
94,94,*NOUSE*,*NOUSE*,0,0,0,0,0,0,0,0
95,95,*NOUSE*,*NOUSE*,0,0,0,0,0,0,0,0
96,96,*NOUSE*,*NOUSE*,0,0,0,0,0,0,0,0
97,97,*NOUSE*,*NOUSE*,0,0,0,0,0,0,0,0
98,98,*NOUSE*,*NOUSE*,0,0,0,0,0,0,0,0
99,99,*NOUSE*,*NOUSE*,0,0,0,0,0,0,0,0
100,100,*NOUSE*,*NOUSE*,0,0,0,0,0,0,0,0
101,101,*NOUSE*,*NOUSE*,0,0,0,0,0,0,0,0
102,102,*NOUSE*,*NOUSE*,0,0,0,0,0,0,0,0
103,103,*NOUSE*,*NOUSE*,0,0,0,0,0,0,0,0
104,104,*NOUSE*,*NOUSE*,0,0,0,0,0,0,0,0
105,105,*NOUSE*,*NOUSE*,0,0,0,0,0,0,0,0
106,106,*NOUSE*,*NOUSE*,0,0,0,0,0,0,0,0
107,107,*NOUSE*,*NOUSE*,0,0,0,0,0,0,0,0
108,108,*NOUSE*,*NOUSE*,0,0,0,0,0,0,0,0
109,109,*NOUSE*,*NOUSE*,0,0,0,0,0,0,0,0
110,110,*NOUSE*,*NOUSE*,0,0,0,0,0,0,0,0
111,111,*NOUSE*,*NOUSE*,0,0,0,0,0,0,0,0
112,112,*NOUSE*,*NOUSE*,0,0,0,0,0,0,0,0
113,113,*NOUSE*,*NOUSE*,0,0,0,0,0,0,0,0
114,114,*NOUSE*,*NOUSE*,0,0,0,0,0,0,0,0
115,115,*NOUSE*,*NOUSE*,0,0,0,0,0,0,0,0
116,116,*NOUSE*,*NOUSE*,0,0,0,0,0,0,0,0
117,117,*NOUSE*,*NOUSE*,0,0,0,0,0,0,0,0
118,118,*NOUSE*,*NOUSE*,0,0,0,0,0,0,0,0
119,119,,*MANUAL*,75,1235,48,82.00,41.85,11.81,1365,57132.00
120,120,,*MANUAL*,72,1217,47,217.00,139.00,34.02,855,118844.00
121,121,,*MANUAL*,80,1216,53,211.00,140.06,31.62,895,125356.00
122,122,,*MANUAL*,80,1203,49,186.00,113.76,30.94,895,101814.00
123,123,,*MANUAL*,82,1148,43,204.00,119.21,27.84,895,106692.00
124,124,,*MANUAL*,63,1224,47,204.00,140.05,34.55,895,125349.00
125,125,,*MANUAL*,54,1231,50,181.00,124.90,24.41,895,111786.00
126,126,,*MANUAL*,52,1218,38,160.00,102.55,22.80,895,91783.00
127,127,,*MANUAL*,52,1209,48,183.00,108.71,23.57,895,97292.00
128,128,,*MANUAL*,47,1170,45,158.00,80.96,31.74,895,72455.00
129,129,,*MANUAL*,67,1295,30,145.00,97.04,20.42,895,86855.00
130,130,,*MANUAL*,67,1276,35,194.00,123.35,25.95,895,110401.00
131,131,,*MANUAL*,70,1250,34,157.00,79.79,33.32,895,71414.00
132,132,,*MANUAL*,70,1232,31,178.00,104.99,31.61,895,93962.00
133,133,,*MANUAL*,69,1219,33,216.00,119.56,35.17,895,107007.00
134,134,,*MANUAL*,62,1209,38,210.00,141.58,32.04,895,126715.00
135,135,,*MANUAL*,73,1202,32,208.00,125.17,38.35,895,112030.00
136,136,,*MANUAL*,58,1198,37,224.00,120.62,40.96,895,107956.00
137,137,,*MANUAL*,76,1188,35,193.00,112.54,34.67,895,100721.00
138,138,,*MANUAL*,65,1183,34,197.00,126.88,30.39,895,113559.00
139,139,,*MANUAL*,58,1167,34,183.00,127.11,27.30,893,113508.00
140,140,,*MANUAL*,75,1168,34,194.00,125.96,25.05,891,112230.00
141,141,,*MANUAL*,67,1161,30,177.00,120.19,21.91,895,107566.00
142,142,,*MANUAL*,68,1145,30,176.00,98.83,29.89,895,88454.00
143,143,,*MANUAL*,67,1126,32,195.00,121.40,25.36,872,105860.00
144,144,,*MANUAL*,88,1123,61,249.00,133.50,49.78,895,119481.00
145,145,,*MANUAL*,91,1171,55,208.00,114.30,43.32,895,102295.00
146,146,,*MANUAL*,92,1189,52,205.00,124.04,34.59,895,111018.00
147,147,,*MANUAL*,91,1194,64,223.00,148.52,28.36,895,132926.00
148,148,,*MANUAL*,92,1206,59,203.00,133.27,27.79,895,119277.00
149,149,,*MANUAL*,92,1218,57,191.00,134.03,27.66,895,119956.00
150,150,,*MANUAL*,92,1243,57,143.00,93.09,21.78,895,83317.00
151,151,,*MANUAL*,92,1263,55,196.00,115.93,32.15,895,103760.00
152,152,,*MANUAL*,92,1285,59,157.00,112.42,21.86,895,100616.00
153,153,,*MANUAL*,91,1301,55,222.00,106.75,50.24,895,95538.00
154,154,,*MANUAL*,87,1319,54,219.00,124.64,37.61,889,110802.00
155,155,,*MANUAL*,91,1268,69,161.00,107.30,29.99,895,96037.00
156,156,,*MANUAL*,91,1247,76,177.00,109.55,32.13,895,98044.00
157,157,,*MANUAL*,92,1220,75,229.00,142.79,34.18,889,126942.00
158,158,,*MANUAL*,91,1202,79,224.00,134.48,47.90,895,120358.00
159,159,,*MANUAL*,89,1215,88,253.00,151.87,51.54,895,135922.00
160,160,,*MANUAL*,89,1237,90,226.00,114.53,52.01,895,102503.00
161,161,,*MANUAL*,84,1254,91,196.00,136.06,34.09,895,121770.00
162,162,,*MANUAL*,86,1271,88,200.00,134.50,29.23,895,120381.00
163,163,,*MANUAL*,88,1289,78,185.00,121.04,29.90,895,108332.00
164,164,,*MANUAL*,88,1313,72,199.00,131.91,31.82,895,118060.00
165,165,,*MANUAL*,88,1333,70,200.00,127.55,27.88,895,114161.00
166,166,,*MANUAL*,83,1308,89,199.00,132.69,31.42,893,118494.00
167,167,,*MANUAL*,79,1282,83,201.00,137.48,20.68,895,123042.00
168,168,,*MANUAL*,79,1264,80,190.00,134.08,26.77,895,119999.00
169,169,,*MANUAL*,81,1230,83,210.00,143.61,30.55,895,128533.00
170,170,,*MANUAL*,82,1215,97,242.00,155.54,31.38,879,136722.00
171,171,,*MANUAL*,76,1242,93,187.00,124.68,25.58,1365,170191.00
172,172,,*MANUAL*,73,1262,96,155.00,105.86,21.79,1365,144498.00
173,173,,*MANUAL*,73,1287,97,175.00,116.33,19.46,895,104115.00
174,174,,*MANUAL*,72,1314,95,199.00,148.16,26.02,895,132600.00
175,175,,*MANUAL*,80,1320,77,228.00,146.98,35.00,895,131546.00
176,176,,*MANUAL*,77,1299,85,223.00,148.51,28.08,895,132913.00
177,177,,*MANUAL*,80,1301,66,204.00,125.66,38.82,895,112469.00
178,178,,*MANUAL*,80,1282,67,202.00,116.31,34.96,895,104099.00
179,179,,*MANUAL*,81,1246,76,212.00,128.46,39.68,895,114972.00
180,180,,*MANUAL*,89,1233,67,193.00,116.11,38.04,895,103920.00
181,181,,*MANUAL*,85,1214,69,218.00,154.52,23.04,889,137364.00
182,182,,*MANUAL*,42,1147,55,196.00,120.75,30.17,895,108073.00
183,183,,*MANUAL*,41,1174,54,173.00,114.84,22.16,895,102783.00
184,184,,*MANUAL*,42,1194,53,180.00,117.10,29.43,895,104802.00
185,185,,*MANUAL*,43,1205,64,195.00,122.65,38.09,895,109770.00
186,186,,*MANUAL*,42,1215,53,179.00,115.72,21.92,895,103569.00
187,187,,*MANUAL*,42,1234,53,168.00,113.47,21.40,895,101559.00
188,188,,*MANUAL*,41,1256,54,137.00,85.69,19.17,1365,116961.00
189,189,,*MANUAL*,41,1274,51,208.00,114.64,30.41,893,102376.00
190,190,,*MANUAL*,39,1297,58,157.00,93.60,25.23,895,83773.00
191,191,,*MANUAL*,41,1312,55,184.00,100.96,38.25,895,90360.00
192,192,,*MANUAL*,45,1325,52,164.00,101.10,31.24,895,90482.00
193,193,,*MANUAL*,40,1278,68,151.00,86.35,18.72,1365,117865.00
194,194,,*MANUAL*,40,1253,72,128.00,74.01,18.60,1365,101020.00
195,195,,*MANUAL*,41,1234,69,180.00,104.21,33.05,895,93265.00
196,196,,*MANUAL*,41,1216,75,179.00,101.47,35.61,895,90812.00
197,197,,*MANUAL*,43,1229,85,193.00,118.61,22.23,895,106157.00
198,198,,*MANUAL*,45,1246,91,197.00,132.67,27.07,895,118740.00
199,199,,*MANUAL*,47,1263,89,190.00,122.13,24.64,887,108325.00
200,200,,*MANUAL*,45,1279,84,202.00,137.87,27.16,811,111810.00
201,201,,*MANUAL*,45,1294,84,155.00,92.35,31.26,1365,126064.00
202,202,,*MANUAL*,43,1306,72,146.00,95.11,20.37,1365,129823.00
203,203,,*MANUAL*,43,1323,70,159.00,96.75,24.74,1365,132066.00
204,204,,*MANUAL*,43,1345,71,144.00,83.67,23.30,895,74881.00
205,205,,*MANUAL*,52,1313,64,185.00,118.93,34.66,895,106443.00
206,206,,*MANUAL*,53,1290,67,163.00,109.02,24.99,895,97570.00
207,207,,*MANUAL*,52,1265,67,187.00,107.84,38.29,895,96513.00
208,208,,*MANUAL*,53,1281,81,209.00,128.75,26.07,895,115229.00
209,209,,*MANUAL*,52,1239,80,183.00,109.62,27.80,895,98109.00
210,210,,*MANUAL*,49,1245,61,161.00,111.94,27.74,895,100184.00
211,211,,*MANUAL*,49,1224,63,193.00,123.89,29.23,895,110879.00
212,212,,*MANUAL*,52,1232,95,210.00,141.16,27.80,895,126341.00
213,213,,*MANUAL*,56,1255,88,155.00,108.40,19.61,1365,147962.00
214,214,,*MANUAL*,60,1274,95,156.00,100.17,18.27,1365,136729.00
215,215,,*MANUAL*,58,1294,90,162.00,104.51,21.72,1365,142658.00
216,216,,*MANUAL*,59,1317,95,190.00,122.57,33.32,1365,167309.00
217,217,,*MANUAL*,54,1308,81,190.00,122.79,18.65,895,109899.00
218,218,,*MANUAL*,52,1328,81,219.00,148.39,29.34,873,129546.00
219,219,,*MANUAL*,66,1351,104,192.00,121.29,27.08,889,107823.00
220,220,,*MANUAL*,66,1331,103,199.00,118.34,35.16,895,105910.00
221,221,,*MANUAL*,61,1332,85,231.00,157.06,33.90,895,140565.00
222,222,,*MANUAL*,74,1329,86,245.00,163.72,39.80,895,146527.00
223,223,,*MANUAL*,53,1333,96,196.00,140.95,22.84,895,126147.00
224,224,,*MANUAL*,78,1329,97,218.00,139.13,43.08,895,124521.00
225,225,,*MANUAL*,47,1322,88,185.00,118.53,32.39,895,106082.00
226,226,,*MANUAL*,58,1326,49,218.00,138.51,36.61,895,123963.00
227,227,,*MANUAL*,54,1326,62,192.00,112.17,34.42,895,100390.00
228,228,,*MANUAL*,74,1321,51,219.00,139.17,36.51,891,124003.00
229,229,,*MANUAL*,79,1319,61,205.00,127.63,36.76,895,114231.00
230,230,,*MANUAL*,83,1311,41,193.00,112.92,38.25,895,101067.00
231,231,,*MANUAL*,83,1293,37,182.00,107.81,31.29,895,96493.00
232,232,,*MANUAL*,81,1276,39,179.00,113.08,29.08,895,101205.00
233,233,,*MANUAL*,81,1294,55,192.00,122.36,32.61,895,109510.00
234,234,,*MANUAL*,56,1296,51,192.00,125.61,27.06,895,112417.00
235,235,,*MANUAL*,52,1308,49,204.00,150.13,27.24,869,130466.00
236,236,,*MANUAL*,52,1319,40,166.00,105.88,18.38,895,94765.00
237,237,,*MANUAL*,52,1300,37,170.00,108.83,30.12,895,97401.00
238,238,,*MANUAL*,50,1274,41,199.00,122.84,25.05,895,109941.00
239,239,,*MANUAL*,75,1303,45,198.00,154.60,17.58,485,74980.00
240,240,,*MANUAL*,59,1311,44,210.00,156.90,20.02,485,76095.00
241,241,,*MANUAL*,66,1304,45,186.00,151.92,13.24,485,73679.00
242,242,,*MANUAL*,74,1287,46,166.00,123.58,14.77,485,59934.00
243,243,,*MANUAL*,61,1288,43,190.00,136.27,20.52,895,121958.00
244,244,,*MANUAL*,73,1269,46,194.00,147.99,16.93,485,71773.00
245,245,,*MANUAL*,63,1269,43,212.00,154.67,23.94,485,75017.00
246,246,,*MANUAL*,51,1269,54,157.00,116.29,16.76,895,104076.00
247,247,,*MANUAL*,47,1289,48,185.00,118.45,33.59,895,106009.00
248,248,,*MANUAL*,56,1254,46,190.00,116.21,32.66,895,104008.00
249,249,,*MANUAL*,83,1273,53,190.00,130.46,28.20,895,116761.00
250,250,,*MANUAL*,83,1255,43,193.00,126.13,24.23,895,112887.00
251,251,,*MANUAL*,78,1255,54,157.00,97.02,21.62,895,86832.00
252,252,,*MANUAL*,90,1416,60,199.00,126.65,34.39,895,113355.00
253,253,,*MANUAL*,90,1395,61,245.00,139.21,53.36,803,111785.00
254,254,,*MANUAL*,90,1374,62,190.00,104.72,43.43,873,91420.00
255,255,,*MANUAL*,82,1390,73,208.00,122.97,26.46,895,110061.00
256,256,,*MANUAL*,82,1375,67,232.00,145.47,40.91,895,130195.00
257,257,,*MANUAL*,83,1360,65,201.00,116.41,36.18,889,103487.00
258,258,,*MANUAL*,82,1360,80,201.00,127.93,29.94,895,114500.00
259,259,,*MANUAL*,82,1376,85,253.00,169.29,37.70,821,138984.00
260,260,,*MANUAL*,80,1395,87,242.00,156.41,40.18,895,139986.00
261,261,,*MANUAL*,82,1354,46,201.00,124.59,27.18,895,111507.00
262,262,,*MANUAL*,82,1368,48,179.00,121.14,24.66,895,108420.00
263,263,,*MANUAL*,83,1394,56,241.00,151.21,33.68,895,135336.00
264,264,,*MANUAL*,83,1382,49,225.00,149.84,22.58,847,126911.00
265,265,,*MANUAL*,78,1378,37,202.00,117.28,34.16,895,104967.00
266,266,,*MANUAL*,67,1374,36,190.00,119.79,25.71,879,105296.00
267,267,,*MANUAL*,62,1391,34,178.00,110.75,22.82,817,90479.00
268,268,,*MANUAL*,43,1416,63,144.00,88.86,22.13,895,79528.00
269,269,,*MANUAL*,39,1396,62,150.00,101.05,25.61,889,89831.00
270,270,,*MANUAL*,44,1378,59,141.00,83.95,15.05,889,74628.00
271,271,,*MANUAL*,48,1363,64,143.00,100.14,17.81,895,89627.00
272,272,,*MANUAL*,52,1379,67,172.00,118.31,20.28,895,105883.00
273,273,,*MANUAL*,48,1396,69,183.00,111.25,22.47,895,99571.00
274,274,,*MANUAL*,48,1362,78,164.00,104.24,22.80,895,93296.00
275,275,,*MANUAL*,48,1379,80,208.00,143.34,29.25,895,128289.00
276,276,,*MANUAL*,49,1394,83,234.00,146.79,41.08,895,131376.00
277,277,,*MANUAL*,49,1354,47,139.00,83.13,18.25,839,69746.00
278,278,,*MANUAL*,52,1372,46,125.00,82.26,15.18,895,73620.00
279,279,,*MANUAL*,47,1402,55,157.00,102.90,26.36,895,92099.00
280,280,,*MANUAL*,47,1389,44,128.00,76.52,22.32,895,68482.00
281,281,,*MANUAL*,57,1377,36,139.00,89.47,20.04,895,80075.00
282,282,,*MANUAL*,62,1359,36,161.00,106.14,19.41,831,88203.00
283,283,,*MANUAL*,73,1357,36,216.00,135.27,32.47,743,100508.00
284,284,,*MANUAL*,70,1343,36,141.00,93.22,25.96,895,83432.00
285,285,,*MANUAL*,71,1393,33,182.00,128.51,24.22,889,114249.00
286,286,,*MANUAL*,56,1399,34,133.00,87.60,19.92,701,61405.00
287,287,,*MANUAL*,80,1396,41,200.00,119.59,31.63,895,107034.00
288,288,,*MANUAL*,50,1403,37,124.00,80.17,20.35,895,71752.00
289,289,,*MANUAL*,44,1421,52,184.00,109.50,35.18,895,98003.00
290,290,,*MANUAL*,42,1439,55,212.00,131.04,42.39,895,117280.00
291,291,,*MANUAL*,41,1449,61,229.00,142.18,41.67,895,127253.00
292,292,,*MANUAL*,45,1459,54,213.00,137.03,37.31,895,122642.00
293,293,,*MANUAL*,46,1475,53,211.00,125.33,36.92,895,112170.00
294,294,,*MANUAL*,45,1489,58,194.00,127.55,27.09,877,111862.00
295,295,,*MANUAL*,45,1506,65,196.00,124.44,35.71,895,111370.00
296,296,,*MANUAL*,45,1518,73,161.00,99.93,27.84,895,89440.00
297,297,,*MANUAL*,44,1494,77,162.00,101.21,19.56,895,90582.00
298,298,,*MANUAL*,48,1478,81,190.00,121.20,25.57,895,108470.00
299,299,,*MANUAL*,44,1460,80,207.00,128.34,28.97,895,114864.00
300,300,,*MANUAL*,43,1445,81,206.00,126.80,36.16,895,113486.00
301,301,,*MANUAL*,42,1429,79,207.00,117.52,38.30,895,105176.00
302,302,,*MANUAL*,41,1438,70,192.00,119.61,30.79,895,107047.00
303,303,,*MANUAL*,48,1411,78,191.00,128.47,33.63,895,114977.00
304,304,,*MANUAL*,87,1408,49,239.00,153.45,42.89,895,137339.00
305,305,,*MANUAL*,91,1432,53,244.00,156.94,44.43,895,140463.00
306,306,,*MANUAL*,91,1444,60,254.00,151.48,66.48,895,135573.00
307,307,,*MANUAL*,88,1453,51,247.00,143.14,43.88,895,128106.00
308,308,,*MANUAL*,85,1467,50,237.00,142.88,45.11,895,127875.00
309,309,,*MANUAL*,86,1482,53,227.00,137.48,40.20,895,123045.00
310,310,,*MANUAL*,86,1496,57,215.00,134.20,35.96,835,112054.00
311,311,,*MANUAL*,86,1530,69,241.00,122.33,31.61,895,109488.00
312,312,,*MANUAL*,86,1511,75,202.00,123.46,30.55,895,110498.00
313,313,,*MANUAL*,86,1492,78,187.00,106.60,31.81,1365,145510.00
314,314,,*MANUAL*,85,1473,80,226.00,134.82,45.22,895,120665.00
315,315,,*MANUAL*,86,1457,79,242.00,131.08,42.81,895,117321.00
316,316,,*MANUAL*,89,1437,78,251.00,164.91,41.68,873,143966.00
317,317,,*MANUAL*,90,1432,69,235.00,164.85,33.67,893,147214.00
318,318,,*MANUAL*,88,1416,77,234.00,138.83,45.45,881,122312.00
319,319,,*MANUAL*,83,1407,80,248.00,162.50,41.49,895,145437.00
320,320,,*MANUAL*,64,1369,93,242.00,171.87,22.42,836,143681.00
321,321,,*MANUAL*,74,1373,89,242.00,175.95,26.55,895,157472.00
322,322,,*MANUAL*,56,1373,90,224.00,160.14,24.77,895,143327.00
323,323,,*MANUAL*,75,1384,86,242.00,176.82,33.26,895,158252.00
324,324,,*MANUAL*,58,1384,86,219.00,163.02,29.45,895,145903.00
325,325,,*MANUAL*,59,1395,92,250.00,164.82,42.90,895,147512.00
326,326,,*MANUAL*,74,1406,96,226.00,142.22,41.40,895,127284.00
327,327,,*MANUAL*,54,1409,94,205.00,123.58,32.05,895,110606.00
328,328,,*MANUAL*,64,1640,45,192.00,95.95,44.54,1365,130975.00
329,329,,*MANUAL*,67,1609,42,221.00,102.23,38.96,1365,139547.00
330,330,,*MANUAL*,70,1580,43,211.00,104.84,39.65,1365,143109.00
331,331,,*MANUAL*,63,1564,42,210.00,118.78,33.53,895,106306.00
332,332,,*MANUAL*,61,1539,41,246.00,137.27,42.09,895,122855.00
333,333,,*MANUAL*,61,1518,39,231.00,145.92,38.75,895,130595.00
334,334,,*MANUAL*,61,1497,38,250.00,147.56,50.89,881,130003.00
335,335,,*MANUAL*,71,1549,40,237.00,143.27,37.47,895,128225.00
336,336,,*MANUAL*,70,1526,40,243.00,133.23,50.31,895,119239.00
337,337,,*MANUAL*,72,1507,40,245.00,137.76,44.01,895,123295.00
338,338,,*MANUAL*,69,1494,34,205.00,96.82,30.76,895,86651.00
339,339,,*MANUAL*,68,1439,26,121.00,66.48,20.14,1365,90750.00
340,340,,*MANUAL*,66,1393,24,99.00,35.25,17.09,895,31548.00
341,341,,*MANUAL*,66,1358,25,81.00,26.11,16.17,895,23372.00
342,342,,*MANUAL*,64,1649,84,215.00,107.20,36.77,895,95943.00
343,343,,*MANUAL*,60,1587,96,245.00,141.63,42.26,895,126756.00
344,344,,*MANUAL*,61,1565,99,222.00,124.93,38.64,1365,170534.00
345,345,,*MANUAL*,59,1541,95,218.00,143.76,26.65,860,123635.00
346,346,,*MANUAL*,59,1511,95,247.00,188.10,30.09,809,152169.00
347,347,,*MANUAL*,73,1555,96,227.00,115.77,43.26,1365,158025.00
348,348,,*MANUAL*,73,1521,95,232.00,147.34,37.35,895,131871.00
349,349,,*MANUAL*,66,1535,101,188.00,104.33,35.09,895,93372.00
350,350,,*MANUAL*,66,1507,99,235.00,129.08,37.18,1365,176190.00
351,351,,*MANUAL*,67,1456,101,174.00,109.31,26.68,1365,149208.00
352,352,,*MANUAL*,67,1421,103,185.00,105.50,35.14,1365,144004.00
353,353,,*MANUAL*,67,1386,104,131.00,66.05,19.45,1365,90163.00
354,354,,*MANUAL*,67,1307,110,143.00,52.26,22.50,895,46776.00
355,355,,*MANUAL*,83,1523,53,207.00,91.01,31.97,1288,117216.00
356,356,,*MANUAL*,81,1491,41,159.00,80.75,25.72,1365,110230.00
357,357,,*MANUAL*,80,1457,35,191.00,102.57,30.17,895,91796.00
358,358,,*MANUAL*,83,1419,39,146.00,82.30,23.52,895,73657.00
359,359,,*MANUAL*,78,1352,33,196.00,99.35,33.55,895,88922.00
360,360,,*MANUAL*,84,1341,42,130.00,63.07,22.44,895,56447.00
361,361,,*MANUAL*,80,1225,36,152.00,77.47,22.02,895,69335.00
362,362,,*MANUAL*,84,1177,40,154.00,90.32,22.62,895,80838.00
363,363,,*MANUAL*,77,1126,34,159.00,99.99,24.70,895,89490.00
364,364,,*MANUAL*,80,1098,38,166.00,84.97,30.18,1365,115989.00
365,365,,*MANUAL*,74,964,40,203.00,113.53,30.01,893,101380.00
366,366,,*MANUAL*,80,921,43,197.00,103.38,32.89,895,92521.00
367,367,,*MANUAL*,74,873,38,222.00,131.10,38.88,895,117332.00
368,368,,*MANUAL*,79,813,46,217.00,117.51,37.36,895,105168.00
369,369,,*MANUAL*,72,757,44,202.00,114.53,27.51,895,102500.00
370,370,,*MANUAL*,79,772,50,227.00,141.35,45.47,895,126505.00
371,371,,*MANUAL*,79,740,50,232.00,140.65,50.67,895,125880.00
372,372,,*MANUAL*,74,656,49,193.00,96.83,34.44,895,86663.00
373,373,,*MANUAL*,75,536,44,164.00,95.91,30.86,895,85835.00
374,374,,*MANUAL*,75,431,51,174.00,79.07,34.02,1365,107924.00
375,375,,*MANUAL*,78,396,56,169.00,94.16,24.03,895,84271.00
376,376,,*MANUAL*,73,274,65,173.00,102.37,21.72,895,91622.00
377,377,,*MANUAL*,82,1530,85,187.00,87.78,27.05,1365,119825.00
378,378,,*MANUAL*,81,1502,90,172.00,88.61,29.83,1365,120946.00
379,379,,*MANUAL*,81,1458,94,172.00,74.41,31.02,1365,101563.00
380,380,,*MANUAL*,85,1420,90,191.00,101.03,38.12,895,90421.00
381,381,,*MANUAL*,77,1354,100,166.00,95.01,26.19,1358,129024.00
382,382,,*MANUAL*,84,1350,91,173.00,103.47,23.44,895,92607.00
383,383,,*MANUAL*,75,1225,109,186.00,96.11,37.48,895,86015.00
384,384,,*MANUAL*,61,1228,105,214.00,118.66,31.06,895,106205.00
385,385,,*MANUAL*,82,1160,106,169.00,69.42,40.70,895,62127.00
386,386,,*MANUAL*,82,1119,98,217.00,107.40,39.31,895,96123.00
387,387,,*MANUAL*,80,1084,102,177.00,94.53,38.21,895,84605.00
388,388,,*MANUAL*,77,1027,107,192.00,87.28,42.65,1365,119132.00
389,389,,*MANUAL*,79,959,104,199.00,102.51,39.37,1365,139932.00
390,390,,*MANUAL*,79,891,101,216.00,113.09,36.81,895,101218.00
391,391,,*MANUAL*,79,827,101,200.00,103.35,40.53,1365,141079.00
392,392,,*MANUAL*,77,778,101,200.00,110.24,31.73,895,98665.00
393,393,,*MANUAL*,77,688,98,170.00,74.52,37.95,1365,101719.00
394,394,,*MANUAL*,77,622,99,192.00,83.48,38.98,1365,113951.00
395,395,,*MANUAL*,78,535,96,176.00,90.27,35.61,881,79529.00
396,396,,*MANUAL*,77,472,96,151.00,96.80,23.22,895,86637.00
397,397,,*MANUAL*,74,381,96,110.00,58.18,19.96,895,52067.00
398,398,,*MANUAL*,64,256,88,156.00,91.79,26.80,895,82156.00
399,399,,*MANUAL*,44,1573,72,121.00,61.82,24.55,895,55333.00
400,400,,*MANUAL*,86,1565,72,177.00,91.60,26.50,895,81980.00
401,401,,*MANUAL*,47,1528,54,138.00,73.62,18.97,785,57791.00
402,402,,*MANUAL*,50,1497,42,133.00,84.32,22.79,895,75462.00
403,403,,*MANUAL*,51,1467,39,157.00,82.23,30.21,895,73596.00
404,404,,*MANUAL*,48,1431,39,126.00,69.98,17.31,895,62634.00
405,405,,*MANUAL*,54,1353,35,110.00,58.61,12.87,857,50232.00
406,406,,*MANUAL*,47,1348,40,96.00,51.03,11.75,895,45669.00
407,407,,*MANUAL*,52,1242,36,171.00,73.33,30.31,895,65634.00
408,408,,*MANUAL*,51,1186,39,159.00,91.91,25.84,895,82261.00
409,409,,*MANUAL*,51,1132,38,153.00,88.96,24.92,895,79620.00
410,410,,*MANUAL*,51,1094,35,152.00,83.41,22.35,895,74654.00
411,411,,*MANUAL*,53,1025,39,162.00,89.92,23.99,895,80477.00
412,412,,*MANUAL*,53,962,44,208.00,99.85,25.28,895,89362.00
413,413,,*MANUAL*,54,914,41,174.00,90.91,35.01,895,81365.00
414,414,,*MANUAL*,53,842,46,192.00,105.88,27.82,895,94762.00
415,415,,*MANUAL*,53,795,47,199.00,109.24,35.42,895,97768.00
416,416,,*MANUAL*,50,693,50,177.00,87.72,33.47,1365,119742.00
417,417,,*MANUAL*,53,612,50,189.00,95.45,31.17,1365,130290.00
418,418,,*MANUAL*,57,540,50,143.00,71.27,26.13,895,63789.00
419,419,,*MANUAL*,56,452,53,133.00,86.05,20.34,895,77012.00
420,420,,*MANUAL*,60,270,65,147.00,83.58,25.82,895,74804.00
421,421,,*MANUAL*,47,1529,85,144.00,86.73,20.18,895,77625.00
422,422,,*MANUAL*,50,1504,92,153.00,89.43,27.20,895,80039.00
423,423,,*MANUAL*,50,1466,96,156.00,87.02,26.20,895,77881.00
424,424,,*MANUAL*,46,1420,92,152.00,89.50,23.96,895,80103.00
425,425,,*MANUAL*,51,1368,98,175.00,84.62,33.86,895,75734.00
426,426,,*MANUAL*,47,1352,91,138.00,85.11,19.44,895,76177.00
427,427,,*MANUAL*,56,1243,105,160.00,98.49,24.46,895,88148.00
428,428,,*MANUAL*,51,1138,106,151.00,73.50,22.85,895,65779.00
429,429,,*MANUAL*,48,1107,99,160.00,83.99,23.44,895,75173.00
430,430,,*MANUAL*,43,1175,102,110.00,62.08,18.28,895,55563.00
431,431,,*MANUAL*,54,1063,104,157.00,85.18,25.06,895,76236.00
432,432,,*MANUAL*,50,986,103,158.00,86.69,25.28,1365,118336.00
433,433,,*MANUAL*,58,944,106,192.00,89.17,35.33,1365,121720.00
434,434,,*MANUAL*,57,877,101,169.00,93.15,29.12,1365,127146.00
435,435,,*MANUAL*,59,825,105,191.00,109.50,35.34,895,98004.00
436,436,,*MANUAL*,58,737,103,191.00,94.19,39.12,895,84299.00
437,437,,*MANUAL*,59,663,102,185.00,118.11,27.07,895,105712.00
438,438,,*MANUAL*,62,601,98,171.00,110.71,26.22,895,99083.00
439,439,,*MANUAL*,64,520,99,182.00,97.97,33.80,895,87683.00
440,440,,*MANUAL*,64,449,97,130.00,57.53,24.44,895,51490.00
441,441,,*MANUAL*,62,318,95,133.00,81.29,16.52,895,72755.00
442,442,,*MANUAL*,67,457,46,194.00,121.69,28.51,895,108912.00
443,443,,*MANUAL*,67,478,47,179.00,113.53,26.80,895,101611.00
444,444,,*MANUAL*,68,506,47,197.00,117.26,41.10,895,104950.00
445,445,,*MANUAL*,68,587,41,229.00,125.92,38.69,895,112700.00
446,446,,*MANUAL*,67,621,43,205.00,131.67,35.89,895,117847.00
447,447,,*MANUAL*,65,647,45,243.00,142.94,31.78,895,127928.00
448,448,,*MANUAL*,65,735,40,221.00,139.15,41.44,895,124537.00
449,449,,*MANUAL*,65,776,41,223.00,139.21,31.68,895,124591.00
450,450,,*MANUAL*,65,830,36,225.00,143.93,35.78,895,128818.00
451,451,,*MANUAL*,65,849,35,216.00,143.98,26.05,895,128862.00
452,452,,*MANUAL*,66,935,33,178.00,100.21,34.94,895,89685.00
453,453,,*MANUAL*,65,969,35,216.00,129.65,35.31,895,116035.00
454,454,,*MANUAL*,65,1006,35,205.00,122.51,30.11,895,109645.00
455,455,,*MANUAL*,66,1051,34,199.00,105.04,38.96,895,94009.00
456,456,,*MANUAL*,65,1090,30,165.00,113.87,18.97,895,101912.00
457,457,,*MANUAL*,55,773,57,143.00,84.86,23.79,895,75948.00
458,458,,*MANUAL*,59,745,57,124.00,60.63,22.74,2103,127515.00
459,459,,*MANUAL*,69,709,56,171.00,62.32,26.51,2103,131062.00
460,460,,*MANUAL*,69,679,52,147.00,82.24,26.68,1365,112261.00
461,461,,*MANUAL*,39,1474,64,133.00,86.04,19.43,895,77002.00
462,462,,*MANUAL*,39,1356,59,102.00,51.81,16.35,895,46372.00
463,463,,*MANUAL*,37,1188,66,101.00,60.53,15.99,895,54174.00
464,464,,*MANUAL*,38,1195,86,123.00,57.71,20.31,1365,78772.00
465,465,,*MANUAL*,38,1127,69,125.00,57.64,23.71,2103,121225.00
466,466,,*MANUAL*,38,1095,57,83.00,37.07,16.07,2103,77955.00
467,467,,*MANUAL*,38,1082,76,98.00,40.09,16.41,2103,84303.00
468,468,,*MANUAL*,41,1062,60,200.00,101.55,39.97,895,90885.00
469,469,,*MANUAL*,48,857,91,186.00,95.05,40.21,895,85069.00
470,470,,*MANUAL*,47,776,75,180.00,115.16,23.57,895,103072.00
471,471,,*MANUAL*,47,710,61,214.00,131.94,34.26,895,118083.00
472,472,,*MANUAL*,40,1033,66,112.00,53.82,17.87,2103,113193.00
473,473,,*MANUAL*,43,925,61,94.00,42.32,17.14,2103,88998.00
474,474,,*MANUAL*,42,813,66,117.00,49.50,22.77,2103,104088.00
475,475,,*MANUAL*,42,667,68,127.00,50.46,23.96,2103,106123.00
476,476,,*MANUAL*,49,587,64,141.00,72.62,27.74,1365,99123.00
477,477,,*MANUAL*,49,536,70,119.00,46.44,23.38,2103,97656.00
478,478,,*MANUAL*,48,454,71,90.00,41.75,15.72,2103,87803.00
479,479,,*MANUAL*,40,966,85,83.00,29.36,14.56,2969,87160.00
480,480,,*MANUAL*,44,842,82,104.00,35.16,18.74,2103,73945.00
481,481,,*MANUAL*,43,742,85,105.00,40.92,15.55,2103,86055.00
482,482,,*MANUAL*,44,623,90,95.00,35.53,18.62,1365,48493.00
483,483,,*MANUAL*,52,498,91,95.00,41.45,17.32,2103,87176.00
484,484,,*MANUAL*,50,347,89,66.00,28.08,11.36,2103,59060.00
485,485,,*MANUAL*,42,975,53,136.00,69.07,21.37,1365,94277.00
486,486,,*MANUAL*,43,869,57,121.00,65.87,23.58,1365,89906.00
487,487,,*MANUAL*,43,779,57,123.00,74.76,23.89,1365,102044.00
488,488,,*MANUAL*,43,630,60,135.00,71.38,27.57,1365,97429.00
489,489,,*MANUAL*,49,399,59,130.00,78.60,20.99,895,70350.00
490,490,,*MANUAL*,48,366,66,108.00,56.38,17.89,1309,73801.00
491,491,,*MANUAL*,49,501,69,115.00,63.01,18.29,1365,86012.00
492,492,,*MANUAL*,48,1034,45,205.00,126.17,37.43,895,112923.00
493,493,,*MANUAL*,48,1005,48,175.00,116.88,26.71,895,104611.00
494,494,,*MANUAL*,58,590,75,107.00,34.51,18.91,2103,72566.00
495,495,,*MANUAL*,89,1470,62,178.00,105.66,32.35,895,94570.00
496,496,,*MANUAL*,88,1353,60,170.00,100.28,31.10,895,89751.00
497,497,,*MANUAL*,91,1149,64,137.00,65.56,22.92,895,58676.00
498,498,,*MANUAL*,90,1157,84,158.00,68.95,31.26,1989,137145.00
499,499,,*MANUAL*,91,1101,71,133.00,55.48,19.38,2103,116673.00
500,500,,*MANUAL*,91,1083,58,106.00,46.58,20.49,2103,97950.00
501,501,,*MANUAL*,87,1050,67,235.00,147.37,46.14,895,131897.00
502,502,,*MANUAL*,86,851,91,220.00,137.17,40.35,895,122763.00
503,503,,*MANUAL*,88,745,71,209.00,122.25,31.21,837,102325.00
504,504,,*MANUAL*,86,708,53,242.00,121.50,61.14,895,108740.00
505,505,,*MANUAL*,89,1021,65,139.00,75.73,24.04,1365,103366.00
506,506,,*MANUAL*,89,944,58,126.00,57.30,22.93,2103,120495.00
507,507,,*MANUAL*,89,805,61,131.00,54.61,25.81,2103,114844.00
508,508,,*MANUAL*,86,675,60,165.00,73.17,35.01,1365,99877.00
509,509,,*MANUAL*,85,627,60,167.00,76.28,34.55,1365,104120.00
510,510,,*MANUAL*,87,524,67,107.00,58.44,20.35,1365,79766.00
511,511,,*MANUAL*,89,592,64,164.00,70.22,25.94,2103,147675.00
512,512,,*MANUAL*,87,440,67,124.00,59.66,24.02,1365,81431.00
513,513,,*MANUAL*,88,1017,87,105.00,35.86,16.48,2969,106474.00
514,514,,*MANUAL*,88,880,80,122.00,43.49,23.01,2103,91457.00
515,515,,*MANUAL*,88,786,84,135.00,51.06,26.59,2969,151611.00
516,516,,*MANUAL*,86,648,85,102.00,33.37,22.63,2969,99074.00
517,517,,*MANUAL*,88,499,80,126.00,41.81,22.35,2103,87935.00
518,518,,*MANUAL*,81,350,89,90.00,30.47,13.08,1365,41596.00
519,519,,*MANUAL*,88,982,52,157.00,96.54,24.62,895,86406.00
520,520,,*MANUAL*,88,872,51,161.00,90.88,28.55,1365,124050.00
521,521,,*MANUAL*,87,748,52,175.00,84.39,36.92,1365,115196.00
522,522,,*MANUAL*,86,496,57,128.00,74.67,21.92,895,66829.00
523,523,,*MANUAL*,81,369,60,144.00,75.95,24.59,879,66763.00
524,524,,*MANUAL*,76,1060,47,93.00,45.50,14.51,2103,95677.00
525,525,,*MANUAL*,53,1058,47,101.00,43.81,15.25,2103,92124.00
526,526,,*MANUAL*,51,1067,90,90.00,43.11,15.15,1365,58841.00
527,527,,*MANUAL*,77,1058,90,107.00,43.86,20.13,2103,92228.00
528,528,,*MANUAL*,75,1009,48,71.00,36.35,10.29,2103,76445.00
529,529,,*MANUAL*,65,945,52,56.00,24.33,10.53,2103,51158.00
530,530,,*MANUAL*,66,843,53,55.00,26.66,11.60,2969,79139.00
531,531,,*MANUAL*,77,750,71,138.00,35.78,16.15,2969,106222.00
532,532,,*MANUAL*,58,674,72,56.00,23.70, 7.72,2103,49850.00
533,533,,*MANUAL*,70,544,56,86.00,34.68,15.15,2103,72925.00
534,534,,*MANUAL*,71,456,61,63.00,34.74,10.95,895,31090.00
535,535,,*MANUAL*,61,391,63,78.00,44.93, 9.67,895,40213.00
536,536,,*MANUAL*,59,1008,95,57.00,29.02, 9.36,2103,61038.00
537,537,,*MANUAL*,70,944,95,66.00,30.39,11.31,2969,90234.00
538,538,,*MANUAL*,70,878,85,74.00,25.84,12.32,2103,54349.00
539,539,,*MANUAL*,61,788,93,68.00,29.45,12.16,4139,121888.00
540,540,,*MANUAL*,72,640,87,66.00,30.51,12.40,2103,64170.00
541,541,,*MANUAL*,71,538,86,78.00,29.66,11.99,2103,62380.00
542,542,,*MANUAL*,66,436,89,58.00,28.23, 9.68,895,25266.00
543,543,,*MANUAL*,75,393,82,82.00,38.44,12.46,895,34401.00
544,544,,*MANUAL*,51,343,74,146.00,101.71,18.54,895,91031.00
545,545,,*MANUAL*,55,359,61,197.00,119.14,29.41,895,106634.00
546,546,,*MANUAL*,55,341,60,166.00,107.12,31.14,895,95876.00
547,547,,*MANUAL*,58,378,54,158.00,109.40,20.16,895,97914.00
548,548,,*MANUAL*,58,357,80,151.00,102.67,21.76,895,91890.00
549,549,,*MANUAL*,74,359,80,158.00,94.20,25.32,895,84311.00
550,550,,*MANUAL*,78,368,70,185.00,117.84,34.52,895,105467.00
551,551,,*MANUAL*,78,345,74,187.00,111.44,28.41,895,99736.00
552,552,,*MANUAL*,72,370,55,201.00,138.15,21.78,895,123646.00
553,553,,*MANUAL*,73,348,56,218.00,117.82,38.88,851,100269.00
554,554,,*MANUAL*,66,354,61,211.00,157.03,22.92,895,140543.00
555,555,,*MANUAL*,66,337,64,183.00,119.71,28.05,895,107140.00
556,556,,*MANUAL*,66,319,53,157.00,90.55,22.38,895,81039.00
557,557,,*MANUAL*,67,338,93,171.00,112.65,27.20,895,100820.00
558,558,,*MANUAL*,67,323,79,196.00,126.50,28.53,895,113219.00
559,559,,*MANUAL*,67,300,65,155.00,103.24,17.74,895,92396.00
560,560,,*MANUAL*,67,305,80,159.00,106.19,19.59,895,95038.00
561,561,,*MANUAL*,67,284,74,164.00,119.00,17.93,895,106501.00
562,562,,*MANUAL*,63,288,92,159.00,99.41,25.04,895,88971.00
563,563,,*MANUAL*,56,331,89,172.00,100.05,28.93,895,89545.00
564,564,,*MANUAL*,53,325,72,135.00,91.45,19.44,895,81849.00
565,565,,*MANUAL*,53,311,76,169.00,112.02,24.43,895,100255.00
566,566,,*MANUAL*,53,308,65,139.00,90.47,23.22,895,80970.00
567,567,,*MANUAL*,54,299,78,199.00,115.17,38.72,895,103081.00
568,568,,*MANUAL*,53,287,74,184.00,115.22,28.12,895,103122.00
569,569,,*MANUAL*,58,275,84,201.00,124.58,35.08,884,110130.00
570,570,,*MANUAL*,57,265,80,174.00,102.96,30.89,895,92153.00
571,571,,*MANUAL*,59,252,71,168.00,97.51,33.67,895,87271.00
572,572,,*MANUAL*,79,324,76,186.00,121.41,26.71,895,108662.00
573,573,,*MANUAL*,80,308,78,180.00,122.48,30.92,895,109620.00
574,574,,*MANUAL*,79,309,65,185.00,101.04,40.01,895,90428.00
575,575,,*MANUAL*,78,296,84,228.00,127.75,53.03,895,114332.00
576,576,,*MANUAL*,78,287,75,178.00,117.45,24.97,895,105114.00
577,577,,*MANUAL*,71,279,86,183.00,124.93,26.86,895,111809.00
578,578,,*MANUAL*,71,267,79,209.00,132.58,30.78,895,118657.00
579,579,,*MANUAL*,71,251,71,173.00,119.02,23.15,895,106525.00
580,580,,*MANUAL*,71,225,75,98.00,47.39,16.79,895,42415.00
581,581,,*MANUAL*,59,230,75,100.00,51.65,18.01,1365,70509.00
582,582,,*MANUAL*,60,211,76,157.00,95.58,34.13,895,85542.00
583,583,,*MANUAL*,63,217,60,119.00,49.22,26.54,895,44056.00
584,584,,*MANUAL*,62,193,67,175.00,92.76,30.48,895,83023.00
585,585,,*MANUAL*,62,173,65,146.00,89.58,22.35,895,80174.00
586,586,,*MANUAL*,66,173,77,147.00,91.47,22.53,895,81862.00
587,587,,*MANUAL*,62,140,66,149.00,72.25,35.09,895,64666.00
588,588,,*MANUAL*,62,119,69,164.00,103.52,30.82,895,92649.00
589,589,,*MANUAL*,61,91,66,144.00,75.47,32.61,895,67547.00
590,590,,*MANUAL*,65,1114,79,212.00,120.15,41.37,895,107534.00
591,591,,*MANUAL*,65,1122,90,169.00,108.86,24.80,895,97431.00
592,592,,*MANUAL*,68,1122,49,165.00,89.07,35.18,861,76689.00
593,593,,*MANUAL*,50,1125,71,185.00,117.69,27.27,895,105332.00
594,594,,*MANUAL*,79,1125,80,239.00,119.60,55.70,895,107038.00
595,595,,*MANUAL*,67,1137,55,183.00,112.13,29.74,847,94978.00
596,596,,*MANUAL*,64,1131,48,225.00,134.69,40.93,895,120547.00
597,597,,*MANUAL*,55,1139,88,130.00,75.77,19.83,1365,103421.00
598,598,,*MANUAL*,77,1148,55,214.00,121.33,34.04,895,108590.00
599,599,,*MANUAL*,58,1146,51,236.00,122.76,43.65,895,109870.00
600,600,,*MANUAL*,77,1151,93,244.00,162.45,32.86,895,145396.00
601,601,,*MANUAL*,65,1157,49,187.00,109.08,20.95,895,97627.00
602,602,,*MANUAL*,48,1157,82,134.00,86.75,16.30,895,77645.00
603,603,,*MANUAL*,81,1156,82,197.00,135.59,29.16,895,121350.00
604,604,,*MANUAL*,51,1156,60,147.00,86.82,18.88,895,77702.00
605,605,,*MANUAL*,80,1158,63,156.00,89.18,23.53,895,79817.00
606,606,,*MANUAL*,65,1157,100,143.00,95.42,23.12,895,85404.00
607,607,,*MANUAL*,65,1180,100,186.00,122.71,18.13,895,109822.00
608,608,,*MANUAL*,51,1178,65,131.00,84.39,18.07,895,75526.00
609,609,,*MANUAL*,78,1181,65,149.00,92.21,22.15,895,82532.00
610,610,,*MANUAL*,54,1179,94,180.00,124.61,25.27,895,111525.00
611,611,,*MANUAL*,77,1179,96,222.00,144.97,35.15,895,129747.00
612,612,,*MANUAL*,65,1191,54,188.00,125.35,22.93,895,112190.00
613,613,,*MANUAL*,67,1201,100,210.00,145.23,31.13,895,129983.00
614,614,,*MANUAL*,51,1194,86,155.00,100.71,18.60,895,90137.00
615,615,,*MANUAL*,77,1194,83,217.00,125.24,30.71,895,112090.00
616,616,,*MANUAL*,77,1200,68,244.00,142.61,44.14,895,127633.00
617,617,,*MANUAL*,53,1201,68,227.00,144.74,38.71,895,129545.00
618,618,,*MANUAL*,61,1204,60,191.00,138.17,22.82,485,67013.00
619,619,,*MANUAL*,70,1204,59,196.00,141.05,22.46,485,68407.00
620,620,,*MANUAL*,53,1211,77,180.00,106.39,25.55,895,95216.00
621,621,,*MANUAL*,76,1211,75,204.00,134.71,28.77,895,120568.00
622,622,,*MANUAL*,60,1211,90,180.00,111.98,22.76,895,100219.00
623,623,,*MANUAL*,73,1211,93,202.00,137.71,19.81,895,123254.00
624,624,,*MANUAL*,67,1222,62,151.00,97.61,20.77,895,87364.00
625,625,,*MANUAL*,57,1222,79,172.00,86.55,24.47,895,77461.00
626,626,,*MANUAL*,71,1226,78,170.00,114.21,24.42,895,102219.00
627,627,,*MANUAL*,75,1384,53,241.00,143.53,48.10,895,128460.00
628,628,,*MANUAL*,58,1384,53,192.00,116.22,32.58,895,104014.00
629,629,,*MANUAL*,67,1367,67,159.00,87.05,28.09,895,77913.00
630,630,,*MANUAL*,65,1404,84,231.00,136.48,38.62,895,122148.00
631,631,,*MANUAL*,56,1414,53,172.00,110.52,21.76,895,98913.00
632,632,,*MANUAL*,78,1414,53,240.00,145.27,42.91,895,130020.00
633,633,,*MANUAL*,62,1429,44,173.00,102.11,29.40,485,49522.00
634,634,,*MANUAL*,74,1429,42,168.00,106.61,26.19,485,51704.00
635,635,,*MANUAL*,54,1426,66,191.00,116.15,31.70,895,103950.00
636,636,,*MANUAL*,80,1426,68,208.00,135.06,33.17,895,120877.00
637,637,,*MANUAL*,59,1417,84,219.00,151.88,22.19,483,73360.00
638,638,,*MANUAL*,72,1421,84,236.00,164.88,26.58,455,75019.00
639,639,,*MANUAL*,66,1421,89,243.00,185.19,27.31,485,89816.00
640,640,,*MANUAL*,53,1442,54,243.00,160.85,30.38,797,128196.00
641,641,,*MANUAL*,59,1441,59,247.00,150.95,44.67,895,135101.00
642,642,,*MANUAL*,74,1437,60,249.00,162.14,37.15,803,130195.00
643,643,,*MANUAL*,80,1433,55,254.00,185.63,46.04,895,166135.00
644,644,,*MANUAL*,77,1440,78,207.00,138.73,19.91,651,90315.00
645,645,,*MANUAL*,53,1441,76,185.00,116.03,25.34,879,101993.00
646,646,,*MANUAL*,67,1448,49,240.00,142.61,40.47,658,93838.00
647,647,,*MANUAL*,75,1450,51,252.00,167.87,50.77,895,150241.00
648,648,,*MANUAL*,62,1454,48,228.00,149.74,33.67,895,134018.00
649,649,,*MANUAL*,55,1451,67,233.00,150.47,44.18,895,134668.00
650,650,,*MANUAL*,77,1448,68,240.00,143.04,40.09,895,128019.00
651,651,,*MANUAL*,72,1444,83,252.00,180.46,37.66,895,161515.00
652,652,,*MANUAL*,60,1443,84,243.00,161.61,48.98,895,144641.00
653,653,,*MANUAL*,56,1470,58,199.00,127.79,27.72,895,114369.00
654,654,,*MANUAL*,75,1470,59,229.00,134.23,43.13,895,120132.00
655,655,,*MANUAL*,74,1598,60,216.00,93.64,50.19,895,83812.00
656,656,,*MANUAL*,76,1564,59,242.00,135.35,58.44,895,121137.00
657,657,,*MANUAL*,77,1551,55,197.00,108.07,42.34,895,96721.00
658,658,,*MANUAL*,77,1529,56,238.00,140.21,50.10,813,113993.00
659,659,,*MANUAL*,77,1497,55,186.00,122.89,31.46,895,109989.00
660,660,,*MANUAL*,76,1484,64,144.00,94.57,18.28,895,84643.00
661,661,,*MANUAL*,71,1524,55,225.00,110.67,40.88,818,90529.00
662,662,,*MANUAL*,62,1528,55,178.00,88.79,25.39,871,77336.00
663,663,,*MANUAL*,56,1599,57,160.00,69.37,29.20,895,62084.00
664,664,,*MANUAL*,56,1570,60,204.00,125.77,39.35,895,112566.00
665,665,,*MANUAL*,56,1555,60,214.00,133.73,42.85,843,112738.00
666,666,,*MANUAL*,53,1531,59,220.00,136.81,39.72,895,122443.00
667,667,,*MANUAL*,54,1500,55,173.00,88.20,33.90,895,78943.00
668,668,,*MANUAL*,53,1489,64,162.00,83.29,26.27,895,74546.00
669,669,,*MANUAL*,65,1599,82,187.00,90.77,34.07,895,81236.00
670,670,,*MANUAL*,65,1574,88,246.00,140.21,47.46,895,125492.00
671,671,,*MANUAL*,65,1545,88,223.00,127.32,39.75,895,113954.00
672,672,,*MANUAL*,65,1519,85,209.00,129.72,35.05,853,110648.00
673,673,,*MANUAL*,65,1460,87,154.00,78.53,30.07,895,70280.00
674,674,,*MANUAL*,68,1517,77,143.00,59.32,27.20,895,53090.00
675,675,,*MANUAL*,61,1479,80,120.00,60.49,19.16,895,54135.00
676,676,,*MANUAL*,73,325,90,176.00,99.42,26.93,895,88980.00
677,677,f1,*MANUAL*,64,1629,69, 6.00, 0.91, 0.92,895,813.00
678,678,f2,*MANUAL*,63,1556,64,109.00,18.66,15.64,895,16704.00
679,679,f3,*MANUAL*,63,1497,64,114.00,40.48,22.09,895,36227.00
680,680,f4,*MANUAL*,64,1392,63,31.00,14.71, 3.95,895,13161.00
681,681,f5,*MANUAL*,64,1301,64,38.00,15.55, 3.68,895,13914.00
682,682,f6,*MANUAL*,64,1249,65,18.00,10.56, 2.28,895,9451.00
683,683,f7,*MANUAL*,64,1163,67,36.00,11.43, 4.27,895,10234.00
684,684,f8,*MANUAL*,64,1087,64,11.00, 4.47, 1.84,895,3998.00
685,685,f9,*MANUAL*,64,992,59,10.00, 2.42, 1.60,895,2163.00
686,686,f10,*MANUAL*,63,489,72,13.00, 2.42, 1.82,895,2165.00
