0,0,*NOUSE*,*NOUSE*,0,0,0,0,0,0,0,0
1,1,,,35,1402,65,185.00,57.21,38.45,4486,256630
2,2,*NOUSE*,*NOUSE*,0,0,0,0,0,0,0,0
3,3,*NOUSE*,*NOUSE*,0,0,0,0,0,0,0,0
4,4,*NOUSE*,*NOUSE*,0,0,0,0,0,0,0,0
5,5,,,35,1185,80,188.00,58.78,35.73,3845,225998
6,6,*NOUSE*,*NOUSE*,0,0,0,0,0,0,0,0
7,7,,,35,1226,80,177.00,52.97,32.11,4293,227413
8,8,*NOUSE*,*NOUSE*,0,0,0,0,0,0,0,0
9,9,*NOUSE*,*NOUSE*,0,0,0,0,0,0,0,0
10,10,,,37,1205,62,180.00,51.65,26.78,4706,243078
11,11,,,36,1244,70,132.00,48.13,25.17,4728,227548
12,12,*NOUSE*,*NOUSE*,0,0,0,0,0,0,0,0
13,13,*NOUSE*,*NOUSE*,0,0,0,0,0,0,0,0
14,14,*NOUSE*,*NOUSE*,0,0,0,0,0,0,0,0
15,15,,,38,1158,76,157.00,56.50,31.65,3572,201825
16,16,,,36,1210,79,137.00,49.34,25.01,4309,212621
17,17,,,36,1127,85,133.00,45.27,26.91,4539,205488
18,18,,,37,1145,85,156.00,47.22,30.12,4239,200183
19,19,*NOUSE*,*NOUSE*,0,0,0,0,0,0,0,0
20,20,,,37,1363,56,139.00,50.08,29.36,4175,209074
21,21,,,37,1426,63,131.00,42.18,23.71,5468,230645
22,22,*NOUSE*,*NOUSE*,0,0,0,0,0,0,0,0
23,23,*NOUSE*,*NOUSE*,0,0,0,0,0,0,0,0
24,24,*NOUSE*,*NOUSE*,0,0,0,0,0,0,0,0
25,25,,,39,1284,54,162.00,50.66,29.65,4495,227703
26,26,,,39,1164,61,161.00,57.20,32.21,3841,219693
27,27,*NOUSE*,*NOUSE*,0,0,0,0,0,0,0,0
28,28,,,38,1227,63,154.00,54.10,27.43,4148,224405
29,29,,,38,1363,70,185.00,63.25,42.62,3914,247559
30,30,*NOUSE*,*NOUSE*,0,0,0,0,0,0,0,0
31,31,,,39,1276,73,167.00,57.79,33.31,3858,222962
32,32,,,38,1094,79,158.00,44.08,31.41,4503,198487
33,33,,,37,856,84,99.00,30.71,15.59,5347,164199
34,34,*NOUSE*,*NOUSE*,0,0,0,0,0,0,0,0
35,35,*NOUSE*,*NOUSE*,0,0,0,0,0,0,0,0
36,36,,,36,842,61,68.00,22.37, 9.54,3951,88381
37,37,*NOUSE*,*NOUSE*,0,0,0,0,0,0,0,0
38,38,*NOUSE*,*NOUSE*,0,0,0,0,0,0,0,0
39,39,*NOUSE*,*NOUSE*,0,0,0,0,0,0,0,0
40,40,,,41,1349,68,181.00,58.77,35.95,3678,216169
41,41,,,38,955,78,94.00,30.44,15.91,5147,156649
42,42,*NOUSE*,*NOUSE*,0,0,0,0,0,0,0,0
43,43,*NOUSE*,*NOUSE*,0,0,0,0,0,0,0,0
44,44,*NOUSE*,*NOUSE*,0,0,0,0,0,0,0,0
45,45,*NOUSE*,*NOUSE*,0,0,0,0,0,0,0,0
46,46,,,40,1265,57,165.00,61.52,34.10,3855,237163
47,47,*NOUSE*,*NOUSE*,0,0,0,0,0,0,0,0
48,48,,,39,1024,63,142.00,40.47,27.51,4101,165978
49,49,,,40,1475,68,182.00,48.81,34.34,4821,235336
50,50,*NOUSE*,*NOUSE*,0,0,0,0,0,0,0,0
51,51,*NOUSE*,*NOUSE*,0,0,0,0,0,0,0,0
52,52,,,39,796,77,79.00,26.39,12.09,5185,136840
53,53,*NOUSE*,*NOUSE*,0,0,0,0,0,0,0,0
54,54,*NOUSE*,*NOUSE*,0,0,0,0,0,0,0,0
55,55,,,42,1459,57,161.00,48.65,31.46,4535,220631
56,56,,,42,1443,73,192.00,54.29,36.04,4613,250442
57,57,,,41,1335,75,188.00,59.16,37.03,4260,252008
58,58,*NOUSE*,*NOUSE*,0,0,0,0,0,0,0,0
59,59,,,42,730,71,109.00,32.62,18.56,5114,166819
60,60,*NOUSE*,*NOUSE*,0,0,0,0,0,0,0,0
61,61,,,41,1412,76,212.00,67.54,42.98,3726,251657
62,62,*NOUSE*,*NOUSE*,0,0,0,0,0,0,0,0
63,63,*NOUSE*,*NOUSE*,0,0,0,0,0,0,0,0
64,64,*NOUSE*,*NOUSE*,0,0,0,0,0,0,0,0
65,65,,,42,1412,50,168.00,58.74,37.40,3532,207455
66,66,*NOUSE*,*NOUSE*,0,0,0,0,0,0,0,0
67,67,,,40,1298,75,138.00,45.02,25.12,3868,174137
68,68,,,43,1428,77,198.00,66.36,39.45,3670,243553
69,69,*NOUSE*,*NOUSE*,0,0,0,0,0,0,0,0
70,70,*NOUSE*,*NOUSE*,0,0,0,0,0,0,0,0
71,71,*NOUSE*,*NOUSE*,0,0,0,0,0,0,0,0
72,72,*NOUSE*,*NOUSE*,0,0,0,0,0,0,0,0
73,73,*NOUSE*,*NOUSE*,0,0,0,0,0,0,0,0
74,74,*NOUSE*,*NOUSE*,0,0,0,0,0,0,0,0
75,75,,,44,1443,53,150.00,50.78,32.19,4200,213270
76,76,*NOUSE*,*NOUSE*,0,0,0,0,0,0,0,0
77,77,*NOUSE*,*NOUSE*,0,0,0,0,0,0,0,0
78,78,*NOUSE*,*NOUSE*,0,0,0,0,0,0,0,0
79,79,,,42,570,73,69.00,23.90,10.81,5386,128723
80,80,*NOUSE*,*NOUSE*,0,0,0,0,0,0,0,0
81,81,*NOUSE*,*NOUSE*,0,0,0,0,0,0,0,0
82,82,*NOUSE*,*NOUSE*,0,0,0,0,0,0,0,0
83,83,*NOUSE*,*NOUSE*,0,0,0,0,0,0,0,0
84,84,,,45,1195,74,150.00,67.40,29.58,3162,213121
85,85,*NOUSE*,*NOUSE*,0,0,0,0,0,0,0,0
86,86,*NOUSE*,*NOUSE*,0,0,0,0,0,0,0,0
87,87,*NOUSE*,*NOUSE*,0,0,0,0,0,0,0,0
88,88,,,43,1234,86,201.00,77.95,36.07,2686,209384
89,89,,,44,1165,92,155.00,65.18,34.23,3261,212560
90,90,*NOUSE*,*NOUSE*,0,0,0,0,0,0,0,0
91,91,*NOUSE*,*NOUSE*,0,0,0,0,0,0,0,0
92,92,,,44,1118,102,152.00,48.97,31.26,4338,212438
93,93,*NOUSE*,*NOUSE*,0,0,0,0,0,0,0,0
94,94,,,50,1114,48,202.00,66.97,41.78,4197,281066
95,95,,,45,1223,50,212.00,66.66,36.07,3939,262566
96,96,*NOUSE*,*NOUSE*,0,0,0,0,0,0,0,0
97,97,,,43,1531,66,120.00,35.87,20.36,6111,219202
98,98,*NOUSE*,*NOUSE*,0,0,0,0,0,0,0,0
99,99,*NOUSE*,*NOUSE*,0,0,0,0,0,0,0,0
100,100,*NOUSE*,*NOUSE*,0,0,0,0,0,0,0,0
101,101,*NOUSE*,*NOUSE*,0,0,0,0,0,0,0,0
102,102,*NOUSE*,*NOUSE*,0,0,0,0,0,0,0,0
103,103,,,45,923,91,120.00,38.70,24.83,4796,185619
104,104,*NOUSE*,*NOUSE*,0,0,0,0,0,0,0,0
105,105,,,43,1372,89,113.00,47.82,21.33,2237,106971
106,106,*NOUSE*,*NOUSE*,0,0,0,0,0,0,0,0
107,107,,,47,1260,46,194.00,77.67,39.26,3774,293120
108,108,,,45,1085,60,149.00,44.59,29.17,4683,208838
109,109,*NOUSE*,*NOUSE*,0,0,0,0,0,0,0,0
110,110,,,44,443,66,60.00,21.43, 8.66,4377,93783
111,111,*NOUSE*,*NOUSE*,0,0,0,0,0,0,0,0
112,112,*NOUSE*,*NOUSE*,0,0,0,0,0,0,0,0
113,113,*NOUSE*,*NOUSE*,0,0,0,0,0,0,0,0
114,114,*NOUSE*,*NOUSE*,0,0,0,0,0,0,0,0
115,115,,,45,1489,83,142.00,48.69,27.00,2195,106865
116,116,*NOUSE*,*NOUSE*,0,0,0,0,0,0,0,0
117,117,,,45,1239,99,169.00,66.65,35.05,2503,166818
118,118,,,47,926,31,121.00,38.04,23.70,4646,176736
119,119,,,48,1313,46,207.00,67.73,38.08,3899,264069
120,120,*NOUSE*,*NOUSE*,0,0,0,0,0,0,0,0
121,121,,,47,1428,47,191.00,58.35,37.49,4261,248639
122,122,*NOUSE*,*NOUSE*,0,0,0,0,0,0,0,0
123,123,*NOUSE*,*NOUSE*,0,0,0,0,0,0,0,0
124,124,,,47,333,73,93.00,33.52,17.02,4447,149070
125,125,*NOUSE*,*NOUSE*,0,0,0,0,0,0,0,0
126,126,,,46,1348,82,200.00,70.51,39.48,3149,222036
127,127,*NOUSE*,*NOUSE*,0,0,0,0,0,0,0,0
128,128,*NOUSE*,*NOUSE*,0,0,0,0,0,0,0,0
129,129,*NOUSE*,*NOUSE*,0,0,0,0,0,0,0,0
130,130,*NOUSE*,*NOUSE*,0,0,0,0,0,0,0,0
131,131,*NOUSE*,*NOUSE*,0,0,0,0,0,0,0,0
132,132,*NOUSE*,*NOUSE*,0,0,0,0,0,0,0,0
133,133,*NOUSE*,*NOUSE*,0,0,0,0,0,0,0,0
134,134,,,46,1488,54,131.00,43.18,22.69,5015,216546
135,135,,,50,388,78,106.00,33.06,17.67,4747,156940
136,136,,,48,482,75,88.00,26.46,12.56,5526,146221
137,137,*NOUSE*,*NOUSE*,0,0,0,0,0,0,0,0
138,138,,,46,1464,87,144.00,54.90,29.09,2368,130009
139,139,*NOUSE*,*NOUSE*,0,0,0,0,0,0,0,0
140,140,,,47,1052,100,135.00,41.88,25.50,4902,205314
141,141,*NOUSE*,*NOUSE*,0,0,0,0,0,0,0,0
142,142,*NOUSE*,*NOUSE*,0,0,0,0,0,0,0,0
143,143,,,49,1149,37,153.00,44.26,27.29,5452,241294
144,144,*NOUSE*,*NOUSE*,0,0,0,0,0,0,0,0
145,145,,,49,1093,37,134.00,42.61,27.13,5258,224040
146,146,*NOUSE*,*NOUSE*,0,0,0,0,0,0,0,0
147,147,*NOUSE*,*NOUSE*,0,0,0,0,0,0,0,0
148,148,,,49,1383,60,160.00,66.66,36.49,2758,183837
149,149,*NOUSE*,*NOUSE*,0,0,0,0,0,0,0,0
150,150,*NOUSE*,*NOUSE*,0,0,0,0,0,0,0,0
151,151,*NOUSE*,*NOUSE*,0,0,0,0,0,0,0,0
152,152,*NOUSE*,*NOUSE*,0,0,0,0,0,0,0,0
153,153,*NOUSE*,*NOUSE*,0,0,0,0,0,0,0,0
154,154,*NOUSE*,*NOUSE*,0,0,0,0,0,0,0,0
155,155,*NOUSE*,*NOUSE*,0,0,0,0,0,0,0,0
156,156,*NOUSE*,*NOUSE*,0,0,0,0,0,0,0,0
157,157,,,49,852,95,130.00,42.49,26.87,4700,199722
158,158,*NOUSE*,*NOUSE*,0,0,0,0,0,0,0,0
159,159,*NOUSE*,*NOUSE*,0,0,0,0,0,0,0,0
160,160,*NOUSE*,*NOUSE*,0,0,0,0,0,0,0,0
161,161,,,49,800,33,119.00,35.18,21.22,4280,150561
162,162,,,49,1465,45,133.00,54.16,28.73,2750,148948
163,163,*NOUSE*,*NOUSE*,0,0,0,0,0,0,0,0
164,164,,,49,351,70,106.00,34.29,17.53,4330,148484
165,165,,,51,295,71,122.00,40.77,22.83,4307,175596
166,166,,,50,1137,81,133.00,47.18,24.39,3625,171041
167,167,*NOUSE*,*NOUSE*,0,0,0,0,0,0,0,0
168,168,,,49,1329,86,199.00,79.34,39.37,3072,243725
169,169,*NOUSE*,*NOUSE*,0,0,0,0,0,0,0,0
170,170,*NOUSE*,*NOUSE*,0,0,0,0,0,0,0,0
171,171,*NOUSE*,*NOUSE*,0,0,0,0,0,0,0,0
172,172,*NOUSE*,*NOUSE*,0,0,0,0,0,0,0,0
173,173,,,50,1089,103,164.00,51.74,33.96,5001,258727
174,174,*NOUSE*,*NOUSE*,0,0,0,0,0,0,0,0
175,175,*NOUSE*,*NOUSE*,0,0,0,0,0,0,0,0
176,176,,,51,1014,41,100.00,27.36,12.40,6692,183099
177,177,,,49,1327,58,187.00,64.71,35.30,3442,222738
178,178,*NOUSE*,*NOUSE*,0,0,0,0,0,0,0,0
179,179,*NOUSE*,*NOUSE*,0,0,0,0,0,0,0,0
180,180,,,51,1154,62,163.00,54.24,29.64,3968,215233
181,181,*NOUSE*,*NOUSE*,0,0,0,0,0,0,0,0
182,182,*NOUSE*,*NOUSE*,0,0,0,0,0,0,0,0
183,183,,,49,1370,72,174.00,67.92,38.58,3356,227945
184,184,,,50,1237,73,169.00,63.90,35.95,3699,236365
185,185,*NOUSE*,*NOUSE*,0,0,0,0,0,0,0,0
186,186,*NOUSE*,*NOUSE*,0,0,0,0,0,0,0,0
187,187,*NOUSE*,*NOUSE*,0,0,0,0,0,0,0,0
188,188,*NOUSE*,*NOUSE*,0,0,0,0,0,0,0,0
189,189,*NOUSE*,*NOUSE*,0,0,0,0,0,0,0,0
190,190,*NOUSE*,*NOUSE*,0,0,0,0,0,0,0,0
191,191,*NOUSE*,*NOUSE*,0,0,0,0,0,0,0,0
192,192,*NOUSE*,*NOUSE*,0,0,0,0,0,0,0,0
193,193,*NOUSE*,*NOUSE*,0,0,0,0,0,0,0,0
194,194,,,51,689,44,124.00,34.05,20.69,3773,128452
195,195,*NOUSE*,*NOUSE*,0,0,0,0,0,0,0,0
196,196,,,54,534,45,90.00,30.47,17.44,4406,134234
197,197,,,52,1141,50,197.00,61.85,41.80,3988,246657
198,198,*NOUSE*,*NOUSE*,0,0,0,0,0,0,0,0
199,199,*NOUSE*,*NOUSE*,0,0,0,0,0,0,0,0
200,200,,,49,1260,68,190.00,73.26,36.14,3012,220648
201,201,,,52,1566,74,167.00,45.13,33.68,5327,240385
202,202,*NOUSE*,*NOUSE*,0,0,0,0,0,0,0,0
203,203,*NOUSE*,*NOUSE*,0,0,0,0,0,0,0,0
204,204,,,56,1076,88,155.00,48.23,32.08,4686,225990
205,205,*NOUSE*,*NOUSE*,0,0,0,0,0,0,0,0
206,206,,,51,1159,84,196.00,86.22,42.01,2668,230039
207,207,*NOUSE*,*NOUSE*,0,0,0,0,0,0,0,0
208,208,*NOUSE*,*NOUSE*,0,0,0,0,0,0,0,0
209,209,*NOUSE*,*NOUSE*,0,0,0,0,0,0,0,0
210,210,*NOUSE*,*NOUSE*,0,0,0,0,0,0,0,0
211,211,*NOUSE*,*NOUSE*,0,0,0,0,0,0,0,0
212,212,,,53,753,36,114.00,36.17,22.55,4220,152651
213,213,,,53,1273,39,229.00,80.65,47.05,3794,305988
214,214,*NOUSE*,*NOUSE*,0,0,0,0,0,0,0,0
215,215,*NOUSE*,*NOUSE*,0,0,0,0,0,0,0,0
216,216,,,55,285,56,109.00,41.84,24.36,4511,188729
217,217,*NOUSE*,*NOUSE*,0,0,0,0,0,0,0,0
218,218,*NOUSE*,*NOUSE*,0,0,0,0,0,0,0,0
219,219,*NOUSE*,*NOUSE*,0,0,0,0,0,0,0,0
220,220,*NOUSE*,*NOUSE*,0,0,0,0,0,0,0,0
221,221,*NOUSE*,*NOUSE*,0,0,0,0,0,0,0,0
222,222,,,54,1102,91,212.00,62.31,42.36,3966,247135
223,223,*NOUSE*,*NOUSE*,0,0,0,0,0,0,0,0
224,224,*NOUSE*,*NOUSE*,0,0,0,0,0,0,0,0
225,225,*NOUSE*,*NOUSE*,0,0,0,0,0,0,0,0
226,226,*NOUSE*,*NOUSE*,0,0,0,0,0,0,0,0
227,227,*NOUSE*,*NOUSE*,0,0,0,0,0,0,0,0
228,228,*NOUSE*,*NOUSE*,0,0,0,0,0,0,0,0
229,229,*NOUSE*,*NOUSE*,0,0,0,0,0,0,0,0
230,230,*NOUSE*,*NOUSE*,0,0,0,0,0,0,0,0
231,231,*NOUSE*,*NOUSE*,0,0,0,0,0,0,0,0
232,232,*NOUSE*,*NOUSE*,0,0,0,0,0,0,0,0
233,233,*NOUSE*,*NOUSE*,0,0,0,0,0,0,0,0
234,234,*NOUSE*,*NOUSE*,0,0,0,0,0,0,0,0
235,235,,,58,1073,53,171.00,50.15,32.35,4720,236694
236,236,*NOUSE*,*NOUSE*,0,0,0,0,0,0,0,0
237,237,*NOUSE*,*NOUSE*,0,0,0,0,0,0,0,0
238,238,*NOUSE*,*NOUSE*,0,0,0,0,0,0,0,0
239,239,,,52,1426,69,188.00,69.24,43.19,3489,241580
240,240,,,50,1276,71,192.00,71.45,40.24,3281,234422
241,241,,,56,969,80,74.00,25.93,11.23,7145,185304
242,242,*NOUSE*,*NOUSE*,0,0,0,0,0,0,0,0
243,243,*NOUSE*,*NOUSE*,0,0,0,0,0,0,0,0
244,244,*NOUSE*,*NOUSE*,0,0,0,0,0,0,0,0
245,245,,,54,1304,94,218.00,62.66,38.38,3312,207533
246,246,*NOUSE*,*NOUSE*,0,0,0,0,0,0,0,0
247,247,*NOUSE*,*NOUSE*,0,0,0,0,0,0,0,0
248,248,,,56,1187,39,185.00,70.89,36.62,4397,311709
249,249,,,54,415,41,90.00,28.65,14.33,3371,96578
250,250,,,56,1253,58,218.00,70.77,40.17,3249,229934
251,251,,,56,271,62,126.00,41.69,26.00,4432,184762
252,252,,,54,718,67,60.00,20.38, 7.81,4837,98568
253,253,,,54,1343,72,210.00,70.59,43.92,3880,273877
254,254,*NOUSE*,*NOUSE*,0,0,0,0,0,0,0,0
255,255,,,56,1279,83,210.00,77.77,46.29,2827,219852
256,256,*NOUSE*,*NOUSE*,0,0,0,0,0,0,0,0
257,257,,,54,654,90,91.00,33.89,17.57,5134,173997
258,258,*NOUSE*,*NOUSE*,0,0,0,0,0,0,0,0
259,259,*NOUSE*,*NOUSE*,0,0,0,0,0,0,0,0
260,260,*NOUSE*,*NOUSE*,0,0,0,0,0,0,0,0
261,261,*NOUSE*,*NOUSE*,0,0,0,0,0,0,0,0
262,262,*NOUSE*,*NOUSE*,0,0,0,0,0,0,0,0
263,263,*NOUSE*,*NOUSE*,0,0,0,0,0,0,0,0
264,264,*NOUSE*,*NOUSE*,0,0,0,0,0,0,0,0
265,265,*NOUSE*,*NOUSE*,0,0,0,0,0,0,0,0
266,266,*NOUSE*,*NOUSE*,0,0,0,0,0,0,0,0
267,267,*NOUSE*,*NOUSE*,0,0,0,0,0,0,0,0
268,268,,,56,469,39,91.00,31.86,17.36,3219,102551
269,269,*NOUSE*,*NOUSE*,0,0,0,0,0,0,0,0
270,270,*NOUSE*,*NOUSE*,0,0,0,0,0,0,0,0
271,271,,,57,612,56,52.00,18.65, 6.73,3897,72660
272,272,*NOUSE*,*NOUSE*,0,0,0,0,0,0,0,0
273,273,*NOUSE*,*NOUSE*,0,0,0,0,0,0,0,0
274,274,*NOUSE*,*NOUSE*,0,0,0,0,0,0,0,0
275,275,,,61,1091,82,176.00,61.09,37.33,3775,230615
276,276,,,60,1086,94,211.00,73.36,45.82,3292,241515
277,277,,,57,733,96,121.00,38.86,24.12,4826,187554
278,278,*NOUSE*,*NOUSE*,0,0,0,0,0,0,0,0
279,279,*NOUSE*,*NOUSE*,0,0,0,0,0,0,0,0
280,280,*NOUSE*,*NOUSE*,0,0,0,0,0,0,0,0
281,281,,,59,1083,49,145.00,52.32,29.13,4489,234869
282,282,*NOUSE*,*NOUSE*,0,0,0,0,0,0,0,0
283,283,*NOUSE*,*NOUSE*,0,0,0,0,0,0,0,0
284,284,*NOUSE*,*NOUSE*,0,0,0,0,0,0,0,0
285,285,,,59,900,83,64.00,20.75, 8.45,8854,183716
286,286,*NOUSE*,*NOUSE*,0,0,0,0,0,0,0,0
287,287,*NOUSE*,*NOUSE*,0,0,0,0,0,0,0,0
288,288,*NOUSE*,*NOUSE*,0,0,0,0,0,0,0,0
289,289,,,57,1117,109,188.00,58.44,38.73,3941,230322
290,290,*NOUSE*,*NOUSE*,0,0,0,0,0,0,0,0
291,291,*NOUSE*,*NOUSE*,0,0,0,0,0,0,0,0
292,292,,,61,966,36,72.00,25.57,11.13,8370,214013
293,293,,,59,907,41,67.00,22.51, 9.22,6433,144786
294,294,,,60,1214,45,151.00,59.51,30.66,4785,284752
295,295,*NOUSE*,*NOUSE*,0,0,0,0,0,0,0,0
296,296,*NOUSE*,*NOUSE*,0,0,0,0,0,0,0,0
297,297,*NOUSE*,*NOUSE*,0,0,0,0,0,0,0,0
298,298,,,63,1175,59,196.00,76.73,36.57,5997,460177
299,299,,,56,101,69,96.00,27.56,12.90,2805,77314
300,300,*NOUSE*,*NOUSE*,0,0,0,0,0,0,0,0
301,301,*NOUSE*,*NOUSE*,0,0,0,0,0,0,0,0
302,302,,,61,567,82,48.00,18.32, 6.86,6393,117124
303,303,*NOUSE*,*NOUSE*,0,0,0,0,0,0,0,0
304,304,*NOUSE*,*NOUSE*,0,0,0,0,0,0,0,0
305,305,*NOUSE*,*NOUSE*,0,0,0,0,0,0,0,0
306,306,,,63,1115,95,168.00,52.94,34.67,4672,247357
307,307,*NOUSE*,*NOUSE*,0,0,0,0,0,0,0,0
308,308,,,59,915,99,151.00,43.97,31.46,4791,210664
309,309,*NOUSE*,*NOUSE*,0,0,0,0,0,0,0,0
310,310,,,59,1294,102,169.00,54.36,36.33,2941,159869
311,311,*NOUSE*,*NOUSE*,0,0,0,0,0,0,0,0
312,312,,,58,1267,108,170.00,50.03,31.07,3654,182820
313,313,*NOUSE*,*NOUSE*,0,0,0,0,0,0,0,0
314,314,,,59,1463,38,205.00,72.90,45.96,3431,250128
315,315,,,59,1609,48,149.00,43.73,31.00,5574,243726
316,316,,,65,219,54,105.00,34.19,19.02,4725,161532
317,317,,,59,129,67,110.00,34.63,20.08,3516,121754
318,318,*NOUSE*,*NOUSE*,0,0,0,0,0,0,0,0
319,319,*NOUSE*,*NOUSE*,0,0,0,0,0,0,0,0
320,320,,,60,148,71,85.00,30.49,15.12,3934,119933
321,321,*NOUSE*,*NOUSE*,0,0,0,0,0,0,0,0
322,322,,,62,340,77,126.00,45.15,21.61,4081,184273
323,323,*NOUSE*,*NOUSE*,0,0,0,0,0,0,0,0
324,324,*NOUSE*,*NOUSE*,0,0,0,0,0,0,0,0
325,325,,,63,429,87,133.00,39.22,22.63,3819,149767
326,326,*NOUSE*,*NOUSE*,0,0,0,0,0,0,0,0
327,327,,,57,1465,88,231.00,75.78,43.59,4420,334964
328,328,*NOUSE*,*NOUSE*,0,0,0,0,0,0,0,0
329,329,*NOUSE*,*NOUSE*,0,0,0,0,0,0,0,0
330,330,,,68,899,31,156.00,41.51,28.44,5201,215868
331,331,*NOUSE*,*NOUSE*,0,0,0,0,0,0,0,0
332,332,*NOUSE*,*NOUSE*,0,0,0,0,0,0,0,0
333,333,,,61,180,69,129.00,34.62,18.90,3734,129273
334,334,*NOUSE*,*NOUSE*,0,0,0,0,0,0,0,0
335,335,*NOUSE*,*NOUSE*,0,0,0,0,0,0,0,0
336,336,*NOUSE*,*NOUSE*,0,0,0,0,0,0,0,0
337,337,,,62,816,96,152.00,39.96,29.12,6536,261184
338,338,,,62,600,98,118.00,37.39,22.44,4368,163311
339,339,,,61,1013,98,192.00,49.36,36.91,4742,234072
340,340,,,61,840,99,148.00,48.79,35.36,4167,203321
341,341,,,60,1098,108,189.00,58.41,37.66,3931,229626
342,342,,,60,1047,106,186.00,49.85,33.61,4547,226663
343,343,*NOUSE*,*NOUSE*,0,0,0,0,0,0,0,0
344,344,*NOUSE*,*NOUSE*,0,0,0,0,0,0,0,0
345,345,*NOUSE*,*NOUSE*,0,0,0,0,0,0,0,0
346,346,*NOUSE*,*NOUSE*,0,0,0,0,0,0,0,0
347,347,*NOUSE*,*NOUSE*,0,0,0,0,0,0,0,0
348,348,,,61,1475,52,150.00,47.88,27.16,2002,95846
349,349,,,61,314,55,106.00,41.49,17.74,2819,116968
350,350,,,62,229,73,97.00,31.90,17.39,4508,143809
351,351,,,63,324,67,129.00,47.61,22.35,4010,190933
352,352,,,63,471,73,68.00,20.89, 8.05,4238,88521
353,353,,,62,819,80,60.00,21.00, 8.15,5760,120970
354,354,,,60,1572,89,186.00,46.00,35.55,5186,238550
355,355,,,63,567,96,126.00,35.89,23.98,5107,183289
356,356,*NOUSE*,*NOUSE*,0,0,0,0,0,0,0,0
357,357,,,62,946,97,153.00,45.86,33.03,4418,202609
358,358,*NOUSE*,*NOUSE*,0,0,0,0,0,0,0,0
359,359,*NOUSE*,*NOUSE*,0,0,0,0,0,0,0,0
360,360,*NOUSE*,*NOUSE*,0,0,0,0,0,0,0,0
361,361,*NOUSE*,*NOUSE*,0,0,0,0,0,0,0,0
362,362,*NOUSE*,*NOUSE*,0,0,0,0,0,0,0,0
363,363,*NOUSE*,*NOUSE*,0,0,0,0,0,0,0,0
364,364,,,62,1556,51,161.00,49.86,36.26,4310,214914
365,365,*NOUSE*,*NOUSE*,0,0,0,0,0,0,0,0
366,366,*NOUSE*,*NOUSE*,0,0,0,0,0,0,0,0
367,367,,,62,302,78,112.00,42.29,17.64,2659,112447
368,368,*NOUSE*,*NOUSE*,0,0,0,0,0,0,0,0
369,369,,,65,480,85,139.00,34.26,22.57,4310,147672
370,370,*NOUSE*,*NOUSE*,0,0,0,0,0,0,0,0
371,371,*NOUSE*,*NOUSE*,0,0,0,0,0,0,0,0
372,372,*NOUSE*,*NOUSE*,0,0,0,0,0,0,0,0
373,373,*NOUSE*,*NOUSE*,0,0,0,0,0,0,0,0
374,374,,,63,638,101,127.00,39.39,23.73,4339,170911
375,375,,,65,1379,30,173.00,53.73,34.01,3890,209008
376,376,,,65,1515,39,194.00,59.50,42.45,3529,209975
377,377,*NOUSE*,*NOUSE*,0,0,0,0,0,0,0,0
378,378,*NOUSE*,*NOUSE*,0,0,0,0,0,0,0,0
379,379,,,64,1163,52,206.00,76.81,43.44,3969,304851
380,380,*NOUSE*,*NOUSE*,0,0,0,0,0,0,0,0
381,381,,,64,206,67,99.00,32.44,18.05,4028,130675
382,382,,,64,1145,93,222.00,72.63,41.36,3286,238675
383,383,*NOUSE*,*NOUSE*,0,0,0,0,0,0,0,0
384,384,*NOUSE*,*NOUSE*,0,0,0,0,0,0,0,0
385,385,*NOUSE*,*NOUSE*,0,0,0,0,0,0,0,0
386,386,,,64,1252,32,129.00,48.91,21.15,2516,123045
387,387,*NOUSE*,*NOUSE*,0,0,0,0,0,0,0,0
388,388,*NOUSE*,*NOUSE*,0,0,0,0,0,0,0,0
389,389,*NOUSE*,*NOUSE*,0,0,0,0,0,0,0,0
390,390,*NOUSE*,*NOUSE*,0,0,0,0,0,0,0,0
391,391,,,63,1342,55,183.00,68.66,38.47,3882,266531
392,392,*NOUSE*,*NOUSE*,0,0,0,0,0,0,0,0
393,393,*NOUSE*,*NOUSE*,0,0,0,0,0,0,0,0
394,394,,,64,1182,90,169.00,58.38,29.28,4243,247709
395,395,*NOUSE*,*NOUSE*,0,0,0,0,0,0,0,0
396,396,*NOUSE*,*NOUSE*,0,0,0,0,0,0,0,0
397,397,,,64,717,103,136.00,41.25,26.10,4388,180991
398,398,*NOUSE*,*NOUSE*,0,0,0,0,0,0,0,0
399,399,*NOUSE*,*NOUSE*,0,0,0,0,0,0,0,0
400,400,,,64,1429,35,171.00,57.69,33.79,3673,211892
401,401,,,65,1406,32,165.00,53.51,32.96,3529,188833
402,402,*NOUSE*,*NOUSE*,0,0,0,0,0,0,0,0
403,403,,,66,1371,47,218.00,80.34,51.24,3234,259813
404,404,*NOUSE*,*NOUSE*,0,0,0,0,0,0,0,0
405,405,*NOUSE*,*NOUSE*,0,0,0,0,0,0,0,0
406,406,,,69,508,42,106.00,30.61,17.16,4247,129999
407,407,*NOUSE*,*NOUSE*,0,0,0,0,0,0,0,0
408,408,*NOUSE*,*NOUSE*,0,0,0,0,0,0,0,0
409,409,,,63,296,66,115.00,48.81,19.86,3258,159031
410,410,*NOUSE*,*NOUSE*,0,0,0,0,0,0,0,0
411,411,*NOUSE*,*NOUSE*,0,0,0,0,0,0,0,0
412,412,*NOUSE*,*NOUSE*,0,0,0,0,0,0,0,0
413,413,*NOUSE*,*NOUSE*,0,0,0,0,0,0,0,0
414,414,*NOUSE*,*NOUSE*,0,0,0,0,0,0,0,0
415,415,*NOUSE*,*NOUSE*,0,0,0,0,0,0,0,0
416,416,*NOUSE*,*NOUSE*,0,0,0,0,0,0,0,0
417,417,*NOUSE*,*NOUSE*,0,0,0,0,0,0,0,0
418,418,*NOUSE*,*NOUSE*,0,0,0,0,0,0,0,0
419,419,*NOUSE*,*NOUSE*,0,0,0,0,0,0,0,0
420,420,*NOUSE*,*NOUSE*,0,0,0,0,0,0,0,0
421,421,*NOUSE*,*NOUSE*,0,0,0,0,0,0,0,0
422,422,*NOUSE*,*NOUSE*,0,0,0,0,0,0,0,0
423,423,*NOUSE*,*NOUSE*,0,0,0,0,0,0,0,0
424,424,,,66,1299,31,209.00,68.87,41.24,5320,366405
425,425,*NOUSE*,*NOUSE*,0,0,0,0,0,0,0,0
426,426,,,66,1274,35,215.00,79.57,42.27,4003,318510
427,427,*NOUSE*,*NOUSE*,0,0,0,0,0,0,0,0
428,428,*NOUSE*,*NOUSE*,0,0,0,0,0,0,0,0
429,429,,,70,1098,56,152.00,45.19,28.53,5570,251732
430,430,*NOUSE*,*NOUSE*,0,0,0,0,0,0,0,0
431,431,*NOUSE*,*NOUSE*,0,0,0,0,0,0,0,0
432,432,*NOUSE*,*NOUSE*,0,0,0,0,0,0,0,0
433,433,,,69,794,31,132.00,39.07,25.55,4197,163965
434,434,,,69,426,40,89.00,29.77,14.54,3221,95891
435,435,,,69,577,43,99.00,33.91,18.50,3624,122889
436,436,*NOUSE*,*NOUSE*,0,0,0,0,0,0,0,0
437,437,*NOUSE*,*NOUSE*,0,0,0,0,0,0,0,0
438,438,,,74,1137,52,219.00,70.23,48.44,4062,285293
439,439,,,69,362,60,115.00,37.03,19.22,3466,128338
440,440,*NOUSE*,*NOUSE*,0,0,0,0,0,0,0,0
441,441,,,68,1380,88,197.00,66.19,36.51,4364,288874
442,442,,,70,1346,95,195.00,75.99,40.71,3528,268093
443,443,*NOUSE*,*NOUSE*,0,0,0,0,0,0,0,0
444,444,,,69,1499,40,199.00,61.02,43.34,3610,220278
445,445,*NOUSE*,*NOUSE*,0,0,0,0,0,0,0,0
446,446,*NOUSE*,*NOUSE*,0,0,0,0,0,0,0,0
447,447,,,70,1207,62,187.00,73.61,35.77,3777,278035
448,448,,,70,1342,75,244.00,83.75,54.24,3775,316167
449,449,*NOUSE*,*NOUSE*,0,0,0,0,0,0,0,0
450,450,*NOUSE*,*NOUSE*,0,0,0,0,0,0,0,0
451,451,*NOUSE*,*NOUSE*,0,0,0,0,0,0,0,0
452,452,,,71,1453,38,214.00,70.80,47.63,3131,221687
453,453,,,70,642,43,105.00,34.83,20.01,3929,136845
454,454,*NOUSE*,*NOUSE*,0,0,0,0,0,0,0,0
455,455,*NOUSE*,*NOUSE*,0,0,0,0,0,0,0,0
456,456,*NOUSE*,*NOUSE*,0,0,0,0,0,0,0,0
457,457,*NOUSE*,*NOUSE*,0,0,0,0,0,0,0,0
458,458,,,69,1099,87,221.00,68.77,44.59,3639,250256
459,459,*NOUSE*,*NOUSE*,0,0,0,0,0,0,0,0
460,460,,,71,1193,42,213.00,67.05,34.85,3954,265112
461,461,*NOUSE*,*NOUSE*,0,0,0,0,0,0,0,0
462,462,,,70,270,63,126.00,43.14,24.83,3787,163357
463,463,*NOUSE*,*NOUSE*,0,0,0,0,0,0,0,0
464,464,,,73,1425,74,225.00,75.31,46.11,5193,391071
465,465,*NOUSE*,*NOUSE*,0,0,0,0,0,0,0,0
466,466,*NOUSE*,*NOUSE*,0,0,0,0,0,0,0,0
467,467,,,73,313,78,112.00,43.82,22.79,3080,134979
468,468,*NOUSE*,*NOUSE*,0,0,0,0,0,0,0,0
469,469,,,78,1016,91,206.00,51.28,39.82,5560,285106
470,470,*NOUSE*,*NOUSE*,0,0,0,0,0,0,0,0
471,471,,,73,1243,44,202.00,65.89,36.27,4450,293222
472,472,*NOUSE*,*NOUSE*,0,0,0,0,0,0,0,0
473,473,*NOUSE*,*NOUSE*,0,0,0,0,0,0,0,0
474,474,*NOUSE*,*NOUSE*,0,0,0,0,0,0,0,0
475,475,*NOUSE*,*NOUSE*,0,0,0,0,0,0,0,0
476,476,*NOUSE*,*NOUSE*,0,0,0,0,0,0,0,0
477,477,,,70,1183,71,182.00,72.42,33.49,2785,201690
478,478,*NOUSE*,*NOUSE*,0,0,0,0,0,0,0,0
479,479,,,71,668,69,60.00,20.44, 8.16,5594,114317
480,480,*NOUSE*,*NOUSE*,0,0,0,0,0,0,0,0
481,481,*NOUSE*,*NOUSE*,0,0,0,0,0,0,0,0
482,482,,,73,1540,76,226.00,72.25,55.07,3351,242097
483,483,*NOUSE*,*NOUSE*,0,0,0,0,0,0,0,0
484,484,*NOUSE*,*NOUSE*,0,0,0,0,0,0,0,0
485,485,*NOUSE*,*NOUSE*,0,0,0,0,0,0,0,0
486,486,,,73,1030,87,91.00,30.26,13.66,4637,140305
487,487,*NOUSE*,*NOUSE*,0,0,0,0,0,0,0,0
488,488,*NOUSE*,*NOUSE*,0,0,0,0,0,0,0,0
489,489,,,72,1105,107,161.00,53.00,32.43,4182,221642
490,490,*NOUSE*,*NOUSE*,0,0,0,0,0,0,0,0
491,491,*NOUSE*,*NOUSE*,0,0,0,0,0,0,0,0
492,492,*NOUSE*,*NOUSE*,0,0,0,0,0,0,0,0
493,493,,,74,1033,32,161.00,47.21,34.29,4954,233885
494,494,,,74,843,35,143.00,38.25,26.17,5185,198335
495,495,*NOUSE*,*NOUSE*,0,0,0,0,0,0,0,0
496,496,*NOUSE*,*NOUSE*,0,0,0,0,0,0,0,0
497,497,*NOUSE*,*NOUSE*,0,0,0,0,0,0,0,0
498,498,*NOUSE*,*NOUSE*,0,0,0,0,0,0,0,0
499,499,,,74,1521,77,238.00,74.17,55.24,3357,248973
500,500,*NOUSE*,*NOUSE*,0,0,0,0,0,0,0,0
501,501,,,72,380,80,113.00,39.49,21.81,4304,169979
502,502,*NOUSE*,*NOUSE*,0,0,0,0,0,0,0,0
503,503,,,75,1500,76,242.00,62.70,45.06,6034,378315
504,504,*NOUSE*,*NOUSE*,0,0,0,0,0,0,0,0
505,505,*NOUSE*,*NOUSE*,0,0,0,0,0,0,0,0
506,506,*NOUSE*,*NOUSE*,0,0,0,0,0,0,0,0
507,507,*NOUSE*,*NOUSE*,0,0,0,0,0,0,0,0
508,508,*NOUSE*,*NOUSE*,0,0,0,0,0,0,0,0
509,509,*NOUSE*,*NOUSE*,0,0,0,0,0,0,0,0
510,510,*NOUSE*,*NOUSE*,0,0,0,0,0,0,0,0
511,511,*NOUSE*,*NOUSE*,0,0,0,0,0,0,0,0
512,512,,,74,1371,80,211.00,81.75,46.49,3950,322928
513,513,*NOUSE*,*NOUSE*,0,0,0,0,0,0,0,0
514,514,,,76,1111,81,174.00,58.06,35.52,4309,250190
515,515,,,73,346,84,114.00,41.74,20.28,4052,169134
516,516,*NOUSE*,*NOUSE*,0,0,0,0,0,0,0,0
517,517,,,74,1178,102,171.00,70.02,35.03,3081,215721
518,518,,,76,1124,103,178.00,52.82,39.25,4332,228811
519,519,*NOUSE*,*NOUSE*,0,0,0,0,0,0,0,0
520,520,*NOUSE*,*NOUSE*,0,0,0,0,0,0,0,0
521,521,,,77,1078,43,140.00,49.06,32.14,4734,232252
522,522,,,76,1030,46,104.00,35.68,17.96,5582,199189
523,523,*NOUSE*,*NOUSE*,0,0,0,0,0,0,0,0
524,524,,,77,1243,59,198.00,84.45,41.59,3465,292621
525,525,*NOUSE*,*NOUSE*,0,0,0,0,0,0,0,0
526,526,,,71,1168,61,157.00,78.10,32.75,935,73026
527,527,*NOUSE*,*NOUSE*,0,0,0,0,0,0,0,0
528,528,*NOUSE*,*NOUSE*,0,0,0,0,0,0,0,0
529,529,*NOUSE*,*NOUSE*,0,0,0,0,0,0,0,0
530,530,,,77,738,83,117.00,40.80,24.53,4768,194513
531,531,*NOUSE*,*NOUSE*,0,0,0,0,0,0,0,0
532,532,,,77,759,89,132.00,45.15,27.31,4719,213042
533,533,,,76,934,89,133.00,42.57,28.02,4961,211175
534,534,,,76,596,90,128.00,35.59,20.02,4633,164867
535,535,,,75,1194,98,197.00,66.31,37.43,3244,215103
536,536,*NOUSE*,*NOUSE*,0,0,0,0,0,0,0,0
537,537,*NOUSE*,*NOUSE*,0,0,0,0,0,0,0,0
538,538,*NOUSE*,*NOUSE*,0,0,0,0,0,0,0,0
539,539,*NOUSE*,*NOUSE*,0,0,0,0,0,0,0,0
540,540,,,77,1168,40,173.00,55.89,35.20,4915,274688
541,541,*NOUSE*,*NOUSE*,0,0,0,0,0,0,0,0
542,542,*NOUSE*,*NOUSE*,0,0,0,0,0,0,0,0
543,543,,,78,349,68,124.00,37.53,20.57,3918,147029
544,544,*NOUSE*,*NOUSE*,0,0,0,0,0,0,0,0
545,545,,,78,331,76,118.00,39.16,22.24,3777,147910
546,546,*NOUSE*,*NOUSE*,0,0,0,0,0,0,0,0
547,547,*NOUSE*,*NOUSE*,0,0,0,0,0,0,0,0
548,548,*NOUSE*,*NOUSE*,0,0,0,0,0,0,0,0
549,549,*NOUSE*,*NOUSE*,0,0,0,0,0,0,0,0
550,550,*NOUSE*,*NOUSE*,0,0,0,0,0,0,0,0
551,551,*NOUSE*,*NOUSE*,0,0,0,0,0,0,0,0
552,552,*NOUSE*,*NOUSE*,0,0,0,0,0,0,0,0
553,553,*NOUSE*,*NOUSE*,0,0,0,0,0,0,0,0
554,554,*NOUSE*,*NOUSE*,0,0,0,0,0,0,0,0
555,555,,,78,1331,63,245.00,88.00,50.15,2852,250972
556,556,*NOUSE*,*NOUSE*,0,0,0,0,0,0,0,0
557,557,,,75,294,70,125.00,43.07,24.55,3718,160132
558,558,*NOUSE*,*NOUSE*,0,0,0,0,0,0,0,0
559,559,*NOUSE*,*NOUSE*,0,0,0,0,0,0,0,0
560,560,,,74,1165,102,180.00,77.15,39.30,2722,209989
561,561,*NOUSE*,*NOUSE*,0,0,0,0,0,0,0,0
562,562,*NOUSE*,*NOUSE*,0,0,0,0,0,0,0,0
563,563,*NOUSE*,*NOUSE*,0,0,0,0,0,0,0,0
564,564,*NOUSE*,*NOUSE*,0,0,0,0,0,0,0,0
565,565,*NOUSE*,*NOUSE*,0,0,0,0,0,0,0,0
566,566,*NOUSE*,*NOUSE*,0,0,0,0,0,0,0,0
567,567,,,83,767,59,155.00,40.55,29.22,4851,196705
568,568,*NOUSE*,*NOUSE*,0,0,0,0,0,0,0,0
569,569,,,79,1153,64,196.00,63.47,37.31,4269,270942
570,570,*NOUSE*,*NOUSE*,0,0,0,0,0,0,0,0
571,571,*NOUSE*,*NOUSE*,0,0,0,0,0,0,0,0
572,572,*NOUSE*,*NOUSE*,0,0,0,0,0,0,0,0
573,573,,,78,1352,86,238.00,97.94,53.19,2983,292157
574,574,,,80,980,86,165.00,47.32,35.15,4598,217596
575,575,,,81,694,86,155.00,44.04,29.71,4399,193741
576,576,*NOUSE*,*NOUSE*,0,0,0,0,0,0,0,0
577,577,*NOUSE*,*NOUSE*,0,0,0,0,0,0,0,0
578,578,*NOUSE*,*NOUSE*,0,0,0,0,0,0,0,0
579,579,*NOUSE*,*NOUSE*,0,0,0,0,0,0,0,0
580,580,,,78,1279,41,235.00,86.63,51.13,3576,309773
581,581,*NOUSE*,*NOUSE*,0,0,0,0,0,0,0,0
582,582,,,80,1212,52,214.00,83.54,45.22,3365,281102
583,583,,,79,1381,68,222.00,92.95,47.72,2642,245583
584,584,,,78,1243,74,223.00,80.84,42.37,3360,271638
585,585,,,79,1219,77,235.00,85.32,46.97,3321,283341
586,586,,,79,1202,78,206.00,80.59,41.41,3032,244339
587,587,*NOUSE*,*NOUSE*,0,0,0,0,0,0,0,0
588,588,*NOUSE*,*NOUSE*,0,0,0,0,0,0,0,0
589,589,,,79,1184,82,202.00,90.20,41.71,2493,224867
590,590,*NOUSE*,*NOUSE*,0,0,0,0,0,0,0,0
591,591,*NOUSE*,*NOUSE*,0,0,0,0,0,0,0,0
592,592,*NOUSE*,*NOUSE*,0,0,0,0,0,0,0,0
593,593,,,79,1305,36,194.00,68.04,37.46,2320,157847
594,594,,,87,1035,57,116.00,37.77,19.98,7095,267949
595,595,*NOUSE*,*NOUSE*,0,0,0,0,0,0,0,0
596,596,,,80,1265,73,222.00,88.05,47.65,3089,271993
597,597,*NOUSE*,*NOUSE*,0,0,0,0,0,0,0,0
598,598,*NOUSE*,*NOUSE*,0,0,0,0,0,0,0,0
599,599,*NOUSE*,*NOUSE*,0,0,0,0,0,0,0,0
600,600,*NOUSE*,*NOUSE*,0,0,0,0,0,0,0,0
601,601,*NOUSE*,*NOUSE*,0,0,0,0,0,0,0,0
602,602,*NOUSE*,*NOUSE*,0,0,0,0,0,0,0,0
603,603,*NOUSE*,*NOUSE*,0,0,0,0,0,0,0,0
604,604,*NOUSE*,*NOUSE*,0,0,0,0,0,0,0,0
605,605,*NOUSE*,*NOUSE*,0,0,0,0,0,0,0,0
606,606,,,83,1198,54,233.00,86.83,50.26,3207,278468
607,607,*NOUSE*,*NOUSE*,0,0,0,0,0,0,0,0
608,608,*NOUSE*,*NOUSE*,0,0,0,0,0,0,0,0
609,609,*NOUSE*,*NOUSE*,0,0,0,0,0,0,0,0
610,610,*NOUSE*,*NOUSE*,0,0,0,0,0,0,0,0
611,611,*NOUSE*,*NOUSE*,0,0,0,0,0,0,0,0
612,612,*NOUSE*,*NOUSE*,0,0,0,0,0,0,0,0
613,613,*NOUSE*,*NOUSE*,0,0,0,0,0,0,0,0
614,614,,,82,1431,79,225.00,90.97,51.51,3239,294641
615,615,,,79,1459,89,154.00,61.86,35.08,2330,144142
616,616,*NOUSE*,*NOUSE*,0,0,0,0,0,0,0,0
617,617,,,84,1175,90,200.00,75.48,45.57,3621,273309
618,618,*NOUSE*,*NOUSE*,0,0,0,0,0,0,0,0
619,619,*NOUSE*,*NOUSE*,0,0,0,0,0,0,0,0
620,620,*NOUSE*,*NOUSE*,0,0,0,0,0,0,0,0
621,621,*NOUSE*,*NOUSE*,0,0,0,0,0,0,0,0
622,622,,,83,1317,50,233.00,78.18,45.63,4342,339477
623,623,*NOUSE*,*NOUSE*,0,0,0,0,0,0,0,0
624,624,*NOUSE*,*NOUSE*,0,0,0,0,0,0,0,0
625,625,,,84,1018,64,188.00,50.25,39.24,4649,233604
626,626,*NOUSE*,*NOUSE*,0,0,0,0,0,0,0,0
627,627,*NOUSE*,*NOUSE*,0,0,0,0,0,0,0,0
628,628,*NOUSE*,*NOUSE*,0,0,0,0,0,0,0,0
629,629,*NOUSE*,*NOUSE*,0,0,0,0,0,0,0,0
630,630,,,83,1368,90,173.00,64.85,35.83,3818,247591
631,631,,,83,1307,93,204.00,58.57,34.23,3616,211783
632,632,*NOUSE*,*NOUSE*,0,0,0,0,0,0,0,0
633,633,,,84,1301,45,206.00,61.24,39.41,2939,179986
634,634,,,85,841,52,92.00,28.53,14.88,6413,182965
635,635,*NOUSE*,*NOUSE*,0,0,0,0,0,0,0,0
636,636,*NOUSE*,*NOUSE*,0,0,0,0,0,0,0,0
637,637,,,84,1435,56,224.00,70.14,48.33,3512,246335
638,638,*NOUSE*,*NOUSE*,0,0,0,0,0,0,0,0
639,639,,,84,1315,65,233.00,75.77,45.62,4117,311935
640,640,,,83,1539,68,164.00,46.20,28.59,5544,256118
641,641,*NOUSE*,*NOUSE*,0,0,0,0,0,0,0,0
642,642,*NOUSE*,*NOUSE*,0,0,0,0,0,0,0,0
643,643,*NOUSE*,*NOUSE*,0,0,0,0,0,0,0,0
644,644,,,86,1118,90,181.00,53.63,38.77,4438,238021
645,645,*NOUSE*,*NOUSE*,0,0,0,0,0,0,0,0
646,646,,,84,1381,43,158.00,65.17,32.85,2025,131961
647,647,*NOUSE*,*NOUSE*,0,0,0,0,0,0,0,0
648,648,,,85,1453,58,179.00,61.04,40.21,4178,255031
649,649,*NOUSE*,*NOUSE*,0,0,0,0,0,0,0,0
650,650,*NOUSE*,*NOUSE*,0,0,0,0,0,0,0,0
651,651,*NOUSE*,*NOUSE*,0,0,0,0,0,0,0,0
652,652,,,85,911,73,130.00,35.15,20.48,5822,204630
653,653,,,86,1361,75,246.00,93.76,58.40,3476,325905
654,654,,,86,951,77,136.00,42.55,28.11,5326,226618
655,655,,,85,1446,76,223.00,76.39,51.17,3781,288832
656,656,,,85,857,78,156.00,37.73,23.20,5282,199310
657,657,,,84,1413,80,235.00,80.80,49.85,3876,313193
658,658,,,86,1146,91,214.00,66.69,47.77,3950,263410
659,659,*NOUSE*,*NOUSE*,0,0,0,0,0,0,0,0
660,660,*NOUSE*,*NOUSE*,0,0,0,0,0,0,0,0
661,661,*NOUSE*,*NOUSE*,0,0,0,0,0,0,0,0
662,662,*NOUSE*,*NOUSE*,0,0,0,0,0,0,0,0
663,663,*NOUSE*,*NOUSE*,0,0,0,0,0,0,0,0
664,664,,,85,1230,53,218.00,82.90,48.26,3395,281442
665,665,,,87,1295,60,217.00,67.22,45.46,4401,295827
666,666,*NOUSE*,*NOUSE*,0,0,0,0,0,0,0,0
667,667,*NOUSE*,*NOUSE*,0,0,0,0,0,0,0,0
668,668,,,86,753,82,124.00,39.51,21.41,4740,187291
669,669,*NOUSE*,*NOUSE*,0,0,0,0,0,0,0,0
670,670,*NOUSE*,*NOUSE*,0,0,0,0,0,0,0,0
671,671,*NOUSE*,*NOUSE*,0,0,0,0,0,0,0,0
672,672,*NOUSE*,*NOUSE*,0,0,0,0,0,0,0,0
673,673,,,87,1210,66,166.00,65.60,34.53,4008,262929
674,674,*NOUSE*,*NOUSE*,0,0,0,0,0,0,0,0
675,675,*NOUSE*,*NOUSE*,0,0,0,0,0,0,0,0
676,676,*NOUSE*,*NOUSE*,0,0,0,0,0,0,0,0
677,677,,,87,1214,86,182.00,65.10,37.11,3508,228381
678,678,*NOUSE*,*NOUSE*,0,0,0,0,0,0,0,0
679,679,*NOUSE*,*NOUSE*,0,0,0,0,0,0,0,0
680,680,*NOUSE*,*NOUSE*,0,0,0,0,0,0,0,0
681,681,*NOUSE*,*NOUSE*,0,0,0,0,0,0,0,0
682,682,*NOUSE*,*NOUSE*,0,0,0,0,0,0,0,0
683,683,*NOUSE*,*NOUSE*,0,0,0,0,0,0,0,0
684,684,,,87,1471,62,226.00,68.27,48.42,3796,259143
685,685,*NOUSE*,*NOUSE*,0,0,0,0,0,0,0,0
686,686,*NOUSE*,*NOUSE*,0,0,0,0,0,0,0,0
687,687,,,86,1466,75,207.00,70.25,47.98,4192,294491
688,688,,,88,1107,74,229.00,70.40,54.47,3499,246324
689,689,,,85,1282,80,218.00,82.69,49.65,2420,200105
690,690,,,89,1251,79,205.00,66.29,40.20,4132,273897
691,691,,,88,1267,82,241.00,87.90,55.94,3129,275027
692,692,,,87,1192,87,205.00,70.66,44.31,3137,221652
693,693,,,88,1114,53,130.00,45.21,27.00,3773,170593
694,694,*NOUSE*,*NOUSE*,0,0,0,0,0,0,0,0
695,695,,,87,1275,63,218.00,75.98,47.32,3546,269425
696,696,,,87,1252,60,191.00,67.53,41.21,3885,262359
697,697,,,88,1231,70,180.00,67.98,40.49,4058,275879
698,698,,,90,1423,69,179.00,55.94,36.30,4636,259344
699,699,*NOUSE*,*NOUSE*,0,0,0,0,0,0,0,0
700,700,,,88,1063,80,121.00,36.46,20.81,6741,245761
701,701,*NOUSE*,*NOUSE*,0,0,0,0,0,0,0,0
702,702,*NOUSE*,*NOUSE*,0,0,0,0,0,0,0,0
703,703,*NOUSE*,*NOUSE*,0,0,0,0,0,0,0,0
704,704,*NOUSE*,*NOUSE*,0,0,0,0,0,0,0,0
705,705,,,91,1369,65,204.00,74.95,45.14,3081,230914
706,706,*NOUSE*,*NOUSE*,0,0,0,0,0,0,0,0
707,707,,,91,1297,75,153.00,50.93,29.21,2086,106233
708,708,*NOUSE*,*NOUSE*,0,0,0,0,0,0,0,0
709,709,*NOUSE*,*NOUSE*,0,0,0,0,0,0,0,0
710,710,*NOUSE*,*NOUSE*,0,0,0,0,0,0,0,0
711,711,*NOUSE*,*NOUSE*,0,0,0,0,0,0,0,0
712,712,*NOUSE*,*NOUSE*,0,0,0,0,0,0,0,0
713,713,*NOUSE*,*NOUSE*,0,0,0,0,0,0,0,0
714,714,*NOUSE*,*NOUSE*,0,0,0,0,0,0,0,0
715,715,*NOUSE*,*NOUSE*,0,0,0,0,0,0,0,0
716,716,*NOUSE*,*NOUSE*,0,0,0,0,0,0,0,0
717,717,*NOUSE*,*NOUSE*,0,0,0,0,0,0,0,0
718,718,*NOUSE*,*NOUSE*,0,0,0,0,0,0,0,0
719,719,*NOUSE*,*NOUSE*,0,0,0,0,0,0,0,0
720,720,*NOUSE*,*NOUSE*,0,0,0,0,0,0,0,0
721,721,*NOUSE*,*NOUSE*,0,0,0,0,0,0,0,0
722,722,*NOUSE*,*NOUSE*,0,0,0,0,0,0,0,0
723,723,*NOUSE*,*NOUSE*,0,0,0,0,0,0,0,0
724,724,*NOUSE*,*NOUSE*,0,0,0,0,0,0,0,0
725,725,*NOUSE*,*NOUSE*,0,0,0,0,0,0,0,0
726,726,*NOUSE*,*NOUSE*,0,0,0,0,0,0,0,0
727,727,*NOUSE*,*NOUSE*,0,0,0,0,0,0,0,0
728,728,,*MANUAL*$708$706,91,1155,74,141.00,48.11,27.20,4793,230581
729,729,,*MANUAL*$703$675,88,1086,74,123.00,39.48,21.56,6006,237112
730,730,,*MANUAL*$565$564,79,867,42,159.00,45.41,31.22,3993,181339
731,731,,*MANUAL*$704$685,88,992,68,148.00,41.25,25.73,5572,229835
732,732,,*MANUAL*$651$666,86,797,73,98.00,33.36,17.33,5657,188714
733,733,,*MANUAL*$627$613,83,667,81,121.00,30.09,14.88,6222,187192
734,734,,*MANUAL*$642$611,82,574,76,84.00,27.56,13.44,5147,141874
735,735,*NOUSE*,*NOUSE*,0,0,0,0,0,0,0,0
736,736,,*MANUAL*$735$602,81,518,69,102.00,28.38,14.08,4530,128573
737,737,,*MANUAL*$626$638,82,441,63,69.00,25.60,11.24,4626,118421
738,738,,*MANUAL*$667$669,85,611,83,103.00,32.35,16.05,5133,166057
739,739,,*MANUAL*$610$612,82,492,76,86.00,28.99,13.48,4495,130328
740,740,,*MANUAL*$603$609,81,372,72,130.00,33.29,17.61,5000,166439
741,741,,*MANUAL*$624$635,82,606,57,83.00,24.70,10.64,5511,136102
742,742,,*MANUAL*$702$694$682$683,87,734,57,95.00,27.36,13.48,5767,157808
743,743,,*MANUAL*$671$663$662,86,950,48,94.00,32.52,16.94,6893,224129
744,744,,*MANUAL*$672$621,81,487,50,76.00,22.61, 9.83,4552,102914
745,745,,*MANUAL*,81,306,57,76.00,24.88,10.53,881,21920
746,746,,*MANUAL*,36,1315,56,140.00,55.71,24.22,2012,112087
747,747,*NOUSE*,*NOUSE*,0,0,0,0,0,0,0,0
748,748,,*MANUAL*$3$747,33,1121,70,88.00,32.54,14.18,5625,183037
749,749,,*MANUAL*$43$19,37,1109,49,117.00,38.11,19.71,4126,157252
750,750,,*MANUAL*$38$27,37,1069,59,82.00,28.03,12.24,5036,141145
751,751,,*MANUAL*$62$30,35,1058,76,69.00,24.22,10.23,5860,141903
752,752,,*MANUAL*,42,843,41,110.00,53.08,20.25,2103,111626
753,753,,*MANUAL*$39$22,36,998,64,82.00,28.94,13.58,4869,140901
754,754,,*MANUAL*$53$23$13,35,914,73,112.00,27.16,12.86,5476,148725
755,755,,*MANUAL*$70$69,41,659,85,85.00,27.07,13.19,6096,165003
756,756,,*MANUAL*$99$125,43,514,69,70.00,23.51,10.70,4482,105372
757,757,,*MANUAL*$87$80,42,749,85,88.00,29.72,13.85,4540,134909
758,758,,*MANUAL*$137$116,43,604,84,80.00,24.87,10.77,4370,108670
759,759,,*MANUAL*,44,377,67,75.00,28.94,12.89,2034,58860
760,760,*NOUSE*,*NOUSE*,0,0,0,0,0,0,0,0
761,761,,*MANUAL*$66$760,38,962,46,63.00,23.10, 9.80,6005,138728
762,762,,*MANUAL*$78$76$77,39,752,53,69.00,21.46, 8.50,4566,98003
763,763,,*MANUAL*$98$109,42,617,61,48.00,19.49, 7.51,4638,90416
764,764,,*MANUAL*$133$163$132,45,498,48,71.00,20.77, 8.35,3883,80642
765,765,,*MANUAL*,48,354,51,52.00,21.78, 8.36,1365,29734
766,766,,*MANUAL*$478$496,73,1081,66,181.00,58.39,39.95,4178,243934
767,767,,*MANUAL*$346$363,61,1119,44,144.00,48.38,29.51,5134,248403
768,768,,*MANUAL*$153$100,47,1116,80,163.00,46.70,27.22,4639,216621
769,769,,*MANUAL*,46,1118,60,149.00,68.21,25.32,1365,93101
770,770,,*MANUAL*,79,1112,61,192.00,90.59,31.37,2103,190509
771,771,,*MANUAL*,64,1140,49,191.00,99.01,19.81,1365,135150
772,772,,*MANUAL*$597$529,76,1136,81,160.00,52.47,31.50,4565,239512
773,773,,*MANUAL*,78,1158,82,238.00,141.88,41.43,1321,187420
774,774,,*MANUAL*,60,1162,90,190.00,112.36,26.80,1291,145053
775,775,,*MANUAL*,70,1162,91,184.00,111.23,25.37,895,99550
776,776,,*MANUAL*,55,1168,74,147.00,93.42,23.74,895,83610
777,777,,*MANUAL*$498$511,74,1170,74,204.00,79.28,39.32,4373,346709
778,778,,*MANUAL*$300$319,57,1185,74,147.00,61.52,27.11,3238,199207
779,779,,*MANUAL*,63,1386,44,232.00,161.90,27.42,463,74961
780,780,,*MANUAL*,56,1383,46,212.00,108.28,29.51,485,52515
781,781,,*MANUAL*,72,1383,50,215.00,119.35,31.49,485,57885
782,782,,*MANUAL*,54,1380,84,189.00,88.57,33.04,1365,120896
783,783,,*MANUAL*,77,1393,84,249.00,136.19,38.20,894,121758
784,784,,*MANUAL*,71,1391,74,248.00,159.47,39.03,895,142728
785,785,,*MANUAL*,55,1392,72,225.00,144.00,37.52,834,120095
786,786,,*MANUAL*,47,1389,76,239.00,129.81,42.03,1251,162392
787,787,,*MANUAL*,52,1405,52,161.00,94.99,21.27,1365,129665
788,788,,*MANUAL*,78,1402,59,196.00,105.64,26.12,895,94550
789,789,,*MANUAL*,61,1402,86,162.00,95.16,23.02,1352,128656
790,790,,*MANUAL*,63,1403,48,249.00,183.96,31.93,433,79655
791,791,,*MANUAL*,69,1406,50,245.00,170.29,40.96,485,82589
792,792,,*MANUAL*,51,1406,64,206.00,118.36,31.22,895,105930
793,793,,*MANUAL*,77,1407,70,246.00,154.21,49.46,895,138019
794,794,,*MANUAL*,71,1406,81,224.00,125.09,45.49,895,111953
795,795,,*MANUAL*,53,1406,77,222.00,140.91,32.09,895,126113
796,796,,*MANUAL*$457$455,70,1564,76,174.00,47.25,35.96,5406,255430
797,797,,*MANUAL*,75,1468,75,206.00,115.94,33.78,895,103770
798,798,,*MANUAL*$480$510,74,1445,69,155.00,56.11,32.19,3119,175002
799,799,,*MANUAL*,71,1483,75,138.00,70.16,22.93,895,62791
800,800,,*MANUAL*,59,1484,74,123.00,63.91,21.64,895,57203
801,801,,*MANUAL*,53,1540,76,198.00,92.32,42.66,1365,126012
802,802,,*MANUAL*,53,1525,76,210.00,97.39,43.50,1365,132934
803,803,,*MANUAL*,53,1499,74,214.00,93.31,40.62,1365,127367
804,804,,*MANUAL*$217$238,53,1443,63,145.00,50.44,27.89,4682,236163
805,805,,*MANUAL*,51,1464,70,216.00,93.02,33.90,1311,121944
806,806,,*MANUAL*,63,1532,51,212.00,89.28,46.65,1219,108827
807,807,,*MANUAL*,63,1513,50,217.00,96.64,42.93,1365,131915
808,808,,*MANUAL*,66,1489,50,190.00,99.36,42.83,895,88923
809,809,,*MANUAL*$427$405,66,1437,48,214.00,50.97,32.55,5550,282895
810,810,,*MANUAL*$475$454,71,1458,53,157.00,50.35,26.46,4146,208762
811,811,,*MANUAL*,85,1163,89,226.00,113.82,48.63,1365,155370
812,812,,*MANUAL*,88,1230,87,223.00,117.50,41.77,1355,159216
813,813,,*MANUAL*,87,1188,72,220.00,117.96,43.51,1365,161016
814,814,,*MANUAL*,86,1174,64,204.00,114.40,37.46,1309,149747
815,815,,*MANUAL*,86,1183,57,245.00,133.63,40.44,1349,180271
816,816,,*MANUAL*,84,1266,50,233.00,112.87,45.94,1353,152712
817,817,,*MANUAL*,78,1259,58,222.00,131.43,30.66,1343,176517
818,818,,*MANUAL*,79,1278,58,241.00,150.15,36.84,895,134383
819,819,,*MANUAL*,77,1227,65,216.00,115.39,33.17,1303,150347
820,820,,*MANUAL*,77,1194,66,229.00,142.56,31.65,895,127590
821,821,,*MANUAL*,77,1186,52,225.00,147.80,31.38,895,132284
822,822,,*MANUAL*,71,1224,49,174.00,91.23,25.28,1365,124528
823,823,,*MANUAL*,71,1262,46,220.00,126.49,27.68,1346,170256
824,824,,*MANUAL*,59,1260,44,214.00,125.55,24.02,1365,171381
825,825,,*MANUAL*,59,1239,45,168.00,84.30,23.00,2103,177290
826,826,,*MANUAL*,59,1200,56,167.00,87.29,22.95,2016,175969
827,827,,*MANUAL*,36,1171,81,167.00,98.87,21.48,1359,134360
828,828,,*MANUAL*,37,1261,74,188.00,104.17,29.14,1365,142192
829,829,,*MANUAL*,41,1177,55,184.00,114.30,24.23,1171,133844
830,830,,*MANUAL*,45,1193,49,187.00,104.67,25.95,1363,142672
831,831,,*MANUAL*,48,1209,52,182.00,92.55,26.67,2103,194625
832,832,,*MANUAL*,45,1246,56,178.00,82.65,27.16,2900,239688
833,833,,*MANUAL*,52,1235,59,168.00,97.75,20.02,1365,133435
834,834,,*MANUAL*,52,1272,55,214.00,118.32,30.56,1358,160682
835,835,,*MANUAL*,58,1221,64,180.00,103.21,30.92,1301,134271
836,836,,*MANUAL*,51,1192,61,173.00,103.90,24.97,1365,141824
837,837,,*MANUAL*,49,1214,69,195.00,103.75,25.59,1249,129582
838,838,,,44,1176,72,187.00,106.55,21.11,1353,144167
839,839,,*MANUAL*,58,1282,52,223.00,134.05,32.20,895,119975
840,840,,*MANUAL*,70,1282,50,243.00,169.52,30.72,889,150706
841,841,,*MANUAL*,73,1281,87,243.00,153.54,33.93,865,132816
842,842,,*MANUAL*,77,1279,78,240.00,158.20,31.70,895,141590
843,843,,*MANUAL*,76,1272,99,233.00,142.24,36.81,844,120054
844,844,,*MANUAL*,79,1249,100,217.00,118.20,38.93,895,105789
845,845,,*MANUAL*,74,1239,102,224.00,119.30,42.08,895,106774
846,846,,*MANUAL*,52,1267,92,222.00,147.77,26.93,356,52605
847,847,,*MANUAL*,69,1270,95,250.00,159.51,32.59,485,77364
848,848,,*MANUAL*,59,1266,94,209.00,129.91,26.71,895,116265
849,849,,*MANUAL*,47,1262,82,197.00,116.84,25.13,895,104568
850,850,,*MANUAL*,80,1262,90,236.00,148.14,37.44,895,132584
851,851,,*MANUAL*,45,1256,96,191.00,88.05,32.24,1351,118951
852,852,,*MANUAL*,51,1250,89,211.00,113.46,26.67,892,101207
853,853,,*MANUAL*,68,1250,100,216.00,137.96,24.44,895,123478
854,854,,*MANUAL*,74,1250,87,228.00,130.31,41.97,895,116627
855,855,,*MANUAL*,55,1240,93,213.00,128.22,25.75,891,114243
856,856,,*MANUAL*,79,1235,91,211.00,122.51,32.34,895,109644
857,857,,*MANUAL*,78,1218,97,237.00,130.62,32.59,892,116511
858,858,,*MANUAL*,68,1218,103,232.00,129.54,26.16,867,112307
859,859,,*MANUAL*,63,1236,100,220.00,146.69,24.68,895,131289
860,860,,*MANUAL*,44,1221,96,192.00,97.62,27.06,883,86201
861,861,,*MANUAL*,50,1222,87,173.00,88.72,22.18,895,79406
862,862,,*MANUAL*,55,1244,105,212.00,106.53,38.94,895,95343
863,863,,*MANUAL*$278$311,56,1215,109,166.00,50.40,29.62,3624,182652
864,864,,*MANUAL*,48,1200,94,82.00,31.78,13.77,485,15415
865,865,,*MANUAL*,52,1182,95,213.00,127.29,25.54,873,111124
866,866,,*MANUAL*,43,1182,88,193.00,108.83,29.68,1365,148554
867,867,,*MANUAL*,57,1197,112,175.00,104.56,27.98,895,93584
868,868,,*MANUAL*,55,1186,107,237.00,138.52,37.95,880,121896
869,869,,*MANUAL*,66,1186,104,200.00,120.86,28.41,895,108167
870,870,,*MANUAL*,53,1170,106,199.00,131.07,27.46,879,115210
871,871,,*MANUAL*,63,1167,105,208.00,132.42,29.84,895,118515
872,872,,*MANUAL*,61,1178,111,216.00,123.53,35.71,895,110556
873,873,*NOUSE*,*NOUSE*,0,0,0,0,0,0,0,0
874,874,,*MANUAL*,55,1140,106,203.00,126.45,25.93,705,89149
875,875,,*MANUAL*,58,1154,112,179.00,106.67,24.13,819,87359
876,876,,*MANUAL*,52,1157,106,182.00,114.73,27.52,895,102687
877,877,,*MANUAL*,40,1340,58,229.00,107.11,31.24,1312,140527
878,878,,*MANUAL*,40,1318,70,155.00,79.17,19.34,1360,107668
879,879,,*MANUAL*,45,1311,58,204.00,95.74,33.47,1365,130688
880,880,,*MANUAL*,49,1342,53,205.00,113.97,24.38,895,102001
881,881,,*MANUAL*,49,1331,42,208.00,121.67,28.30,895,108893
882,882,,*MANUAL*,53,1344,42,233.00,148.23,33.96,889,131778
883,883,,*MANUAL*,91,1349,65,241.00,109.83,59.63,893,98076
884,884,,*MANUAL*,87,1331,70,223.00,106.08,34.81,1365,144803
885,885,,*MANUAL*,82,1347,74,252.00,162.81,33.22,895,145718
886,886,,*MANUAL*,80,1336,85,239.00,146.18,39.41,895,130830
887,887,,*MANUAL*,79,1319,82,216.00,122.28,36.63,1365,166906
888,888,,*MANUAL*,85,1306,78,220.00,123.96,34.39,895,110941
889,889,,*MANUAL*,81,1352,60,231.00,129.33,38.34,1359,175755
890,890,,*MANUAL*,83,1335,51,234.00,140.25,32.98,895,125525
891,891,,*MANUAL*,81,1347,49,246.00,153.78,39.31,895,137637
892,892,,*MANUAL*,47,1319,80,170.00,99.47,23.49,895,89022
893,893,,*MANUAL*,66,1308,97,209.00,132.52,28.99,881,116749
894,894,,*MANUAL*,59,1320,92,193.00,123.55,27.10,893,110332
895,895,,*MANUAL*,67,1331,92,218.00,134.53,29.45,861,115828
896,896,,*MANUAL*,71,1322,93,218.00,136.68,27.69,895,122326
897,897,,*MANUAL*,56,1342,90,183.00,110.12,25.21,895,98554
898,898,,*MANUAL*,89,1380,74,247.00,164.80,37.84,895,147497
899,899,,*MANUAL*,92,1395,71,248.00,160.75,46.50,895,143872
900,900,,*MANUAL*,84,1419,53,230.00,120.42,38.53,1365,164370
901,901,,*MANUAL*,86,1406,52,234.00,141.01,51.30,867,122258
902,902,,*MANUAL*,91,1398,57,235.00,148.49,35.14,895,132897
903,903,,*MANUAL*,90,1379,55,231.00,120.48,51.46,1365,164451
904,904,,*MANUAL*,84,1368,53,250.00,158.63,41.53,895,141976
905,905,,*MANUAL*,37,1390,71,214.00,112.90,30.14,1365,154115
906,906,,*MANUAL*,42,1459,74,206.00,96.57,34.61,1365,131822
907,907,,*MANUAL*,41,1393,49,233.00,117.85,37.84,1213,142954
908,908,,*MANUAL*,36,1389,54,236.00,103.87,39.19,895,92965
909,909,,*MANUAL*,44,1370,48,191.00,115.52,32.98,895,103394
910,910,,*MANUAL*,45,1357,47,196.00,111.44,33.29,895,99743
911,911,,*MANUAL*,55,1358,37,177.00,95.68,30.58,1365,130609
912,912,,*MANUAL*,62,1338,39,227.00,148.17,25.82,895,132608
913,913,,*MANUAL*,73,1338,45,222.00,146.11,29.70,895,130767
914,914,,*MANUAL*,58,1322,39,207.00,126.40,25.52,895,113126
915,915,,*MANUAL*,70,1322,36,233.00,136.01,30.02,827,112479
916,916,,*MANUAL*,75,1327,42,227.00,145.50,31.04,895,130221
917,917,,*MANUAL*,67,1536,43,170.00,87.76,38.33,1365,119788
918,918,,*MANUAL*,58,1486,41,215.00,114.84,35.59,1309,150322
919,919,,*MANUAL*,71,1474,39,233.00,107.80,42.46,1337,144131
920,920,,*MANUAL*,63,1480,34,172.00,98.13,30.40,895,87825
921,921,,*MANUAL*,63,1343,28,126.00,53.50,21.24,895,47885
922,922,,*MANUAL*$368$301,58,1607,83,204.00,51.06,40.28,4758,242947
923,923,,*MANUAL*,65,1539,92,194.00,95.72,34.96,895,85667
924,924,,*MANUAL*,68,1506,92,203.00,99.08,44.82,1365,135245
925,925,,*MANUAL*,70,1479,91,206.00,113.82,36.41,1283,146035
926,926,,*MANUAL*,70,1455,91,218.00,133.92,31.06,895,119857
927,927,,*MANUAL*,59,1520,91,164.00,96.14,26.20,895,86041
928,928,,*MANUAL*,59,1495,90,175.00,116.39,22.19,895,104169
929,929,,*MANUAL*,55,1402,97,209.00,108.02,33.05,895,96678
930,930,,*MANUAL*,63,1479,98,158.00,90.20,22.03,895,80732
931,931,,*MANUAL*,63,1420,95,182.00,74.04,21.84,1365,101071
932,932,,*MANUAL*,63,1346,105,134.00,51.71,19.20,895,46280
933,933,*NOUSE*,*NOUSE*,0,0,0,0,0,0,0,0
934,934,,*MANUAL*$636$600,82,1495,54,163.00,47.24,29.86,5349,252701
935,935,,*MANUAL*$618$643,81,1485,86,149.00,53.06,30.28,5083,269708
936,936,,*MANUAL*$623$619,81,1461,46,165.00,56.43,32.02,4133,233218
937,937,,*MANUAL*$581$579,78,1422,39,162.00,55.48,32.64,3795,210548
938,938,,*MANUAL*,77,1361,41,209.00,121.25,36.13,895,108522
939,939,,*MANUAL*$599$539$552,78,957,31,164.00,41.80,28.47,5846,244376
940,940,,*MANUAL*$495$446,71,700,41,125.00,36.69,22.47,3740,137223
941,941,,*MANUAL*,73,331,51,98.00,50.04,15.19,873,43685
942,942,,*MANUAL*,77,1418,96,162.00,70.63,29.82,1365,96408
943,943,,*MANUAL*,75,1306,99,180.00,91.06,33.42,895,81496
944,944,,*MANUAL*,73,1210,107,169.00,84.04,29.13,895,75214
945,945,,*MANUAL*,66,1146,106,195.00,118.06,25.76,1365,161149
946,946,,*MANUAL*$598$605,76,1143,107,161.00,55.61,33.60,2662,148047
947,947,,*MANUAL*$550$519,75,1071,102,156.00,46.53,30.80,5159,240024
948,948,,*MANUAL*$488$536,74,996,95,162.00,48.31,31.96,4515,218118
949,949,,*MANUAL*$487$505,73,881,94,172.00,41.94,28.39,4853,203546
950,950,,*MANUAL*$616$516$547,76,817,90,143.00,39.65,24.31,5525,219045
951,951,,*MANUAL*$551$504,74,669,94,134.00,38.27,22.09,5105,195370
952,952,,*MANUAL*$548$549,76,533,86,88.00,30.19,14.64,4857,146652
953,953,,*MANUAL*$528$531,74,447,80,93.00,33.17,17.13,4459,147893
954,954,,*MANUAL*,68,275,76,122.00,55.54,15.55,829,46046
955,955,,*MANUAL*,58,273,76,113.00,59.09,15.34,1365,80653
956,956,,*MANUAL*$230$192,52,1423,36,142.00,52.17,29.90,3006,156835
957,957,,*MANUAL*,53,1296,32,162.00,89.82,24.51,839,75362
958,958,,*MANUAL*,46,1298,38,155.00,86.01,24.20,895,76979
959,959,,*MANUAL*$362$347,62,1174,40,213.00,68.04,37.81,3438,233930
960,960,*NOUSE*,*NOUSE*,0,0,0,0,0,0,0,0
961,961,,*MANUAL*$191$960,49,1060,37,141.00,41.90,26.26,4292,179815
962,962,*NOUSE*,*NOUSE*,0,0,0,0,0,0,0,0
963,963,,*MANUAL*$259$962,53,988,26,157.00,44.21,30.01,4997,220894
964,964,,*MANUAL*$159$160,49,858,33,119.00,39.50,25.33,4176,164941
965,965,,*MANUAL*,55,626,44,102.00,46.71,16.93,1365,63764
966,966,,*MANUAL*$389$407,64,265,51,124.00,36.68,19.26,3487,127916
967,967,,*MANUAL*,66,453,86,109.00,64.63,14.90,1365,88214
968,968,,*MANUAL*,63,762,95,151.00,77.54,22.77,1331,103209
969,969,,*MANUAL*,63,978,94,153.00,77.22,29.04,1365,105399
970,970,,*MANUAL*$187$170,50,1434,91,140.00,49.51,26.70,5357,265225
971,971,,*MANUAL*,52,1329,97,157.00,73.62,21.85,1365,100493
972,972,,*MANUAL*$86$85,42,1300,88,138.00,43.17,22.31,3829,165291
973,973,,*MANUAL*,46,1193,104,160.00,78.41,25.58,895,70175
974,974,,*MANUAL*,47,1142,102,172.00,87.29,26.83,1365,119148
975,975,,*MANUAL*,52,988,96,157.00,67.40,30.23,1365,92000
976,976,,*MANUAL*$154$188,49,804,92,111.00,36.57,22.09,5145,188134
977,977,,*MANUAL*,52,758,93,152.00,78.85,25.95,1365,107624
978,978,,*MANUAL*,43,709,83,130.00,72.30,23.45,882,63765
979,979,,*MANUAL*,50,710,93,140.00,70.93,17.59,1365,96825
980,980,,*MANUAL*$207$224,51,635,94,109.00,33.31,17.75,4748,158177
981,981,,*MANUAL*$263$274,56,508,88,135.00,29.89,15.82,4562,136362
982,982,,*MANUAL*$242$243,53,439,82,93.00,31.99,17.53,4843,154950
983,983,,*MANUAL*$465$431,71,710,83,126.00,36.02,19.57,10926,393537
984,984,,*MANUAL*$303$256$358$287,60,676,90,122.00,36.15,19.56,10623,384024
985,985,,*MANUAL*$169$202$205,50,1016,85,97.00,29.64,14.56,5777,171230
986,986,,*MANUAL*$365$331,61,837,43,63.00,21.13, 8.14,7298,154223
987,987,,*MANUAL*$445$436,69,763,45,64.00,21.32, 8.79,5896,125718
988,988,*NOUSE*,*NOUSE*,0,0,0,0,0,0,0,0
989,989,,*MANUAL*$571$988,75,558,63,73.00,23.54,10.21,4493,105755
990,990,,*MANUAL*,80,401,72,87.00,47.37,13.25,657,31123
991,991,,*MANUAL*,73,405,73,90.00,33.55,14.20,1365,45790
992,992,,*MANUAL*$390$380,64,522,55,45.00,18.78, 6.13,3060,57467
993,993,,*MANUAL*$387$332,62,450,45,68.00,21.53, 8.55,4110,88495
994,994,,*MANUAL*$236$237,52,393,54,61.00,22.12, 9.15,4074,90116
995,995,,*MANUAL*,51,369,72,122.00,64.08,17.61,1351,86572
996,996,,*MANUAL*,56,350,84,124.00,63.04,17.03,1365,86056
997,997,,*MANUAL*,56,375,82,124.00,61.97,18.86,1365,84583
998,998,,*MANUAL*,64,359,79,135.00,80.37,18.34,1346,108179
999,999,,*MANUAL*,75,361,77,129.00,70.94,19.67,895,63489
1000,1000,,*MANUAL*,74,336,60,105.00,58.45,15.80,895,52314
1001,1001,,*MANUAL*,76,321,66,114.00,73.82,14.67,895,66066
1002,1002,,*MANUAL*,76,309,66,140.00,85.44,21.84,895,76469
1003,1003,,*MANUAL*,72,282,58,127.00,70.29,14.54,1323,92989
1004,1004,,*MANUAL*,68,255,67,157.00,62.48,18.72,1365,85285
1005,1005,,*MANUAL*,49,314,64,130.00,61.50,14.68,1365,83953
1006,1006,,*MANUAL*,51,315,79,111.00,59.82,19.24,1365,81652
1007,1007,,*MANUAL*,51,302,60,124.00,75.36,16.28,895,67451
1008,1008,,*MANUAL*,56,254,65,112.00,65.01,15.44,485,31532
1009,1009,,*MANUAL*,55,332,56,105.00,50.52,14.54,1303,65830
1010,1010,,*MANUAL*,63,339,52,115.00,61.94,16.59,1365,84552
1011,1011,,*MANUAL*,64,289,56,118.00,69.40,14.11,895,62115
1012,1012,,*MANUAL*,70,236,58,70.00,32.64,11.50,2103,68642
1013,1013,,*MANUAL*,56,231,56,80.00,30.83,13.19,1365,42081
1014,1014,,*MANUAL*$297$283,57,186,57,95.00,31.26,15.97,4261,133182
1015,1015,,*MANUAL*,59,360,56,102.00,54.71,16.39,1365,74685
1016,1016,,*MANUAL*$395$383$396,62,324,91,112.00,37.21,16.74,3401,126555
1017,1017,,*MANUAL*,49,1176,49,211.00,120.82,28.41,1365,164914
1018,1018,,*MANUAL*,46,1273,90,226.00,119.08,27.60,895,106575
1019,1019,,*MANUAL*,37,1184,67,169.00,104.44,19.82,895,93475
1020,1020,,*MANUAL*$144$174,48,1381,38,139.00,56.05,27.35,3892,218166
1021,1021,,*MANUAL*$537$538,76,1107,37,161.00,46.97,31.38,4960,232977
1022,1022,,*MANUAL*,93,1346,79,187.00,64.92,34.47,1365,88615
1023,1023,,*MANUAL*,59,1134,111,191.00,111.88,26.50,895,100132
1024,1024,f1,*MANUAL*,68,1325,76,45.00,15.78, 7.65,895,14124
1025,1025,f2,*MANUAL*,68,1285,58,220.00,35.32,39.34,895,31614
1026,1026,f3,*MANUAL*,68,1258,59,155.00,38.86,25.40,895,34780
1027,1027,f4,*MANUAL*,65,1240,66,54.00,19.61, 8.36,895,17549
1028,1028,f5,*MANUAL*,68,1226,63,160.00,60.04,29.82,895,53732
1029,1029,f6,*MANUAL*,54,1207,68,142.00,30.05,24.74,895,26895
1030,1030,f7,*MANUAL*,58,1139,64,24.00, 5.79, 4.13,895,5182
1031,1031,f8,*MANUAL*,61,1116,62,25.00, 6.93, 3.63,895,6200
1032,1032,f9,*MANUAL*,61,1093,65,44.00, 7.62, 5.63,895,6821
1033,1033,f10,*MANUAL*,62,1078,68,75.00,11.05, 9.91,895,9893
