0,0,*NOUSE*,*NOUSE*,0,0,0,0,0,0,0,0
1,1,*NOUSE*,*NOUSE*,0,0,0,0,0,0,0,0
2,2,*NOUSE*,*NOUSE*,0,0,0,0,0,0,0,0
3,3,*NOUSE*,*NOUSE*,0,0,0,0,0,0,0,0
4,4,*NOUSE*,*NOUSE*,0,0,0,0,0,0,0,0
5,5,*NOUSE*,*NOUSE*,0,0,0,0,0,0,0,0
6,6,*NOUSE*,*NOUSE*,0,0,0,0,0,0,0,0
7,7,*NOUSE*,*NOUSE*,0,0,0,0,0,0,0,0
8,8,*NOUSE*,*NOUSE*,0,0,0,0,0,0,0,0
9,9,*NOUSE*,*NOUSE*,0,0,0,0,0,0,0,0
10,10,*NOUSE*,*NOUSE*,0,0,0,0,0,0,0,0
11,11,*NOUSE*,*NOUSE*,0,0,0,0,0,0,0,0
12,12,*NOUSE*,*NOUSE*,0,0,0,0,0,0,0,0
13,13,*NOUSE*,*NOUSE*,0,0,0,0,0,0,0,0
14,14,*NOUSE*,*NOUSE*,0,0,0,0,0,0,0,0
15,15,*NOUSE*,*NOUSE*,0,0,0,0,0,0,0,0
16,16,*NOUSE*,*NOUSE*,0,0,0,0,0,0,0,0
17,17,*NOUSE*,*NOUSE*,0,0,0,0,0,0,0,0
18,18,*NOUSE*,*NOUSE*,0,0,0,0,0,0,0,0
19,19,*NOUSE*,*NOUSE*,0,0,0,0,0,0,0,0
20,20,*NOUSE*,*NOUSE*,0,0,0,0,0,0,0,0
21,21,*NOUSE*,*NOUSE*,0,0,0,0,0,0,0,0
22,22,*NOUSE*,*NOUSE*,0,0,0,0,0,0,0,0
23,23,*NOUSE*,*NOUSE*,0,0,0,0,0,0,0,0
24,24,*NOUSE*,*NOUSE*,0,0,0,0,0,0,0,0
25,25,*NOUSE*,*NOUSE*,0,0,0,0,0,0,0,0
26,26,*NOUSE*,*NOUSE*,0,0,0,0,0,0,0,0
27,27,*NOUSE*,*NOUSE*,0,0,0,0,0,0,0,0
28,28,*NOUSE*,*NOUSE*,0,0,0,0,0,0,0,0
29,29,*NOUSE*,*NOUSE*,0,0,0,0,0,0,0,0
30,30,*NOUSE*,*NOUSE*,0,0,0,0,0,0,0,0
31,31,*NOUSE*,*NOUSE*,0,0,0,0,0,0,0,0
32,32,*NOUSE*,*NOUSE*,0,0,0,0,0,0,0,0
33,33,*NOUSE*,*NOUSE*,0,0,0,0,0,0,0,0
34,34,*NOUSE*,*NOUSE*,0,0,0,0,0,0,0,0
35,35,*NOUSE*,*NOUSE*,0,0,0,0,0,0,0,0
36,36,*NOUSE*,*NOUSE*,0,0,0,0,0,0,0,0
37,37,*NOUSE*,*NOUSE*,0,0,0,0,0,0,0,0
38,38,*NOUSE*,*NOUSE*,0,0,0,0,0,0,0,0
39,39,*NOUSE*,*NOUSE*,0,0,0,0,0,0,0,0
40,40,*NOUSE*,*NOUSE*,0,0,0,0,0,0,0,0
41,41,*NOUSE*,*NOUSE*,0,0,0,0,0,0,0,0
42,42,*NOUSE*,*NOUSE*,0,0,0,0,0,0,0,0
43,43,*NOUSE*,*NOUSE*,0,0,0,0,0,0,0,0
44,44,*NOUSE*,*NOUSE*,0,0,0,0,0,0,0,0
45,45,*NOUSE*,*NOUSE*,0,0,0,0,0,0,0,0
46,46,*NOUSE*,*NOUSE*,0,0,0,0,0,0,0,0
47,47,*NOUSE*,*NOUSE*,0,0,0,0,0,0,0,0
48,48,*NOUSE*,*NOUSE*,0,0,0,0,0,0,0,0
49,49,*NOUSE*,*NOUSE*,0,0,0,0,0,0,0,0
50,50,*NOUSE*,*NOUSE*,0,0,0,0,0,0,0,0
51,51,*NOUSE*,*NOUSE*,0,0,0,0,0,0,0,0
52,52,*NOUSE*,*NOUSE*,0,0,0,0,0,0,0,0
53,53,*NOUSE*,*NOUSE*,0,0,0,0,0,0,0,0
54,54,*NOUSE*,*NOUSE*,0,0,0,0,0,0,0,0
55,55,*NOUSE*,*NOUSE*,0,0,0,0,0,0,0,0
56,56,*NOUSE*,*NOUSE*,0,0,0,0,0,0,0,0
57,57,*NOUSE*,*NOUSE*,0,0,0,0,0,0,0,0
58,58,*NOUSE*,*NOUSE*,0,0,0,0,0,0,0,0
59,59,*NOUSE*,*NOUSE*,0,0,0,0,0,0,0,0
60,60,*NOUSE*,*NOUSE*,0,0,0,0,0,0,0,0
61,61,*NOUSE*,*NOUSE*,0,0,0,0,0,0,0,0
62,62,*NOUSE*,*NOUSE*,0,0,0,0,0,0,0,0
63,63,*NOUSE*,*NOUSE*,0,0,0,0,0,0,0,0
64,64,*NOUSE*,*NOUSE*,0,0,0,0,0,0,0,0
65,65,*NOUSE*,*NOUSE*,0,0,0,0,0,0,0,0
66,66,*NOUSE*,*NOUSE*,0,0,0,0,0,0,0,0
67,67,*NOUSE*,*NOUSE*,0,0,0,0,0,0,0,0
68,68,*NOUSE*,*NOUSE*,0,0,0,0,0,0,0,0
69,69,*NOUSE*,,46,1525,67,68.00,55.75, 8.42,4,223
70,70,*NOUSE*,*NOUSE*,0,0,0,0,0,0,0,0
71,71,*NOUSE*,*NOUSE*,0,0,0,0,0,0,0,0
72,72,*NOUSE*,*NOUSE*,0,0,0,0,0,0,0,0
73,73,*NOUSE*,*NOUSE*,0,0,0,0,0,0,0,0
74,74,*NOUSE*,*NOUSE*,0,0,0,0,0,0,0,0
75,75,*NOUSE*,*NOUSE*,0,0,0,0,0,0,0,0
76,76,*NOUSE*,*NOUSE*,0,0,0,0,0,0,0,0
77,77,*NOUSE*,*NOUSE*,0,0,0,0,0,0,0,0
78,78,*NOUSE*,*NOUSE*,0,0,0,0,0,0,0,0
79,79,*NOUSE*,*NOUSE*,0,0,0,0,0,0,0,0
80,80,*NOUSE*,*NOUSE*,0,0,0,0,0,0,0,0
81,81,*NOUSE*,*NOUSE*,0,0,0,0,0,0,0,0
82,82,*NOUSE*,*NOUSE*,0,0,0,0,0,0,0,0
83,83,*NOUSE*,*NOUSE*,0,0,0,0,0,0,0,0
84,84,*NOUSE*,*NOUSE*,0,0,0,0,0,0,0,0
85,85,*NOUSE*,*NOUSE*,0,0,0,0,0,0,0,0
86,86,*NOUSE*,*NOUSE*,0,0,0,0,0,0,0,0
87,87,*NOUSE*,*NOUSE*,0,0,0,0,0,0,0,0
88,88,*NOUSE*,*NOUSE*,0,0,0,0,0,0,0,0
89,89,*NOUSE*,*NOUSE*,0,0,0,0,0,0,0,0
90,90,*NOUSE*,*NOUSE*,0,0,0,0,0,0,0,0
91,91,*NOUSE*,*NOUSE*,0,0,0,0,0,0,0,0
92,92,*NOUSE*,*NOUSE*,0,0,0,0,0,0,0,0
93,93,*NOUSE*,*NOUSE*,0,0,0,0,0,0,0,0
94,94,*NOUSE*,*NOUSE*,0,0,0,0,0,0,0,0
95,95,*NOUSE*,*NOUSE*,0,0,0,0,0,0,0,0
96,96,*NOUSE*,*NOUSE*,0,0,0,0,0,0,0,0
97,97,*NOUSE*,*NOUSE*,0,0,0,0,0,0,0,0
98,98,*NOUSE*,*NOUSE*,0,0,0,0,0,0,0,0
99,99,*NOUSE*,*NOUSE*,0,0,0,0,0,0,0,0
100,100,*NOUSE*,*NOUSE*,0,0,0,0,0,0,0,0
101,101,*NOUSE*,*NOUSE*,0,0,0,0,0,0,0,0
102,102,*NOUSE*,*NOUSE*,0,0,0,0,0,0,0,0
103,103,*NOUSE*,*NOUSE*,0,0,0,0,0,0,0,0
104,104,*NOUSE*,*NOUSE*,0,0,0,0,0,0,0,0
105,105,*NOUSE*,*NOUSE*,0,0,0,0,0,0,0,0
106,106,*NOUSE*,*NOUSE*,0,0,0,0,0,0,0,0
107,107,*NOUSE*,*NOUSE*,0,0,0,0,0,0,0,0
108,108,*NOUSE*,*NOUSE*,0,0,0,0,0,0,0,0
109,109,*NOUSE*,*NOUSE*,0,0,0,0,0,0,0,0
110,110,*NOUSE*,*NOUSE*,0,0,0,0,0,0,0,0
111,111,*NOUSE*,*NOUSE*,0,0,0,0,0,0,0,0
112,112,*NOUSE*,*NOUSE*,0,0,0,0,0,0,0,0
113,113,*NOUSE*,*NOUSE*,0,0,0,0,0,0,0,0
114,114,*NOUSE*,*NOUSE*,0,0,0,0,0,0,0,0
115,115,*NOUSE*,*NOUSE*,0,0,0,0,0,0,0,0
116,116,*NOUSE*,*NOUSE*,0,0,0,0,0,0,0,0
117,117,*NOUSE*,*NOUSE*,0,0,0,0,0,0,0,0
118,118,*NOUSE*,*NOUSE*,0,0,0,0,0,0,0,0
119,119,*NOUSE*,*NOUSE*,0,0,0,0,0,0,0,0
120,120,*NOUSE*,*NOUSE*,0,0,0,0,0,0,0,0
121,121,*NOUSE*,*NOUSE*,0,0,0,0,0,0,0,0
122,122,*NOUSE*,*NOUSE*,0,0,0,0,0,0,0,0
123,123,*NOUSE*,*NOUSE*,0,0,0,0,0,0,0,0
124,124,*NOUSE*,*NOUSE*,0,0,0,0,0,0,0,0
125,125,*NOUSE*,*NOUSE*,0,0,0,0,0,0,0,0
126,126,*NOUSE*,*NOUSE*,0,0,0,0,0,0,0,0
127,127,*NOUSE*,*NOUSE*,0,0,0,0,0,0,0,0
128,128,*NOUSE*,*NOUSE*,0,0,0,0,0,0,0,0
129,129,*NOUSE*,*NOUSE*,0,0,0,0,0,0,0,0
130,130,*NOUSE*,*NOUSE*,0,0,0,0,0,0,0,0
131,131,*NOUSE*,*NOUSE*,0,0,0,0,0,0,0,0
132,132,*NOUSE*,*NOUSE*,0,0,0,0,0,0,0,0
133,133,*NOUSE*,*NOUSE*,0,0,0,0,0,0,0,0
134,134,*NOUSE*,*NOUSE*,0,0,0,0,0,0,0,0
135,135,*NOUSE*,*NOUSE*,0,0,0,0,0,0,0,0
136,136,*NOUSE*,*NOUSE*,0,0,0,0,0,0,0,0
137,137,*NOUSE*,*NOUSE*,0,0,0,0,0,0,0,0
138,138,*NOUSE*,*NOUSE*,0,0,0,0,0,0,0,0
139,139,*NOUSE*,*NOUSE*,0,0,0,0,0,0,0,0
140,140,*NOUSE*,*NOUSE*,0,0,0,0,0,0,0,0
141,141,*NOUSE*,*NOUSE*,0,0,0,0,0,0,0,0
142,142,*NOUSE*,*NOUSE*,0,0,0,0,0,0,0,0
143,143,*NOUSE*,*NOUSE*,0,0,0,0,0,0,0,0
144,144,*NOUSE*,*NOUSE*,0,0,0,0,0,0,0,0
145,145,*NOUSE*,*NOUSE*,0,0,0,0,0,0,0,0
146,146,*NOUSE*,*NOUSE*,0,0,0,0,0,0,0,0
147,147,*NOUSE*,*NOUSE*,0,0,0,0,0,0,0,0
148,148,*NOUSE*,*NOUSE*,0,0,0,0,0,0,0,0
149,149,*NOUSE*,*NOUSE*,0,0,0,0,0,0,0,0
150,150,*NOUSE*,*NOUSE*,0,0,0,0,0,0,0,0
151,151,*NOUSE*,*NOUSE*,0,0,0,0,0,0,0,0
152,152,*NOUSE*,*NOUSE*,0,0,0,0,0,0,0,0
153,153,*NOUSE*,*NOUSE*,0,0,0,0,0,0,0,0
154,154,*NOUSE*,*NOUSE*,0,0,0,0,0,0,0,0
155,155,*NOUSE*,*NOUSE*,0,0,0,0,0,0,0,0
156,156,*NOUSE*,*NOUSE*,0,0,0,0,0,0,0,0
157,157,*NOUSE*,*NOUSE*,0,0,0,0,0,0,0,0
158,158,*NOUSE*,*NOUSE*,0,0,0,0,0,0,0,0
159,159,*NOUSE*,*NOUSE*,0,0,0,0,0,0,0,0
160,160,*NOUSE*,*NOUSE*,0,0,0,0,0,0,0,0
161,161,*NOUSE*,*NOUSE*,0,0,0,0,0,0,0,0
162,162,*NOUSE*,*NOUSE*,0,0,0,0,0,0,0,0
163,163,*NOUSE*,*NOUSE*,0,0,0,0,0,0,0,0
164,164,*NOUSE*,*NOUSE*,0,0,0,0,0,0,0,0
165,165,*NOUSE*,*NOUSE*,0,0,0,0,0,0,0,0
166,166,*NOUSE*,*NOUSE*,0,0,0,0,0,0,0,0
167,167,*NOUSE*,*NOUSE*,0,0,0,0,0,0,0,0
168,168,*NOUSE*,*NOUSE*,0,0,0,0,0,0,0,0
169,169,*NOUSE*,*NOUSE*,0,0,0,0,0,0,0,0
170,170,*NOUSE*,*NOUSE*,0,0,0,0,0,0,0,0
171,171,*NOUSE*,*NOUSE*,0,0,0,0,0,0,0,0
172,172,*NOUSE*,*NOUSE*,0,0,0,0,0,0,0,0
173,173,*NOUSE*,*NOUSE*,0,0,0,0,0,0,0,0
174,174,*NOUSE*,*NOUSE*,0,0,0,0,0,0,0,0
175,175,*NOUSE*,*NOUSE*,0,0,0,0,0,0,0,0
176,176,*NOUSE*,*NOUSE*,0,0,0,0,0,0,0,0
177,177,*NOUSE*,*NOUSE*,0,0,0,0,0,0,0,0
178,178,*NOUSE*,*NOUSE*,0,0,0,0,0,0,0,0
179,179,*NOUSE*,*NOUSE*,0,0,0,0,0,0,0,0
180,180,*NOUSE*,*NOUSE*,0,0,0,0,0,0,0,0
181,181,*NOUSE*,*NOUSE*,0,0,0,0,0,0,0,0
182,182,*NOUSE*,*NOUSE*,0,0,0,0,0,0,0,0
183,183,*NOUSE*,*NOUSE*,0,0,0,0,0,0,0,0
184,184,*NOUSE*,*NOUSE*,0,0,0,0,0,0,0,0
185,185,*NOUSE*,*NOUSE*,0,0,0,0,0,0,0,0
186,186,*NOUSE*,*NOUSE*,0,0,0,0,0,0,0,0
187,187,*NOUSE*,*NOUSE*,0,0,0,0,0,0,0,0
188,188,*NOUSE*,*NOUSE*,0,0,0,0,0,0,0,0
189,189,*NOUSE*,*NOUSE*,0,0,0,0,0,0,0,0
190,190,*NOUSE*,*NOUSE*,0,0,0,0,0,0,0,0
191,191,*NOUSE*,*NOUSE*,0,0,0,0,0,0,0,0
192,192,*NOUSE*,*NOUSE*,0,0,0,0,0,0,0,0
193,193,*NOUSE*,*NOUSE*,0,0,0,0,0,0,0,0
194,194,*NOUSE*,*NOUSE*,0,0,0,0,0,0,0,0
195,195,*NOUSE*,*NOUSE*,0,0,0,0,0,0,0,0
196,196,*NOUSE*,*NOUSE*,0,0,0,0,0,0,0,0
197,197,*NOUSE*,*NOUSE*,0,0,0,0,0,0,0,0
198,198,*NOUSE*,*NOUSE*,0,0,0,0,0,0,0,0
199,199,*NOUSE*,*NOUSE*,0,0,0,0,0,0,0,0
200,200,*NOUSE*,*NOUSE*,0,0,0,0,0,0,0,0
201,201,*NOUSE*,*NOUSE*,0,0,0,0,0,0,0,0
202,202,*NOUSE*,*NOUSE*,0,0,0,0,0,0,0,0
203,203,*NOUSE*,*NOUSE*,0,0,0,0,0,0,0,0
204,204,*NOUSE*,*NOUSE*,0,0,0,0,0,0,0,0
205,205,*NOUSE*,*NOUSE*,0,0,0,0,0,0,0,0
206,206,*NOUSE*,*NOUSE*,0,0,0,0,0,0,0,0
207,207,*NOUSE*,*NOUSE*,0,0,0,0,0,0,0,0
208,208,*NOUSE*,*NOUSE*,0,0,0,0,0,0,0,0
209,209,*NOUSE*,*NOUSE*,0,0,0,0,0,0,0,0
210,210,*NOUSE*,*NOUSE*,0,0,0,0,0,0,0,0
211,211,*NOUSE*,*NOUSE*,0,0,0,0,0,0,0,0
212,212,*NOUSE*,*NOUSE*,0,0,0,0,0,0,0,0
213,213,*NOUSE*,*NOUSE*,0,0,0,0,0,0,0,0
214,214,*NOUSE*,*NOUSE*,0,0,0,0,0,0,0,0
215,215,*NOUSE*,*NOUSE*,0,0,0,0,0,0,0,0
216,216,*NOUSE*,*NOUSE*,0,0,0,0,0,0,0,0
217,217,*NOUSE*,*NOUSE*,0,0,0,0,0,0,0,0
218,218,*NOUSE*,*NOUSE*,0,0,0,0,0,0,0,0
219,219,*NOUSE*,*NOUSE*,0,0,0,0,0,0,0,0
220,220,*NOUSE*,*NOUSE*,0,0,0,0,0,0,0,0
221,221,*NOUSE*,*NOUSE*,0,0,0,0,0,0,0,0
222,222,*NOUSE*,*NOUSE*,0,0,0,0,0,0,0,0
223,223,*NOUSE*,*NOUSE*,0,0,0,0,0,0,0,0
224,224,*NOUSE*,*NOUSE*,0,0,0,0,0,0,0,0
225,225,*NOUSE*,*NOUSE*,0,0,0,0,0,0,0,0
226,226,*NOUSE*,*NOUSE*,0,0,0,0,0,0,0,0
227,227,*NOUSE*,*NOUSE*,0,0,0,0,0,0,0,0
228,228,*NOUSE*,*NOUSE*,0,0,0,0,0,0,0,0
229,229,*NOUSE*,*NOUSE*,0,0,0,0,0,0,0,0
230,230,*NOUSE*,*NOUSE*,0,0,0,0,0,0,0,0
231,231,*NOUSE*,*NOUSE*,0,0,0,0,0,0,0,0
232,232,*NOUSE*,*NOUSE*,0,0,0,0,0,0,0,0
233,233,*NOUSE*,*NOUSE*,0,0,0,0,0,0,0,0
234,234,*NOUSE*,*NOUSE*,0,0,0,0,0,0,0,0
235,235,*NOUSE*,*NOUSE*,0,0,0,0,0,0,0,0
236,236,*NOUSE*,*NOUSE*,0,0,0,0,0,0,0,0
237,237,*NOUSE*,*NOUSE*,0,0,0,0,0,0,0,0
238,238,*NOUSE*,*NOUSE*,0,0,0,0,0,0,0,0
239,239,*NOUSE*,*NOUSE*,0,0,0,0,0,0,0,0
240,240,*NOUSE*,*NOUSE*,0,0,0,0,0,0,0,0
241,241,*NOUSE*,*NOUSE*,0,0,0,0,0,0,0,0
242,242,*NOUSE*,*NOUSE*,0,0,0,0,0,0,0,0
243,243,*NOUSE*,*NOUSE*,0,0,0,0,0,0,0,0
244,244,*NOUSE*,*NOUSE*,0,0,0,0,0,0,0,0
245,245,*NOUSE*,*NOUSE*,0,0,0,0,0,0,0,0
246,246,*NOUSE*,*NOUSE*,0,0,0,0,0,0,0,0
247,247,*NOUSE*,*NOUSE*,0,0,0,0,0,0,0,0
248,248,*NOUSE*,*NOUSE*,0,0,0,0,0,0,0,0
249,249,*NOUSE*,*NOUSE*,0,0,0,0,0,0,0,0
250,250,*NOUSE*,*NOUSE*,0,0,0,0,0,0,0,0
251,251,*NOUSE*,*NOUSE*,0,0,0,0,0,0,0,0
252,252,*NOUSE*,*NOUSE*,0,0,0,0,0,0,0,0
253,253,*NOUSE*,*NOUSE*,0,0,0,0,0,0,0,0
254,254,*NOUSE*,*NOUSE*,0,0,0,0,0,0,0,0
255,255,*NOUSE*,*NOUSE*,0,0,0,0,0,0,0,0
256,256,*NOUSE*,*NOUSE*,0,0,0,0,0,0,0,0
257,257,*NOUSE*,*NOUSE*,0,0,0,0,0,0,0,0
258,258,*NOUSE*,*NOUSE*,0,0,0,0,0,0,0,0
259,259,*NOUSE*,*NOUSE*,0,0,0,0,0,0,0,0
260,260,*NOUSE*,*NOUSE*,0,0,0,0,0,0,0,0
261,261,*NOUSE*,*NOUSE*,0,0,0,0,0,0,0,0
262,262,*NOUSE*,*NOUSE*,0,0,0,0,0,0,0,0
263,263,*NOUSE*,*NOUSE*,0,0,0,0,0,0,0,0
264,264,*NOUSE*,*NOUSE*,0,0,0,0,0,0,0,0
265,265,*NOUSE*,*NOUSE*,0,0,0,0,0,0,0,0
266,266,*NOUSE*,*NOUSE*,0,0,0,0,0,0,0,0
267,267,*NOUSE*,*NOUSE*,0,0,0,0,0,0,0,0
268,268,*NOUSE*,*NOUSE*,0,0,0,0,0,0,0,0
269,269,*NOUSE*,*NOUSE*,0,0,0,0,0,0,0,0
270,270,*NOUSE*,*NOUSE*,0,0,0,0,0,0,0,0
271,271,*NOUSE*,*NOUSE*,0,0,0,0,0,0,0,0
272,272,*NOUSE*,*NOUSE*,0,0,0,0,0,0,0,0
273,273,*NOUSE*,*NOUSE*,0,0,0,0,0,0,0,0
274,274,*NOUSE*,*NOUSE*,0,0,0,0,0,0,0,0
275,275,*NOUSE*,*NOUSE*,0,0,0,0,0,0,0,0
276,276,*NOUSE*,*NOUSE*,0,0,0,0,0,0,0,0
277,277,*NOUSE*,*NOUSE*,0,0,0,0,0,0,0,0
278,278,*NOUSE*,*NOUSE*,0,0,0,0,0,0,0,0
279,279,*NOUSE*,*NOUSE*,0,0,0,0,0,0,0,0
280,280,*NOUSE*,*NOUSE*,0,0,0,0,0,0,0,0
281,281,*NOUSE*,*NOUSE*,0,0,0,0,0,0,0,0
282,282,*NOUSE*,*NOUSE*,0,0,0,0,0,0,0,0
283,283,*NOUSE*,*NOUSE*,0,0,0,0,0,0,0,0
284,284,*NOUSE*,*NOUSE*,0,0,0,0,0,0,0,0
285,285,*NOUSE*,*NOUSE*,0,0,0,0,0,0,0,0
286,286,*NOUSE*,*NOUSE*,0,0,0,0,0,0,0,0
287,287,*NOUSE*,*NOUSE*,0,0,0,0,0,0,0,0
288,288,*NOUSE*,*NOUSE*,0,0,0,0,0,0,0,0
289,289,*NOUSE*,*NOUSE*,0,0,0,0,0,0,0,0
290,290,*NOUSE*,*NOUSE*,0,0,0,0,0,0,0,0
291,291,*NOUSE*,*NOUSE*,0,0,0,0,0,0,0,0
292,292,*NOUSE*,*NOUSE*,0,0,0,0,0,0,0,0
293,293,*NOUSE*,*NOUSE*,0,0,0,0,0,0,0,0
294,294,*NOUSE*,*NOUSE*,0,0,0,0,0,0,0,0
295,295,*NOUSE*,*NOUSE*,0,0,0,0,0,0,0,0
296,296,*NOUSE*,*NOUSE*,0,0,0,0,0,0,0,0
297,297,*NOUSE*,*NOUSE*,0,0,0,0,0,0,0,0
298,298,*NOUSE*,*NOUSE*,0,0,0,0,0,0,0,0
299,299,*NOUSE*,*NOUSE*,0,0,0,0,0,0,0,0
300,300,*NOUSE*,*NOUSE*,0,0,0,0,0,0,0,0
301,301,*NOUSE*,*NOUSE*,0,0,0,0,0,0,0,0
302,302,*NOUSE*,*NOUSE*,0,0,0,0,0,0,0,0
303,303,*NOUSE*,*NOUSE*,0,0,0,0,0,0,0,0
304,304,*NOUSE*,*NOUSE*,0,0,0,0,0,0,0,0
305,305,*NOUSE*,*NOUSE*,0,0,0,0,0,0,0,0
306,306,*NOUSE*,*NOUSE*,0,0,0,0,0,0,0,0
307,307,*NOUSE*,*NOUSE*,0,0,0,0,0,0,0,0
308,308,*NOUSE*,*NOUSE*,0,0,0,0,0,0,0,0
309,309,*NOUSE*,*NOUSE*,0,0,0,0,0,0,0,0
310,310,*NOUSE*,*NOUSE*,0,0,0,0,0,0,0,0
311,311,*NOUSE*,*NOUSE*,0,0,0,0,0,0,0,0
312,312,*NOUSE*,*NOUSE*,0,0,0,0,0,0,0,0
313,313,*NOUSE*,*NOUSE*,0,0,0,0,0,0,0,0
314,314,*NOUSE*,*NOUSE*,0,0,0,0,0,0,0,0
315,315,*NOUSE*,*NOUSE*,0,0,0,0,0,0,0,0
316,316,*NOUSE*,*NOUSE*,0,0,0,0,0,0,0,0
317,317,*NOUSE*,*NOUSE*,0,0,0,0,0,0,0,0
318,318,*NOUSE*,*NOUSE*,0,0,0,0,0,0,0,0
319,319,*NOUSE*,*NOUSE*,0,0,0,0,0,0,0,0
320,320,*NOUSE*,*NOUSE*,0,0,0,0,0,0,0,0
321,321,*NOUSE*,*NOUSE*,0,0,0,0,0,0,0,0
322,322,*NOUSE*,*NOUSE*,0,0,0,0,0,0,0,0
323,323,*NOUSE*,,0,0,0, 0.00, 0.00, 0.00,67,0
324,324,*NOUSE*,*NOUSE*,0,0,0,0,0,0,0,0
325,325,*NOUSE*,*NOUSE*,0,0,0,0,0,0,0,0
326,326,*NOUSE*,*NOUSE*,0,0,0,0,0,0,0,0
327,327,*NOUSE*,*NOUSE*,0,0,0,0,0,0,0,0
328,328,*NOUSE*,*NOUSE*,0,0,0,0,0,0,0,0
329,329,*NOUSE*,*NOUSE*,0,0,0,0,0,0,0,0
330,330,*NOUSE*,*NOUSE*,0,0,0,0,0,0,0,0
331,331,*NOUSE*,*NOUSE*,0,0,0,0,0,0,0,0
332,332,*NOUSE*,*NOUSE*,0,0,0,0,0,0,0,0
333,333,*NOUSE*,*NOUSE*,0,0,0,0,0,0,0,0
334,334,*NOUSE*,*NOUSE*,0,0,0,0,0,0,0,0
335,335,*NOUSE*,*NOUSE*,0,0,0,0,0,0,0,0
336,336,*NOUSE*,*NOUSE*,0,0,0,0,0,0,0,0
337,337,*NOUSE*,*NOUSE*,0,0,0,0,0,0,0,0
338,338,*NOUSE*,*NOUSE*,0,0,0,0,0,0,0,0
339,339,*NOUSE*,*NOUSE*,0,0,0,0,0,0,0,0
340,340,*NOUSE*,*NOUSE*,0,0,0,0,0,0,0,0
341,341,*NOUSE*,*NOUSE*,0,0,0,0,0,0,0,0
342,342,*NOUSE*,,65,1266,59,131.00,90.00,16.46,48,4320
343,343,*NOUSE*,*NOUSE*,0,0,0,0,0,0,0,0
344,344,*NOUSE*,*NOUSE*,0,0,0,0,0,0,0,0
345,345,*NOUSE*,*NOUSE*,0,0,0,0,0,0,0,0
346,346,*NOUSE*,*NOUSE*,0,0,0,0,0,0,0,0
347,347,*NOUSE*,*NOUSE*,0,0,0,0,0,0,0,0
348,348,*NOUSE*,*NOUSE*,0,0,0,0,0,0,0,0
349,349,*NOUSE*,*NOUSE*,0,0,0,0,0,0,0,0
350,350,*NOUSE*,*NOUSE*,0,0,0,0,0,0,0,0
351,351,*NOUSE*,*NOUSE*,0,0,0,0,0,0,0,0
352,352,*NOUSE*,*NOUSE*,0,0,0,0,0,0,0,0
353,353,*NOUSE*,*NOUSE*,0,0,0,0,0,0,0,0
354,354,*NOUSE*,*NOUSE*,0,0,0,0,0,0,0,0
355,355,*NOUSE*,*NOUSE*,0,0,0,0,0,0,0,0
356,356,*NOUSE*,*NOUSE*,0,0,0,0,0,0,0,0
357,357,*NOUSE*,*NOUSE*,0,0,0,0,0,0,0,0
358,358,*NOUSE*,*NOUSE*,0,0,0,0,0,0,0,0
359,359,*NOUSE*,*NOUSE*,0,0,0,0,0,0,0,0
360,360,*NOUSE*,*NOUSE*,0,0,0,0,0,0,0,0
361,361,*NOUSE*,*NOUSE*,0,0,0,0,0,0,0,0
362,362,*NOUSE*,*NOUSE*,0,0,0,0,0,0,0,0
363,363,*NOUSE*,*NOUSE*,0,0,0,0,0,0,0,0
364,364,*NOUSE*,*NOUSE*,0,0,0,0,0,0,0,0
365,365,*NOUSE*,*NOUSE*,0,0,0,0,0,0,0,0
366,366,*NOUSE*,*NOUSE*,0,0,0,0,0,0,0,0
367,367,*NOUSE*,*NOUSE*,0,0,0,0,0,0,0,0
368,368,*NOUSE*,*NOUSE*,0,0,0,0,0,0,0,0
369,369,*NOUSE*,*NOUSE*,0,0,0,0,0,0,0,0
370,370,*NOUSE*,*NOUSE*,0,0,0,0,0,0,0,0
371,371,*NOUSE*,*NOUSE*,0,0,0,0,0,0,0,0
372,372,*NOUSE*,*NOUSE*,0,0,0,0,0,0,0,0
373,373,*NOUSE*,*NOUSE*,0,0,0,0,0,0,0,0
374,374,*NOUSE*,*NOUSE*,0,0,0,0,0,0,0,0
375,375,*NOUSE*,*NOUSE*,0,0,0,0,0,0,0,0
376,376,*NOUSE*,*NOUSE*,0,0,0,0,0,0,0,0
377,377,*NOUSE*,*NOUSE*,0,0,0,0,0,0,0,0
378,378,*NOUSE*,*NOUSE*,0,0,0,0,0,0,0,0
379,379,*NOUSE*,*NOUSE*,0,0,0,0,0,0,0,0
380,380,*NOUSE*,*NOUSE*,0,0,0,0,0,0,0,0
381,381,*NOUSE*,*NOUSE*,0,0,0,0,0,0,0,0
382,382,*NOUSE*,*NOUSE*,0,0,0,0,0,0,0,0
383,383,*NOUSE*,*NOUSE*,0,0,0,0,0,0,0,0
384,384,*NOUSE*,*NOUSE*,0,0,0,0,0,0,0,0
385,385,*NOUSE*,*NOUSE*,0,0,0,0,0,0,0,0
386,386,*NOUSE*,*NOUSE*,0,0,0,0,0,0,0,0
387,387,*NOUSE*,*NOUSE*,0,0,0,0,0,0,0,0
388,388,*NOUSE*,*NOUSE*,0,0,0,0,0,0,0,0
389,389,*NOUSE*,*NOUSE*,0,0,0,0,0,0,0,0
390,390,*NOUSE*,*NOUSE*,0,0,0,0,0,0,0,0
391,391,*NOUSE*,*NOUSE*,0,0,0,0,0,0,0,0
392,392,*NOUSE*,*NOUSE*,0,0,0,0,0,0,0,0
393,393,*NOUSE*,*NOUSE*,0,0,0,0,0,0,0,0
394,394,*NOUSE*,*NOUSE*,0,0,0,0,0,0,0,0
395,395,*NOUSE*,*NOUSE*,0,0,0,0,0,0,0,0
396,396,*NOUSE*,*NOUSE*,0,0,0,0,0,0,0,0
397,397,*NOUSE*,*NOUSE*,0,0,0,0,0,0,0,0
398,398,*NOUSE*,*NOUSE*,0,0,0,0,0,0,0,0
399,399,*NOUSE*,*NOUSE*,0,0,0,0,0,0,0,0
400,400,*NOUSE*,*NOUSE*,0,0,0,0,0,0,0,0
401,401,*NOUSE*,*NOUSE*,0,0,0,0,0,0,0,0
402,402,*NOUSE*,*NOUSE*,0,0,0,0,0,0,0,0
403,403,*NOUSE*,*NOUSE*,0,0,0,0,0,0,0,0
404,404,*NOUSE*,*NOUSE*,0,0,0,0,0,0,0,0
405,405,*NOUSE*,*NOUSE*,0,0,0,0,0,0,0,0
406,406,*NOUSE*,*NOUSE*,0,0,0,0,0,0,0,0
407,407,*NOUSE*,*NOUSE*,0,0,0,0,0,0,0,0
408,408,*NOUSE*,*NOUSE*,0,0,0,0,0,0,0,0
409,409,*NOUSE*,*NOUSE*,0,0,0,0,0,0,0,0
410,410,*NOUSE*,*NOUSE*,0,0,0,0,0,0,0,0
411,411,*NOUSE*,*NOUSE*,0,0,0,0,0,0,0,0
412,412,*NOUSE*,*NOUSE*,0,0,0,0,0,0,0,0
413,413,*NOUSE*,*NOUSE*,0,0,0,0,0,0,0,0
414,414,*NOUSE*,*NOUSE*,0,0,0,0,0,0,0,0
415,415,*NOUSE*,*NOUSE*,0,0,0,0,0,0,0,0
416,416,*NOUSE*,*NOUSE*,0,0,0,0,0,0,0,0
417,417,*NOUSE*,*NOUSE*,0,0,0,0,0,0,0,0
418,418,*NOUSE*,*NOUSE*,0,0,0,0,0,0,0,0
419,419,*NOUSE*,*NOUSE*,0,0,0,0,0,0,0,0
420,420,*NOUSE*,*NOUSE*,0,0,0,0,0,0,0,0
421,421,*NOUSE*,*NOUSE*,0,0,0,0,0,0,0,0
422,422,*NOUSE*,*NOUSE*,0,0,0,0,0,0,0,0
423,423,,,77,816,108,122.00,33.88,25.00,3603,122083
424,424,*NOUSE*,*NOUSE*,0,0,0,0,0,0,0,0
425,425,*NOUSE*,*NOUSE*,0,0,0,0,0,0,0,0
426,426,*NOUSE*,*NOUSE*,0,0,0,0,0,0,0,0
427,427,*NOUSE*,*NOUSE*,0,0,0,0,0,0,0,0
428,428,*NOUSE*,*NOUSE*,0,0,0,0,0,0,0,0
429,429,*NOUSE*,*NOUSE*,0,0,0,0,0,0,0,0
430,430,*NOUSE*,*NOUSE*,0,0,0,0,0,0,0,0
431,431,*NOUSE*,*NOUSE*,0,0,0,0,0,0,0,0
432,432,*NOUSE*,*NOUSE*,0,0,0,0,0,0,0,0
433,433,*NOUSE*,*NOUSE*,0,0,0,0,0,0,0,0
434,434,*NOUSE*,*NOUSE*,0,0,0,0,0,0,0,0
435,435,*NOUSE*,*NOUSE*,0,0,0,0,0,0,0,0
436,436,*NOUSE*,*NOUSE*,0,0,0,0,0,0,0,0
437,437,*NOUSE*,*NOUSE*,0,0,0,0,0,0,0,0
438,438,*NOUSE*,*NOUSE*,0,0,0,0,0,0,0,0
439,439,*NOUSE*,*NOUSE*,0,0,0,0,0,0,0,0
440,440,*NOUSE*,*NOUSE*,0,0,0,0,0,0,0,0
441,441,*NOUSE*,*NOUSE*,0,0,0,0,0,0,0,0
442,442,*NOUSE*,*NOUSE*,0,0,0,0,0,0,0,0
443,443,*NOUSE*,*NOUSE*,0,0,0,0,0,0,0,0
444,444,*NOUSE*,*NOUSE*,0,0,0,0,0,0,0,0
445,445,*NOUSE*,*NOUSE*,0,0,0,0,0,0,0,0
446,446,*NOUSE*,*NOUSE*,0,0,0,0,0,0,0,0
447,447,*NOUSE*,*NOUSE*,0,0,0,0,0,0,0,0
448,448,*NOUSE*,*NOUSE*,0,0,0,0,0,0,0,0
449,449,*NOUSE*,*NOUSE*,0,0,0,0,0,0,0,0
450,450,*NOUSE*,*NOUSE*,0,0,0,0,0,0,0,0
451,451,*NOUSE*,*NOUSE*,0,0,0,0,0,0,0,0
452,452,*NOUSE*,*NOUSE*,0,0,0,0,0,0,0,0
453,453,*NOUSE*,*NOUSE*,0,0,0,0,0,0,0,0
454,454,*NOUSE*,*NOUSE*,0,0,0,0,0,0,0,0
455,455,*NOUSE*,*NOUSE*,0,0,0,0,0,0,0,0
456,456,*NOUSE*,*NOUSE*,0,0,0,0,0,0,0,0
457,457,,,79,860,107,117.00,34.74,23.70,3522,122362
458,458,*NOUSE*,,72,1439,25,89.00,60.91,13.86,34,2071
459,459,*NOUSE*,*NOUSE*,0,0,0,0,0,0,0,0
460,460,*NOUSE*,*NOUSE*,0,0,0,0,0,0,0,0
461,461,*NOUSE*,*NOUSE*,0,0,0,0,0,0,0,0
462,462,*NOUSE*,*NOUSE*,0,0,0,0,0,0,0,0
463,463,*NOUSE*,*NOUSE*,0,0,0,0,0,0,0,0
464,464,*NOUSE*,*NOUSE*,0,0,0,0,0,0,0,0
465,465,*NOUSE*,*NOUSE*,0,0,0,0,0,0,0,0
466,466,*NOUSE*,*NOUSE*,0,0,0,0,0,0,0,0
467,467,*NOUSE*,*NOUSE*,0,0,0,0,0,0,0,0
468,468,*NOUSE*,*NOUSE*,0,0,0,0,0,0,0,0
469,469,*NOUSE*,*NOUSE*,0,0,0,0,0,0,0,0
470,470,*NOUSE*,*NOUSE*,0,0,0,0,0,0,0,0
471,471,*NOUSE*,*NOUSE*,0,0,0,0,0,0,0,0
472,472,*NOUSE*,*NOUSE*,0,0,0,0,0,0,0,0
473,473,*NOUSE*,*NOUSE*,0,0,0,0,0,0,0,0
474,474,*NOUSE*,*NOUSE*,0,0,0,0,0,0,0,0
475,475,*NOUSE*,*NOUSE*,0,0,0,0,0,0,0,0
476,476,*NOUSE*,*NOUSE*,0,0,0,0,0,0,0,0
477,477,*NOUSE*,*NOUSE*,0,0,0,0,0,0,0,0
478,478,*NOUSE*,*NOUSE*,0,0,0,0,0,0,0,0
479,479,*NOUSE*,*NOUSE*,0,0,0,0,0,0,0,0
480,480,*NOUSE*,*NOUSE*,0,0,0,0,0,0,0,0
481,481,*NOUSE*,*NOUSE*,0,0,0,0,0,0,0,0
482,482,*NOUSE*,*NOUSE*,0,0,0,0,0,0,0,0
483,483,*NOUSE*,*NOUSE*,0,0,0,0,0,0,0,0
484,484,*NOUSE*,*NOUSE*,0,0,0,0,0,0,0,0
485,485,*NOUSE*,*NOUSE*,0,0,0,0,0,0,0,0
486,486,*NOUSE*,*NOUSE*,0,0,0,0,0,0,0,0
487,487,*NOUSE*,*NOUSE*,0,0,0,0,0,0,0,0
488,488,*NOUSE*,*NOUSE*,0,0,0,0,0,0,0,0
489,489,*NOUSE*,*NOUSE*,0,0,0,0,0,0,0,0
490,490,*NOUSE*,*NOUSE*,0,0,0,0,0,0,0,0
491,491,*NOUSE*,*NOUSE*,0,0,0,0,0,0,0,0
492,492,*NOUSE*,*NOUSE*,0,0,0,0,0,0,0,0
493,493,*NOUSE*,*NOUSE*,0,0,0,0,0,0,0,0
494,494,*NOUSE*,*NOUSE*,0,0,0,0,0,0,0,0
495,495,*NOUSE*,*NOUSE*,0,0,0,0,0,0,0,0
496,496,*NOUSE*,*NOUSE*,0,0,0,0,0,0,0,0
497,497,*NOUSE*,*NOUSE*,0,0,0,0,0,0,0,0
498,498,*NOUSE*,*NOUSE*,0,0,0,0,0,0,0,0
499,499,*NOUSE*,*NOUSE*,0,0,0,0,0,0,0,0
500,500,*NOUSE*,*NOUSE*,0,0,0,0,0,0,0,0
501,501,*NOUSE*,*NOUSE*,0,0,0,0,0,0,0,0
502,502,*NOUSE*,*NOUSE*,0,0,0,0,0,0,0,0
503,503,*NOUSE*,*NOUSE*,0,0,0,0,0,0,0,0
504,504,*NOUSE*,*NOUSE*,0,0,0,0,0,0,0,0
505,505,*NOUSE*,*NOUSE*,0,0,0,0,0,0,0,0
506,506,*NOUSE*,*NOUSE*,0,0,0,0,0,0,0,0
507,507,*NOUSE*,*NOUSE*,0,0,0,0,0,0,0,0
508,508,*NOUSE*,*NOUSE*,0,0,0,0,0,0,0,0
509,509,*NOUSE*,*NOUSE*,0,0,0,0,0,0,0,0
510,510,*NOUSE*,*NOUSE*,0,0,0,0,0,0,0,0
511,511,*NOUSE*,*NOUSE*,0,0,0,0,0,0,0,0
512,512,*NOUSE*,*NOUSE*,0,0,0,0,0,0,0,0
513,513,*NOUSE*,*NOUSE*,0,0,0,0,0,0,0,0
514,514,*NOUSE*,*NOUSE*,0,0,0,0,0,0,0,0
515,515,*NOUSE*,*NOUSE*,0,0,0,0,0,0,0,0
516,516,*NOUSE*,*NOUSE*,0,0,0,0,0,0,0,0
517,517,*NOUSE*,*NOUSE*,0,0,0,0,0,0,0,0
518,518,*NOUSE*,*NOUSE*,0,0,0,0,0,0,0,0
519,519,*NOUSE*,*NOUSE*,0,0,0,0,0,0,0,0
520,520,*NOUSE*,*NOUSE*,0,0,0,0,0,0,0,0
521,521,*NOUSE*,*NOUSE*,0,0,0,0,0,0,0,0
522,522,*NOUSE*,*NOUSE*,0,0,0,0,0,0,0,0
523,523,*NOUSE*,*NOUSE*,0,0,0,0,0,0,0,0
524,524,*NOUSE*,*NOUSE*,0,0,0,0,0,0,0,0
525,525,*NOUSE*,*NOUSE*,0,0,0,0,0,0,0,0
526,526,*NOUSE*,*NOUSE*,0,0,0,0,0,0,0,0
527,527,*NOUSE*,*NOUSE*,0,0,0,0,0,0,0,0
528,528,*NOUSE*,*NOUSE*,0,0,0,0,0,0,0,0
529,529,*NOUSE*,*NOUSE*,0,0,0,0,0,0,0,0
530,530,*NOUSE*,*NOUSE*,0,0,0,0,0,0,0,0
531,531,*NOUSE*,*NOUSE*,0,0,0,0,0,0,0,0
532,532,*NOUSE*,*NOUSE*,0,0,0,0,0,0,0,0
533,533,*NOUSE*,*NOUSE*,0,0,0,0,0,0,0,0
534,534,*NOUSE*,*NOUSE*,0,0,0,0,0,0,0,0
535,535,*NOUSE*,*NOUSE*,0,0,0,0,0,0,0,0
536,536,*NOUSE*,*NOUSE*,0,0,0,0,0,0,0,0
537,537,*NOUSE*,*NOUSE*,0,0,0,0,0,0,0,0
538,538,*NOUSE*,*NOUSE*,0,0,0,0,0,0,0,0
539,539,*NOUSE*,*NOUSE*,0,0,0,0,0,0,0,0
540,540,*NOUSE*,*NOUSE*,0,0,0,0,0,0,0,0
541,541,*NOUSE*,*NOUSE*,0,0,0,0,0,0,0,0
542,542,*NOUSE*,*NOUSE*,0,0,0,0,0,0,0,0
543,543,*NOUSE*,*NOUSE*,0,0,0,0,0,0,0,0
544,544,*NOUSE*,*NOUSE*,0,0,0,0,0,0,0,0
545,545,*NOUSE*,*NOUSE*,0,0,0,0,0,0,0,0
546,546,*NOUSE*,*NOUSE*,0,0,0,0,0,0,0,0
547,547,*NOUSE*,*NOUSE*,0,0,0,0,0,0,0,0
548,548,*NOUSE*,*NOUSE*,0,0,0,0,0,0,0,0
549,549,*NOUSE*,*NOUSE*,0,0,0,0,0,0,0,0
550,550,*NOUSE*,*NOUSE*,0,0,0,0,0,0,0,0
551,551,*NOUSE*,*NOUSE*,0,0,0,0,0,0,0,0
552,552,*NOUSE*,*NOUSE*,0,0,0,0,0,0,0,0
553,553,*NOUSE*,*NOUSE*,0,0,0,0,0,0,0,0
554,554,*NOUSE*,*NOUSE*,0,0,0,0,0,0,0,0
555,555,*NOUSE*,*NOUSE*,0,0,0,0,0,0,0,0
556,556,*NOUSE*,*NOUSE*,0,0,0,0,0,0,0,0
557,557,*NOUSE*,*NOUSE*,0,0,0,0,0,0,0,0
558,558,*NOUSE*,*NOUSE*,0,0,0,0,0,0,0,0
559,559,*NOUSE*,*NOUSE*,0,0,0,0,0,0,0,0
560,560,*NOUSE*,*NOUSE*,0,0,0,0,0,0,0,0
561,561,*NOUSE*,*NOUSE*,0,0,0,0,0,0,0,0
562,562,*NOUSE*,*NOUSE*,0,0,0,0,0,0,0,0
563,563,*NOUSE*,*NOUSE*,0,0,0,0,0,0,0,0
564,564,*NOUSE*,*NOUSE*,0,0,0,0,0,0,0,0
565,565,*NOUSE*,*NOUSE*,0,0,0,0,0,0,0,0
566,566,*NOUSE*,*NOUSE*,0,0,0,0,0,0,0,0
567,567,*NOUSE*,*NOUSE*,0,0,0,0,0,0,0,0
568,568,*NOUSE*,*NOUSE*,0,0,0,0,0,0,0,0
569,569,*NOUSE*,*NOUSE*,0,0,0,0,0,0,0,0
570,570,*NOUSE*,*NOUSE*,0,0,0,0,0,0,0,0
571,571,*NOUSE*,*NOUSE*,0,0,0,0,0,0,0,0
572,572,*NOUSE*,*NOUSE*,0,0,0,0,0,0,0,0
573,573,*NOUSE*,*NOUSE*,0,0,0,0,0,0,0,0
574,574,*NOUSE*,*NOUSE*,0,0,0,0,0,0,0,0
575,575,*NOUSE*,*NOUSE*,0,0,0,0,0,0,0,0
576,576,*NOUSE*,*NOUSE*,0,0,0,0,0,0,0,0
577,577,*NOUSE*,*NOUSE*,0,0,0,0,0,0,0,0
578,578,*NOUSE*,*NOUSE*,0,0,0,0,0,0,0,0
579,579,*NOUSE*,*NOUSE*,0,0,0,0,0,0,0,0
580,580,*NOUSE*,*NOUSE*,0,0,0,0,0,0,0,0
581,581,*NOUSE*,*NOUSE*,0,0,0,0,0,0,0,0
582,582,*NOUSE*,*NOUSE*,0,0,0,0,0,0,0,0
583,583,*NOUSE*,*NOUSE*,0,0,0,0,0,0,0,0
584,584,*NOUSE*,*NOUSE*,0,0,0,0,0,0,0,0
585,585,*NOUSE*,*NOUSE*,0,0,0,0,0,0,0,0
586,586,*NOUSE*,*NOUSE*,0,0,0,0,0,0,0,0
587,587,*NOUSE*,*NOUSE*,0,0,0,0,0,0,0,0
588,588,*NOUSE*,*NOUSE*,0,0,0,0,0,0,0,0
589,589,*NOUSE*,*NOUSE*,0,0,0,0,0,0,0,0
590,590,*NOUSE*,*NOUSE*,0,0,0,0,0,0,0,0
591,591,*NOUSE*,*NOUSE*,0,0,0,0,0,0,0,0
592,592,*NOUSE*,*NOUSE*,0,0,0,0,0,0,0,0
593,593,*NOUSE*,*NOUSE*,0,0,0,0,0,0,0,0
594,594,*NOUSE*,*NOUSE*,0,0,0,0,0,0,0,0
595,595,*NOUSE*,*NOUSE*,0,0,0,0,0,0,0,0
596,596,*NOUSE*,*NOUSE*,0,0,0,0,0,0,0,0
597,597,*NOUSE*,*NOUSE*,0,0,0,0,0,0,0,0
598,598,*NOUSE*,*NOUSE*,0,0,0,0,0,0,0,0
599,599,*NOUSE*,*NOUSE*,0,0,0,0,0,0,0,0
600,600,*NOUSE*,*NOUSE*,0,0,0,0,0,0,0,0
601,601,*NOUSE*,*NOUSE*,0,0,0,0,0,0,0,0
602,602,*NOUSE*,*NOUSE*,0,0,0,0,0,0,0,0
603,603,*NOUSE*,*NOUSE*,0,0,0,0,0,0,0,0
604,604,*NOUSE*,*NOUSE*,0,0,0,0,0,0,0,0
605,605,*NOUSE*,*NOUSE*,0,0,0,0,0,0,0,0
606,606,*NOUSE*,*NOUSE*,0,0,0,0,0,0,0,0
607,607,*NOUSE*,*NOUSE*,0,0,0,0,0,0,0,0
608,608,*NOUSE*,*NOUSE*,0,0,0,0,0,0,0,0
609,609,*NOUSE*,*NOUSE*,0,0,0,0,0,0,0,0
610,610,*NOUSE*,*NOUSE*,0,0,0,0,0,0,0,0
611,611,*NOUSE*,*NOUSE*,0,0,0,0,0,0,0,0
612,612,*NOUSE*,*NOUSE*,0,0,0,0,0,0,0,0
613,613,*NOUSE*,*NOUSE*,0,0,0,0,0,0,0,0
614,614,*NOUSE*,,91,1142,88,69.00,53.32, 8.46,44,2346
615,615,*NOUSE*,,93,1432,84,136.00,96.25,21.45,36,3465
616,616,*NOUSE*,*NOUSE*,0,0,0,0,0,0,0,0
617,617,*NOUSE*,*NOUSE*,0,0,0,0,0,0,0,0
618,618,*NOUSE*,*NOUSE*,0,0,0,0,0,0,0,0
619,619,*NOUSE*,*NOUSE*,0,0,0,0,0,0,0,0
620,620,,*MANUAL*,69,492,51,157.00,98.23,24.30,843,82809
621,621,,*MANUAL*,69,517,49,136.00,67.55,24.15,1365,92201
622,622,,*MANUAL*,69,546,48,121.00,69.18,21.69,1365,94426
623,623,,*MANUAL*,72,620,45,131.00,77.58,17.82,895,69437
624,624,,*MANUAL*,72,645,44,104.00,69.34,12.67,895,62060
625,625,,*MANUAL*,71,702,44,111.00,62.88,20.21,856,53826
626,626,,*MANUAL*,70,765,43,129.00,69.23,21.63,895,61960
627,627,,*MANUAL*,70,801,48,122.00,71.24,17.96,895,63762
628,628,,*MANUAL*,72,857,44,134.00,74.45,24.84,1365,101626
629,629,,*MANUAL*,70,881,44,133.00,89.71,23.87,895,80294
630,630,,*MANUAL*,73,954,41,137.00,78.31,24.55,1365,106897
631,631,,*MANUAL*,71,1000,40,165.00,91.99,28.28,895,82334
632,632,,*MANUAL*,70,1026,40,167.00,102.77,26.18,895,91982
633,633,,*MANUAL*,71,1086,40,183.00,99.04,29.60,1365,135192
634,634,,*MANUAL*,71,1111,39,174.00,92.70,28.15,1365,126532
635,635,,*MANUAL*,81,1128,54,91.00,34.80,14.78,2103,73179
636,636,,*MANUAL*,57,1115,56,102.00,39.20,17.07,2969,116380
637,637,,*MANUAL*,78,1110,96,64.00,21.87,10.12,2103,45986
638,638,,*MANUAL*,57,1118,94,89.00,26.22,11.55,2103,55142
639,639,,*MANUAL*,63,1063,96,70.00,22.40,11.74,2103,47113
640,640,,*MANUAL*,74,1052,54,55.00,20.60, 9.36,2103,43317
641,641,,*MANUAL*,73,1004,96,69.00,21.93,10.14,2103,46123
642,642,,*MANUAL*,74,973,58,49.00,16.34, 7.20,2969,48521
643,643,,*MANUAL*,74,915,94,49.00,15.95, 7.04,2103,33543
644,644,,*MANUAL*,70,888,58,57.00,14.36, 8.07,2103,30194
645,645,,*MANUAL*,65,828,94,50.00,15.32, 8.18,2103,32215
646,646,,*MANUAL*,78,787,76,66.00,17.58, 9.73,2087,36698
647,647,,*MANUAL*,74,682,89,45.00,14.50, 6.46,2103,30490
648,648,,*MANUAL*,62,729,79,50.00,17.87, 7.92,2969,53058
649,649,,*MANUAL*,71,582,89,54.00,25.95, 8.45,2019,52388
650,650,,*MANUAL*,75,612,56,62.00,10.74, 7.06,2103,22580
651,651,,*MANUAL*,74,485,86,40.00,17.50, 6.10,2103,36807
652,652,,*MANUAL*,69,519,61,72.00,28.46,13.89,1365,38850
653,653,,*MANUAL*,69,436,60,76.00,33.00,10.70,1365,45041
654,654,,*MANUAL*,78,423,91,80.00,31.33,13.01,1365,42764
655,655,,*MANUAL*,59,791,61,118.00,71.88,18.63,1347,96821
656,656,,*MANUAL*,60,767,64,101.00,49.52,16.89,2969,147013
657,657,,*MANUAL*,75,738,62,84.00,41.03,13.23,2103,86282
658,658,,*MANUAL*,76,718,59,98.00,56.01,15.85,1365,76459
659,659,,*MANUAL*,89,1052,75,147.00,69.08,29.82,1365,94301
660,660,,*MANUAL*,85,930,97,138.00,73.36,27.87,1335,97942
661,661,,*MANUAL*,89,784,78,104.00,65.99,15.77,895,59063
662,662,,*MANUAL*,89,750,64,126.00,68.81,17.28,1365,93922
663,663,,*MANUAL*,47,1112,73,199.00,101.44,35.99,1365,138470
664,664,,*MANUAL*,51,914,94,141.00,74.71,21.19,895,66867
665,665,,*MANUAL*,52,827,78,113.00,64.30,20.13,1365,87769
666,666,,*MANUAL*,48,748,66,147.00,72.58,27.23,1365,99069
667,667,,*MANUAL*,93,1079,75,81.00,33.32,13.23,2103,70073
668,668,,*MANUAL*,91,1029,87,67.00,25.92,12.29,2103,54511
669,669,,*MANUAL*,92,1011,60,101.00,49.49,18.27,1365,67552
670,670,,*MANUAL*,93,959,68,66.00,29.76,13.59,2103,62592
671,671,*NOUSE*,*NOUSE*,0,0,0,0,0,0,0,0
672,672,,*MANUAL*,93,909,61,87.00,40.23,14.95,2103,84599
673,673,,*MANUAL*,92,845,66,79.00,26.45,13.73,2103,55623
674,674,,*MANUAL*,93,787,90,60.00,20.01, 9.63,2103,42081
675,675,,*MANUAL*,92,789,61,81.00,39.49,14.25,1365,53902
676,676,,*MANUAL*,91,703,63,68.00,27.13,14.43,1365,37032
677,677,,*MANUAL*,92,669,80,50.00,20.00, 8.24,2103,42062
678,678,,*MANUAL*,91,652,54,68.00,26.45,13.63,2103,55625
679,679,,*MANUAL*,88,577,78,80.00,46.81,11.52,2103,98451
680,680,,*MANUAL*,88,560,63,64.00,18.57, 7.84,1365,25345
681,681,,*MANUAL*,87,531,58,80.00,39.64,14.68,1365,54107
682,682,,*MANUAL*,88,537,86,61.00,22.63, 9.32,2103,47595
683,683,,*MANUAL*,88,478,67,85.00,29.99,12.04,2103,63061
684,684,,*MANUAL*,84,397,60,107.00,57.90,20.16,888,51416
685,685,,*MANUAL*,82,426,59,92.00,52.10,19.49,1365,71123
686,686,,*MANUAL*,46,1080,72,124.00,50.19,21.90,1365,68505
687,687,,*MANUAL*,47,1043,83,73.00,22.22,11.25,2103,46719
688,688,,*MANUAL*,46,1000,60,124.00,57.39,27.24,1365,78342
689,689,,*MANUAL*,48,937,86,73.00,26.30,13.79,2103,55319
690,690,,*MANUAL*,47,952,64,99.00,35.82,16.83,2103,75325
691,691,,*MANUAL*,48,902,61,138.00,54.81,23.15,1365,74811
692,692,,*MANUAL*,48,793,90,58.00,20.74,11.17,2103,43615
693,693,,*MANUAL*,48,845,66,92.00,35.72,16.93,2103,75124
694,694,,*MANUAL*,49,796,64,111.00,60.93,18.46,1365,83175
695,695,,*MANUAL*,47,699,68,83.00,37.92,13.48,1365,51764
696,696,,*MANUAL*,50,663,58,105.00,49.69,21.56,1330,66088
697,697,,*MANUAL*,53,659,74,87.00,46.61,15.28,2103,98018
698,698,,*MANUAL*,54,641,89,69.00,22.45,12.09,2103,47202
699,699,,*MANUAL*,59,618,79,53.00,11.77, 6.60,2103,24747
700,700,,*MANUAL*,52,574,69,86.00,33.11,16.31,2103,69633
701,701,,*MANUAL*,52,540,62,94.00,46.61,16.27,1365,63627
702,702,,*MANUAL*,53,520,87,66.00,24.89,10.63,2103,52350
703,703,,*MANUAL*,53,485,78,88.00,31.80,17.13,1365,43408
704,704,,*MANUAL*,54,407,67,100.00,55.31,17.48,1365,75497
705,705,,*MANUAL*,54,454,65,101.00,51.02,20.20,1365,69644
706,706,,*MANUAL*,55,359,89,135.00,39.46,22.90,1352,53348
707,707,,*MANUAL*,83,346,86,100.00,52.44,19.75,1235,64764
708,708,,*MANUAL*,86,1571,78,128.00,73.77,19.54,895,66022
709,709,,*MANUAL*,86,1546,84,171.00,82.12,28.72,1271,104370
710,710,,*MANUAL*,83,1508,93,154.00,73.19,24.07,895,65503
711,711,,*MANUAL*,87,1473,90,120.00,62.63,19.26,895,56058
712,712,,*MANUAL*,83,1405,97,114.00,55.89,21.85,732,40910
713,713,,*MANUAL*,88,1386,91,133.00,62.30,25.03,864,53824
714,714,,*MANUAL*,86,1572,47,153.00,77.64,25.22,891,69178
715,715,,*MANUAL*,83,1544,38,169.00,67.94,31.29,1365,92737
716,716,,*MANUAL*,82,1505,34,162.00,67.42,29.39,895,60345
717,717,,*MANUAL*,90,1459,41,146.00,84.20,25.10,895,75361
718,718,,*MANUAL*,79,1409,30,140.00,67.01,27.00,1365,91475
719,719,,*MANUAL*,89,1382,39,143.00,81.84,20.62,895,73249
720,720,,*MANUAL*,52,1565,80,151.00,78.61,22.21,895,70358
721,721,,*MANUAL*,55,1541,88,166.00,83.49,34.28,1298,108364
722,722,,*MANUAL*,58,1506,94,167.00,80.27,25.24,895,71843
723,723,,*MANUAL*,52,1463,91,159.00,81.91,27.30,769,62991
724,724,,*MANUAL*,59,1416,99,160.00,76.88,33.93,895,68810
725,725,,*MANUAL*,53,1376,91,141.00,80.04,24.91,895,71632
726,726,,*MANUAL*,49,1559,47,162.00,76.05,34.49,885,67305
727,727,,*MANUAL*,52,1533,43,156.00,82.03,27.05,895,73417
728,728,,*MANUAL*,55,1494,38,150.00,79.66,24.62,895,71298
729,729,,*MANUAL*,48,1454,44,176.00,110.45,31.55,879,97089
730,730,,*MANUAL*,56,1426,33,234.00,95.19,37.68,852,81105
731,731,,*MANUAL*,48,1403,40,186.00,109.52,30.18,767,84000
732,732,,*MANUAL*,79,484,53,135.00,54.32,23.43,1365,74145
733,733,,*MANUAL*,79,565,50,99.00,43.80,13.26,895,39204
734,734,,*MANUAL*,80,701,50,85.00,41.81,14.70,1365,57064
735,735,,*MANUAL*,84,771,57,140.00,75.62,23.28,1365,103219
736,736,,*MANUAL*,84,807,54,130.00,65.89,22.26,1365,89937
737,737,,*MANUAL*,73,781,53,100.00,64.23,15.20,895,57483
738,738,,*MANUAL*,84,851,48,105.00,54.89,17.87,1365,74929
739,739,,*MANUAL*,79,902,45,120.00,58.76,21.14,1365,80201
740,740,,*MANUAL*,86,967,49,113.00,59.53,17.16,1365,81257
741,741,,*MANUAL*,81,1019,41,170.00,67.02,31.70,1365,91479
742,742,,*MANUAL*,84,1098,42,157.00,66.80,26.87,1365,91180
743,743,,*MANUAL*,82,1159,44,148.00,74.41,28.29,895,66596
744,744,,*MANUAL*,86,1211,44,116.00,56.31,19.30,893,50289
745,745,,*MANUAL*,85,1267,39,166.00,94.73,34.55,895,84782
746,746,,*MANUAL*,61,493,56,112.00,62.37,19.93,895,55817
747,747,,*MANUAL*,58,585,55,112.00,47.25,18.05,1365,64503
748,748,,*MANUAL*,57,657,52,116.00,63.18,21.04,895,56550
749,749,,*MANUAL*,57,738,54,123.00,62.69,22.73,1365,85570
750,750,,*MANUAL*,57,819,53,137.00,71.16,22.37,1365,97140
751,751,,*MANUAL*,58,877,49,109.00,44.00,19.98,1365,60055
752,752,,*MANUAL*,58,951,47,126.00,77.71,22.77,895,69547
753,753,,*MANUAL*,58,1013,46,155.00,75.35,33.88,1365,102846
754,754,,*MANUAL*,58,1037,49,213.00,147.65,35.34,827,122109
755,755,,*MANUAL*,52,1042,54,210.00,112.48,34.99,895,100668
756,756,,*MANUAL*,56,1071,44,150.00,71.26,31.76,1365,97273
757,757,,*MANUAL*,55,1148,42,144.00,69.76,34.99,1365,95216
758,758,,*MANUAL*,57,1171,44,192.00,103.09,30.78,895,92268
759,759,,*MANUAL*,51,1211,44,158.00,75.49,34.61,1365,103045
760,760,,*MANUAL*,59,1286,37,186.00,93.24,30.77,895,83447
761,761,,*MANUAL*,83,452,93,93.00,40.61,19.24,1365,55439
762,762,,*MANUAL*,81,506,96,115.00,56.26,17.72,1365,76789
763,763,,*MANUAL*,81,578,95,87.00,49.23,13.44,1365,67201
764,764,,*MANUAL*,79,658,101,93.00,41.71,18.07,1365,56936
765,765,,*MANUAL*,79,731,105,103.00,56.94,18.52,895,50965
766,766,,*MANUAL*,78,935,106,127.00,63.36,20.52,1365,86488
767,767,,*MANUAL*,84,990,104,109.00,53.48,19.27,1365,73003
768,768,,*MANUAL*,80,1050,107,97.00,50.29,18.09,1365,68649
769,769,,*MANUAL*,81,1135,106,139.00,52.46,28.80,1365,71610
770,770,,*MANUAL*,78,1172,109,142.00,70.31,25.02,1365,95969
771,771,,*MANUAL*,85,1227,108,136.00,73.87,23.72,895,66110
772,772,,*MANUAL*,77,1287,109,164.00,93.56,26.49,895,83734
773,773,,*MANUAL*,64,474,96,91.00,39.94,15.68,1365,54520
774,774,,*MANUAL*,64,551,99,110.00,49.11,18.78,1365,67037
775,775,,*MANUAL*,64,637,99,107.00,49.03,15.36,1365,66931
776,776,,*MANUAL*,62,703,102,95.00,46.31,17.23,1365,63210
777,777,,*MANUAL*,60,784,104,96.00,44.43,16.90,1365,60643
778,778,,*MANUAL*,62,868,108,106.00,59.54,18.12,895,53288
779,779,,*MANUAL*,57,928,103,103.00,53.94,17.15,1365,73634
780,780,,*MANUAL*,63,971,109,131.00,56.78,25.49,1365,77500
781,781,,*MANUAL*,54,1043,102,137.00,82.32,20.32,895,73672
782,782,,*MANUAL*,58,1095,107,108.00,40.46,26.56,1365,55226
783,783,,*MANUAL*,53,1166,103,159.00,69.15,29.37,1365,94393
784,784,,*MANUAL*,59,1201,112,159.00,75.90,30.47,895,67933
785,785,,*MANUAL*,59,1257,108,174.00,93.75,27.68,1351,126663
786,786,,*MANUAL*,62,1291,106,184.00,77.90,25.67,895,69724
787,787,,*MANUAL*,71,1255,111,181.00,90.89,30.46,1365,124067
788,788,,*MANUAL*,77,277,74,118.00,59.24,20.71,1365,80868
789,789,,*MANUAL*,76,264,64,188.00,106.94,36.59,895,95710
790,790,,*MANUAL*,76,297,71,193.00,110.95,33.67,895,99301
791,791,,*MANUAL*,77,306,82,197.00,113.94,35.31,895,101977
792,792,,*MANUAL*,77,317,69,166.00,116.95,19.73,859,100463
793,793,*NOUSE*,*NOUSE*,0,0,0,0,0,0,0,0
794,794,,*MANUAL*,79,338,74,166.00,108.42,17.81,867,94002
795,795,,*MANUAL*,79,341,64,153.00,104.80,22.02,895,93798
796,796,,*MANUAL*,81,357,70,137.00,86.16,20.03,895,77111
797,797,,*MANUAL*,81,380,71,149.00,93.59,17.92,895,83767
798,798,,*MANUAL*,81,401,70,134.00,90.52,18.61,895,81018
799,799,*NOUSE*,*NOUSE*,0,0,0,0,0,0,0,0
800,800,,*MANUAL*,64,281,78,120.00,56.94,24.08,1365,77728
801,801,,*MANUAL*,63,271,67,198.00,119.05,32.50,895,106548
802,802,,*MANUAL*,63,303,73,191.00,125.16,30.81,895,112017
803,803,,*MANUAL*,63,311,83,187.00,128.02,24.36,895,114574
804,804,,*MANUAL*,59,321,71,159.00,93.19,23.25,895,83402
805,805,,*MANUAL*,59,327,82,207.00,133.63,31.29,895,119600
806,806,,*MANUAL*,58,339,77,186.00,116.77,30.72,860,100425
807,807,,*MANUAL*,58,345,69,181.00,116.25,23.27,895,104043
808,808,,*MANUAL*,57,359,76,164.00,109.97,19.65,895,98423
809,809,,*MANUAL*,57,387,74,149.00,95.24,20.08,895,85243
810,810,,*MANUAL*,61,367,86,153.00,100.18,23.21,889,89064
811,811,,*MANUAL*,63,344,94,154.00,73.96,25.64,895,66193
812,812,,*MANUAL*,76,368,85,134.00,78.64,22.96,895,70384
813,813,,*MANUAL*,73,302,60,151.00,91.43,28.39,895,81829
814,814,,*MANUAL*,63,306,60,159.00,102.53,22.25,895,91765
815,815,,*MANUAL*,67,394,82,138.00,97.06,14.84,872,84639
816,816,,*MANUAL*,76,394,84,154.00,86.70,27.86,895,77595
817,817,,*MANUAL*,68,372,93,144.00,102.48,17.69,895,91717
818,818,,*MANUAL*,68,355,76,195.00,120.38,20.87,895,107742
819,819,,*MANUAL*,68,328,61,125.00,66.78,20.61,1365,91156
820,820,,*MANUAL*,70,347,85,163.00,106.79,17.36,895,95577
821,821,,*MANUAL*,70,332,74,165.00,114.78,17.40,895,102728
822,822,,*MANUAL*,70,321,85,183.00,102.54,21.04,895,91776
823,823,,*MANUAL*,70,294,88,154.00,74.23,34.15,1365,101325
824,824,,*MANUAL*,70,256,77,164.00,87.29,27.00,1365,119145
825,825,,*MANUAL*,69,255,58,150.00,77.30,29.15,1365,105521
826,826,,*MANUAL*,70,232,65,166.00,92.12,29.02,1365,125745
827,827,,*MANUAL*,69,201,63,159.00,92.64,31.04,1365,126459
828,828,,*MANUAL*,70,165,65,171.00,79.50,27.98,1365,108522
829,829,,*MANUAL*,72,143,70,207.00,84.22,41.14,1365,114961
830,830,,*MANUAL*,71,109,70,150.00,68.82,36.72,1365,93936
831,831,,*MANUAL*,74,195,74,154.00,80.54,23.67,895,72080
832,832,,*MANUAL*,67,359,53,129.00,68.16,25.59,1365,93045
833,833,,*MANUAL*,71,372,65,167.00,103.05,19.31,857,88312
834,834,,*MANUAL*,71,390,61,195.00,130.48,24.61,895,116776
835,835,,*MANUAL*,76,379,60,176.00,98.90,26.64,895,88516
836,836,*NOUSE*,*NOUSE*,0,0,0,0,0,0,0,0
837,837,,*MANUAL*,60,377,61,162.00,104.90,21.08,895,93887
838,838,,*MANUAL*,60,396,61,184.00,118.99,27.38,895,106499
839,839,,*MANUAL*,64,416,57,154.00,80.61,27.85,1365,110029
840,840,,*MANUAL*,66,1161,93,181.00,106.05,32.22,895,94911
841,841,,*MANUAL*,66,1164,66,195.00,113.99,32.98,893,101792
842,842,,*MANUAL*,75,1170,62,220.00,121.53,40.47,881,107067
843,843,,*MANUAL*,55,1170,83,196.00,123.29,34.33,895,110345
844,844,,*MANUAL*,80,1174,93,193.00,105.98,35.19,895,94850
845,845,,*MANUAL*,66,1172,98,179.00,112.40,24.10,895,100595
846,846,,*MANUAL*,72,1178,67,158.00,82.06,25.82,895,73445
847,847,,*MANUAL*,58,1189,88,110.00,46.60,21.29,1365,63610
848,848,,*MANUAL*,77,1189,59,204.00,123.89,30.50,895,110884
849,849,,*MANUAL*,64,1189,58,223.00,126.03,41.56,895,112797
850,850,,*MANUAL*,80,1201,97,203.00,119.78,25.40,882,105647
851,851,,*MANUAL*,70,1207,96,131.00,71.98,20.55,1365,98256
852,852,,*MANUAL*,71,1202,51,176.00,107.05,28.73,895,95810
853,853,,*MANUAL*,83,1203,66,122.00,61.86,17.36,1365,84444
854,854,,*MANUAL*,59,1203,64,184.00,65.82,30.01,895,58910
855,855,,*MANUAL*,86,1207,87,144.00,78.51,31.01,895,70270
856,856,,*MANUAL*,51,1205,79,179.00,103.28,23.72,871,89955
857,857,,*MANUAL*,79,1230,97,191.00,130.04,26.70,895,116383
858,858,,*MANUAL*,56,1227,92,203.00,123.11,34.13,895,110184
859,859,,*MANUAL*,67,1228,100,157.00,87.59,26.67,1365,119563
860,860,,*MANUAL*,83,1228,67,133.00,85.73,14.54,895,76727
861,861,,*MANUAL*,58,1226,60,169.00,106.91,24.34,895,95685
862,862,,*MANUAL*,70,1234,53,193.00,128.72,23.15,895,115201
863,863,,*MANUAL*,69,1246,99,226.00,130.40,31.50,895,116704
864,864,,*MANUAL*,53,1235,77,155.00,80.05,27.68,1365,109263
865,865,,*MANUAL*,83,1242,86,179.00,111.54,22.67,895,99824
866,866,*NOUSE*,*NOUSE*,0,0,0,0,0,0,0,0
867,867,,*MANUAL*,75,1249,60,197.00,116.75,32.16,895,104495
868,868,,*MANUAL*,65,1249,60,206.00,120.22,31.88,861,103512
869,869,,*MANUAL*,81,1256,79,158.00,98.51,23.30,895,88170
870,870,,*MANUAL*,58,1254,75,203.00,134.75,34.84,895,120598
871,871,,*MANUAL*,58,1243,64,244.00,167.59,41.10,895,149990
872,872,,*MANUAL*,82,1245,70,175.00,126.89,20.84,895,113567
873,873,,*MANUAL*,73,1256,92,181.00,109.43,31.27,895,97944
874,874,,*MANUAL*,61,1255,92,196.00,125.60,28.46,895,112416
875,875,,*MANUAL*,71,1267,67,185.00,110.43,28.19,895,98834
876,876,,*MANUAL*,75,1274,86,174.00,112.51,27.24,891,100247
877,877,,*MANUAL*,63,1268,81,160.00,82.37,28.68,895,73720
878,878,,*MANUAL*,68,1409,75,198.00,96.53,31.96,1365,131764
879,879,,*MANUAL*,76,1414,60,227.00,133.01,38.53,871,115856
880,880,,*MANUAL*,63,1408,56,229.00,138.27,39.36,895,123755
881,881,,*MANUAL*,66,1443,81,227.00,139.36,38.24,895,124729
882,882,,*MANUAL*,83,1442,57,182.00,117.79,25.53,895,105421
883,883,,*MANUAL*,58,1443,53,210.00,146.76,32.47,895,131347
884,884,,*MANUAL*,85,1457,69,159.00,98.45,25.72,895,88117
885,885,,*MANUAL*,55,1462,62,225.00,132.07,38.82,846,111734
886,886,,*MANUAL*,79,1456,45,187.00,109.94,32.51,895,98395
887,887,,*MANUAL*,64,1458,43,190.00,109.82,27.49,881,96754
888,888,,*MANUAL*,69,1458,85,239.00,158.52,32.07,734,116357
889,889,,*MANUAL*,76,1456,82,221.00,131.15,32.75,895,117377
890,890,,*MANUAL*,61,1458,81,221.00,142.26,28.77,847,120490
891,891,,*MANUAL*,63,1464,56,250.00,152.75,42.95,895,136710
892,892,,*MANUAL*,55,1461,48,233.00,154.59,32.01,895,138358
893,893,,*MANUAL*,78,1463,58,245.00,154.15,40.06,713,109908
894,894,,*MANUAL*,86,1463,56,242.00,158.31,41.61,895,141684
895,895,,*MANUAL*,72,1476,46,199.00,121.46,31.23,853,103605
896,896,,*MANUAL*,81,1479,51,229.00,146.66,42.40,883,129504
897,897,,*MANUAL*,64,1481,50,253.00,167.16,51.94,891,148942
898,898,,*MANUAL*,83,1483,64,213.00,130.00,40.96,876,113884
899,899,,*MANUAL*,59,1483,60,249.00,130.34,51.23,895,116655
900,900,,*MANUAL*,81,1479,76,164.00,109.46,20.03,839,91841
901,901,,*MANUAL*,59,1479,74,175.00,113.15,22.92,895,101267
902,902,,*MANUAL*,73,1479,81,225.00,128.07,40.34,801,102587
903,903,,*MANUAL*,68,1472,81,241.00,139.10,38.32,895,124497
904,904,,*MANUAL*,68,1501,83,157.00,77.14,29.22,895,69044
905,905,,*MANUAL*,81,1499,57,188.00,114.09,34.33,886,101083
906,906,,*MANUAL*,61,1500,55,211.00,141.87,29.95,883,125275
907,907,,*MANUAL*,59,1518,61,163.00,82.61,31.02,895,73934
908,908,,*MANUAL*,80,1518,62,123.00,64.69,18.88,895,57895
909,909,,*MANUAL*,62,1518,78,151.00,78.81,17.07,873,68798
910,910,,*MANUAL*,75,1546,76,120.00,58.69,21.03,751,44073
911,911,,*MANUAL*,81,1537,55,177.00,107.24,32.05,879,94267
912,912,,*MANUAL*,57,1535,55,203.00,121.78,31.64,829,100952
913,913,,*MANUAL*,69,1543,80,186.00,111.82,27.68,895,100082
914,914,,*MANUAL*,75,1560,51,148.00,75.23,23.47,852,64098
915,915,,*MANUAL*,62,1542,53,154.00,81.32,25.49,895,72785
916,916,,*MANUAL*,79,1568,54,191.00,105.28,40.12,895,94223
917,917,,*MANUAL*,56,1562,54,236.00,130.13,43.72,895,116465
918,918,,*MANUAL*,70,1568,78,186.00,98.09,38.90,895,87788
919,919,,*MANUAL*,69,1586,80,185.00,88.87,33.57,895,79536
920,920,,*MANUAL*,71,1620,80,110.00,52.33,23.64,895,46833
921,921,,*MANUAL*,78,1631,55,156.00,66.56,30.13,895,59569
922,922,,*MANUAL*,78,1604,54,183.00,91.29,38.15,895,81706
923,923,,*MANUAL*,78,1590,54,175.00,98.74,33.77,895,88372
924,924,,*MANUAL*,59,1624,57,137.00,66.78,26.08,895,59769
925,925,,*MANUAL*,58,1597,55,184.00,100.91,37.35,895,90314
926,926,,*MANUAL*,58,1582,54,219.00,109.17,45.83,895,97708
927,927,*NOUSE*,*NOUSE*,0,0,0,0,0,0,0,0
928,928,,*MANUAL*,94,1117,71,75.00,26.43,12.23,2969,78483
929,929,,*MANUAL*,93,1138,82,76.00,31.48,13.37,2103,66201
930,930,,*MANUAL*,98,1248,80,88.00,42.51,15.46,1365,58026
931,931,,*MANUAL*,90,1258,95,130.00,76.16,22.25,895,68167
932,932,,*MANUAL*,42,1153,68,117.00,41.45,18.64,2103,87165
933,933,,*MANUAL*,42,1162,86,117.00,50.24,26.48,2103,105648
934,934,,*MANUAL*,93,1162,79,78.00,30.31,13.14,2103,63742
935,935,,*MANUAL*,42,1204,75,132.00,54.52,22.01,1365,74422
936,936,,*MANUAL*,45,1250,92,138.00,70.26,28.01,1365,95900
937,937,,*MANUAL*,93,1187,79,179.00,92.63,30.99,895,82904
938,938,,*MANUAL*,93,1191,66,160.00,88.68,20.91,895,79369
939,939,,*MANUAL*,94,1225,64,157.00,99.20,18.97,895,88785
940,940,,*MANUAL*,93,1243,65,166.00,106.31,26.12,895,95143
941,941,,*MANUAL*,90,1267,82,180.00,120.49,33.18,895,107837
942,942,,*MANUAL*,91,1275,93,193.00,122.77,31.70,889,109141
943,943,,*MANUAL*,94,1256,61,166.00,97.84,26.82,895,87567
944,944,,*MANUAL*,95,1282,78,166.00,111.59,26.32,895,99877
945,945,,*MANUAL*,95,1273,64,187.00,120.67,27.75,867,104619
946,946,,*MANUAL*,93,1295,62,131.00,87.73,15.66,1365,119757
947,947,,*MANUAL*,92,1298,82,164.00,91.99,25.84,892,82053
948,948,,*MANUAL*,92,1317,73,156.00,87.37,31.61,893,78024
949,949,,*MANUAL*,96,1314,56,183.00,119.60,25.23,895,107045
950,950,,*MANUAL*,94,1329,62,142.00,100.08,15.75,895,89571
951,951,,*MANUAL*,92,1345,54,199.00,117.33,43.24,895,105013
952,952,,*MANUAL*,90,1364,53,171.00,118.70,22.75,895,106236
953,953,,*MANUAL*,91,1336,78,163.00,92.75,36.09,895,83010
954,954,,*MANUAL*,91,1352,69,176.00,99.26,30.91,895,88838
955,955,,*MANUAL*,92,1369,72,153.00,99.90,20.97,895,89414
956,956,,*MANUAL*,89,1350,85,170.00,93.22,40.59,877,81756
957,957,,*MANUAL*,86,1286,98,217.00,118.02,41.71,895,105628
958,958,,*MANUAL*,86,1299,94,191.00,112.06,29.87,895,100297
959,959,,*MANUAL*,88,1316,91,180.00,105.54,32.61,895,94458
960,960,,*MANUAL*,83,1328,83,172.00,109.59,24.79,895,98083
961,961,,*MANUAL*,47,1170,71,221.00,98.12,50.27,2103,206344
962,962,,*MANUAL*,43,1228,62,189.00,123.59,27.14,895,110615
963,963,,*MANUAL*,43,1243,60,236.00,144.98,39.84,895,129756
964,964,,*MANUAL*,44,1248,72,239.00,140.72,51.14,895,125943
965,965,,*MANUAL*,46,1263,76,214.00,130.69,42.63,895,116968
966,966,,*MANUAL*,48,1273,84,238.00,132.91,50.20,895,118958
967,967,,*MANUAL*,45,1259,64,218.00,146.31,33.32,895,130951
968,968,,*MANUAL*,45,1277,73,223.00,135.82,41.56,895,121562
969,969,,*MANUAL*,45,1274,58,215.00,143.55,35.46,895,128477
970,970,,*MANUAL*,45,1293,56,174.00,115.34,30.83,895,103226
971,971,,*MANUAL*,46,1296,73,148.00,89.55,27.29,895,80150
972,972,,*MANUAL*,45,1316,67,172.00,110.79,27.80,895,99160
973,973,,*MANUAL*,46,1311,53,226.00,139.36,34.05,895,124728
974,974,,*MANUAL*,46,1331,55,178.00,116.78,23.83,1362,159060
975,975,,*MANUAL*,46,1348,49,236.00,155.73,37.93,895,139379
976,976,,*MANUAL*,46,1365,50,223.00,146.11,39.83,895,130772
977,977,,*MANUAL*,47,1338,67,183.00,119.55,30.07,895,106999
978,978,,*MANUAL*,47,1358,64,183.00,129.14,23.48,895,115579
979,979,,*MANUAL*,46,1379,68,204.00,112.82,41.50,895,100977
980,980,,*MANUAL*,50,1283,93,238.00,137.52,46.00,895,123083
981,981,,*MANUAL*,52,1300,86,207.00,130.81,29.03,895,117074
982,982,,*MANUAL*,50,1315,86,204.00,135.45,33.98,881,119330
983,983,,*MANUAL*,51,1330,80,180.00,108.37,32.60,895,96993
984,984,,*MANUAL*,48,1363,78,202.00,133.39,38.94,769,102580
985,985,,*MANUAL*,69,1377,101,169.00,99.12,30.79,895,88708
986,986,,*MANUAL*,71,1360,99,180.00,107.86,33.63,895,96533
987,987,,*MANUAL*,83,1359,92,198.00,123.40,35.28,892,110075
988,988,,*MANUAL*,57,1361,95,207.00,124.72,46.46,895,111624
989,989,,*MANUAL*,77,1349,92,187.00,128.66,26.21,893,114893
990,990,,*MANUAL*,64,1349,92,171.00,112.37,25.82,895,100572
991,991,,*MANUAL*,75,1330,96,156.00,98.53,25.63,895,88182
992,992,,*MANUAL*,59,1333,90,154.00,100.06,24.70,895,89556
993,993,,*MANUAL*,75,1311,96,165.00,108.02,23.78,895,96674
994,994,,*MANUAL*,61,1313,93,164.00,106.45,21.41,895,95272
995,995,,*MANUAL*,76,1290,96,188.00,116.75,30.57,895,104494
996,996,,*MANUAL*,61,1293,94,182.00,112.60,28.11,895,100780
997,997,,*MANUAL*,75,1272,104,205.00,126.94,38.38,895,113614
998,998,,*MANUAL*,59,1276,98,219.00,135.83,38.42,895,121569
999,999,,*MANUAL*,75,1366,86,235.00,143.04,43.86,895,128019
1000,1000,,*MANUAL*,61,1368,85,239.00,153.40,40.25,895,137295
1001,1001,,*MANUAL*,83,1359,75,207.00,126.06,26.61,895,112824
1002,1002,,*MANUAL*,83,1342,85,190.00,131.16,21.45,895,117384
1003,1003,,*MANUAL*,55,1359,78,239.00,159.05,35.62,895,142352
1004,1004,,*MANUAL*,51,1344,78,202.00,116.23,34.13,895,104029
1005,1005,,*MANUAL*,84,1281,87,215.00,137.44,30.34,895,123010
1006,1006,,*MANUAL*,84,1313,79,161.00,110.19,20.18,895,98616
1007,1007,,*MANUAL*,55,1312,77,192.00,119.69,28.73,895,107123
1008,1008,,*MANUAL*,53,1288,77,230.00,128.38,31.30,895,114904
1009,1009,,*MANUAL*,83,1346,63,189.00,136.39,22.84,895,122066
1010,1010,,*MANUAL*,83,1326,63,176.00,114.51,19.15,895,102482
1011,1011,,*MANUAL*,83,1298,76,210.00,119.91,26.29,895,107318
1012,1012,,*MANUAL*,84,1285,68,169.00,98.64,33.62,895,88283
1013,1013,,*MANUAL*,87,1268,68,186.00,130.72,26.18,895,116990
1014,1014,,*MANUAL*,56,1351,61,211.00,141.00,35.15,895,126199
1015,1015,,*MANUAL*,56,1329,62,206.00,144.50,28.78,895,129329
1016,1016,,*MANUAL*,56,1303,61,217.00,141.22,33.86,895,126396
1017,1017,,*MANUAL*,56,1286,60,216.00,136.91,29.73,895,122536
1018,1018,,*MANUAL*,55,1271,65,218.00,134.80,44.74,895,120643
1019,1019,,*MANUAL*,59,1362,56,240.00,151.94,43.49,843,128089
1020,1020,,*MANUAL*,61,1364,47,239.00,184.16,26.62,895,164819
1021,1021,,*MANUAL*,74,1364,49,234.00,161.36,35.45,891,143775
1022,1022,,*MANUAL*,78,1356,56,224.00,129.36,35.87,895,115775
1023,1023,,*MANUAL*,71,1340,27,171.00,98.88,27.04,1365,134976
1024,1024,,*MANUAL*,74,1312,36,201.00,129.31,25.75,895,115734
1025,1025,,*MANUAL*,75,1273,39,162.00,91.72,25.17,895,82087
1026,1026,,*MANUAL*,69,1345,44,228.00,181.49,17.93,635,115249
1027,1027,,*MANUAL*,77,1348,44,244.00,183.62,23.01,895,164338
1028,1028,,*MANUAL*,62,1347,42,249.00,191.88,23.37,819,157151
1029,1029,,*MANUAL*,50,1353,37,220.00,115.63,52.37,895,103490
1030,1030,,*MANUAL*,87,1355,40,208.00,119.52,41.39,895,106971
1031,1031,,*MANUAL*,88,1334,37,170.00,115.21,24.37,895,103116
1032,1032,,*MANUAL*,55,1326,37,220.00,139.99,36.67,895,125294
1033,1033,,*MANUAL*,56,1341,45,250.00,190.01,26.80,895,170063
1034,1034,,*MANUAL*,64,1336,52,222.00,162.54,29.01,895,145470
1035,1035,,*MANUAL*,83,1336,50,220.00,146.57,24.76,895,131184
1036,1036,,*MANUAL*,77,1325,45,206.00,150.52,21.16,884,133061
1037,1037,,*MANUAL*,67,1325,41,224.00,158.65,25.69,895,141995
1038,1038,,*MANUAL*,62,1319,52,189.00,132.69,25.12,895,118756
1039,1039,,*MANUAL*,88,1313,38,182.00,117.35,28.90,895,105030
1040,1040,,*MANUAL*,61,1309,38,213.00,146.57,25.79,879,128832
1041,1041,,*MANUAL*,85,1311,52,232.00,149.77,27.77,831,124462
1042,1042,,*MANUAL*,77,1311,50,232.00,161.20,28.72,831,133959
1043,1043,,*MANUAL*,69,1305,49,244.00,172.12,23.91,895,154043
1044,1044,,*MANUAL*,56,1301,43,233.00,159.66,33.79,851,135867
1045,1045,,*MANUAL*,62,1295,48,241.00,159.68,33.26,895,142917
1046,1046,,*MANUAL*,85,1295,44,192.00,118.45,25.06,895,106016
1047,1047,,*MANUAL*,78,1297,56,186.00,113.30,29.73,895,101400
1048,1048,,*MANUAL*,77,1280,50,129.00,53.97,15.19,1365,73669
1049,1049,,*MANUAL*,77,1264,52,241.00,164.51,31.24,817,134404
1050,1050,,*MANUAL*,85,1260,52,232.00,139.10,31.06,895,124497
1051,1051,,*MANUAL*,85,1244,50,157.00,111.38,20.77,895,99689
1052,1052,,*MANUAL*,85,1180,52,200.00,108.05,26.08,895,96703
1053,1053,*NOUSE*,*NOUSE*,0,0,0,0,0,0,0,0
1054,1054,,*MANUAL*,58,1273,51,235.00,161.32,34.92,664,107117
1055,1055,,*MANUAL*,59,1260,45,177.00,124.92,27.23,895,111802
1056,1056,,*MANUAL*,55,1248,49,205.00,132.02,33.16,895,118155
1057,1057,,*MANUAL*,50,1228,50,187.00,114.18,34.69,895,102188
1058,1058,,*MANUAL*,75,1245,38,237.00,149.89,38.37,861,129057
1059,1059,,*MANUAL*,74,1257,31,182.00,111.38,33.22,895,99688
1060,1060,,*MANUAL*,66,1241,37,244.00,157.13,38.47,895,140630
1061,1061,,*MANUAL*,76,1231,37,218.00,128.21,42.72,895,114746
1062,1062,,*MANUAL*,62,1223,39,228.00,157.12,32.56,895,140626
1063,1063,,*MANUAL*,69,1207,36,212.00,134.64,28.30,847,114041
1064,1064,,*MANUAL*,77,1212,38,210.00,136.72,31.66,895,122368
1065,1065,,*MANUAL*,62,1197,39,225.00,139.14,37.78,895,124530
1066,1066,,*MANUAL*,78,1187,41,198.00,114.31,34.14,869,99336
1067,1067,,*MANUAL*,71,1184,35,215.00,114.67,34.88,895,102631
1068,1068,,*MANUAL*,71,1168,42,191.00,126.49,23.45,895,113207
1069,1069,,*MANUAL*,71,1149,41,195.00,117.52,28.62,895,105184
1070,1070,,*MANUAL*,95,1383,62,108.00,46.48,15.37,1365,63442
1071,1071,,*MANUAL*,93,1405,65,162.00,83.70,28.40,889,74409
1072,1072,,*MANUAL*,92,1420,74,191.00,113.40,37.95,881,99905
1073,1073,,*MANUAL*,95,1451,73,139.00,90.75,22.22,895,81225
1074,1074,,*MANUAL*,92,1435,61,173.00,110.23,22.30,875,96450
1075,1075,,*MANUAL*,91,1420,56,185.00,117.03,34.04,895,104738
1076,1076,,*MANUAL*,88,1396,68,172.00,109.49,28.96,895,97992
1077,1077,,*MANUAL*,86,1392,83,194.00,85.42,35.80,895,76453
1078,1078,,*MANUAL*,89,1391,50,166.00,86.59,24.27,895,77496
1079,1079,,*MANUAL*,84,1411,54,196.00,126.80,25.91,895,113485
1080,1080,,*MANUAL*,84,1408,74,199.00,135.89,28.27,895,121619
1081,1081,,*MANUAL*,83,1423,76,198.00,132.64,29.08,893,118446
1082,1082,,*MANUAL*,69,1397,98,220.00,143.54,33.97,799,114692
1083,1083,,*MANUAL*,76,1401,95,225.00,139.71,32.40,880,122943
1084,1084,,*MANUAL*,64,1407,94,216.00,160.36,25.57,895,143522
1085,1085,,*MANUAL*,80,1409,89,238.00,146.62,37.19,861,126237
1086,1086,,*MANUAL*,42,1404,69,166.00,72.40,30.77,1363,98675
1087,1087,,*MANUAL*,47,1419,61,204.00,133.74,26.14,893,119434
1088,1088,,*MANUAL*,48,1437,69,210.00,141.97,30.66,895,127063
1089,1089,,*MANUAL*,46,1461,77,175.00,113.61,28.82,839,95317
1090,1090,,*MANUAL*,51,1401,64,231.00,122.91,48.45,895,110003
1091,1091,,*MANUAL*,53,1399,46,252.00,153.07,43.14,895,136996
1092,1092,,*MANUAL*,53,1398,83,203.00,110.66,35.35,895,99043
1093,1093,,*MANUAL*,54,1414,72,244.00,147.85,35.12,895,132323
1094,1094,,*MANUAL*,54,1428,77,189.00,124.19,29.66,895,111148
1095,1095,,*MANUAL*,54,1412,86,248.00,141.88,40.58,895,126981
1096,1096,,*MANUAL*,57,1427,89,225.00,150.41,36.76,843,126797
1097,1097,,*MANUAL*,53,1415,52,225.00,145.94,38.63,895,130618
1098,1098,,*MANUAL*,48,1436,58,220.00,146.14,33.00,895,130792
1099,1099,,*MANUAL*,48,1454,62,220.00,143.39,32.92,895,128332
1100,1100,,*MANUAL*,70,1389,34,241.00,158.18,30.52,847,133980
1101,1101,,*MANUAL*,79,1401,44,246.00,148.39,33.69,889,131920
1102,1102,,*MANUAL*,62,1394,36,238.00,150.63,35.52,895,134811
1103,1103,,*MANUAL*,61,1412,39,253.00,185.45,32.30,875,162273
1104,1104,,*MANUAL*,81,1417,41,239.00,153.26,37.88,877,134407
1105,1105,,*MANUAL*,70,1407,41,249.00,175.83,32.02,895,157371
1106,1106,,*MANUAL*,73,1424,40,246.00,174.14,32.10,889,154814
1107,1107,,*MANUAL*,76,1443,34,183.00,114.99,34.43,889,102228
1108,1108,,*MANUAL*,64,1430,37,245.00,166.72,32.82,895,149212
1109,1109,,*MANUAL*,54,1429,46,230.00,137.57,42.69,895,123129
1110,1110,,*MANUAL*,86,1430,46,166.00,108.79,22.50,895,97369
1111,1111,,*MANUAL*,81,1423,88,227.00,163.69,27.58,839,137339
1112,1112,,*MANUAL*,72,1415,90,244.00,176.97,27.27,853,150958
1113,1113,,*MANUAL*,65,1422,90,225.00,161.90,26.63,895,144899
1114,1114,,*MANUAL*,61,1446,95,170.00,107.13,34.97,895,95883
1115,1115,,*MANUAL*,51,1444,83,235.00,139.12,51.78,895,124511
1116,1116,,*MANUAL*,82,1439,89,167.00,104.45,30.91,883,92231
1117,1117,,*MANUAL*,88,1427,85,218.00,128.17,36.76,895,114713
1118,1118,,*MANUAL*,93,1450,60,192.00,127.57,28.88,893,113924
1119,1119,,*MANUAL*,46,1480,66,243.00,140.26,43.02,895,125537
1120,1120,,*MANUAL*,46,1481,79,237.00,136.72,43.04,825,112792
1121,1121,,*MANUAL*,53,1463,83,230.00,139.68,34.16,895,125015
1122,1122,,*MANUAL*,53,1486,82,239.00,150.98,41.24,895,135124
1123,1123,,*MANUAL*,50,1499,79,222.00,130.08,32.51,895,116423
1124,1124,,*MANUAL*,53,1513,79,220.00,125.48,33.50,895,112309
1125,1125,,*MANUAL*,52,1533,76,186.00,106.22,33.21,895,95064
1126,1126,,*MANUAL*,49,1552,68,178.00,109.77,27.95,895,98242
1127,1127,,*MANUAL*,49,1542,58,217.00,125.11,39.89,895,111971
1128,1128,,*MANUAL*,47,1526,61,227.00,134.83,35.88,895,120674
1129,1129,,*MANUAL*,49,1513,55,220.00,131.87,37.56,895,118024
1130,1130,,*MANUAL*,52,1501,49,237.00,149.42,43.74,891,133133
1131,1131,,*MANUAL*,48,1494,57,233.00,147.86,37.97,895,132334
1132,1132,,*MANUAL*,49,1482,53,240.00,137.21,46.83,895,122804
1133,1133,,*MANUAL*,46,1511,68,139.00,72.89,23.18,1365,99499
1134,1134,,*MANUAL*,92,1479,79,220.00,108.58,41.17,895,97176
1135,1135,,*MANUAL*,91,1439,83,186.00,114.40,29.69,895,102392
1136,1136,,*MANUAL*,89,1458,82,183.00,101.65,34.41,895,90974
1137,1137,,*MANUAL*,90,1499,77,192.00,93.39,38.60,895,83588
1138,1138,,*MANUAL*,86,1519,78,205.00,107.82,35.38,895,96499
1139,1139,,*MANUAL*,91,1530,75,187.00,92.49,30.66,895,82781
1140,1140,,*MANUAL*,92,1546,62,153.00,89.85,19.66,895,80413
1141,1141,,*MANUAL*,91,1564,62,139.00,76.09,27.05,895,68105
1142,1142,,*MANUAL*,89,1541,51,187.00,101.94,38.49,895,91233
1143,1143,,*MANUAL*,89,1525,52,188.00,121.34,26.00,895,108602
1144,1144,,*MANUAL*,88,1513,49,167.00,97.26,29.85,895,87046
1145,1145,,*MANUAL*,92,1485,61,217.00,112.75,42.13,895,100908
1146,1146,,*MANUAL*,90,1485,50,178.00,113.14,23.72,895,101257
1147,1147,,*MANUAL*,91,1501,53,190.00,115.38,33.49,895,103266
1148,1148,,*MANUAL*,93,1514,66,134.00,70.31,21.73,1365,95969
1149,1149,,*MANUAL*,88,1608,64,109.00,48.67,17.81,2103,102346
1150,1150,,*MANUAL*,51,1598,68,125.00,60.23,21.98,1365,82218
1151,1151,,*MANUAL*,74,1667,88,135.00,55.61,29.82,1365,75911
1152,1152,,*MANUAL*,70,1669,49,158.00,67.59,33.85,1365,92254
1153,1153,,*MANUAL*,69,1645,43,150.00,69.76,32.08,1365,95216
1154,1154,,*MANUAL*,71,1603,38,172.00,85.45,33.76,895,76478
1155,1155,,*MANUAL*,72,1577,37,219.00,113.56,39.81,895,101633
1156,1156,,*MANUAL*,72,1554,37,221.00,133.28,29.70,827,110221
1157,1157,,*MANUAL*,73,1532,38,226.00,130.06,41.47,893,116141
1158,1158,,*MANUAL*,64,1616,43,186.00,104.51,35.22,895,93538
1159,1159,,*MANUAL*,62,1587,39,195.00,118.03,34.47,895,105640
1160,1160,,*MANUAL*,62,1561,39,220.00,140.94,32.71,895,126137
1161,1161,,*MANUAL*,63,1538,39,227.00,146.47,31.84,895,131090
1162,1162,,*MANUAL*,67,1549,32,158.00,63.67,24.89,895,56986
1163,1163,,*MANUAL*,67,1502,33,162.00,86.39,23.02,895,77315
1164,1164,,*MANUAL*,68,1441,30,149.00,54.90,26.70,895,49132
1165,1165,,*MANUAL*,98,1442,57,162.00,58.07,29.14,895,51969
1166,1166,,*MANUAL*,74,1619,90,175.00,100.35,31.84,895,89814
1167,1167,,*MANUAL*,69,1605,90,190.00,92.39,33.71,895,82685
1168,1168,,*MANUAL*,78,1574,88,203.00,125.94,37.16,759,95590
1169,1169,,*MANUAL*,78,1548,89,198.00,122.04,29.86,895,109222
1170,1170,,*MANUAL*,63,1572,90,192.00,119.56,32.80,861,102941
1171,1171,,*MANUAL*,63,1547,90,219.00,134.34,30.54,895,120235
1172,1172,,*MANUAL*,63,1525,90,221.00,120.22,39.90,851,102304
1173,1173,,*MANUAL*,72,1573,93,201.00,106.02,39.80,895,94887
1174,1174,,*MANUAL*,72,1530,93,190.00,101.09,30.42,1365,137989
1175,1175,,*MANUAL*,72,1488,98,185.00,90.29,26.32,895,80808
1176,1176,,*MANUAL*,72,1466,98,168.00,90.10,25.26,895,80642
1177,1177,,*MANUAL*,72,1421,102,115.00,57.16,17.95,895,51156
1178,1178,,*MANUAL*,72,1338,106,153.00,52.51,27.08,895,47000
1179,1179,,*MANUAL*,65,1271,53,250.00,180.16,31.97,895,161243
1180,1180,,*MANUAL*,76,405,58,152.00,100.78,18.34,895,90198
1181,1181,,*MANUAL*,81,324,75,214.00,129.50,32.72,895,115902
1182,1182,,*MANUAL*,90,908,87,66.00,25.35,10.12,1365,34605
1183,1183,f1,*MANUAL*,79,1093,77, 8.00, 0.73, 1.16,895,654
1184,1184,f2,*MANUAL*,80,1064,74,12.00, 1.82, 1.85,895,1628
1185,1185,f3,*MANUAL*,80,1025,74, 7.00, 0.88, 1.07,895,788
1186,1186,f4,*MANUAL*,80,997,72, 6.00, 0.55, 0.98,895,495
1187,1187,f5,*MANUAL*,82,950,70,16.00, 2.45, 2.51,895,2197
1188,1188,f6,*MANUAL*,80,896,69, 8.00, 1.37, 1.39,895,1230
1189,1189,f7,*MANUAL*,81,857,69, 8.00, 0.96, 1.26,895,855
1190,1190,f8,*MANUAL*,80,823,68, 7.00, 0.67, 0.94,895,601
1191,1191,f9,*MANUAL*,81,754,73,26.00, 3.04, 3.64,895,2725
1192,1192,f10,*MANUAL*,79,653,73, 8.00, 1.13, 1.31,895,1008
