0,0,*NOUSE*,*NOUSE*,0,0,0,0,0,0,0,0
1,1,*NOUSE*,*NOUSE*,0,0,0,0,0,0,0,0
2,2,*NOUSE*,*NOUSE*,0,0,0,0,0,0,0,0
3,3,*NOUSE*,*NOUSE*,0,0,0,0,0,0,0,0
4,4,,,38,1164,62,99.00,42.42,17.99,4454,188953.00
5,5,*NOUSE*,*NOUSE*,0,0,0,0,0,0,0,0
6,6,*NOUSE*,*NOUSE*,0,0,0,0,0,0,0,0
7,7,*NOUSE*,*NOUSE*,0,0,0,0,0,0,0,0
8,8,,,38,1311,73,97.00,43.83,18.36,2703,118460.00
9,9,,,39,1170,79,154.00,54.44,32.14,4751,258655.00
10,10,,,39,1401,81,182.00,58.04,38.70,4360,253050.00
11,11,,,39,1378,84,194.00,62.27,41.59,3828,238363.00
12,12,,,41,1263,68,138.00,58.69,27.74,3890,228308.00
13,13,,,40,1207,76,177.00,62.18,37.60,4263,265060.00
14,14,*NOUSE*,*NOUSE*,0,0,0,0,0,0,0,0
15,15,*NOUSE*,*NOUSE*,0,0,0,0,0,0,0,0
16,16,*NOUSE*,*NOUSE*,0,0,0,0,0,0,0,0
17,17,,,44,1484,68,142.00,46.13,30.59,4748,219013.00
18,18,*NOUSE*,*NOUSE*,0,0,0,0,0,0,0,0
19,19,,,42,1293,76,165.00,62.51,32.50,4133,258351.00
20,20,,,41,1445,75,126.00,45.55,26.04,4697,213944.00
21,21,,,40,1152,78,135.00,51.65,30.77,4740,244807.00
22,22,,,41,1417,78,198.00,60.46,40.97,3934,237830.00
23,23,,,42,1267,53,150.00,64.60,32.80,3556,229717.00
24,24,,,42,1190,57,162.00,66.80,39.27,3510,234485.00
25,25,,,41,1246,59,131.00,60.76,28.30,3432,208521.00
26,26,,,41,1030,65,111.00,36.89,21.11,5113,188597.00
27,27,,,43,1409,64,208.00,65.67,40.03,3896,255851.00
28,28,,,43,1479,80,170.00,51.00,34.01,4146,211464.00
29,29,,,41,1246,76,182.00,70.45,39.81,3127,220304.00
30,30,,,43,1350,83,177.00,74.80,42.00,2994,223963.00
31,31,,,40,1171,47,103.00,42.85,18.47,4284,183558.00
32,32,,,41,1119,54,98.00,39.41,19.03,2623,103373.00
33,33,,,41,1089,68,83.00,30.07,13.47,5587,167988.00
34,34,,,42,923,70,100.00,35.17,19.24,5321,187150.00
35,35,*NOUSE*,*NOUSE*,0,0,0,0,0,0,0,0
36,36,*NOUSE*,*NOUSE*,0,0,0,0,0,0,0,0
37,37,,,41,812,79,101.00,32.74,16.90,5605,183523.00
38,38,*NOUSE*,*NOUSE*,0,0,0,0,0,0,0,0
39,39,,,42,961,83,107.00,36.09,22.10,5836,210633.00
40,40,*NOUSE*,*NOUSE*,0,0,0,0,0,0,0,0
41,41,*NOUSE*,*NOUSE*,0,0,0,0,0,0,0,0
42,42,*NOUSE*,*NOUSE*,0,0,0,0,0,0,0,0
43,43,,,43,1130,75,172.00,55.42,38.69,4797,265827.00
44,44,,,43,1276,76,184.00,75.04,41.58,3456,259339.00
45,45,,,43,868,80,102.00,36.47,20.46,5084,185417.00
46,46,*NOUSE*,*NOUSE*,0,0,0,0,0,0,0,0
47,47,,,42,751,84,98.00,35.33,19.05,4893,172874.00
48,48,,,44,1249,44,178.00,70.25,36.22,2985,209688.00
49,49,*NOUSE*,*NOUSE*,0,0,0,0,0,0,0,0
50,50,*NOUSE*,*NOUSE*,0,0,0,0,0,0,0,0
51,51,*NOUSE*,*NOUSE*,0,0,0,0,0,0,0,0
52,52,,,46,1465,64,159.00,52.91,31.22,4695,248403.00
53,53,,,45,1051,69,191.00,50.78,41.04,4191,212836.00
54,54,,,44,732,68,131.00,39.75,26.14,4515,179478.00
55,55,,,44,1545,75,105.00,36.67,20.88,5151,188911.00
56,56,*NOUSE*,*NOUSE*,0,0,0,0,0,0,0,0
57,57,,,45,1216,42,204.00,82.64,41.91,2867,236919.00
58,58,*NOUSE*,*NOUSE*,0,0,0,0,0,0,0,0
59,59,*NOUSE*,*NOUSE*,0,0,0,0,0,0,0,0
60,60,,,44,781,56,87.00,28.98,13.35,5854,169630.00
61,61,,,48,1427,63,172.00,56.11,35.32,4526,253935.00
62,62,,,45,1506,74,150.00,46.06,29.77,4358,200730.00
63,63,,,43,683,81,93.00,33.42,19.00,5492,183541.00
64,64,,,44,1318,85,164.00,60.84,31.57,4066,247357.00
65,65,,,47,1444,91,188.00,58.13,35.27,3521,204688.00
66,66,*NOUSE*,*NOUSE*,0,0,0,0,0,0,0,0
67,67,*NOUSE*,*NOUSE*,0,0,0,0,0,0,0,0
68,68,*NOUSE*,*NOUSE*,0,0,0,0,0,0,0,0
69,69,,,46,623,77,152.00,43.58,32.49,3986,173729.00
70,70,*NOUSE*,*NOUSE*,0,0,0,0,0,0,0,0
71,71,*NOUSE*,*NOUSE*,0,0,0,0,0,0,0,0
72,72,*NOUSE*,*NOUSE*,0,0,0,0,0,0,0,0
73,73,,,45,1302,93,127.00,52.95,23.89,4214,223143.00
74,74,*NOUSE*,*NOUSE*,0,0,0,0,0,0,0,0
75,75,*NOUSE*,*NOUSE*,0,0,0,0,0,0,0,0
76,76,,,49,1445,62,173.00,53.59,34.68,4844,259594.00
77,77,*NOUSE*,*NOUSE*,0,0,0,0,0,0,0,0
78,78,*NOUSE*,*NOUSE*,0,0,0,0,0,0,0,0
79,79,,,46,634,87,125.00,35.94,19.85,4158,149423.00
80,80,*NOUSE*,*NOUSE*,0,0,0,0,0,0,0,0
81,81,,,46,1361,94,158.00,64.39,33.82,3491,224773.00
82,82,*NOUSE*,*NOUSE*,0,0,0,0,0,0,0,0
83,83,*NOUSE*,*NOUSE*,0,0,0,0,0,0,0,0
84,84,*NOUSE*,*NOUSE*,0,0,0,0,0,0,0,0
85,85,*NOUSE*,*NOUSE*,0,0,0,0,0,0,0,0
86,86,,,47,1279,42,182.00,78.08,38.18,3178,248127.00
87,87,*NOUSE*,*NOUSE*,0,0,0,0,0,0,0,0
88,88,*NOUSE*,*NOUSE*,0,0,0,0,0,0,0,0
89,89,*NOUSE*,*NOUSE*,0,0,0,0,0,0,0,0
90,90,,,47,536,79,79.00,30.42,14.66,4633,140946.00
91,91,,,47,1180,89,163.00,71.05,32.27,4002,284359.00
92,92,*NOUSE*,*NOUSE*,0,0,0,0,0,0,0,0
93,93,*NOUSE*,*NOUSE*,0,0,0,0,0,0,0,0
94,94,*NOUSE*,*NOUSE*,0,0,0,0,0,0,0,0
95,95,*NOUSE*,*NOUSE*,0,0,0,0,0,0,0,0
96,96,*NOUSE*,*NOUSE*,0,0,0,0,0,0,0,0
97,97,,,47,1323,53,171.00,63.11,32.84,3698,233371.00
98,98,,,50,838,47,169.00,49.50,37.17,4020,199003.00
99,99,*NOUSE*,*NOUSE*,0,0,0,0,0,0,0,0
100,100,*NOUSE*,*NOUSE*,0,0,0,0,0,0,0,0
101,101,*NOUSE*,*NOUSE*,0,0,0,0,0,0,0,0
102,102,,,47,1325,67,155.00,67.62,32.81,2926,197846.00
103,103,*NOUSE*,*NOUSE*,0,0,0,0,0,0,0,0
104,104,*NOUSE*,*NOUSE*,0,0,0,0,0,0,0,0
105,105,*NOUSE*,*NOUSE*,0,0,0,0,0,0,0,0
106,106,,,50,827,94,157.00,44.18,30.98,6210,274344.00
107,107,*NOUSE*,*NOUSE*,0,0,0,0,0,0,0,0
108,108,*NOUSE*,*NOUSE*,0,0,0,0,0,0,0,0
109,109,*NOUSE*,*NOUSE*,0,0,0,0,0,0,0,0
110,110,*NOUSE*,*NOUSE*,0,0,0,0,0,0,0,0
111,111,*NOUSE*,*NOUSE*,0,0,0,0,0,0,0,0
112,112,*NOUSE*,*NOUSE*,0,0,0,0,0,0,0,0
113,113,,,51,320,66,110.00,44.11,24.86,2409,106272.00
114,114,*NOUSE*,*NOUSE*,0,0,0,0,0,0,0,0
115,115,*NOUSE*,*NOUSE*,0,0,0,0,0,0,0,0
116,116,,,53,314,76,126.00,47.69,27.55,5046,240638.00
117,117,*NOUSE*,*NOUSE*,0,0,0,0,0,0,0,0
118,118,,,49,512,88,105.00,35.07,18.53,4314,151273.00
119,119,*NOUSE*,*NOUSE*,0,0,0,0,0,0,0,0
120,120,,,49,1261,98,193.00,79.18,37.84,3053,241743.00
121,121,*NOUSE*,*NOUSE*,0,0,0,0,0,0,0,0
122,122,,,51,1293,38,185.00,76.72,42.52,3090,237054.00
123,123,*NOUSE*,*NOUSE*,0,0,0,0,0,0,0,0
124,124,*NOUSE*,*NOUSE*,0,0,0,0,0,0,0,0
125,125,,,53,305,63,144.00,49.25,31.87,4448,219043.00
126,126,*NOUSE*,*NOUSE*,0,0,0,0,0,0,0,0
127,127,*NOUSE*,*NOUSE*,0,0,0,0,0,0,0,0
128,128,,,51,332,79,105.00,36.62,20.03,4263,156105.00
129,129,,,48,1335,83,174.00,82.64,35.69,2341,193457.00
130,130,,,50,1247,96,196.00,89.44,37.82,2951,263923.00
131,131,*NOUSE*,*NOUSE*,0,0,0,0,0,0,0,0
132,132,,,52,1108,98,149.00,50.59,31.30,6161,311668.00
133,133,*NOUSE*,*NOUSE*,0,0,0,0,0,0,0,0
134,134,,,53,816,40,154.00,48.26,33.56,4388,211749.00
135,135,,,54,1161,45,212.00,73.63,45.13,3581,263680.00
136,136,,,52,686,41,121.00,41.42,27.21,4592,190200.00
137,137,*NOUSE*,*NOUSE*,0,0,0,0,0,0,0,0
138,138,*NOUSE*,*NOUSE*,0,0,0,0,0,0,0,0
139,139,*NOUSE*,*NOUSE*,0,0,0,0,0,0,0,0
140,140,,,51,1235,65,166.00,76.41,33.31,3249,248248.00
141,141,*NOUSE*,*NOUSE*,0,0,0,0,0,0,0,0
142,142,*NOUSE*,*NOUSE*,0,0,0,0,0,0,0,0
143,143,,,51,1231,89,219.00,78.10,40.80,3330,260071.00
144,144,,,54,693,89,131.00,43.35,28.62,5302,229820.00
145,145,,,51,1375,88,195.00,72.71,41.64,3257,236801.00
146,146,*NOUSE*,*NOUSE*,0,0,0,0,0,0,0,0
147,147,*NOUSE*,*NOUSE*,0,0,0,0,0,0,0,0
148,148,,,51,1429,103,142.00,55.38,29.07,3085,170839.00
149,149,,,54,1111,34,145.00,52.43,33.15,3752,196734.00
150,150,,,53,1063,36,151.00,42.07,28.67,4452,187315.00
151,151,*NOUSE*,*NOUSE*,0,0,0,0,0,0,0,0
152,152,,,52,1259,52,149.00,70.38,29.41,2964,208616.00
153,153,,,51,1217,54,185.00,89.02,32.43,2521,224429.00
154,154,,,51,1172,54,149.00,62.24,29.60,3785,235583.00
155,155,*NOUSE*,*NOUSE*,0,0,0,0,0,0,0,0
156,156,*NOUSE*,*NOUSE*,0,0,0,0,0,0,0,0
157,157,*NOUSE*,*NOUSE*,0,0,0,0,0,0,0,0
158,158,*NOUSE*,*NOUSE*,0,0,0,0,0,0,0,0
159,159,*NOUSE*,*NOUSE*,0,0,0,0,0,0,0,0
160,160,*NOUSE*,*NOUSE*,0,0,0,0,0,0,0,0
161,161,*NOUSE*,*NOUSE*,0,0,0,0,0,0,0,0
162,162,*NOUSE*,*NOUSE*,0,0,0,0,0,0,0,0
163,163,,,55,1003,36,163.00,46.95,34.17,4491,210846.00
164,164,,,53,1207,40,202.00,85.52,41.45,2611,223301.00
165,165,*NOUSE*,*NOUSE*,0,0,0,0,0,0,0,0
166,166,,,52,1243,52,150.00,70.09,29.97,3170,222188.00
167,167,,,55,283,61,138.00,44.39,27.84,4673,207415.00
168,168,*NOUSE*,*NOUSE*,0,0,0,0,0,0,0,0
169,169,*NOUSE*,*NOUSE*,0,0,0,0,0,0,0,0
170,170,,,53,1140,75,159.00,58.14,32.04,3763,218792.00
171,171,*NOUSE*,*NOUSE*,0,0,0,0,0,0,0,0
172,172,,,54,1532,86,179.00,50.65,39.15,4611,233568.00
173,173,*NOUSE*,*NOUSE*,0,0,0,0,0,0,0,0
174,174,,,53,668,92,128.00,41.44,27.13,4578,189730.00
175,175,,,55,796,96,222.00,54.28,43.66,4443,241183.00
176,176,*NOUSE*,*NOUSE*,0,0,0,0,0,0,0,0
177,177,*NOUSE*,*NOUSE*,0,0,0,0,0,0,0,0
178,178,,,52,1306,104,151.00,56.84,28.36,3692,209860.00
179,179,,,55,777,41,148.00,44.83,31.19,4357,195319.00
180,180,*NOUSE*,*NOUSE*,0,0,0,0,0,0,0,0
181,181,*NOUSE*,*NOUSE*,0,0,0,0,0,0,0,0
182,182,*NOUSE*,*NOUSE*,0,0,0,0,0,0,0,0
183,183,,,53,1275,53,195.00,79.77,35.60,2838,226374.00
184,184,*NOUSE*,*NOUSE*,0,0,0,0,0,0,0,0
185,185,,,57,240,66,87.00,33.00,16.08,5180,170923.00
186,186,*NOUSE*,*NOUSE*,0,0,0,0,0,0,0,0
187,187,*NOUSE*,*NOUSE*,0,0,0,0,0,0,0,0
188,188,,,54,1257,69,171.00,75.59,34.60,3552,268503.00
189,189,,,55,754,69,63.00,25.18, 9.81,7529,189543.00
190,190,*NOUSE*,*NOUSE*,0,0,0,0,0,0,0,0
191,191,,,54,1163,77,147.00,60.29,29.71,4261,256896.00
192,192,,,55,1554,85,143.00,42.50,28.36,5215,221650.00
193,193,,,56,1290,82,243.00,98.91,51.18,3322,328570.00
194,194,,,55,1513,86,166.00,50.83,36.00,4247,215870.00
195,195,*NOUSE*,*NOUSE*,0,0,0,0,0,0,0,0
196,196,*NOUSE*,*NOUSE*,0,0,0,0,0,0,0,0
197,197,*NOUSE*,*NOUSE*,0,0,0,0,0,0,0,0
198,198,*NOUSE*,*NOUSE*,0,0,0,0,0,0,0,0
199,199,*NOUSE*,*NOUSE*,0,0,0,0,0,0,0,0
200,200,*NOUSE*,*NOUSE*,0,0,0,0,0,0,0,0
201,201,*NOUSE*,*NOUSE*,0,0,0,0,0,0,0,0
202,202,*NOUSE*,*NOUSE*,0,0,0,0,0,0,0,0
203,203,,,56,1264,38,152.00,64.44,28.01,3669,236444.00
204,204,,,57,1516,50,176.00,62.17,38.78,4234,263243.00
205,205,*NOUSE*,*NOUSE*,0,0,0,0,0,0,0,0
206,206,*NOUSE*,*NOUSE*,0,0,0,0,0,0,0,0
207,207,*NOUSE*,*NOUSE*,0,0,0,0,0,0,0,0
208,208,*NOUSE*,*NOUSE*,0,0,0,0,0,0,0,0
209,209,*NOUSE*,*NOUSE*,0,0,0,0,0,0,0,0
210,210,*NOUSE*,*NOUSE*,0,0,0,0,0,0,0,0
211,211,*NOUSE*,*NOUSE*,0,0,0,0,0,0,0,0
212,212,,,57,1126,102,177.00,71.07,41.65,4471,317771.00
213,213,*NOUSE*,*NOUSE*,0,0,0,0,0,0,0,0
214,214,,,56,429,49,88.00,31.68,16.06,5522,174940.00
215,215,*NOUSE*,*NOUSE*,0,0,0,0,0,0,0,0
216,216,*NOUSE*,*NOUSE*,0,0,0,0,0,0,0,0
217,217,*NOUSE*,*NOUSE*,0,0,0,0,0,0,0,0
218,218,,,58,596,82,65.00,24.87,10.19,6488,161346.00
219,219,*NOUSE*,*NOUSE*,0,0,0,0,0,0,0,0
220,220,,,58,990,87,80.00,30.49,12.86,7075,215744.00
221,221,*NOUSE*,*NOUSE*,0,0,0,0,0,0,0,0
222,222,,,55,1355,100,189.00,79.33,41.14,3583,284243.00
223,223,*NOUSE*,*NOUSE*,0,0,0,0,0,0,0,0
224,224,,,57,1222,35,157.00,66.36,33.83,3710,246200.00
225,225,,,58,398,60,62.00,25.19, 9.20,5578,140492.00
226,226,*NOUSE*,*NOUSE*,0,0,0,0,0,0,0,0
227,227,*NOUSE*,*NOUSE*,0,0,0,0,0,0,0,0
228,228,,,59,1122,83,200.00,74.20,43.12,4498,333749.00
229,229,*NOUSE*,*NOUSE*,0,0,0,0,0,0,0,0
230,230,,,63,984,101,215.00,63.88,45.82,5912,377658.00
231,231,,,55,1191,60,184.00,84.02,35.10,2852,239623.00
232,232,,,55,1350,83,210.00,77.08,44.72,3892,299996.00
233,233,*NOUSE*,*NOUSE*,0,0,0,0,0,0,0,0
234,234,*NOUSE*,*NOUSE*,0,0,0,0,0,0,0,0
235,235,*NOUSE*,*NOUSE*,0,0,0,0,0,0,0,0
236,236,*NOUSE*,*NOUSE*,0,0,0,0,0,0,0,0
237,237,*NOUSE*,*NOUSE*,0,0,0,0,0,0,0,0
238,238,,,57,1390,94,193.00,65.38,34.38,4330,283102.00
239,239,,,60,1243,34,145.00,57.57,26.39,4227,243346.00
240,240,*NOUSE*,*NOUSE*,0,0,0,0,0,0,0,0
241,241,*NOUSE*,*NOUSE*,0,0,0,0,0,0,0,0
242,242,*NOUSE*,*NOUSE*,0,0,0,0,0,0,0,0
243,243,*NOUSE*,*NOUSE*,0,0,0,0,0,0,0,0
244,244,*NOUSE*,*NOUSE*,0,0,0,0,0,0,0,0
245,245,,,61,354,92,132.00,48.66,26.57,2907,141465.00
246,246,,,61,590,98,154.00,46.66,34.97,4068,189827.00
247,247,,,62,658,97,170.00,54.01,39.06,3903,210813.00
248,248,*NOUSE*,*NOUSE*,0,0,0,0,0,0,0,0
249,249,*NOUSE*,*NOUSE*,0,0,0,0,0,0,0,0
250,250,*NOUSE*,*NOUSE*,0,0,0,0,0,0,0,0
251,251,*NOUSE*,*NOUSE*,0,0,0,0,0,0,0,0
252,252,,,66,250,72,97.00,35.03,18.79,4918,172278.00
253,253,*NOUSE*,*NOUSE*,0,0,0,0,0,0,0,0
254,254,,,61,571,99,146.00,47.67,35.17,3647,173850.00
255,255,*NOUSE*,*NOUSE*,0,0,0,0,0,0,0,0
256,256,,,63,684,98,171.00,53.49,41.04,4179,223530.00
257,257,*NOUSE*,*NOUSE*,0,0,0,0,0,0,0,0
258,258,,,63,938,102,208.00,62.14,47.14,5010,311343.00
259,259,,,63,1041,105,209.00,61.69,46.07,5199,320741.00
260,260,,,60,1202,107,214.00,85.43,43.33,3824,326700.00
261,261,*NOUSE*,*NOUSE*,0,0,0,0,0,0,0,0
262,262,,,63,1537,49,154.00,51.69,33.94,4944,255568.00
263,263,,,62,1546,60,132.00,40.97,26.37,5550,227372.00
264,264,*NOUSE*,*NOUSE*,0,0,0,0,0,0,0,0
265,265,*NOUSE*,*NOUSE*,0,0,0,0,0,0,0,0
266,266,,,60,1187,76,185.00,97.29,35.27,3325,323497.00
267,267,,,64,833,84,63.00,27.41,10.37,8102,222080.00
268,268,,,66,922,88,73.00,29.19,11.63,8334,243305.00
269,269,,,61,377,90,134.00,51.97,29.72,3080,160072.00
270,270,*NOUSE*,*NOUSE*,0,0,0,0,0,0,0,0
271,271,,,62,490,99,145.00,42.52,30.40,4359,185335.00
272,272,,,64,843,101,211.00,60.39,47.68,4822,291180.00
273,273,,,63,909,103,205.00,52.80,41.16,5381,284120.00
274,274,*NOUSE*,*NOUSE*,0,0,0,0,0,0,0,0
275,275,,,63,822,101,203.00,56.45,44.48,4979,281089.00
276,276,,,60,1280,38,175.00,78.34,38.94,3515,275353.00
277,277,,,64,1141,38,151.00,49.08,29.93,4762,233740.00
278,278,,,64,1378,39,202.00,56.87,31.80,4711,267917.00
279,279,,,67,1100,45,182.00,66.27,40.63,3610,239241.00
280,280,,,64,1555,48,159.00,51.01,35.13,4028,205477.00
281,281,,,64,1447,46,155.00,52.71,28.02,5322,280514.00
282,282,*NOUSE*,*NOUSE*,0,0,0,0,0,0,0,0
283,283,*NOUSE*,*NOUSE*,0,0,0,0,0,0,0,0
284,284,*NOUSE*,*NOUSE*,0,0,0,0,0,0,0,0
285,285,,,63,1605,55,129.00,39.68,24.99,5209,206669.00
286,286,*NOUSE*,*NOUSE*,0,0,0,0,0,0,0,0
287,287,,,63,1375,57,216.00,79.82,45.71,3814,304417.00
288,288,,,64,216,66,108.00,33.99,19.26,4146,140931.00
289,289,,,63,202,78,83.00,31.45,15.34,4155,130667.00
290,290,,,62,1217,83,96.00,53.78,12.71,2368,127359.00
291,291,*NOUSE*,*NOUSE*,0,0,0,0,0,0,0,0
292,292,*NOUSE*,*NOUSE*,0,0,0,0,0,0,0,0
293,293,,,62,464,98,118.00,39.77,24.85,3817,151803.00
294,294,,,64,1194,96,240.00,112.81,49.74,2878,324677.00
295,295,*NOUSE*,*NOUSE*,0,0,0,0,0,0,0,0
296,296,*NOUSE*,*NOUSE*,0,0,0,0,0,0,0,0
297,297,*NOUSE*,*NOUSE*,0,0,0,0,0,0,0,0
298,298,*NOUSE*,*NOUSE*,0,0,0,0,0,0,0,0
299,299,,,65,1430,57,155.00,58.50,29.98,6483,379279.00
300,300,*NOUSE*,*NOUSE*,0,0,0,0,0,0,0,0
301,301,,,66,1075,106,207.00,58.85,41.52,3891,228992.00
302,302,*NOUSE*,*NOUSE*,0,0,0,0,0,0,0,0
303,303,,,64,1312,34,168.00,54.92,32.47,4080,224062.00
304,304,,,65,1409,40,152.00,54.26,30.85,4804,260665.00
305,305,,,65,1177,41,206.00,77.88,46.53,2907,226387.00
306,306,,,65,311,62,111.00,52.30,21.72,3278,171454.00
307,307,,,64,1347,64,182.00,71.40,38.01,4476,319592.00
308,308,*NOUSE*,*NOUSE*,0,0,0,0,0,0,0,0
309,309,,,69,1113,75,187.00,75.74,41.53,3585,271520.00
310,310,*NOUSE*,*NOUSE*,0,0,0,0,0,0,0,0
311,311,,,64,1134,90,167.00,63.13,33.60,4387,276973.00
312,312,,,65,1597,90,147.00,42.93,29.80,4746,203753.00
313,313,*NOUSE*,*NOUSE*,0,0,0,0,0,0,0,0
314,314,,,65,326,93,99.00,38.03,18.00,3314,126021.00
315,315,,,63,1245,95,214.00,98.56,43.22,3120,307520.00
316,316,*NOUSE*,*NOUSE*,0,0,0,0,0,0,0,0
317,317,,,64,1265,100,195.00,79.89,40.49,3887,310551.00
318,318,*NOUSE*,*NOUSE*,0,0,0,0,0,0,0,0
319,319,*NOUSE*,*NOUSE*,0,0,0,0,0,0,0,0
320,320,,,62,1295,34,178.00,74.45,36.26,2870,213667.00
321,321,*NOUSE*,*NOUSE*,0,0,0,0,0,0,0,0
322,322,*NOUSE*,*NOUSE*,0,0,0,0,0,0,0,0
323,323,,,66,939,48,61.00,27.36,10.02,4832,132216.00
324,324,,,65,123,68,80.00,32.60,15.08,3434,111944.00
325,325,,,66,139,73,83.00,33.44,16.34,3914,130874.00
326,326,,,66,1172,86,188.00,83.20,38.32,3884,323133.00
327,327,*NOUSE*,*NOUSE*,0,0,0,0,0,0,0,0
328,328,,,67,1561,96,178.00,48.45,37.15,4392,212779.00
329,329,*NOUSE*,*NOUSE*,0,0,0,0,0,0,0,0
330,330,*NOUSE*,*NOUSE*,0,0,0,0,0,0,0,0
331,331,,,63,1323,109,150.00,59.36,28.53,2462,146153.00
332,332,*NOUSE*,*NOUSE*,0,0,0,0,0,0,0,0
333,333,*NOUSE*,*NOUSE*,0,0,0,0,0,0,0,0
334,334,*NOUSE*,*NOUSE*,0,0,0,0,0,0,0,0
335,335,*NOUSE*,*NOUSE*,0,0,0,0,0,0,0,0
336,336,*NOUSE*,*NOUSE*,0,0,0,0,0,0,0,0
337,337,*NOUSE*,*NOUSE*,0,0,0,0,0,0,0,0
338,338,*NOUSE*,*NOUSE*,0,0,0,0,0,0,0,0
339,339,*NOUSE*,*NOUSE*,0,0,0,0,0,0,0,0
340,340,*NOUSE*,*NOUSE*,0,0,0,0,0,0,0,0
341,341,,,69,1001,46,69.00,29.12,11.49,6906,201094.00
342,342,*NOUSE*,*NOUSE*,0,0,0,0,0,0,0,0
343,343,,,68,551,56,45.00,21.57, 6.91,6304,135989.00
344,344,,,69,460,60,69.00,27.42,10.21,5293,145142.00
345,345,,,68,698,71,68.00,25.54, 9.82,7808,199418.00
346,346,*NOUSE*,*NOUSE*,0,0,0,0,0,0,0,0
347,347,*NOUSE*,*NOUSE*,0,0,0,0,0,0,0,0
348,348,*NOUSE*,*NOUSE*,0,0,0,0,0,0,0,0
349,349,*NOUSE*,*NOUSE*,0,0,0,0,0,0,0,0
350,350,,,66,1113,101,231.00,75.82,45.27,4662,353457.00
351,351,*NOUSE*,*NOUSE*,0,0,0,0,0,0,0,0
352,352,*NOUSE*,*NOUSE*,0,0,0,0,0,0,0,0
353,353,,,68,1110,43,187.00,71.16,40.10,3799,270351.00
354,354,,,66,1162,45,163.00,74.11,37.15,3007,222838.00
355,355,*NOUSE*,*NOUSE*,0,0,0,0,0,0,0,0
356,356,,,69,232,65,79.00,30.48,13.59,3594,109551.00
357,357,*NOUSE*,*NOUSE*,0,0,0,0,0,0,0,0
358,358,,,72,738,83,172.00,47.52,31.04,10826,514419.00
359,359,*NOUSE*,*NOUSE*,0,0,0,0,0,0,0,0
360,360,*NOUSE*,*NOUSE*,0,0,0,0,0,0,0,0
361,361,*NOUSE*,*NOUSE*,0,0,0,0,0,0,0,0
362,362,*NOUSE*,*NOUSE*,0,0,0,0,0,0,0,0
363,363,,,70,1240,83,241.00,118.21,47.13,3579,423076.00
364,364,*NOUSE*,*NOUSE*,0,0,0,0,0,0,0,0
365,365,*NOUSE*,*NOUSE*,0,0,0,0,0,0,0,0
366,366,*NOUSE*,*NOUSE*,0,0,0,0,0,0,0,0
367,367,,,74,1032,36,154.00,49.01,36.75,4489,220019.00
368,368,,,71,813,39,162.00,51.37,36.47,4202,215836.00
369,369,*NOUSE*,*NOUSE*,0,0,0,0,0,0,0,0
370,370,,,71,1504,49,190.00,64.34,39.31,4810,309484.00
371,371,,,74,1551,80,167.00,45.26,32.53,5274,238698.00
372,372,,,73,347,85,141.00,48.75,28.77,4714,229818.00
373,373,,,74,786,92,174.00,47.33,33.99,5538,262120.00
374,374,*NOUSE*,*NOUSE*,0,0,0,0,0,0,0,0
375,375,,,73,1267,39,159.00,66.06,32.99,4019,265497.00
376,376,*NOUSE*,*NOUSE*,0,0,0,0,0,0,0,0
377,377,,,74,327,53,107.00,43.21,22.26,3105,134172.00
378,378,*NOUSE*,*NOUSE*,0,0,0,0,0,0,0,0
379,379,*NOUSE*,*NOUSE*,0,0,0,0,0,0,0,0
380,380,*NOUSE*,*NOUSE*,0,0,0,0,0,0,0,0
381,381,*NOUSE*,*NOUSE*,0,0,0,0,0,0,0,0
382,382,*NOUSE*,*NOUSE*,0,0,0,0,0,0,0,0
383,383,*NOUSE*,*NOUSE*,0,0,0,0,0,0,0,0
384,384,*NOUSE*,*NOUSE*,0,0,0,0,0,0,0,0
385,385,,,73,452,89,122.00,39.46,21.75,4374,172586.00
386,386,,,73,615,90,142.00,44.50,29.13,3149,140140.00
387,387,*NOUSE*,*NOUSE*,0,0,0,0,0,0,0,0
388,388,,,71,1257,90,227.00,124.29,40.53,2809,349143.00
389,389,,,74,995,99,189.00,62.26,41.49,5323,331410.00
390,390,,,75,1115,33,182.00,57.09,39.08,3766,215000.00
391,391,,,71,1222,31,171.00,61.92,33.26,4063,251589.00
392,392,,,75,1209,39,221.00,83.53,44.94,3549,296455.00
393,393,,,74,666,41,130.00,41.36,26.55,5250,217148.00
394,394,*NOUSE*,*NOUSE*,0,0,0,0,0,0,0,0
395,395,*NOUSE*,*NOUSE*,0,0,0,0,0,0,0,0
396,396,*NOUSE*,*NOUSE*,0,0,0,0,0,0,0,0
397,397,,,74,309,77,115.00,48.34,25.87,3624,175174.00
398,398,*NOUSE*,*NOUSE*,0,0,0,0,0,0,0,0
399,399,,,73,1347,80,221.00,86.58,52.51,4047,350397.00
400,400,,,75,1431,82,201.00,75.46,43.45,4012,302760.00
401,401,*NOUSE*,*NOUSE*,0,0,0,0,0,0,0,0
402,402,*NOUSE*,*NOUSE*,0,0,0,0,0,0,0,0
403,403,*NOUSE*,*NOUSE*,0,0,0,0,0,0,0,0
404,404,,,71,1284,39,187.00,85.41,39.78,3004,256574.00
405,405,,,74,1247,37,148.00,64.23,31.85,3884,249462.00
406,406,,,74,736,42,151.00,42.63,29.66,4622,197016.00
407,407,*NOUSE*,*NOUSE*,0,0,0,0,0,0,0,0
408,408,*NOUSE*,*NOUSE*,0,0,0,0,0,0,0,0
409,409,,,76,1370,47,227.00,76.81,42.27,3285,252324.00
410,410,*NOUSE*,*NOUSE*,0,0,0,0,0,0,0,0
411,411,*NOUSE*,*NOUSE*,0,0,0,0,0,0,0,0
412,412,,,73,1384,58,209.00,88.26,42.38,2408,212522.00
413,413,,,74,1242,71,200.00,96.54,41.25,2388,230531.00
414,414,*NOUSE*,*NOUSE*,0,0,0,0,0,0,0,0
415,415,*NOUSE*,*NOUSE*,0,0,0,0,0,0,0,0
416,416,*NOUSE*,*NOUSE*,0,0,0,0,0,0,0,0
417,417,*NOUSE*,*NOUSE*,0,0,0,0,0,0,0,0
418,418,*NOUSE*,*NOUSE*,0,0,0,0,0,0,0,0
419,419,*NOUSE*,*NOUSE*,0,0,0,0,0,0,0,0
420,420,,,75,1043,88,85.00,37.29,16.91,6013,224249.00
421,421,,,75,1363,99,209.00,84.06,47.57,3722,312855.00
422,422,,,77,869,40,147.00,44.94,30.69,6304,283304.00
423,423,*NOUSE*,*NOUSE*,0,0,0,0,0,0,0,0
424,424,*NOUSE*,*NOUSE*,0,0,0,0,0,0,0,0
425,425,*NOUSE*,*NOUSE*,0,0,0,0,0,0,0,0
426,426,*NOUSE*,*NOUSE*,0,0,0,0,0,0,0,0
427,427,,,75,303,62,169.00,56.37,33.25,4092,230667.00
428,428,,,77,1191,58,210.00,93.23,42.85,3202,298518.00
429,429,,,71,1186,77,209.00,101.36,38.61,3423,346941.00
430,430,*NOUSE*,*NOUSE*,0,0,0,0,0,0,0,0
431,431,,,77,1228,85,215.00,90.71,42.02,3155,286177.00
432,432,*NOUSE*,*NOUSE*,0,0,0,0,0,0,0,0
433,433,*NOUSE*,*NOUSE*,0,0,0,0,0,0,0,0
434,434,*NOUSE*,*NOUSE*,0,0,0,0,0,0,0,0
435,435,,,73,1139,103,210.00,81.16,51.01,4073,330568.00
436,436,,,78,892,96,176.00,47.91,35.36,5847,280156.00
437,437,*NOUSE*,*NOUSE*,0,0,0,0,0,0,0,0
438,438,,,78,976,40,171.00,48.69,36.70,4427,215546.00
439,439,,,73,1207,52,171.00,78.99,31.18,1984,156714.00
440,440,,,77,500,55,116.00,37.51,22.25,5345,200486.00
441,441,,,78,427,53,110.00,35.19,20.29,4853,170796.00
442,442,,,75,1123,81,225.00,80.74,47.91,3878,313091.00
443,443,,,78,1377,82,226.00,93.07,49.23,3236,301160.00
444,444,,,78,503,89,96.00,36.24,20.10,5209,188776.00
445,445,*NOUSE*,*NOUSE*,0,0,0,0,0,0,0,0
446,446,*NOUSE*,*NOUSE*,0,0,0,0,0,0,0,0
447,447,*NOUSE*,*NOUSE*,0,0,0,0,0,0,0,0
448,448,*NOUSE*,*NOUSE*,0,0,0,0,0,0,0,0
449,449,,,79,851,51,186.00,53.07,40.99,4460,236673.00
450,450,*NOUSE*,*NOUSE*,0,0,0,0,0,0,0,0
451,451,,,77,1164,74,166.00,69.60,35.82,4143,288370.00
452,452,*NOUSE*,*NOUSE*,0,0,0,0,0,0,0,0
453,453,*NOUSE*,*NOUSE*,0,0,0,0,0,0,0,0
454,454,*NOUSE*,*NOUSE*,0,0,0,0,0,0,0,0
455,455,*NOUSE*,*NOUSE*,0,0,0,0,0,0,0,0
456,456,*NOUSE*,*NOUSE*,0,0,0,0,0,0,0,0
457,457,*NOUSE*,*NOUSE*,0,0,0,0,0,0,0,0
458,458,*NOUSE*,*NOUSE*,0,0,0,0,0,0,0,0
459,459,*NOUSE*,*NOUSE*,0,0,0,0,0,0,0,0
460,460,,,77,1296,35,198.00,74.25,44.35,3101,230255.00
461,461,*NOUSE*,*NOUSE*,0,0,0,0,0,0,0,0
462,462,*NOUSE*,*NOUSE*,0,0,0,0,0,0,0,0
463,463,*NOUSE*,*NOUSE*,0,0,0,0,0,0,0,0
464,464,,,76,291,70,125.00,46.74,28.75,3234,151149.00
465,465,*NOUSE*,*NOUSE*,0,0,0,0,0,0,0,0
466,466,,,81,1139,73,168.00,55.40,34.05,5676,314478.00
467,467,*NOUSE*,*NOUSE*,0,0,0,0,0,0,0,0
468,468,*NOUSE*,*NOUSE*,0,0,0,0,0,0,0,0
469,469,*NOUSE*,*NOUSE*,0,0,0,0,0,0,0,0
470,470,*NOUSE*,*NOUSE*,0,0,0,0,0,0,0,0
471,471,*NOUSE*,*NOUSE*,0,0,0,0,0,0,0,0
472,472,,,80,1117,95,170.00,58.93,37.16,5588,329293.00
473,473,*NOUSE*,*NOUSE*,0,0,0,0,0,0,0,0
474,474,,,80,1166,32,143.00,47.11,27.69,4459,210058.00
475,475,,,78,1159,45,220.00,73.79,50.24,3345,246831.00
476,476,*NOUSE*,*NOUSE*,0,0,0,0,0,0,0,0
477,477,,,80,1173,55,167.00,66.58,37.68,3651,243097.00
478,478,*NOUSE*,*NOUSE*,0,0,0,0,0,0,0,0
479,479,,,83,1140,52,189.00,58.73,41.67,4439,260696.00
480,480,*NOUSE*,*NOUSE*,0,0,0,0,0,0,0,0
481,481,,,79,315,68,125.00,50.11,27.77,3616,181186.00
482,482,,,80,1265,66,206.00,94.79,41.41,3016,285880.00
483,483,,,83,721,81,178.00,49.21,39.25,4983,245224.00
484,484,,,82,991,91,208.00,66.68,48.30,4431,295459.00
485,485,,,78,1243,94,212.00,98.82,42.84,2720,268783.00
486,486,,,83,1439,88,195.00,78.03,47.05,3943,307668.00
487,487,,,79,1191,99,190.00,76.96,39.43,4091,314839.00
488,488,,,82,1089,97,174.00,50.63,35.55,6864,347520.00
489,489,*NOUSE*,*NOUSE*,0,0,0,0,0,0,0,0
490,490,*NOUSE*,*NOUSE*,0,0,0,0,0,0,0,0
491,491,,,82,1315,43,142.00,52.28,29.75,2237,116955.00
492,492,,,81,1237,48,179.00,86.31,39.75,2876,248214.00
493,493,*NOUSE*,*NOUSE*,0,0,0,0,0,0,0,0
494,494,*NOUSE*,*NOUSE*,0,0,0,0,0,0,0,0
495,495,*NOUSE*,*NOUSE*,0,0,0,0,0,0,0,0
496,496,,,81,1444,61,229.00,81.41,45.15,3540,288188.00
497,497,*NOUSE*,*NOUSE*,0,0,0,0,0,0,0,0
498,498,,,81,533,80,106.00,36.13,19.35,4955,179035.00
499,499,*NOUSE*,*NOUSE*,0,0,0,0,0,0,0,0
500,500,*NOUSE*,*NOUSE*,0,0,0,0,0,0,0,0
501,501,*NOUSE*,*NOUSE*,0,0,0,0,0,0,0,0
502,502,*NOUSE*,*NOUSE*,0,0,0,0,0,0,0,0
503,503,*NOUSE*,*NOUSE*,0,0,0,0,0,0,0,0
504,504,*NOUSE*,*NOUSE*,0,0,0,0,0,0,0,0
505,505,,,83,778,63,178.00,49.68,37.35,4776,237281.00
506,506,*NOUSE*,*NOUSE*,0,0,0,0,0,0,0,0
507,507,*NOUSE*,*NOUSE*,0,0,0,0,0,0,0,0
508,508,*NOUSE*,*NOUSE*,0,0,0,0,0,0,0,0
509,509,*NOUSE*,*NOUSE*,0,0,0,0,0,0,0,0
510,510,,,83,1339,82,212.00,93.64,43.92,2981,279142.00
511,511,,,82,1190,82,215.00,98.17,44.51,3389,332704.00
512,512,*NOUSE*,*NOUSE*,0,0,0,0,0,0,0,0
513,513,*NOUSE*,*NOUSE*,0,0,0,0,0,0,0,0
514,514,*NOUSE*,*NOUSE*,0,0,0,0,0,0,0,0
515,515,,,81,1260,97,199.00,84.44,43.41,3222,272058.00
516,516,*NOUSE*,*NOUSE*,0,0,0,0,0,0,0,0
517,517,*NOUSE*,*NOUSE*,0,0,0,0,0,0,0,0
518,518,*NOUSE*,*NOUSE*,0,0,0,0,0,0,0,0
519,519,*NOUSE*,*NOUSE*,0,0,0,0,0,0,0,0
520,520,*NOUSE*,*NOUSE*,0,0,0,0,0,0,0,0
521,521,*NOUSE*,*NOUSE*,0,0,0,0,0,0,0,0
522,522,,,84,1462,61,188.00,64.04,40.30,5039,322712.00
523,523,*NOUSE*,*NOUSE*,0,0,0,0,0,0,0,0
524,524,*NOUSE*,*NOUSE*,0,0,0,0,0,0,0,0
525,525,,,85,1039,70,217.00,66.22,51.33,4364,288995.00
526,526,*NOUSE*,*NOUSE*,0,0,0,0,0,0,0,0
527,527,*NOUSE*,*NOUSE*,0,0,0,0,0,0,0,0
528,528,,,83,1171,89,205.00,81.91,42.55,4011,328525.00
529,529,,,85,1266,47,179.00,81.65,39.52,3180,259649.00
530,530,,,85,803,75,126.00,41.13,25.76,5715,235079.00
531,531,*NOUSE*,*NOUSE*,0,0,0,0,0,0,0,0
532,532,,,85,669,76,112.00,39.00,22.77,4268,166454.00
533,533,*NOUSE*,*NOUSE*,0,0,0,0,0,0,0,0
534,534,,,85,1322,82,206.00,69.72,41.18,4800,334675.00
535,535,*NOUSE*,*NOUSE*,0,0,0,0,0,0,0,0
536,536,,,82,1468,94,149.00,58.24,28.46,3300,192200.00
537,537,*NOUSE*,*NOUSE*,0,0,0,0,0,0,0,0
538,538,*NOUSE*,*NOUSE*,0,0,0,0,0,0,0,0
539,539,*NOUSE*,*NOUSE*,0,0,0,0,0,0,0,0
540,540,*NOUSE*,*NOUSE*,0,0,0,0,0,0,0,0
541,541,,,85,635,58,93.00,29.83,14.37,6836,203933.00
542,542,*NOUSE*,*NOUSE*,0,0,0,0,0,0,0,0
543,543,*NOUSE*,*NOUSE*,0,0,0,0,0,0,0,0
544,544,*NOUSE*,*NOUSE*,0,0,0,0,0,0,0,0
545,545,,,87,1010,69,148.00,45.03,29.72,5756,259197.00
546,546,,,86,861,82,154.00,44.19,28.72,5862,259028.00
547,547,*NOUSE*,*NOUSE*,0,0,0,0,0,0,0,0
548,548,*NOUSE*,*NOUSE*,0,0,0,0,0,0,0,0
549,549,*NOUSE*,*NOUSE*,0,0,0,0,0,0,0,0
550,550,*NOUSE*,*NOUSE*,0,0,0,0,0,0,0,0
551,551,*NOUSE*,*NOUSE*,0,0,0,0,0,0,0,0
552,552,*NOUSE*,*NOUSE*,0,0,0,0,0,0,0,0
553,553,,,88,963,82,165.00,45.77,32.89,5892,269690.00
554,554,*NOUSE*,*NOUSE*,0,0,0,0,0,0,0,0
555,555,*NOUSE*,*NOUSE*,0,0,0,0,0,0,0,0
556,556,,,88,957,58,139.00,37.45,21.61,5749,215327.00
557,557,*NOUSE*,*NOUSE*,0,0,0,0,0,0,0,0
558,558,*NOUSE*,*NOUSE*,0,0,0,0,0,0,0,0
559,559,*NOUSE*,*NOUSE*,0,0,0,0,0,0,0,0
560,560,,,87,1115,71,243.00,78.23,57.67,3768,294782.00
561,561,,,89,906,77,154.00,41.69,27.05,6264,261165.00
562,562,,,86,1309,94,175.00,60.25,35.98,4084,246078.00
563,563,*NOUSE*,*NOUSE*,0,0,0,0,0,0,0,0
564,564,*NOUSE*,*NOUSE*,0,0,0,0,0,0,0,0
565,565,*NOUSE*,*NOUSE*,0,0,0,0,0,0,0,0
566,566,,,89,1310,57,197.00,60.16,41.44,4291,258144.00
567,567,,,88,1294,61,185.00,73.69,42.90,3602,265446.00
568,568,*NOUSE*,*NOUSE*,0,0,0,0,0,0,0,0
569,569,,,87,1449,79,224.00,80.39,45.93,3071,246890.00
570,570,*NOUSE*,*NOUSE*,0,0,0,0,0,0,0,0
571,571,*NOUSE*,*NOUSE*,0,0,0,0,0,0,0,0
572,572,*NOUSE*,*NOUSE*,0,0,0,0,0,0,0,0
573,573,,,89,1483,67,173.00,55.62,37.63,5219,290261.00
574,574,*NOUSE*,*NOUSE*,0,0,0,0,0,0,0,0
575,575,*NOUSE*,*NOUSE*,0,0,0,0,0,0,0,0
576,576,,,88,1279,77,248.00,103.90,57.15,2910,302338.00
577,577,*NOUSE*,*NOUSE*,0,0,0,0,0,0,0,0
578,578,*NOUSE*,*NOUSE*,0,0,0,0,0,0,0,0
579,579,*NOUSE*,*NOUSE*,0,0,0,0,0,0,0,0
580,580,,,90,1388,78,221.00,77.30,49.99,3612,279200.00
581,581,,,91,1180,80,222.00,87.70,52.81,3414,299417.00
582,582,*NOUSE*,*NOUSE*,0,0,0,0,0,0,0,0
583,583,*NOUSE*,*NOUSE*,0,0,0,0,0,0,0,0
584,584,*NOUSE*,*NOUSE*,0,0,0,0,0,0,0,0
585,585,,,91,1253,62,163.00,66.22,37.62,4274,283042.00
586,586,*NOUSE*,*NOUSE*,0,0,0,0,0,0,0,0
587,587,,,90,1165,79,213.00,77.68,48.76,3769,292790.00
588,588,*NOUSE*,*NOUSE*,0,0,0,0,0,0,0,0
589,589,*NOUSE*,*NOUSE*,0,0,0,0,0,0,0,0
590,590,,,91,1413,66,244.00,85.32,58.40,3158,269454.00
591,591,,,92,1442,68,155.00,52.14,32.11,4646,242255.00
592,592,,,88,1293,78,232.00,90.75,54.26,3033,275245.00
593,593,*NOUSE*,*NOUSE*,0,0,0,0,0,0,0,0
594,594,*NOUSE*,*NOUSE*,0,0,0,0,0,0,0,0
595,595,*NOUSE*,*NOUSE*,0,0,0,0,0,0,0,0
596,596,,,92,1267,73,195.00,72.21,43.90,4155,300025.00
597,597,*NOUSE*,*NOUSE*,0,0,0,0,0,0,0,0
598,598,,,92,1385,63,193.00,70.00,45.60,3959,277123.00
599,599,*NOUSE*,*NOUSE*,0,0,0,0,0,0,0,0
600,600,*NOUSE*,*NOUSE*,0,0,0,0,0,0,0,0
601,601,*NOUSE*,*NOUSE*,0,0,0,0,0,0,0,0
602,602,*NOUSE*,*NOUSE*,0,0,0,0,0,0,0,0
603,603,*NOUSE*,*NOUSE*,0,0,0,0,0,0,0,0
604,604,*NOUSE*,*NOUSE*,0,0,0,0,0,0,0,0
605,605,*NOUSE*,*NOUSE*,0,0,0,0,0,0,0,0
606,606,*NOUSE*,*NOUSE*,0,0,0,0,0,0,0,0
607,607,*NOUSE*,*NOUSE*,0,0,0,0,0,0,0,0
608,608,*NOUSE*,*NOUSE*,0,0,0,0,0,0,0,0
609,609,,*MANUAL*,90,1182,66,238.00,160.05,39.00,895,143248.00
610,610,,*MANUAL*,90,1196,71,238.00,152.29,25.59,895,136296.00
611,611,,*MANUAL*,88,1209,76,220.00,158.66,25.80,861,136603.00
612,612,,*MANUAL*,91,1247,78,225.00,146.06,33.81,887,129558.00
613,613,,*MANUAL*$586$604,89,1230,79,152.00,70.55,34.91,1833,129323.00
614,614,,*MANUAL*,91,1212,61,232.00,159.78,27.19,895,143003.00
615,615,,*MANUAL*,90,1193,57,234.00,139.19,45.25,895,124578.00
616,616,,*MANUAL*,89,1206,50,230.00,143.03,33.59,895,128011.00
617,617,,*MANUAL*,89,1232,57,198.00,110.65,23.02,1362,150703.00
618,618,,*MANUAL*,87,1222,44,225.00,156.76,29.20,839,131524.00
619,619,,*MANUAL*,85,1288,47,223.00,145.74,27.63,879,128107.00
620,620,,*MANUAL*,78,1278,47,210.00,136.39,26.77,895,122068.00
621,621,,*MANUAL*,78,1295,51,251.00,157.93,33.60,852,134558.00
622,622,,*MANUAL*,70,1299,47,230.00,155.17,32.24,895,138875.00
623,623,,*MANUAL*,83,1203,64,218.00,155.81,27.01,895,139453.00
624,624,,*MANUAL*,80,1220,70,216.00,146.55,22.75,895,131160.00
625,625,,*MANUAL*,81,1237,65,226.00,156.35,27.19,895,139935.00
626,626,,*MANUAL*,81,1283,63,232.00,142.51,27.72,895,127544.00
627,627,,*MANUAL*,78,1290,74,251.00,171.36,37.13,865,148226.00
628,628,,*MANUAL*,74,1292,83,244.00,171.78,35.24,895,153743.00
629,629,,*MANUAL*,78,1224,39,222.00,111.31,33.80,1365,151932.00
630,630,,*MANUAL*,89,1276,58,190.00,122.75,23.61,895,109863.00
631,631,,*MANUAL*,81,1254,51,202.00,128.49,26.43,875,112432.00
632,632,,*MANUAL*,88,1249,45,208.00,145.91,29.93,895,130592.00
633,633,,*MANUAL*,43,1180,69,204.00,135.97,24.10,773,105107.00
634,634,,*MANUAL*,38,1192,74,175.00,117.18,24.77,895,104874.00
635,635,*NOUSE*,*NOUSE*,0,0,0,0,0,0,0,0
636,636,,*MANUAL*$635$42,42,1228,69,137.00,74.69,25.42,1632,121894.00
637,637,,*MANUAL*,40,1210,59,174.00,114.60,22.52,895,102563.00
638,638,,*MANUAL*,45,1203,51,197.00,125.53,25.47,895,112352.00
639,639,,*MANUAL*,44,1286,60,152.00,106.19,19.75,880,93444.00
640,640,,*MANUAL*,41,1304,60,163.00,103.20,22.75,895,92365.00
641,641,,*MANUAL*,41,1229,50,128.00,92.99,12.19,871,80997.00
642,642,,*MANUAL*,47,1232,42,159.00,107.61,19.46,895,96314.00
643,643,,*MANUAL*,52,1290,54,225.00,137.66,26.35,889,122376.00
644,644,,*MANUAL*,59,1297,49,225.00,147.51,29.78,895,132024.00
645,645,,*MANUAL*,47,1199,69,189.00,135.44,19.91,895,121223.00
646,646,,*MANUAL*,48,1217,69,173.00,113.88,20.40,895,101924.00
647,647,,*MANUAL*,50,1277,69,198.00,130.95,23.30,870,113927.00
648,648,,*MANUAL*,56,1283,75,220.00,141.22,33.58,895,126389.00
649,649,,*MANUAL*,63,1139,109,198.00,128.23,25.08,895,114764.00
650,650,,*MANUAL*,52,1144,101,208.00,143.33,30.86,895,128282.00
651,651,,*MANUAL*,66,1155,103,187.00,126.65,24.56,1365,172874.00
652,652,,*MANUAL*,57,1164,102,198.00,139.88,21.81,895,125189.00
653,653,,*MANUAL*,70,1171,102,221.00,152.52,32.15,895,136508.00
654,654,,*MANUAL*,65,1183,103,241.00,162.41,33.30,831,134964.00
655,655,,*MANUAL*,56,1183,101,235.00,167.41,28.59,895,149829.00
656,656,,*MANUAL*$257$316,61,1218,101,177.00,68.62,33.64,4664,320067.00
657,657,,*MANUAL*,81,1282,93,223.00,141.96,29.65,875,124213.00
658,658,,*MANUAL*,75,1277,87,247.00,183.52,23.49,763,140029.00
659,659,,*MANUAL*,82,1251,83,233.00,167.37,25.91,895,149792.00
660,660,,*MANUAL*,72,1261,76,206.00,151.24,24.66,895,135359.00
661,661,,*MANUAL*,80,1270,81,243.00,168.62,30.34,895,150915.00
662,662,,*MANUAL*,49,1278,94,212.00,133.79,27.72,857,114654.00
663,663,,*MANUAL*,55,1277,87,222.00,168.87,22.34,769,129858.00
664,664,,*MANUAL*,65,1276,86,236.00,162.60,24.47,1365,221946.00
665,665,,*MANUAL*,50,1245,81,220.00,156.78,20.73,895,140314.00
666,666,,*MANUAL*,62,1245,80,220.00,160.93,26.60,895,144029.00
667,667,,*MANUAL*,58,1258,86,225.00,151.34,29.95,819,123944.00
668,668,,*MANUAL*,51,1264,83,227.00,146.43,29.08,895,131053.00
669,669,,*MANUAL*,57,1229,75,175.00,108.28,25.73,895,96910.00
670,670,,*MANUAL*,59,1198,84,229.00,166.64,25.79,895,149139.00
671,671,,*MANUAL*,48,1197,85,227.00,145.61,28.33,895,130317.00
672,672,,*MANUAL*,73,1204,82,250.00,172.86,32.22,799,138117.00
673,673,,*MANUAL*,81,1207,83,237.00,155.62,37.46,895,139282.00
674,674,,*MANUAL*,91,1330,66,204.00,83.56,35.13,1898,158596.00
675,675,,*MANUAL*,90,1363,64,225.00,150.52,36.16,889,133809.00
676,676,,*MANUAL*,88,1372,76,207.00,131.92,27.38,895,118068.00
677,677,,*MANUAL*,86,1359,84,216.00,144.02,29.92,891,128324.00
678,678,,*MANUAL*,87,1347,74,190.00,125.82,20.82,895,112613.00
679,679,,*MANUAL*,78,1344,95,244.00,166.44,35.46,881,146637.00
680,680,,*MANUAL*,74,1325,94,226.00,157.48,29.99,871,137164.00
681,681,,*MANUAL*,68,1347,97,219.00,154.17,26.03,895,137978.00
682,682,,*MANUAL*,82,1367,91,227.00,142.92,38.84,895,127916.00
683,683,,*MANUAL*,88,1424,79,230.00,129.27,44.18,799,103287.00
684,684,,*MANUAL*,85,1423,88,230.00,144.98,42.33,895,129757.00
685,685,,*MANUAL*,87,1468,76,224.00,122.91,36.19,895,110006.00
686,686,,*MANUAL*,84,1428,59,221.00,143.79,29.11,895,128688.00
687,687,,*MANUAL*,82,1415,57,225.00,154.00,30.32,889,136905.00
688,688,,*MANUAL*,90,1401,59,239.00,153.70,40.64,895,137558.00
689,689,,*MANUAL*,83,1387,56,233.00,143.51,37.24,895,128438.00
690,690,,*MANUAL*,85,1373,53,245.00,159.38,40.14,895,142644.00
691,691,,*MANUAL*,83,1332,67,224.00,140.19,35.19,895,125469.00
692,692,,*MANUAL*,80,1344,65,216.00,147.79,26.06,895,132271.00
693,693,,*MANUAL*,80,1358,63,221.00,141.51,31.79,895,126648.00
694,694,,*MANUAL*,84,1328,52,206.00,118.37,43.45,895,105942.00
695,695,,*MANUAL*,83,1343,51,224.00,144.69,34.83,895,129499.00
696,696,,*MANUAL*,81,1355,49,230.00,149.85,39.31,892,133667.00
697,697,,*MANUAL*,71,1349,49,229.00,162.92,24.41,881,143533.00
698,698,,*MANUAL*,73,1339,46,221.00,155.79,26.02,887,138188.00
699,699,,*MANUAL*,67,1330,41,215.00,136.36,29.71,889,121226.00
700,700,,*MANUAL*,40,1358,68,165.00,113.88,23.98,773,88033.00
701,701,,*MANUAL*,44,1364,79,169.00,99.91,25.99,895,89422.00
702,702,,*MANUAL*,41,1338,73,166.00,106.00,21.47,806,85439.00
703,703,,*MANUAL*,52,1338,96,233.00,150.45,27.59,885,133147.00
704,704,,*MANUAL*,54,1322,95,215.00,141.31,26.24,895,126472.00
705,705,,*MANUAL*,61,1332,94,216.00,159.17,22.87,895,142459.00
706,706,,*MANUAL*,40,1385,73,157.00,102.97,21.19,876,90206.00
707,707,,*MANUAL*,45,1429,86,197.00,124.45,26.88,831,103417.00
708,708,,*MANUAL*,45,1458,84,181.00,108.63,29.15,843,91576.00
709,709,,*MANUAL*,45,1391,60,191.00,115.23,34.24,885,101979.00
710,710,,*MANUAL*,41,1377,60,205.00,119.32,33.57,895,106791.00
711,711,,*MANUAL*,42,1362,53,204.00,124.40,38.42,880,109471.00
712,712,,*MANUAL*,47,1340,67,180.00,121.64,23.57,895,108866.00
713,713,,*MANUAL*,47,1357,64,176.00,125.65,18.66,895,112457.00
714,714,,*MANUAL*,48,1343,52,212.00,136.15,30.40,887,120761.00
715,715,,*MANUAL*,50,1356,49,208.00,145.79,26.00,893,130192.00
716,716,,*MANUAL*,49,1373,48,187.00,115.38,27.03,895,103262.00
717,717,,*MANUAL*,57,1347,47,206.00,155.46,24.29,895,139139.00
718,718,,*MANUAL*,57,1334,45,200.00,146.91,20.02,895,131486.00
719,719,,*MANUAL*$523$544,83,1531,67,124.00,40.62,24.76,6184,251197.00
720,720,,*MANUAL*,57,1495,48,197.00,131.84,32.74,895,117998.00
721,721,,*MANUAL*,58,1470,46,193.00,122.23,28.22,895,109397.00
722,722,,*MANUAL*,71,1472,46,232.00,136.19,32.53,781,106364.00
723,723,,*MANUAL*$352$319,63,1265,25,112.00,47.64,16.87,3202,152555.00
724,724,,*MANUAL*$321$340,65,1348,33,135.00,46.07,20.81,2950,135902.00
725,725,,*MANUAL*,65,1485,41,137.00,78.14,22.81,895,69937.00
726,726,,*MANUAL*,64,1539,98,184.00,101.71,36.56,895,91028.00
727,727,,*MANUAL*,71,1524,97,167.00,99.67,26.75,895,89205.00
728,728,,*MANUAL*,63,1508,99,194.00,120.26,28.41,893,107392.00
729,729,,*MANUAL*,72,1501,97,219.00,116.16,35.31,895,103966.00
730,730,,*MANUAL*,72,1478,98,211.00,123.14,33.44,867,106762.00
731,731,,*MANUAL*,72,1460,100,243.00,143.44,40.74,895,128381.00
732,732,,*MANUAL*,61,1489,99,203.00,129.19,29.28,799,103222.00
733,733,,*MANUAL*,63,1468,101,235.00,148.22,35.88,895,132658.00
734,734,,*MANUAL*$330$339,64,1361,108,137.00,53.25,25.71,3799,202294.00
735,735,,*MANUAL*$338$329,66,1420,105,154.00,52.89,25.59,4860,257068.00
736,736,*NOUSE*,*NOUSE*,0,0,0,0,0,0,0,0
737,737,,*MANUAL*$736$366,68,1489,104,170.00,69.47,31.44,1825,126781.00
738,738,,*MANUAL*,69,1100,75,199.00,111.09,38.42,893,99202.00
739,739,,*MANUAL*,67,1107,84,234.00,158.20,37.07,895,141585.00
740,740,,*MANUAL*,53,1111,50,179.00,102.88,33.37,895,92075.00
741,741,,*MANUAL*,82,1109,53,241.00,148.39,41.40,778,115444.00
742,742,,*MANUAL*$376$394,76,1125,47,158.00,49.29,29.70,5314,261939.00
743,743,,*MANUAL*,55,1133,46,207.00,128.85,28.84,887,114291.00
744,744,,*MANUAL*,50,1137,54,160.00,92.77,27.69,895,83026.00
745,745,,*MANUAL*,52,1181,70,235.00,154.35,30.45,895,138146.00
746,746,,*MANUAL*,79,1181,69,253.00,181.20,36.58,895,162178.00
747,747,,*MANUAL*,61,1190,46,186.00,119.37,25.56,881,105162.00
748,748,,*MANUAL*,71,1187,44,187.00,122.37,20.74,895,109518.00
749,749,,*MANUAL*$282$283,60,1210,49,149.00,67.78,30.49,4113,278761.00
750,750,,*MANUAL*$333$308,65,1204,67,172.00,74.04,30.01,3440,254690.00
751,751,,*MANUAL*,63,1390,53,228.00,161.17,25.32,828,133446.00
752,752,,*MANUAL*$471$467,80,1390,70,212.00,84.70,41.50,3524,298474.00
753,753,,*MANUAL*$401$383,70,1386,90,194.00,71.96,38.28,4302,309576.00
754,754,,*MANUAL*,50,1387,75,166.00,96.66,27.41,895,86511.00
755,755,,*MANUAL*,55,1388,57,198.00,118.77,28.23,895,106295.00
756,756,,*MANUAL*,47,1392,90,215.00,134.82,28.12,895,120668.00
757,757,,*MANUAL*,54,1400,85,213.00,147.55,29.66,895,132060.00
758,758,,*MANUAL*,72,1399,81,246.00,162.79,36.21,817,132999.00
759,759,,*MANUAL*,79,1395,85,252.00,171.59,37.90,895,153571.00
760,760,,*MANUAL*,65,1411,93,207.00,135.83,32.61,741,100651.00
761,761,,*MANUAL*,53,1408,65,188.00,113.29,18.41,895,101399.00
762,762,,*MANUAL*,77,1408,64,239.00,127.59,26.58,872,111257.00
763,763,,*MANUAL*,77,1412,74,237.00,148.96,38.34,895,133320.00
764,764,,*MANUAL*,73,1412,86,250.00,170.80,38.99,895,152868.00
765,765,,*MANUAL*,57,1414,92,233.00,163.72,36.36,895,146533.00
766,766,,*MANUAL*,52,1413,81,225.00,120.61,37.42,895,107946.00
767,767,,*MANUAL*,61,1404,57,246.00,159.77,45.17,745,119031.00
768,768,,*MANUAL*,68,1407,58,250.00,183.81,39.09,895,164508.00
769,769,,*MANUAL*,54,1431,86,195.00,125.73,31.11,895,112527.00
770,770,,*MANUAL*,69,1447,62,138.00,68.15,20.17,1365,93022.00
771,771,,*MANUAL*$416$430,76,1446,75,162.00,60.38,31.62,4312,260342.00
772,772,,*MANUAL*$219$226,56,1447,78,131.00,52.78,27.07,4571,241237.00
773,773,,*MANUAL*,53,1463,85,179.00,104.42,24.34,895,93452.00
774,774,,*MANUAL*,77,1462,82,205.00,113.01,34.25,895,101147.00
775,775,,*MANUAL*,66,1468,57,189.00,124.72,28.24,817,101898.00
776,776,*NOUSE*,*NOUSE*,0,0,0,0,0,0,0,0
777,777,,*MANUAL*$776$250,59,1476,61,164.00,68.22,30.18,1674,114205.00
778,778,,*MANUAL*,71,1487,84,162.00,89.48,30.02,799,71491.00
779,779,,*MANUAL*,59,1475,86,114.00,66.21,15.40,895,59259.00
780,780,,*MANUAL*,53,1490,85,185.00,119.19,27.97,785,93561.00
781,781,,*MANUAL*,78,1490,80,223.00,138.32,35.17,823,113839.00
782,782,,*MANUAL*,64,1497,59,189.00,108.17,33.52,895,96814.00
783,783,,*MANUAL*,63,1519,60,186.00,107.43,34.53,895,96153.00
784,784,,*MANUAL*,78,1510,80,189.00,99.98,43.08,895,89481.00
785,785,,*MANUAL*,77,1525,81,229.00,114.44,48.95,895,102421.00
786,786,,*MANUAL*$126$100$101,49,1509,60,140.00,46.89,23.13,5044,236513.00
787,787,,*MANUAL*$124$112,49,1460,51,120.00,53.37,23.50,3000,160116.00
788,788,,*MANUAL*$123$165,50,1431,47,118.00,45.84,20.70,4775,218870.00
789,789,,*MANUAL*$75$67,45,1399,50,138.00,56.02,25.42,2884,161564.00
790,790,*NOUSE*,*NOUSE*,0,0,0,0,0,0,0,0
791,791,*NOUSE*,*NOUSE*,0,0,0,0,0,0,0,0
792,792,*NOUSE*,*NOUSE*,0,0,0,0,0,0,0,0
793,793,,*MANUAL*,56,1194,30,164.00,102.23,24.44,873,89250.00
794,794,,*MANUAL*$109$110,48,1156,33,140.00,42.69,25.14,4520,192957.00
795,795,,*MANUAL*,53,950,38,152.00,93.42,20.37,895,83615.00
796,796,,*MANUAL*$202$213,57,873,38,157.00,47.39,32.02,5210,246885.00
797,797,,*MANUAL*$180$181,54,614,43,136.00,40.39,26.00,4711,190270.00
798,798,,*MANUAL*,55,532,50,117.00,57.63,19.33,895,51582.00
799,799,*NOUSE*,*NOUSE*,0,0,0,0,0,0,0,0
800,800,,*MANUAL*$799$217,55,476,53,112.00,47.15,21.59,1532,72235.00
801,801,,*MANUAL*$369$411,73,595,47,124.00,39.33,24.44,5002,196742.00
802,802,,*MANUAL*,75,930,36,172.00,102.39,24.16,895,91638.00
803,803,,*MANUAL*$490$516,82,1095,40,162.00,51.07,34.06,4100,209387.00
804,804,*NOUSE*,*NOUSE*,0,0,0,0,0,0,0,0
805,805,,*MANUAL*$804$459,76,1328,37,174.00,71.23,32.50,2386,169948.00
806,806,,*MANUAL*$517$550,83,1398,47,149.00,61.91,27.79,2198,136085.00
807,807,,*MANUAL*$446$462,77,1426,45,148.00,53.65,24.88,4586,246051.00
808,808,*NOUSE*,*NOUSE*,0,0,0,0,0,0,0,0
809,809,,*MANUAL*$808$519,80,1466,49,169.00,71.54,29.29,2850,203876.00
810,810,,*MANUAL*$518$521,82,1497,57,136.00,50.05,26.58,6023,301431.00
811,811,*NOUSE*,*NOUSE*,0,0,0,0,0,0,0,0
812,812,,*MANUAL*$811$583,86,1491,84,156.00,74.98,32.08,1435,107594.00
813,813,,*MANUAL*$502$489,79,1419,100,150.00,60.02,29.01,3761,225732.00
814,814,,*MANUAL*$554$564,85,1387,94,164.00,62.26,27.29,3566,222035.00
815,815,*NOUSE*,*NOUSE*,0,0,0,0,0,0,0,0
816,816,*NOUSE*,*NOUSE*,0,0,0,0,0,0,0,0
817,817,,*MANUAL*$456$458,76,1214,100,178.00,66.36,32.05,4720,313219.00
818,818,,*MANUAL*$537$514,83,1153,98,166.00,59.04,33.63,5441,321223.00
819,819,,*MANUAL*,83,1027,95,213.00,131.93,31.55,895,118074.00
820,820,,*MANUAL*$457$473,79,942,97,175.00,49.75,35.96,5800,288553.00
821,821,,*MANUAL*,79,848,94,157.00,86.02,24.34,895,76986.00
822,822,,*MANUAL*$419$455,75,706,90,162.00,46.73,32.68,5296,247477.00
823,823,,*MANUAL*$387$402,71,537,92,119.00,44.09,24.33,4208,185514.00
824,824,,*MANUAL*,68,276,79,97.00,51.76,16.08,895,46323.00
825,825,,*MANUAL*,57,274,81,94.00,58.00,14.03,895,51914.00
826,826,,*MANUAL*,55,448,90,109.00,61.58,18.00,895,55112.00
827,827,,*MANUAL*$237$236,58,543,93,130.00,41.72,23.59,4052,169057.00
828,828,,*MANUAL*,58,758,97,160.00,107.12,22.92,839,89876.00
829,829,,*MANUAL*,49,768,90,171.00,107.37,26.17,895,96095.00
830,830,,*MANUAL*$197$221,55,871,99,182.00,48.34,35.79,4858,234830.00
831,831,,*MANUAL*$93$105,49,936,93,138.00,41.74,27.47,6190,258351.00
832,832,,*MANUAL*$162$176,53,970,100,154.00,47.68,33.85,6021,287066.00
833,833,,*MANUAL*,47,1063,97,149.00,73.62,24.54,895,65889.00
834,834,,*MANUAL*,46,1140,91,153.00,85.78,29.58,895,76770.00
835,835,*NOUSE*,*NOUSE*,0,0,0,0,0,0,0,0
836,836,,*MANUAL*$835$74,45,1161,97,165.00,80.84,36.63,1343,108568.00
837,837,,*MANUAL*$121$131,49,1204,100,155.00,67.02,32.46,4731,317091.00
838,838,,*MANUAL*$107$94$108,46,1394,100,136.00,52.43,22.63,2870,150476.00
839,839,,*MANUAL*$147$198,50,1464,99,130.00,55.28,25.79,3046,168398.00
840,840,,*MANUAL*,47,1494,87,164.00,87.95,27.51,895,78718.00
841,841,,*MANUAL*$334$335,65,87,70,73.00,30.36,13.14,3361,102033.00
842,842,,*MANUAL*,67,170,71,93.00,56.01,14.87,895,50126.00
843,843,*NOUSE*,*NOUSE*,0,0,0,0,0,0,0,0
844,844,,*MANUAL*$843$244,59,182,66,93.00,38.48,17.98,2483,95550.00
845,845,,*MANUAL*,64,227,84,104.00,60.66,15.64,875,53077.00
846,846,,*MANUAL*,69,265,65,129.00,82.22,15.99,895,73588.00
847,847,,*MANUAL*,70,278,59,123.00,77.35,16.61,895,69224.00
848,848,,*MANUAL*,80,330,77,129.00,75.91,15.20,895,67935.00
849,849,,*MANUAL*,81,355,75,125.00,77.20,15.07,895,69096.00
850,850,,*MANUAL*,63,257,55,105.00,60.47,16.11,895,54125.00
851,851,,*MANUAL*,64,291,54,124.00,73.43,18.99,895,65724.00
852,852,,*MANUAL*,64,288,69,117.00,83.13,12.21,895,74399.00
853,853,,*MANUAL*$336$327,64,300,81,97.00,39.85,18.37,3179,126680.00
854,854,,*MANUAL*,64,325,70,150.00,96.95,18.37,889,86189.00
855,855,,*MANUAL*,75,333,66,135.00,83.14,18.24,895,74406.00
856,856,,*MANUAL*,65,337,57,134.00,94.57,15.52,895,84636.00
857,857,,*MANUAL*,57,330,63,119.00,73.14,20.04,895,65463.00
858,858,,*MANUAL*,57,232,78,107.00,75.82,14.79,895,67856.00
859,859,,*MANUAL*,58,268,69,137.00,89.72,15.66,895,80302.00
860,860,,*MANUAL*,52,295,72,122.00,75.60,16.47,895,67662.00
861,861,,*MANUAL*,54,351,76,125.00,75.63,17.38,895,67692.00
862,862,,*MANUAL*,57,368,79,137.00,94.32,19.65,867,81779.00
863,863,,*MANUAL*,62,343,86,115.00,70.62,21.87,895,63209.00
864,864,,*MANUAL*,65,363,83,156.00,102.77,21.08,885,90948.00
865,865,,*MANUAL*,74,369,85,149.00,89.59,14.53,895,80185.00
866,866,,*MANUAL*,71,388,87,101.00,68.43,12.88,895,61244.00
867,867,,*MANUAL*,56,396,86,118.00,66.90,27.79,895,59879.00
868,868,,*MANUAL*,79,405,83,100.00,61.70,13.27,895,55222.00
869,869,,*MANUAL*$41$49$87,42,1000,53,88.00,30.58,14.92,5468,167200.00
870,870,,*MANUAL*$58$59,44,903,52,98.00,30.94,14.74,5262,162807.00
871,871,,*MANUAL*$77$78,45,582,79,86.00,31.43,15.01,5246,164882.00
872,872,,*MANUAL*$114$115,48,508,68,75.00,25.67,10.09,5004,128464.00
873,873,,*MANUAL*$117$103,48,460,83,77.00,27.83,12.86,5079,141326.00
874,874,,*MANUAL*$160$142,50,383,84,94.00,36.45,19.33,1797,65505.00
875,875,*NOUSE*,*NOUSE*,0,0,0,0,0,0,0,0
876,876,*NOUSE*,*NOUSE*,0,0,0,0,0,0,0,0
877,877,*NOUSE*,*NOUSE*,0,0,0,0,0,0,0,0
878,878,*NOUSE*,*NOUSE*,0,0,0,0,0,0,0,0
879,879,,*MANUAL*$878$877,50,363,62,61.00,25.99,10.22,1767,45931.00
880,880,,*MANUAL*$602$589,93,1142,67,135.00,47.33,26.92,5340,252739.00
881,881,,*MANUAL*$549$539,84,1192,42,153.00,63.74,28.88,2921,186170.00
882,882,,*MANUAL*$574$579,91,1085,74,137.00,38.06,20.94,7298,277771.00
883,883,*NOUSE*,*NOUSE*,0,0,0,0,0,0,0,0
884,884,,*MANUAL*$883$595,91,1113,53,211.00,62.40,37.88,2683,167429.00
885,885,,*MANUAL*$578$571,90,1040,54,132.00,40.89,23.03,5418,221567.00
886,886,,*MANUAL*$559$543,87,864,60,126.00,35.83,20.39,6719,240728.00
887,887,,*MANUAL*$499$513,82,626,84,124.00,42.14,24.98,5061,213269.00
888,888,,*MANUAL*$551$552,86,746,58,100.00,35.21,19.08,6072,213774.00
889,889,,*MANUAL*,83,584,81,96.00,53.79,17.71,1364,73366.00
890,890,,*MANUAL*,75,582,70,90.00,28.26,15.74,2103,59428.00
891,891,,*MANUAL*$506$526,82,505,71,86.00,29.66,14.55,5761,170879.00
892,892,,*MANUAL*$527$531,83,448,80,88.00,32.63,16.21,4604,150222.00
893,893,,*MANUAL*$533$508,83,380,81,87.00,34.44,15.80,2734,94163.00
894,894,,*MANUAL*$572$558$542$507,83,350,62,110.00,28.97,13.02,4342,125778.00
895,895,,*MANUAL*,74,364,65,107.00,70.32,12.14,895,62939.00
896,896,,*MANUAL*,62,364,62,117.00,71.23,13.64,895,63755.00
897,897,,*MANUAL*$139$182,53,1048,50,84.00,32.60,14.81,6158,200762.00
898,898,,*MANUAL*$410$425,77,1049,47,93.00,36.21,17.10,6792,245945.00
899,899,,*MANUAL*$270$229$234,55,1067,87,89.00,34.25,13.89,2775,95053.00
900,900,,*MANUAL*$355$342,68,880,51,65.00,27.70,10.26,6088,168639.00
901,901,,*MANUAL*$360$364,71,792,54,70.00,27.13,10.88,7452,202145.00
902,902,,*MANUAL*$284$251,61,655,55,57.00,24.70, 8.63,7422,183327.00
903,903,,*MANUAL*$313$300$291,64,498,88,65.00,30.30,10.90,4241,128484.00
904,904,,*MANUAL*$347$346,66,416,86,78.00,27.73, 9.88,3118,86455.00
905,905,*NOUSE*,*NOUSE*,0,0,0,0,0,0,0,0
906,906,,*MANUAL*$905$235,58,712,88,165.00,44.87,28.37,10437,468360.00
907,907,*NOUSE*,*NOUSE*,0,0,0,0,0,0,0,0
908,908,,*MANUAL*$907$594,85,763,81,139.00,77.07,29.72,1713,132023.00
909,909,,*MANUAL*,76,763,84,159.00,104.75,18.58,895,93755.00
910,910,,*MANUAL*,66,758,101,185.00,110.78,35.31,895,99149.00
911,911,,*MANUAL*,63,441,96,112.00,74.05,15.62,895,66272.00
912,912,,*MANUAL*$88$89,46,637,61,90.00,27.09,12.55,5628,152435.00
913,913,,*MANUAL*$337$348,66,1310,99,191.00,77.54,43.04,5012,388655.00
914,914,,*MANUAL*,77,1316,102,176.00,97.25,28.09,1365,132750.00
915,915,,*MANUAL*,83,1218,54,205.00,142.82,26.74,895,127821.00
916,916,,*MANUAL*,46,1329,45,153.00,91.75,23.00,895,82116.00
917,917,,*MANUAL*,52,1319,37,123.00,75.33,18.93,895,67416.00
918,918,,*MANUAL*,65,1196,31,174.00,91.59,29.49,895,81974.00
919,919,F1,*MANUAL*,64,1602,73,12.00, 2.16, 1.75,895,1932.00
920,920,F2,*MANUAL*,65,1478,74,42.00,10.52, 6.14,895,9415.00
921,921,F3,*MANUAL*,65,1367,73,34.00,10.96, 3.83,895,9805.00
922,922,F4,*MANUAL*,64,1423,73,28.00,13.23, 4.14,895,11841.00
923,923,F5,*MANUAL*,64,1303,73,24.00, 8.45, 3.57,895,7560.00
924,924,F6,*MANUAL*,65,1152,73,33.00,13.33, 4.59,895,11933.00
925,925,F7,*MANUAL*,63,1072,73,31.00,13.52, 3.80,895,12097.00
926,926,F8,*MANUAL*,63,933,70,15.00, 5.44, 2.64,895,4870.00
927,927,F9,*MANUAL*,63,813,70,18.00, 7.38, 2.92,895,6606.00
928,928,F10,*MANUAL*,63,673,68,18.00, 5.91, 2.68,895,5289.00
