0,0,*NOUSE*,*NOUSE*,0,0,0,0,0,0,0,0
1,1,*NOUSE*,*NOUSE*,0,0,0,0,0,0,0,0
2,2,*NOUSE*,*NOUSE*,0,0,0,0,0,0,0,0
3,3,*NOUSE*,*NOUSE*,0,0,0,0,0,0,0,0
4,4,*NOUSE*,*NOUSE*,0,0,0,0,0,0,0,0
5,5,*NOUSE*,*NOUSE*,0,0,0,0,0,0,0,0
6,6,*NOUSE*,*NOUSE*,0,0,0,0,0,0,0,0
7,7,*NOUSE*,*NOUSE*,0,0,0,0,0,0,0,0
8,8,,,45,1252,73,168.00,59.59,34.66,3781,225328.00
9,9,*NOUSE*,*NOUSE*,0,0,0,0,0,0,0,0
10,10,*NOUSE*,*NOUSE*,0,0,0,0,0,0,0,0
11,11,*NOUSE*,*NOUSE*,0,0,0,0,0,0,0,0
12,12,,,45,1304,65,175.00,65.01,38.67,3558,231296.00
13,13,,,44,1193,68,152.00,59.82,30.58,3658,218817.00
14,14,*NOUSE*,*NOUSE*,0,0,0,0,0,0,0,0
15,15,,,45,1238,67,159.00,62.75,34.33,3405,213680.00
16,16,,,42,808,74,72.00,27.84,10.45,5890,163970.00
17,17,,,46,1188,52,183.00,71.88,42.96,3467,249224.00
18,18,,,45,1219,51,229.00,83.15,49.58,2859,237716.00
19,19,,,45,1078,51,203.00,58.23,44.32,3722,216740.00
20,20,,,46,1232,52,192.00,72.82,44.43,3150,229369.00
21,21,,,44,796,49,111.00,37.59,19.32,3887,146118.00
22,22,*NOUSE*,*NOUSE*,0,0,0,0,0,0,0,0
23,23,,,45,1318,58,176.00,67.36,40.26,3793,255503.00
24,24,*NOUSE*,*NOUSE*,0,0,0,0,0,0,0,0
25,25,,,45,1364,65,124.00,47.84,24.64,5138,245777.00
26,26,*NOUSE*,*NOUSE*,0,0,0,0,0,0,0,0
27,27,*NOUSE*,*NOUSE*,0,0,0,0,0,0,0,0
28,28,,,46,1095,50,173.00,55.05,38.28,3763,207162.00
29,29,*NOUSE*,*NOUSE*,0,0,0,0,0,0,0,0
30,30,*NOUSE*,*NOUSE*,0,0,0,0,0,0,0,0
31,31,*NOUSE*,*NOUSE*,0,0,0,0,0,0,0,0
32,32,,,46,1341,60,197.00,67.60,44.19,3952,267160.00
33,33,,,45,1051,54,101.00,38.55,17.24,4987,192242.00
34,34,*NOUSE*,*NOUSE*,0,0,0,0,0,0,0,0
35,35,,,47,957,61,130.00,39.63,21.00,5020,198937.00
36,36,*NOUSE*,*NOUSE*,0,0,0,0,0,0,0,0
37,37,*NOUSE*,*NOUSE*,0,0,0,0,0,0,0,0
38,38,*NOUSE*,*NOUSE*,0,0,0,0,0,0,0,0
39,39,*NOUSE*,*NOUSE*,0,0,0,0,0,0,0,0
40,40,*NOUSE*,*NOUSE*,0,0,0,0,0,0,0,0
41,41,*NOUSE*,*NOUSE*,0,0,0,0,0,0,0,0
42,42,,,50,1353,52,192.00,73.73,44.54,2659,196043.00
43,43,*NOUSE*,*NOUSE*,0,0,0,0,0,0,0,0
44,44,*NOUSE*,*NOUSE*,0,0,0,0,0,0,0,0
45,45,*NOUSE*,*NOUSE*,0,0,0,0,0,0,0,0
46,46,*NOUSE*,*NOUSE*,0,0,0,0,0,0,0,0
47,47,,,47,1000,69,99.00,33.11,15.05,5252,173916.00
48,48,*NOUSE*,*NOUSE*,0,0,0,0,0,0,0,0
49,49,*NOUSE*,*NOUSE*,0,0,0,0,0,0,0,0
50,50,*NOUSE*,*NOUSE*,0,0,0,0,0,0,0,0
51,51,*NOUSE*,*NOUSE*,0,0,0,0,0,0,0,0
52,52,*NOUSE*,*NOUSE*,0,0,0,0,0,0,0,0
53,53,,,49,783,86,134.00,44.76,29.16,4644,207884.00
54,54,,,48,889,49,123.00,44.25,24.79,3513,155464.00
55,55,,,48,701,49,96.00,37.90,19.22,4007,151877.00
56,56,,,48,737,51,108.00,35.45,17.89,4073,144390.00
57,57,*NOUSE*,*NOUSE*,0,0,0,0,0,0,0,0
58,58,*NOUSE*,*NOUSE*,0,0,0,0,0,0,0,0
59,59,*NOUSE*,*NOUSE*,0,0,0,0,0,0,0,0
60,60,*NOUSE*,*NOUSE*,0,0,0,0,0,0,0,0
61,61,*NOUSE*,*NOUSE*,0,0,0,0,0,0,0,0
62,62,*NOUSE*,*NOUSE*,0,0,0,0,0,0,0,0
63,63,,,48,908,70,73.00,27.51,10.71,5568,153192.00
64,64,,,52,1368,79,176.00,64.11,40.35,3809,244214.00
65,65,,,53,1356,81,194.00,72.52,42.78,3442,249602.00
66,66,*NOUSE*,*NOUSE*,0,0,0,0,0,0,0,0
67,67,*NOUSE*,*NOUSE*,0,0,0,0,0,0,0,0
68,68,*NOUSE*,*NOUSE*,0,0,0,0,0,0,0,0
69,69,,,50,1459,69,110.00,41.87,21.30,5199,217684.00
70,70,*NOUSE*,*NOUSE*,0,0,0,0,0,0,0,0
71,71,*NOUSE*,*NOUSE*,0,0,0,0,0,0,0,0
72,72,,,52,658,47,153.00,48.59,32.60,4628,224868.00
73,73,*NOUSE*,*NOUSE*,0,0,0,0,0,0,0,0
74,74,*NOUSE*,*NOUSE*,0,0,0,0,0,0,0,0
75,75,,,55,1279,70,178.00,86.00,40.10,3003,258271.00
76,76,,,51,483,68,107.00,39.66,20.77,5240,207819.00
77,77,,,51,1075,75,136.00,48.15,29.73,4448,214155.00
78,78,*NOUSE*,*NOUSE*,0,0,0,0,0,0,0,0
79,79,*NOUSE*,*NOUSE*,0,0,0,0,0,0,0,0
80,80,,,53,799,94,144.00,42.67,25.71,6553,279641.00
81,81,*NOUSE*,*NOUSE*,0,0,0,0,0,0,0,0
82,82,,,54,1251,39,174.00,65.43,38.10,2614,171028.00
83,83,,,52,1240,41,124.00,47.99,24.90,2388,114598.00
84,84,*NOUSE*,*NOUSE*,0,0,0,0,0,0,0,0
85,85,*NOUSE*,*NOUSE*,0,0,0,0,0,0,0,0
86,86,,,52,578,53,117.00,41.00,22.58,4731,193955.00
87,87,*NOUSE*,*NOUSE*,0,0,0,0,0,0,0,0
88,88,*NOUSE*,*NOUSE*,0,0,0,0,0,0,0,0
89,89,*NOUSE*,*NOUSE*,0,0,0,0,0,0,0,0
90,90,,,52,1324,92,150.00,69.71,28.48,2267,158035.00
91,91,,,52,1034,93,127.00,43.22,23.41,5486,237107.00
92,92,,,51,1317,41,153.00,62.05,26.35,2143,132981.00
93,93,*NOUSE*,*NOUSE*,0,0,0,0,0,0,0,0
94,94,*NOUSE*,*NOUSE*,0,0,0,0,0,0,0,0
95,95,*NOUSE*,*NOUSE*,0,0,0,0,0,0,0,0
96,96,,,54,1183,65,178.00,74.75,38.44,3010,225012.00
97,97,,,56,313,70,193.00,60.24,43.27,4870,293366.00
98,98,,,54,414,68,117.00,38.54,21.27,5212,200889.00
99,99,,,54,1112,78,146.00,61.52,29.31,3696,227389.00
100,100,*NOUSE*,*NOUSE*,0,0,0,0,0,0,0,0
101,101,,,53,1165,87,225.00,97.32,47.95,2779,270454.00
102,102,,,52,1252,91,152.00,57.45,29.61,2782,159826.00
103,103,*NOUSE*,*NOUSE*,0,0,0,0,0,0,0,0
104,104,*NOUSE*,*NOUSE*,0,0,0,0,0,0,0,0
105,105,,,56,1081,39,192.00,58.95,38.98,3772,222355.00
106,106,*NOUSE*,*NOUSE*,0,0,0,0,0,0,0,0
107,107,*NOUSE*,*NOUSE*,0,0,0,0,0,0,0,0
108,108,*NOUSE*,*NOUSE*,0,0,0,0,0,0,0,0
109,109,*NOUSE*,*NOUSE*,0,0,0,0,0,0,0,0
110,110,,,57,291,65,191.00,71.72,47.38,3966,284456.00
111,111,*NOUSE*,*NOUSE*,0,0,0,0,0,0,0,0
112,112,*NOUSE*,*NOUSE*,0,0,0,0,0,0,0,0
113,113,*NOUSE*,*NOUSE*,0,0,0,0,0,0,0,0
114,114,,,53,443,79,89.00,32.79,14.92,4250,139343.00
115,115,*NOUSE*,*NOUSE*,0,0,0,0,0,0,0,0
116,116,,,53,1431,81,127.00,49.72,26.71,2874,142888.00
117,117,*NOUSE*,*NOUSE*,0,0,0,0,0,0,0,0
118,118,,,56,1097,88,211.00,63.97,43.42,4670,298744.00
119,119,,,55,680,89,97.00,38.21,19.55,4889,186815.00
120,120,,,54,1100,39,144.00,62.21,32.83,2589,161053.00
121,121,*NOUSE*,*NOUSE*,0,0,0,0,0,0,0,0
122,122,,,54,1199,38,210.00,83.93,44.07,2633,220987.00
123,123,,,57,1058,37,175.00,56.80,36.47,4798,272520.00
124,124,,,56,882,40,135.00,49.02,28.86,3795,186024.00
125,125,,,55,1016,42,144.00,47.46,28.95,3541,168052.00
126,126,*NOUSE*,*NOUSE*,0,0,0,0,0,0,0,0
127,127,*NOUSE*,*NOUSE*,0,0,0,0,0,0,0,0
128,128,*NOUSE*,*NOUSE*,0,0,0,0,0,0,0,0
129,129,,,55,455,57,118.00,40.03,22.56,6067,242862.00
130,130,,,56,1322,66,188.00,79.63,42.33,3185,253633.00
131,131,*NOUSE*,*NOUSE*,0,0,0,0,0,0,0,0
132,132,*NOUSE*,*NOUSE*,0,0,0,0,0,0,0,0
133,133,,,58,264,77,249.00,85.46,59.83,3574,305425.00
134,134,,,55,1279,84,221.00,101.54,47.57,2865,290899.00
135,135,,,55,904,95,113.00,40.63,22.22,5072,206079.00
136,136,,,57,1051,99,142.00,45.20,27.02,4775,215835.00
137,137,,,56,862,100,138.00,44.41,27.13,4215,187203.00
138,138,,,56,1156,37,189.00,67.92,37.14,3306,224527.00
139,139,,,56,1185,38,209.00,101.23,48.24,2024,204889.00
140,140,*NOUSE*,*NOUSE*,0,0,0,0,0,0,0,0
141,141,*NOUSE*,*NOUSE*,0,0,0,0,0,0,0,0
142,142,,,57,1131,41,190.00,84.26,37.53,2582,217572.00
143,143,*NOUSE*,*NOUSE*,0,0,0,0,0,0,0,0
144,144,,,56,1100,62,145.00,59.02,29.55,3698,218255.00
145,145,,,57,1130,67,178.00,76.79,33.46,3650,280274.00
146,146,*NOUSE*,*NOUSE*,0,0,0,0,0,0,0,0
147,147,*NOUSE*,*NOUSE*,0,0,0,0,0,0,0,0
148,148,,,59,1057,81,140.00,45.85,27.05,5173,237180.00
149,149,*NOUSE*,*NOUSE*,0,0,0,0,0,0,0,0
150,150,*NOUSE*,*NOUSE*,0,0,0,0,0,0,0,0
151,151,,,56,1291,88,229.00,104.58,51.06,2576,269390.00
152,152,,,57,1239,96,191.00,83.62,47.44,3599,300931.00
153,153,*NOUSE*,*NOUSE*,0,0,0,0,0,0,0,0
154,154,*NOUSE*,*NOUSE*,0,0,0,0,0,0,0,0
155,155,,,58,1368,39,156.00,62.90,33.88,3372,212086.00
156,156,*NOUSE*,*NOUSE*,0,0,0,0,0,0,0,0
157,157,*NOUSE*,*NOUSE*,0,0,0,0,0,0,0,0
158,158,,,56,517,79,95.00,34.80,18.01,5132,178575.00
159,159,*NOUSE*,*NOUSE*,0,0,0,0,0,0,0,0
160,160,*NOUSE*,*NOUSE*,0,0,0,0,0,0,0,0
161,161,,,58,616,95,132.00,45.69,27.24,3833,175143.00
162,162,,,59,1134,100,165.00,62.43,32.04,4984,311162.00
163,163,*NOUSE*,*NOUSE*,0,0,0,0,0,0,0,0
164,164,*NOUSE*,*NOUSE*,0,0,0,0,0,0,0,0
165,165,*NOUSE*,*NOUSE*,0,0,0,0,0,0,0,0
166,166,*NOUSE*,*NOUSE*,0,0,0,0,0,0,0,0
167,167,,,59,648,44,151.00,48.98,27.18,3634,177981.00
168,168,,,57,1186,51,186.00,96.59,40.37,2343,226307.00
169,169,,,62,677,52,142.00,41.76,23.62,10066,420397.00
170,170,,,58,1308,54,208.00,73.31,44.26,3441,252256.00
171,171,*NOUSE*,*NOUSE*,0,0,0,0,0,0,0,0
172,172,,,62,313,56,195.00,79.21,47.07,4214,333791.00
173,173,*NOUSE*,*NOUSE*,0,0,0,0,0,0,0,0
174,174,*NOUSE*,*NOUSE*,0,0,0,0,0,0,0,0
175,175,*NOUSE*,*NOUSE*,0,0,0,0,0,0,0,0
176,176,*NOUSE*,*NOUSE*,0,0,0,0,0,0,0,0
177,177,,,59,759,90,127.00,40.93,23.85,4639,189864.00
178,178,*NOUSE*,*NOUSE*,0,0,0,0,0,0,0,0
179,179,*NOUSE*,*NOUSE*,0,0,0,0,0,0,0,0
180,180,*NOUSE*,*NOUSE*,0,0,0,0,0,0,0,0
181,181,*NOUSE*,*NOUSE*,0,0,0,0,0,0,0,0
182,182,*NOUSE*,*NOUSE*,0,0,0,0,0,0,0,0
183,183,,,61,563,49,170.00,53.10,36.16,4680,248516.00
184,184,*NOUSE*,*NOUSE*,0,0,0,0,0,0,0,0
185,185,,,60,1383,65,152.00,61.69,30.02,3606,222451.00
186,186,*NOUSE*,*NOUSE*,0,0,0,0,0,0,0,0
187,187,,,59,1211,90,156.00,77.69,32.83,3768,292733.00
188,188,,,61,958,100,157.00,46.09,30.07,5114,235687.00
189,189,*NOUSE*,*NOUSE*,0,0,0,0,0,0,0,0
190,190,,,61,723,43,126.00,41.47,24.78,3187,132178.00
191,191,,,61,697,48,134.00,43.81,25.14,4271,187105.00
192,192,*NOUSE*,*NOUSE*,0,0,0,0,0,0,0,0
193,193,,,61,1493,62,150.00,43.16,28.30,4852,209432.00
194,194,,,62,213,65,200.00,59.60,46.09,4624,275594.00
195,195,,,64,324,77,186.00,65.66,42.52,4339,284880.00
196,196,,,60,542,97,144.00,47.40,30.15,3699,175322.00
197,197,*NOUSE*,*NOUSE*,0,0,0,0,0,0,0,0
198,198,*NOUSE*,*NOUSE*,0,0,0,0,0,0,0,0
199,199,,,61,400,55,165.00,53.73,36.87,5197,279216.00
200,200,*NOUSE*,*NOUSE*,0,0,0,0,0,0,0,0
201,201,*NOUSE*,*NOUSE*,0,0,0,0,0,0,0,0
202,202,,,61,1367,59,196.00,73.67,39.35,3751,276321.00
203,203,*NOUSE*,*NOUSE*,0,0,0,0,0,0,0,0
204,204,*NOUSE*,*NOUSE*,0,0,0,0,0,0,0,0
205,205,*NOUSE*,*NOUSE*,0,0,0,0,0,0,0,0
206,206,,,62,464,91,139.00,48.67,32.29,3637,177000.00
207,207,*NOUSE*,*NOUSE*,0,0,0,0,0,0,0,0
208,208,*NOUSE*,*NOUSE*,0,0,0,0,0,0,0,0
209,209,*NOUSE*,*NOUSE*,0,0,0,0,0,0,0,0
210,210,*NOUSE*,*NOUSE*,0,0,0,0,0,0,0,0
211,211,,,62,1283,55,223.00,85.35,51.69,3073,262293.00
212,212,*NOUSE*,*NOUSE*,0,0,0,0,0,0,0,0
213,213,*NOUSE*,*NOUSE*,0,0,0,0,0,0,0,0
214,214,*NOUSE*,*NOUSE*,0,0,0,0,0,0,0,0
215,215,*NOUSE*,*NOUSE*,0,0,0,0,0,0,0,0
216,216,,,67,1048,44,220.00,91.44,49.38,3265,298553.00
217,217,*NOUSE*,*NOUSE*,0,0,0,0,0,0,0,0
218,218,*NOUSE*,*NOUSE*,0,0,0,0,0,0,0,0
219,219,*NOUSE*,*NOUSE*,0,0,0,0,0,0,0,0
220,220,*NOUSE*,*NOUSE*,0,0,0,0,0,0,0,0
221,221,*NOUSE*,*NOUSE*,0,0,0,0,0,0,0,0
222,222,,,65,202,77,176.00,52.38,37.88,4464,233820.00
223,223,*NOUSE*,*NOUSE*,0,0,0,0,0,0,0,0
224,224,*NOUSE*,*NOUSE*,0,0,0,0,0,0,0,0
225,225,*NOUSE*,*NOUSE*,0,0,0,0,0,0,0,0
226,226,,,64,1194,91,162.00,74.14,31.63,4234,313906.00
227,227,,,64,1159,97,166.00,80.27,35.92,3896,312713.00
228,228,*NOUSE*,*NOUSE*,0,0,0,0,0,0,0,0
229,229,*NOUSE*,*NOUSE*,0,0,0,0,0,0,0,0
230,230,*NOUSE*,*NOUSE*,0,0,0,0,0,0,0,0
231,231,*NOUSE*,*NOUSE*,0,0,0,0,0,0,0,0
232,232,*NOUSE*,*NOUSE*,0,0,0,0,0,0,0,0
233,233,,,71,1052,54,174.00,66.87,38.99,3719,248673.00
234,234,*NOUSE*,*NOUSE*,0,0,0,0,0,0,0,0
235,235,*NOUSE*,*NOUSE*,0,0,0,0,0,0,0,0
236,236,*NOUSE*,*NOUSE*,0,0,0,0,0,0,0,0
237,237,*NOUSE*,*NOUSE*,0,0,0,0,0,0,0,0
238,238,,,67,792,34,149.00,50.20,34.66,3414,171394.00
239,239,*NOUSE*,*NOUSE*,0,0,0,0,0,0,0,0
240,240,*NOUSE*,*NOUSE*,0,0,0,0,0,0,0,0
241,241,,,68,1106,51,189.00,77.75,41.96,3378,262635.00
242,242,*NOUSE*,*NOUSE*,0,0,0,0,0,0,0,0
243,243,,,68,434,65,80.00,35.89,15.31,5908,212045.00
244,244,,,67,190,61,174.00,48.31,34.41,5245,253395.00
245,245,,,67,173,68,172.00,50.33,35.95,4907,246993.00
246,246,*NOUSE*,*NOUSE*,0,0,0,0,0,0,0,0
247,247,*NOUSE*,*NOUSE*,0,0,0,0,0,0,0,0
248,248,*NOUSE*,*NOUSE*,0,0,0,0,0,0,0,0
249,249,*NOUSE*,*NOUSE*,0,0,0,0,0,0,0,0
250,250,,,70,1042,32,173.00,61.57,39.07,3928,241832.00
251,251,,,69,993,36,162.00,50.72,34.86,3787,192080.00
252,252,,,69,1078,47,181.00,64.27,38.70,3925,252261.00
253,253,,,69,148,64,154.00,52.24,34.23,5149,268971.00
254,254,*NOUSE*,*NOUSE*,0,0,0,0,0,0,0,0
255,255,*NOUSE*,*NOUSE*,0,0,0,0,0,0,0,0
256,256,,,68,66,67,147.00,44.50,28.00,5099,226929.00
257,257,*NOUSE*,*NOUSE*,0,0,0,0,0,0,0,0
258,258,*NOUSE*,*NOUSE*,0,0,0,0,0,0,0,0
259,259,,,67,1103,90,170.00,75.12,39.02,3972,298389.00
260,260,,,69,1072,94,144.00,55.55,32.34,4379,243238.00
261,261,,,71,1198,29,224.00,68.80,41.26,3010,207097.00
262,262,*NOUSE*,*NOUSE*,0,0,0,0,0,0,0,0
263,263,*NOUSE*,*NOUSE*,0,0,0,0,0,0,0,0
264,264,,,71,923,34,171.00,47.38,35.29,4633,219498.00
265,265,,,69,1359,36,168.00,57.70,29.98,4153,239636.00
266,266,*NOUSE*,*NOUSE*,0,0,0,0,0,0,0,0
267,267,,,75,1040,47,185.00,74.02,42.26,3265,241687.00
268,268,*NOUSE*,*NOUSE*,0,0,0,0,0,0,0,0
269,269,*NOUSE*,*NOUSE*,0,0,0,0,0,0,0,0
270,270,*NOUSE*,*NOUSE*,0,0,0,0,0,0,0,0
271,271,*NOUSE*,*NOUSE*,0,0,0,0,0,0,0,0
272,272,*NOUSE*,*NOUSE*,0,0,0,0,0,0,0,0
273,273,*NOUSE*,*NOUSE*,0,0,0,0,0,0,0,0
274,274,*NOUSE*,*NOUSE*,0,0,0,0,0,0,0,0
275,275,,,69,1308,82,230.00,88.10,51.00,3578,315222.00
276,276,*NOUSE*,*NOUSE*,0,0,0,0,0,0,0,0
277,277,,,71,886,32,164.00,52.60,35.70,3614,190093.00
278,278,,,70,1247,35,211.00,80.76,49.29,3217,259805.00
279,279,,,71,682,34,160.00,55.04,37.70,3427,188625.00
280,280,,,70,1016,36,177.00,61.10,43.33,2801,171137.00
281,281,,,72,1027,35,174.00,58.54,42.67,2999,175547.00
282,282,,,71,712,37,157.00,48.17,33.90,3059,147349.00
283,283,,,69,1500,49,156.00,48.36,32.25,4025,194666.00
284,284,*NOUSE*,*NOUSE*,0,0,0,0,0,0,0,0
285,285,,,69,1527,50,173.00,49.20,35.94,3929,193290.00
286,286,,,70,270,55,168.00,63.47,38.83,4221,267905.00
287,287,,,71,116,64,172.00,51.97,36.11,4873,253241.00
288,288,*NOUSE*,*NOUSE*,0,0,0,0,0,0,0,0
289,289,,,70,99,69,168.00,52.11,35.16,4328,225537.00
290,290,,,70,1282,72,202.00,77.15,43.19,4052,312623.00
291,291,*NOUSE*,*NOUSE*,0,0,0,0,0,0,0,0
292,292,*NOUSE*,*NOUSE*,0,0,0,0,0,0,0,0
293,293,*NOUSE*,*NOUSE*,0,0,0,0,0,0,0,0
294,294,*NOUSE*,*NOUSE*,0,0,0,0,0,0,0,0
295,295,*NOUSE*,*NOUSE*,0,0,0,0,0,0,0,0
296,296,*NOUSE*,*NOUSE*,0,0,0,0,0,0,0,0
297,297,,,73,347,90,113.00,45.89,23.57,4359,200031.00
298,298,,,72,1252,99,191.00,67.84,41.51,4882,331204.00
299,299,*NOUSE*,*NOUSE*,0,0,0,0,0,0,0,0
300,300,*NOUSE*,*NOUSE*,0,0,0,0,0,0,0,0
301,301,,,72,1130,31,205.00,78.68,48.46,2589,203705.00
302,302,*NOUSE*,*NOUSE*,0,0,0,0,0,0,0,0
303,303,,,71,303,48,180.00,65.29,39.58,4153,271165.00
304,304,,,72,448,51,194.00,56.24,42.35,5820,327300.00
305,305,*NOUSE*,*NOUSE*,0,0,0,0,0,0,0,0
306,306,*NOUSE*,*NOUSE*,0,0,0,0,0,0,0,0
307,307,,,68,1538,87,130.00,40.62,23.19,4587,186331.00
308,308,*NOUSE*,*NOUSE*,0,0,0,0,0,0,0,0
309,309,*NOUSE*,*NOUSE*,0,0,0,0,0,0,0,0
310,310,*NOUSE*,*NOUSE*,0,0,0,0,0,0,0,0
311,311,,,70,263,82,211.00,96.04,52.16,2406,231062.00
312,312,*NOUSE*,*NOUSE*,0,0,0,0,0,0,0,0
313,313,*NOUSE*,*NOUSE*,0,0,0,0,0,0,0,0
314,314,*NOUSE*,*NOUSE*,0,0,0,0,0,0,0,0
315,315,*NOUSE*,*NOUSE*,0,0,0,0,0,0,0,0
316,316,*NOUSE*,*NOUSE*,0,0,0,0,0,0,0,0
317,317,*NOUSE*,*NOUSE*,0,0,0,0,0,0,0,0
318,318,*NOUSE*,*NOUSE*,0,0,0,0,0,0,0,0
319,319,*NOUSE*,*NOUSE*,0,0,0,0,0,0,0,0
320,320,*NOUSE*,*NOUSE*,0,0,0,0,0,0,0,0
321,321,*NOUSE*,*NOUSE*,0,0,0,0,0,0,0,0
322,322,*NOUSE*,*NOUSE*,0,0,0,0,0,0,0,0
323,323,*NOUSE*,*NOUSE*,0,0,0,0,0,0,0,0
324,324,*NOUSE*,*NOUSE*,0,0,0,0,0,0,0,0
325,325,*NOUSE*,*NOUSE*,0,0,0,0,0,0,0,0
326,326,*NOUSE*,*NOUSE*,0,0,0,0,0,0,0,0
327,327,,,74,153,74,166.00,51.46,33.52,4396,226219.00
328,328,,,71,1439,82,190.00,69.72,40.62,3609,251634.00
329,329,,,71,278,78,181.00,83.38,39.74,3202,266986.00
330,330,*NOUSE*,*NOUSE*,0,0,0,0,0,0,0,0
331,331,*NOUSE*,*NOUSE*,0,0,0,0,0,0,0,0
332,332,*NOUSE*,*NOUSE*,0,0,0,0,0,0,0,0
333,333,*NOUSE*,*NOUSE*,0,0,0,0,0,0,0,0
334,334,,,70,969,36,170.00,57.86,38.19,3602,208427.00
335,335,*NOUSE*,*NOUSE*,0,0,0,0,0,0,0,0
336,336,,,74,610,41,189.00,56.92,41.32,4033,229539.00
337,337,,,75,633,48,144.00,44.69,29.75,5109,228301.00
338,338,*NOUSE*,*NOUSE*,0,0,0,0,0,0,0,0
339,339,*NOUSE*,*NOUSE*,0,0,0,0,0,0,0,0
340,340,,,74,548,64,67.00,29.42,10.37,6993,205740.00
341,341,*NOUSE*,*NOUSE*,0,0,0,0,0,0,0,0
342,342,,,71,1461,84,170.00,59.22,38.41,3882,229879.00
343,343,,,71,1492,86,139.00,46.07,29.05,4664,214873.00
344,344,*NOUSE*,*NOUSE*,0,0,0,0,0,0,0,0
345,345,*NOUSE*,*NOUSE*,0,0,0,0,0,0,0,0
346,346,*NOUSE*,*NOUSE*,0,0,0,0,0,0,0,0
347,347,,,75,560,45,178.00,57.02,41.12,4659,265676.00
348,348,*NOUSE*,*NOUSE*,0,0,0,0,0,0,0,0
349,349,,,75,798,41,157.00,50.35,32.33,3470,174714.00
350,350,*NOUSE*,*NOUSE*,0,0,0,0,0,0,0,0
351,351,,,71,288,67,214.00,103.43,45.12,3108,321455.00
352,352,*NOUSE*,*NOUSE*,0,0,0,0,0,0,0,0
353,353,*NOUSE*,*NOUSE*,0,0,0,0,0,0,0,0
354,354,*NOUSE*,*NOUSE*,0,0,0,0,0,0,0,0
355,355,,,76,1209,92,170.00,82.73,36.09,4864,402392.00
356,356,*NOUSE*,*NOUSE*,0,0,0,0,0,0,0,0
357,357,*NOUSE*,*NOUSE*,0,0,0,0,0,0,0,0
358,358,*NOUSE*,*NOUSE*,0,0,0,0,0,0,0,0
359,359,*NOUSE*,*NOUSE*,0,0,0,0,0,0,0,0
360,360,,,74,324,83,222.00,76.35,49.05,3198,244170.00
361,361,,,75,822,100,150.00,48.65,32.33,5598,272323.00
362,362,*NOUSE*,*NOUSE*,0,0,0,0,0,0,0,0
363,363,*NOUSE*,*NOUSE*,0,0,0,0,0,0,0,0
364,364,,,78,693,45,139.00,48.12,30.19,4525,217765.00
365,365,*NOUSE*,*NOUSE*,0,0,0,0,0,0,0,0
366,366,*NOUSE*,*NOUSE*,0,0,0,0,0,0,0,0
367,367,*NOUSE*,*NOUSE*,0,0,0,0,0,0,0,0
368,368,*NOUSE*,*NOUSE*,0,0,0,0,0,0,0,0
369,369,,,76,444,93,166.00,53.27,36.83,3888,207122.00
370,370,*NOUSE*,*NOUSE*,0,0,0,0,0,0,0,0
371,371,*NOUSE*,*NOUSE*,0,0,0,0,0,0,0,0
372,372,,,76,388,97,185.00,56.73,38.48,2760,156567.00
373,373,*NOUSE*,*NOUSE*,0,0,0,0,0,0,0,0
374,374,*NOUSE*,*NOUSE*,0,0,0,0,0,0,0,0
375,375,*NOUSE*,*NOUSE*,0,0,0,0,0,0,0,0
376,376,,,75,1416,55,146.00,58.31,28.73,2243,130781.00
377,377,*NOUSE*,*NOUSE*,0,0,0,0,0,0,0,0
378,378,*NOUSE*,*NOUSE*,0,0,0,0,0,0,0,0
379,379,*NOUSE*,*NOUSE*,0,0,0,0,0,0,0,0
380,380,*NOUSE*,*NOUSE*,0,0,0,0,0,0,0,0
381,381,*NOUSE*,*NOUSE*,0,0,0,0,0,0,0,0
382,382,*NOUSE*,*NOUSE*,0,0,0,0,0,0,0,0
383,383,*NOUSE*,*NOUSE*,0,0,0,0,0,0,0,0
384,384,,,78,1063,51,231.00,75.63,50.80,3303,249795.00
385,385,*NOUSE*,*NOUSE*,0,0,0,0,0,0,0,0
386,386,,,76,1320,46,203.00,83.32,41.08,3512,292627.00
387,387,*NOUSE*,*NOUSE*,0,0,0,0,0,0,0,0
388,388,,,80,1100,62,171.00,63.66,37.98,4338,276141.00
389,389,*NOUSE*,*NOUSE*,0,0,0,0,0,0,0,0
390,390,*NOUSE*,*NOUSE*,0,0,0,0,0,0,0,0
391,391,*NOUSE*,*NOUSE*,0,0,0,0,0,0,0,0
392,392,*NOUSE*,*NOUSE*,0,0,0,0,0,0,0,0
393,393,,,75,1167,84,201.00,108.25,41.93,3114,337084.00
394,394,,,79,737,91,152.00,45.37,27.25,6925,314181.00
395,395,,,80,767,91,153.00,48.30,31.20,5186,250499.00
396,396,,,79,575,100,161.00,47.19,32.99,5084,239927.00
397,397,,,79,907,38,144.00,47.05,30.68,4280,201366.00
398,398,*NOUSE*,*NOUSE*,0,0,0,0,0,0,0,0
399,399,*NOUSE*,*NOUSE*,0,0,0,0,0,0,0,0
400,400,*NOUSE*,*NOUSE*,0,0,0,0,0,0,0,0
401,401,*NOUSE*,*NOUSE*,0,0,0,0,0,0,0,0
402,402,,,80,1310,54,240.00,95.25,54.18,3244,309000.00
403,403,*NOUSE*,*NOUSE*,0,0,0,0,0,0,0,0
404,404,,,80,1382,65,161.00,68.36,34.56,4600,314467.00
405,405,*NOUSE*,*NOUSE*,0,0,0,0,0,0,0,0
406,406,*NOUSE*,*NOUSE*,0,0,0,0,0,0,0,0
407,407,*NOUSE*,*NOUSE*,0,0,0,0,0,0,0,0
408,408,,,82,942,100,148.00,48.19,32.23,5155,248403.00
409,409,,,81,1367,40,169.00,64.12,37.41,3674,235590.00
410,410,*NOUSE*,*NOUSE*,0,0,0,0,0,0,0,0
411,411,*NOUSE*,*NOUSE*,0,0,0,0,0,0,0,0
412,412,,,81,618,49,139.00,50.01,31.87,4062,203143.00
413,413,*NOUSE*,*NOUSE*,0,0,0,0,0,0,0,0
414,414,,,81,1169,54,181.00,74.23,36.02,3615,268346.00
415,415,*NOUSE*,*NOUSE*,0,0,0,0,0,0,0,0
416,416,*NOUSE*,*NOUSE*,0,0,0,0,0,0,0,0
417,417,*NOUSE*,*NOUSE*,0,0,0,0,0,0,0,0
418,418,,,79,1491,61,143.00,46.45,30.78,4942,229559.00
419,419,*NOUSE*,*NOUSE*,0,0,0,0,0,0,0,0
420,420,*NOUSE*,*NOUSE*,0,0,0,0,0,0,0,0
421,421,*NOUSE*,*NOUSE*,0,0,0,0,0,0,0,0
422,422,*NOUSE*,*NOUSE*,0,0,0,0,0,0,0,0
423,423,*NOUSE*,*NOUSE*,0,0,0,0,0,0,0,0
424,424,,,77,253,79,210.00,87.41,53.03,2595,226839.00
425,425,*NOUSE*,*NOUSE*,0,0,0,0,0,0,0,0
426,426,,,82,1067,85,233.00,72.14,50.80,4058,292747.00
427,427,*NOUSE*,*NOUSE*,0,0,0,0,0,0,0,0
428,428,*NOUSE*,*NOUSE*,0,0,0,0,0,0,0,0
429,429,,,81,638,93,170.00,53.63,35.83,4392,235548.00
430,430,,,76,1162,97,191.00,87.49,39.05,2444,213829.00
431,431,,,82,1053,98,150.00,50.06,31.90,5019,251246.00
432,432,*NOUSE*,*NOUSE*,0,0,0,0,0,0,0,0
433,433,*NOUSE*,*NOUSE*,0,0,0,0,0,0,0,0
434,434,*NOUSE*,*NOUSE*,0,0,0,0,0,0,0,0
435,435,*NOUSE*,*NOUSE*,0,0,0,0,0,0,0,0
436,436,,,82,316,71,211.00,71.18,50.18,3568,253979.00
437,437,*NOUSE*,*NOUSE*,0,0,0,0,0,0,0,0
438,438,*NOUSE*,*NOUSE*,0,0,0,0,0,0,0,0
439,439,*NOUSE*,*NOUSE*,0,0,0,0,0,0,0,0
440,440,,,82,1312,91,236.00,90.56,44.95,3250,294304.00
441,441,*NOUSE*,*NOUSE*,0,0,0,0,0,0,0,0
442,442,*NOUSE*,*NOUSE*,0,0,0,0,0,0,0,0
443,443,,,82,1125,45,216.00,84.69,46.27,2820,238831.00
444,444,*NOUSE*,*NOUSE*,0,0,0,0,0,0,0,0
445,445,*NOUSE*,*NOUSE*,0,0,0,0,0,0,0,0
446,446,,,80,282,59,235.00,82.72,53.83,3567,295077.00
447,447,*NOUSE*,*NOUSE*,0,0,0,0,0,0,0,0
448,448,*NOUSE*,*NOUSE*,0,0,0,0,0,0,0,0
449,449,,,82,276,70,203.00,79.81,51.42,3540,282530.00
450,450,,,80,1338,77,203.00,98.44,41.85,2038,200627.00
451,451,*NOUSE*,*NOUSE*,0,0,0,0,0,0,0,0
452,452,,,81,265,74,250.00,94.56,61.12,3054,288799.00
453,453,*NOUSE*,*NOUSE*,0,0,0,0,0,0,0,0
454,454,,,84,785,90,173.00,52.42,36.31,4985,261318.00
455,455,,,83,881,101,161.00,48.60,32.62,5841,283874.00
456,456,*NOUSE*,*NOUSE*,0,0,0,0,0,0,0,0
457,457,,,84,710,50,143.00,46.83,31.84,3889,182124.00
458,458,,,85,669,52,156.00,47.97,34.74,4851,232716.00
459,459,,,85,1077,77,198.00,60.55,41.57,4265,258229.00
460,460,,,80,1100,90,234.00,83.78,53.36,3833,321136.00
461,461,,,83,1240,94,223.00,89.76,52.90,3231,290020.00
462,462,,,85,1082,40,182.00,61.84,42.40,3204,198131.00
463,463,*NOUSE*,*NOUSE*,0,0,0,0,0,0,0,0
464,464,,,83,294,67,199.00,74.57,50.11,3810,284110.00
465,465,,,85,1044,70,194.00,60.53,40.56,4460,269971.00
466,466,,,85,1186,69,200.00,88.20,46.12,3184,280833.00
467,467,*NOUSE*,*NOUSE*,0,0,0,0,0,0,0,0
468,468,*NOUSE*,*NOUSE*,0,0,0,0,0,0,0,0
469,469,*NOUSE*,*NOUSE*,0,0,0,0,0,0,0,0
470,470,*NOUSE*,*NOUSE*,0,0,0,0,0,0,0,0
471,471,*NOUSE*,*NOUSE*,0,0,0,0,0,0,0,0
472,472,,,85,1173,43,209.00,84.80,47.17,2650,224719.00
473,473,*NOUSE*,*NOUSE*,0,0,0,0,0,0,0,0
474,474,*NOUSE*,*NOUSE*,0,0,0,0,0,0,0,0
475,475,,,84,1209,55,231.00,119.70,51.75,2136,255671.00
476,476,*NOUSE*,*NOUSE*,0,0,0,0,0,0,0,0
477,477,,,84,1204,67,210.00,87.12,41.32,3034,264308.00
478,478,,,85,1143,78,242.00,108.75,56.02,2534,275571.00
479,479,*NOUSE*,*NOUSE*,0,0,0,0,0,0,0,0
480,480,*NOUSE*,*NOUSE*,0,0,0,0,0,0,0,0
481,481,*NOUSE*,*NOUSE*,0,0,0,0,0,0,0,0
482,482,*NOUSE*,*NOUSE*,0,0,0,0,0,0,0,0
483,483,*NOUSE*,*NOUSE*,0,0,0,0,0,0,0,0
484,484,*NOUSE*,*NOUSE*,0,0,0,0,0,0,0,0
485,485,*NOUSE*,*NOUSE*,0,0,0,0,0,0,0,0
486,486,,,85,1040,41,153.00,57.37,36.61,3604,206777.00
487,487,,,86,1262,48,227.00,82.65,47.77,3291,272011.00
488,488,,,86,451,66,138.00,42.02,25.88,6377,267976.00
489,489,*NOUSE*,*NOUSE*,0,0,0,0,0,0,0,0
490,490,*NOUSE*,*NOUSE*,0,0,0,0,0,0,0,0
491,491,*NOUSE*,*NOUSE*,0,0,0,0,0,0,0,0
492,492,*NOUSE*,*NOUSE*,0,0,0,0,0,0,0,0
493,493,*NOUSE*,*NOUSE*,0,0,0,0,0,0,0,0
494,494,*NOUSE*,*NOUSE*,0,0,0,0,0,0,0,0
495,495,,,85,1205,41,209.00,98.54,50.39,2046,201619.00
496,496,,,85,1107,45,157.00,65.33,30.22,2735,178679.00
497,497,,,86,1297,45,231.00,82.37,48.88,2764,227657.00
498,498,*NOUSE*,*NOUSE*,0,0,0,0,0,0,0,0
499,499,,,85,1394,44,161.00,62.12,32.85,2702,167859.00
500,500,,,86,803,52,125.00,40.71,22.04,4078,166023.00
501,501,*NOUSE*,*NOUSE*,0,0,0,0,0,0,0,0
502,502,,,85,1139,51,228.00,97.31,52.82,2596,252610.00
503,503,*NOUSE*,*NOUSE*,0,0,0,0,0,0,0,0
504,504,,,87,845,61,108.00,38.44,20.79,4580,176060.00
505,505,*NOUSE*,*NOUSE*,0,0,0,0,0,0,0,0
506,506,*NOUSE*,*NOUSE*,0,0,0,0,0,0,0,0
507,507,,,89,1357,51,227.00,83.49,51.61,2681,223840.00
508,508,,,88,524,74,150.00,44.20,26.23,5408,239012.00
509,509,*NOUSE*,*NOUSE*,0,0,0,0,0,0,0,0
510,510,*NOUSE*,*NOUSE*,0,0,0,0,0,0,0,0
511,511,,,87,1372,79,210.00,72.63,45.97,3809,276657.00
512,512,*NOUSE*,*NOUSE*,0,0,0,0,0,0,0,0
513,513,*NOUSE*,*NOUSE*,0,0,0,0,0,0,0,0
514,514,*NOUSE*,*NOUSE*,0,0,0,0,0,0,0,0
515,515,*NOUSE*,*NOUSE*,0,0,0,0,0,0,0,0
516,516,*NOUSE*,*NOUSE*,0,0,0,0,0,0,0,0
517,517,,,89,1292,55,243.00,89.00,56.48,2809,249995.00
518,518,,,89,572,60,116.00,40.91,23.66,5750,235260.00
519,519,*NOUSE*,*NOUSE*,0,0,0,0,0,0,0,0
520,520,*NOUSE*,*NOUSE*,0,0,0,0,0,0,0,0
521,521,*NOUSE*,*NOUSE*,0,0,0,0,0,0,0,0
522,522,*NOUSE*,*NOUSE*,0,0,0,0,0,0,0,0
523,523,,,88,1315,42,180.00,69.25,34.36,3160,218832.00
524,524,*NOUSE*,*NOUSE*,0,0,0,0,0,0,0,0
525,525,,,89,1473,70,138.00,44.97,27.78,5317,239111.00
526,526,,,91,740,77,93.00,33.41,14.91,5513,184192.00
527,527,*NOUSE*,*NOUSE*,0,0,0,0,0,0,0,0
528,528,*NOUSE*,*NOUSE*,0,0,0,0,0,0,0,0
529,529,,,89,572,84,104.00,33.32,15.16,6627,220820.00
530,530,,,90,1259,90,178.00,72.75,43.56,2639,191994.00
531,531,,,87,1168,89,233.00,102.42,56.96,2745,281151.00
532,532,*NOUSE*,*NOUSE*,0,0,0,0,0,0,0,0
533,533,,,89,648,53,198.00,55.61,38.68,4255,236610.00
534,534,,,91,1383,58,202.00,79.49,47.31,3137,249356.00
535,535,,,90,615,63,119.00,41.01,22.07,5010,205437.00
536,536,,,92,996,65,205.00,55.25,44.30,4319,238633.00
537,537,,,92,1413,73,206.00,64.23,45.18,4238,272208.00
538,538,*NOUSE*,*NOUSE*,0,0,0,0,0,0,0,0
539,539,,,92,696,52,99.00,39.92,19.55,4234,169037.00
540,540,*NOUSE*,*NOUSE*,0,0,0,0,0,0,0,0
541,541,*NOUSE*,*NOUSE*,0,0,0,0,0,0,0,0
542,542,*NOUSE*,*NOUSE*,0,0,0,0,0,0,0,0
543,543,*NOUSE*,*NOUSE*,0,0,0,0,0,0,0,0
544,544,,,92,1236,53,197.00,79.05,49.96,3007,237716.00
545,545,,,92,887,52,121.00,41.54,23.25,5265,218684.00
546,546,,,94,1147,55,221.00,72.82,49.79,3508,255448.00
547,547,*NOUSE*,*NOUSE*,0,0,0,0,0,0,0,0
548,548,*NOUSE*,*NOUSE*,0,0,0,0,0,0,0,0
549,549,,,93,1428,67,226.00,63.63,43.40,4139,263344.00
550,550,,,90,1335,78,252.00,102.21,59.64,2937,300185.00
551,551,,,94,1255,73,204.00,69.49,47.67,3876,269351.00
552,552,*NOUSE*,*NOUSE*,0,0,0,0,0,0,0,0
553,553,*NOUSE*,*NOUSE*,0,0,0,0,0,0,0,0
554,554,,,92,1121,80,134.00,50.53,25.09,5649,285440.00
555,555,*NOUSE*,*NOUSE*,0,0,0,0,0,0,0,0
556,556,*NOUSE*,*NOUSE*,0,0,0,0,0,0,0,0
557,557,*NOUSE*,*NOUSE*,0,0,0,0,0,0,0,0
558,558,*NOUSE*,*NOUSE*,0,0,0,0,0,0,0,0
559,559,*NOUSE*,*NOUSE*,0,0,0,0,0,0,0,0
560,560,,,93,938,77,95.00,34.15,15.53,6192,211478.00
561,561,*NOUSE*,*NOUSE*,0,0,0,0,0,0,0,0
562,562,,,93,1120,56,226.00,80.55,53.59,3280,264191.00
563,563,,,94,1370,64,168.00,60.59,36.66,3538,214371.00
564,564,,,94,1239,68,198.00,70.65,45.48,3398,240055.00
565,565,,,95,967,67,118.00,44.01,24.92,5382,236874.00
566,566,,,94,1178,77,176.00,69.77,40.52,3799,265038.00
567,567,,,92,1213,84,206.00,84.60,48.86,3330,281717.00
568,568,,,94,1176,58,150.00,64.01,33.42,3748,239897.00
569,569,,,95,1027,67,86.00,35.67,14.90,6178,220385.00
570,570,,,95,1056,71,112.00,39.35,18.13,5699,224240.00
571,571,*NOUSE*,*NOUSE*,0,0,0,0,0,0,0,0
572,572,,,97,1095,67,116.00,48.73,23.40,3173,154635.00
573,573,*NOUSE*,*NOUSE*,0,0,0,0,0,0,0,0
574,574,,,95,1210,58,181.00,70.79,44.45,3635,257318.00
575,575,,,94,1324,68,204.00,74.84,48.35,3301,247046.00
576,576,*NOUSE*,*NOUSE*,0,0,0,0,0,0,0,0
577,577,*NOUSE*,*NOUSE*,0,0,0,0,0,0,0,0
578,578,*NOUSE*,*NOUSE*,0,0,0,0,0,0,0,0
579,579,*NOUSE*,*NOUSE*,0,0,0,0,0,0,0,0
580,580,*NOUSE*,*NOUSE*,0,0,0,0,0,0,0,0
581,581,*NOUSE*,*NOUSE*,0,0,0,0,0,0,0,0
582,582,*NOUSE*,*NOUSE*,0,0,0,0,0,0,0,0
583,583,*NOUSE*,*NOUSE*,0,0,0,0,0,0,0,0
584,584,*NOUSE*,*NOUSE*,0,0,0,0,0,0,0,0
585,585,,*MANUAL*,71,1271,91,242.00,168.37,32.06,962,161970.00
586,586,,*MANUAL*,62,1269,91,245.00,147.64,47.25,1709,252309.00
587,587,,*MANUAL*,78,1278,91,236.00,152.33,36.75,1746,265971.00
588,588,,*MANUAL*,76,1288,89,253.00,183.06,30.81,1189,217663.00
589,589,,*MANUAL*,66,1287,89,238.00,169.82,24.88,1365,231811.00
590,590,,*MANUAL*,87,1269,82,226.00,120.58,45.32,2103,253581.00
591,591,,*MANUAL*,88,1286,87,233.00,139.81,50.56,1331,186089.00
592,592,,*MANUAL*,84,1296,86,252.00,158.71,52.95,1341,212829.00
593,593,,*MANUAL*,86,1267,65,221.00,129.68,43.97,1171,151856.00
594,594,,*MANUAL*,83,1284,73,225.00,120.67,37.46,1891,228188.00
595,595,,*MANUAL*,86,1304,76,243.00,118.61,46.73,1268,150399.00
596,596,,*MANUAL*,90,1317,81,247.00,117.00,53.85,2102,245925.00
597,597,,*MANUAL*,92,1347,76,250.00,107.64,63.83,2013,216685.00
598,598,,*MANUAL*,86,1357,81,249.00,145.08,50.02,1365,198037.00
599,599,,*MANUAL*,83,1395,81,234.00,110.74,45.52,1583,175305.00
600,600,,*MANUAL*,91,1391,76,232.00,99.33,53.61,2840,282089.00
601,601,,*MANUAL*,92,1399,63,200.00,89.82,48.67,2011,180633.00
602,602,,*MANUAL*,89,1372,52,240.00,103.63,51.75,2059,213369.00
603,603,,*MANUAL*,91,1350,61,245.00,109.04,59.81,1847,201396.00
604,604,,*MANUAL*,92,1339,57,239.00,110.38,55.60,2089,230581.00
605,605,,*MANUAL*,93,1319,55,234.00,147.90,40.87,863,127636.00
606,606,,*MANUAL*,94,1302,70,233.00,118.43,55.60,2085,246935.00
607,607,,*MANUAL*,91,1281,68,209.00,95.14,53.34,2103,200084.00
608,608,,*MANUAL*,91,1309,59,223.00,136.53,34.08,1365,186361.00
609,609,,*MANUAL*,86,1279,54,229.00,135.86,42.33,1217,165339.00
610,610,,*MANUAL*,52,1264,80,187.00,92.43,32.38,2103,194376.00
611,611,,*MANUAL*,58,1306,94,177.00,87.15,43.49,2077,181017.00
612,612,,*MANUAL*,53,1266,65,185.00,92.70,38.38,1722,159628.00
613,613,,*MANUAL*,54,1295,76,212.00,98.20,40.92,1757,172537.00
614,614,,*MANUAL*,51,1310,83,205.00,102.44,40.71,2103,215432.00
615,615,,*MANUAL*,49,1331,80,183.00,105.02,35.93,1312,137786.00
616,616,,*MANUAL*,47,1343,78,209.00,103.62,47.85,2087,216249.00
617,617,,*MANUAL*,53,1385,81,187.00,90.70,40.87,1873,169872.00
618,618,,*MANUAL*,49,1397,77,174.00,74.87,38.53,2073,155213.00
619,619,,*MANUAL*,48,1410,72,145.00,73.96,29.67,1961,145044.00
620,620,,*MANUAL*,48,1407,61,191.00,81.17,45.42,1871,151864.00
621,621,,*MANUAL*,49,1389,59,175.00,88.33,37.87,2025,178869.00
622,622,,*MANUAL*,53,1381,52,186.00,100.40,37.58,1365,137043.00
623,623,,*MANUAL*,52,1368,51,210.00,112.11,38.77,1365,153034.00
624,624,,*MANUAL*,44,1318,72,157.00,79.49,28.89,2103,167170.00
625,625,,*MANUAL*,46,1291,72,201.00,102.47,42.84,2103,215495.00
626,626,,*MANUAL*,48,1278,60,167.00,84.80,36.23,1874,158918.00
627,627,,*MANUAL*,48,1293,55,198.00,111.97,35.92,1333,149258.00
628,628,,*MANUAL*,54,1276,52,207.00,137.68,30.24,1363,187655.00
629,629,,*MANUAL*,54,1258,49,210.00,107.95,42.49,1365,147349.00
630,630,,*MANUAL*,54,1296,45,210.00,107.32,39.95,1356,145529.00
631,631,,*MANUAL*,76,1265,40,237.00,151.44,41.31,1271,192485.00
632,632,,*MANUAL*,65,1261,39,245.00,156.23,41.45,1357,211999.00
633,633,,*MANUAL*,59,1273,40,221.00,127.29,51.77,1310,166755.00
634,634,,*MANUAL*,84,1280,44,242.00,145.68,40.05,1185,172630.00
635,635,,*MANUAL*,67,1280,37,231.00,152.83,43.94,943,144117.00
636,636,,*MANUAL*,75,1283,39,244.00,158.83,47.28,1365,216804.00
637,637,,*MANUAL*,60,1288,37,224.00,120.80,45.34,1365,164890.00
638,638,,*MANUAL*,75,1297,37,207.00,101.13,42.13,2103,212678.00
639,639,,*MANUAL*,64,1474,47,202.00,67.99,44.86,2068,140604.00
640,640,,*MANUAL*,72,1465,45,179.00,82.10,45.19,2103,172664.00
641,641,,*MANUAL*,63,1441,43,212.00,101.67,44.25,1084,110212.00
642,642,,*MANUAL*,72,1434,42,212.00,117.34,38.90,1359,159470.00
643,643,,*MANUAL*,65,1420,40,227.00,111.10,53.77,1333,148090.00
644,644,,*MANUAL*,64,1404,40,235.00,134.65,48.07,1251,168445.00
645,645,,*MANUAL*,72,1411,40,231.00,132.22,42.93,1365,180478.00
646,646,,*MANUAL*,73,1395,40,223.00,127.25,44.55,1365,173700.00
647,647,,*MANUAL*,71,1474,96,195.00,82.14,46.92,2090,171665.00
648,648,,*MANUAL*,63,1462,93,179.00,87.07,37.05,2103,183116.00
649,649,,*MANUAL*,74,1442,94,205.00,92.55,50.09,2065,191119.00
650,650,,*MANUAL*,75,1418,94,223.00,129.98,44.70,1878,244100.00
651,651,,*MANUAL*,77,1397,92,251.00,127.64,57.14,1785,227838.00
652,652,,*MANUAL*,62,1431,90,224.00,114.90,41.04,1582,181765.00
653,653,,*MANUAL*,66,1409,94,220.00,105.36,46.36,1368,144128.00
654,654,,*MANUAL*,67,1431,97,207.00,92.25,51.57,2103,194010.00
655,655,,*MANUAL*,68,1392,97,198.00,92.89,43.26,2103,195357.00
656,656,,*MANUAL*$317$318,70,1365,99,187.00,67.84,34.63,4363,295973.00
657,657,,*MANUAL*$315$316,70,1334,100,176.00,62.69,34.95,3982,249621.00
658,658,,*MANUAL*$333$332,71,1296,104,142.00,52.56,23.34,3737,196401.00
659,659,,*MANUAL*$362$356,71,1208,104,151.00,56.03,23.01,3306,185224.00
660,660,,*MANUAL*,69,1446,38,172.00,60.98,36.13,2103,128238.00
661,661,,*MANUAL*$300$319,70,1298,27,136.00,54.90,26.68,2896,159000.00
662,662,,*MANUAL*,71,1268,30,190.00,54.86,39.42,2969,162894.00
663,663,,*MANUAL*,77,1282,56,251.00,156.22,50.11,1365,213243.00
664,664,,*MANUAL*,68,1323,88,233.00,140.84,42.89,1109,156190.00
665,665,,*MANUAL*,62,1322,81,208.00,124.62,35.17,1365,170113.00
666,666,,*MANUAL*,76,1323,83,205.00,122.47,35.51,1365,167165.00
667,667,,*MANUAL*$434$420,82,1324,67,217.00,93.06,46.33,3241,301605.00
668,668,,*MANUAL*,63,1322,47,192.00,98.72,34.32,2070,204360.00
669,669,,*MANUAL*,61,1331,58,231.00,143.25,41.25,1113,159441.00
670,670,,*MANUAL*,55,1331,52,223.00,134.05,42.49,1365,182973.00
671,671,,*MANUAL*,76,1333,59,253.00,151.05,48.27,1185,178989.00
672,672,,*MANUAL*,83,1329,54,254.00,160.99,51.28,1365,219752.00
673,673,,*MANUAL*,71,1340,84,252.00,162.73,56.21,1205,196092.00
674,674,*NOUSE*,*NOUSE*,0,0,0,0,0,0,0,0
675,675,,*MANUAL*,57,1349,65,239.00,124.23,50.99,1283,159391.00
676,676,,*MANUAL*,60,1347,55,251.00,144.47,51.10,1360,196476.00
677,677,,*MANUAL*,70,1341,47,178.00,93.38,31.97,1991,185918.00
678,678,,*MANUAL*,78,1346,53,252.00,149.29,59.37,1365,203776.00
679,679,,*MANUAL*,81,1349,67,247.00,97.91,50.81,2072,202875.00
680,680,,*MANUAL*,58,1341,74,177.00,114.09,24.05,1039,118540.00
681,681,,*MANUAL*,63,1343,82,254.00,162.67,53.08,1365,222041.00
682,682,,*MANUAL*,80,1367,58,225.00,138.92,42.97,1365,189630.00
683,683,,*MANUAL*,70,1373,85,150.00,74.80,29.41,2101,157156.00
684,684,,*MANUAL*,69,1414,85,223.00,96.04,41.02,1652,158658.00
685,685,,*MANUAL*,60,1469,60,208.00,99.13,44.40,1360,134823.00
686,686,,*MANUAL*,61,1456,60,214.00,98.65,43.95,1365,134660.00
687,687,,*MANUAL*,60,1438,59,194.00,95.08,44.63,1343,127687.00
688,688,,*MANUAL*,57,1402,58,188.00,86.33,41.81,2103,181559.00
689,689,,*MANUAL*,80,1465,58,233.00,108.63,51.86,1365,148281.00
690,690,,*MANUAL*,80,1452,58,217.00,109.69,47.62,1365,149728.00
691,691,,*MANUAL*,80,1431,57,224.00,110.92,52.79,1302,144414.00
692,692,,*MANUAL*,82,1400,59,200.00,91.74,42.57,2103,192928.00
693,693,,*MANUAL*,76,1413,80,196.00,75.64,39.62,2096,158531.00
694,694,,*MANUAL*,65,1387,80,155.00,76.18,23.86,2103,160212.00
695,695,,*MANUAL*,62,1420,55,122.00,60.36,19.84,2070,124954.00
696,696,,*MANUAL*,93,1075,55,235.00,131.51,45.86,1327,174510.00
697,697,,*MANUAL*,93,1105,55,197.00,113.20,36.15,1365,154520.00
698,698,,*MANUAL*,88,1132,60,244.00,156.33,36.38,969,151487.00
699,699,,*MANUAL*,94,1137,65,225.00,130.82,46.26,1365,178572.00
700,700,,*MANUAL*,85,1150,67,233.00,153.82,35.34,1173,180430.00
701,701,,*MANUAL*,92,1223,52,234.00,133.12,51.56,1315,175054.00
702,702,,*MANUAL*,95,1194,56,207.00,127.46,35.07,1153,146958.00
703,703,,*MANUAL*,94,1198,74,181.00,97.81,37.53,2103,205701.00
704,704,,*MANUAL*,95,1222,71,191.00,88.83,48.04,2042,181392.00
705,705,,*MANUAL*,91,1231,84,225.00,121.31,54.81,1274,154543.00
706,706,,*MANUAL*,94,1154,74,235.00,150.43,28.53,1088,163667.00
707,707,,*MANUAL*,87,1157,82,244.00,159.73,43.65,1301,207810.00
708,708,,*MANUAL*,84,1184,86,218.00,149.90,32.94,1221,183027.00
709,709,,*MANUAL*,91,1195,88,223.00,107.76,50.78,1991,214560.00
710,710,,*MANUAL*,83,1201,83,223.00,143.91,26.46,1365,196436.00
711,711,,*MANUAL*,71,1234,99,205.00,129.15,27.75,1276,164795.00
712,712,,*MANUAL*,65,1237,84,241.00,148.19,50.23,1141,169090.00
713,713,,*MANUAL*,75,1238,82,254.00,156.30,60.66,1212,189440.00
714,714,,*MANUAL*,84,1235,78,254.00,185.06,38.93,1365,252604.00
715,715,,*MANUAL*,58,1235,78,240.00,148.92,42.88,1359,202388.00
716,716,,*MANUAL*,76,1226,93,231.00,144.22,32.95,1244,179412.00
717,717,,*MANUAL*,65,1223,94,204.00,124.21,31.30,2103,261204.00
718,718,,*MANUAL*,75,1188,91,210.00,111.52,33.85,2103,234521.00
719,719,,*MANUAL*,77,1152,82,252.00,169.87,40.02,1365,231874.00
720,720,,*MANUAL*,61,1157,83,227.00,160.29,33.80,1337,214311.00
721,721,,*MANUAL*,47,1111,52,175.00,109.20,30.63,1219,133112.00
722,722,,*MANUAL*,50,1124,51,198.00,115.57,46.46,1007,116376.00
723,723,,*MANUAL*,48,1136,55,207.00,95.44,36.24,2047,195372.00
724,724,,*MANUAL*,53,1150,60,196.00,131.16,32.12,1115,146248.00
725,725,,*MANUAL*,46,1148,52,181.00,111.57,25.71,1364,152185.00
726,726,,*MANUAL*,45,1169,52,177.00,73.40,31.14,3194,234439.00
727,727,,*MANUAL*,44,1208,57,166.00,82.84,32.66,2103,174206.00
728,728,,*MANUAL*,45,1176,75,142.00,78.70,23.42,2081,163784.00
729,729,,*MANUAL*,44,1224,69,179.00,93.81,30.37,1882,176552.00
730,730,,*MANUAL*,49,1212,78,167.00,91.80,28.02,1979,181673.00
731,731,,*MANUAL*,48,1200,88,200.00,93.94,42.05,2066,194079.00
732,732,,*MANUAL*,53,1182,88,186.00,100.89,35.01,2047,206532.00
733,733,,*MANUAL*,51,1154,79,234.00,122.58,44.91,1361,166833.00
734,734,,*MANUAL*,45,1156,67,198.00,114.45,30.72,1365,156225.00
735,735,,*MANUAL*,50,1141,72,183.00,114.80,25.61,1365,156696.00
736,736,,*MANUAL*,56,1222,79,208.00,119.13,28.59,1353,161183.00
737,737,,*MANUAL*,81,1220,81,229.00,142.57,41.08,1365,194605.00
738,738,,*MANUAL*,56,1197,79,193.00,122.43,25.26,1365,167112.00
739,739,,*MANUAL*,55,1168,74,186.00,120.33,24.65,1364,164127.00
740,740,,*MANUAL*,52,1223,65,219.00,135.13,34.40,1093,147701.00
741,741,,*MANUAL*,55,1205,65,174.00,110.42,26.23,1365,150728.00
742,742,,*MANUAL*,53,1164,58,192.00,102.17,35.43,1365,139466.00
743,743,,*MANUAL*,90,1162,67,214.00,108.26,43.55,1933,209276.00
744,744,,*MANUAL*,83,1170,74,228.00,130.89,38.83,2103,275267.00
745,745,,*MANUAL*,86,1224,66,242.00,142.51,43.22,1183,168591.00
746,746,,*MANUAL*,84,1222,44,243.00,136.64,48.94,1319,180233.00
747,747,,*MANUAL*,85,1187,40,228.00,124.14,45.75,1287,159764.00
748,748,,*MANUAL*,73,1181,33,216.00,97.86,47.25,2026,198273.00
749,749,,*MANUAL*,73,1150,32,165.00,88.21,34.08,1331,117404.00
750,750,,*MANUAL*,76,1157,45,99.00,50.12,17.12,2969,148795.00
751,751,,*MANUAL*,54,1219,40,214.00,126.76,36.84,1269,160853.00
752,752,,*MANUAL*,61,1169,45,217.00,137.17,39.70,1043,143067.00
753,753,,*MANUAL*,53,1173,44,235.00,117.62,49.39,2103,247349.00
754,754,,*MANUAL*,53,1209,48,234.00,164.56,25.99,669,110092.00
755,755,,*MANUAL*,76,1229,51,252.00,159.30,51.08,1185,188767.00
756,756,,*MANUAL*,61,1227,49,236.00,132.43,57.80,1191,157727.00
757,757,,*MANUAL*,58,1227,58,238.00,145.08,41.76,1365,198041.00
758,758,,*MANUAL*,83,1227,57,251.00,178.50,34.42,1365,243646.00
759,759,,*MANUAL*,69,1210,46,228.00,150.76,34.88,785,118347.00
760,760,,*MANUAL*,62,1214,45,238.00,168.42,40.42,1363,229561.00
761,761,,*MANUAL*,77,1214,48,244.00,170.15,36.84,1365,232253.00
762,762,,*MANUAL*,77,1198,45,231.00,151.24,33.87,1365,206437.00
763,763,,*MANUAL*,65,1193,41,231.00,146.22,33.47,1365,199586.00
764,764,,*MANUAL*,59,1202,50,221.00,150.44,37.07,1365,205351.00
765,765,,*MANUAL*,69,1144,53,156.00,95.40,28.45,1337,127546.00
766,766,,*MANUAL*,75,1148,67,211.00,103.72,37.17,1859,192814.00
767,767,,*MANUAL*,62,1149,65,172.00,88.88,27.51,2103,186906.00
768,768,,*MANUAL*,72,1121,55,238.00,164.51,25.45,750,123382.00
769,769,,*MANUAL*,63,1121,55,235.00,161.77,27.71,876,141708.00
770,770,,*MANUAL*,75,1131,81,201.00,110.62,30.99,1995,220689.00
771,771,,*MANUAL*,62,1133,81,187.00,105.66,29.60,2102,222103.00
772,772,,*MANUAL*,82,1129,67,231.00,143.39,38.18,1365,195725.00
773,773,,*MANUAL*,81,1117,60,247.00,151.50,47.57,1365,206799.00
774,774,,*MANUAL*,83,1078,60,203.00,102.67,40.31,1365,140143.00
775,775,,*MANUAL*,79,1117,88,226.00,108.00,37.86,1911,206385.00
776,776,,*MANUAL*,55,1117,61,226.00,138.58,40.51,1242,172117.00
777,777,,*MANUAL*,54,1078,56,177.00,86.64,32.69,2103,182195.00
778,778,,*MANUAL*,68,1121,89,220.00,126.54,37.20,2103,266121.00
779,779,,*MANUAL*,64,1064,48,231.00,125.64,43.69,1365,171504.00
780,780,,*MANUAL*,69,1039,82,163.00,88.34,34.71,1288,113784.00
781,781,,*MANUAL*,71,1032,73,175.00,91.71,41.39,2103,192873.00
782,782,,*MANUAL*,55,1042,63,184.00,76.47,42.83,2103,160826.00
783,783,,*MANUAL*,81,987,52,127.00,44.99,17.17,4107,184777.00
784,784,,*MANUAL*,61,969,53,106.00,46.94,15.39,2966,139238.00
785,785,,*MANUAL*$469$479,84,976,85,92.00,35.25,14.63,6607,232875.00
786,786,,*MANUAL*$175$176,59,984,89,77.00,32.39,12.73,6134,198659.00
787,787,,*MANUAL*,76,924,50,70.00,33.81,10.84,4139,139937.00
788,788,,*MANUAL*,65,929,87,67.00,31.52, 9.46,4139,130444.00
789,789,,*MANUAL*,71,877,89,61.00,29.13, 8.44,4139,120579.00
790,790,,*MANUAL*,68,802,80,54.00,27.02, 7.94,4139,111853.00
791,791,,*MANUAL*,66,734,78,60.00,26.00, 8.10,4139,107633.00
792,792,,*MANUAL*,68,770,48,65.00,26.75, 9.60,4027,107731.00
793,793,,*MANUAL*,65,850,50,70.00,31.28, 8.96,4136,129362.00
794,794,,*MANUAL*,80,688,76,75.00,29.10,10.21,4086,118914.00
795,795,,*MANUAL*,62,636,73,62.00,27.57,10.93,4139,114115.00
796,796,,*MANUAL*,69,361,64,117.00,62.52,21.82,3554,222192.00
797,797,,*MANUAL*,70,593,86,60.00,27.08, 9.38,4139,112073.00
798,798,,*MANUAL*,68,497,89,81.00,29.53,11.47,3984,117630.00
799,799,,*MANUAL*,70,401,86,102.00,43.78,18.80,4068,178100.00
800,800,,*MANUAL*,73,421,50,195.00,91.10,46.97,2103,191585.00
801,801,,*MANUAL*,73,399,53,188.00,106.03,34.31,2103,222976.00
802,802,,*MANUAL*,74,537,49,202.00,86.76,36.74,2103,182449.00
803,803,,*MANUAL*,72,773,32,158.00,87.16,27.54,1365,118980.00
804,804,,*MANUAL*,68,852,33,154.00,80.85,22.91,1365,110356.00
805,805,,*MANUAL*,76,1056,33,206.00,125.53,35.75,1130,141845.00
806,806,,*MANUAL*,69,1064,32,208.00,99.28,42.85,2101,208590.00
807,807,,*MANUAL*,75,1078,34,197.00,115.49,31.77,1249,144248.00
808,808,,*MANUAL*,71,1087,31,199.00,109.00,34.88,1365,148791.00
809,809,,*MANUAL*,77,1098,36,235.00,128.53,46.37,1237,158994.00
810,810,,*MANUAL*,67,1101,35,239.00,138.72,50.13,1353,187691.00
811,811,,*MANUAL*,76,1110,34,232.00,127.81,47.90,1125,143788.00
812,812,,*MANUAL*,70,1116,33,232.00,118.85,62.85,1467,174358.00
813,813,,*MANUAL*,74,1137,44,238.00,152.53,37.60,1327,202403.00
814,814,,*MANUAL*,65,1143,41,238.00,149.52,45.31,1111,166122.00
815,815,,*MANUAL*,56,1144,44,247.00,141.85,47.52,1365,193627.00
816,816,,*MANUAL*,62,1119,39,239.00,115.38,47.27,2103,242635.00
817,817,,*MANUAL*,75,213,72,152.00,67.90,28.20,3945,267867.00
818,818,,*MANUAL*,64,223,77,138.00,60.52,28.19,4036,244244.00
819,819,,*MANUAL*,76,228,62,187.00,112.95,32.68,1365,154180.00
820,820,,*MANUAL*,77,239,71,236.00,137.41,42.44,1270,174512.00
821,821,,*MANUAL*,79,255,67,229.00,125.94,41.55,1809,227817.00
822,822,,*MANUAL*,82,331,71,215.00,103.32,43.42,2103,217288.00
823,823,,*MANUAL*,63,238,71,241.00,121.54,51.88,1360,165301.00
824,824,,*MANUAL*,62,250,79,230.00,122.53,53.04,1365,167260.00
825,825,,*MANUAL*,59,257,66,217.00,110.10,51.08,1751,192780.00
826,826,,*MANUAL*,57,274,70,201.00,112.87,35.18,1871,211188.00
827,827,,*MANUAL*,60,279,59,216.00,121.32,44.51,2103,255140.00
828,828,,*MANUAL*,63,298,78,229.00,148.14,29.51,747,110657.00
829,829,,*MANUAL*,70,305,88,236.00,89.69,51.04,1892,169702.00
830,830,,*MANUAL*,75,298,82,229.00,130.84,32.38,1853,242441.00
831,831,,*MANUAL*,69,259,66,239.00,139.47,40.57,2103,293302.00
832,832,,*MANUAL*,70,237,81,181.00,83.87,37.54,2103,176372.00
833,833,,*MANUAL*,76,247,56,182.00,86.05,40.87,2047,176150.00
834,834,,*MANUAL*,65,239,58,212.00,105.15,44.17,2103,221122.00
835,835,,*MANUAL*,74,310,63,199.00,113.38,39.23,2103,238442.00
836,836,,*MANUAL*,79,323,55,237.00,121.21,47.29,1778,215518.00
837,837,,*MANUAL*,81,359,62,175.00,94.61,35.67,2103,198975.00
838,838,,*MANUAL*,72,325,59,244.00,175.91,34.17,1181,207749.00
839,839,,*MANUAL*,63,329,55,242.00,136.74,48.29,1839,251458.00
840,840,,*MANUAL*,65,350,55,193.00,94.61,41.07,2103,198965.00
841,841,,*MANUAL*,55,366,64,158.00,69.16,37.93,2103,145445.00
842,842,,*MANUAL*,95,1265,62,213.00,76.84,40.44,2969,228144.00
843,843,,*MANUAL*$558$547,93,740,56,106.00,37.50,19.16,5213,195466.00
844,844,,*MANUAL*$512$490,86,479,74,118.00,41.62,23.04,5314,221144.00
845,845,,*MANUAL*,89,411,73,136.00,48.09,26.58,4139,199030.00
846,846,,*MANUAL*,44,1262,62,176.00,63.31,32.12,2969,187975.00
847,847,,*MANUAL*,43,1121,60,150.00,54.26,29.11,4139,224577.00
848,848,,*MANUAL*$50$51,47,1134,84,136.00,51.76,19.93,3809,197159.00
849,849,,*MANUAL*$38$43,45,1021,58,84.00,32.23,13.09,4645,149700.00
850,850,,*MANUAL*,50,978,59,160.00,92.29,26.96,1365,125970.00
851,851,,*MANUAL*$2$1,42,845,55,103.00,36.76,17.92,5313,195314.00
852,852,,*MANUAL*$66$73,50,627,53,115.00,37.24,19.73,4878,181644.00
853,853,,*MANUAL*$74$95,53,545,62,149.00,41.68,25.56,5182,216003.00
854,854,,*MANUAL*,50,725,68,134.00,60.49,24.23,2103,127215.00
855,855,,*MANUAL*,92,694,69,162.00,71.42,31.61,2103,150196.00
856,856,,*MANUAL*$492$514,85,830,81,97.00,33.32,15.10,5486,182788.00
857,857,,*MANUAL*$482$481,86,458,87,113.00,37.17,18.21,5272,195983.00
858,858,,*MANUAL*,46,690,69,67.00,25.47,10.79,4139,105419.00
859,859,,*MANUAL*$100$88,51,568,84,88.00,31.28,13.79,5374,168117.00
860,860,,*MANUAL*$339$325,74,650,48,192.00,51.43,29.62,9142,470194.00
861,861,,*MANUAL*,89,1427,54,180.00,65.81,39.10,2103,138400.00
862,862,,*MANUAL*,82,1257,36,201.00,91.98,38.19,1164,107066.00
863,863,,*MANUAL*,87,1249,42,163.00,77.90,36.94,2103,163816.00
864,864,,*MANUAL*,83,1144,38,199.00,81.36,45.23,2103,171108.00
865,865,,*MANUAL*,86,1000,46,141.00,64.07,29.09,2103,134746.00
866,866,,*MANUAL*,82,857,44,145.00,62.78,29.32,2103,132020.00
867,867,,*MANUAL*,86,763,43,108.00,42.04,28.46,2969,124821.00
868,868,,*MANUAL*$415$403,79,492,57,129.00,41.38,24.44,5843,241759.00
869,869,,*MANUAL*$476$433,82,412,58,159.00,53.79,36.38,5085,273507.00
870,870,,*MANUAL*,53,1430,53,162.00,70.92,26.05,2103,149154.00
871,871,,*MANUAL*$126$127,54,1402,45,146.00,52.96,29.67,3225,170794.00
872,872,,*MANUAL*,55,966,39,177.00,94.22,34.36,1365,128608.00
873,873,,*MANUAL*,60,940,39,155.00,74.79,33.35,1845,137989.00
874,874,,*MANUAL*,54,933,44,170.00,94.58,33.22,1365,129105.00
875,875,,*MANUAL*,54,842,40,145.00,69.24,30.32,2103,145602.00
876,876,,*MANUAL*,56,770,40,118.00,52.83,24.35,2103,111106.00
877,877,,*MANUAL*$197$210,61,487,54,128.00,39.08,22.25,6229,243409.00
878,878,,*MANUAL*$521$528,87,1430,81,157.00,57.42,30.34,4753,272901.00
879,879,,*MANUAL*,84,1407,90,202.00,72.36,44.96,2969,214849.00
880,880,,*MANUAL*$493$484,82,1366,94,159.00,65.83,34.12,4064,267540.00
881,881,,*MANUAL*$557$538,88,1327,90,168.00,73.59,34.67,2619,192730.00
882,882,,*MANUAL*,82,1267,98,171.00,87.29,34.47,2103,183578.00
883,883,,*MANUAL*$382$344,72,1141,97,169.00,73.85,34.03,3455,255164.00
884,884,,*MANUAL*$442$485,83,1120,99,180.00,60.22,35.93,5141,309578.00
885,885,,*MANUAL*$506$522,88,1034,95,154.00,49.21,30.30,5550,273121.00
886,886,,*MANUAL*,77,504,97,147.00,53.24,32.96,2969,158079.00
887,887,,*MANUAL*,57,1409,90,235.00,79.96,49.53,2969,237391.00
888,888,,*MANUAL*$180$179,57,1363,94,157.00,59.80,28.36,4288,256425.00
889,889,,*MANUAL*,57,1272,99,214.00,89.71,44.42,2103,188652.00
890,890,,*MANUAL*,62,401,96,154.00,66.91,36.19,2103,140718.00
891,891,,*MANUAL*,85,296,81,138.00,49.34,32.40,2103,103758.00
892,892,,*MANUAL*,55,291,79,201.00,63.74,35.30,3737,238183.00
893,893,,*MANUAL*,55,335,61,206.00,75.81,37.80,2969,225092.00
894,894,,*MANUAL*,79,340,58,204.00,117.72,38.76,1707,200953.00
895,895,,*MANUAL*,87,344,63,184.00,53.83,39.05,2969,159835.00
896,896,,*MANUAL*,62,290,88,187.00,75.14,49.13,2103,158016.00
897,897,,*MANUAL*,66,1179,41,230.00,152.06,32.99,1351,205429.00
898,898,,*MANUAL*,76,1185,46,238.00,156.70,37.15,1365,213902.00
899,899,,*MANUAL*,86,1191,53,237.00,146.70,39.68,1365,200246.00
900,900,,*MANUAL*,50,1230,85,226.00,117.69,43.64,1365,160649.00
901,901,,*MANUAL*,63,1173,85,197.00,119.76,27.53,2103,251851.00
902,902,F1,*MANUAL*,70,1471,67,68.00,16.42,11.80,895,14698.00
903,903,F2,*MANUAL*,70,1431,66,73.00,14.81,12.70,895,13258.00
904,904,F3,*MANUAL*,70,1357,66,48.00,20.27, 6.69,895,18145.00
905,905,F4,*MANUAL*,70,1262,64,27.00,11.71, 3.86,895,10484.00
906,906,F5,*MANUAL*,70,1212,60,63.00,23.26, 7.13,895,20816.00
907,907,F6,*MANUAL*,70,1167,62,37.00,17.85, 4.26,895,15974.00
908,908,F7,*MANUAL*,70,1085,67,39.00, 9.06, 4.22,895,8105.00
909,909,F8,*MANUAL*,70,931,67,13.00, 3.65, 1.80,895,3267.00
910,910,F9,*MANUAL*,70,865,67,10.00, 1.81, 1.48,895,1618.00
911,911,F10,*MANUAL*,70,783,66,10.00, 1.55, 1.44,895,1384.00
