0,0,*NOUSE*,*NOUSE*,0,0,0,0,0,0,0,0
1,1,,,35,1526,66,146.00,53.74,31.22,3934,211403.00
2,2,,,34,1583,62,122.00,41.49,20.99,5922,245686.00
3,3,*NOUSE*,*NOUSE*,0,0,0,0,0,0,0,0
4,4,,,36,1343,72,149.00,49.13,30.33,4650,228470.00
5,5,,,37,1524,78,185.00,65.84,39.84,4605,303183.00
6,6,,,36,1384,76,167.00,52.54,33.74,4957,260418.00
7,7,*NOUSE*,*NOUSE*,0,0,0,0,0,0,0,0
8,8,,,36,1406,71,140.00,50.19,28.76,4320,216826.00
9,9,*NOUSE*,*NOUSE*,0,0,0,0,0,0,0,0
10,10,,,38,1541,55,169.00,60.21,35.22,3716,223731.00
11,11,*NOUSE*,*NOUSE*,0,0,0,0,0,0,0,0
12,12,*NOUSE*,*NOUSE*,0,0,0,0,0,0,0,0
13,13,*NOUSE*,*NOUSE*,0,0,0,0,0,0,0,0
14,14,,,38,1489,71,148.00,56.10,30.64,4360,244585.00
15,15,,,39,1617,75,167.00,58.57,37.82,5558,325516.00
16,16,,,37,1305,78,131.00,44.04,26.52,4933,217267.00
17,17,*NOUSE*,*NOUSE*,0,0,0,0,0,0,0,0
18,18,,,35,1464,67,85.00,34.09,13.87,5156,175770.00
19,19,,,38,1639,70,157.00,49.31,32.98,5400,266276.00
20,20,,,35,1017,74,62.00,19.06, 7.18,4674,89106.00
21,21,,,39,1511,72,174.00,69.92,38.79,3703,258923.00
22,22,*NOUSE*,*NOUSE*,0,0,0,0,0,0,0,0
23,23,,,36,950,79,70.00,22.49, 8.84,4226,95030.00
24,24,*NOUSE*,*NOUSE*,0,0,0,0,0,0,0,0
25,25,*NOUSE*,*NOUSE*,0,0,0,0,0,0,0,0
26,26,,,40,1621,58,161.00,49.17,30.28,4861,239039.00
27,27,,,39,1391,61,134.00,55.31,29.02,4070,225096.00
28,28,*NOUSE*,*NOUSE*,0,0,0,0,0,0,0,0
29,29,,,41,1434,77,177.00,66.18,39.20,4013,265600.00
30,30,,,41,1551,48,201.00,67.78,41.49,3464,234798.00
31,31,,,40,1286,78,129.00,40.84,23.52,4789,195600.00
32,32,,,41,1567,50,182.00,66.38,37.82,4436,294463.00
33,33,,,41,1446,57,167.00,52.33,33.45,4313,225717.00
34,34,*NOUSE*,*NOUSE*,0,0,0,0,0,0,0,0
35,35,*NOUSE*,*NOUSE*,0,0,0,0,0,0,0,0
36,36,*NOUSE*,*NOUSE*,0,0,0,0,0,0,0,0
37,37,,,38,1276,63,69.00,25.90,10.31,3799,98379.00
38,38,*NOUSE*,*NOUSE*,0,0,0,0,0,0,0,0
39,39,*NOUSE*,*NOUSE*,0,0,0,0,0,0,0,0
40,40,,,38,1227,75,61.00,23.24, 9.47,5418,125896.00
41,41,,,40,1531,92,117.00,49.33,21.30,3448,170085.00
42,42,*NOUSE*,*NOUSE*,0,0,0,0,0,0,0,0
43,43,*NOUSE*,*NOUSE*,0,0,0,0,0,0,0,0
44,44,,,43,1602,54,168.00,51.59,30.64,4639,239339.00
45,45,,,43,1326,54,147.00,54.49,30.69,4925,268347.00
46,46,,,42,1429,61,160.00,62.89,32.84,3650,229564.00
47,47,,,41,1191,69,112.00,39.28,25.12,3913,153688.00
48,48,,,42,1260,79,137.00,48.34,28.70,4338,209683.00
49,49,,,42,1642,84,148.00,52.39,27.96,3997,209391.00
50,50,,,40,1066,86,75.00,24.34,10.51,4071,99070.00
51,51,,,42,1448,92,127.00,41.87,22.11,3462,144964.00
52,52,*NOUSE*,*NOUSE*,0,0,0,0,0,0,0,0
53,53,,,47,1276,54,119.00,38.34,20.97,3782,145015.00
54,54,*NOUSE*,*NOUSE*,0,0,0,0,0,0,0,0
55,55,*NOUSE*,*NOUSE*,0,0,0,0,0,0,0,0
56,56,*NOUSE*,*NOUSE*,0,0,0,0,0,0,0,0
57,57,*NOUSE*,*NOUSE*,0,0,0,0,0,0,0,0
58,58,*NOUSE*,*NOUSE*,0,0,0,0,0,0,0,0
59,59,,,41,1693,72,101.00,36.66,19.69,5770,211542.00
60,60,*NOUSE*,*NOUSE*,0,0,0,0,0,0,0,0
61,61,,,45,1607,87,151.00,56.58,30.61,4394,248601.00
62,62,*NOUSE*,*NOUSE*,0,0,0,0,0,0,0,0
63,63,*NOUSE*,*NOUSE*,0,0,0,0,0,0,0,0
64,64,,,44,1655,57,132.00,46.22,26.09,5172,239055.00
65,65,*NOUSE*,*NOUSE*,0,0,0,0,0,0,0,0
66,66,*NOUSE*,*NOUSE*,0,0,0,0,0,0,0,0
67,67,*NOUSE*,*NOUSE*,0,0,0,0,0,0,0,0
68,68,*NOUSE*,*NOUSE*,0,0,0,0,0,0,0,0
69,69,*NOUSE*,*NOUSE*,0,0,0,0,0,0,0,0
70,70,*NOUSE*,*NOUSE*,0,0,0,0,0,0,0,0
71,71,*NOUSE*,*NOUSE*,0,0,0,0,0,0,0,0
72,72,,,45,1366,93,153.00,57.98,31.48,4003,232098.00
73,73,,,46,922,39,89.00,31.90,15.85,4683,149405.00
74,74,,,46,1530,43,153.00,67.25,33.41,3367,226425.00
75,75,,,45,1388,45,170.00,69.15,34.27,3502,242179.00
76,76,*NOUSE*,*NOUSE*,0,0,0,0,0,0,0,0
77,77,*NOUSE*,*NOUSE*,0,0,0,0,0,0,0,0
78,78,,,46,1588,49,174.00,56.63,34.52,4371,247521.00
79,79,*NOUSE*,*NOUSE*,0,0,0,0,0,0,0,0
80,80,*NOUSE*,*NOUSE*,0,0,0,0,0,0,0,0
81,81,*NOUSE*,*NOUSE*,0,0,0,0,0,0,0,0
82,82,,,44,841,62,55.00,19.58, 7.02,4026,78810.00
83,83,,,46,750,77,117.00,34.25,20.98,4040,138376.00
84,84,*NOUSE*,*NOUSE*,0,0,0,0,0,0,0,0
85,85,,,45,1469,83,166.00,56.92,29.04,4292,244309.00
86,86,*NOUSE*,*NOUSE*,0,0,0,0,0,0,0,0
87,87,*NOUSE*,*NOUSE*,0,0,0,0,0,0,0,0
88,88,*NOUSE*,*NOUSE*,0,0,0,0,0,0,0,0
89,89,*NOUSE*,*NOUSE*,0,0,0,0,0,0,0,0
90,90,*NOUSE*,*NOUSE*,0,0,0,0,0,0,0,0
91,91,,,45,1477,63,152.00,58.58,29.31,3578,209610.00
92,92,*NOUSE*,*NOUSE*,0,0,0,0,0,0,0,0
93,93,,,48,808,77,91.00,30.35,16.32,4991,151452.00
94,94,*NOUSE*,*NOUSE*,0,0,0,0,0,0,0,0
95,95,*NOUSE*,*NOUSE*,0,0,0,0,0,0,0,0
96,96,*NOUSE*,*NOUSE*,0,0,0,0,0,0,0,0
97,97,,,47,1309,90,153.00,54.30,26.64,4027,218668.00
98,98,*NOUSE*,*NOUSE*,0,0,0,0,0,0,0,0
99,99,*NOUSE*,*NOUSE*,0,0,0,0,0,0,0,0
100,100,*NOUSE*,*NOUSE*,0,0,0,0,0,0,0,0
101,101,,,47,1409,99,162.00,68.60,33.72,3535,242504.00
102,102,*NOUSE*,*NOUSE*,0,0,0,0,0,0,0,0
103,103,*NOUSE*,*NOUSE*,0,0,0,0,0,0,0,0
104,104,*NOUSE*,*NOUSE*,0,0,0,0,0,0,0,0
105,105,*NOUSE*,*NOUSE*,0,0,0,0,0,0,0,0
106,106,,,46,1478,49,166.00,59.27,31.94,3662,217050.00
107,107,*NOUSE*,*NOUSE*,0,0,0,0,0,0,0,0
108,108,*NOUSE*,*NOUSE*,0,0,0,0,0,0,0,0
109,109,*NOUSE*,*NOUSE*,0,0,0,0,0,0,0,0
110,110,*NOUSE*,*NOUSE*,0,0,0,0,0,0,0,0
111,111,,,47,1214,94,105.00,36.00,19.30,5275,189909.00
112,112,*NOUSE*,*NOUSE*,0,0,0,0,0,0,0,0
113,113,,,48,1358,40,174.00,68.25,37.84,3340,227957.00
114,114,*NOUSE*,*NOUSE*,0,0,0,0,0,0,0,0
115,115,,,48,1494,44,202.00,84.21,43.63,3058,257517.00
116,116,,,48,1490,58,181.00,69.44,36.73,3213,223099.00
117,117,*NOUSE*,*NOUSE*,0,0,0,0,0,0,0,0
118,118,,,48,1337,66,193.00,78.73,35.32,3131,246518.00
119,119,*NOUSE*,*NOUSE*,0,0,0,0,0,0,0,0
120,120,,,51,363,81,159.00,47.76,32.76,5114,244253.00
121,121,*NOUSE*,*NOUSE*,0,0,0,0,0,0,0,0
122,122,*NOUSE*,*NOUSE*,0,0,0,0,0,0,0,0
123,123,*NOUSE*,*NOUSE*,0,0,0,0,0,0,0,0
124,124,,,49,1572,38,150.00,57.35,30.63,4617,264798.00
125,125,*NOUSE*,*NOUSE*,0,0,0,0,0,0,0,0
126,126,*NOUSE*,*NOUSE*,0,0,0,0,0,0,0,0
127,127,*NOUSE*,*NOUSE*,0,0,0,0,0,0,0,0
128,128,*NOUSE*,*NOUSE*,0,0,0,0,0,0,0,0
129,129,*NOUSE*,*NOUSE*,0,0,0,0,0,0,0,0
130,130,,,48,1483,80,169.00,75.66,36.85,3202,242265.00
131,131,,,49,1166,90,66.00,20.62, 8.20,6307,130039.00
132,132,,,50,958,96,94.00,30.21,14.95,3796,114670.00
133,133,*NOUSE*,*NOUSE*,0,0,0,0,0,0,0,0
134,134,*NOUSE*,*NOUSE*,0,0,0,0,0,0,0,0
135,135,,,53,945,31,87.00,30.04,15.34,9171,275485.00
136,136,,,52,1660,47,206.00,65.88,43.75,4047,266614.00
137,137,*NOUSE*,*NOUSE*,0,0,0,0,0,0,0,0
138,138,,,50,1371,64,167.00,62.19,32.27,3614,224759.00
139,139,,,52,1268,76,125.00,43.10,22.97,3754,161783.00
140,140,*NOUSE*,*NOUSE*,0,0,0,0,0,0,0,0
141,141,,,50,515,81,83.00,29.16,13.90,4934,143890.00
142,142,,,52,324,79,149.00,46.39,30.05,5306,246167.00
143,143,*NOUSE*,*NOUSE*,0,0,0,0,0,0,0,0
144,144,,,49,1530,81,175.00,66.79,39.35,4030,269163.00
145,145,*NOUSE*,*NOUSE*,0,0,0,0,0,0,0,0
146,146,*NOUSE*,*NOUSE*,0,0,0,0,0,0,0,0
147,147,*NOUSE*,*NOUSE*,0,0,0,0,0,0,0,0
148,148,*NOUSE*,*NOUSE*,0,0,0,0,0,0,0,0
149,149,,,53,1036,33,94.00,30.07,15.11,6908,207711.00
150,150,*NOUSE*,*NOUSE*,0,0,0,0,0,0,0,0
151,151,*NOUSE*,*NOUSE*,0,0,0,0,0,0,0,0
152,152,,,50,1373,42,171.00,71.18,36.19,3170,225632.00
153,153,*NOUSE*,*NOUSE*,0,0,0,0,0,0,0,0
154,154,*NOUSE*,*NOUSE*,0,0,0,0,0,0,0,0
155,155,*NOUSE*,*NOUSE*,0,0,0,0,0,0,0,0
156,156,,,48,1400,72,187.00,68.50,35.75,3947,270384.00
157,157,*NOUSE*,*NOUSE*,0,0,0,0,0,0,0,0
158,158,,,53,344,80,175.00,49.65,36.24,5092,252830.00
159,159,*NOUSE*,*NOUSE*,0,0,0,0,0,0,0,0
160,160,*NOUSE*,*NOUSE*,0,0,0,0,0,0,0,0
161,161,,,52,1226,34,102.00,34.94,19.62,4659,162799.00
162,162,*NOUSE*,*NOUSE*,0,0,0,0,0,0,0,0
163,163,*NOUSE*,*NOUSE*,0,0,0,0,0,0,0,0
164,164,,,52,1162,39,68.00,22.14, 9.59,6658,147416.00
165,165,,,52,1400,52,158.00,62.88,31.66,3441,216384.00
166,166,,,51,1384,58,152.00,63.36,31.32,3716,235446.00
167,167,,,56,241,63,123.00,38.86,23.10,8689,337679.00
168,168,,,51,1629,77,184.00,56.98,31.99,4925,280607.00
169,169,,,53,1725,85,127.00,38.85,25.00,6235,242227.00
170,170,*NOUSE*,*NOUSE*,0,0,0,0,0,0,0,0
171,171,,,50,1492,89,227.00,98.03,45.68,2828,277218.00
172,172,,,53,897,95,78.00,28.59,12.81,4029,115181.00
173,173,,,54,802,93,96.00,32.29,18.79,4005,129321.00
174,174,*NOUSE*,*NOUSE*,0,0,0,0,0,0,0,0
175,175,,,50,1479,103,140.00,54.70,27.45,1653,90421.00
176,176,,,54,1449,34,138.00,52.81,29.05,3002,158526.00
177,177,*NOUSE*,*NOUSE*,0,0,0,0,0,0,0,0
178,178,*NOUSE*,*NOUSE*,0,0,0,0,0,0,0,0
179,179,*NOUSE*,*NOUSE*,0,0,0,0,0,0,0,0
180,180,*NOUSE*,*NOUSE*,0,0,0,0,0,0,0,0
181,181,*NOUSE*,*NOUSE*,0,0,0,0,0,0,0,0
182,182,,,54,1682,46,188.00,55.08,40.00,5178,285213.00
183,183,,,52,1434,57,167.00,73.79,38.59,3193,235624.00
184,184,*NOUSE*,*NOUSE*,0,0,0,0,0,0,0,0
185,185,,,57,274,60,204.00,68.56,46.13,4603,315594.00
186,186,*NOUSE*,*NOUSE*,0,0,0,0,0,0,0,0
187,187,*NOUSE*,*NOUSE*,0,0,0,0,0,0,0,0
188,188,*NOUSE*,*NOUSE*,0,0,0,0,0,0,0,0
189,189,,,54,1543,91,152.00,57.16,29.42,5492,313921.00
190,190,*NOUSE*,*NOUSE*,0,0,0,0,0,0,0,0
191,191,*NOUSE*,*NOUSE*,0,0,0,0,0,0,0,0
192,192,*NOUSE*,*NOUSE*,0,0,0,0,0,0,0,0
193,193,,,56,891,38,83.00,29.59,14.48,5628,166555.00
194,194,,,54,1437,45,201.00,77.87,40.60,3256,253551.00
195,195,*NOUSE*,*NOUSE*,0,0,0,0,0,0,0,0
196,196,*NOUSE*,*NOUSE*,0,0,0,0,0,0,0,0
197,197,*NOUSE*,*NOUSE*,0,0,0,0,0,0,0,0
198,198,*NOUSE*,*NOUSE*,0,0,0,0,0,0,0,0
199,199,,,59,234,79,202.00,59.77,42.50,5846,349416.00
200,200,,,54,1294,76,116.00,43.82,20.49,4532,198577.00
201,201,*NOUSE*,*NOUSE*,0,0,0,0,0,0,0,0
202,202,*NOUSE*,*NOUSE*,0,0,0,0,0,0,0,0
203,203,*NOUSE*,*NOUSE*,0,0,0,0,0,0,0,0
204,204,*NOUSE*,*NOUSE*,0,0,0,0,0,0,0,0
205,205,,,55,851,103,98.00,33.95,19.99,3876,131576.00
206,206,,,55,1015,104,94.00,30.46,16.69,3920,119406.00
207,207,,,56,1099,31,106.00,34.03,19.35,5218,177546.00
208,208,,,57,840,45,90.00,31.34,16.31,5305,166272.00
209,209,*NOUSE*,*NOUSE*,0,0,0,0,0,0,0,0
210,210,,,52,1588,74,178.00,64.11,37.67,4370,280147.00
211,211,,,52,1504,73,207.00,77.67,45.58,3630,281950.00
212,212,*NOUSE*,*NOUSE*,0,0,0,0,0,0,0,0
213,213,,,54,1108,86,46.00,17.02, 5.79,4888,83189.00
214,214,*NOUSE*,*NOUSE*,0,0,0,0,0,0,0,0
215,215,*NOUSE*,*NOUSE*,0,0,0,0,0,0,0,0
216,216,*NOUSE*,*NOUSE*,0,0,0,0,0,0,0,0
217,217,*NOUSE*,*NOUSE*,0,0,0,0,0,0,0,0
218,218,*NOUSE*,*NOUSE*,0,0,0,0,0,0,0,0
219,219,,,57,479,43,132.00,35.88,21.32,6246,224096.00
220,220,,,58,1292,46,183.00,50.61,34.65,4414,223371.00
221,221,*NOUSE*,*NOUSE*,0,0,0,0,0,0,0,0
222,222,,,57,1306,49,146.00,51.36,27.60,4233,217413.00
223,223,*NOUSE*,*NOUSE*,0,0,0,0,0,0,0,0
224,224,*NOUSE*,*NOUSE*,0,0,0,0,0,0,0,0
225,225,*NOUSE*,*NOUSE*,0,0,0,0,0,0,0,0
226,226,*NOUSE*,*NOUSE*,0,0,0,0,0,0,0,0
227,227,*NOUSE*,*NOUSE*,0,0,0,0,0,0,0,0
228,228,,,58,1406,38,152.00,56.01,29.66,5097,285489.00
229,229,,,59,539,39,110.00,33.75,19.16,6576,221913.00
230,230,*NOUSE*,*NOUSE*,0,0,0,0,0,0,0,0
231,231,*NOUSE*,*NOUSE*,0,0,0,0,0,0,0,0
232,232,,,56,1324,64,165.00,65.02,30.04,3798,246944.00
233,233,,,53,1432,76,180.00,77.78,40.55,3016,234570.00
234,234,*NOUSE*,*NOUSE*,0,0,0,0,0,0,0,0
235,235,*NOUSE*,*NOUSE*,0,0,0,0,0,0,0,0
236,236,,,58,453,94,118.00,36.39,21.32,6058,220440.00
237,237,*NOUSE*,*NOUSE*,0,0,0,0,0,0,0,0
238,238,,,59,345,94,193.00,62.28,39.57,4007,249539.00
239,239,*NOUSE*,*NOUSE*,0,0,0,0,0,0,0,0
240,240,*NOUSE*,*NOUSE*,0,0,0,0,0,0,0,0
241,241,,,57,1525,37,202.00,71.78,43.05,3258,233868.00
242,242,,,60,1713,46,190.00,52.99,39.96,5068,268571.00
243,243,*NOUSE*,*NOUSE*,0,0,0,0,0,0,0,0
244,244,,,57,682,51,49.00,18.38, 6.81,5072,93239.00
245,245,*NOUSE*,*NOUSE*,0,0,0,0,0,0,0,0
246,246,*NOUSE*,*NOUSE*,0,0,0,0,0,0,0,0
247,247,*NOUSE*,*NOUSE*,0,0,0,0,0,0,0,0
248,248,*NOUSE*,*NOUSE*,0,0,0,0,0,0,0,0
249,249,*NOUSE*,*NOUSE*,0,0,0,0,0,0,0,0
250,250,*NOUSE*,*NOUSE*,0,0,0,0,0,0,0,0
251,251,,,67,1228,80,153.00,43.93,28.59,4937,216882.00
252,252,*NOUSE*,*NOUSE*,0,0,0,0,0,0,0,0
253,253,*NOUSE*,*NOUSE*,0,0,0,0,0,0,0,0
254,254,*NOUSE*,*NOUSE*,0,0,0,0,0,0,0,0
255,255,*NOUSE*,*NOUSE*,0,0,0,0,0,0,0,0
256,256,*NOUSE*,*NOUSE*,0,0,0,0,0,0,0,0
257,257,,,60,584,90,115.00,34.74,18.52,5115,177677.00
258,258,*NOUSE*,*NOUSE*,0,0,0,0,0,0,0,0
259,259,,,59,936,102,114.00,32.81,17.90,3275,107455.00
260,260,,,58,1136,104,114.00,37.03,21.56,3280,121461.00
261,261,,,59,1041,107,106.00,33.02,19.07,3630,119867.00
262,262,,,59,1174,107,119.00,36.12,21.23,4437,160267.00
263,263,,,59,1385,40,148.00,59.68,30.24,4070,242885.00
264,264,*NOUSE*,*NOUSE*,0,0,0,0,0,0,0,0
265,265,*NOUSE*,*NOUSE*,0,0,0,0,0,0,0,0
266,266,*NOUSE*,*NOUSE*,0,0,0,0,0,0,0,0
267,267,*NOUSE*,*NOUSE*,0,0,0,0,0,0,0,0
268,268,,,58,736,92,71.00,25.27,11.45,3949,99772.00
269,269,*NOUSE*,*NOUSE*,0,0,0,0,0,0,0,0
270,270,,,59,645,99,102.00,34.38,19.34,3983,136927.00
271,271,*NOUSE*,*NOUSE*,0,0,0,0,0,0,0,0
272,272,*NOUSE*,*NOUSE*,0,0,0,0,0,0,0,0
273,273,*NOUSE*,*NOUSE*,0,0,0,0,0,0,0,0
274,274,,,61,1349,43,210.00,77.65,39.66,3355,260521.00
275,275,,,62,258,54,150.00,48.69,32.74,5829,283794.00
276,276,*NOUSE*,*NOUSE*,0,0,0,0,0,0,0,0
277,277,,,60,815,73,48.00,18.17, 5.42,4120,74871.00
278,278,*NOUSE*,*NOUSE*,0,0,0,0,0,0,0,0
279,279,,,64,1237,87,187.00,59.75,34.71,3968,237104.00
280,280,*NOUSE*,*NOUSE*,0,0,0,0,0,0,0,0
281,281,,,61,1782,94,135.00,39.46,27.84,5308,209434.00
282,282,*NOUSE*,*NOUSE*,0,0,0,0,0,0,0,0
283,283,,,61,619,96,105.00,32.98,21.14,4653,153461.00
284,284,*NOUSE*,*NOUSE*,0,0,0,0,0,0,0,0
285,285,*NOUSE*,*NOUSE*,0,0,0,0,0,0,0,0
286,286,,,60,916,103,86.00,30.37,16.56,3488,105922.00
287,287,,,61,1218,106,126.00,41.45,24.78,4732,196158.00
288,288,,,59,1327,110,173.00,68.58,35.41,3416,234263.00
289,289,*NOUSE*,*NOUSE*,0,0,0,0,0,0,0,0
290,290,,,61,1569,32,151.00,54.72,33.22,4198,229727.00
291,291,,,62,1668,39,166.00,59.00,32.81,3119,184029.00
292,292,*NOUSE*,*NOUSE*,0,0,0,0,0,0,0,0
293,293,*NOUSE*,*NOUSE*,0,0,0,0,0,0,0,0
294,294,*NOUSE*,*NOUSE*,0,0,0,0,0,0,0,0
295,295,*NOUSE*,*NOUSE*,0,0,0,0,0,0,0,0
296,296,*NOUSE*,*NOUSE*,0,0,0,0,0,0,0,0
297,297,*NOUSE*,*NOUSE*,0,0,0,0,0,0,0,0
298,298,*NOUSE*,*NOUSE*,0,0,0,0,0,0,0,0
299,299,,,62,696,99,109.00,35.81,19.43,3288,117736.00
300,300,,,61,1754,98,145.00,40.62,28.57,5922,240523.00
301,301,*NOUSE*,*NOUSE*,0,0,0,0,0,0,0,0
302,302,,,61,1402,107,199.00,59.53,31.41,4604,274086.00
303,303,*NOUSE*,*NOUSE*,0,0,0,0,0,0,0,0
304,304,*NOUSE*,*NOUSE*,0,0,0,0,0,0,0,0
305,305,*NOUSE*,*NOUSE*,0,0,0,0,0,0,0,0
306,306,*NOUSE*,*NOUSE*,0,0,0,0,0,0,0,0
307,307,*NOUSE*,*NOUSE*,0,0,0,0,0,0,0,0
308,308,*NOUSE*,*NOUSE*,0,0,0,0,0,0,0,0
309,309,,,62,1461,100,182.00,67.71,39.09,5249,355435.00
310,310,*NOUSE*,*NOUSE*,0,0,0,0,0,0,0,0
311,311,,,59,1490,107,107.00,44.72,16.54,1543,68999.00
312,312,,,64,832,108,88.00,30.98,16.06,3786,117282.00
313,313,*NOUSE*,*NOUSE*,0,0,0,0,0,0,0,0
314,314,*NOUSE*,*NOUSE*,0,0,0,0,0,0,0,0
315,315,,,63,1531,49,222.00,81.57,49.22,2934,239317.00
316,316,,,64,289,54,174.00,64.74,36.98,4246,274897.00
317,317,*NOUSE*,*NOUSE*,0,0,0,0,0,0,0,0
318,318,*NOUSE*,*NOUSE*,0,0,0,0,0,0,0,0
319,319,*NOUSE*,*NOUSE*,0,0,0,0,0,0,0,0
320,320,,,65,217,62,170.00,48.50,36.94,5583,270767.00
321,321,,,65,116,70,192.00,57.23,44.01,5941,340010.00
322,322,*NOUSE*,*NOUSE*,0,0,0,0,0,0,0,0
323,323,*NOUSE*,*NOUSE*,0,0,0,0,0,0,0,0
324,324,*NOUSE*,*NOUSE*,0,0,0,0,0,0,0,0
325,325,*NOUSE*,*NOUSE*,0,0,0,0,0,0,0,0
326,326,,,65,469,96,133.00,40.94,26.45,3976,162765.00
327,327,,,63,1087,107,119.00,34.63,19.82,4312,149332.00
328,328,*NOUSE*,*NOUSE*,0,0,0,0,0,0,0,0
329,329,,,63,1365,40,162.00,65.67,33.17,3883,255013.00
330,330,,,67,1696,45,183.00,57.41,39.50,4150,238269.00
331,331,,,69,1227,51,146.00,48.80,30.32,4596,224304.00
332,332,,,62,1503,55,170.00,66.07,35.00,5010,330994.00
333,333,*NOUSE*,*NOUSE*,0,0,0,0,0,0,0,0
334,334,,,64,1302,91,161.00,59.85,30.60,4152,248487.00
335,335,,,61,1276,93,114.00,39.21,20.71,1207,47332.00
336,336,*NOUSE*,*NOUSE*,0,0,0,0,0,0,0,0
337,337,,,66,489,95,126.00,39.26,25.48,3704,145433.00
338,338,,,66,520,95,128.00,38.41,25.49,3855,148059.00
339,339,,,65,797,110,95.00,33.06,16.76,3196,105644.00
340,340,*NOUSE*,*NOUSE*,0,0,0,0,0,0,0,0
341,341,*NOUSE*,*NOUSE*,0,0,0,0,0,0,0,0
342,342,*NOUSE*,*NOUSE*,0,0,0,0,0,0,0,0
343,343,,,66,1324,34,163.00,55.64,31.24,4095,227841.00
344,344,*NOUSE*,*NOUSE*,0,0,0,0,0,0,0,0
345,345,,,66,92,71,199.00,52.74,41.67,5507,290419.00
346,346,*NOUSE*,*NOUSE*,0,0,0,0,0,0,0,0
347,347,*NOUSE*,*NOUSE*,0,0,0,0,0,0,0,0
348,348,*NOUSE*,*NOUSE*,0,0,0,0,0,0,0,0
349,349,*NOUSE*,*NOUSE*,0,0,0,0,0,0,0,0
350,350,,,65,292,81,160.00,56.85,31.40,4317,245420.00
351,351,*NOUSE*,*NOUSE*,0,0,0,0,0,0,0,0
352,352,*NOUSE*,*NOUSE*,0,0,0,0,0,0,0,0
353,353,,,66,324,97,149.00,48.29,28.81,4492,216897.00
354,354,,,66,1453,31,183.00,58.17,36.54,3570,207675.00
355,355,*NOUSE*,*NOUSE*,0,0,0,0,0,0,0,0
356,356,*NOUSE*,*NOUSE*,0,0,0,0,0,0,0,0
357,357,,,63,1423,43,171.00,75.93,37.54,3646,276841.00
358,358,*NOUSE*,*NOUSE*,0,0,0,0,0,0,0,0
359,359,*NOUSE*,*NOUSE*,0,0,0,0,0,0,0,0
360,360,,,67,1003,96,90.00,30.19,15.21,4573,138081.00
361,361,*NOUSE*,*NOUSE*,0,0,0,0,0,0,0,0
362,362,*NOUSE*,*NOUSE*,0,0,0,0,0,0,0,0
363,363,*NOUSE*,*NOUSE*,0,0,0,0,0,0,0,0
364,364,*NOUSE*,*NOUSE*,0,0,0,0,0,0,0,0
365,365,,,66,304,61,166.00,65.32,33.33,4189,273636.00
366,366,*NOUSE*,*NOUSE*,0,0,0,0,0,0,0,0
367,367,*NOUSE*,*NOUSE*,0,0,0,0,0,0,0,0
368,368,*NOUSE*,*NOUSE*,0,0,0,0,0,0,0,0
369,369,*NOUSE*,*NOUSE*,0,0,0,0,0,0,0,0
370,370,*NOUSE*,*NOUSE*,0,0,0,0,0,0,0,0
371,371,*NOUSE*,*NOUSE*,0,0,0,0,0,0,0,0
372,372,*NOUSE*,*NOUSE*,0,0,0,0,0,0,0,0
373,373,*NOUSE*,*NOUSE*,0,0,0,0,0,0,0,0
374,374,*NOUSE*,*NOUSE*,0,0,0,0,0,0,0,0
375,375,*NOUSE*,*NOUSE*,0,0,0,0,0,0,0,0
376,376,,,66,277,71,167.00,90.22,33.16,2436,219775.00
377,377,*NOUSE*,*NOUSE*,0,0,0,0,0,0,0,0
378,378,*NOUSE*,*NOUSE*,0,0,0,0,0,0,0,0
379,379,*NOUSE*,*NOUSE*,0,0,0,0,0,0,0,0
380,380,,,71,382,95,151.00,45.29,30.63,5214,236128.00
381,381,,,73,928,97,75.00,29.98,13.33,4377,131219.00
382,382,*NOUSE*,*NOUSE*,0,0,0,0,0,0,0,0
383,383,,,73,1042,34,114.00,32.35,19.69,7530,243610.00
384,384,*NOUSE*,*NOUSE*,0,0,0,0,0,0,0,0
385,385,*NOUSE*,*NOUSE*,0,0,0,0,0,0,0,0
386,386,*NOUSE*,*NOUSE*,0,0,0,0,0,0,0,0
387,387,*NOUSE*,*NOUSE*,0,0,0,0,0,0,0,0
388,388,,,72,1392,41,163.00,65.17,32.59,4008,261183.00
389,389,,,71,1315,46,167.00,67.50,37.49,3594,242603.00
390,390,*NOUSE*,*NOUSE*,0,0,0,0,0,0,0,0
391,391,*NOUSE*,*NOUSE*,0,0,0,0,0,0,0,0
392,392,*NOUSE*,*NOUSE*,0,0,0,0,0,0,0,0
393,393,*NOUSE*,*NOUSE*,0,0,0,0,0,0,0,0
394,394,,,72,1650,46,218.00,74.55,47.08,3181,237144.00
395,395,*NOUSE*,*NOUSE*,0,0,0,0,0,0,0,0
396,396,*NOUSE*,*NOUSE*,0,0,0,0,0,0,0,0
397,397,*NOUSE*,*NOUSE*,0,0,0,0,0,0,0,0
398,398,,,71,1590,76,222.00,83.11,50.52,3991,331707.00
399,399,*NOUSE*,*NOUSE*,0,0,0,0,0,0,0,0
400,400,*NOUSE*,*NOUSE*,0,0,0,0,0,0,0,0
401,401,,,72,503,81,62.00,22.08, 9.24,6569,145055.00
402,402,*NOUSE*,*NOUSE*,0,0,0,0,0,0,0,0
403,403,,,72,647,91,91.00,33.80,17.86,4546,153638.00
404,404,*NOUSE*,*NOUSE*,0,0,0,0,0,0,0,0
405,405,*NOUSE*,*NOUSE*,0,0,0,0,0,0,0,0
406,406,*NOUSE*,*NOUSE*,0,0,0,0,0,0,0,0
407,407,*NOUSE*,*NOUSE*,0,0,0,0,0,0,0,0
408,408,*NOUSE*,*NOUSE*,0,0,0,0,0,0,0,0
409,409,*NOUSE*,*NOUSE*,0,0,0,0,0,0,0,0
410,410,*NOUSE*,*NOUSE*,0,0,0,0,0,0,0,0
411,411,,,73,1374,44,178.00,69.89,37.01,3758,262628.00
412,412,,,73,236,59,108.00,37.04,18.49,6516,241334.00
413,413,*NOUSE*,*NOUSE*,0,0,0,0,0,0,0,0
414,414,,,71,1504,74,245.00,87.49,54.36,3854,337205.00
415,415,*NOUSE*,*NOUSE*,0,0,0,0,0,0,0,0
416,416,*NOUSE*,*NOUSE*,0,0,0,0,0,0,0,0
417,417,*NOUSE*,*NOUSE*,0,0,0,0,0,0,0,0
418,418,*NOUSE*,*NOUSE*,0,0,0,0,0,0,0,0
419,419,*NOUSE*,*NOUSE*,0,0,0,0,0,0,0,0
420,420,*NOUSE*,*NOUSE*,0,0,0,0,0,0,0,0
421,421,,,72,1723,83,141.00,42.90,31.34,5391,231259.00
422,422,,,75,1530,84,209.00,82.19,46.83,4458,366413.00
423,423,*NOUSE*,*NOUSE*,0,0,0,0,0,0,0,0
424,424,,,70,1510,96,226.00,84.70,47.04,3611,305868.00
425,425,,,73,737,91,83.00,30.44,15.05,6042,183919.00
426,426,,,73,1126,101,108.00,35.18,19.08,4016,141277.00
427,427,,,71,1327,105,224.00,77.79,41.71,3552,276302.00
428,428,*NOUSE*,*NOUSE*,0,0,0,0,0,0,0,0
429,429,,,74,1589,38,195.00,57.41,38.76,3096,177726.00
430,430,,,72,1297,46,146.00,51.81,27.48,4689,242943.00
431,431,,,69,1524,37,205.00,85.41,48.00,2400,204972.00
432,432,*NOUSE*,*NOUSE*,0,0,0,0,0,0,0,0
433,433,*NOUSE*,*NOUSE*,0,0,0,0,0,0,0,0
434,434,*NOUSE*,*NOUSE*,0,0,0,0,0,0,0,0
435,435,,,75,446,95,97.00,35.16,19.51,5702,200498.00
436,436,,,75,1039,98,102.00,30.89,15.60,4748,146644.00
437,437,,,74,854,103,76.00,28.68,13.40,4793,137481.00
438,438,*NOUSE*,*NOUSE*,64,1274,110,181.00,53.32,32.34,53,2826.00
439,439,*NOUSE*,*NOUSE*,0,0,0,0,0,0,0,0
440,440,*NOUSE*,*NOUSE*,0,0,0,0,0,0,0,0
441,441,*NOUSE*,*NOUSE*,0,0,0,0,0,0,0,0
442,442,*NOUSE*,*NOUSE*,0,0,0,0,0,0,0,0
443,443,,,74,1588,94,151.00,50.29,27.91,6164,310011.00
444,444,*NOUSE*,*NOUSE*,0,0,0,0,0,0,0,0
445,445,,,75,1356,102,148.00,51.19,26.48,5252,268845.00
446,446,,,76,893,37,110.00,33.69,18.78,5622,189411.00
447,447,,,75,1109,46,47.00,19.25, 6.75,7297,140459.00
448,448,,,76,705,42,99.00,32.34,17.26,5619,181705.00
449,449,*NOUSE*,*NOUSE*,0,0,0,0,0,0,0,0
450,450,,,72,1667,47,224.00,75.90,50.56,3778,286768.00
451,451,,,75,1632,46,162.00,55.30,33.35,4339,239967.00
452,452,*NOUSE*,*NOUSE*,0,0,0,0,0,0,0,0
453,453,*NOUSE*,*NOUSE*,0,0,0,0,0,0,0,0
454,454,*NOUSE*,*NOUSE*,0,0,0,0,0,0,0,0
455,455,*NOUSE*,*NOUSE*,0,0,0,0,0,0,0,0
456,456,*NOUSE*,*NOUSE*,0,0,0,0,0,0,0,0
457,457,*NOUSE*,*NOUSE*,0,0,0,0,0,0,0,0
458,458,*NOUSE*,*NOUSE*,0,0,0,0,0,0,0,0
459,459,*NOUSE*,*NOUSE*,0,0,0,0,0,0,0,0
460,460,,,74,826,96,77.00,25.10,10.46,4219,105909.00
461,461,,,76,1091,101,119.00,35.81,21.45,4592,164431.00
462,462,*NOUSE*,*NOUSE*,0,0,0,0,0,0,0,0
463,463,*NOUSE*,*NOUSE*,0,0,0,0,0,0,0,0
464,464,,,77,1359,47,220.00,85.57,48.05,3139,268613.00
465,465,*NOUSE*,*NOUSE*,0,0,0,0,0,0,0,0
466,466,,,77,1422,56,184.00,81.52,41.19,3287,267947.00
467,467,,,77,1493,59,221.00,89.02,47.85,3295,293316.00
468,468,*NOUSE*,*NOUSE*,0,0,0,0,0,0,0,0
469,469,,,81,1595,74,224.00,85.45,50.93,3708,316834.00
470,470,,,77,1211,101,119.00,40.82,22.10,5130,209416.00
471,471,*NOUSE*,*NOUSE*,0,0,0,0,0,0,0,0
472,472,,,78,1445,40,212.00,77.75,45.32,3314,257654.00
473,473,*NOUSE*,*NOUSE*,0,0,0,0,0,0,0,0
474,474,*NOUSE*,*NOUSE*,0,0,0,0,0,0,0,0
475,475,,,75,1429,42,197.00,83.76,41.80,3026,253449.00
476,476,,,76,855,57,43.00,17.31, 5.53,2870,49685.00
477,477,*NOUSE*,*NOUSE*,0,0,0,0,0,0,0,0
478,478,*NOUSE*,*NOUSE*,0,0,0,0,0,0,0,0
479,479,,,77,296,76,215.00,73.72,49.97,3855,284191.00
480,480,,,72,737,67,44.00,16.51, 5.73,905,14938.00
481,481,,,79,350,76,172.00,47.56,33.31,5285,251364.00
482,482,*NOUSE*,*NOUSE*,0,0,0,0,0,0,0,0
483,483,*NOUSE*,*NOUSE*,0,0,0,0,0,0,0,0
484,484,,,78,312,82,187.00,63.97,42.33,3853,246475.00
485,485,*NOUSE*,*NOUSE*,0,0,0,0,0,0,0,0
486,486,,,77,1166,91,67.00,23.83, 9.87,5975,142357.00
487,487,*NOUSE*,*NOUSE*,0,0,0,0,0,0,0,0
488,488,*NOUSE*,*NOUSE*,0,0,0,0,0,0,0,0
489,489,*NOUSE*,*NOUSE*,0,0,0,0,0,0,0,0
490,490,*NOUSE*,*NOUSE*,0,0,0,0,0,0,0,0
491,491,,,79,307,70,193.00,64.49,41.10,3713,239461.00
492,492,,,80,329,78,189.00,52.53,38.96,4841,254311.00
493,493,,,81,1264,85,171.00,44.47,27.76,5504,244758.00
494,494,,,79,1512,88,202.00,89.42,44.65,3072,274684.00
495,495,,,79,1408,101,179.00,75.53,39.05,3334,251812.00
496,496,*NOUSE*,*NOUSE*,0,0,0,0,0,0,0,0
497,497,*NOUSE*,*NOUSE*,0,0,0,0,0,0,0,0
498,498,*NOUSE*,*NOUSE*,0,0,0,0,0,0,0,0
499,499,*NOUSE*,*NOUSE*,0,0,0,0,0,0,0,0
500,500,,,80,1254,57,109.00,38.24,21.32,5528,211415.00
501,501,*NOUSE*,*NOUSE*,0,0,0,0,0,0,0,0
502,502,*NOUSE*,*NOUSE*,0,0,0,0,0,0,0,0
503,503,,,80,1658,57,161.00,55.70,33.96,4295,239229.00
504,504,,,82,1234,65,136.00,43.83,29.15,6118,268155.00
505,505,*NOUSE*,*NOUSE*,0,0,0,0,0,0,0,0
506,506,,,79,1294,83,135.00,48.83,26.04,5282,257920.00
507,507,*NOUSE*,*NOUSE*,0,0,0,0,0,0,0,0
508,508,*NOUSE*,*NOUSE*,0,0,0,0,0,0,0,0
509,509,,,80,1167,46,68.00,24.86,10.82,6694,166418.00
510,510,,,80,1494,47,212.00,96.17,49.39,2516,241973.00
511,511,*NOUSE*,*NOUSE*,0,0,0,0,0,0,0,0
512,512,*NOUSE*,*NOUSE*,0,0,0,0,0,0,0,0
513,513,,,81,1621,58,190.00,56.02,40.22,4371,244868.00
514,514,,,80,1408,72,199.00,84.23,41.82,3090,260285.00
515,515,,,80,1387,74,182.00,72.91,38.74,3775,275220.00
516,516,*NOUSE*,*NOUSE*,0,0,0,0,0,0,0,0
517,517,*NOUSE*,*NOUSE*,0,0,0,0,0,0,0,0
518,518,,,80,758,87,124.00,34.41,20.21,4070,140066.00
519,519,,,81,1107,94,115.00,38.33,25.74,4177,160115.00
520,520,*NOUSE*,*NOUSE*,0,0,0,0,0,0,0,0
521,521,*NOUSE*,*NOUSE*,0,0,0,0,0,0,0,0
522,522,*NOUSE*,*NOUSE*,0,0,0,0,0,0,0,0
523,523,,,81,1368,77,172.00,72.64,37.15,3536,256854.00
524,524,,,81,951,87,69.00,26.12,11.35,3960,103417.00
525,525,*NOUSE*,*NOUSE*,0,0,0,0,0,0,0,0
526,526,,,81,1007,83,56.00,20.99, 8.20,5534,116160.00
527,527,*NOUSE*,*NOUSE*,0,0,0,0,0,0,0,0
528,528,*NOUSE*,*NOUSE*,74,573,42,29.00,16.24, 4.51,78,1267.00
529,529,,,82,1479,51,200.00,65.44,37.33,3642,238322.00
530,530,*NOUSE*,*NOUSE*,0,0,0,0,0,0,0,0
531,531,,,81,1698,68,141.00,38.41,23.80,6298,241913.00
532,532,,,85,566,72,106.00,32.19,18.16,10075,324335.00
533,533,*NOUSE*,*NOUSE*,0,0,0,0,0,0,0,0
534,534,,,82,1500,83,231.00,104.37,51.24,2609,272308.00
535,535,*NOUSE*,*NOUSE*,0,0,0,0,0,0,0,0
536,536,,,82,1582,80,247.00,85.48,56.29,3325,284228.00
537,537,,,82,1319,96,184.00,70.26,35.19,3488,245053.00
538,538,,,83,1528,94,192.00,62.89,32.74,5104,321006.00
539,539,,,81,1430,96,214.00,85.13,45.15,3112,264927.00
540,540,,,84,1078,42,97.00,33.79,18.96,5730,193635.00
541,541,,,80,1600,52,225.00,68.73,49.18,3687,253410.00
542,542,*NOUSE*,*NOUSE*,0,0,0,0,0,0,0,0
543,543,,,83,1509,72,237.00,89.21,50.28,2919,260401.00
544,544,,,80,1314,81,224.00,84.22,45.41,3306,278439.00
545,545,,,84,1470,84,210.00,72.73,43.92,4364,317409.00
546,546,*NOUSE*,*NOUSE*,0,0,0,0,0,0,0,0
547,547,,,84,1383,45,186.00,71.89,38.71,3084,221699.00
548,548,,,83,970,59,55.00,20.42, 7.91,4769,97387.00
549,549,*NOUSE*,*NOUSE*,0,0,0,0,0,0,0,0
550,550,,,84,1292,55,162.00,52.46,35.16,4392,230406.00
551,551,,,85,1309,62,153.00,54.16,27.94,4932,267098.00
552,552,,,83,1642,65,197.00,56.38,40.96,4560,257084.00
553,553,,,84,451,75,87.00,25.54,13.08,7860,200779.00
554,554,,,84,1626,73,209.00,65.37,44.22,3923,256442.00
555,555,*NOUSE*,*NOUSE*,0,0,0,0,0,0,0,0
556,556,*NOUSE*,*NOUSE*,0,0,0,0,0,0,0,0
557,557,*NOUSE*,*NOUSE*,0,0,0,0,0,0,0,0
558,558,,,83,1291,103,137.00,45.96,26.94,2621,120473.00
559,559,,,83,1321,37,157.00,52.62,30.08,4964,261210.00
560,560,*NOUSE*,*NOUSE*,0,0,0,0,0,0,0,0
561,561,*NOUSE*,*NOUSE*,0,0,0,0,0,0,0,0
562,562,*NOUSE*,*NOUSE*,0,0,0,0,0,0,0,0
563,563,,,87,1180,77,163.00,45.51,34.05,4107,186929.00
564,564,*NOUSE*,*NOUSE*,0,0,0,0,0,0,0,0
565,565,*NOUSE*,*NOUSE*,0,0,0,0,0,0,0,0
566,566,*NOUSE*,*NOUSE*,0,0,0,0,0,0,0,0
567,567,*NOUSE*,*NOUSE*,0,0,0,0,0,0,0,0
568,568,*NOUSE*,*NOUSE*,0,0,0,0,0,0,0,0
569,569,,,85,660,58,63.00,22.12, 9.44,5203,115069.00
570,570,,,84,1562,52,222.00,78.86,51.77,3260,257099.00
571,571,*NOUSE*,*NOUSE*,0,0,0,0,0,0,0,0
572,572,,,87,1269,65,166.00,44.53,29.28,4769,212361.00
573,573,*NOUSE*,*NOUSE*,0,0,0,0,0,0,0,0
574,574,*NOUSE*,*NOUSE*,0,0,0,0,0,0,0,0
575,575,*NOUSE*,*NOUSE*,0,0,0,0,0,0,0,0
576,576,*NOUSE*,*NOUSE*,0,0,0,0,0,0,0,0
577,577,,,85,1540,56,242.00,75.03,47.77,3088,231678.00
578,578,*NOUSE*,*NOUSE*,0,0,0,0,0,0,0,0
579,579,,,87,1523,67,213.00,69.98,43.38,3507,245411.00
580,580,,,87,830,77,97.00,33.16,17.58,3658,121307.00
581,581,,,87,1522,78,233.00,84.58,54.33,3328,281476.00
582,582,,,87,884,88,74.00,23.91,10.70,8319,198939.00
583,583,*NOUSE*,*NOUSE*,0,0,0,0,0,0,0,0
584,584,*NOUSE*,*NOUSE*,0,0,0,0,0,0,0,0
585,585,,,86,1367,46,215.00,84.16,47.64,2795,235236.00
586,586,*NOUSE*,*NOUSE*,0,0,0,0,0,0,0,0
587,587,,,85,1566,79,224.00,79.75,53.39,3140,250409.00
588,588,*NOUSE*,*NOUSE*,0,0,0,0,0,0,0,0
589,589,*NOUSE*,*NOUSE*,0,0,0,0,0,0,0,0
590,590,,,88,1443,83,209.00,76.31,45.74,3328,253970.00
591,591,,,91,1233,84,90.00,29.22,13.83,7268,212367.00
592,592,*NOUSE*,*NOUSE*,0,0,0,0,0,0,0,0
593,593,*NOUSE*,*NOUSE*,0,0,0,0,0,0,0,0
594,594,*NOUSE*,*NOUSE*,0,0,0,0,0,0,0,0
595,595,,,89,1380,62,158.00,58.01,29.19,3855,223616.00
596,596,*NOUSE*,*NOUSE*,0,0,0,0,0,0,0,0
597,597,,,89,1441,67,204.00,68.43,42.42,3933,269123.00
598,598,,,88,1427,83,220.00,90.31,50.14,3087,278797.00
599,599,,,90,1377,82,170.00,62.02,34.30,3907,242317.00
600,600,*NOUSE*,*NOUSE*,0,0,0,0,0,0,0,0
601,601,,,92,1340,81,178.00,70.08,42.40,3720,260686.00
602,602,*NOUSE*,*NOUSE*,0,0,0,0,0,0,0,0
603,603,,,93,1224,58,103.00,33.03,17.11,5432,179397.00
604,604,,,90,1401,67,173.00,66.43,39.71,4285,284653.00
605,605,,,92,1413,79,191.00,67.25,40.29,4269,287077.00
606,606,,,91,1202,77,83.00,27.42,12.51,6210,170248.00
607,607,,,91,1396,83,205.00,69.78,43.25,3863,269576.00
608,608,,,93,1272,86,227.00,50.33,37.24,4663,234699.00
609,609,*NOUSE*,*NOUSE*,0,0,0,0,0,0,0,0
610,610,*NOUSE*,*NOUSE*,0,0,0,0,0,0,0,0
611,611,*NOUSE*,*NOUSE*,0,0,0,0,0,0,0,0
612,612,*NOUSE*,*NOUSE*,0,0,0,0,0,0,0,0
613,613,,,90,811,64,50.00,19.60, 6.64,3758,73639.00
614,614,*NOUSE*,*NOUSE*,0,0,0,0,0,0,0,0
615,615,*NOUSE*,*NOUSE*,0,0,0,0,0,0,0,0
616,616,,,94,1298,85,193.00,54.14,36.88,4674,253037.00
617,617,,,93,1316,85,173.00,64.66,41.76,4051,261922.00
618,618,*NOUSE*,*NOUSE*,0,0,0,0,0,0,0,0
619,619,*NOUSE*,*NOUSE*,0,0,0,0,0,0,0,0
620,620,*NOUSE*,*NOUSE*,0,0,0,0,0,0,0,0
621,621,*NOUSE*,*NOUSE*,0,0,0,0,0,0,0,0
622,622,*NOUSE*,*NOUSE*,0,0,0,0,0,0,0,0
623,623,*NOUSE*,*NOUSE*,0,0,0,0,0,0,0,0
624,624,,,96,1306,68,108.00,35.03,16.67,6455,226110.00
625,625,*NOUSE*,*NOUSE*,0,0,0,0,0,0,0,0
626,626,,*MANUAL*,47,1627,46,142.00,79.52,22.64,1365,108546.00
627,627,,*MANUAL*$103$114,47,1462,41,127.00,43.84,24.60,5446,238739.00
628,628,,*MANUAL*,61,1340,32,158.00,94.77,21.66,1365,129356.00
629,629,,*MANUAL*$162$150,52,1287,33,129.00,36.83,22.19,5808,213883.00
630,630,,*MANUAL*$289$271,61,1248,30,130.00,38.94,23.50,5692,221647.00
631,631,,*MANUAL*$179$180,55,735,40,89.00,30.62,14.41,5512,168771.00
632,632,,*MANUAL*$178$177,56,646,37,110.00,35.78,19.77,6128,219277.00
633,633,,*MANUAL*$196$223,54,378,54,117.00,34.82,19.94,5645,196585.00
634,634,,*MANUAL*$133$134,48,1580,95,147.00,53.53,26.25,5225,279695.00
635,635,,*MANUAL*$122$123,48,1332,101,144.00,52.33,23.21,5072,265408.00
636,636,,*MANUAL*$100$102,46,1276,97,125.00,42.75,21.96,5349,228672.00
637,637,,*MANUAL*,47,1248,88,126.00,76.57,17.41,1311,100381.00
638,638,,*MANUAL*,51,1243,103,131.00,78.63,17.93,895,70374.00
639,639,,*MANUAL*$204$215,55,1071,101,105.00,29.58,14.90,4864,143899.00
640,640,*NOUSE*,*NOUSE*,0,0,0,0,0,0,0,0
641,641,,*MANUAL*,61,267,83,181.00,99.16,31.13,1362,135062.00
642,642,,*MANUAL*,73,273,81,164.00,96.02,22.57,1365,131063.00
643,643,*NOUSE*,*NOUSE*,0,0,0,0,0,0,0,0
644,644,,*MANUAL*$575$521,81,1538,44,173.00,66.86,34.69,3168,211820.00
645,645,,*MANUAL*,77,1475,36,191.00,91.50,34.35,1321,120867.00
646,646,,*MANUAL*$546$568,85,1459,45,186.00,57.83,33.99,3832,221619.00
647,647,,*MANUAL*,75,1344,36,152.00,85.70,24.99,1365,116974.00
648,648,*NOUSE*,*NOUSE*,0,0,0,0,0,0,0,0
649,649,,*MANUAL*$489$648,78,1272,30,124.00,40.42,24.49,5469,221046.00
650,650,,*MANUAL*$393$428,73,1214,30,138.00,38.75,24.76,5959,230884.00
651,651,,*MANUAL*,76,948,35,102.00,51.43,20.15,1365,70201.00
652,652,,*MANUAL*$499$508,81,807,44,107.00,32.95,18.53,5208,171608.00
653,653,,*MANUAL*$410$449,73,641,40,112.00,37.41,20.76,4648,173859.00
654,654,,*MANUAL*$462$463,77,517,40,123.00,37.25,23.39,6061,225786.00
655,655,,*MANUAL*,75,453,49,118.00,54.20,21.29,2103,113975.00
656,656,,*MANUAL*,82,1658,81,238.00,86.96,38.70,2057,178871.00
657,657,*NOUSE*,*NOUSE*,0,0,0,0,0,0,0,0
658,658,,*MANUAL*,78,1467,102,167.00,86.47,29.10,1330,114999.00
659,659,,*MANUAL*,85,1461,96,160.00,102.71,21.77,895,91927.00
660,660,,*MANUAL*,75,1242,104,163.00,82.07,21.73,1328,108991.00
661,661,,*MANUAL*,80,1268,104,179.00,94.37,31.44,1365,128817.00
662,662,,*MANUAL*$456$458,75,581,87,108.00,34.39,17.96,4830,166108.00
663,663,,*MANUAL*,84,948,45,108.00,59.33,17.10,1365,80990.00
664,664,,*MANUAL*$618$614,92,1134,73,77.00,25.20,12.07,5768,145374.00
665,665,,*MANUAL*$600$583,87,1065,92,87.00,29.22,13.93,4875,142445.00
666,666,,*MANUAL*$622$615,92,1081,63,60.00,22.13, 9.04,5915,130900.00
667,667,*NOUSE*,*NOUSE*,0,0,0,0,0,0,0,0
668,668,,*MANUAL*$562$667,83,693,61,111.00,35.13,19.24,8656,304060.00
669,669,,*MANUAL*$571$516,80,616,66,55.00,19.24, 6.99,4878,93843.00
670,670,,*MANUAL*$584$565,85,836,96,76.00,24.90,10.62,4936,122912.00
671,671,,*MANUAL*$555$535,82,669,86,77.00,26.72,11.79,4226,112935.00
672,672,,*MANUAL*$564$573,85,521,81,90.00,28.83,13.61,5519,159116.00
673,673,,*MANUAL*,80,404,89,118.00,63.79,22.68,1365,87071.00
674,674,,*MANUAL*,82,372,88,145.00,53.50,21.42,1357,72600.00
675,675,,*MANUAL*$576$560,85,497,57,86.00,25.47,13.23,6671,169919.00
676,676,,*MANUAL*,81,327,60,133.00,42.77,21.47,2947,126054.00
677,677,,*MANUAL*,41,1236,53,93.00,30.55,14.97,2905,88750.00
678,678,,*MANUAL*$36$28,36,1141,64,60.00,22.75, 9.22,4904,111570.00
679,679,,*MANUAL*$80$63,41,1094,50,53.00,19.17, 7.01,3921,75155.00
680,680,,*MANUAL*$34$17,36,956,51,52.00,18.46, 6.22,3762,69456.00
681,681,,*MANUAL*$95$87,44,876,85,61.00,20.30, 7.56,3758,76277.00
682,682,*NOUSE*,*NOUSE*,0,0,0,0,0,0,0,0
683,683,,*MANUAL*$140$128,50,558,76,107.00,30.42,16.90,9075,276041.00
684,684,,*MANUAL*$143$119,47,461,75,69.00,23.11,10.28,6434,148708.00
685,685,,*MANUAL*$108$107,50,550,52,130.00,35.36,20.17,10337,365493.00
686,686,,*MANUAL*$66$81,41,643,59,47.00,19.49, 6.94,4206,81976.00
687,687,,*MANUAL*$127$126,47,495,58,62.00,22.04, 9.36,6110,134645.00
688,688,,*MANUAL*,49,312,60,79.00,34.27,12.68,1365,46773.00
689,689,,*MANUAL*,48,370,91,145.00,62.00,23.66,1278,79230.00
690,690,,*MANUAL*$147$145,50,428,90,111.00,35.47,20.56,4960,175908.00
691,691,,*MANUAL*$69$62,43,658,86,82.00,26.39,11.39,4296,113351.00
692,692,,*MANUAL*,44,824,93,76.00,35.20,12.26,1355,47698.00
693,693,,*MANUAL*,53,820,99,87.00,55.17,11.35,895,49373.00
694,694,,*MANUAL*,85,725,80,66.00,24.43,10.49,2969,72538.00
695,695,,*MANUAL*,43,1035,92,83.00,38.24,11.99,1365,52200.00
696,696,,*MANUAL*$349$254,57,1022,86,43.00,16.79, 5.37,2862,48065.00
697,697,,*MANUAL*$351$366,63,922,86,57.00,18.73, 7.51,3034,56830.00
698,698,,*MANUAL*$323$294,61,612,78,42.00,17.74, 6.10,4018,71296.00
699,699,,*MANUAL*$367$368$378,66,402,92,92.00,31.18,15.20,4353,135737.00
700,700,,*MANUAL*$358$363,64,1038,47,50.00,17.15, 5.90,3513,60258.00
701,701,*NOUSE*,*NOUSE*,0,0,0,0,0,0,0,0
702,702,,*MANUAL*$292$701,61,951,46,50.00,18.33, 6.75,4522,82881.00
703,703,,*MANUAL*$385$384,68,568,50,69.00,19.40, 7.72,6790,131754.00
704,704,*NOUSE*,*NOUSE*,0,0,0,0,0,0,0,0
705,705,,*MANUAL*$704$307,61,456,59,77.00,23.63,10.22,7662,181090.00
706,706,,*MANUAL*$224$247,58,402,59,87.00,28.25,13.43,6710,189533.00
707,707,,*MANUAL*$485$402$434,75,799,87,59.00,22.52, 8.13,7701,173389.00
708,708,*NOUSE*,*NOUSE*,0,0,0,0,0,0,0,0
709,709,,*MANUAL*$278$250$708,59,764,84,95.00,23.48,11.29,9352,219557.00
710,710,,*MANUAL*,75,362,91,222.00,114.39,34.76,1362,155795.00
711,711,,*MANUAL*,64,356,91,208.00,118.98,32.90,1365,162407.00
712,712,,*MANUAL*,74,342,91,190.00,108.74,33.85,1227,133421.00
713,713,,*MANUAL*,66,336,87,182.00,101.67,31.09,1365,138777.00
714,714,,*MANUAL*,58,370,95,178.00,107.81,27.64,1365,147163.00
715,715,,*MANUAL*,55,359,68,150.00,83.59,27.15,1365,114106.00
716,716,,*MANUAL*,70,361,69,168.00,91.57,20.41,895,81953.00
717,717,,*MANUAL*,77,286,67,220.00,114.76,32.44,1365,156643.00
718,718,,*MANUAL*,72,275,59,224.00,115.76,35.09,1365,158016.00
719,719,,*MANUAL*,71,260,71,208.00,115.88,38.32,1337,154926.00
720,720,,*MANUAL*,71,237,77,196.00,115.13,27.96,1365,157156.00
721,721,,*MANUAL*,54,303,72,177.00,110.38,16.46,895,98794.00
722,722,,*MANUAL*,55,307,84,193.00,105.80,28.56,895,94688.00
723,723,,*MANUAL*,55,288,66,210.00,128.29,29.18,883,113277.00
724,724,,*MANUAL*,55,282,75,214.00,126.29,28.20,895,113034.00
725,725,,*MANUAL*,60,261,72,194.00,125.55,28.37,895,112365.00
726,726,,*MANUAL*,68,316,72,165.00,105.48,25.04,1365,143985.00
727,727,,*MANUAL*,70,321,53,157.00,92.14,20.25,1365,125770.00
728,728,,*MANUAL*,72,335,65,162.00,99.97,26.89,895,89475.00
729,729,,*MANUAL*,63,339,57,177.00,108.84,20.34,895,97416.00
730,730,,*MANUAL*,57,322,60,162.00,85.20,23.23,1365,116298.00
731,731,,*MANUAL*,66,219,82,153.00,73.29,30.02,2103,154125.00
732,732,,*MANUAL*,66,202,79,155.00,88.30,24.47,1365,120523.00
733,733,,*MANUAL*,67,170,78,174.00,94.71,29.03,1314,124451.00
734,734,,*MANUAL*,61,175,69,199.00,83.32,31.63,2103,175223.00
735,735,,*MANUAL*$347$346,66,132,74,167.00,48.35,34.35,5013,242364.00
736,736,,*MANUAL*,82,1233,41,139.00,77.05,20.18,1365,105168.00
737,737,,*MANUAL*,67,1238,45,141.00,77.60,18.86,895,69448.00
738,738,,*MANUAL*,63,1246,81,155.00,90.78,20.16,823,74708.00
739,739,,*MANUAL*,53,1237,56,154.00,82.16,28.55,1365,112154.00
740,740,,*MANUAL*,56,1252,83,159.00,94.21,28.21,1365,128594.00
741,741,,*MANUAL*,69,1256,90,157.00,95.56,23.28,1365,130434.00
742,742,,*MANUAL*$439$409,71,1268,41,124.00,44.52,24.72,4818,214506.00
743,743,,*MANUAL*,59,1267,43,177.00,95.00,23.23,895,85023.00
744,744,,*MANUAL*,55,1313,73,181.00,110.54,27.72,895,98934.00
745,745,,*MANUAL*,79,1329,71,203.00,103.38,31.41,1365,141112.00
746,746,,*MANUAL*,63,1329,51,160.00,96.74,23.71,895,86579.00
747,747,,*MANUAL*,74,1330,55,203.00,105.40,24.60,895,94330.00
748,748,,*MANUAL*,58,1324,86,175.00,94.76,25.57,797,75525.00
749,749,,*MANUAL*,71,1320,85,178.00,116.58,21.86,895,104338.00
750,750,,*MANUAL*,60,1345,59,127.00,77.36,16.73,1365,105602.00
751,751,,*MANUAL*$348$333,65,1342,79,138.00,59.68,23.80,4514,269409.00
752,752,,*MANUAL*,76,1343,62,126.00,78.25,15.36,1365,106811.00
753,753,,*MANUAL*,64,1547,45,223.00,146.36,36.60,879,128652.00
754,754,,*MANUAL*,53,1541,52,193.00,89.63,26.05,895,80218.00
755,755,,*MANUAL*,71,1543,52,176.00,102.61,28.08,895,91837.00
756,756,,*MANUAL*,48,1543,68,199.00,91.33,31.23,895,81739.00
757,757,,*MANUAL*,78,1544,70,214.00,133.42,29.77,886,118212.00
758,758,,*MANUAL*$405$400,68,1544,91,182.00,65.86,33.34,5410,356321.00
759,759,,*MANUAL*,45,1552,81,233.00,130.08,37.87,886,115251.00
760,760,,*MANUAL*,54,1554,77,249.00,149.84,37.01,895,134111.00
761,761,,*MANUAL*,78,1551,84,244.00,158.04,35.22,880,139072.00
762,762,,*MANUAL*,70,1555,78,242.00,163.13,38.97,895,145998.00
763,763,,*MANUAL*,60,1567,49,247.00,191.11,33.66,485,92689.00
764,764,,*MANUAL*,70,1569,51,244.00,182.38,26.79,485,88453.00
765,765,,*MANUAL*,49,1568,66,210.00,125.69,37.75,865,108725.00
766,766,,*MANUAL*,76,1568,72,241.00,157.97,43.86,869,137272.00
767,767,,*MANUAL*,72,1568,80,236.00,146.52,38.88,485,71064.00
768,768,,*MANUAL*,54,1568,81,217.00,137.31,35.54,485,66593.00
769,769,,*MANUAL*,62,1566,88,163.00,94.63,22.99,895,84694.00
770,770,,*MANUAL*,74,1561,58,174.00,108.95,22.65,895,97513.00
771,771,,*MANUAL*,51,1565,57,189.00,99.37,27.78,895,88936.00
772,772,,*MANUAL*,73,1694,82,196.00,88.30,44.36,1365,120529.00
773,773,,*MANUAL*,74,1673,81,234.00,106.18,50.41,1365,144934.00
774,774,,*MANUAL*,73,1652,79,230.00,133.12,41.09,867,115417.00
775,775,,*MANUAL*$396$413,71,1608,70,177.00,60.90,35.95,3365,204924.00
776,776,,*MANUAL*,73,1629,78,202.00,105.56,31.95,895,94478.00
777,777,,*MANUAL*,68,1644,83,149.00,80.88,22.37,895,72386.00
778,778,,*MANUAL*,56,1653,85,148.00,73.59,18.01,887,65273.00
779,779,,*MANUAL*,52,1701,83,182.00,96.28,28.86,895,86167.00
780,780,,*MANUAL*,52,1684,82,202.00,109.00,31.53,895,97553.00
781,781,,*MANUAL*,51,1662,81,187.00,120.43,27.62,895,107789.00
782,782,,*MANUAL*$197$157,52,1613,68,149.00,52.39,27.70,4707,246584.00
783,783,,*MANUAL*$317$304,62,1719,58,144.00,44.63,29.92,4851,216485.00
784,784,,*MANUAL*,63,1689,54,233.00,126.26,37.67,895,113006.00
785,785,,*MANUAL*,63,1674,54,213.00,113.95,34.37,895,101986.00
786,786,,*MANUAL*,63,1652,52,216.00,123.48,36.65,852,105201.00
787,787,,*MANUAL*,63,1613,47,164.00,82.89,36.97,895,74187.00
788,788,,*MANUAL*,67,1601,51,154.00,82.56,22.40,895,73890.00
789,789,,*MANUAL*,56,1648,56,130.00,65.86,20.63,895,58941.00
790,790,,*MANUAL*,43,1316,68,158.00,94.57,19.73,1353,127956.00
791,791,,*MANUAL*,38,1327,72,156.00,89.75,19.48,1365,122508.00
792,792,*NOUSE*,*NOUSE*,0,0,0,0,0,0,0,0
793,793,,*MANUAL*,39,1420,77,185.00,104.19,29.77,1359,141594.00
794,794,,*MANUAL*,39,1346,59,157.00,96.50,20.23,1365,131719.00
795,795,,*MANUAL*,46,1344,47,157.00,94.33,23.93,1365,128756.00
796,796,,*MANUAL*,43,1411,57,154.00,87.86,22.30,1365,119928.00
797,797,,*MANUAL*,50,1422,44,192.00,112.96,24.64,893,100871.00
798,798,,*MANUAL*,54,1416,53,188.00,112.00,23.34,895,100239.00
799,799,,*MANUAL*,50,1420,70,191.00,100.26,26.58,1365,136855.00
800,800,,*MANUAL*,38,1366,74,142.00,70.69,21.69,2103,148660.00
801,801,,*MANUAL*,46,1356,66,152.00,92.18,20.24,1365,125824.00
802,802,,*MANUAL*,41,1368,54,137.00,75.18,20.45,2103,158100.00
803,803,,*MANUAL*,51,1354,53,161.00,106.47,17.80,895,95287.00
804,804,,*MANUAL*,90,1328,78,204.00,118.21,32.69,895,105802.00
805,805,,*MANUAL*,92,1358,81,186.00,106.87,34.54,1365,145873.00
806,806,,*MANUAL*,91,1361,68,214.00,134.26,32.05,895,120166.00
807,807,,*MANUAL*,90,1342,64,176.00,100.17,30.64,1365,136729.00
808,808,,*MANUAL*,88,1355,54,218.00,118.61,36.76,1365,161905.00
809,809,,*MANUAL*,87,1396,48,204.00,123.26,37.23,895,110317.00
810,810,,*MANUAL*,85,1410,54,190.00,111.18,27.33,1354,150533.00
811,811,,*MANUAL*,89,1460,61,211.00,108.20,40.30,1327,143583.00
812,812,,*MANUAL*,85,1434,52,210.00,133.08,29.30,881,117240.00
813,813,,*MANUAL*,76,1410,44,155.00,94.53,32.35,1365,129038.00
814,814,,*MANUAL*,79,1442,58,231.00,140.08,37.92,1353,189527.00
815,815,,*MANUAL*,79,1395,58,193.00,106.33,27.44,1365,145140.00
816,816,,*MANUAL*,81,1369,59,205.00,112.20,32.45,895,100422.00
817,817,,*MANUAL*,81,1430,71,213.00,128.30,31.89,1329,170515.00
818,818,,*MANUAL*,83,1351,72,207.00,119.56,27.63,1365,163201.00
819,819,,*MANUAL*,67,1437,35,185.00,119.59,34.44,895,107034.00
820,820,,*MANUAL*,56,1438,85,221.00,128.17,32.69,895,114708.00
821,821,,*MANUAL*,73,1441,87,219.00,138.46,41.08,867,120046.00
822,822,,*MANUAL*,78,1437,79,225.00,150.76,28.27,895,134929.00
823,823,,*MANUAL*,76,1389,102,193.00,123.91,23.33,892,110527.00
824,824,,*MANUAL*,46,1389,99,178.00,102.98,22.15,895,92170.00
825,825,,*MANUAL*,46,1428,92,193.00,120.88,24.30,895,108190.00
826,826,,*MANUAL*,46,1412,85,188.00,121.78,27.99,895,108990.00
827,827,,*MANUAL*,80,1417,88,230.00,148.57,28.11,869,129109.00
828,828,,*MANUAL*,55,1420,93,243.00,164.26,21.69,485,79668.00
829,829,,*MANUAL*,73,1422,91,228.00,175.61,22.46,485,85169.00
830,830,,*MANUAL*,64,1422,93,207.00,158.72,17.28,485,76981.00
831,831,,*MANUAL*,68,1402,96,211.00,132.55,26.27,895,118636.00
832,832,,*MANUAL*,61,1405,87,209.00,142.84,22.48,895,127838.00
833,833,,*MANUAL*,75,1402,86,185.00,123.49,20.51,895,110525.00
834,834,,*MANUAL*,56,1387,87,199.00,137.28,21.11,895,122865.00
835,835,,*MANUAL*,68,1385,91,229.00,145.90,27.92,895,130583.00
836,836,,*MANUAL*,50,1399,89,200.00,119.34,27.83,895,106810.00
837,837,,*MANUAL*,45,1383,83,172.00,116.96,21.24,895,104678.00
838,838,,*MANUAL*,82,1389,92,192.00,134.56,25.63,895,120430.00
839,839,,*MANUAL*,76,1373,90,210.00,118.95,31.42,895,106464.00
840,840,,*MANUAL*,61,1378,101,178.00,106.66,25.97,895,95463.00
841,841,,*MANUAL*$310$325,59,1341,100,151.00,61.49,24.17,3358,206487.00
842,842,,*MANUAL*$187$249,55,1370,82,162.00,58.97,30.30,4252,250760.00
843,843,,*MANUAL*,55,1351,87,90.00,43.61,13.89,2103,91709.00
844,844,,*MANUAL*,53,1330,87,185.00,113.55,24.70,785,89140.00
845,845,,*MANUAL*,46,1325,84,229.00,111.89,25.33,895,100140.00
846,846,,*MANUAL*,71,1341,92,203.00,142.19,28.36,893,126975.00
847,847,,*MANUAL*,78,1351,89,178.00,116.38,22.61,895,104159.00
848,848,,*MANUAL*,81,1335,91,183.00,120.06,21.58,895,107452.00
849,849,,*MANUAL*,64,1315,104,213.00,145.98,29.51,889,129775.00
850,850,,*MANUAL*,56,1307,103,201.00,117.01,26.24,895,104725.00
851,851,,*MANUAL*,74,1307,105,218.00,143.59,28.69,895,128515.00
852,852,,*MANUAL*,65,1293,108,167.00,95.62,22.36,823,78695.00
853,853,*NOUSE*,*NOUSE*,0,0,0,0,0,0,0,0
854,854,,*MANUAL*,71,1277,108,176.00,104.83,29.63,895,93826.00
855,855,,*MANUAL*,63,1260,113,144.00,80.80,20.23,895,72319.00
856,856,,*MANUAL*,59,1272,106,170.00,104.11,24.09,895,93181.00
857,857,,*MANUAL*,64,1242,104,154.00,103.20,15.37,895,92368.00
858,858,,*MANUAL*,42,1501,80,202.00,129.69,25.23,895,116069.00
859,859,,*MANUAL*,37,1504,60,189.00,117.99,26.63,895,105603.00
860,860,,*MANUAL*,48,1505,55,184.00,120.48,20.91,895,107830.00
861,861,,*MANUAL*,51,1508,41,230.00,149.04,33.14,813,121167.00
862,862,,*MANUAL*,81,1480,65,209.00,107.29,41.88,895,96025.00
863,863,,*MANUAL*,79,1509,56,228.00,137.91,27.35,895,123429.00
864,864,,*MANUAL*,79,1508,43,242.00,145.40,42.61,879,127803.00
865,865,,*MANUAL*,87,1498,62,240.00,140.31,44.01,895,125578.00
866,866,,*MANUAL*,86,1486,77,213.00,133.77,25.96,843,112770.00
867,867,,*MANUAL*,58,1476,93,216.00,143.38,24.02,895,128328.00
868,868,,*MANUAL*,69,1478,94,223.00,157.20,25.12,895,140692.00
869,869,,*MANUAL*,75,1494,92,252.00,150.21,38.18,895,134435.00
870,870,,*MANUAL*,64,1490,91,243.00,162.86,32.29,895,145759.00
871,871,,*MANUAL*,57,1503,90,218.00,142.90,29.78,895,127893.00
872,872,,*MANUAL*,53,1511,98,209.00,119.52,27.66,889,106254.00
873,873,,*MANUAL*,46,1511,89,215.00,129.04,28.79,895,115495.00
874,874,,*MANUAL*,88,1548,72,228.00,142.94,42.19,895,127935.00
875,875,,*MANUAL*,83,1609,76,239.00,132.42,45.22,895,118520.00
876,876,,*MANUAL*,82,1582,53,213.00,137.76,32.99,895,123294.00
877,877,,*MANUAL*,84,1524,56,236.00,137.15,46.94,895,122749.00
878,878,,*MANUAL*,77,1523,45,234.00,149.37,38.37,895,133685.00
879,879,,*MANUAL*,36,1552,69,189.00,120.82,27.53,895,108133.00
880,880,,*MANUAL*,41,1569,81,185.00,123.53,26.46,839,103640.00
881,881,,*MANUAL*,37,1574,74,177.00,110.68,29.80,895,99060.00
882,882,,*MANUAL*,43,1586,78,189.00,127.12,24.34,895,113771.00
883,883,,*MANUAL*,39,1600,73,213.00,114.09,23.57,895,102110.00
884,884,,*MANUAL*,42,1526,53,204.00,118.58,31.00,885,104943.00
885,885,,*MANUAL*,45,1516,50,238.00,144.11,35.70,895,128981.00
886,886,,*MANUAL*,67,1477,38,220.00,134.40,32.52,895,120290.00
887,887,,*MANUAL*,70,1490,40,220.00,148.06,27.45,895,132518.00
888,888,,*MANUAL*,56,1485,40,216.00,138.48,26.84,895,123939.00
889,889,,*MANUAL*,58,1503,39,232.00,159.12,29.93,895,142410.00
890,890,,*MANUAL*,69,1507,40,237.00,162.19,31.09,895,145163.00
891,891,,*MANUAL*$319$230,60,1774,57,160.00,35.82,25.26,6107,218756.00
892,892,,*MANUAL*,55,1636,41,221.00,133.68,32.51,657,87829.00
893,893,,*MANUAL*,63,1636,37,214.00,104.90,31.77,1365,143183.00
894,894,,*MANUAL*,62,1602,33,156.00,87.64,26.86,1365,119622.00
895,895,,*MANUAL*,62,1506,28,104.00,40.76,17.32,895,36477.00
896,896,,*MANUAL*$372$362,66,1404,27,113.00,39.53,17.51,4092,161757.00
897,897,,*MANUAL*,65,1718,96,168.00,79.29,37.69,1365,108236.00
898,898,,*MANUAL*,68,1685,95,209.00,112.34,36.90,895,100547.00
899,899,,*MANUAL*,67,1647,97,210.00,105.94,43.71,895,94812.00
900,900,,*MANUAL*,67,1622,95,242.00,143.56,43.87,895,128486.00
901,901,,*MANUAL*,58,1699,97,149.00,79.48,26.82,895,71132.00
902,902,,*MANUAL*,56,1664,97,223.00,121.15,40.09,852,103223.00
903,903,,*MANUAL*,55,1634,95,214.00,140.00,37.40,895,125302.00
904,904,,*MANUAL*,57,1615,93,245.00,151.27,40.85,895,135384.00
905,905,,*MANUAL*,62,1672,100,211.00,81.18,33.57,1365,110808.00
906,906,,*MANUAL*,61,1597,97,132.00,68.77,19.97,1365,93866.00
907,907,,*MANUAL*$361$313,62,1523,109,127.00,44.38,21.43,6097,270593.00
908,908,,*MANUAL*,89,1423,64,188.00,109.93,33.43,1365,150058.00
909,909,,*MANUAL*$612$578,88,1581,65,150.00,47.99,29.08,4146,198970.00
910,910,,*MANUAL*,94,1464,71,140.00,47.43,21.85,1365,64739.00
911,911,,*MANUAL*$588$594,89,1332,51,136.00,50.99,25.13,4456,227191.00
912,912,,*MANUAL*$151$125,50,1327,43,135.00,49.10,20.91,3014,147991.00
913,913,,*MANUAL*,78,1629,90,152.00,71.30,29.18,1365,97318.00
914,914,,*MANUAL*,45,711,79,72.00,26.65,10.56,2077,55362.00
915,915,,*MANUAL*,52,708,90,90.00,47.35,11.57,1365,64627.00
916,916,,*MANUAL*,78,1487,82,228.00,153.35,29.12,895,137244.00
917,917,,*MANUAL*,71,1447,51,238.00,160.13,35.11,895,143314.00
918,918,,*MANUAL*,60,1447,50,227.00,144.19,35.39,879,126742.00
919,919,,*MANUAL*,56,1291,104,176.00,95.75,26.09,1365,130695.00
920,920,f1,*MANUAL*,63,1471,59,22.00, 6.20, 3.48,895,5545.00
921,921,f2,*MANUAL*,63,1448,58,151.00,26.10,23.89,895,23360.00
922,922,f3,*MANUAL*,63,1421,60,58.00,20.59, 7.29,895,18431.00
923,923,f4,*MANUAL*,65,1399,57,44.00,18.67, 6.91,895,16710.00
924,924,f5,*MANUAL*,65,1379,57,44.00,14.87, 5.55,895,13313.00
925,925,f6,*MANUAL*,66,1287,58,26.00, 3.93, 3.49,895,3513.00
926,926,f7,*MANUAL*,65,1265,56,36.00,10.23, 5.86,895,9157.00
927,927,f8,*MANUAL*,64,1243,65,93.00,19.20,16.97,895,17186.00
928,928,f9,*MANUAL*,65,1212,59,15.00, 0.70, 1.33,895,625.00
929,929,f10,*MANUAL*,66,1181,53,16.00, 1.26, 1.96,895,1125.00
