0,0,*NOUSE*,*NOUSE*,0,0,0,0,0,0,0,0
1,1,*NOUSE*,*NOUSE*,0,0,0,0,0,0,0,0
2,2,*NOUSE*,*NOUSE*,0,0,0,0,0,0,0,0
3,3,*NOUSE*,*NOUSE*,0,0,0,0,0,0,0,0
4,4,*NOUSE*,*NOUSE*,0,0,0,0,0,0,0,0
5,5,,,52,1398,48,151.00,57.37,28.26,2884,165459
6,6,,,47,1280,64,195.00,106.54,29.30,592,63074
7,7,,,50,1384,92,134.00,54.88,19.99,2739,150309
8,8,,,54,1142,102,155.00,47.49,31.83,5428,257783
9,9,*NOUSE*,*NOUSE*,0,0,0,0,0,0,0,0
10,10,*NOUSE*,*NOUSE*,0,0,0,0,0,0,0,0
11,11,*NOUSE*,*NOUSE*,0,0,0,0,0,0,0,0
12,12,*NOUSE*,*NOUSE*,0,0,0,0,0,0,0,0
13,13,*NOUSE*,*NOUSE*,0,0,0,0,0,0,0,0
14,14,*NOUSE*,*NOUSE*,0,0,0,0,0,0,0,0
15,15,,,53,1278,51,180.00,126.18,25.44,573,72302
16,16,*NOUSE*,*NOUSE*,0,0,0,0,0,0,0,0
17,17,,,56,1466,95,133.00,64.09,22.87,2295,147088
18,18,*NOUSE*,*NOUSE*,0,0,0,0,0,0,0,0
19,19,*NOUSE*,*NOUSE*,0,0,0,0,0,0,0,0
20,20,*NOUSE*,*NOUSE*,0,0,0,0,0,0,0,0
21,21,*NOUSE*,*NOUSE*,0,0,0,0,0,0,0,0
22,22,*NOUSE*,*NOUSE*,0,0,0,0,0,0,0,0
23,23,,,60,864,52,129.00,42.49,26.99,4952,210387
24,24,*NOUSE*,*NOUSE*,0,0,0,0,0,0,0,0
25,25,*NOUSE*,*NOUSE*,0,0,0,0,0,0,0,0
26,26,*NOUSE*,*NOUSE*,0,0,0,0,0,0,0,0
27,27,,,59,1436,100,137.00,63.90,25.94,2956,188896
28,28,,,61,1089,106,153.00,51.01,31.53,3909,199400
29,29,*NOUSE*,*NOUSE*,0,0,0,0,0,0,0,0
30,30,*NOUSE*,*NOUSE*,0,0,0,0,0,0,0,0
31,31,*NOUSE*,*NOUSE*,0,0,0,0,0,0,0,0
32,32,*NOUSE*,*NOUSE*,0,0,0,0,0,0,0,0
33,33,,,60,594,51,125.00,55.41,23.01,1900,105286
34,34,,,59,1513,57,151.00,68.47,24.74,1561,106874
35,35,,,57,806,58,132.00,71.84,19.89,629,45186
36,36,*NOUSE*,*NOUSE*,0,0,0,0,0,0,0,0
37,37,*NOUSE*,*NOUSE*,0,0,0,0,0,0,0,0
38,38,,,60,903,106,140.00,70.24,22.28,1419,99670
39,39,*NOUSE*,*NOUSE*,0,0,0,0,0,0,0,0
40,40,,,59,1473,52,146.00,78.19,26.78,1070,83666
41,41,,,58,653,54,111.00,68.87,17.89,605,41667
42,42,,,60,1407,58,159.00,97.73,24.16,778,76037
43,43,*NOUSE*,*NOUSE*,0,0,0,0,0,0,0,0
44,44,*NOUSE*,*NOUSE*,0,0,0,0,0,0,0,0
45,45,*NOUSE*,*NOUSE*,0,0,0,0,0,0,0,0
46,46,,,62,510,53,116.00,58.90,24.78,1535,90406
47,47,,,62,389,55,122.00,55.41,21.14,1619,89702
48,48,*NOUSE*,*NOUSE*,0,0,0,0,0,0,0,0
49,49,*NOUSE*,*NOUSE*,0,0,0,0,0,0,0,0
50,50,,,64,425,90,158.00,56.28,27.80,2560,144079
51,51,*NOUSE*,*NOUSE*,0,0,0,0,0,0,0,0
52,52,,,62,812,107,119.00,68.15,17.20,832,56702
53,53,,,64,962,109,145.00,59.43,29.82,1773,105367
54,54,,,67,870,109,155.00,50.65,32.05,2689,136207
55,55,,,63,445,50,131.00,69.03,20.52,1063,73384
56,56,*NOUSE*,*NOUSE*,0,0,0,0,0,0,0,0
57,57,,,65,655,101,134.00,65.70,25.90,1732,113797
58,58,*NOUSE*,*NOUSE*,0,0,0,0,0,0,0,0
59,59,*NOUSE*,*NOUSE*,0,0,0,0,0,0,0,0
60,60,*NOUSE*,*NOUSE*,0,0,0,0,0,0,0,0
61,61,*NOUSE*,*NOUSE*,0,0,0,0,0,0,0,0
62,62,,,67,537,100,154.00,64.42,23.39,1331,85746
63,63,*NOUSE*,*NOUSE*,0,0,0,0,0,0,0,0
64,64,*NOUSE*,*NOUSE*,0,0,0,0,0,0,0,0
65,65,*NOUSE*,*NOUSE*,0,0,0,0,0,0,0,0
66,66,,,72,224,61,108.00,52.54,23.89,1790,94055
67,67,,,71,1405,89,196.00,98.94,29.47,1464,144843
68,68,*NOUSE*,*NOUSE*,0,0,0,0,0,0,0,0
69,69,*NOUSE*,*NOUSE*,0,0,0,0,0,0,0,0
70,70,,,75,285,54,148.00,59.41,33.26,2389,141929
71,71,*NOUSE*,*NOUSE*,0,0,0,0,0,0,0,0
72,72,,,73,256,57,145.00,93.40,20.28,518,48380
73,73,*NOUSE*,*NOUSE*,0,0,0,0,0,0,0,0
74,74,*NOUSE*,*NOUSE*,0,0,0,0,0,0,0,0
75,75,,,77,570,48,160.00,46.26,30.59,3485,161201
76,76,*NOUSE*,*NOUSE*,0,0,0,0,0,0,0,0
77,77,,,78,484,48,134.00,50.48,27.72,2299,116057
78,78,,,77,1135,105,186.00,109.47,30.32,760,83198
79,79,*NOUSE*,*NOUSE*,0,0,0,0,0,0,0,0
80,80,*NOUSE*,*NOUSE*,0,0,0,0,0,0,0,0
81,81,*NOUSE*,*NOUSE*,0,0,0,0,0,0,0,0
82,82,*NOUSE*,*NOUSE*,0,0,0,0,0,0,0,0
83,83,*NOUSE*,*NOUSE*,0,0,0,0,0,0,0,0
84,84,,,81,791,52,154.00,56.77,33.20,3189,181042
85,85,*NOUSE*,*NOUSE*,0,0,0,0,0,0,0,0
86,86,*NOUSE*,*NOUSE*,0,0,0,0,0,0,0,0
87,87,*NOUSE*,*NOUSE*,0,0,0,0,0,0,0,0
88,88,*NOUSE*,*NOUSE*,0,0,0,0,0,0,0,0
89,89,,,83,426,85,138.00,60.82,24.85,2365,143848
90,90,*NOUSE*,*NOUSE*,0,0,0,0,0,0,0,0
91,91,,,82,1205,101,192.00,80.51,35.06,2344,188713
92,92,*NOUSE*,*NOUSE*,0,0,0,0,0,0,0,0
93,93,,,85,1098,103,176.00,58.84,34.74,3979,234123
94,94,*NOUSE*,*NOUSE*,0,0,0,0,0,0,0,0
95,95,,,83,989,109,172.00,62.08,30.85,2470,153341
96,96,,,83,887,48,149.00,69.19,27.48,2348,162467
97,97,,,84,707,50,154.00,59.09,30.10,2570,151854
98,98,,,85,838,52,184.00,67.32,30.53,2649,178336
99,99,,,84,759,101,158.00,70.29,27.94,1300,91374
100,100,,,85,881,107,153.00,62.11,31.22,1950,121109
101,101,*NOUSE*,*NOUSE*,0,0,0,0,0,0,0,0
102,102,*NOUSE*,*NOUSE*,0,0,0,0,0,0,0,0
103,103,*NOUSE*,*NOUSE*,0,0,0,0,0,0,0,0
104,104,*NOUSE*,*NOUSE*,0,0,0,0,0,0,0,0
105,105,*NOUSE*,*NOUSE*,0,0,0,0,0,0,0,0
106,106,*NOUSE*,*NOUSE*,0,0,0,0,0,0,0,0
107,107,*NOUSE*,*NOUSE*,0,0,0,0,0,0,0,0
108,108,,,87,1470,53,163.00,71.58,31.27,2559,183175
109,109,*NOUSE*,*NOUSE*,0,0,0,0,0,0,0,0
110,110,,,86,1256,99,212.00,130.53,29.86,1415,184703
111,111,*NOUSE*,*NOUSE*,0,0,0,0,0,0,0,0
112,112,*NOUSE*,*NOUSE*,0,0,0,0,0,0,0,0
113,113,,,87,817,105,155.00,69.07,25.83,1733,119702
114,114,*NOUSE*,*NOUSE*,0,0,0,0,0,0,0,0
115,115,*NOUSE*,*NOUSE*,0,0,0,0,0,0,0,0
116,116,,,89,1148,98,176.00,54.40,35.33,4111,223637
117,117,*NOUSE*,*NOUSE*,0,0,0,0,0,0,0,0
118,118,*NOUSE*,*NOUSE*,0,0,0,0,0,0,0,0
119,119,*NOUSE*,*NOUSE*,0,0,0,0,0,0,0,0
120,120,,,89,1385,47,206.00,83.78,36.40,2258,189186
121,121,*NOUSE*,*NOUSE*,0,0,0,0,0,0,0,0
122,122,*NOUSE*,*NOUSE*,0,0,0,0,0,0,0,0
123,123,,,93,1224,59,169.00,85.00,27.35,2403,204258
124,124,,,93,1495,87,200.00,65.54,36.79,4946,324158
125,125,,,92,1299,93,169.00,70.46,34.54,2940,207154
126,126,*NOUSE*,*NOUSE*,0,0,0,0,0,0,0,0
127,127,*NOUSE*,*NOUSE*,0,0,0,0,0,0,0,0
128,128,,,93,1377,89,176.00,66.42,35.75,4254,282542
129,129,,,90,1463,94,153.00,81.17,26.93,2290,185872
130,130,*NOUSE*,*NOUSE*,0,0,0,0,0,0,0,0
131,131,,,92,1494,59,189.00,68.21,32.94,2479,169083
132,132,*NOUSE*,*NOUSE*,0,0,0,0,0,0,0,0
133,133,*NOUSE*,*NOUSE*,0,0,0,0,0,0,0,0
134,134,,,95,1284,62,208.00,114.10,37.96,1432,163396
135,135,*NOUSE*,*NOUSE*,0,0,0,0,0,0,0,0
136,136,*NOUSE*,*NOUSE*,0,0,0,0,0,0,0,0
137,137,*NOUSE*,*NOUSE*,0,0,0,0,0,0,0,0
138,138,*NOUSE*,*NOUSE*,0,0,0,0,0,0,0,0
139,139,,*MANUAL*$45$20,60,1440,46,155.00,63.23,29.92,2911,184052
140,140,,*MANUAL*$39$25,61,1107,36,138.00,48.72,29.87,3707,180611
141,141,,*MANUAL*$22$26,58,914,49,132.00,60.29,22.62,2402,144816
142,142,,*MANUAL*$24$19,58,752,52,133.00,52.18,25.29,3532,184306
143,143,,*MANUAL*$112$105,86,1423,97,186.00,61.76,33.25,4360,269293
144,144,*NOUSE*,*NOUSE*,0,0,0,0,0,0,0,0
145,145,,*MANUAL*$118$126,86,675,97,153.00,69.56,24.46,1646,114493
146,146,,*MANUAL*$119$130,90,1061,103,182.00,46.47,33.71,3663,170228
147,147,,*MANUAL*$86$85,81,646,51,158.00,52.75,29.07,3288,173435
148,148,,*MANUAL*,70,1311,33,197.00,64.62,36.25,2103,135899
149,149,,*MANUAL*,71,1327,42,212.00,104.97,45.75,902,94680
150,150,,*MANUAL*,66,1334,42,213.00,125.86,38.06,1236,155567
151,151,,*MANUAL*,76,1335,45,227.00,128.97,40.87,1287,165983
152,152,,*MANUAL*,75,1351,45,228.00,134.90,37.30,957,129095
153,153,,*MANUAL*,66,1348,45,210.00,139.47,27.92,1027,143238
154,154,,*MANUAL*,55,1328,52,194.00,83.35,41.90,1365,113767
155,155,,*MANUAL*,54,1342,51,217.00,104.58,44.02,1654,172973
156,156,,*MANUAL*,56,1357,48,201.00,96.28,46.37,1834,176581
157,157,,*MANUAL*,53,1323,66,190.00,99.25,32.53,1105,109670
158,158,,*MANUAL*,55,1336,62,188.00,102.99,27.83,1274,131206
159,159,,*MANUAL*,55,1352,59,188.00,91.81,32.21,2017,185188
160,160,,*MANUAL*,53,1369,52,206.00,89.98,43.09,2057,185092
161,161,,*MANUAL*,47,1385,56,200.00,75.31,40.11,2071,155964
162,162,,*MANUAL*,46,1404,58,196.00,85.91,38.44,2007,172416
163,163,,*MANUAL*,47,1425,60,173.00,71.03,38.55,1733,123103
164,164,,*MANUAL*,52,1474,63,160.00,64.73,33.04,2103,136137
165,165,,*MANUAL*,54,1457,59,155.00,62.28,30.12,2103,130971
166,166,,*MANUAL*,53,1434,57,190.00,85.15,38.59,2044,174052
167,167,,*MANUAL*,53,1416,56,199.00,117.35,41.86,1262,148097
168,168,,*MANUAL*,51,1487,69,153.00,85.25,26.80,1365,116365
169,169,,*MANUAL*,51,1470,80,182.00,77.71,35.63,1677,130328
170,170,,*MANUAL*,51,1450,79,160.00,84.85,31.00,1887,160119
171,171,,*MANUAL*,52,1432,83,185.00,92.86,37.31,1779,165199
172,172,,*MANUAL*,52,1416,84,208.00,87.20,42.98,1763,153737
173,173,,*MANUAL*,45,1408,71,192.00,82.50,38.07,2103,173504
174,174,,*MANUAL*,45,1392,74,175.00,84.62,38.29,2032,171940
175,175,,*MANUAL*,46,1372,78,180.00,91.51,40.61,1336,122262
176,176,,*MANUAL*,44,1369,67,151.00,71.75,32.31,2103,150891
177,177,,*MANUAL*,47,1344,66,183.00,95.88,34.86,2093,200667
178,178,,*MANUAL*,48,1328,76,157.00,86.86,26.84,1626,141229
179,179,,*MANUAL*,48,1356,73,180.00,104.30,27.95,1361,141947
180,180,,*MANUAL*,51,1345,82,192.00,102.07,35.14,1991,203226
181,181,,*MANUAL*,56,1330,83,193.00,115.26,29.36,1980,228216
182,182,,*MANUAL*,53,1314,87,189.00,90.34,42.08,2015,182042
183,183,,*MANUAL*,52,1362,87,182.00,82.63,36.24,1926,159148
184,184,,*MANUAL*,88,1328,55,227.00,111.99,44.01,1105,123748
185,185,,*MANUAL*,86,1345,51,244.00,113.08,57.73,1652,186809
186,186,,*MANUAL*,86,1358,48,239.00,107.41,59.17,2002,215029
187,187,,*MANUAL*,90,1322,66,232.00,105.32,49.99,1851,194951
188,188,,*MANUAL*,87,1339,60,224.00,132.57,39.81,1351,179108
189,189,,*MANUAL*,88,1355,59,232.00,125.45,37.08,1339,167977
190,190,,*MANUAL*,79,1373,40,215.00,93.10,50.63,1959,182384
191,191,,*MANUAL*,58,1376,41,201.00,74.94,42.61,2103,157592
192,192,,*MANUAL*,90,1371,54,241.00,95.15,57.33,2069,196873
193,193,,*MANUAL*,96,1386,57,249.00,94.84,58.78,2102,199347
194,194,,*MANUAL*,93,1407,58,247.00,92.17,67.21,1971,181664
195,195,,*MANUAL*,86,1422,54,249.00,91.71,56.88,1329,121879
196,196,,*MANUAL*,92,1425,57,249.00,116.52,71.66,1908,222328
197,197,,*MANUAL*,89,1445,59,246.00,93.26,51.03,2081,194064
198,198,,*MANUAL*,93,1458,63,208.00,86.35,44.62,2103,181598
199,199,,*MANUAL*,98,1474,69,224.00,88.30,52.96,1991,175815
200,200,,*MANUAL*,97,1466,79,246.00,103.88,57.51,1853,192481
201,201,,*MANUAL*,96,1447,78,236.00,109.25,57.10,1884,205832
202,202,,*MANUAL*,92,1435,83,235.00,119.91,54.49,1784,213911
203,203,,*MANUAL*,94,1415,81,249.00,117.22,64.44,1902,222947
204,204,,*MANUAL*,97,1406,72,250.00,108.73,63.44,2079,226059
205,205,,*MANUAL*,98,1392,74,251.00,119.31,58.01,2017,240653
206,206,,*MANUAL*,97,1372,77,239.00,112.92,58.42,1715,193651
207,207,,*MANUAL*,98,1372,66,217.00,100.34,47.56,2059,206596
208,208,,*MANUAL*,96,1347,65,238.00,112.37,59.91,2069,232487
209,209,,*MANUAL*,94,1334,72,193.00,101.33,39.10,2026,205293
210,210,,*MANUAL*,94,1360,71,216.00,116.46,45.30,2103,244918
211,211,,*MANUAL*,93,1347,80,234.00,131.74,49.04,1926,253740
212,212,,*MANUAL*,87,1333,82,229.00,120.24,41.80,1663,199965
213,213,,*MANUAL*,91,1315,83,233.00,89.38,55.20,2717,242840
214,214,,*MANUAL*,72,1306,95,213.00,108.64,47.84,1967,213690
215,215,,*MANUAL*,63,1318,91,232.00,134.25,40.66,1933,259506
216,216,,*MANUAL*,82,1315,94,213.00,120.47,41.86,2103,253358
217,217,,*MANUAL*,83,1334,90,251.00,170.50,34.75,1330,226760
218,218,,*MANUAL*,59,1339,91,226.00,132.05,44.17,1365,180248
219,219,,*MANUAL*,72,1327,91,240.00,141.08,42.57,2081,293593
220,220,,*MANUAL*,70,1346,90,241.00,137.49,39.28,1851,254490
221,221,,*MANUAL*,60,1358,94,194.00,104.54,38.37,2103,219843
222,222,,*MANUAL*,79,1353,93,239.00,148.09,37.56,1688,249984
223,223,,*MANUAL*,88,1356,86,245.00,108.17,55.17,2103,227474
224,224,,*MANUAL*,70,1604,52,150.00,43.56,36.28,2969,129317
225,225,,*MANUAL*,78,1547,44,201.00,77.40,47.59,1919,148523
226,226,,*MANUAL*,71,1530,44,186.00,81.60,42.52,2057,167848
227,227,,*MANUAL*,81,1519,45,231.00,84.16,60.31,1993,167725
228,228,,*MANUAL*,82,1497,47,232.00,102.49,54.59,1703,174538
229,229,,*MANUAL*,80,1474,46,227.00,95.90,50.16,1829,175392
230,230,*NOUSE*,*NOUSE*,0,0,0,0,0,0,0,0
231,231,,*MANUAL*,68,1506,46,220.00,90.34,53.75,1935,174813
232,232,,*MANUAL*,68,1483,46,229.00,104.58,48.15,1472,153935
233,233,,*MANUAL*,74,1492,42,219.00,73.56,47.63,2103,154687
234,234,,*MANUAL*,73,1463,41,199.00,73.42,37.56,2103,154405
235,235,,*MANUAL*,72,1438,41,168.00,68.38,36.09,2669,182510
236,236,,*MANUAL*,70,1394,34,185.00,63.26,37.24,2092,132341
237,237,,*MANUAL*,71,1358,33,164.00,41.31,29.58,4139,170981
238,238,,*MANUAL*,70,1276,30,131.00,41.10,28.86,2822,115977
239,239,,*MANUAL*,69,1607,89,164.00,55.85,39.65,2969,165832
240,240,,*MANUAL*,70,1583,90,199.00,54.71,43.41,2969,162426
241,241,,*MANUAL*,69,1548,92,229.00,79.61,54.14,1933,153892
242,242,,*MANUAL*,75,1539,93,207.00,96.95,50.08,2103,203880
243,243,,*MANUAL*,82,1522,94,227.00,97.70,55.04,2053,200575
244,244,,*MANUAL*,76,1509,95,243.00,108.83,66.46,1611,175333
245,245,,*MANUAL*,69,1515,97,235.00,105.72,59.04,2103,222319
246,246,,*MANUAL*,68,1483,99,243.00,108.36,51.25,1617,175221
247,247,,*MANUAL*,83,1486,97,251.00,104.67,58.26,1584,165796
248,248,,*MANUAL*,81,1452,98,239.00,82.71,57.87,2103,173935
249,249,,*MANUAL*,76,1488,104,224.00,72.84,48.19,2969,216262
250,250,,*MANUAL*,72,1416,103,165.00,59.84,37.78,2969,177660
251,251,,*MANUAL*,75,1363,101,185.00,62.19,33.88,2969,184640
252,252,,*MANUAL*,69,1338,102,164.00,54.12,32.00,4139,223993
253,253,,*MANUAL*,71,1348,55,206.00,88.63,40.38,2103,186389
254,254,,*MANUAL*,60,1350,73,214.00,98.65,46.19,2103,207458
255,255,,*MANUAL*,80,1346,74,239.00,118.03,51.26,2103,248225
256,256,,*MANUAL*,72,1375,50,225.00,101.46,46.36,2103,213360
257,257,,*MANUAL*,58,1377,79,187.00,98.08,36.73,2103,206261
258,258,,*MANUAL*,85,1372,79,227.00,114.25,45.57,2103,240258
259,259,,*MANUAL*,73,1390,47,228.00,134.69,41.80,1042,140350
260,260,,*MANUAL*,64,1390,50,214.00,89.71,34.05,2103,188665
261,261,,*MANUAL*,81,1388,54,197.00,82.38,40.18,2093,172415
262,262,,*MANUAL*,56,1390,66,197.00,76.31,40.17,2103,160490
263,263,,*MANUAL*,87,1388,70,247.00,97.40,60.06,2101,204644
264,264,,*MANUAL*,79,1386,89,192.00,90.08,38.51,2099,189068
265,265,,*MANUAL*,64,1390,88,163.00,84.96,27.99,2065,175445
266,266,,*MANUAL*,63,1400,76,239.00,126.25,47.54,1204,152007
267,267,,*MANUAL*,55,1395,80,226.00,132.58,37.04,1365,180967
268,268,,*MANUAL*,79,1400,76,252.00,104.93,59.81,1731,181633
269,269,,*MANUAL*,87,1397,81,253.00,128.93,64.50,2103,271134
270,270,,*MANUAL*,61,1411,83,219.00,108.82,44.82,2103,228841
271,271,,*MANUAL*,59,1416,66,239.00,97.27,44.56,2103,204561
272,272,,*MANUAL*,69,1409,51,253.00,150.13,57.59,672,100889
273,273,,*MANUAL*,77,1412,53,254.00,121.00,67.40,1593,192756
274,274,,*MANUAL*,86,1416,67,239.00,87.61,54.67,1694,148418
275,275,,*MANUAL*,83,1413,79,255.00,167.70,59.91,2103,352673
276,276,,*MANUAL*,83,1409,60,254.00,102.17,41.45,2103,214871
277,277,,*MANUAL*,82,1435,78,243.00,116.47,54.04,2073,241447
278,278,,*MANUAL*,61,1434,78,187.00,95.52,37.85,2103,200885
279,279,,*MANUAL*,72,1553,51,176.00,60.84,38.46,2103,127946
280,280,,*MANUAL*,75,1523,53,209.00,70.98,52.76,2103,149265
281,281,,*MANUAL*,75,1502,54,206.00,87.55,46.59,2103,184117
282,282,,*MANUAL*,75,1480,52,211.00,101.67,44.62,1539,156464
283,283,,*MANUAL*,73,1446,53,190.00,70.41,41.85,2097,147649
284,284,,*MANUAL*,63,1561,78,168.00,56.68,36.91,1960,111100
285,285,,*MANUAL*,63,1532,79,222.00,81.35,44.39,1999,162626
286,286,,*MANUAL*,63,1518,81,214.00,88.60,51.11,2103,186335
287,287,,*MANUAL*,62,1494,83,206.00,89.64,43.30,1795,160902
288,288,,*MANUAL*,61,1467,83,152.00,65.99,38.52,2958,195211
289,289,*NOUSE*,*NOUSE*,0,0,0,0,0,0,0,0
290,290,,*MANUAL*,82,1555,75,186.00,65.22,47.56,1990,129780
291,291,,*MANUAL*,85,1528,76,238.00,95.40,60.36,1968,187743
292,292,,*MANUAL*,86,1515,78,245.00,106.18,67.31,2103,223305
293,293,,*MANUAL*,89,1493,80,234.00,91.97,61.70,1567,144118
294,294,,*MANUAL*,86,1466,81,239.00,97.69,49.57,2103,205439
295,295,,*MANUAL*,85,1448,74,190.00,83.04,42.60,2103,174625
296,296,,*MANUAL*,83,1487,83,225.00,94.02,41.16,2096,197059
297,297,,*MANUAL*,79,1459,57,164.00,65.34,28.13,2103,137401
298,298,,*MANUAL*,69,1479,59,165.00,66.44,30.88,2103,139721
299,299,,*MANUAL*,66,1482,85,181.00,75.22,32.85,2969,223320
300,300,,*MANUAL*,61,1452,73,140.00,53.31,30.89,2969,158286
301,301,,*MANUAL*,51,1101,84,163.00,73.96,31.61,2103,155529
302,302,,*MANUAL*,46,1120,88,155.00,75.93,28.40,1920,145790
303,303,,*MANUAL*,43,1146,85,143.00,70.48,26.23,2103,148220
304,304,,*MANUAL*,41,1160,74,151.00,71.56,30.54,2039,145907
305,305,,*MANUAL*,42,1171,81,151.00,84.60,25.20,2103,177916
306,306,,*MANUAL*,42,1190,81,170.00,82.00,33.57,2000,164002
307,307,,*MANUAL*,45,1183,70,189.00,102.14,26.96,1609,164346
308,308,,*MANUAL*,48,1287,79,176.00,82.03,37.11,2103,172506
309,309,,*MANUAL*,48,1271,80,198.00,98.66,38.52,2069,204133
310,310,,*MANUAL*,45,1257,75,140.00,70.89,25.43,2873,203677
311,311,,*MANUAL*,44,1232,83,165.00,90.66,29.70,2077,188304
312,312,,*MANUAL*,44,1213,79,132.00,66.14,19.53,2789,184473
313,313,,*MANUAL*,45,1241,66,134.00,68.47,24.97,2093,143298
314,314,,*MANUAL*,43,1221,61,134.00,67.50,24.93,2743,185158
315,315,,*MANUAL*,42,1196,65,176.00,95.59,33.67,2044,195390
316,316,,*MANUAL*,45,1190,53,194.00,87.81,37.62,1866,163849
317,317,,*MANUAL*,42,1175,58,173.00,83.99,36.54,2011,168905
318,318,,*MANUAL*,46,1298,65,160.00,72.43,35.21,2103,152312
319,319,,*MANUAL*,48,1263,60,157.00,83.33,28.25,1918,159835
320,320,,*MANUAL*,49,1245,53,187.00,82.79,37.83,1865,154397
321,321,,*MANUAL*,52,1223,51,155.00,85.64,29.29,2013,172387
322,322,,*MANUAL*,48,1207,49,202.00,99.05,41.31,1989,197017
323,323,,*MANUAL*,71,1292,36,197.00,99.72,39.90,1908,190265
324,324,,*MANUAL*,59,1289,41,201.00,101.24,31.98,1888,191142
325,325,,*MANUAL*,83,1293,40,214.00,106.88,45.23,1868,199646
326,326,,*MANUAL*,65,1277,42,182.00,98.16,34.95,1932,189650
327,327,,*MANUAL*,77,1278,42,196.00,103.00,36.96,2099,216196
328,328,,*MANUAL*,63,1258,42,135.00,75.30,28.41,2047,154132
329,329,,*MANUAL*,79,1261,43,169.00,81.11,28.42,2093,169761
330,330,,*MANUAL*,63,1238,44,137.00,72.25,21.91,2097,151505
331,331,,*MANUAL*,76,1245,45,159.00,81.94,30.69,2103,172329
332,332,,*MANUAL*,60,1213,47,191.00,95.25,28.00,2081,198213
333,333,,*MANUAL*,78,1224,49,188.00,102.25,34.91,1817,185797
334,334,,*MANUAL*,80,1204,47,229.00,115.60,50.41,1759,203337
335,335,,*MANUAL*,57,1197,43,188.00,95.69,39.90,2049,196078
336,336,,*MANUAL*,56,1236,58,163.00,84.66,27.06,2103,178048
337,337,,*MANUAL*,56,1254,55,166.00,93.31,27.44,1989,185602
338,338,,*MANUAL*,59,1267,52,178.00,94.54,35.44,2103,198812
339,339,,*MANUAL*,57,1270,70,186.00,101.48,37.08,1326,134560
340,340,,*MANUAL*,56,1250,72,142.00,84.20,24.27,2103,177079
341,341,,*MANUAL*,53,1222,70,163.00,89.03,28.81,2059,183322
342,342,,*MANUAL*,50,1205,71,165.00,88.49,28.28,2103,186086
343,343,,*MANUAL*,64,1295,49,215.00,124.70,37.56,1356,169095
344,344,,*MANUAL*,57,1287,58,221.00,100.01,39.11,2103,210322
345,345,,*MANUAL*,77,1295,48,244.00,140.87,47.29,1334,187914
346,346,,*MANUAL*,86,1290,55,242.00,119.37,51.85,1987,237179
347,347,,*MANUAL*,91,1279,52,226.00,93.27,56.67,1935,180478
348,348,,*MANUAL*,83,1272,54,214.00,113.43,39.94,2059,233557
349,349,,*MANUAL*,88,1259,55,208.00,100.43,32.03,1985,199360
350,350,,*MANUAL*,86,1240,59,189.00,112.65,31.58,1311,147684
351,351,,*MANUAL*,85,1210,59,216.00,129.41,32.55,1122,145195
352,352,,*MANUAL*,97,1305,62,203.00,92.87,45.00,2103,195308
353,353,,*MANUAL*,95,1268,63,207.00,96.73,40.31,2097,202838
354,354,,*MANUAL*,92,1248,51,216.00,91.04,51.32,2103,191462
355,355,,*MANUAL*,87,1232,48,202.00,96.11,38.70,2103,202112
356,356,,*MANUAL*,88,1217,47,234.00,123.00,47.71,1354,166547
357,357,,*MANUAL*,87,1275,70,234.00,136.74,40.77,1365,186644
358,358,,*MANUAL*,86,1255,71,229.00,124.85,30.42,1318,164546
359,359,,*MANUAL*,86,1225,68,215.00,116.29,39.47,1365,158741
360,360,,*MANUAL*,86,1209,76,234.00,126.39,33.94,1359,171760
361,361,,*MANUAL*,95,1286,79,239.00,104.20,52.75,2069,215593
362,362,,*MANUAL*,95,1270,80,235.00,121.91,48.23,1897,231271
363,363,,*MANUAL*,98,1256,76,178.00,100.16,30.94,2065,206827
364,364,,*MANUAL*,98,1233,81,221.00,107.97,43.60,2037,219939
365,365,,*MANUAL*,97,1215,81,190.00,75.14,39.22,2969,223104
366,366,,*MANUAL*,96,1243,67,169.00,80.19,36.78,2969,238087
367,367,,*MANUAL*,95,1117,85,234.00,88.57,57.17,2095,185551
368,368,,*MANUAL*,96,1160,84,205.00,100.03,42.23,1998,199863
369,369,,*MANUAL*,97,1174,84,209.00,97.32,49.96,2059,200392
370,370,,*MANUAL*,95,1178,73,229.00,145.52,39.61,1148,167056
371,371,,*MANUAL*,97,1193,80,204.00,98.50,46.53,1981,195133
372,372,,*MANUAL*,97,1190,65,239.00,110.94,51.39,1844,204573
373,373,,*MANUAL*,89,1194,72,229.00,124.34,42.70,2041,253772
374,374,,*MANUAL*,95,1204,65,232.00,112.41,49.59,2087,234592
375,375,,*MANUAL*,88,1192,55,227.00,108.82,45.15,1945,211647
376,376,,*MANUAL*,90,1204,51,240.00,116.09,50.86,2103,244144
377,377,,*MANUAL*,56,1278,92,194.00,100.33,37.79,2026,203265
378,378,,*MANUAL*,57,1265,100,181.00,97.67,33.81,2093,204413
379,379,,*MANUAL*,57,1244,101,178.00,96.88,31.26,2103,203742
380,380,,*MANUAL*,55,1225,97,196.00,92.51,30.91,2103,194544
381,381,,*MANUAL*,60,1220,82,171.00,83.77,30.88,2103,176167
382,382,,*MANUAL*,88,1276,95,247.00,101.63,52.80,2007,203967
383,383,*NOUSE*,*NOUSE*,0,0,0,0,0,0,0,0
384,384,,*MANUAL*,83,1232,99,237.00,118.81,44.33,1859,220861
385,385,,*MANUAL*,83,1216,90,211.00,110.74,39.80,2103,232896
386,386,,*MANUAL*,53,1241,87,217.00,114.40,30.79,1359,155473
387,387,,*MANUAL*,64,1234,86,217.00,138.84,30.43,1226,170219
388,388,,*MANUAL*,74,1230,90,233.00,142.40,36.66,1869,266154
389,389,,*MANUAL*,83,1232,82,211.00,119.83,31.57,2081,249358
390,390,,*MANUAL*,90,1239,92,229.00,115.05,48.62,2103,241944
391,391,,*MANUAL*,80,1254,82,218.00,145.68,30.16,1337,194773
392,392,,*MANUAL*,78,1247,94,220.00,143.06,26.43,1365,195276
393,393,,*MANUAL*,66,1251,89,203.00,134.57,22.33,1365,183686
394,394,,*MANUAL*,55,1259,85,201.00,123.36,28.73,1365,168390
395,395,,*MANUAL*,89,1262,84,248.00,134.87,46.18,1353,182475
396,396,,*MANUAL*,73,1268,90,230.00,141.12,29.24,1367,192911
397,397,,*MANUAL*,64,1270,90,233.00,156.38,24.44,1365,213465
398,398,,*MANUAL*,81,1271,88,241.00,169.87,32.54,1365,231870
399,399,,*MANUAL*,60,1279,76,226.00,123.13,37.72,1115,137294
400,400,,*MANUAL*,65,1285,81,236.00,131.93,44.17,1365,180078
401,401,,*MANUAL*,83,1283,84,248.00,138.13,60.03,1327,183296
402,402,,*MANUAL*,84,1287,74,237.00,136.85,42.54,1365,186801
403,403,,*MANUAL*,72,1262,107,188.00,88.13,34.54,2103,185332
404,404,,*MANUAL*,70,1235,101,195.00,97.35,44.23,2103,204727
405,405,,*MANUAL*,67,1193,105,180.00,73.93,35.41,2716,200800
406,406,,*MANUAL*,75,1201,57,175.00,89.39,27.03,2017,180300
407,407,,*MANUAL*,62,1201,60,149.00,82.73,26.18,2024,167447
408,408,,*MANUAL*,70,1203,77,167.00,77.01,30.63,2102,161868
409,409,,*MANUAL*,73,1186,48,193.00,90.44,38.52,1821,164700
410,410,,*MANUAL*,61,1185,51,188.00,92.82,34.79,2081,193151
411,411,,*MANUAL*,55,1185,68,203.00,98.31,35.56,2103,206742
412,412,,*MANUAL*,81,1185,64,221.00,111.38,36.98,2055,228880
413,413,,*MANUAL*,75,1182,83,198.00,105.06,33.86,1671,175563
414,414,,*MANUAL*,66,1179,84,199.00,116.69,31.55,1875,218803
415,415,,*MANUAL*,57,1174,79,210.00,123.41,32.87,1365,168457
416,416,,*MANUAL*,56,1158,80,148.00,74.23,24.82,2103,156110
417,417,,*MANUAL*,55,1130,83,146.00,63.93,26.77,2969,189823
418,418,,*MANUAL*,53,1171,58,159.00,79.80,29.12,2103,167822
419,419,,*MANUAL*,57,1157,50,186.00,88.16,35.38,2035,179396
420,420,,*MANUAL*,59,1128,50,202.00,88.16,35.45,2033,179236
421,421,,*MANUAL*,53,1134,62,141.00,66.41,25.94,2103,139655
422,422,,*MANUAL*,71,1164,93,201.00,99.81,38.12,2103,209893
423,423,,*MANUAL*,72,1133,95,185.00,87.99,32.32,2101,184864
424,424,,*MANUAL*,69,1175,45,192.00,91.38,39.47,2103,192182
425,425,,*MANUAL*,69,1159,43,179.00,65.28,31.47,2915,190282
426,426,,*MANUAL*,70,1134,42,150.00,60.58,30.37,2967,179735
427,427,,*MANUAL*,84,1177,75,239.00,129.18,47.31,2103,271664
428,428,,*MANUAL*,84,1158,79,181.00,93.81,33.24,2103,197287
429,429,,*MANUAL*,87,1134,79,171.00,85.23,34.70,2103,179247
430,430,,*MANUAL*,81,1169,57,172.00,86.28,37.12,2047,176610
431,431,,*MANUAL*,83,1158,50,220.00,92.87,42.95,2103,195315
432,432,,*MANUAL*,87,1134,59,189.00,76.86,40.75,2103,161643
433,433,,*MANUAL*,79,1119,48,153.00,61.97,28.68,2784,172516
434,434,,*MANUAL*,82,1119,87,249.00,105.44,59.18,2005,211409
435,435,,*MANUAL*,67,1118,90,218.00,102.20,46.00,2009,205317
436,436,,*MANUAL*,74,1110,80,167.00,84.30,31.85,1815,153000
437,437,*NOUSE*,*NOUSE*,0,0,0,0,0,0,0,0
438,438,,*MANUAL*,76,1104,89,226.00,114.52,41.87,1681,192516
439,439,,*MANUAL*,74,1096,84,200.00,79.55,49.85,2103,167287
440,440,,*MANUAL*,74,1105,46,166.00,72.71,36.13,1916,139309
441,441,,*MANUAL*,72,1095,53,155.00,80.91,35.02,2103,170164
442,442,,*MANUAL*,87,1103,67,220.00,97.02,49.40,2021,196069
443,443,,*MANUAL*,58,1103,65,175.00,67.95,40.38,2103,142891
444,444,,*MANUAL*,60,1046,59,98.00,33.35,15.10,4139,138021
445,445,,*MANUAL*,86,1046,58,115.00,35.65,16.76,4139,147547
446,446,,*MANUAL*,66,1051,97,81.00,31.11,15.22,4139,128784
447,447,,*MANUAL*,87,1031,94,91.00,32.45,16.48,4139,134305
448,448,,*MANUAL*,67,986,100,71.00,29.25,11.52,4139,121047
449,449,,*MANUAL*,77,910,98,66.00,24.02, 9.74,4139,99437
450,450,,*MANUAL*,75,822,98,66.00,23.77, 9.82,4110,97679
451,451,,*MANUAL*,76,989,57,80.00,30.32,11.97,4139,125503
452,452,,*MANUAL*,73,924,58,55.00,21.71, 8.79,4139,89848
453,453,,*MANUAL*,74,841,62,74.00,27.90,11.66,4139,115467
454,454,,*MANUAL*,76,763,62,62.00,22.00, 9.55,4139,91077
455,455,,*MANUAL*,61,730,77,85.00,23.80,10.96,4069,96831
456,456,,*MANUAL*,78,671,80,62.00,22.73,10.92,2969,67497
457,457,,*MANUAL*,70,567,84,64.00,23.32, 9.20,4139,96537
458,458,,*MANUAL*,75,459,79,77.00,28.60,13.52,4062,116155
459,459,,*MANUAL*,74,371,86,100.00,30.76,16.22,4089,125798
460,460,,*MANUAL*,70,619,64,72.00,25.00,10.98,4139,103488
461,461,,*MANUAL*,74,516,60,83.00,26.60,11.43,4139,110098
462,462,,*MANUAL*,72,416,57,87.00,31.23,13.63,4106,128233
463,463,,*MANUAL*,68,352,59,87.00,29.28,15.28,4139,121195
464,464,,*MANUAL*,75,491,98,150.00,64.77,35.53,2103,136207
465,465,,*MANUAL*,73,457,94,139.00,63.45,28.10,2103,133432
466,466,,*MANUAL*,74,428,91,157.00,86.27,33.22,2103,181425
467,467,,*MANUAL*,74,649,107,169.00,70.45,30.87,2103,148166
468,468,,*MANUAL*,72,593,104,150.00,65.44,33.96,2103,137629
469,469,,*MANUAL*,72,567,101,139.00,58.34,27.38,2103,122699
470,470,,*MANUAL*,74,716,108,168.00,68.04,35.95,2103,143082
471,471,,*MANUAL*,74,749,109,159.00,59.69,31.98,2103,125521
472,472,,*MANUAL*,74,825,115,181.00,71.10,35.13,2103,149524
473,473,,*MANUAL*,75,845,114,168.00,63.23,37.70,2103,132982
474,474,,*MANUAL*,74,908,115,174.00,62.88,34.04,2103,132236
475,475,,*MANUAL*,74,938,115,170.00,80.85,34.60,1365,110359
476,476,,*MANUAL*,74,964,114,171.00,76.12,38.15,2048,155888
477,477,,*MANUAL*,73,1018,114,185.00,74.88,40.32,2103,157466
478,478,,*MANUAL*,73,1039,113,186.00,68.12,33.58,2103,143249
479,479,,*MANUAL*,73,1068,113,193.00,72.36,38.43,2103,152183
480,480,,*MANUAL*,72,1084,111,178.00,81.22,33.93,2103,170812
481,481,,*MANUAL*,73,1100,114,165.00,83.29,37.03,1956,162923
482,482,,*MANUAL*,69,1107,104,189.00,101.74,36.63,1967,200132
483,483,,*MANUAL*,79,1113,104,223.00,106.45,40.71,1979,210674
484,484,,*MANUAL*,68,1122,108,180.00,104.02,34.12,2029,211055
485,485,,*MANUAL*,66,1139,110,200.00,117.81,32.99,1365,160806
486,486,,*MANUAL*,67,1153,107,221.00,135.92,37.18,1284,174516
487,487,,*MANUAL*,80,1152,105,217.00,111.69,44.18,2067,230861
488,488,,*MANUAL*,73,1163,108,242.00,123.38,52.49,1803,222459
489,489,,*MANUAL*,66,1172,109,220.00,122.52,48.28,2103,257659
490,490,,*MANUAL*,53,1535,69,111.00,33.54,23.37,4139,138837
491,491,,*MANUAL*,46,1438,69,119.00,55.22,20.28,2969,163947
492,492,,*MANUAL*,44,1319,69,183.00,53.47,31.51,4139,221331
493,493,,*MANUAL*,41,1130,72,109.00,36.67,16.75,2969,108878
494,494,,*MANUAL*,44,1145,53,93.00,34.19,16.03,2969,101523
495,495,,*MANUAL*,46,1083,67,97.00,29.39,15.27,4139,121646
496,496,,*MANUAL*,47,1061,81,77.00,25.30,13.19,4139,104723
497,497,,*MANUAL*,51,1024,85,153.00,71.44,32.77,2103,150234
498,498,,*MANUAL*,47,1002,83,107.00,35.57,19.21,4139,147236
499,499,,*MANUAL*,51,947,99,127.00,42.96,22.60,2969,127542
500,500,,*MANUAL*,50,904,95,98.00,34.45,16.62,4139,142599
501,501,,*MANUAL*,52,853,99,103.00,39.04,20.13,2969,115901
502,502,,*MANUAL*,52,791,97,81.00,30.43,15.18,4139,125945
503,503,,*MANUAL*,51,726,98,127.00,47.72,23.39,2354,112339
504,504,,*MANUAL*,54,648,93,101.00,35.86,18.98,4139,148426
505,505,,*MANUAL*,55,596,96,91.00,32.57,19.59,4139,134817
506,506,,*MANUAL*,55,523,68,96.00,50.40,13.88,2103,105999
507,507,,*MANUAL*,56,511,84,98.00,36.77,16.39,2969,109164
508,508,,*MANUAL*,57,475,87,102.00,35.88,20.90,4139,148524
509,509,,*MANUAL*,54,421,75,95.00,30.23,15.28,4139,125123
510,510,,*MANUAL*,95,1536,69,164.00,47.78,36.32,4139,197747
511,511,,*MANUAL*,97,1432,69,232.00,63.29,38.24,4139,261945
512,512,,*MANUAL*,99,1319,72,213.00,67.05,40.61,2969,199074
513,513,,*MANUAL*,100,1149,75,121.00,42.76,24.02,2969,126964
514,514,,*MANUAL*,96,1169,55,118.00,41.49,25.00,2969,123170
515,515,,*MANUAL*,99,1101,62,141.00,57.28,26.35,2969,170065
516,516,,*MANUAL*,101,1078,78,124.00,42.23,23.02,2969,125386
517,517,,*MANUAL*,100,1018,68,131.00,40.15,19.84,4139,166164
518,518,,*MANUAL*,97,1011,88,186.00,84.45,47.96,2103,177600
519,519,,*MANUAL*,99,988,82,135.00,43.74,26.57,4139,181047
520,520,,*MANUAL*,97,940,97,138.00,62.35,24.11,2103,131115
521,521,,*MANUAL*,98,900,92,113.00,43.06,20.50,2969,127848
522,522,,*MANUAL*,97,849,94,126.00,50.70,24.95,2969,150537
523,523,,*MANUAL*,97,793,91,116.00,37.65,20.50,2969,111783
524,524,,*MANUAL*,95,743,90,131.00,51.88,28.97,2640,136965
525,525,,*MANUAL*,95,652,85,126.00,40.11,19.56,2969,119101
526,526,,*MANUAL*,90,626,68,156.00,53.76,28.03,4139,222493
527,527,,*MANUAL*,93,610,90,114.00,42.18,26.19,2969,125232
528,528,,*MANUAL*,85,571,70,93.00,24.11,15.72,4139,99792
529,529,,*MANUAL*,92,527,76,103.00,38.16,20.12,4139,157951
530,530,,*MANUAL*,92,488,80,121.00,38.52,23.82,4139,159417
531,531,,*MANUAL*,91,421,67,124.00,33.33,20.41,4139,137947
532,532,,*MANUAL*,49,975,68,75.00,26.67,11.76,4139,110379
533,533,,*MANUAL*,50,886,73,80.00,25.00,14.46,4139,103467
534,534,,*MANUAL*,49,757,70,76.00,24.17,13.06,4139,100027
535,535,,*MANUAL*,50,601,71,76.00,23.41,12.66,4139,96896
536,536,,*MANUAL*,54,464,63,83.00,25.03,14.21,4139,103579
537,537,,*MANUAL*,52,835,62,144.00,67.67,27.35,2103,142308
538,538,,*MANUAL*,49,720,78,142.00,62.99,23.47,2103,132478
539,539,,*MANUAL*,59,677,97,171.00,78.16,36.13,2081,162649
540,540,,*MANUAL*,69,106,80,86.00,31.97,20.38,2969,94927
541,541,,*MANUAL*,67,82,77,114.00,42.03,21.82,2103,88398
542,542,,*MANUAL*,68,53,80,93.00,35.36,20.66,2103,74362
543,543,,*MANUAL*,72,143,80,109.00,52.21,20.37,2049,106976
544,544,,*MANUAL*,66,146,69,104.00,50.76,18.48,2103,106741
545,545,,*MANUAL*,73,168,77,128.00,54.68,19.69,2103,114989
546,546,,*MANUAL*,75,186,86,117.00,53.74,21.55,2090,112310
547,547,,*MANUAL*,68,198,82,135.00,65.73,27.65,2076,136454
548,548,,*MANUAL*,67,234,75,131.00,68.44,24.73,1775,121487
549,549,,*MANUAL*,66,244,63,152.00,75.10,31.72,2097,157495
550,550,,*MANUAL*,64,259,63,177.00,90.76,32.37,1980,179695
551,551,,*MANUAL*,65,254,76,139.00,77.64,23.93,1831,142164
552,552,,*MANUAL*,62,271,71,138.00,75.45,21.61,1942,146528
553,553,,*MANUAL*,64,275,84,153.00,71.88,31.07,2007,144261
554,554,,*MANUAL*,60,290,77,137.00,66.08,23.97,2067,136591
555,555,,*MANUAL*,61,313,75,142.00,72.98,25.41,1963,143255
556,556,,*MANUAL*,64,329,78,163.00,79.07,30.62,1654,130784
557,557,,*MANUAL*,80,206,82,142.00,68.81,23.60,2046,140782
558,558,,*MANUAL*,83,235,76,149.00,72.10,27.58,1921,138502
559,559,,*MANUAL*,81,245,64,179.00,72.72,35.68,2089,151915
560,560,,*MANUAL*,85,259,68,166.00,80.65,36.36,1936,156144
561,561,,*MANUAL*,84,254,78,157.00,77.63,33.74,1860,144395
562,562,,*MANUAL*,86,272,73,133.00,76.06,23.97,1897,144288
563,563,,*MANUAL*,85,276,84,149.00,80.24,32.51,2085,167298
564,564,,*MANUAL*,88,289,77,136.00,71.34,23.69,1963,140035
565,565,,*MANUAL*,88,311,74,144.00,73.23,26.70,2093,153266
566,566,,*MANUAL*,81,322,63,151.00,66.30,33.88,1770,117351
567,567,,*MANUAL*,70,323,61,150.00,66.28,31.75,2103,139377
568,568,,*MANUAL*,71,304,55,144.00,65.95,30.47,2057,135668
569,569,,*MANUAL*,65,285,61,149.00,81.61,26.66,2013,164290
570,570,,*MANUAL*,74,286,72,151.00,70.91,31.74,2935,208134
571,571,,*MANUAL*,74,265,85,121.00,55.31,23.81,2969,164214
572,572,,*MANUAL*,73,269,66,141.00,77.84,23.15,2103,163707
573,573,,*MANUAL*,74,246,77,140.00,83.28,21.66,2829,235613
574,574,,*MANUAL*,69,236,86,113.00,63.15,18.23,2029,128139
575,575,,*MANUAL*,80,241,88,130.00,59.21,26.97,2103,124526
576,576,,*MANUAL*,85,738,94,159.00,67.31,26.83,2103,141547
577,577,,*MANUAL*,83,717,89,170.00,67.15,26.31,4139,277952
578,578,,*MANUAL*,72,696,96,152.00,65.83,28.74,4139,272457
579,579,,*MANUAL*,71,676,100,160.00,65.61,26.08,2103,137983
580,580,,*MANUAL*,55,1503,86,145.00,60.23,30.58,2103,126672
581,581,,*MANUAL*,58,1317,105,140.00,57.80,33.60,2103,121549
582,582,,*MANUAL*,51,1301,95,133.00,57.56,26.87,2103,121047
583,583,,*MANUAL*,57,1187,107,179.00,78.56,41.02,2087,163954
584,584,,*MANUAL*,63,1205,92,107.00,52.75,15.60,2969,156621
585,585,,*MANUAL*,61,1187,95,231.00,123.17,39.97,1657,204090
586,586,,*MANUAL*,51,1187,91,230.00,113.04,45.54,2103,237733
587,587,,*MANUAL*,51,1169,95,155.00,85.46,28.58,2103,179730
588,588,,*MANUAL*,75,1192,93,221.00,144.23,29.35,1318,190089
589,589,,*MANUAL*,84,1198,87,223.00,104.99,50.01,2081,218478
590,590,,*MANUAL*,88,1186,92,204.00,105.64,34.20,2057,217294
591,591,,*MANUAL*,83,1175,99,203.00,106.54,35.49,2103,224046
592,592,,*MANUAL*,57,1118,99,180.00,72.36,37.43,2969,214823
593,593,,*MANUAL*,58,1028,106,126.00,59.62,21.82,2103,125387
594,594,,*MANUAL*,61,757,100,165.00,60.24,36.87,2103,126684
595,595,,*MANUAL*,61,723,98,181.00,89.02,33.75,1939,172619
596,596,,*MANUAL*,68,731,104,155.00,71.54,29.13,2103,150453
597,597,,*MANUAL*,70,306,80,135.00,76.42,22.36,2065,157815
598,598,,*MANUAL*,75,299,95,137.00,62.10,27.42,2099,130350
599,599,,*MANUAL*,69,316,90,162.00,91.43,26.94,1888,172623
600,600,,*MANUAL*,69,341,91,160.00,85.97,28.19,2037,175112
601,601,,*MANUAL*,73,326,87,184.00,103.50,30.45,1629,168606
602,602,,*MANUAL*,62,360,88,124.00,52.91,24.12,2103,111270
603,603,,*MANUAL*,83,309,88,153.00,78.41,26.64,2103,164898
604,604,,*MANUAL*,82,324,86,189.00,104.79,31.73,1811,189770
605,605,,*MANUAL*,82,345,89,138.00,73.32,25.41,2103,154199
606,606,,*MANUAL*,89,365,82,122.00,52.64,24.54,2103,110712
607,607,,*MANUAL*,92,330,81,135.00,38.67,28.23,4139,160058
608,608,,*MANUAL*,57,337,82,138.00,40.27,26.33,4139,166698
609,609,,*MANUAL*,58,298,61,114.00,36.47,20.66,4139,150945
610,610,,*MANUAL*,88,288,64,112.00,40.45,19.44,2709,109570
611,611,,*MANUAL*,59,1343,41,191.00,81.52,45.16,2103,171445
612,612,,*MANUAL*,53,1306,46,145.00,53.38,24.78,2103,112256
613,613,,*MANUAL*,63,1212,34,152.00,66.75,33.93,2103,140374
614,614,,*MANUAL*,68,1193,36,161.00,70.89,32.76,2103,149077
615,615,,*MANUAL*,54,1154,35,123.00,42.47,23.81,2103,89319
616,616,,*MANUAL*,59,1041,42,134.00,57.95,27.99,2103,121872
617,617,,*MANUAL*,61,999,44,158.00,60.97,29.75,2103,128221
618,618,,*MANUAL*,87,1347,99,187.00,74.69,42.52,2103,157064
619,619,,*MANUAL*,89,1120,99,198.00,74.67,45.33,2969,221701
620,620,,*MANUAL*,91,999,102,224.00,78.37,48.04,2103,164803
621,621,,*MANUAL*,90,972,101,183.00,66.32,46.48,2103,139478
622,622,,*MANUAL*,88,929,106,153.00,66.91,27.98,2103,140708
623,623,,*MANUAL*,84,587,93,151.00,54.98,28.88,2103,115624
624,624,,*MANUAL*,84,529,94,138.00,48.91,28.21,2103,102863
625,625,,*MANUAL*,84,1436,45,171.00,62.30,41.48,2103,131012
626,626,,*MANUAL*,82,1347,40,197.00,70.93,46.13,2103,149165
627,627,,*MANUAL*,88,1330,46,198.00,50.45,41.90,2969,149781
628,628,,*MANUAL*,78,1219,37,161.00,80.37,29.03,2103,169023
629,629,,*MANUAL*,82,1177,36,178.00,59.57,38.67,2103,125270
630,630,,*MANUAL*,82,1121,34,174.00,61.54,39.07,2103,129418
631,631,,*MANUAL*,89,1099,43,152.00,60.50,32.31,2103,127229
632,632,,*MANUAL*,82,1026,42,157.00,63.37,32.12,2103,133268
633,633,,*MANUAL*,86,950,46,160.00,64.29,30.71,2103,135203
634,634,,*MANUAL*,79,411,46,143.00,44.30,30.78,2103,93155
635,635,,*MANUAL*,98,934,68,113.00,33.37,20.84,2969,99090
636,636,,*MANUAL*,98,843,73,121.00,30.43,18.97,4139,125932
637,637,,*MANUAL*,96,718,67,130.00,29.54,19.91,4139,122275
638,638,,*MANUAL*,92,593,62,97.00,26.22,16.56,4139,108531
639,639,,*MANUAL*,89,470,56,109.00,29.07,17.92,4139,120323
640,640,,*MANUAL*,81,296,65,156.00,76.61,28.71,2103,161113
641,641,,*MANUAL*,77,189,67,131.00,52.90,26.44,2103,111255
642,642,,*MANUAL*,81,215,70,95.00,37.33,16.51,3711,138531
643,643,,*MANUAL*,69,208,70,90.00,37.71,19.76,4139,156088
644,644,,*MANUAL*,93,823,59,166.00,77.85,36.00,2103,163729
645,645,,*MANUAL*,94,756,73,171.00,74.36,36.29,2103,156379
646,646,,*MANUAL*,93,695,90,196.00,73.15,39.59,2103,153843
647,647,,*MANUAL*,51,1198,56,186.00,119.91,25.19,1365,163680
648,648,f1,*MANUAL*,73,1561,76,106.00,22.39,15.24,895,20038
649,649,f2,*MANUAL*,88,1079,104,10.00, 1.13, 1.52,895,1009
650,650,f3,*MANUAL*,88,1014,104, 7.00, 1.01, 1.20,895,903
651,651,f4,*MANUAL*,78,969,105,95.00, 9.31, 9.13,895,8334
652,652,f5,*MANUAL*,74,896,103,37.00, 4.72, 5.64,895,4224
653,653,f6,*MANUAL*,75,799,104,11.00, 1.10, 1.52,895,987
654,654,f7,*MANUAL*,74,662,103,68.00, 8.31, 9.13,895,7438
655,655,f8,*MANUAL*,71,549,101,82.00, 4.65,11.09,895,4162
656,656,f9,*MANUAL*,72,281,93,35.00, 6.00, 4.86,895,5366
657,657,f10,*MANUAL*,84,612,64,52.00, 8.51, 7.28,895,7618
