0,0,*NOUSE*,*NOUSE*,0,0,0,0,0,0,0,0
1,1,,,41,1571,70,166.00,49.46,30.63,3971,196418
2,2,*NOUSE*,*NOUSE*,0,0,0,0,0,0,0,0
3,3,*NOUSE*,*NOUSE*,0,0,0,0,0,0,0,0
4,4,*NOUSE*,*NOUSE*,0,0,0,0,0,0,0,0
5,5,*NOUSE*,*NOUSE*,0,0,0,0,0,0,0,0
6,6,,,42,1142,61,136.00,42.96,27.47,5580,239722
7,7,*NOUSE*,*NOUSE*,0,0,0,0,0,0,0,0
8,8,,,42,1556,76,170.00,49.29,29.59,4816,237382
9,9,*NOUSE*,*NOUSE*,0,0,0,0,0,0,0,0
10,10,,,42,1199,78,100.00,32.83,16.21,6986,229356
11,11,,,45,1580,78,162.00,50.43,29.22,4418,222803
12,12,*NOUSE*,*NOUSE*,0,0,0,0,0,0,0,0
13,13,,,42,1285,85,153.00,47.35,28.76,3087,146162
14,14,,,42,1266,87,159.00,46.09,29.26,5106,235346
15,15,*NOUSE*,*NOUSE*,0,0,0,0,0,0,0,0
16,16,*NOUSE*,*NOUSE*,0,0,0,0,0,0,0,0
17,17,*NOUSE*,*NOUSE*,0,0,0,0,0,0,0,0
18,18,*NOUSE*,*NOUSE*,0,0,0,0,0,0,0,0
19,19,,,44,1551,59,152.00,46.53,26.72,4610,214494
20,20,*NOUSE*,*NOUSE*,0,0,0,0,0,0,0,0
21,21,,,41,1278,68,97.00,36.57,16.02,3862,141241
22,22,,,43,1505,68,175.00,55.86,32.61,4046,226002
23,23,*NOUSE*,*NOUSE*,0,0,0,0,0,0,0,0
24,24,,,42,1490,77,144.00,50.03,27.50,4492,224746
25,25,,,43,1051,83,146.00,41.81,27.26,6231,260487
26,26,*NOUSE*,*NOUSE*,0,0,0,0,0,0,0,0
27,27,,,43,1600,66,102.00,36.19,18.56,5033,182120
28,28,*NOUSE*,*NOUSE*,0,0,0,0,0,0,0,0
29,29,,,45,1517,77,143.00,53.40,27.01,3827,204372
30,30,*NOUSE*,*NOUSE*,0,0,0,0,0,0,0,0
31,31,,,44,1374,80,187.00,52.28,30.71,4674,244338
32,32,,,47,1505,85,174.00,58.88,31.84,4307,253575
33,33,,,44,943,83,188.00,43.27,29.41,6747,291970
34,34,*NOUSE*,*NOUSE*,0,0,0,0,0,0,0,0
35,35,*NOUSE*,*NOUSE*,0,0,0,0,0,0,0,0
36,36,*NOUSE*,*NOUSE*,0,0,0,0,0,0,0,0
37,37,,,46,1659,66,133.00,39.99,21.51,4947,197844
38,38,,,46,810,69,171.00,47.39,34.88,5594,265092
39,39,*NOUSE*,*NOUSE*,0,0,0,0,0,0,0,0
40,40,,,44,1417,77,169.00,58.94,35.33,4268,251567
41,41,*NOUSE*,*NOUSE*,0,0,0,0,0,0,0,0
42,42,*NOUSE*,*NOUSE*,0,0,0,0,0,0,0,0
43,43,*NOUSE*,*NOUSE*,0,0,0,0,0,0,0,0
44,44,*NOUSE*,*NOUSE*,0,0,0,0,0,0,0,0
45,45,*NOUSE*,*NOUSE*,0,0,0,0,0,0,0,0
46,46,*NOUSE*,*NOUSE*,0,0,0,0,0,0,0,0
47,47,*NOUSE*,*NOUSE*,0,0,0,0,0,0,0,0
48,48,,,47,1643,60,138.00,42.29,23.36,4856,205357
49,49,,,47,1170,67,209.00,61.42,46.90,3785,232468
50,50,*NOUSE*,*NOUSE*,0,0,0,0,0,0,0,0
51,51,,,50,1629,77,150.00,43.52,25.36,6758,294109
52,52,*NOUSE*,*NOUSE*,0,0,0,0,0,0,0,0
53,53,*NOUSE*,*NOUSE*,0,0,0,0,0,0,0,0
54,54,*NOUSE*,*NOUSE*,0,0,0,0,0,0,0,0
55,55,,,46,825,89,151.00,37.63,23.00,6961,261909
56,56,*NOUSE*,*NOUSE*,0,0,0,0,0,0,0,0
57,57,*NOUSE*,*NOUSE*,0,0,0,0,0,0,0,0
58,58,*NOUSE*,*NOUSE*,0,0,0,0,0,0,0,0
59,59,*NOUSE*,*NOUSE*,0,0,0,0,0,0,0,0
60,60,*NOUSE*,*NOUSE*,0,0,0,0,0,0,0,0
61,61,*NOUSE*,*NOUSE*,0,0,0,0,0,0,0,0
62,62,,,47,1381,64,154.00,54.44,26.52,3320,180730
63,63,,,47,1425,62,171.00,60.55,29.79,3200,193768
64,64,*NOUSE*,*NOUSE*,0,0,0,0,0,0,0,0
65,65,*NOUSE*,*NOUSE*,0,0,0,0,0,0,0,0
66,66,*NOUSE*,*NOUSE*,0,0,0,0,0,0,0,0
67,67,*NOUSE*,*NOUSE*,0,0,0,0,0,0,0,0
68,68,*NOUSE*,*NOUSE*,0,0,0,0,0,0,0,0
69,69,*NOUSE*,*NOUSE*,0,0,0,0,0,0,0,0
70,70,,,48,1403,58,162.00,64.63,30.16,2907,187890
71,71,*NOUSE*,*NOUSE*,0,0,0,0,0,0,0,0
72,72,,,49,1481,66,140.00,54.07,26.43,3691,199569
73,73,,,56,1419,67,194.00,66.34,33.57,4218,279808
74,74,*NOUSE*,*NOUSE*,0,0,0,0,0,0,0,0
75,75,*NOUSE*,*NOUSE*,0,0,0,0,0,0,0,0
76,76,*NOUSE*,*NOUSE*,0,0,0,0,0,0,0,0
77,77,*NOUSE*,*NOUSE*,0,0,0,0,0,0,0,0
78,78,,,49,1473,90,144.00,47.77,25.17,4928,235411
79,79,*NOUSE*,*NOUSE*,0,0,0,0,0,0,0,0
80,80,,,48,656,94,155.00,42.08,27.56,5832,245396
81,81,*NOUSE*,*NOUSE*,0,0,0,0,0,0,0,0
82,82,,,50,742,95,217.00,59.38,43.14,5574,331002
83,83,*NOUSE*,*NOUSE*,0,0,0,0,0,0,0,0
84,84,*NOUSE*,*NOUSE*,0,0,0,0,0,0,0,0
85,85,*NOUSE*,*NOUSE*,0,0,0,0,0,0,0,0
86,86,,,49,1357,60,137.00,52.91,23.85,4213,222908
87,87,*NOUSE*,*NOUSE*,0,0,0,0,0,0,0,0
88,88,*NOUSE*,*NOUSE*,0,0,0,0,0,0,0,0
89,89,*NOUSE*,*NOUSE*,0,0,0,0,0,0,0,0
90,90,*NOUSE*,*NOUSE*,0,0,0,0,0,0,0,0
91,91,,,51,1187,100,183.00,50.50,35.46,7720,389879
92,92,*NOUSE*,*NOUSE*,0,0,0,0,0,0,0,0
93,93,*NOUSE*,*NOUSE*,0,0,0,0,0,0,0,0
94,94,*NOUSE*,*NOUSE*,0,0,0,0,0,0,0,0
95,95,*NOUSE*,*NOUSE*,0,0,0,0,0,0,0,0
96,96,*NOUSE*,*NOUSE*,0,0,0,0,0,0,0,0
97,97,,,50,467,75,156.00,38.63,26.40,7074,273292
98,98,*NOUSE*,*NOUSE*,0,0,0,0,0,0,0,0
99,99,*NOUSE*,*NOUSE*,0,0,0,0,0,0,0,0
100,100,,,51,1284,106,170.00,52.30,28.87,6263,327536
101,101,,,52,1255,108,167.00,46.75,33.10,6088,284592
102,102,*NOUSE*,*NOUSE*,0,0,0,0,0,0,0,0
103,103,*NOUSE*,*NOUSE*,0,0,0,0,0,0,0,0
104,104,,,54,921,46,220.00,57.40,44.07,6069,348372
105,105,*NOUSE*,*NOUSE*,0,0,0,0,0,0,0,0
106,106,,,52,1483,53,170.00,55.30,30.69,3878,214450
107,107,,,52,551,78,145.00,39.19,23.60,5961,233595
108,108,*NOUSE*,*NOUSE*,0,0,0,0,0,0,0,0
109,109,*NOUSE*,*NOUSE*,0,0,0,0,0,0,0,0
110,110,*NOUSE*,*NOUSE*,0,0,0,0,0,0,0,0
111,111,*NOUSE*,*NOUSE*,0,0,0,0,0,0,0,0
112,112,,,52,1008,96,208.00,52.52,39.74,6771,355639
113,113,*NOUSE*,*NOUSE*,0,0,0,0,0,0,0,0
114,114,*NOUSE*,*NOUSE*,0,0,0,0,0,0,0,0
115,115,*NOUSE*,*NOUSE*,0,0,0,0,0,0,0,0
116,116,,,53,1243,65,150.00,48.75,31.78,3545,172810
117,117,*NOUSE*,*NOUSE*,0,0,0,0,0,0,0,0
118,118,*NOUSE*,*NOUSE*,0,0,0,0,0,0,0,0
119,119,*NOUSE*,*NOUSE*,0,0,0,0,0,0,0,0
120,120,,,52,1491,86,171.00,69.56,29.35,2783,193589
121,121,,,55,1197,42,180.00,47.00,33.30,7219,339264
122,122,*NOUSE*,*NOUSE*,0,0,0,0,0,0,0,0
123,123,,,52,1549,47,123.00,50.11,22.47,4690,235039
124,124,*NOUSE*,*NOUSE*,0,0,0,0,0,0,0,0
125,125,,,54,1363,47,168.00,63.35,31.17,3830,242631
126,126,,,59,1240,55,190.00,61.61,42.02,4883,300856
127,127,*NOUSE*,*NOUSE*,0,0,0,0,0,0,0,0
128,128,*NOUSE*,*NOUSE*,0,0,0,0,0,0,0,0
129,129,,,53,1495,66,167.00,64.79,30.25,3058,198136
130,130,*NOUSE*,*NOUSE*,0,0,0,0,0,0,0,0
131,131,*NOUSE*,*NOUSE*,0,0,0,0,0,0,0,0
132,132,*NOUSE*,*NOUSE*,0,0,0,0,0,0,0,0
133,133,*NOUSE*,*NOUSE*,0,0,0,0,0,0,0,0
134,134,*NOUSE*,*NOUSE*,0,0,0,0,0,0,0,0
135,135,,,54,1313,92,181.00,58.69,29.81,4578,268672
136,136,*NOUSE*,*NOUSE*,0,0,0,0,0,0,0,0
137,137,*NOUSE*,*NOUSE*,0,0,0,0,0,0,0,0
138,138,*NOUSE*,*NOUSE*,0,0,0,0,0,0,0,0
139,139,*NOUSE*,*NOUSE*,0,0,0,0,0,0,0,0
140,140,,,56,1041,40,211.00,55.45,42.33,5945,329678
141,141,,,58,965,38,215.00,59.45,44.37,6604,392588
142,142,,,55,1499,52,204.00,71.22,33.52,3493,248763
143,143,,,55,1610,53,144.00,46.80,27.21,3854,180377
144,144,,,57,1512,49,190.00,74.31,38.27,4104,304970
145,145,,,52,1509,63,163.00,63.77,32.38,2335,148914
146,146,*NOUSE*,*NOUSE*,0,0,0,0,0,0,0,0
147,147,,,55,1530,84,167.00,59.03,31.39,4154,245213
148,148,*NOUSE*,*NOUSE*,0,0,0,0,0,0,0,0
149,149,*NOUSE*,*NOUSE*,0,0,0,0,0,0,0,0
150,150,*NOUSE*,*NOUSE*,0,0,0,0,0,0,0,0
151,151,*NOUSE*,*NOUSE*,0,0,0,0,0,0,0,0
152,152,*NOUSE*,*NOUSE*,0,0,0,0,0,0,0,0
153,153,*NOUSE*,*NOUSE*,0,0,0,0,0,0,0,0
154,154,*NOUSE*,*NOUSE*,0,0,0,0,0,0,0,0
155,155,*NOUSE*,*NOUSE*,0,0,0,0,0,0,0,0
156,156,*NOUSE*,*NOUSE*,0,0,0,0,0,0,0,0
157,157,*NOUSE*,*NOUSE*,0,0,0,0,0,0,0,0
158,158,*NOUSE*,*NOUSE*,0,0,0,0,0,0,0,0
159,159,,,57,1090,34,223.00,52.81,40.90,5951,314266
160,160,*NOUSE*,*NOUSE*,0,0,0,0,0,0,0,0
161,161,*NOUSE*,*NOUSE*,0,0,0,0,0,0,0,0
162,162,,,56,1207,63,171.00,52.58,37.22,5424,285180
163,163,,,56,319,69,225.00,65.22,45.94,5493,358251
164,164,*NOUSE*,*NOUSE*,0,0,0,0,0,0,0,0
165,165,,,57,947,100,219.00,67.40,50.82,6226,419619
166,166,,,57,1388,101,186.00,73.92,37.02,3529,260860
167,167,*NOUSE*,*NOUSE*,0,0,0,0,0,0,0,0
168,168,*NOUSE*,*NOUSE*,0,0,0,0,0,0,0,0
169,169,*NOUSE*,*NOUSE*,0,0,0,0,0,0,0,0
170,170,*NOUSE*,*NOUSE*,0,0,0,0,0,0,0,0
171,171,*NOUSE*,*NOUSE*,0,0,0,0,0,0,0,0
172,172,,,57,1295,42,182.00,59.48,34.30,5556,330473
173,173,*NOUSE*,*NOUSE*,0,0,0,0,0,0,0,0
174,174,,,58,1280,61,174.00,56.20,31.15,4115,231280
175,175,*NOUSE*,*NOUSE*,0,0,0,0,0,0,0,0
176,176,*NOUSE*,*NOUSE*,0,0,0,0,0,0,0,0
177,177,*NOUSE*,*NOUSE*,0,0,0,0,0,0,0,0
178,178,,,57,339,72,244.00,74.21,53.64,4545,337268
179,179,*NOUSE*,*NOUSE*,0,0,0,0,0,0,0,0
180,180,*NOUSE*,*NOUSE*,0,0,0,0,0,0,0,0
181,181,,,57,357,78,240.00,74.40,56.03,4900,364582
182,182,,,57,1223,88,195.00,56.49,38.51,5133,289977
183,183,*NOUSE*,*NOUSE*,0,0,0,0,0,0,0,0
184,184,,,58,1529,43,156.00,51.08,26.46,3961,202334
185,185,*NOUSE*,*NOUSE*,0,0,0,0,0,0,0,0
186,186,,,59,1266,55,199.00,60.30,42.20,4293,258856
187,187,*NOUSE*,*NOUSE*,0,0,0,0,0,0,0,0
188,188,*NOUSE*,*NOUSE*,0,0,0,0,0,0,0,0
189,189,*NOUSE*,*NOUSE*,0,0,0,0,0,0,0,0
190,190,*NOUSE*,*NOUSE*,0,0,0,0,0,0,0,0
191,191,,,57,1736,74,125.00,32.24,18.88,4490,144774
192,192,,,56,1290,83,215.00,79.87,42.79,3501,279625
193,193,,,58,1270,84,150.00,49.47,27.63,5148,254647
194,194,*NOUSE*,*NOUSE*,0,0,0,0,0,0,0,0
195,195,*NOUSE*,*NOUSE*,0,0,0,0,0,0,0,0
196,196,,,57,1471,40,115.00,38.43,19.76,2433,93503
197,197,*NOUSE*,*NOUSE*,0,0,0,0,0,0,0,0
198,198,*NOUSE*,*NOUSE*,0,0,0,0,0,0,0,0
199,199,*NOUSE*,*NOUSE*,0,0,0,0,0,0,0,0
200,200,,,59,283,65,250.00,95.20,63.05,3780,359848
201,201,,,60,1566,61,131.00,51.30,23.92,3359,172312
202,202,*NOUSE*,*NOUSE*,0,0,0,0,0,0,0,0
203,203,,,56,1242,88,177.00,56.01,34.96,4455,249508
204,204,*NOUSE*,*NOUSE*,0,0,0,0,0,0,0,0
205,205,*NOUSE*,*NOUSE*,0,0,0,0,0,0,0,0
206,206,,,61,883,40,222.00,62.24,47.28,5802,361111
207,207,*NOUSE*,*NOUSE*,0,0,0,0,0,0,0,0
208,208,,,60,652,48,209.00,57.56,44.98,6220,358044
209,209,*NOUSE*,*NOUSE*,0,0,0,0,0,0,0,0
210,210,*NOUSE*,*NOUSE*,0,0,0,0,0,0,0,0
211,211,*NOUSE*,*NOUSE*,0,0,0,0,0,0,0,0
212,212,*NOUSE*,*NOUSE*,0,0,0,0,0,0,0,0
213,213,,,62,744,105,208.00,60.08,40.35,9645,579435
214,214,*NOUSE*,*NOUSE*,0,0,0,0,0,0,0,0
215,215,*NOUSE*,*NOUSE*,0,0,0,0,0,0,0,0
216,216,,,59,1235,37,150.00,41.41,29.82,5653,234099
217,217,*NOUSE*,*NOUSE*,0,0,0,0,0,0,0,0
218,218,,,62,838,43,234.00,62.87,47.94,6048,380213
219,219,,,61,428,49,231.00,60.98,48.41,6101,372027
220,220,*NOUSE*,*NOUSE*,0,0,0,0,0,0,0,0
221,221,*NOUSE*,*NOUSE*,0,0,0,0,0,0,0,0
222,222,,,61,1495,80,190.00,58.02,36.49,4764,276396
223,223,*NOUSE*,*NOUSE*,0,0,0,0,0,0,0,0
224,224,,,61,1539,94,134.00,53.09,23.71,4705,249774
225,225,,,61,848,100,233.00,71.36,54.64,4217,300911
226,226,*NOUSE*,*NOUSE*,0,0,0,0,0,0,0,0
227,227,*NOUSE*,*NOUSE*,0,0,0,0,0,0,0,0
228,228,*NOUSE*,*NOUSE*,0,0,0,0,0,0,0,0
229,229,,,62,255,62,243.00,78.73,56.80,4054,319172
230,230,,,64,354,60,247.00,72.19,51.89,3919,282907
231,231,*NOUSE*,*NOUSE*,0,0,0,0,0,0,0,0
232,232,,,60,1301,72,196.00,71.26,39.04,3805,271157
233,233,*NOUSE*,*NOUSE*,0,0,0,0,0,0,0,0
234,234,*NOUSE*,*NOUSE*,0,0,0,0,0,0,0,0
235,235,,,62,207,79,221.00,59.14,44.41,4809,284423
236,236,*NOUSE*,*NOUSE*,0,0,0,0,0,0,0,0
237,237,,,62,1443,88,210.00,70.82,42.08,3688,261179
238,238,*NOUSE*,*NOUSE*,0,0,0,0,0,0,0,0
239,239,*NOUSE*,*NOUSE*,0,0,0,0,0,0,0,0
240,240,,,63,718,103,186.00,59.23,40.10,5371,318114
241,241,*NOUSE*,*NOUSE*,0,0,0,0,0,0,0,0
242,242,,,64,380,55,157.00,44.97,27.93,6345,285346
243,243,,,64,445,61,134.00,44.80,25.83,6110,273735
244,244,*NOUSE*,*NOUSE*,0,0,0,0,0,0,0,0
245,245,*NOUSE*,*NOUSE*,0,0,0,0,0,0,0,0
246,246,*NOUSE*,*NOUSE*,0,0,0,0,0,0,0,0
247,247,,,69,1193,81,218.00,65.10,44.52,4388,285654
248,248,*NOUSE*,*NOUSE*,0,0,0,0,0,0,0,0
249,249,*NOUSE*,*NOUSE*,0,0,0,0,0,0,0,0
250,250,*NOUSE*,*NOUSE*,0,0,0,0,0,0,0,0
251,251,,,62,369,89,240.00,82.46,55.27,3995,329410
252,252,,,63,567,97,231.00,64.63,47.19,4891,316111
253,253,*NOUSE*,*NOUSE*,0,0,0,0,0,0,0,0
254,254,,,63,1137,104,215.00,58.71,45.85,4356,255755
255,255,*NOUSE*,*NOUSE*,0,0,0,0,0,0,0,0
256,256,*NOUSE*,*NOUSE*,0,0,0,0,0,0,0,0
257,257,,,64,1376,41,147.00,50.02,26.25,4909,245538
258,258,,,64,490,49,212.00,61.29,47.09,5551,340215
259,259,,,66,668,64,91.00,32.67,16.34,9468,309340
260,260,,,64,148,69,193.00,49.78,38.57,6400,318568
261,261,,,67,1200,89,249.00,79.39,51.95,3651,289869
262,262,*NOUSE*,*NOUSE*,0,0,0,0,0,0,0,0
263,263,*NOUSE*,*NOUSE*,0,0,0,0,0,0,0,0
264,264,,,64,606,100,203.00,64.29,49.37,3370,216667
265,265,,,62,1316,106,236.00,84.87,46.77,3316,281429
266,266,,,64,629,104,222.00,60.47,47.68,4127,249546
267,267,*NOUSE*,*NOUSE*,0,0,0,0,0,0,0,0
268,268,,,64,1278,114,213.00,67.77,41.64,4671,316559
269,269,*NOUSE*,*NOUSE*,0,0,0,0,0,0,0,0
270,270,*NOUSE*,*NOUSE*,0,0,0,0,0,0,0,0
271,271,,,63,1352,48,167.00,58.38,31.10,4444,259456
272,272,*NOUSE*,*NOUSE*,0,0,0,0,0,0,0,0
273,273,*NOUSE*,*NOUSE*,0,0,0,0,0,0,0,0
274,274,*NOUSE*,*NOUSE*,0,0,0,0,0,0,0,0
275,275,,,70,214,82,234.00,86.08,53.06,4213,362669
276,276,,,67,96,83,211.00,53.52,42.55,5760,308276
277,277,,,67,1211,86,205.00,67.69,41.20,2613,176864
278,278,*NOUSE*,*NOUSE*,0,0,0,0,0,0,0,0
279,279,,,64,1785,88,114.00,34.09,20.49,4551,155158
280,280,*NOUSE*,*NOUSE*,0,0,0,0,0,0,0,0
281,281,,,67,879,85,140.00,30.10,14.97,10155,305631
282,282,*NOUSE*,*NOUSE*,0,0,0,0,0,0,0,0
283,283,*NOUSE*,*NOUSE*,0,0,0,0,0,0,0,0
284,284,*NOUSE*,*NOUSE*,0,0,0,0,0,0,0,0
285,285,*NOUSE*,*NOUSE*,0,0,0,0,0,0,0,0
286,286,,,67,1680,37,166.00,50.13,32.66,4780,239628
287,287,*NOUSE*,*NOUSE*,0,0,0,0,0,0,0,0
288,288,*NOUSE*,*NOUSE*,0,0,0,0,0,0,0,0
289,289,*NOUSE*,*NOUSE*,0,0,0,0,0,0,0,0
290,290,*NOUSE*,*NOUSE*,0,0,0,0,0,0,0,0
291,291,,,65,1318,65,157.00,61.66,31.13,4376,269844
292,292,,,68,117,80,186.00,48.97,37.77,6333,310142
293,293,*NOUSE*,*NOUSE*,0,0,0,0,0,0,0,0
294,294,,,67,596,82,97.00,34.85,16.87,8578,298917
295,295,*NOUSE*,*NOUSE*,0,0,0,0,0,0,0,0
296,296,,,64,1384,90,205.00,80.04,41.37,3434,274863
297,297,*NOUSE*,*NOUSE*,0,0,0,0,0,0,0,0
298,298,,,66,1764,91,122.00,34.95,21.78,2684,93815
299,299,,,65,534,101,241.00,61.63,48.75,3568,219911
300,300,*NOUSE*,*NOUSE*,0,0,0,0,0,0,0,0
301,301,,,66,691,112,240.00,75.37,56.36,3745,282265
302,302,,,65,783,114,243.00,66.65,52.50,4802,320046
303,303,*NOUSE*,*NOUSE*,0,0,0,0,0,0,0,0
304,304,*NOUSE*,*NOUSE*,0,0,0,0,0,0,0,0
305,305,,,69,1005,45,104.00,31.28,16.23,8825,276053
306,306,*NOUSE*,*NOUSE*,0,0,0,0,0,0,0,0
307,307,,,66,50,73,195.00,45.10,34.04,4970,224158
308,308,,,67,332,78,252.00,102.64,58.46,3288,337467
309,309,,,69,487,85,145.00,41.43,24.02,7698,318955
310,310,,,66,286,86,205.00,68.64,44.87,4722,324099
311,311,*NOUSE*,*NOUSE*,0,0,0,0,0,0,0,0
312,312,,,67,322,94,211.00,66.83,45.58,4489,300005
313,313,,,66,500,101,202.00,62.50,48.44,4238,264858
314,314,*NOUSE*,*NOUSE*,0,0,0,0,0,0,0,0
315,315,,,67,1337,116,181.00,58.16,34.66,4457,259210
316,316,*NOUSE*,*NOUSE*,0,0,0,0,0,0,0,0
317,317,,,67,1253,119,183.00,49.95,36.01,6255,312412
318,318,,,69,1711,37,170.00,38.52,25.02,5468,210623
319,319,,,69,1070,48,121.00,35.05,18.80,6326,221738
320,320,*NOUSE*,*NOUSE*,0,0,0,0,0,0,0,0
321,321,,,69,925,49,113.00,33.24,17.90,7636,253786
322,322,,,71,216,66,206.00,71.72,47.40,4960,355721
323,323,,,69,178,85,209.00,51.08,41.11,5686,290414
324,324,*NOUSE*,*NOUSE*,0,0,0,0,0,0,0,0
325,325,*NOUSE*,*NOUSE*,0,0,0,0,0,0,0,0
326,326,,,67,932,104,245.00,73.98,57.58,4366,323016
327,327,,,67,981,105,230.00,59.99,45.36,5584,334970
328,328,*NOUSE*,*NOUSE*,0,0,0,0,0,0,0,0
329,329,,,68,907,105,232.00,70.20,55.56,4688,329108
330,330,,,67,1489,115,134.00,51.12,23.31,2492,127385
331,331,,,69,1455,34,126.00,42.16,27.26,4533,191123
332,332,*NOUSE*,*NOUSE*,0,0,0,0,0,0,0,0
333,333,*NOUSE*,*NOUSE*,0,0,0,0,0,0,0,0
334,334,,,70,155,79,233.00,58.39,44.41,4931,287937
335,335,,,70,1734,91,141.00,40.19,26.68,4367,175521
336,336,,,72,1349,95,116.00,48.72,18.91,5176,252194
337,337,*NOUSE*,*NOUSE*,0,0,0,0,0,0,0,0
338,338,*NOUSE*,*NOUSE*,0,0,0,0,0,0,0,0
339,339,*NOUSE*,*NOUSE*,0,0,0,0,0,0,0,0
340,340,,,69,1279,102,199.00,69.98,40.82,4201,293969
341,341,*NOUSE*,*NOUSE*,0,0,0,0,0,0,0,0
342,342,,,68,1043,108,232.00,63.23,48.75,5146,325366
343,343,*NOUSE*,*NOUSE*,0,0,0,0,0,0,0,0
344,344,*NOUSE*,*NOUSE*,0,0,0,0,0,0,0,0
345,345,*NOUSE*,*NOUSE*,0,0,0,0,0,0,0,0
346,346,,,70,1545,35,117.00,42.55,22.51,4439,188901
347,347,*NOUSE*,*NOUSE*,0,0,0,0,0,0,0,0
348,348,,,73,1209,51,212.00,60.20,36.43,4319,260010
349,349,*NOUSE*,*NOUSE*,0,0,0,0,0,0,0,0
350,350,,,74,1197,53,210.00,61.52,39.53,4267,262489
351,351,,,71,1288,52,200.00,71.25,43.00,3837,273395
352,352,,,70,1526,57,198.00,58.56,37.40,4409,258212
353,353,,,70,1494,61,158.00,50.13,28.68,5758,288672
354,354,*NOUSE*,*NOUSE*,0,0,0,0,0,0,0,0
355,355,*NOUSE*,*NOUSE*,0,0,0,0,0,0,0,0
356,356,,,71,970,86,93.00,30.74,16.30,10365,318663
357,357,*NOUSE*,*NOUSE*,0,0,0,0,0,0,0,0
358,358,*NOUSE*,*NOUSE*,0,0,0,0,0,0,0,0
359,359,*NOUSE*,*NOUSE*,0,0,0,0,0,0,0,0
360,360,*NOUSE*,*NOUSE*,0,0,0,0,0,0,0,0
361,361,*NOUSE*,*NOUSE*,0,0,0,0,0,0,0,0
362,362,*NOUSE*,*NOUSE*,0,0,0,0,0,0,0,0
363,363,,,72,1730,39,132.00,41.96,25.15,4015,168481
364,364,*NOUSE*,*NOUSE*,0,0,0,0,0,0,0,0
365,365,*NOUSE*,*NOUSE*,0,0,0,0,0,0,0,0
366,366,*NOUSE*,*NOUSE*,0,0,0,0,0,0,0,0
367,367,,,71,330,52,249.00,84.00,58.79,3867,324840
368,368,*NOUSE*,*NOUSE*,0,0,0,0,0,0,0,0
369,369,,,70,271,62,247.00,97.80,54.26,3413,333781
370,370,,,74,534,67,111.00,37.96,19.67,6338,240586
371,371,*NOUSE*,*NOUSE*,0,0,0,0,0,0,0,0
372,372,*NOUSE*,*NOUSE*,0,0,0,0,0,0,0,0
373,373,*NOUSE*,*NOUSE*,0,0,0,0,0,0,0,0
374,374,*NOUSE*,*NOUSE*,0,0,0,0,0,0,0,0
375,375,*NOUSE*,*NOUSE*,0,0,0,0,0,0,0,0
376,376,*NOUSE*,*NOUSE*,0,0,0,0,0,0,0,0
377,377,,,72,1579,38,129.00,42.88,22.45,4541,194696
378,378,*NOUSE*,*NOUSE*,0,0,0,0,0,0,0,0
379,379,,,70,1718,49,102.00,31.35,16.47,5196,162872
380,380,,,69,289,66,227.00,93.90,50.89,3495,328188
381,381,*NOUSE*,*NOUSE*,0,0,0,0,0,0,0,0
382,382,,,69,307,73,243.00,105.71,52.87,3331,352116
383,383,*NOUSE*,*NOUSE*,0,0,0,0,0,0,0,0
384,384,*NOUSE*,*NOUSE*,0,0,0,0,0,0,0,0
385,385,*NOUSE*,*NOUSE*,0,0,0,0,0,0,0,0
386,386,*NOUSE*,*NOUSE*,0,0,0,0,0,0,0,0
387,387,*NOUSE*,*NOUSE*,0,0,0,0,0,0,0,0
388,388,*NOUSE*,*NOUSE*,0,0,0,0,0,0,0,0
389,389,,,74,1179,35,225.00,53.32,40.75,5624,299884
390,390,,,73,1246,50,187.00,47.42,29.82,4967,235541
391,391,,,74,373,93,231.00,74.93,52.79,4825,361535
392,392,,,70,1387,103,188.00,79.95,40.45,3667,293164
393,393,*NOUSE*,*NOUSE*,0,0,0,0,0,0,0,0
394,394,*NOUSE*,*NOUSE*,0,0,0,0,0,0,0,0
395,395,*NOUSE*,*NOUSE*,0,0,0,0,0,0,0,0
396,396,,,72,1585,53,122.00,39.30,19.84,5746,225804
397,397,,,75,830,59,113.00,32.91,16.96,10132,333399
398,398,,,73,1271,57,189.00,53.32,29.03,4808,256376
399,399,*NOUSE*,*NOUSE*,0,0,0,0,0,0,0,0
400,400,,,73,575,98,230.00,83.09,55.92,4667,387767
401,401,*NOUSE*,*NOUSE*,0,0,0,0,0,0,0,0
402,402,*NOUSE*,*NOUSE*,0,0,0,0,0,0,0,0
403,403,,,78,1218,94,238.00,76.86,55.64,4045,310913
404,404,*NOUSE*,*NOUSE*,0,0,0,0,0,0,0,0
405,405,*NOUSE*,*NOUSE*,0,0,0,0,0,0,0,0
406,406,,,78,1122,43,135.00,37.65,22.16,7579,285344
407,407,*NOUSE*,*NOUSE*,0,0,0,0,0,0,0,0
408,408,,,80,345,66,230.00,54.71,42.31,5924,324091
409,409,,,75,254,67,245.00,82.30,56.38,3982,327721
410,410,*NOUSE*,*NOUSE*,0,0,0,0,0,0,0,0
411,411,,,76,1486,82,199.00,59.35,38.38,5058,300196
412,412,,,71,1426,93,169.00,81.51,38.46,1153,93983
413,413,*NOUSE*,*NOUSE*,0,0,0,0,0,0,0,0
414,414,,,76,640,97,243.00,73.97,54.24,4623,341969
415,415,*NOUSE*,*NOUSE*,0,0,0,0,0,0,0,0
416,416,*NOUSE*,*NOUSE*,0,0,0,0,0,0,0,0
417,417,*NOUSE*,*NOUSE*,0,0,0,0,0,0,0,0
418,418,*NOUSE*,*NOUSE*,0,0,0,0,0,0,0,0
419,419,*NOUSE*,*NOUSE*,0,0,0,0,0,0,0,0
420,420,,,77,1356,38,167.00,54.32,30.29,5563,302180
421,421,,,79,1322,38,184.00,62.17,36.56,3958,246066
422,422,*NOUSE*,*NOUSE*,0,0,0,0,0,0,0,0
423,423,*NOUSE*,*NOUSE*,0,0,0,0,0,0,0,0
424,424,,,77,1382,46,150.00,55.54,29.12,3488,193709
425,425,,,78,441,57,237.00,66.42,46.69,5838,387777
426,426,*NOUSE*,*NOUSE*,0,0,0,0,0,0,0,0
427,427,*NOUSE*,*NOUSE*,0,0,0,0,0,0,0,0
428,428,*NOUSE*,*NOUSE*,0,0,0,0,0,0,0,0
429,429,*NOUSE*,*NOUSE*,0,0,0,0,0,0,0,0
430,430,*NOUSE*,*NOUSE*,0,0,0,0,0,0,0,0
431,431,*NOUSE*,*NOUSE*,0,0,0,0,0,0,0,0
432,432,*NOUSE*,*NOUSE*,0,0,0,0,0,0,0,0
433,433,*NOUSE*,*NOUSE*,0,0,0,0,0,0,0,0
434,434,*NOUSE*,*NOUSE*,0,0,0,0,0,0,0,0
435,435,*NOUSE*,*NOUSE*,0,0,0,0,0,0,0,0
436,436,,,80,1691,40,174.00,49.82,33.32,4282,213325
437,437,*NOUSE*,*NOUSE*,0,0,0,0,0,0,0,0
438,438,*NOUSE*,*NOUSE*,0,0,0,0,0,0,0,0
439,439,*NOUSE*,*NOUSE*,0,0,0,0,0,0,0,0
440,440,,,78,206,73,161.00,56.01,35.47,3886,217641
441,441,*NOUSE*,*NOUSE*,0,0,0,0,0,0,0,0
442,442,*NOUSE*,*NOUSE*,0,0,0,0,0,0,0,0
443,443,,,80,812,98,203.00,62.25,45.38,5456,339629
444,444,*NOUSE*,*NOUSE*,0,0,0,0,0,0,0,0
445,445,*NOUSE*,*NOUSE*,0,0,0,0,0,0,0,0
446,446,*NOUSE*,*NOUSE*,0,0,0,0,0,0,0,0
447,447,*NOUSE*,*NOUSE*,0,0,0,0,0,0,0,0
448,448,,,78,1130,81,132.00,32.25,19.20,8654,279087
449,449,*NOUSE*,*NOUSE*,0,0,0,0,0,0,0,0
450,450,,,80,1582,89,163.00,51.89,31.48,5047,261907
451,451,,,81,1364,87,205.00,63.46,35.72,5257,333585
452,452,*NOUSE*,*NOUSE*,0,0,0,0,0,0,0,0
453,453,,,78,333,88,249.00,105.03,63.10,3164,332310
454,454,*NOUSE*,*NOUSE*,0,0,0,0,0,0,0,0
455,455,,,80,886,39,241.00,74.72,55.19,4910,366868
456,456,*NOUSE*,*NOUSE*,0,0,0,0,0,0,0,0
457,457,*NOUSE*,*NOUSE*,0,0,0,0,0,0,0,0
458,458,*NOUSE*,*NOUSE*,0,0,0,0,0,0,0,0
459,459,*NOUSE*,*NOUSE*,0,0,0,0,0,0,0,0
460,460,*NOUSE*,*NOUSE*,0,0,0,0,0,0,0,0
461,461,*NOUSE*,*NOUSE*,0,0,0,0,0,0,0,0
462,462,,,78,1319,69,203.00,69.81,35.89,3701,258370
463,463,*NOUSE*,*NOUSE*,0,0,0,0,0,0,0,0
464,464,*NOUSE*,*NOUSE*,0,0,0,0,0,0,0,0
465,465,*NOUSE*,*NOUSE*,0,0,0,0,0,0,0,0
466,466,*NOUSE*,*NOUSE*,0,0,0,0,0,0,0,0
467,467,*NOUSE*,*NOUSE*,0,0,0,0,0,0,0,0
468,468,,,80,736,105,243.00,71.41,53.23,6808,486148
469,469,,,81,1278,37,185.00,54.14,37.31,5057,273810
470,470,,,79,1403,45,170.00,56.46,29.46,4218,238157
471,471,*NOUSE*,*NOUSE*,0,0,0,0,0,0,0,0
472,472,,,81,778,54,235.00,68.99,53.18,4895,337698
473,473,,,82,1225,61,166.00,50.33,31.92,5844,294105
474,474,,,81,1601,79,130.00,48.44,24.79,3301,159896
475,475,*NOUSE*,*NOUSE*,0,0,0,0,0,0,0,0
476,476,,,82,1271,90,180.00,54.26,32.74,5756,312332
477,477,,,81,1522,88,178.00,57.13,33.86,4669,266747
478,478,,,83,845,98,248.00,88.69,62.78,5732,508398
479,479,*NOUSE*,*NOUSE*,0,0,0,0,0,0,0,0
480,480,,,81,1213,111,205.00,63.80,42.55,6319,403123
481,481,,,82,945,42,241.00,68.92,53.17,5184,357270
482,482,*NOUSE*,*NOUSE*,0,0,0,0,0,0,0,0
483,483,*NOUSE*,*NOUSE*,0,0,0,0,0,0,0,0
484,484,*NOUSE*,*NOUSE*,0,0,0,0,0,0,0,0
485,485,,,83,1285,63,218.00,72.84,40.98,4033,293753
486,486,*NOUSE*,*NOUSE*,0,0,0,0,0,0,0,0
487,487,*NOUSE*,*NOUSE*,0,0,0,0,0,0,0,0
488,488,*NOUSE*,*NOUSE*,0,0,0,0,0,0,0,0
489,489,,,90,1591,85,168.00,57.12,34.75,4690,267888
490,490,*NOUSE*,*NOUSE*,0,0,0,0,0,0,0,0
491,491,,,81,411,85,221.00,62.00,46.23,6119,379369
492,492,*NOUSE*,*NOUSE*,0,0,0,0,0,0,0,0
493,493,*NOUSE*,*NOUSE*,0,0,0,0,0,0,0,0
494,494,,,82,986,99,242.00,72.49,53.53,5490,397988
495,495,,,83,1590,104,159.00,46.54,27.80,6079,282891
496,496,,,84,1341,106,191.00,65.48,37.11,5011,328103
497,497,,,84,1202,43,212.00,65.40,44.25,5041,329669
498,498,,,85,1587,45,173.00,51.53,29.13,5607,288926
499,499,*NOUSE*,*NOUSE*,0,0,0,0,0,0,0,0
500,500,,,84,1510,53,222.00,76.26,42.84,3038,231673
501,501,,,83,1202,70,217.00,70.57,47.91,4246,299638
502,502,,,84,1236,88,169.00,45.89,29.64,6568,301395
503,503,*NOUSE*,*NOUSE*,0,0,0,0,0,0,0,0
504,504,*NOUSE*,*NOUSE*,0,0,0,0,0,0,0,0
505,505,*NOUSE*,*NOUSE*,0,0,0,0,0,0,0,0
506,506,*NOUSE*,*NOUSE*,0,0,0,0,0,0,0,0
507,507,,,83,1088,94,251.00,77.36,59.38,3856,298293
508,508,,,83,919,96,227.00,67.70,52.31,6298,426364
509,509,,,84,1534,43,162.00,57.28,31.90,3594,205863
510,510,*NOUSE*,*NOUSE*,0,0,0,0,0,0,0,0
511,511,*NOUSE*,*NOUSE*,0,0,0,0,0,0,0,0
512,512,,,83,330,75,247.00,90.80,64.48,4026,365568
513,513,,,82,307,75,233.00,81.90,53.26,4730,387366
514,514,,,84,538,89,216.00,48.86,36.27,5447,266142
515,515,,,84,1109,92,241.00,72.53,54.83,3956,286919
516,516,*NOUSE*,*NOUSE*,0,0,0,0,0,0,0,0
517,517,*NOUSE*,*NOUSE*,0,0,0,0,0,0,0,0
518,518,*NOUSE*,*NOUSE*,0,0,0,0,0,0,0,0
519,519,*NOUSE*,*NOUSE*,0,0,0,0,0,0,0,0
520,520,*NOUSE*,*NOUSE*,0,0,0,0,0,0,0,0
521,521,,,86,1490,68,202.00,66.82,33.93,3635,242899
522,522,*NOUSE*,*NOUSE*,0,0,0,0,0,0,0,0
523,523,,,85,1397,76,201.00,78.80,39.70,3674,289514
524,524,,,84,1542,79,176.00,78.72,39.01,2311,181912
525,525,,,84,1290,90,238.00,91.39,53.51,3319,303308
526,526,*NOUSE*,*NOUSE*,0,0,0,0,0,0,0,0
527,527,*NOUSE*,*NOUSE*,0,0,0,0,0,0,0,0
528,528,*NOUSE*,*NOUSE*,0,0,0,0,0,0,0,0
529,529,*NOUSE*,*NOUSE*,0,0,0,0,0,0,0,0
530,530,,,86,1336,60,216.00,85.70,42.28,3070,263113
531,531,*NOUSE*,*NOUSE*,0,0,0,0,0,0,0,0
532,532,*NOUSE*,*NOUSE*,0,0,0,0,0,0,0,0
533,533,*NOUSE*,*NOUSE*,0,0,0,0,0,0,0,0
534,534,,,86,638,83,181.00,52.32,36.45,5788,302852
535,535,*NOUSE*,*NOUSE*,0,0,0,0,0,0,0,0
536,536,,,86,1369,98,243.00,74.59,44.84,3462,258237
537,537,*NOUSE*,*NOUSE*,0,0,0,0,0,0,0,0
538,538,,,88,925,51,225.00,65.24,51.69,4789,312440
539,539,*NOUSE*,*NOUSE*,0,0,0,0,0,0,0,0
540,540,*NOUSE*,*NOUSE*,0,0,0,0,0,0,0,0
541,541,,,86,1419,73,186.00,80.89,36.96,2939,237723
542,542,,,86,369,86,189.00,53.91,38.40,5947,320597
543,543,*NOUSE*,*NOUSE*,0,0,0,0,0,0,0,0
544,544,,,86,667,98,182.00,52.14,38.36,5800,302434
545,545,*NOUSE*,*NOUSE*,0,0,0,0,0,0,0,0
546,546,*NOUSE*,*NOUSE*,0,0,0,0,0,0,0,0
547,547,,,85,1407,103,214.00,79.19,41.29,3069,243035
548,548,*NOUSE*,*NOUSE*,0,0,0,0,0,0,0,0
549,549,*NOUSE*,*NOUSE*,0,0,0,0,0,0,0,0
550,550,*NOUSE*,*NOUSE*,0,0,0,0,0,0,0,0
551,551,,,89,1580,59,189.00,63.65,39.40,3994,254217
552,552,*NOUSE*,*NOUSE*,0,0,0,0,0,0,0,0
553,553,*NOUSE*,*NOUSE*,0,0,0,0,0,0,0,0
554,554,*NOUSE*,*NOUSE*,0,0,0,0,0,0,0,0
555,555,,,89,1270,68,231.00,73.82,50.01,4089,301869
556,556,,,92,1300,76,228.00,79.79,48.77,4676,373106
557,557,,,88,1341,91,204.00,79.49,42.54,3752,298231
558,558,*NOUSE*,*NOUSE*,0,0,0,0,0,0,0,0
559,559,*NOUSE*,*NOUSE*,0,0,0,0,0,0,0,0
560,560,,,84,1387,103,200.00,82.72,40.00,3018,249649
561,561,*NOUSE*,*NOUSE*,0,0,0,0,0,0,0,0
562,562,*NOUSE*,*NOUSE*,0,0,0,0,0,0,0,0
563,563,*NOUSE*,*NOUSE*,0,0,0,0,0,0,0,0
564,564,,,89,1612,60,175.00,49.94,29.20,4855,242461
565,565,,,90,1593,60,157.00,54.96,33.67,3832,210621
566,566,,,89,1522,58,196.00,67.59,37.55,3463,234068
567,567,*NOUSE*,*NOUSE*,0,0,0,0,0,0,0,0
568,568,*NOUSE*,*NOUSE*,0,0,0,0,0,0,0,0
569,569,,,89,1241,70,186.00,54.40,39.18,5114,278195
570,570,,,89,1178,74,246.00,75.93,58.03,3602,273502
571,571,*NOUSE*,*NOUSE*,0,0,0,0,0,0,0,0
572,572,,,87,485,84,194.00,46.30,32.64,7056,326666
573,573,*NOUSE*,*NOUSE*,0,0,0,0,0,0,0,0
574,574,,,91,1469,89,177.00,55.46,33.87,4889,271138
575,575,*NOUSE*,*NOUSE*,0,0,0,0,0,0,0,0
576,576,,,88,1306,93,222.00,75.90,42.07,3820,289924
577,577,,,91,1451,98,175.00,53.98,31.11,6401,345515
578,578,*NOUSE*,*NOUSE*,0,0,0,0,0,0,0,0
579,579,,,90,1296,52,159.00,53.88,27.64,4636,249777
580,580,*NOUSE*,*NOUSE*,0,0,0,0,0,0,0,0
581,581,*NOUSE*,*NOUSE*,0,0,0,0,0,0,0,0
582,582,*NOUSE*,*NOUSE*,0,0,0,0,0,0,0,0
583,583,*NOUSE*,*NOUSE*,0,0,0,0,0,0,0,0
584,584,,,91,1503,86,217.00,68.96,41.53,3707,255627
585,585,*NOUSE*,*NOUSE*,0,0,0,0,0,0,0,0
586,586,*NOUSE*,*NOUSE*,0,0,0,0,0,0,0,0
587,587,*NOUSE*,*NOUSE*,0,0,0,0,0,0,0,0
588,588,*NOUSE*,*NOUSE*,0,0,0,0,0,0,0,0
589,589,,,92,1633,63,146.00,45.34,26.61,4898,222080
590,590,*NOUSE*,*NOUSE*,0,0,0,0,0,0,0,0
591,591,*NOUSE*,*NOUSE*,0,0,0,0,0,0,0,0
592,592,,,90,1342,75,196.00,76.43,38.44,3502,267659
593,593,,,92,1633,79,194.00,52.59,33.26,4446,233805
594,594,*NOUSE*,*NOUSE*,0,0,0,0,0,0,0,0
595,595,*NOUSE*,*NOUSE*,0,0,0,0,0,0,0,0
596,596,,,89,1640,50,127.00,49.03,24.43,2039,99964
597,597,*NOUSE*,*NOUSE*,0,0,0,0,0,0,0,0
598,598,*NOUSE*,*NOUSE*,0,0,0,0,0,0,0,0
599,599,*NOUSE*,*NOUSE*,0,0,0,0,0,0,0,0
600,600,*NOUSE*,*NOUSE*,0,0,0,0,0,0,0,0
601,601,*NOUSE*,*NOUSE*,0,0,0,0,0,0,0,0
602,602,,,91,1476,68,174.00,56.95,33.85,3986,226996
603,603,,,91,819,76,248.00,70.05,55.83,5266,368863
604,604,,,91,945,85,198.00,52.97,40.87,5972,316316
605,605,*NOUSE*,*NOUSE*,0,0,0,0,0,0,0,0
606,606,*NOUSE*,*NOUSE*,0,0,0,0,0,0,0,0
607,607,*NOUSE*,*NOUSE*,0,0,0,0,0,0,0,0
608,608,*NOUSE*,*NOUSE*,0,0,0,0,0,0,0,0
609,609,,,93,1547,62,206.00,63.04,36.02,3421,215645
610,610,*NOUSE*,*NOUSE*,0,0,0,0,0,0,0,0
611,611,,,93,1653,69,137.00,44.45,25.03,4813,213923
612,612,,,93,1517,78,185.00,63.90,37.50,3957,252846
613,613,*NOUSE*,*NOUSE*,0,0,0,0,0,0,0,0
614,614,,,93,1551,80,225.00,70.82,43.72,4495,318316
615,615,,,94,887,81,228.00,49.82,37.80,7115,354470
616,616,,,93,1053,85,195.00,56.63,41.50,5912,334792
617,617,,,92,831,91,213.00,53.26,38.92,5979,318452
618,618,*NOUSE*,*NOUSE*,0,0,0,0,0,0,0,0
619,619,*NOUSE*,*NOUSE*,0,0,0,0,0,0,0,0
620,620,,,92,1175,52,149.00,41.34,24.05,6716,277668
621,621,*NOUSE*,*NOUSE*,0,0,0,0,0,0,0,0
622,622,*NOUSE*,*NOUSE*,0,0,0,0,0,0,0,0
623,623,*NOUSE*,*NOUSE*,0,0,0,0,0,0,0,0
624,624,,,94,1533,79,205.00,67.44,40.81,3689,248779
625,625,*NOUSE*,*NOUSE*,0,0,0,0,0,0,0,0
626,626,*NOUSE*,*NOUSE*,0,0,0,0,0,0,0,0
627,627,,,92,1542,51,146.00,64.11,30.36,3282,210419
628,628,*NOUSE*,*NOUSE*,0,0,0,0,0,0,0,0
629,629,*NOUSE*,*NOUSE*,0,0,0,0,0,0,0,0
630,630,*NOUSE*,*NOUSE*,0,0,0,0,0,0,0,0
631,631,,,95,1566,63,220.00,63.99,41.24,3849,246285
632,632,,,93,1406,60,162.00,63.67,33.89,3390,215830
633,633,*NOUSE*,*NOUSE*,0,0,0,0,0,0,0,0
634,634,*NOUSE*,*NOUSE*,0,0,0,0,0,0,0,0
635,635,*NOUSE*,*NOUSE*,0,0,0,0,0,0,0,0
636,636,*NOUSE*,*NOUSE*,0,0,0,0,0,0,0,0
637,637,*NOUSE*,*NOUSE*,0,0,0,0,0,0,0,0
638,638,,,95,1446,64,174.00,60.30,36.49,4740,285799
639,639,,,96,1331,64,229.00,87.54,51.75,3025,264807
640,640,*NOUSE*,*NOUSE*,0,0,0,0,0,0,0,0
641,641,,,95,1428,66,166.00,64.66,37.30,3765,243462
642,642,,,96,1531,66,174.00,56.20,34.62,3955,222286
643,643,,,97,1601,69,137.00,44.98,24.66,4109,184830
644,644,,,95,1377,82,213.00,62.42,41.16,4429,276470
645,645,*NOUSE*,*NOUSE*,0,0,0,0,0,0,0,0
646,646,*NOUSE*,*NOUSE*,0,0,0,0,0,0,0,0
647,647,,,96,1256,56,236.00,62.05,47.67,4190,259998
648,648,*NOUSE*,*NOUSE*,0,0,0,0,0,0,0,0
649,649,,,97,1357,79,171.00,58.57,33.48,4703,275461
650,650,*NOUSE*,*NOUSE*,0,0,0,0,0,0,0,0
651,651,,,98,1332,79,199.00,74.96,44.82,3606,270293
652,652,*NOUSE*,*NOUSE*,0,0,0,0,0,0,0,0
653,653,*NOUSE*,*NOUSE*,0,0,0,0,0,0,0,0
654,654,,,96,1505,70,236.00,67.20,45.35,3704,248909
655,655,,,96,1400,75,171.00,62.50,36.71,4136,258515
656,656,,,97,1316,78,235.00,81.16,51.49,3479,282343
657,657,,,97,1289,84,221.00,73.44,48.21,3928,288478
658,658,*NOUSE*,*NOUSE*,0,0,0,0,0,0,0,0
659,659,*NOUSE*,*NOUSE*,0,0,0,0,0,0,0,0
660,660,,,99,1285,66,169.00,49.94,27.56,5322,265763
661,661,*NOUSE*,*NOUSE*,0,0,0,0,0,0,0,0
662,662,*NOUSE*,*NOUSE*,0,0,0,0,0,0,0,0
663,663,,,99,1264,85,204.00,54.85,40.99,5840,320344
664,664,*NOUSE*,*NOUSE*,0,0,0,0,0,0,0,0
665,665,*NOUSE*,*NOUSE*,0,0,0,0,0,0,0,0
666,666,,,97,1459,74,126.00,40.05,20.73,3368,134879
667,667,*NOUSE*,*NOUSE*,0,0,0,0,0,0,0,0
668,668,*NOUSE*,*NOUSE*,0,0,0,0,0,0,0,0
669,669,*NOUSE*,*NOUSE*,0,0,0,0,0,0,0,0
670,670,*NOUSE*,*NOUSE*,0,0,0,0,0,0,0,0
671,671,*NOUSE*,*NOUSE*,0,0,0,0,0,0,0,0
672,672,*NOUSE*,*NOUSE*,0,0,0,0,0,0,0,0
673,673,,*MANUAL*$372$371,71,1235,103,203.00,55.88,37.16,5769,322365
674,674,,*MANUAL*,81,1303,77,187.00,105.35,27.62,1365,143801
675,675,,*MANUAL*,65,1300,57,180.00,105.45,26.53,895,94379
676,676,,*MANUAL*,79,1300,61,178.00,104.85,26.20,895,93845
677,677,,*MANUAL*,65,1300,92,182.00,115.62,27.80,895,103484
678,678,,*MANUAL*,76,1296,94,206.00,122.33,30.62,895,109484
679,679,,*MANUAL*,67,1311,87,178.00,90.87,30.71,895,81327
680,680,,*MANUAL*,72,1539,53,192.00,128.10,18.38,473,60589
681,681,,*MANUAL*,64,1542,54,149.00,89.08,23.41,895,79731
682,682,,*MANUAL*,81,1542,57,148.00,102.05,18.08,485,49493
683,683,,*MANUAL*$130$146,54,1543,71,157.00,55.06,27.23,3998,220125
684,684,,*MANUAL*,75,1540,101,159.00,86.90,25.04,895,77776
685,685,,*MANUAL*,52,1549,86,204.00,100.91,31.65,1127,113722
686,686,,*MANUAL*,59,1549,83,227.00,125.01,35.25,895,111883
687,687,,*MANUAL*,85,1545,94,210.00,129.07,28.85,860,110998
688,688,,*MANUAL*,77,1545,88,201.00,127.47,24.81,895,114083
689,689,,*MANUAL*,83,1564,70,158.00,82.46,21.66,1365,112554
690,690,,*MANUAL*,67,1561,98,142.00,72.65,21.01,1279,92920
691,691,,*MANUAL*,71,1553,54,207.00,117.66,25.88,479,56360
692,692,,*MANUAL*,74,1561,56,228.00,145.04,32.65,485,70346
693,693,,*MANUAL*,56,1571,74,154.00,84.92,27.36,895,76000
694,694,,*MANUAL*,83,1566,84,184.00,95.20,30.22,895,85200
695,695,,*MANUAL*,59,1567,87,217.00,104.63,27.44,895,93640
696,696,,*MANUAL*,75,1564,94,221.00,108.38,41.90,895,97002
697,697,,*MANUAL*,58,1589,82,147.00,82.63,22.63,871,71975
698,698,,*MANUAL*$447$464,78,1729,77,120.00,32.76,19.77,5845,191459
699,699,,*MANUAL*,80,1696,78,135.00,54.90,25.01,1365,74936
700,700,,*MANUAL*,80,1678,80,184.00,70.02,30.89,1365,95573
701,701,,*MANUAL*,80,1649,83,169.00,91.11,29.95,831,75711
702,702,,*MANUAL*,82,1616,87,160.00,83.26,29.30,895,74517
703,703,,*MANUAL*,57,1704,74,139.00,47.45,28.71,1365,64765
704,704,,*MANUAL*,57,1678,76,166.00,82.19,23.80,895,73561
705,705,,*MANUAL*,57,1658,76,160.00,79.44,25.17,895,71101
706,706,,*MANUAL*,57,1617,81,128.00,64.52,21.53,796,51361
707,707,*NOUSE*,*NOUSE*,0,0,0,0,0,0,0,0
708,708,,*MANUAL*$707$211,60,1609,72,124.00,42.87,20.48,4226,181181
709,709,,*MANUAL*,72,1684,47,168.00,68.90,28.23,1365,94051
710,710,,*MANUAL*,72,1665,49,180.00,89.82,27.80,1346,120901
711,711,,*MANUAL*,73,1641,49,157.00,77.51,26.01,1317,102080
712,712,,*MANUAL*,75,1642,85,159.00,63.91,24.94,895,57198
713,713,,*MANUAL*,63,1646,79,110.00,48.06,14.94,895,43011
714,714,,*MANUAL*,77,1621,59,103.00,51.44,16.07,895,46035
715,715,,*MANUAL*,66,1646,57,82.00,31.95,14.00,879,28082
716,716,,*MANUAL*$35$34,43,1242,85,178.00,52.33,37.18,4709,246402
717,717,,*MANUAL*,48,1297,73,172.00,102.47,26.07,1365,139873
718,718,,*MANUAL*,44,1314,79,189.00,97.88,27.74,1365,133609
719,719,,*MANUAL*,44,1329,78,196.00,101.05,27.69,1365,137940
720,720,,*MANUAL*,46,1354,80,151.00,68.24,23.31,2059,140496
721,721,,*MANUAL*,44,1398,72,134.00,83.43,15.46,1191,99365
722,722,,*MANUAL*,47,1437,77,173.00,97.14,25.32,1157,112388
723,723,,*MANUAL*,48,1334,65,185.00,109.43,24.42,1363,149150
724,724,,*MANUAL*,46,1314,61,182.00,90.20,27.74,1365,123118
725,725,,*MANUAL*,49,1327,52,211.00,111.54,33.78,1345,150022
726,726,,*MANUAL*,50,1342,48,213.00,125.85,24.43,879,110621
727,727,,*MANUAL*,50,1381,48,183.00,92.61,25.01,1365,126407
728,728,,*MANUAL*,47,1444,62,191.00,94.08,24.33,1357,127663
729,729,,*MANUAL*,54,1420,50,189.00,97.81,31.06,1355,132531
730,730,,*MANUAL*,57,1394,51,153.00,90.35,22.95,1258,113662
731,731,,*MANUAL*,60,1410,54,202.00,105.26,26.45,1365,143675
732,732,,*MANUAL*,57,1434,58,187.00,106.77,25.51,1343,143387
733,733,,*MANUAL*,57,1374,58,187.00,89.82,23.50,1365,122602
734,734,,*MANUAL*,56,1336,55,194.00,106.02,29.83,1297,137510
735,735,,*MANUAL*,54,1395,71,160.00,91.25,21.89,1365,124560
736,736,,*MANUAL*,54,1362,74,163.00,80.38,28.73,2103,169036
737,737,,*MANUAL*,54,1342,74,150.00,85.99,22.54,1365,117375
738,738,,*MANUAL*,53,1321,72,194.00,96.12,31.24,1365,131197
739,739,,*MANUAL*,62,1330,47,218.00,125.69,33.39,1365,171564
740,740,,*MANUAL*,65,1397,43,145.00,76.18,23.27,2103,160208
741,741,,*MANUAL*,68,1421,43,188.00,108.71,26.02,1302,141544
742,742,,*MANUAL*,77,1424,47,191.00,114.87,22.27,895,102808
743,743,*NOUSE*,*NOUSE*,0,0,0,0,0,0,0,0
744,744,,*MANUAL*,82,1324,51,227.00,134.13,42.43,1335,179070
745,745,,*MANUAL*,95,1435,80,208.00,98.41,39.03,1365,134335
746,746,,*MANUAL*,93,1385,65,186.00,71.36,33.35,2058,146858
747,747,,*MANUAL*,93,1357,61,167.00,73.84,29.53,2726,201276
748,748,,*MANUAL*,93,1324,52,230.00,119.40,49.19,1365,162975
749,749,,*MANUAL*,79,1345,48,191.00,112.04,23.30,1328,148784
750,750,,*MANUAL*,90,1345,48,208.00,119.10,38.30,1365,162577
751,751,,*MANUAL*,86,1362,51,174.00,105.58,25.96,1365,144117
752,752,,*MANUAL*,91,1378,49,202.00,97.84,40.16,1365,133550
753,753,,*MANUAL*,89,1425,54,187.00,105.22,29.45,1365,143626
754,754,,*MANUAL*$519$539,85,1395,57,195.00,68.62,34.37,3769,258643
755,755,,*MANUAL*,85,1412,57,202.00,107.90,31.59,1365,147288
756,756,,*MANUAL*,86,1437,61,229.00,114.97,32.99,1361,156469
757,757,,*MANUAL*,86,1375,66,205.00,106.49,30.50,1365,145363
758,758,,*MANUAL*,85,1356,64,190.00,109.61,34.83,895,98105
759,759,,*MANUAL*,95,1311,63,218.00,118.67,39.28,1314,155938
760,760,,*MANUAL*,89,1321,68,221.00,122.66,33.59,2103,257951
761,761,,*MANUAL*,70,1436,39,181.00,102.65,26.81,1355,139095
762,762,,*MANUAL*,63,1443,52,203.00,102.63,29.17,1365,140088
763,763,,*MANUAL*,79,1443,53,215.00,120.01,29.25,885,106210
764,764,,*MANUAL*,84,1439,43,199.00,99.10,30.03,1365,135276
765,765,,*MANUAL*,60,1431,43,182.00,113.47,22.51,895,101553
766,766,,*MANUAL*,82,1434,82,224.00,153.81,29.64,482,74136
767,767,,*MANUAL*,80,1438,90,233.00,144.91,37.32,485,70279
768,768,,*MANUAL*,55,1439,76,209.00,114.20,25.34,895,102210
769,769,,*MANUAL*,88,1427,96,209.00,120.74,36.28,1277,154183
770,770,,*MANUAL*,54,1432,96,189.00,105.05,29.71,1312,137829
771,771,,*MANUAL*,53,1406,95,210.00,111.71,27.40,1164,130034
772,772,,*MANUAL*,60,1425,95,201.00,136.02,20.16,485,65972
773,773,,*MANUAL*,82,1421,96,215.00,159.21,21.00,485,77216
774,774,,*MANUAL*,86,1407,90,220.00,139.21,29.82,895,124594
775,775,,*MANUAL*,59,1409,84,188.00,109.67,24.55,894,98047
776,776,,*MANUAL*,62,1405,96,213.00,140.22,24.23,895,125497
777,777,,*MANUAL*,76,1402,94,207.00,137.71,23.29,895,123249
778,778,,*MANUAL*,53,1419,86,204.00,122.95,24.73,895,110039
779,779,,*MANUAL*,88,1390,90,214.00,108.65,42.34,1365,148308
780,780,,*MANUAL*,78,1384,93,213.00,146.33,20.24,895,130961
781,781,,*MANUAL*$133$132,53,1391,88,187.00,69.01,29.92,3426,236431
782,782,,*MANUAL*,49,1376,94,208.00,103.24,28.56,1287,132866
783,783,,*MANUAL*,56,1368,91,192.00,111.57,30.43,1365,152287
784,784,,*MANUAL*$361$373,69,1408,107,188.00,65.69,33.59,4248,279042
785,785,,*MANUAL*,64,1361,105,166.00,74.18,28.87,2103,156002
786,786,,*MANUAL*,66,1332,107,230.00,139.67,39.95,894,124865
787,787,,*MANUAL*,76,1326,109,240.00,154.28,42.51,895,138080
788,788,,*MANUAL*,63,1331,93,203.00,125.40,32.78,769,96435
789,789,,*MANUAL*,55,1332,93,219.00,140.03,28.34,895,125324
790,790,,*MANUAL*,82,1329,90,227.00,131.15,36.08,1365,179021
791,791,,*MANUAL*,91,1320,94,222.00,109.61,40.35,1365,149622
792,792,,*MANUAL*$618$607,92,1258,104,227.00,56.80,42.23,5559,315771
793,793,,*MANUAL*,67,1200,110,204.00,117.04,34.03,1361,159298
794,794,,*MANUAL*$344$316,67,1225,117,193.00,59.58,37.80,5190,309198
795,795,,*MANUAL*,78,1294,112,215.00,123.33,45.90,1309,161439
796,796,,*MANUAL*,58,1299,109,199.00,125.99,28.43,895,112759
797,797,,*MANUAL*,71,1303,112,214.00,128.13,35.83,1365,174904
798,798,,*MANUAL*,78,1312,106,247.00,152.46,33.59,895,136451
799,799,*NOUSE*,*NOUSE*,0,0,0,0,0,0,0,0
800,800,,*MANUAL*,77,1494,101,223.00,127.62,35.29,1352,172544
801,801,,*MANUAL*,88,1504,62,200.00,104.92,27.45,1357,142383
802,802,,*MANUAL*,84,1484,54,184.00,107.27,26.29,734,78739
803,803,,*MANUAL*,84,1496,54,204.00,110.29,35.11,895,98709
804,804,,*MANUAL*,57,1499,100,194.00,118.81,25.90,895,106331
805,805,,*MANUAL*,68,1461,106,182.00,95.34,26.50,1365,130136
806,806,,*MANUAL*,59,1479,102,188.00,132.26,19.33,879,116259
807,807,,*MANUAL*,74,1476,103,175.00,109.82,25.09,722,79289
808,808,,*MANUAL*,67,1488,100,205.00,141.13,22.75,895,126307
809,809,,*MANUAL*,69,1505,105,220.00,134.16,29.99,893,119807
810,810,,*MANUAL*,61,1523,110,162.00,77.31,30.75,1355,104760
811,811,,*MANUAL*,75,1514,110,193.00,97.36,31.88,1365,132892
812,812,,*MANUAL*,71,1478,40,173.00,88.67,31.79,1361,120682
813,813,,*MANUAL*,76,1492,44,204.00,136.13,24.38,895,121835
814,814,,*MANUAL*,64,1488,42,202.00,111.30,31.31,1365,151919
815,815,,*MANUAL*,67,1506,45,246.00,128.25,26.70,875,112215
816,816,,*MANUAL*,76,1511,43,197.00,131.25,23.97,873,114582
817,817,,*MANUAL*,44,1527,63,169.00,68.76,25.21,1959,134701
818,818,,*MANUAL*,50,1526,55,179.00,111.16,23.11,895,99489
819,819,,*MANUAL*,85,1506,99,237.00,111.87,43.96,1365,152706
820,820,,*MANUAL*,50,1516,94,168.00,86.33,21.64,1365,117845
821,821,,*MANUAL*,43,1535,78,166.00,83.43,24.47,1365,113876
822,822,,*MANUAL*,48,1594,82,148.00,82.07,21.84,1365,112029
823,823,,*MANUAL*,48,1612,78,154.00,74.01,20.60,2103,155651
824,824,,*MANUAL*,51,1624,56,133.00,69.00,19.79,1365,94191
825,825,,*MANUAL*,52,1591,57,163.00,87.60,23.15,1319,115543
826,826,,*MANUAL*,54,1580,53,191.00,91.46,35.44,1363,124655
827,827,,*MANUAL*,45,1571,59,198.00,93.15,32.92,1365,127145
828,828,,*MANUAL*,96,1564,73,237.00,110.21,33.22,1365,150441
829,829,,*MANUAL*,95,1574,82,190.00,97.04,37.84,1365,132460
830,830,,*MANUAL*,92,1612,82,212.00,95.30,32.63,1365,130081
831,831,,*MANUAL*$320$287,65,1789,49,114.00,29.94,14.75,3965,118719
832,832,,*MANUAL*,80,1667,39,160.00,73.38,34.15,2098,153943
833,833,,*MANUAL*,81,1630,41,174.00,90.81,27.65,1365,123960
834,834,,*MANUAL*,68,1644,38,209.00,94.12,29.14,1365,128478
835,835,,*MANUAL*,73,1657,33,137.00,61.84,22.88,1365,84407
836,836,,*MANUAL*$378$365,71,1613,39,128.00,42.34,22.50,4439,187950
837,837,,*MANUAL*,71,1516,33,118.00,45.09,16.61,1365,61550
838,838,*NOUSE*,*NOUSE*,0,0,0,0,0,0,0,0
839,839,,*MANUAL*$386$838,70,1399,29,109.00,38.33,17.50,4431,169836
840,840,,*MANUAL*,73,1705,92,193.00,74.29,34.47,1365,101411
841,841,,*MANUAL*,74,1679,95,193.00,93.65,27.56,1291,120907
842,842,,*MANUAL*,73,1657,98,211.00,86.91,36.73,1365,118638
843,843,,*MANUAL*,64,1714,92,148.00,63.95,21.58,1365,87285
844,844,,*MANUAL*,64,1694,93,151.00,83.80,26.34,1365,114391
845,845,,*MANUAL*,64,1669,95,167.00,90.23,24.65,1331,120096
846,846,,*MANUAL*,65,1646,97,166.00,89.05,32.37,1301,115855
847,847,,*MANUAL*,67,1678,100,139.00,51.04,22.98,895,45678
848,848,,*MANUAL*$358$359,69,1622,102,111.00,39.02,17.51,5531,215812
849,849,,*MANUAL*$362$343,68,1536,116,125.00,41.33,20.13,3556,146982
850,850,,*MANUAL*$591$590,89,1721,66,104.00,30.97,15.68,6016,186326
851,851,,*MANUAL*$587$550,90,1665,56,154.00,43.11,23.13,7181,309553
852,852,,*MANUAL*$558$662,91,1669,83,140.00,45.08,24.18,4060,183021
853,853,,*MANUAL*$559$526,86,1634,95,155.00,47.78,27.24,7382,352692
854,854,,*MANUAL*,84,1499,39,154.00,69.40,31.71,895,62111
855,855,,*MANUAL*,90,1481,50,166.00,91.38,28.55,1365,124732
856,856,,*MANUAL*$347$395,69,1308,42,193.00,58.73,31.83,4046,237602
857,857,,*MANUAL*,83,1067,41,249.00,106.39,49.37,2103,223736
858,858,,*MANUAL*$445$435,78,1023,37,242.00,71.91,55.06,5460,392646
859,859,,*MANUAL*$458$446,79,701,54,224.00,69.62,52.18,5708,397405
860,860,,*MANUAL*$422$423,76,619,48,233.00,63.73,48.93,6236,397439
861,861,,*MANUAL*,79,304,56,228.00,106.96,58.43,1365,146000
862,862,,*MANUAL*$605$635,92,1533,100,150.00,49.76,25.90,5146,256069
863,863,,*MANUAL*,82,1471,105,168.00,77.30,31.96,2103,162570
864,864,,*MANUAL*$578$606,89,1286,106,222.00,64.52,40.98,5317,343031
865,865,,*MANUAL*$493$479,81,1183,101,211.00,65.76,46.05,5422,356545
866,866,,*MANUAL*$432$433,76,1117,102,240.00,57.44,45.80,6291,361365
867,867,*NOUSE*,*NOUSE*,0,0,0,0,0,0,0,0
868,868,,*MANUAL*$545$867,85,1041,99,244.00,66.90,51.32,6480,433531
869,869,,*MANUAL*,76,464,93,227.00,121.11,48.42,1347,163129
870,870,,*MANUAL*,72,247,83,243.00,110.94,46.53,1365,151432
871,871,,*MANUAL*$71$87,48,1713,63,93.00,28.43,13.49,5255,149379
872,872,,*MANUAL*$160$124,54,1673,50,115.00,38.57,19.39,6149,237192
873,873,,*MANUAL*,56,1640,44,158.00,52.61,24.95,1365,71812
874,874,,*MANUAL*$217$207,60,1593,42,144.00,45.04,23.70,5085,229006
875,875,,*MANUAL*$122$114,52,1445,46,172.00,51.83,29.20,4754,246397
876,876,,*MANUAL*$270$241,64,1333,36,189.00,59.74,33.50,4635,276901
877,877,,*MANUAL*$209$210,60,547,50,188.00,56.07,41.64,6443,361264
878,878,,*MANUAL*,63,240,79,193.00,104.90,40.43,1223,128293
879,879,,*MANUAL*,47,1666,79,140.00,71.17,19.03,1365,97147
880,880,,*MANUAL*,55,1645,95,143.00,61.65,21.37,1365,84155
881,881,,*MANUAL*$155$154,55,1598,102,128.00,42.58,23.65,6600,281012
882,882,,*MANUAL*$58$90,46,1533,97,119.00,47.39,18.61,3941,186779
883,883,,*MANUAL*,53,1486,106,160.00,82.92,27.39,895,74209
884,884,,*MANUAL*$56$46$57,46,1447,93,179.00,45.61,25.99,7300,332936
885,885,,*MANUAL*,53,1345,102,147.00,85.27,23.48,1365,116388
886,886,,*MANUAL*,56,1205,108,195.00,107.31,34.76,1365,146475
887,887,*NOUSE*,*NOUSE*,0,0,0,0,0,0,0,0
888,888,,*MANUAL*$183$887,54,900,95,188.00,47.83,36.61,8089,386892
889,889,,*MANUAL*,59,828,100,226.00,107.37,51.04,1365,146561
890,890,,*MANUAL*$226$214,62,804,104,227.00,61.48,47.60,6567,403713
891,891,,*MANUAL*,58,698,103,183.00,83.93,37.41,2969,249175
892,892,,*MANUAL*,57,467,91,230.00,103.48,41.27,1212,125421
893,893,,*MANUAL*$431$415,79,785,94,244.00,57.71,41.90,11251,649307
894,894,,*MANUAL*,64,462,98,251.00,132.19,52.05,2103,278006
895,895,,*MANUAL*,68,838,107,233.00,110.85,49.68,2103,233118
896,896,,*MANUAL*,56,1086,104,228.00,109.72,51.07,1254,137593
897,897,,*MANUAL*,65,1081,107,221.00,107.73,47.66,2103,226548
898,898,,*MANUAL*$284$267,64,1161,108,191.00,49.15,38.29,5190,255088
899,899,,*MANUAL*$171$113,53,1131,43,119.00,33.12,17.20,8021,265667
900,900,,*MANUAL*$111$110,52,1131,87,108.00,33.44,17.61,7691,257181
901,901,,*MANUAL*$238$205,62,1058,92,97.00,29.19,15.24,10691,312066
902,902,,*MANUAL*$306$190,60,780,65,157.00,32.29,17.52,9110,294206
903,903,,*MANUAL*$384$311,70,401,87,193.00,50.50,32.57,6075,306763
904,904,,*MANUAL*$427$410,77,724,80,125.00,36.14,20.34,9196,332338
905,905,,*MANUAL*,79,535,51,243.00,102.62,48.98,2103,215810
906,906,,*MANUAL*$185$198,59,729,53,199.00,58.34,43.91,5953,347297
907,907,,*MANUAL*,41,1446,73,125.00,52.26,20.36,1365,71335
908,908,,*MANUAL*$61$67,48,1298,53,171.00,50.66,23.35,3772,191078
909,909,*NOUSE*,*NOUSE*,0,0,0,0,0,0,0,0
910,910,,*MANUAL*$41$909,43,1199,60,118.00,36.72,19.44,6800,249722
911,911,,*MANUAL*$43$39,45,998,76,131.00,38.62,23.56,5900,227887
912,912,,*MANUAL*$77$76,49,879,79,137.00,38.88,23.99,6930,269456
913,913,,*MANUAL*$79$65,48,710,93,151.00,41.99,25.74,6884,289075
914,914,,*MANUAL*$98$88,50,595,73,137.00,40.49,24.73,6630,268424
915,915,,*MANUAL*$17$18$16,42,1079,61,101.00,32.60,16.24,7410,241559
916,916,,*MANUAL*$85$105$47,46,969,55,105.00,30.14,16.51,8552,257728
917,917,,*MANUAL*$96$95$94,51,851,57,116.00,36.09,21.15,7540,272107
918,918,,*MANUAL*$64$74$50,47,649,69,120.00,34.89,19.67,8000,279108
919,919,,*MANUAL*$128$127$117,53,507,62,128.00,37.47,21.68,7427,278309
920,920,,*MANUAL*,56,315,55,140.00,51.95,30.42,1985,103111
921,921,,*MANUAL*$131$119,52,521,88,166.00,44.07,29.37,5272,232322
922,922,,*MANUAL*,51,381,79,171.00,66.03,28.75,1365,90130
923,923,,*MANUAL*,55,395,83,221.00,116.67,44.47,1365,159248
924,924,*NOUSE*,*NOUSE*,0,0,0,0,0,0,0,0
925,925,,*MANUAL*$652$650,95,1204,84,131.00,38.83,22.39,7806,303099
926,926,,*MANUAL*$670$924,96,1216,64,145.00,40.85,21.99,6952,283963
927,927,,*MANUAL*$567$554$568,88,1146,64,217.00,49.39,35.65,5823,287573
928,928,,*MANUAL*$613$622,93,995,79,209.00,51.55,38.35,6865,353905
929,929,,*MANUAL*$585$575,89,723,92,199.00,53.07,37.52,6332,336020
930,930,,*MANUAL*$503$573,85,580,87,199.00,52.05,38.83,5663,294756
931,931,,*MANUAL*$511$487,82,599,70,167.00,44.45,28.55,7144,317572
932,932,,*MANUAL*$600$588,92,1065,61,148.00,41.13,25.86,7911,325409
933,933,,*MANUAL*$630$598,92,944,58,191.00,45.18,29.75,7041,318115
934,934,,*MANUAL*$621$599,92,814,60,135.00,42.41,27.18,7514,318646
935,935,,*MANUAL*$601$582,89,524,67,171.00,42.25,25.80,7966,336576
936,936,,*MANUAL*,88,314,64,160.00,49.04,33.74,1349,66155
937,937,,*MANUAL*$546$527,85,756,97,250.00,84.08,64.57,3901,328002
938,938,,*MANUAL*,80,349,88,254.00,152.82,62.15,1343,205231
939,939,,*MANUAL*,79,320,61,248.00,158.34,44.85,1365,216137
940,940,,*MANUAL*,80,287,73,236.00,138.04,34.79,1365,188424
941,941,,*MANUAL*,78,296,83,248.00,152.52,48.97,1365,208194
942,942,,*MANUAL*,79,271,68,251.00,163.11,43.41,1307,213189
943,943,,*MANUAL*,77,266,78,249.00,150.44,45.96,1293,194524
944,944,,*MANUAL*,70,228,75,251.00,160.94,40.85,862,138729
945,945,,*MANUAL*,61,346,89,251.00,140.30,58.86,1247,174951
946,946,,*MANUAL*,70,347,87,254.00,203.75,39.64,895,182352
947,947,,*MANUAL*,57,298,69,233.00,134.52,42.28,1333,179319
948,948,,*MANUAL*,59,304,78,242.00,147.47,45.88,1365,201301
949,949,,*MANUAL*,59,270,69,232.00,140.78,33.29,1362,191745
950,950,,*MANUAL*,62,233,71,246.00,141.99,47.11,1365,193818
951,951,,*MANUAL*,73,185,69,217.00,116.70,39.93,1201,140159
952,952,,*MANUAL*,65,189,71,207.00,98.73,37.05,1365,134763
953,953,,*MANUAL*$274$273,65,74,79,222.00,58.17,44.74,6333,368412
954,954,,*MANUAL*,65,311,58,225.00,138.79,33.10,1365,189446
955,955,,*MANUAL*,67,265,77,235.00,152.17,27.84,895,136196
956,956,,*MANUAL*,95,1418,81,207.00,103.88,36.71,1365,141800
957,957,,*MANUAL*,93,1485,82,178.00,96.89,25.69,1318,127703
958,958,,*MANUAL*,86,1486,90,206.00,120.98,26.54,895,108278
959,959,,*MANUAL*$552$553,88,664,65,150.00,41.32,26.78,8299,342890
960,960,f1,*MANUAL*,71,1526,108,127.00,46.30,22.91,895,41440
961,961,f2,*MANUAL*,71,1651,66,23.00, 6.19, 3.71,895,5539
962,962,f3,*MANUAL*,75,1519,45,131.00,26.35,24.52,895,23586
963,963,f4,*MANUAL*,71,1409,38,80.00,16.38,11.82,895,14658
964,964,f5,*MANUAL*,63,1336,68,74.00,18.11,10.31,895,16204
965,965,f6,*MANUAL*,67,1321,80,81.00,15.48, 8.84,895,13853
966,966,f7,*MANUAL*,70,1293,76,73.00,18.24, 8.09,895,16321
967,967,f8,*MANUAL*,70,1266,75,31.00, 7.43, 4.83,895,6652
968,968,f9,*MANUAL*,70,1240,74,22.00, 6.43, 3.79,895,5753
969,969,f10,*MANUAL*,53,1134,62,38.00, 5.26, 5.41,895,4708
