0,0,*NOUSE*,*NOUSE*,0,0,0,0,0,0,0,0
1,1,*NOUSE*,*NOUSE*,0,0,0,0,0,0,0,0
2,2,,,57,988,83,200.00,125.28,28.53,973,121899
3,3,,,62,651,81,180.00,116.11,26.40,858,99622
4,4,*NOUSE*,*NOUSE*,0,0,0,0,0,0,0,0
5,5,*NOUSE*,*NOUSE*,0,0,0,0,0,0,0,0
6,6,,,61,1065,54,172.00,146.85,11.25,68,9986
7,7,*NOUSE*,*NOUSE*,0,0,0,0,0,0,0,0
8,8,*NOUSE*,*NOUSE*,0,0,0,0,0,0,0,0
9,9,,,65,1031,59,168.00,129.46,16.00,231,29906
10,10,*NOUSE*,*NOUSE*,0,0,0,0,0,0,0,0
11,11,*NOUSE*,*NOUSE*,0,0,0,0,0,0,0,0
12,12,*NOUSE*,*NOUSE*,0,0,0,0,0,0,0,0
13,13,,,67,998,59,182.00,156.11,13.40,97,15143
14,14,,,68,1074,49,205.00,157.17,24.94,189,29705
15,15,,,69,286,89,238.00,171.60,30.32,359,61605
16,16,*NOUSE*,*NOUSE*,0,0,0,0,0,0,0,0
17,17,*NOUSE*,*NOUSE*,0,0,0,0,0,0,0,0
18,18,,,74,328,59,199.00,134.07,31.03,931,124822
19,19,*NOUSE*,*NOUSE*,0,0,0,0,0,0,0,0
20,20,*NOUSE*,*NOUSE*,0,0,0,0,0,0,0,0
21,21,*NOUSE*,*NOUSE*,0,0,0,0,0,0,0,0
22,22,*NOUSE*,*NOUSE*,0,0,0,0,0,0,0,0
23,23,*NOUSE*,*NOUSE*,0,0,0,0,0,0,0,0
24,24,,,76,245,90,241.00,165.00,34.71,379,62534
25,25,,,78,903,38,179.00,107.82,28.60,1045,112673
26,26,*NOUSE*,*NOUSE*,0,0,0,0,0,0,0,0
27,27,,,78,1101,110,170.00,120.28,17.38,185,22252
28,28,,,81,1254,42,182.00,115.11,22.17,370,42589
29,29,*NOUSE*,*NOUSE*,0,0,0,0,0,0,0,0
30,30,,,81,234,87,236.00,189.29,22.73,168,31800
31,31,*NOUSE*,*NOUSE*,0,0,0,0,0,0,0,0
32,32,,,85,243,74,191.00,145.90,19.09,298,43479
33,33,*NOUSE*,*NOUSE*,0,0,0,0,0,0,0,0
34,34,*NOUSE*,*NOUSE*,0,0,0,0,0,0,0,0
35,35,*NOUSE*,*NOUSE*,0,0,0,0,0,0,0,0
36,36,,,86,341,62,236.00,169.68,25.28,315,53448
37,37,*NOUSE*,*NOUSE*,0,0,0,0,0,0,0,0
38,38,*NOUSE*,*NOUSE*,0,0,0,0,0,0,0,0
39,39,*NOUSE*,*NOUSE*,0,0,0,0,0,0,0,0
40,40,,,91,1063,59,223.00,164.45,22.53,715,117581
41,41,*NOUSE*,*NOUSE*,0,0,0,0,0,0,0,0
42,42,,,97,634,74,206.00,121.49,28.90,922,112011
43,43,,,96,988,82,238.00,172.17,25.52,488,84020
44,44,*NOUSE*,*NOUSE*,0,0,0,0,0,0,0,0
45,45,*NOUSE*,*NOUSE*,0,0,0,0,0,0,0,0
46,46,,,100,1027,81,154.00,109.34,17.54,653,71398
47,47,,,98,967,63,223.00,175.81,20.65,75,13186
48,48,,*MANUAL*,79,893,57,196.00,103.21,39.28,895,92372
49,49,,*MANUAL*,76,889,90,194.00,115.30,34.94,877,101116
50,50,,*MANUAL*,80,903,50,240.00,140.95,54.25,895,126147
51,51,,*MANUAL*,76,904,61,192.00,105.03,29.87,895,94002
52,52,,*MANUAL*,77,895,98,192.00,103.27,33.47,895,92431
53,53,,*MANUAL*,64,900,85,206.00,107.57,38.39,895,96272
54,54,,*MANUAL*,88,896,87,200.00,100.00,34.41,1365,136497
55,55,,*MANUAL*,72,912,95,140.00,75.42,24.47,1365,102953
56,56,,*MANUAL*,72,917,57,238.00,140.44,46.05,831,116705
57,57,,*MANUAL*,81,917,55,240.00,144.22,41.64,895,129080
58,58,,*MANUAL*,74,934,54,130.00,74.00,25.45,895,66227
59,59,,*MANUAL*,59,930,91,175.00,84.77,28.69,1365,115709
60,60,,*MANUAL*,93,930,82,182.00,96.74,33.22,895,86578
61,61,,*MANUAL*,63,935,70,161.00,77.97,28.26,1365,106428
62,62,,*MANUAL*,89,934,64,171.00,89.35,28.63,1365,121964
63,63,,*MANUAL*,79,928,100,167.00,77.37,24.93,1365,105608
64,64,,*MANUAL*,90,923,94,201.00,116.27,36.27,895,104066
65,65,,*MANUAL*,65,956,74,157.00,86.30,25.22,1365,117798
66,66,,*MANUAL*,87,956,70,182.00,97.68,28.33,1365,133333
67,67,,*MANUAL*,81,951,102,156.00,94.78,22.67,1327,125777
68,68,,*MANUAL*,66,951,100,223.00,122.57,31.69,895,109696
69,69,,*MANUAL*,91,951,98,227.00,129.97,41.91,895,116327
70,70,,*MANUAL*,75,960,59,188.00,104.78,28.78,1365,143018
71,71,,*MANUAL*,64,964,101,171.00,94.73,32.00,895,84785
72,72,,*MANUAL*,93,965,91,177.00,98.67,32.66,1365,134678
73,73,,*MANUAL*,79,966,105,202.00,121.64,29.63,895,108867
74,74,,*MANUAL*,67,969,78,215.00,129.29,36.85,895,115717
75,75,,*MANUAL*,88,969,72,232.00,155.25,33.42,891,138332
76,76,,*MANUAL*,72,973,69,201.00,146.69,23.05,470,68946
77,77,,*MANUAL*,80,973,67,198.00,141.15,23.03,485,68457
78,78,,*MANUAL*,67,977,89,188.00,125.26,24.39,895,112106
79,79,,*MANUAL*,87,980,83,206.00,130.72,26.74,895,116993
80,80,,*MANUAL*,74,980,99,135.00,81.11,21.47,895,72589
81,81,,*MANUAL*,86,977,98,178.00,101.55,28.38,895,90884
82,82,,*MANUAL*,74,994,75,158.00,89.62,22.33,895,80206
83,83,,*MANUAL*,71,996,93,159.00,101.91,20.78,847,86315
84,84,,*MANUAL*,83,1000,90,157.00,104.30,17.87,895,93350
85,85,,*MANUAL*,87,1132,62,250.00,152.03,42.24,867,131809
86,86,,*MANUAL*,73,1131,60,212.00,133.83,32.68,883,118171
87,87,,*MANUAL*,79,1129,79,169.00,101.36,21.25,895,90713
88,88,,*MANUAL*,77,1155,91,207.00,134.06,27.88,895,119985
89,89,,*MANUAL*,66,1159,61,172.00,113.02,21.68,895,101156
90,90,,*MANUAL*,91,1159,64,229.00,134.39,32.10,875,117589
91,91,,*MANUAL*,76,1171,93,220.00,160.19,23.83,409,65519
92,92,,*MANUAL*,70,1172,55,143.00,89.51,20.79,825,73842
93,93,,*MANUAL*,85,1172,56,184.00,102.88,25.41,889,91463
94,94,,*MANUAL*,63,1172,74,177.00,103.91,26.72,887,92166
95,95,,*MANUAL*,91,1174,75,208.00,107.53,43.01,895,96242
96,96,,*MANUAL*,69,1170,90,216.00,108.72,32.18,895,97308
97,97,,*MANUAL*,84,1174,92,201.00,89.77,27.90,895,80342
98,98,,*MANUAL*,62,1172,61,199.00,104.12,35.96,701,72987
99,99,,*MANUAL*,68,1176,65,213.00,108.09,40.86,895,96744
100,100,,*MANUAL*,84,1183,66,227.00,128.75,36.54,719,92569
101,101,,*MANUAL*,90,1178,64,235.00,156.06,27.97,895,139676
102,102,,*MANUAL*,78,1187,54,173.00,91.57,22.87,841,77010
103,103,,*MANUAL*,66,1188,83,195.00,93.60,39.61,827,77406
104,104,,*MANUAL*,86,1194,86,187.00,97.54,28.76,889,86714
105,105,,*MANUAL*,70,1192,56,232.00,132.82,34.83,895,118872
106,106,,*MANUAL*,84,1194,60,219.00,132.72,37.50,895,118788
107,107,,*MANUAL*,89,1196,74,203.00,134.07,29.50,895,119990
108,108,,*MANUAL*,64,1198,73,185.00,113.37,26.75,895,101462
109,109,,*MANUAL*,68,1194,86,227.00,156.72,30.57,475,74444
110,110,,*MANUAL*,75,1191,90,222.00,157.44,24.65,485,76360
111,111,,*MANUAL*,66,1214,60,157.00,95.27,27.43,895,85270
112,112,,*MANUAL*,84,1214,63,205.00,114.42,31.41,895,102406
113,113,,*MANUAL*,83,1334,58,80.00,40.96,15.18,1365,55916
114,114,,*MANUAL*,84,1309,60,153.00,77.14,27.35,895,69038
115,115,,*MANUAL*,84,1298,59,153.00,85.19,29.02,895,76241
116,116,,*MANUAL*,87,1278,59,157.00,102.51,25.08,701,71863
117,117,,*MANUAL*,87,1250,59,131.00,77.66,20.24,870,67567
118,118,,*MANUAL*,82,1273,57,153.00,75.63,25.10,858,64891
119,119,,*MANUAL*,71,1273,56,127.00,63.55,18.27,757,48111
120,120,,*MANUAL*,65,1332,60,81.00,49.54,13.26,895,44338
121,121,,*MANUAL*,64,1308,61,132.00,74.39,23.20,895,66576
122,122,,*MANUAL*,64,1292,60,132.00,76.22,25.32,895,68217
123,123,,*MANUAL*,65,1275,59,144.00,83.49,24.08,762,63618
124,124,,*MANUAL*,64,1249,56,125.00,76.81,21.38,891,68437
125,125,,*MANUAL*,64,1234,64,124.00,72.93,23.67,881,64251
126,126,,*MANUAL*,86,1230,68,153.00,86.72,26.00,865,75013
127,127,,*MANUAL*,75,1338,84,81.00,42.39,11.24,876,37135
128,128,,*MANUAL*,76,1311,87,111.00,58.18,21.11,1365,79414
129,129,,*MANUAL*,76,1295,88,116.00,64.02,20.38,1327,84955
130,130,,*MANUAL*,76,1260,86,124.00,75.51,17.74,759,57311
131,131,,*MANUAL*,76,1227,87,134.00,71.95,23.16,895,64398
132,132,,*MANUAL*,82,1261,82,126.00,56.75,18.47,895,50793
133,133,,*MANUAL*,70,1239,82,102.00,58.58,17.43,895,52432
134,134,,*MANUAL*,81,1019,57,135.00,70.43,16.67,895,63037
135,135,,*MANUAL*,79,999,61,233.00,162.46,27.73,765,124279
136,136,,*MANUAL*,87,1002,56,236.00,158.04,34.62,895,141447
137,137,,*MANUAL*,85,985,56,220.00,134.77,28.10,895,120616
138,138,,*MANUAL*,74,1007,59,240.00,158.74,32.11,889,141120
139,139,,*MANUAL*,66,1012,53,221.00,130.55,31.68,895,116845
140,140,,*MANUAL*,69,987,58,187.00,126.40,23.75,873,110347
141,141,,*MANUAL*,80,1075,33,204.00,102.27,31.75,895,91535
142,142,,*MANUAL*,80,1055,40,215.00,130.52,38.27,775,101155
143,143,,*MANUAL*,80,1029,38,153.00,95.21,23.26,895,85209
144,144,,*MANUAL*,80,1012,34,203.00,123.16,30.91,895,110228
145,145,,*MANUAL*,78,1008,47,248.00,147.37,38.99,875,128953
146,146,,*MANUAL*,73,999,45,242.00,164.23,34.73,883,145014
147,147,,*MANUAL*,74,987,49,237.00,152.71,35.12,895,136675
148,148,,*MANUAL*,83,984,40,238.00,157.56,26.64,444,69957
149,149,,*MANUAL*,76,979,40,227.00,153.96,27.23,895,137795
150,150,,*MANUAL*,68,970,41,199.00,113.90,37.36,825,93971
151,151,,*MANUAL*,82,967,43,220.00,136.37,29.69,839,114415
152,152,,*MANUAL*,77,930,36,207.00,110.87,37.49,895,99233
153,153,,*MANUAL*,78,945,36,233.00,113.56,36.97,895,101638
154,154,,*MANUAL*,78,964,36,197.00,111.80,37.17,895,100058
155,155,,*MANUAL*,81,997,39,230.00,128.54,55.38,895,115039
156,156,,*MANUAL*,99,918,68,213.00,114.38,41.18,1365,156127
157,157,,*MANUAL*,99,946,65,193.00,91.17,34.30,1365,124441
158,158,,*MANUAL*,95,980,69,241.00,162.76,32.74,861,140134
159,159,,*MANUAL*,95,994,63,222.00,155.24,27.59,893,138632
160,160,,*MANUAL*,95,1007,65,219.00,142.86,31.88,895,127864
161,161,,*MANUAL*,99,1027,65,178.00,99.70,28.76,1365,136086
162,162,,*MANUAL*,99,1044,60,208.00,133.46,33.26,799,106635
163,163,,*MANUAL*,100,1063,68,171.00,117.06,28.20,895,104768
164,164,,*MANUAL*,99,1075,66,238.00,133.41,47.45,895,119400
165,165,,*MANUAL*,99,1086,66,224.00,123.35,39.30,895,110402
166,166,,*MANUAL*,97,1048,79,163.00,90.21,29.17,1262,113848
167,167,,*MANUAL*,99,1006,78,236.00,143.18,37.32,895,128144
168,168,,*MANUAL*,97,1002,90,226.00,144.65,36.78,893,129168
169,169,,*MANUAL*,97,1018,97,224.00,130.25,39.38,895,116574
170,170,,*MANUAL*,93,1030,95,202.00,144.04,27.73,882,127044
171,171,,*MANUAL*,96,1049,94,214.00,136.80,34.91,888,121482
172,172,,*MANUAL*,97,1064,83,196.00,119.24,31.21,1327,158237
173,173,,*MANUAL*,100,1080,79,197.00,127.51,33.99,895,114117
174,174,,*MANUAL*,100,1100,82,177.00,99.25,31.73,1365,135476
175,175,,*MANUAL*,94,1076,91,223.00,142.06,36.86,885,125719
176,176,,*MANUAL*,86,1038,86,196.00,125.00,32.00,895,111876
177,177,,*MANUAL*,90,1057,90,215.00,137.28,33.94,1118,153480
178,178,,*MANUAL*,84,1061,84,229.00,148.82,35.10,895,133194
179,179,,*MANUAL*,88,1079,83,248.00,172.88,33.91,751,129834
180,180,,*MANUAL*,91,1012,89,220.00,142.33,29.86,895,127383
181,181,,*MANUAL*,90,1069,75,224.00,144.40,32.30,895,129242
182,182,,*MANUAL*,89,1049,74,211.00,142.90,28.29,895,127899
183,183,,*MANUAL*,89,1034,72,220.00,135.79,42.07,895,121528
184,184,,*MANUAL*,91,1016,72,223.00,133.18,35.33,895,119196
185,185,,*MANUAL*,90,997,73,216.00,147.48,26.24,895,131993
186,186,,*MANUAL*,88,1003,102,209.00,124.79,28.16,895,111687
187,187,,*MANUAL*,86,1021,97,217.00,113.26,38.25,1365,154606
188,188,,*MANUAL*,83,1037,101,161.00,91.15,23.40,1365,124418
189,189,,*MANUAL*,81,1053,96,186.00,113.86,26.10,1365,155421
190,190,,*MANUAL*,81,1069,96,200.00,140.80,25.76,835,117566
191,191,,*MANUAL*,72,1067,97,201.00,140.96,23.82,888,125170
192,192,,*MANUAL*,66,1057,100,175.00,115.79,22.89,1363,157815
193,193,,*MANUAL*,67,1040,102,148.00,86.24,23.28,1365,117713
194,194,,*MANUAL*,64,999,99,223.00,148.18,31.41,889,131736
195,195,,*MANUAL*,65,1019,98,192.00,123.94,27.86,881,109189
196,196,,*MANUAL*,52,946,63,157.00,81.64,29.09,1365,111436
197,197,,*MANUAL*,56,970,62,168.00,105.37,20.37,895,94303
198,198,,*MANUAL*,56,985,62,201.00,128.94,28.92,895,115401
199,199,,*MANUAL*,60,983,74,212.00,120.50,37.09,895,107845
200,200,,*MANUAL*,59,995,68,209.00,140.14,22.96,847,118701
201,201,,*MANUAL*,55,1007,63,206.00,124.82,31.60,894,111587
202,202,,*MANUAL*,53,1031,61,145.00,86.43,24.11,1365,117974
203,203,,*MANUAL*,53,1049,63,159.00,113.90,25.58,874,99552
204,204,,*MANUAL*,52,1069,68,165.00,100.22,27.52,1361,136394
205,205,,*MANUAL*,53,1082,63,203.00,121.38,38.10,853,103539
206,206,,*MANUAL*,55,1091,65,182.00,113.83,25.24,895,101882
207,207,,*MANUAL*,52,1051,79,164.00,110.47,18.93,1333,147259
208,208,,*MANUAL*,52,1029,82,157.00,90.23,21.89,1327,119738
209,209,,*MANUAL*,53,1008,80,191.00,115.47,36.63,895,103345
210,210,,*MANUAL*,54,1069,84,164.00,107.38,21.85,1303,139918
211,211,,*MANUAL*,55,1085,78,215.00,115.73,28.99,880,101841
212,212,,*MANUAL*,55,1104,79,183.00,105.16,23.49,895,94115
213,213,,*MANUAL*,55,1002,93,223.00,148.31,25.39,817,121171
214,214,,*MANUAL*,55,1017,95,212.00,142.55,23.61,895,127585
215,215,,*MANUAL*,58,1033,97,175.00,119.99,19.77,894,107271
216,216,,*MANUAL*,54,1053,94,170.00,106.06,31.34,1209,128227
217,217,,*MANUAL*,59,1081,95,187.00,119.49,33.01,853,101926
218,218,,*MANUAL*,61,1054,89,184.00,129.20,21.74,895,115638
219,219,,*MANUAL*,64,1068,86,189.00,135.86,20.46,895,121598
220,220,*NOUSE*,*NOUSE*,0,0,0,0,0,0,0,0
221,221,,*MANUAL*,63,1039,89,163.00,93.99,30.40,895,84124
222,222,,*MANUAL*,62,1006,89,235.00,129.38,32.63,895,115798
223,223,,*MANUAL*,62,1071,73,171.00,118.65,22.97,895,106194
224,224,,*MANUAL*,60,1051,71,166.00,91.29,30.95,1365,124612
225,225,,*MANUAL*,60,1028,76,182.00,116.08,30.38,895,103891
226,226,,*MANUAL*,61,1013,71,172.00,114.54,19.62,895,102514
227,227,,*MANUAL*,61,1000,76,198.00,141.19,20.91,895,126366
228,228,,*MANUAL*,68,1088,52,214.00,131.43,38.45,815,107119
229,229,,*MANUAL*,87,1085,55,249.00,158.16,47.90,805,127318
230,230,,*MANUAL*,88,1080,67,231.00,140.80,39.40,895,126018
231,231,,*MANUAL*,65,1084,61,188.00,123.56,27.83,895,110589
232,232,,*MANUAL*,61,1086,46,183.00,122.21,28.62,895,109380
233,233,,*MANUAL*,64,1065,40,198.00,121.10,29.44,895,108381
234,234,,*MANUAL*,65,1046,41,194.00,117.96,30.70,895,105576
235,235,,*MANUAL*,94,1086,49,203.00,129.99,32.64,895,116343
236,236,,*MANUAL*,93,1072,47,226.00,127.48,44.15,860,109637
237,237,,*MANUAL*,88,1077,51,244.00,167.88,29.72,485,81421
238,238,,*MANUAL*,77,1074,47,234.00,150.66,39.52,895,134845
239,239,,*MANUAL*,88,1058,43,198.00,125.41,28.49,895,112241
240,240,,*MANUAL*,84,1058,54,230.00,150.30,31.56,485,72895
241,241,,*MANUAL*,73,1058,46,207.00,141.89,32.74,895,126991
242,242,,*MANUAL*,65,1052,53,183.00,120.38,30.57,839,101000
243,243,,*MANUAL*,83,1043,55,225.00,155.06,32.89,866,134284
244,244,,*MANUAL*,73,1041,51,218.00,151.91,29.65,895,135962
245,245,,*MANUAL*,58,1048,50,196.00,129.23,34.90,895,115660
246,246,,*MANUAL*,64,1029,49,189.00,127.40,24.54,895,114022
247,247,,*MANUAL*,92,1048,57,230.00,163.62,30.70,895,146443
248,248,,*MANUAL*,92,1039,48,223.00,122.12,47.64,895,109296
249,249,,*MANUAL*,86,1031,57,195.00,112.10,30.26,895,100331
250,250,,*MANUAL*,104,1171,79,178.00,120.05,26.28,895,107441
251,251,,*MANUAL*,104,1150,78,207.00,140.30,29.63,865,121361
252,252,,*MANUAL*,103,1131,73,186.00,92.38,37.03,1307,120738
253,253,,*MANUAL*,101,1159,71,217.00,132.43,30.74,885,117202
254,254,,*MANUAL*,100,1146,64,222.00,124.30,35.07,895,111252
255,255,,*MANUAL*,95,1118,58,224.00,115.37,52.74,849,97950
256,256,,*MANUAL*,97,1131,61,208.00,132.07,33.89,895,118206
257,257,,*MANUAL*,94,1141,50,219.00,128.50,41.99,895,115006
258,258,,*MANUAL*,97,1117,76,187.00,123.39,30.84,853,105248
259,259,,*MANUAL*,95,1130,78,234.00,140.79,39.43,895,126007
260,260,,*MANUAL*,95,1148,82,228.00,132.89,33.34,886,117737
261,261,,*MANUAL*,94,1115,85,197.00,122.98,29.42,895,110067
262,262,,*MANUAL*,93,1130,89,223.00,135.18,29.33,895,120986
263,263,,*MANUAL*,93,1144,92,229.00,137.44,42.99,895,123007
264,264,,*MANUAL*,63,1147,90,207.00,130.69,27.93,895,116971
265,265,,*MANUAL*,62,1131,87,222.00,145.93,26.57,895,130603
266,266,,*MANUAL*,61,1118,84,208.00,124.34,34.86,894,111160
267,267,,*MANUAL*,61,1118,72,210.00,118.46,29.54,895,106026
268,268,,*MANUAL*,61,1130,71,188.00,115.43,31.79,895,103308
269,269,,*MANUAL*,61,1146,79,183.00,108.90,35.07,873,95070
270,270,,*MANUAL*,52,1167,71,164.00,109.77,22.06,886,97255
271,271,,*MANUAL*,52,1146,74,223.00,126.72,32.29,893,113157
272,272,,*MANUAL*,56,1132,60,176.00,102.41,25.07,863,88379
273,273,,*MANUAL*,58,1150,65,171.00,107.46,20.17,891,95750
274,274,,*MANUAL*,62,1142,58,163.00,106.82,23.36,895,95604
275,275,,*MANUAL*,64,1130,54,203.00,113.04,28.45,895,101167
276,276,,*MANUAL*,62,1118,55,168.00,93.40,27.42,895,83589
277,277,,*MANUAL*,69,1138,44,199.00,121.52,33.44,839,101957
278,278,,*MANUAL*,78,1133,44,203.00,131.25,30.17,895,117470
279,279,,*MANUAL*,84,1144,42,214.00,122.34,33.44,895,109493
280,280,,*MANUAL*,72,1151,41,204.00,104.00,26.75,895,93080
281,281,,*MANUAL*,84,1163,39,179.00,99.59,29.89,895,89132
282,282,,*MANUAL*,80,1109,41,178.00,109.17,27.98,895,97706
283,283,,*MANUAL*,86,1121,45,217.00,149.19,29.55,785,117112
284,284,,*MANUAL*,73,1120,43,215.00,137.23,27.86,895,122825
285,285,,*MANUAL*,62,1156,47,159.00,97.57,21.96,895,87322
286,286,,*MANUAL*,54,1163,61,211.00,122.59,27.75,895,109714
287,287,,*MANUAL*,52,1176,63,217.00,121.08,31.15,895,108363
288,288,,*MANUAL*,50,1188,66,198.00,115.98,32.58,895,103802
289,289,,*MANUAL*,53,1201,61,173.00,100.71,26.67,895,90133
290,290,,*MANUAL*,55,1220,55,132.00,86.14,19.13,895,77096
291,291,,*MANUAL*,55,1237,59,148.00,88.80,23.74,895,79477
292,292,,*MANUAL*,55,1258,62,136.00,73.31,21.14,1365,100074
293,293,,*MANUAL*,55,1270,75,99.00,54.72,16.08,1365,74695
294,294,,*MANUAL*,57,1252,81,127.00,72.56,20.55,1365,99047
295,295,,*MANUAL*,59,1236,86,141.00,78.79,27.90,1365,107547
296,296,,*MANUAL*,58,1221,85,161.00,90.88,28.45,895,81341
297,297,,*MANUAL*,55,1207,86,200.00,99.52,36.71,895,89074
298,298,,*MANUAL*,55,1194,88,188.00,108.41,31.95,895,97029
299,299,,*MANUAL*,49,1189,79,204.00,107.24,30.12,895,95979
300,300,,*MANUAL*,52,1169,82,222.00,106.32,36.13,895,95156
301,301,,*MANUAL*,77,1081,104,182.00,128.89,26.71,789,101698
302,302,,*MANUAL*,87,1083,99,198.00,124.73,28.24,895,111633
303,303,,*MANUAL*,67,1083,101,211.00,131.07,37.73,1365,178913
304,304,,*MANUAL*,81,1080,85,253.00,193.50,24.22,448,86687
305,305,,*MANUAL*,63,1084,83,245.00,174.09,27.42,485,84432
306,306,,*MANUAL*,73,1083,86,243.00,176.16,38.64,895,157662
307,307,,*MANUAL*,77,1118,99,235.00,172.72,20.08,451,77896
308,308,,*MANUAL*,85,1118,100,220.00,157.19,18.19,454,71365
309,309,,*MANUAL*,70,1122,97,242.00,176.78,22.57,485,85736
310,310,,*MANUAL*,84,1132,95,231.00,155.84,30.45,485,75584
311,311,,*MANUAL*,73,1132,94,225.00,155.19,29.83,895,138894
312,312,,*MANUAL*,89,1159,100,166.00,100.20,25.24,895,89678
313,313,,*MANUAL*,63,1179,101,155.00,94.00,26.58,895,84131
314,314,,*MANUAL*,96,1157,55,206.00,112.68,35.83,895,100845
315,315,,*MANUAL*,102,1169,67,229.00,136.78,35.97,895,122417
316,316,,*MANUAL*,102,1183,69,218.00,134.07,34.69,895,119996
317,317,,*MANUAL*,101,1198,73,210.00,108.44,39.96,895,97053
318,318,,*MANUAL*,96,1208,61,180.00,104.93,33.99,895,93909
319,319,,*MANUAL*,95,1219,63,191.00,120.41,23.98,895,107769
320,320,,*MANUAL*,95,1232,64,189.00,114.74,28.06,894,102582
321,321,,*MANUAL*,95,1244,64,163.00,98.26,26.12,895,87940
322,322,,*MANUAL*,95,1276,76,115.00,64.88,19.25,895,58065
323,323,,*MANUAL*,97,1253,76,121.00,82.64,15.40,895,73960
324,324,,*MANUAL*,97,1238,84,160.00,94.32,23.39,895,84412
325,325,,*MANUAL*,91,1227,86,165.00,103.40,22.97,895,92540
326,326,,*MANUAL*,91,1212,90,200.00,125.04,28.09,889,111161
327,327,,*MANUAL*,100,1213,85,161.00,89.89,25.98,895,80451
328,328,,*MANUAL*,96,1199,87,188.00,123.11,25.31,895,110186
329,329,,*MANUAL*,103,1187,86,204.00,123.15,33.95,895,110215
330,330,,*MANUAL*,98,1162,89,201.00,106.94,46.67,895,95714
331,331,,*MANUAL*,75,1374,47,85.00,45.13,17.10,1365,61600
332,332,,*MANUAL*,75,1353,43,101.00,49.53,19.21,1365,67612
333,333,,*MANUAL*,79,1325,44,109.00,58.26,24.80,895,52147
334,334,,*MANUAL*,71,1310,43,133.00,61.88,21.62,895,55385
335,335,,*MANUAL*,81,1300,43,127.00,73.68,21.38,895,65942
336,336,,*MANUAL*,71,1287,43,149.00,79.10,20.00,895,70794
337,337,,*MANUAL*,71,1266,41,147.00,84.93,26.20,847,71939
338,338,,*MANUAL*,71,1243,40,183.00,100.44,31.49,895,89895
339,339,,*MANUAL*,81,1277,41,168.00,97.42,21.27,889,86602
340,340,,*MANUAL*,74,1272,35,134.00,57.78,21.98,895,51715
341,341,,*MANUAL*,76,1214,39,116.00,63.88,22.22,1365,87194
342,342,,*MANUAL*,79,1175,34,109.00,52.12,20.74,1365,71143
343,343,,*MANUAL*,78,1129,33,133.00,67.01,20.68,895,59972
344,344,,*MANUAL*,73,1340,95,91.00,39.79,22.29,895,35613
345,345,,*MANUAL*,73,1321,98,130.00,68.65,20.12,895,61438
346,346,,*MANUAL*,75,1385,83,77.00,35.83,12.71,1365,48914
347,347,,*MANUAL*,80,1302,99,143.00,86.99,20.50,877,76292
348,348,,*MANUAL*,81,1280,99,156.00,85.97,28.84,895,76940
349,349,,*MANUAL*,81,1260,98,170.00,119.54,25.48,757,90491
350,350,,*MANUAL*,72,1295,98,180.00,100.04,26.46,895,89535
351,351,,*MANUAL*,73,1264,97,174.00,119.04,22.24,753,89640
352,352,,*MANUAL*,76,1261,105,152.00,77.07,24.86,895,68977
353,353,,*MANUAL*,78,1225,103,156.00,90.31,23.21,1291,116591
354,354,,*MANUAL*,75,1202,106,144.00,81.60,24.80,1365,111387
355,355,,*MANUAL*,76,1186,108,149.00,79.08,25.97,1365,107951
356,356,,*MANUAL*,76,1145,110,113.00,54.11,15.03,1365,73862
357,357,,*MANUAL*,77,1068,113,121.00,53.41,20.23,1365,72905
358,358,,*MANUAL*,93,1326,74,85.00,36.79,14.17,2103,77372
359,359,,*MANUAL*,94,1280,56,126.00,60.31,21.29,895,53973
360,360,,*MANUAL*,93,1254,50,109.00,52.56,17.50,1365,71740
361,361,,*MANUAL*,91,1222,46,127.00,67.48,23.48,1365,92105
362,362,,*MANUAL*,97,1190,52,131.00,67.32,24.38,1365,91887
363,363,,*MANUAL*,91,1127,42,184.00,93.81,34.56,895,83960
364,364,,*MANUAL*,97,1117,50,219.00,109.68,34.52,895,98164
365,365,,*MANUAL*,89,1016,43,207.00,104.04,35.54,895,93113
366,366,,*MANUAL*,91,978,46,177.00,83.40,42.76,1365,113836
367,367,,*MANUAL*,91,953,47,218.00,101.92,43.72,1365,139122
368,368,,*MANUAL*,90,924,45,185.00,80.30,44.15,1365,109611
369,369,,*MANUAL*,94,890,50,190.00,74.57,42.34,1365,101792
370,370,,*MANUAL*,87,830,46,189.00,94.96,44.97,1327,126010
371,371,,*MANUAL*,92,779,54,189.00,74.65,44.11,1365,101899
372,372,,*MANUAL*,85,741,48,211.00,111.05,44.86,895,99387
373,373,,*MANUAL*,91,735,55,232.00,154.17,33.30,751,115780
374,374,,*MANUAL*,93,713,58,216.00,123.55,40.13,895,110575
375,375,,*MANUAL*,91,695,50,186.00,87.99,42.45,1365,120101
376,376,,*MANUAL*,86,639,45,185.00,99.33,38.66,895,88901
377,377,*NOUSE*,*NOUSE*,0,0,0,0,0,0,0,0
378,378,,*MANUAL*,62,647,60,152.00,84.95,25.45,895,76034
379,379,,*MANUAL*,62,622,60,156.00,67.16,31.62,2103,141246
380,380,,*MANUAL*,78,596,51,187.00,88.49,31.99,895,79201
381,381,,*MANUAL*,85,581,51,210.00,120.52,37.50,895,107864
382,382,,*MANUAL*,88,563,51,199.00,105.52,38.53,895,94442
383,383,,*MANUAL*,83,468,54,195.00,87.77,37.38,1365,119806
384,384,,*MANUAL*,84,378,55,211.00,113.15,43.42,895,101269
385,385,,*MANUAL*,82,236,59,173.00,75.53,38.59,895,67599
386,386,,*MANUAL*,93,1276,88,89.00,55.81,11.42,895,49949
387,387,,*MANUAL*,89,1255,96,147.00,57.99,24.95,1365,79162
388,388,,*MANUAL*,88,1225,102,140.00,77.24,20.97,895,69133
389,389,,*MANUAL*,96,1183,97,129.00,74.93,19.46,895,67066
390,390,,*MANUAL*,88,1116,107,193.00,93.88,34.51,895,84024
391,391,,*MANUAL*,95,1118,97,157.00,88.51,26.84,895,79212
392,392,,*MANUAL*,83,1009,112,176.00,85.08,35.80,895,76143
393,393,,*MANUAL*,88,983,112,151.00,81.18,24.90,895,72654
394,394,,*MANUAL*,87,921,114,177.00,71.52,33.41,1365,97620
395,395,,*MANUAL*,90,901,110,145.00,71.02,25.11,1365,96947
396,396,,*MANUAL*,85,841,113,143.00,73.00,30.33,1365,99648
397,397,,*MANUAL*,89,789,111,126.00,69.40,24.29,1365,94729
398,398,,*MANUAL*,88,745,109,162.00,75.83,32.52,1365,103505
399,399,,*MANUAL*,88,692,99,192.00,82.38,31.56,1365,112444
400,400,,*MANUAL*,85,647,101,201.00,82.36,45.51,1365,112416
401,401,,*MANUAL*,86,583,105,169.00,89.47,33.08,895,80080
402,402,,*MANUAL*,87,525,100,184.00,90.46,46.41,1365,123472
403,403,,*MANUAL*,85,459,99,202.00,90.63,41.96,1365,123705
404,404,,*MANUAL*,85,407,95,213.00,96.28,45.40,1365,131425
405,405,,*MANUAL*,85,366,94,173.00,88.52,33.72,1365,120823
406,406,,*MANUAL*,73,223,88,175.00,96.71,29.56,895,86555
407,407,,*MANUAL*,55,1311,73,85.00,41.65,14.54,1365,56856
408,408,,*MANUAL*,57,1276,55,125.00,61.99,20.67,1365,84620
409,409,,*MANUAL*,60,1247,45,124.00,50.20,18.52,1365,68529
410,410,,*MANUAL*,60,1218,42,127.00,53.46,24.81,1365,72970
411,411,,*MANUAL*,56,1174,48,139.00,70.02,19.91,1365,95572
412,412,,*MANUAL*,62,1125,38,184.00,71.81,31.37,895,64266
413,413,,*MANUAL*,57,1104,47,130.00,72.63,21.59,895,65006
414,414,,*MANUAL*,66,1025,38,182.00,86.95,30.54,895,77822
415,415,,*MANUAL*,64,975,48,195.00,105.43,26.42,895,94360
416,416,,*MANUAL*,63,954,46,185.00,100.18,38.17,895,89665
417,417,,*MANUAL*,64,925,45,187.00,87.83,32.97,1365,119891
418,418,,*MANUAL*,62,891,43,143.00,67.70,23.19,1365,92415
419,419,,*MANUAL*,64,838,46,176.00,86.86,29.53,1365,118563
420,420,,*MANUAL*,58,814,56,184.00,113.98,25.16,895,102016
421,421,,*MANUAL*,58,787,60,159.00,99.25,24.63,895,88827
422,422,,*MANUAL*,62,802,52,180.00,107.03,22.64,895,95796
423,423,,*MANUAL*,61,761,52,141.00,77.65,19.69,1365,105993
424,424,,*MANUAL*,62,699,48,180.00,84.31,28.63,1365,115089
425,425,,*MANUAL*,62,662,51,158.00,85.80,23.67,1365,117113
426,426,,*MANUAL*,63,583,54,168.00,87.08,30.65,1365,118863
427,427,,*MANUAL*,63,526,53,166.00,81.92,29.86,1365,111820
428,428,,*MANUAL*,66,470,53,162.00,73.52,34.21,1365,100349
429,429,,*MANUAL*,66,386,54,187.00,85.08,34.38,1363,115965
430,430,,*MANUAL*,60,1290,87,111.00,49.36,16.43,1365,67379
431,431,,*MANUAL*,64,1263,95,147.00,69.56,26.28,1365,94947
432,432,,*MANUAL*,63,1229,99,121.00,72.80,16.24,895,65154
433,433,,*MANUAL*,56,1172,94,160.00,86.45,23.18,895,77374
434,434,,*MANUAL*,64,1112,106,158.00,95.64,21.46,895,85600
435,435,,*MANUAL*,59,1112,94,176.00,107.24,22.07,895,95978
436,436,,*MANUAL*,68,1018,111,178.00,97.59,26.19,895,87339
437,437,,*MANUAL*,73,996,111,170.00,104.04,27.95,895,93112
438,438,,*MANUAL*,62,986,110,165.00,83.06,24.90,1365,113372
439,439,,*MANUAL*,65,944,114,167.00,70.04,36.33,1365,95602
440,440,,*MANUAL*,63,907,109,154.00,71.95,32.03,1365,98218
441,441,,*MANUAL*,66,856,114,158.00,94.66,32.51,895,84718
442,442,,*MANUAL*,62,806,111,157.00,66.49,32.85,1365,90757
443,443,,*MANUAL*,68,761,113,154.00,70.08,35.84,1365,95664
444,444,,*MANUAL*,62,719,104,148.00,71.61,34.74,1365,97749
445,445,,*MANUAL*,68,687,106,200.00,77.96,40.02,1365,106412
446,446,,*MANUAL*,67,626,105,180.00,76.72,44.16,1365,104725
447,447,,*MANUAL*,68,558,104,191.00,76.28,43.07,1365,104116
448,448,,*MANUAL*,70,504,101,182.00,91.17,36.95,1365,124453
449,449,,*MANUAL*,67,427,97,200.00,102.79,40.68,1365,140311
450,450,,*MANUAL*,67,382,96,196.00,99.65,43.68,1365,136021
451,451,,*MANUAL*,67,274,93,229.00,135.93,34.87,895,121661
452,452,,*MANUAL*,74,293,98,222.00,150.48,41.48,895,134680
453,453,,*MANUAL*,83,287,95,219.00,134.33,32.59,773,103840
454,454,,*MANUAL*,78,389,49,227.00,120.63,44.38,1365,164666
455,455,,*MANUAL*,79,412,49,232.00,109.31,56.72,1344,146910
456,456,,*MANUAL*,78,433,49,230.00,120.50,57.44,1365,164483
457,457,,*MANUAL*,78,492,46,241.00,111.02,52.84,1365,151545
458,458,,*MANUAL*,80,518,46,222.00,114.09,50.57,1365,155736
459,459,,*MANUAL*,78,557,46,239.00,128.98,42.13,1365,176051
460,460,,*MANUAL*,77,607,40,232.00,110.83,53.01,895,99197
461,461,,*MANUAL*,76,646,43,203.00,112.63,39.51,1365,153735
462,462,,*MANUAL*,76,702,40,224.00,123.49,42.56,1365,168558
463,463,,*MANUAL*,76,724,42,216.00,119.08,40.10,1365,162538
464,464,,*MANUAL*,77,775,45,182.00,93.30,34.48,1365,127353
465,465,,*MANUAL*,77,796,46,198.00,105.60,40.34,1365,144143
466,466,,*MANUAL*,76,833,43,196.00,110.49,33.97,1365,150819
467,467,,*MANUAL*,77,873,40,235.00,106.97,46.74,1365,146018
468,468,,*MANUAL*,60,868,60,75.00,39.43,12.03,1365,53827
469,469,,*MANUAL*,90,873,56,130.00,49.96,18.79,2103,105067
470,470,,*MANUAL*,88,864,104,102.00,45.43,17.29,2103,95531
471,471,,*MANUAL*,63,865,97,107.00,47.74,17.01,1859,88757
472,472,,*MANUAL*,75,819,59,79.00,40.65,11.19,2103,85481
473,473,,*MANUAL*,75,771,65,79.00,32.93,12.88,2969,97775
474,474,,*MANUAL*,78,677,54,98.00,38.37,16.05,2969,113921
475,475,,*MANUAL*,84,602,78,101.00,38.55,19.18,2103,81073
476,476,,*MANUAL*,71,570,83,75.00,29.36,11.19,2969,87156
477,477,,*MANUAL*,75,497,67,101.00,32.46,16.02,2969,96372
478,478,,*MANUAL*,74,412,61,105.00,54.93,17.06,2103,115526
479,479,,*MANUAL*,74,337,66,139.00,75.65,20.08,895,67707
480,480,,*MANUAL*,72,828,104,86.00,38.53,12.92,2103,81023
481,481,,*MANUAL*,79,783,104,74.00,32.84,10.21,1365,44820
482,482,,*MANUAL*,76,721,94,99.00,39.69,16.17,2103,83471
483,483,,*MANUAL*,76,648,88,107.00,45.09,18.95,2103,94831
484,484,,*MANUAL*,84,535,84,110.00,36.37,13.03,1841,66964
485,485,,*MANUAL*,74,454,85,87.00,39.50,12.69,2969,117268
486,486,,*MANUAL*,77,384,86,123.00,56.32,19.34,1365,76872
487,487,,*MANUAL*,78,339,95,153.00,65.89,24.70,1365,89938
488,488,,*MANUAL*,101,1225,72,161.00,90.41,26.57,1365,123404
489,489,,*MANUAL*,101,1107,66,133.00,79.22,18.15,895,70904
490,490,,*MANUAL*,103,979,73,174.00,74.66,33.76,895,66824
491,491,,*MANUAL*,101,981,92,156.00,75.34,26.89,1365,102835
492,492,,*MANUAL*,99,900,75,112.00,48.34,19.58,2969,143530
493,493,,*MANUAL*,99,889,92,148.00,48.98,24.12,2103,103012
494,494,,*MANUAL*,98,861,71,208.00,115.02,41.02,1365,157005
495,495,,*MANUAL*,92,716,95,183.00,104.79,36.40,895,93786
496,496,,*MANUAL*,95,591,59,241.00,115.03,47.77,1365,157010
497,497,,*MANUAL*,98,839,72,155.00,83.36,21.14,1365,113793
498,498,,*MANUAL*,98,802,64,147.00,75.27,27.45,2103,158287
499,499,,*MANUAL*,97,734,63,219.00,88.53,37.37,2103,186180
500,500,,*MANUAL*,97,633,57,151.00,65.90,31.98,2103,138591
501,501,,*MANUAL*,95,531,58,185.00,79.15,41.09,2103,166450
502,502,,*MANUAL*,90,419,61,203.00,90.83,37.25,1365,123984
503,503,,*MANUAL*,93,330,72,194.00,71.21,42.19,1361,96921
504,504,,*MANUAL*,97,769,74,140.00,67.67,20.66,1365,92366
505,505,,*MANUAL*,96,684,66,152.00,60.33,30.58,2103,126884
506,506,,*MANUAL*,97,566,69,179.00,73.37,31.36,2103,154305
507,507,,*MANUAL*,93,491,66,175.00,77.13,27.93,2103,162209
508,508,,*MANUAL*,91,447,66,173.00,64.61,33.40,2969,191816
509,509,,*MANUAL*,92,387,73,151.00,60.71,30.97,2103,127679
510,510,,*MANUAL*,97,823,89,120.00,40.92,20.90,2103,86051
511,511,,*MANUAL*,96,728,83,119.00,51.89,20.34,2103,109126
512,512,,*MANUAL*,96,638,87,122.00,46.29,24.17,2103,97344
513,513,,*MANUAL*,96,533,83,135.00,50.75,23.67,2969,150663
514,514,,*MANUAL*,93,444,85,142.00,47.71,29.90,2969,141660
515,515,,*MANUAL*,90,291,94,196.00,66.94,42.96,2103,140770
516,516,,*MANUAL*,52,1222,67,114.00,59.90,20.60,1365,81770
517,517,,*MANUAL*,50,1110,65,139.00,61.70,22.80,1365,84219
518,518,,*MANUAL*,48,991,70,155.00,72.30,24.58,1365,98690
519,519,,*MANUAL*,51,979,92,125.00,61.34,18.44,1365,83724
520,520,,*MANUAL*,52,920,70,102.00,36.86,17.50,2969,109448
521,521,,*MANUAL*,51,909,89,115.00,48.80,16.54,2103,102622
522,522,,*MANUAL*,52,864,96,105.00,50.40,15.85,2103,105985
523,523,,*MANUAL*,53,885,77,155.00,83.89,26.80,1365,114507
524,524,,*MANUAL*,56,738,99,131.00,76.16,21.95,1365,103956
525,525,,*MANUAL*,56,603,67,180.00,93.25,34.36,1365,127286
526,526,,*MANUAL*,53,858,79,117.00,62.37,20.13,1365,85138
527,527,,*MANUAL*,55,761,72,115.00,61.42,18.70,1365,83842
528,528,,*MANUAL*,56,674,69,132.00,59.33,22.25,2103,124779
529,529,,*MANUAL*,55,571,70,115.00,48.24,22.00,2969,143217
530,530,,*MANUAL*,57,496,69,164.00,70.63,25.54,2103,148545
531,531,,*MANUAL*,59,455,70,149.00,73.74,27.08,2103,155070
532,532,,*MANUAL*,57,388,71,140.00,56.47,25.81,2103,118756
533,533,,*MANUAL*,65,506,84,113.00,39.25,20.98,4139,162466
534,534,,*MANUAL*,54,800,91,98.00,35.34,16.98,2969,104910
535,535,,*MANUAL*,56,695,87,102.00,45.62,17.35,2103,95946
536,536,,*MANUAL*,58,620,87,109.00,51.28,20.31,2103,107842
537,537,,*MANUAL*,58,539,90,122.00,45.06,18.89,2103,94769
538,538,,*MANUAL*,60,432,84,113.00,50.60,18.07,2103,106404
539,539,,*MANUAL*,60,318,88,132.00,44.83,20.90,2090,93698
540,540,,*MANUAL*,51,801,65,120.00,70.50,19.66,1365,96230
541,541,,*MANUAL*,52,729,62,118.00,59.40,19.07,1365,81082
542,542,,*MANUAL*,53,646,64,121.00,73.15,20.25,895,65471
543,543,,*MANUAL*,57,536,63,156.00,80.22,26.49,1365,109500
544,544,,*MANUAL*,62,428,62,164.00,91.70,26.42,1365,125177
545,545,,*MANUAL*,60,317,65,183.00,78.69,37.89,895,70427
546,546,,*MANUAL*,65,345,62,173.00,111.09,23.97,895,99429
547,547,,*MANUAL*,87,320,76,246.00,138.33,45.63,1365,188815
548,548,,*MANUAL*,86,301,78,235.00,155.03,30.20,895,138755
549,549,,*MANUAL*,85,317,62,254.00,157.36,51.87,895,140836
550,550,,*MANUAL*,83,300,62,245.00,160.23,37.22,837,134115
551,551,,*MANUAL*,79,294,71,226.00,155.77,35.95,893,139103
552,552,,*MANUAL*,79,280,57,222.00,102.09,31.87,895,91369
553,553,,*MANUAL*,78,307,66,253.00,184.76,34.21,871,160922
554,554,,*MANUAL*,70,313,63,244.00,168.97,37.93,895,151225
555,555,,*MANUAL*,70,298,65,213.00,150.38,25.01,895,134588
556,556,,*MANUAL*,71,313,85,207.00,129.67,29.18,895,116059
557,557,,*MANUAL*,80,313,94,218.00,129.20,33.40,895,115632
558,558,,*MANUAL*,66,280,73,203.00,144.79,25.61,895,129584
559,559,,*MANUAL*,66,268,80,212.00,139.14,34.30,895,124527
560,560,,*MANUAL*,66,267,67,210.00,142.24,35.60,895,127306
561,561,,*MANUAL*,66,256,84,251.00,169.05,46.44,889,150285
562,562,,*MANUAL*,67,248,72,207.00,118.21,38.27,895,105802
563,563,,*MANUAL*,67,240,87,217.00,135.87,38.82,1365,185468
564,564,,*MANUAL*,69,232,75,235.00,141.97,42.47,895,127064
565,565,,*MANUAL*,70,219,66,190.00,101.94,36.19,1365,139149
566,566,,*MANUAL*,72,235,60,189.00,105.64,38.11,895,94544
567,567,,*MANUAL*,87,279,78,231.00,145.46,35.99,889,129311
568,568,,*MANUAL*,89,262,81,234.00,151.93,30.11,895,135975
569,569,,*MANUAL*,87,264,70,249.00,161.61,41.83,895,144637
570,570,,*MANUAL*,87,249,85,255.00,178.89,45.27,895,160111
571,571,,*MANUAL*,81,225,74,238.00,151.93,39.50,895,135974
572,572,,*MANUAL*,79,210,64,209.00,125.93,30.64,895,112703
573,573,,*MANUAL*,77,280,83,243.00,168.35,30.07,895,150670
574,574,,*MANUAL*,77,252,64,154.00,86.05,29.92,1365,117455
575,575,,*MANUAL*,79,270,94,219.00,138.23,24.49,895,123713
576,576,,*MANUAL*,77,260,81,212.00,133.75,33.33,1365,182562
577,577,,*MANUAL*,80,202,82,155.00,77.18,26.02,1251,96557
578,578,,*MANUAL*,71,201,77,149.00,80.02,26.34,1365,109225
579,579,,*MANUAL*,71,184,80,166.00,109.70,23.72,895,98180
580,580,,*MANUAL*,74,181,61,172.00,90.08,34.50,1365,122957
581,581,,*MANUAL*,74,164,68,177.00,97.31,33.38,1365,132827
582,582,,*MANUAL*,74,140,65,172.00,84.65,28.69,1355,114704
583,583,,*MANUAL*,78,141,77,165.00,88.10,31.63,1365,120261
584,584,,*MANUAL*,76,103,66,140.00,82.35,25.62,895,73702
585,585,,*MANUAL*,75,94,74,206.00,97.36,30.52,895,87136
586,586,,*MANUAL*,75,67,74,143.00,80.46,23.64,895,72011
587,587,,*MANUAL*,62,302,76,202.00,122.15,32.58,895,109322
588,588,f1,*MANUAL*,74,1061,63,78.00,27.19,10.92,895,24332
589,589,f2,*MANUAL*,74,1036,71,47.00,21.80, 7.81,895,19514
590,590,f3,*MANUAL*,74,1012,72,69.00,25.76,11.77,895,23056
591,591,f4,*MANUAL*,76,950,74,70.00,15.86,10.14,895,14193
592,592,f5,*MANUAL*,77,929,75,40.00, 9.89, 4.74,895,8852
593,593,f6,*MANUAL*,78,453,65,18.00, 5.23, 2.95,895,4679
594,594,f7,*MANUAL*,77,915,72,17.00, 4.30, 2.72,895,3847
595,595,f8,*MANUAL*,77,542,63,11.00, 2.19, 1.77,895,1958
596,596,f9,*MANUAL*,78,376,71,13.00, 2.81, 2.16,895,2519
597,597,f10,*MANUAL*,77,349,71,81.00, 7.03,11.09,895,6293
