0,0,*NOUSE*,*NOUSE*,0,0,0,0,0,0,0,0
1,1,*NOUSE*,*NOUSE*,0,0,0,0,0,0,0,0
2,2,*NOUSE*,*NOUSE*,0,0,0,0,0,0,0,0
3,3,*NOUSE*,*NOUSE*,0,0,0,0,0,0,0,0
4,4,*NOUSE*,*NOUSE*,0,0,0,0,0,0,0,0
5,5,*NOUSE*,*NOUSE*,0,0,0,0,0,0,0,0
6,6,*NOUSE*,*NOUSE*,0,0,0,0,0,0,0,0
7,7,*NOUSE*,*NOUSE*,0,0,0,0,0,0,0,0
8,8,*NOUSE*,*NOUSE*,0,0,0,0,0,0,0,0
9,9,*NOUSE*,*NOUSE*,0,0,0,0,0,0,0,0
10,10,*NOUSE*,*NOUSE*,0,0,0,0,0,0,0,0
11,11,*NOUSE*,*NOUSE*,0,0,0,0,0,0,0,0
12,12,*NOUSE*,*NOUSE*,0,0,0,0,0,0,0,0
13,13,*NOUSE*,*NOUSE*,0,0,0,0,0,0,0,0
14,14,*NOUSE*,*NOUSE*,0,0,0,0,0,0,0,0
15,15,*NOUSE*,*NOUSE*,0,0,0,0,0,0,0,0
16,16,*NOUSE*,*NOUSE*,0,0,0,0,0,0,0,0
17,17,*NOUSE*,*NOUSE*,0,0,0,0,0,0,0,0
18,18,*NOUSE*,*NOUSE*,0,0,0,0,0,0,0,0
19,19,*NOUSE*,*NOUSE*,0,0,0,0,0,0,0,0
20,20,*NOUSE*,*NOUSE*,0,0,0,0,0,0,0,0
21,21,*NOUSE*,*NOUSE*,0,0,0,0,0,0,0,0
22,22,*NOUSE*,*NOUSE*,0,0,0,0,0,0,0,0
23,23,*NOUSE*,*NOUSE*,0,0,0,0,0,0,0,0
24,24,*NOUSE*,*NOUSE*,0,0,0,0,0,0,0,0
25,25,*NOUSE*,*NOUSE*,0,0,0,0,0,0,0,0
26,26,*NOUSE*,*NOUSE*,0,0,0,0,0,0,0,0
27,27,*NOUSE*,*NOUSE*,0,0,0,0,0,0,0,0
28,28,*NOUSE*,*NOUSE*,0,0,0,0,0,0,0,0
29,29,*NOUSE*,*NOUSE*,0,0,0,0,0,0,0,0
30,30,*NOUSE*,*NOUSE*,0,0,0,0,0,0,0,0
31,31,*NOUSE*,*NOUSE*,0,0,0,0,0,0,0,0
32,32,*NOUSE*,*NOUSE*,0,0,0,0,0,0,0,0
33,33,*NOUSE*,*NOUSE*,0,0,0,0,0,0,0,0
34,34,*NOUSE*,*NOUSE*,0,0,0,0,0,0,0,0
35,35,,*MANUAL*,69,433,94,252.00,139.16,46.27,1365,189955.00
36,36,,*MANUAL*,69,458,96,229.00,133.87,44.19,1365,182739.00
37,37,,*MANUAL*,69,482,98,252.00,164.44,39.28,895,147173.00
38,38,,*MANUAL*,65,561,97,217.00,135.51,38.75,895,121279.00
39,39,,*MANUAL*,65,591,101,234.00,136.23,40.33,895,121923.00
40,40,,*MANUAL*,70,701,99,231.00,104.32,48.28,1365,142395.00
41,41,,*MANUAL*,70,732,94,235.00,136.00,37.66,1365,185645.00
42,42,,*MANUAL*,68,763,95,210.00,111.39,37.51,1329,148041.00
43,43,,*MANUAL*,69,806,98,211.00,130.06,32.71,895,116404.00
44,44,,*MANUAL*,69,830,102,229.00,108.48,40.67,1365,148075.00
45,45,,*MANUAL*,68,903,92,187.00,104.06,29.39,895,93130.00
46,46,,*MANUAL*,69,941,96,192.00,104.98,30.32,895,93959.00
47,47,,*MANUAL*,70,973,100,217.00,127.10,29.22,842,107021.00
48,48,,*MANUAL*,70,1028,100,219.00,116.51,29.51,895,104279.00
49,49,,*MANUAL*,69,1048,99,179.00,87.13,27.63,1365,118928.00
50,50,,*MANUAL*,83,1045,47,80.00,38.35,13.72,1365,52353.00
51,51,,*MANUAL*,60,1051,52,104.00,41.91,18.47,1365,57208.00
52,52,,*MANUAL*,83,1056,83,100.00,40.55,15.28,1365,55354.00
53,53,,*MANUAL*,60,1061,86,123.00,44.49,18.92,2103,93554.00
54,54,,*MANUAL*,65,999,90,84.00,29.61,13.40,2103,62277.00
55,55,,*MANUAL*,73,996,51,68.00,28.87,12.17,1365,39402.00
56,56,,*MANUAL*,69,942,43,72.00,27.09,10.18,2103,56974.00
57,57,,*MANUAL*,73,913,74,83.00,26.30,11.32,2103,55304.00
58,58,,*MANUAL*,70,853,54,72.00,25.02,11.18,1365,34152.00
59,59,,*MANUAL*,70,815,84,87.00,26.83,12.65,2103,56422.00
60,60,,*MANUAL*,75,768,52,85.00,29.71,15.95,2103,62483.00
61,61,,*MANUAL*,62,717,68,82.00,25.05,13.08,2103,52682.00
62,62,,*MANUAL*,81,661,68,82.00,27.24,11.24,2103,57291.00
63,63,,*MANUAL*,70,613,64,98.00,36.82,15.31,2103,77425.00
64,64,,*MANUAL*,67,546,81,102.00,36.13,15.18,2103,75972.00
65,65,,*MANUAL*,69,500,61,98.00,39.49,15.64,2103,83037.00
66,66,,*MANUAL*,70,448,82,118.00,53.33,17.67,2103,112150.00
67,67,,*MANUAL*,72,416,56,114.00,52.82,19.65,1365,72106.00
68,68,,*MANUAL*,70,374,82,153.00,65.70,22.24,1365,89675.00
69,69,,*MANUAL*,68,356,55,154.00,69.03,25.48,1180,81451.00
70,70,,*MANUAL*,81,732,84,168.00,78.32,26.35,1365,106905.00
71,71,,*MANUAL*,81,708,83,187.00,80.44,25.09,2103,169166.00
72,72,,*MANUAL*,69,671,86,204.00,93.37,28.11,2103,196349.00
73,73,,*MANUAL*,67,651,89,186.00,101.06,31.31,1365,137952.00
74,74,,*MANUAL*,50,1041,70,225.00,119.34,42.19,1365,162900.00
75,75,,*MANUAL*,52,865,48,190.00,116.80,26.20,895,104539.00
76,76,,*MANUAL*,52,695,64,226.00,103.73,38.91,1365,141588.00
77,77,,*MANUAL*,53,676,83,249.00,154.19,44.40,895,137996.00
78,78,,*MANUAL*,92,1044,64,174.00,102.76,30.62,895,91973.00
79,79,,*MANUAL*,83,843,52,172.00,92.86,29.71,895,83114.00
80,80,,*MANUAL*,89,780,62,175.00,101.57,26.32,895,90901.00
81,81,,*MANUAL*,89,685,83,194.00,111.58,32.52,895,99860.00
82,82,,*MANUAL*,46,1018,73,141.00,68.21,26.29,1365,93109.00
83,83,,*MANUAL*,47,952,81,189.00,82.07,29.20,1365,112020.00
84,84,,*MANUAL*,47,996,62,123.00,52.90,21.03,1365,72212.00
85,85,,*MANUAL*,47,908,71,137.00,66.18,27.69,1365,90336.00
86,86,,*MANUAL*,46,860,85,197.00,66.80,31.37,2103,140479.00
87,87,,*MANUAL*,47,927,51,109.00,45.75,19.57,2103,96222.00
88,88,,*MANUAL*,47,798,77,157.00,65.83,28.97,1365,89855.00
89,89,,*MANUAL*,48,745,80,195.00,75.82,36.88,2103,159450.00
90,90,,*MANUAL*,49,773,56,135.00,50.51,26.23,2103,106226.00
91,91,,*MANUAL*,53,649,78,166.00,62.30,28.45,1365,85046.00
92,92,,*MANUAL*,52,600,86,205.00,85.95,38.92,2103,180763.00
93,93,,*MANUAL*,52,609,62,145.00,49.57,24.08,1365,67657.00
94,94,,*MANUAL*,49,547,76,175.00,78.49,31.51,1365,107139.00
95,95,,*MANUAL*,50,501,75,178.00,81.29,33.55,1365,110956.00
96,96,,*MANUAL*,53,474,84,195.00,91.35,37.93,1365,124695.00
97,97,,*MANUAL*,53,459,62,176.00,55.21,31.13,2103,116101.00
98,98,,*MANUAL*,52,423,76,172.00,74.44,36.10,1365,101615.00
99,99,,*MANUAL*,53,334,81,227.00,102.76,38.33,1363,140062.00
100,100,,*MANUAL*,56,357,83,236.00,129.59,46.71,895,115986.00
101,101,,*MANUAL*,54,285,64,192.00,84.24,34.00,867,73032.00
102,102,,*MANUAL*,67,1036,31,132.00,41.20,16.70,2103,86648.00
103,103,,*MANUAL*,95,1018,67,116.00,53.65,16.87,1365,73229.00
104,104,,*MANUAL*,95,947,77,149.00,60.25,20.82,1365,82245.00
105,105,,*MANUAL*,95,974,59,79.00,31.77,14.30,2103,66806.00
106,106,,*MANUAL*,92,899,67,111.00,42.56,19.59,1365,58096.00
107,107,,*MANUAL*,91,855,86,104.00,55.46,19.52,1365,75709.00
108,108,,*MANUAL*,91,854,60,100.00,35.84,14.59,1365,48923.00
109,109,,*MANUAL*,91,798,79,119.00,41.36,20.90,1365,56463.00
110,110,,*MANUAL*,91,749,80,130.00,60.21,21.56,1365,82191.00
111,111,,*MANUAL*,91,744,55,114.00,37.52,16.07,2103,78907.00
112,112,,*MANUAL*,95,656,78,111.00,51.25,19.20,1365,69958.00
113,113,,*MANUAL*,91,607,89,158.00,79.55,24.43,1365,108584.00
114,114,,*MANUAL*,91,598,58,100.00,37.91,17.39,2103,79729.00
115,115,,*MANUAL*,88,587,78,127.00,71.77,20.76,1365,97966.00
116,116,,*MANUAL*,87,522,79,140.00,49.29,24.40,2103,103658.00
117,117,,*MANUAL*,88,484,88,153.00,78.59,25.13,1365,107275.00
118,118,,*MANUAL*,88,422,71,134.00,57.11,25.83,2103,120100.00
119,119,,*MANUAL*,85,338,79,170.00,90.08,30.28,895,80618.00
120,120,,*MANUAL*,81,375,82,189.00,90.98,33.75,895,81424.00
121,121,,*MANUAL*,80,557,63,111.00,33.19,17.09,2103,69801.00
122,122,,*MANUAL*,83,305,58,128.00,53.61,22.56,1341,71889.00
123,123,,*MANUAL*,87,1514,61,112.00,55.16,18.51,895,49370.00
124,124,,*MANUAL*,85,1487,56,126.00,62.21,19.74,892,55488.00
125,125,,*MANUAL*,83,1440,47,100.00,48.28,17.20,895,43208.00
126,126,,*MANUAL*,90,1400,52,137.00,64.86,24.88,895,58047.00
127,127,,*MANUAL*,79,1343,45,135.00,85.98,15.95,895,76953.00
128,128,,*MANUAL*,86,1332,51,145.00,85.99,17.18,895,76961.00
129,129,,*MANUAL*,88,1518,93,120.00,58.74,18.27,887,52101.00
130,130,,*MANUAL*,85,1491,103,111.00,53.96,20.53,895,48290.00
131,131,,*MANUAL*,81,1447,109,115.00,55.64,18.87,895,49797.00
132,132,,*MANUAL*,88,1407,103,115.00,64.79,16.90,895,57988.00
133,133,,*MANUAL*,87,1348,103,144.00,67.61,25.98,757,51178.00
134,134,,*MANUAL*,80,1355,107,134.00,86.93,21.72,895,77806.00
135,135,,*MANUAL*,53,1521,62,119.00,67.03,17.77,895,59990.00
136,136,,*MANUAL*,55,1506,55,139.00,58.85,19.80,895,52668.00
137,137,,*MANUAL*,55,1460,53,120.00,69.51,19.33,895,62213.00
138,138,,*MANUAL*,49,1396,56,166.00,79.14,25.35,872,69011.00
139,139,,*MANUAL*,54,1338,48,144.00,77.97,23.67,895,69784.00
140,140,,*MANUAL*,47,1327,54,174.00,90.71,27.63,895,81182.00
141,141,,*MANUAL*,50,1515,94,133.00,65.32,22.56,895,58459.00
142,142,,*MANUAL*,54,1485,103,128.00,63.49,19.46,895,56823.00
143,143,,*MANUAL*,55,1443,106,132.00,74.81,19.94,895,66956.00
144,144,,*MANUAL*,53,1411,107,184.00,92.11,31.75,895,82439.00
145,145,,*MANUAL*,48,1395,98,145.00,79.96,22.85,895,71564.00
146,146,,*MANUAL*,55,1343,107,156.00,82.09,27.31,889,72980.00
147,147,,*MANUAL*,49,1327,100,155.00,74.05,27.67,895,66274.00
148,148,,*MANUAL*,62,411,91,207.00,111.91,40.84,1365,152753.00
149,149,,*MANUAL*,60,494,96,227.00,107.25,39.11,1365,146396.00
150,150,,*MANUAL*,63,631,92,207.00,103.73,35.68,1365,141594.00
151,151,,*MANUAL*,59,724,92,221.00,113.24,38.69,1365,154569.00
152,152,,*MANUAL*,53,697,86,235.00,146.48,41.19,895,131100.00
153,153,,*MANUAL*,57,750,90,245.00,154.75,42.66,895,138503.00
154,154,,*MANUAL*,57,789,89,190.00,93.17,33.02,1365,127183.00
155,155,,*MANUAL*,59,853,101,205.00,82.99,31.66,1365,113284.00
156,156,,*MANUAL*,55,906,86,219.00,99.20,35.07,1365,135406.00
157,157,,*MANUAL*,62,968,98,175.00,96.84,31.82,1365,132190.00
158,158,,*MANUAL*,54,1047,95,167.00,89.15,34.41,1365,121684.00
159,159,,*MANUAL*,57,1114,103,181.00,91.84,33.68,1365,125366.00
160,160,,*MANUAL*,51,1173,101,169.00,78.97,31.05,895,70675.00
161,161,,*MANUAL*,53,1221,108,163.00,86.48,29.20,895,77402.00
162,162,,*MANUAL*,80,423,89,201.00,99.93,35.04,1365,136403.00
163,163,,*MANUAL*,80,501,95,172.00,86.17,32.72,1365,117617.00
164,164,,*MANUAL*,78,580,95,190.00,96.48,33.31,1365,131696.00
165,165,,*MANUAL*,86,665,91,163.00,91.56,25.79,1365,124982.00
166,166,,*MANUAL*,82,761,89,186.00,105.47,28.38,895,94393.00
167,167,,*MANUAL*,82,817,96,164.00,82.96,26.86,1365,113242.00
168,168,,*MANUAL*,82,879,90,151.00,71.56,27.95,1365,97686.00
169,169,,*MANUAL*,86,942,89,156.00,76.69,26.31,1365,104683.00
170,170,,*MANUAL*,86,900,82,165.00,98.13,30.05,895,87827.00
171,171,,*MANUAL*,88,970,87,182.00,92.66,30.71,1365,126484.00
172,172,,*MANUAL*,84,1015,101,153.00,67.37,27.26,1365,91960.00
173,173,,*MANUAL*,85,1082,96,151.00,65.05,26.52,1365,88796.00
174,174,,*MANUAL*,86,1138,99,179.00,89.58,32.01,895,80177.00
175,175,,*MANUAL*,86,1170,102,151.00,75.90,24.58,895,67928.00
176,176,,*MANUAL*,81,1239,107,171.00,80.10,27.91,895,71687.00
177,177,,*MANUAL*,77,442,47,208.00,105.65,29.98,895,94557.00
178,178,,*MANUAL*,76,522,50,199.00,114.64,34.09,895,102604.00
179,179,,*MANUAL*,77,593,48,177.00,93.90,30.57,1365,128176.00
180,180,,*MANUAL*,82,649,42,179.00,96.19,30.88,1365,131305.00
181,181,,*MANUAL*,82,782,41,167.00,94.93,26.28,895,84966.00
182,182,,*MANUAL*,76,834,41,161.00,97.09,24.47,895,86898.00
183,183,,*MANUAL*,84,886,33,152.00,73.68,23.72,895,65947.00
184,184,,*MANUAL*,76,1224,41,192.00,108.63,29.57,871,94614.00
185,185,,*MANUAL*,80,1190,36,142.00,74.13,21.91,895,66343.00
186,186,,*MANUAL*,78,1140,36,149.00,63.54,27.80,1365,86726.00
187,187,,*MANUAL*,82,1114,40,147.00,78.00,24.12,1365,106465.00
188,188,,*MANUAL*,80,1048,32,157.00,96.27,23.14,895,86160.00
189,189,,*MANUAL*,85,982,40,150.00,68.54,23.28,1365,93561.00
190,190,,*MANUAL*,79,940,31,174.00,88.79,28.11,895,79469.00
191,191,,*MANUAL*,63,452,48,238.00,134.50,45.52,1365,183597.00
192,192,,*MANUAL*,60,513,52,231.00,108.38,44.51,1365,147938.00
193,193,,*MANUAL*,62,600,49,209.00,104.73,40.20,1365,142950.00
194,194,,*MANUAL*,62,674,45,243.00,110.99,37.83,895,99340.00
195,195,,*MANUAL*,62,772,41,182.00,114.02,28.69,895,102044.00
196,196,,*MANUAL*,59,817,43,214.00,95.18,33.79,1365,129925.00
197,197,,*MANUAL*,59,871,37,187.00,98.31,29.52,895,87989.00
198,198,,*MANUAL*,57,959,38,188.00,91.83,29.01,1365,125351.00
199,199,,*MANUAL*,60,1003,41,167.00,93.19,28.93,895,83402.00
200,200,,*MANUAL*,57,1047,36,158.00,88.57,27.17,1365,120898.00
201,201,,*MANUAL*,57,1113,40,183.00,95.23,26.36,1365,129987.00
202,202,,*MANUAL*,52,1140,41,163.00,73.02,29.92,1365,99673.00
203,203,,*MANUAL*,57,1205,39,177.00,100.12,31.87,895,89609.00
204,204,,*MANUAL*,67,1217,42,186.00,102.15,34.91,1365,139436.00
205,205,*NOUSE*,*NOUSE*,0,0,0,0,0,0,0,0
206,206,,*MANUAL*,62,203,70,142.00,63.18,23.34,895,56550.00
207,207,,*MANUAL*,65,211,81,236.00,155.14,38.41,895,138853.00
208,208,,*MANUAL*,63,229,76,249.00,167.60,42.74,895,150005.00
209,209,,*MANUAL*,61,241,69,253.00,192.18,35.79,893,171619.00
210,210,,*MANUAL*,58,255,67,255.00,203.85,38.97,885,180404.00
211,211,,*MANUAL*,58,251,79,254.00,183.34,38.02,889,162985.00
212,212,,*MANUAL*,57,268,73,250.00,165.95,33.95,895,148523.00
213,213,,*MANUAL*,58,273,85,247.00,157.85,47.19,895,141276.00
214,214,,*MANUAL*,56,289,78,242.00,145.09,37.28,895,129854.00
215,215,,*MANUAL*,55,314,75,248.00,176.40,34.72,773,136357.00
216,216,,*MANUAL*,54,343,58,203.00,105.84,36.62,895,94726.00
217,217,,*MANUAL*,77,214,69,139.00,67.00,25.81,895,59968.00
218,218,,*MANUAL*,77,198,79,242.00,150.54,41.11,895,134729.00
219,219,,*MANUAL*,76,234,73,239.00,155.10,40.72,895,138818.00
220,220,,*MANUAL*,75,247,64,249.00,176.96,34.82,891,157668.00
221,221,,*MANUAL*,79,260,63,254.00,188.93,40.38,895,169090.00
222,222,,*MANUAL*,79,256,76,249.00,162.34,37.68,895,145294.00
223,223,,*MANUAL*,81,271,68,207.00,140.60,29.10,895,125841.00
224,224,,*MANUAL*,79,277,82,236.00,139.07,49.93,895,124467.00
225,225,,*MANUAL*,81,289,74,208.00,136.40,29.27,895,122082.00
226,226,,*MANUAL*,81,313,70,242.00,138.94,30.25,895,124350.00
227,227,,*MANUAL*,81,330,69,233.00,154.93,28.88,853,132156.00
228,228,,*MANUAL*,76,293,64,243.00,145.97,36.09,895,130642.00
229,229,,*MANUAL*,74,304,53,247.00,142.26,41.52,881,125329.00
230,230,,*MANUAL*,63,286,63,235.00,152.13,38.42,873,132807.00
231,231,,*MANUAL*,64,302,56,231.00,154.47,32.78,895,138248.00
232,232,,*MANUAL*,68,285,72,250.00,177.53,38.61,895,158889.00
233,233,,*MANUAL*,70,267,84,206.00,124.29,34.08,1365,169660.00
234,234,,*MANUAL*,68,272,65,217.00,138.36,25.45,895,123835.00
235,235,,*MANUAL*,68,247,76,236.00,167.37,28.91,895,149798.00
236,236,,*MANUAL*,68,256,63,248.00,173.29,29.63,895,155095.00
237,237,,*MANUAL*,68,225,63,235.00,136.19,35.10,895,121893.00
238,238,,*MANUAL*,73,183,65,216.00,140.19,25.36,895,125473.00
239,239,,*MANUAL*,75,236,86,234.00,136.38,41.16,895,122060.00
240,240,,*MANUAL*,64,238,86,252.00,143.88,45.88,895,128770.00
241,241,,*MANUAL*,70,299,91,244.00,128.73,43.83,1365,175720.00
242,242,,*MANUAL*,67,305,77,239.00,163.37,34.50,886,144742.00
243,243,,*MANUAL*,68,322,83,252.00,193.54,46.47,819,158509.00
244,244,,*MANUAL*,63,312,89,253.00,175.32,41.91,868,152177.00
245,245,,*MANUAL*,62,335,87,249.00,160.89,50.54,895,143998.00
246,246,,*MANUAL*,78,309,84,245.00,155.90,36.48,895,139529.00
247,247,,*MANUAL*,77,327,86,253.00,173.12,43.94,895,154942.00
248,248,,*MANUAL*,72,348,88,234.00,138.73,32.79,895,124159.00
249,249,,*MANUAL*,72,327,67,229.00,142.66,33.46,877,125113.00
250,250,,*MANUAL*,64,326,60,243.00,149.34,41.60,895,133656.00
251,251,,*MANUAL*,68,1114,87,184.00,102.79,33.82,860,88401.00
252,252,,*MANUAL*,73,1111,56,184.00,106.76,32.36,887,94695.00
253,253,,*MANUAL*,68,1120,52,188.00,103.48,27.43,895,92619.00
254,254,,*MANUAL*,68,1122,93,218.00,136.39,38.56,892,121664.00
255,255,,*MANUAL*,83,1120,69,218.00,104.29,33.51,895,93338.00
256,256,,*MANUAL*,55,1122,63,230.00,121.91,43.41,895,109108.00
257,257,,*MANUAL*,68,1128,83,182.00,106.95,29.53,895,95718.00
258,258,,*MANUAL*,76,1137,92,204.00,123.07,32.59,895,110146.00
259,259,,*MANUAL*,60,1139,93,214.00,126.05,39.56,895,112813.00
260,260,,*MANUAL*,81,1135,65,130.00,59.18,18.63,895,52966.00
261,261,,*MANUAL*,54,1150,55,247.00,134.38,42.63,879,118119.00
262,262,,*MANUAL*,65,1153,45,230.00,100.61,23.86,895,90049.00
263,263,,*MANUAL*,68,1153,96,185.00,107.17,27.94,895,95913.00
264,264,,*MANUAL*,85,1152,60,159.00,88.40,23.56,895,79115.00
265,265,,*MANUAL*,51,1150,65,212.00,115.75,30.33,895,103592.00
266,266,,*MANUAL*,85,1152,83,157.00,85.04,23.95,895,76107.00
267,267,,*MANUAL*,53,1154,83,170.00,95.93,24.84,895,85860.00
268,268,,*MANUAL*,81,1178,51,204.00,115.05,25.00,895,102971.00
269,269,,*MANUAL*,54,1182,52,229.00,140.91,30.61,895,126114.00
270,270,,*MANUAL*,67,1179,46,169.00,84.49,22.15,1365,115330.00
271,271,,*MANUAL*,81,1178,84,144.00,83.07,20.68,895,74346.00
272,272,,*MANUAL*,56,1179,83,184.00,98.66,27.07,895,88303.00
273,273,,*MANUAL*,70,1184,95,195.00,118.81,30.65,895,106338.00
274,274,,*MANUAL*,67,1198,49,224.00,128.24,27.21,895,114771.00
275,275,,*MANUAL*,82,1188,66,156.00,89.24,23.38,895,79872.00
276,276,,*MANUAL*,56,1194,62,196.00,109.49,29.00,895,97991.00
277,277,,*MANUAL*,81,1195,80,215.00,143.99,27.27,895,128868.00
278,278,,*MANUAL*,56,1196,80,242.00,157.01,36.40,895,140524.00
279,279,,*MANUAL*,76,1207,54,167.00,112.07,22.06,895,100303.00
280,280,,*MANUAL*,61,1212,56,186.00,118.21,24.00,895,105796.00
281,281,,*MANUAL*,79,1208,72,183.00,119.18,24.64,895,106666.00
282,282,,*MANUAL*,58,1208,72,211.00,143.36,30.70,895,128303.00
283,283,,*MANUAL*,74,1200,88,219.00,128.17,30.49,858,109970.00
284,284,,*MANUAL*,64,1200,88,218.00,140.16,28.97,895,125441.00
285,285,,*MANUAL*,69,1218,84,175.00,101.73,27.02,893,90848.00
286,286,,*MANUAL*,77,1224,65,153.00,88.91,19.69,895,79574.00
287,287,,*MANUAL*,61,1229,66,220.00,104.75,30.81,895,93748.00
288,288,,*MANUAL*,70,1360,74,158.00,72.81,25.44,895,65167.00
289,289,,*MANUAL*,77,1375,92,212.00,122.29,33.07,895,109448.00
290,290,,*MANUAL*,61,1372,91,219.00,135.47,34.08,895,121242.00
291,291,,*MANUAL*,72,1393,65,186.00,111.95,26.50,895,100193.00
292,292,,*MANUAL*,80,1401,92,168.00,102.61,25.59,895,91834.00
293,293,,*MANUAL*,57,1398,92,205.00,107.69,36.83,895,96382.00
294,294,,*MANUAL*,70,1407,60,175.00,126.42,18.32,755,95447.00
295,295,,*MANUAL*,79,1408,61,145.00,88.92,21.25,895,79581.00
296,296,,*MANUAL*,61,1408,61,140.00,94.54,18.47,895,84616.00
297,297,,*MANUAL*,84,1417,80,147.00,88.15,23.64,895,78890.00
298,298,,*MANUAL*,55,1409,80,196.00,103.87,33.99,889,92336.00
299,299,,*MANUAL*,74,1410,100,127.00,78.91,18.91,895,70621.00
300,300,,*MANUAL*,61,1413,97,162.00,85.82,23.23,895,76805.00
301,301,,*MANUAL*,75,1422,89,175.00,107.69,25.48,813,87553.00
302,302,,*MANUAL*,82,1420,94,176.00,109.10,31.25,895,97643.00
303,303,,*MANUAL*,61,1422,86,223.00,119.63,35.40,839,100373.00
304,304,,*MANUAL*,53,1422,90,232.00,119.14,42.19,895,106632.00
305,305,,*MANUAL*,68,1431,98,153.00,84.46,25.13,785,66299.00
306,306,,*MANUAL*,81,1432,71,134.00,73.92,16.92,895,66154.00
307,307,,*MANUAL*,58,1432,68,153.00,91.52,19.94,895,81910.00
308,308,,*MANUAL*,77,1435,93,204.00,117.18,35.75,843,98786.00
309,309,,*MANUAL*,60,1435,96,209.00,111.20,38.98,884,98304.00
310,310,,*MANUAL*,82,1437,85,187.00,107.80,33.93,880,94866.00
311,311,,*MANUAL*,54,1437,80,197.00,104.51,35.55,895,93532.00
312,312,,*MANUAL*,66,1423,60,201.00,123.08,37.33,769,94652.00
313,313,,*MANUAL*,71,1429,62,218.00,117.90,40.04,895,105523.00
314,314,,*MANUAL*,69,1451,62,93.00,50.66,14.76,895,45344.00
315,315,,*MANUAL*,79,1452,91,143.00,83.41,21.98,855,71316.00
316,316,,*MANUAL*,58,1459,90,177.00,94.38,27.00,895,84470.00
317,317,,*MANUAL*,82,1468,83,113.00,50.31,18.83,895,45024.00
318,318,,*MANUAL*,57,1468,81,127.00,65.59,20.98,895,58702.00
319,319,,*MANUAL*,57,1487,89,190.00,87.44,34.65,873,76338.00
320,320,,*MANUAL*,82,1482,92,131.00,70.13,21.70,847,59403.00
321,321,,*MANUAL*,71,1496,61,153.00,86.39,24.92,755,65227.00
322,322,,*MANUAL*,74,1474,67,98.00,52.86,12.25,895,47314.00
323,323,,*MANUAL*,65,1496,66,145.00,64.72,24.56,895,57922.00
324,324,,*MANUAL*,73,1509,91,106.00,54.92,16.05,769,42230.00
325,325,,*MANUAL*,64,1509,90,108.00,50.11,15.54,839,42046.00
326,326,,*MANUAL*,83,1509,89,136.00,72.22,25.38,895,64634.00
327,327,,*MANUAL*,56,1509,85,154.00,85.84,26.85,895,76830.00
328,328,,*MANUAL*,70,1566,54,111.00,49.85,18.78,895,44619.00
329,329,,*MANUAL*,70,1540,57,142.00,76.84,24.65,895,68775.00
330,330,,*MANUAL*,70,1523,60,150.00,85.58,21.96,873,74710.00
331,331,,*MANUAL*,80,1574,77,100.00,46.55,20.09,895,41658.00
332,332,,*MANUAL*,80,1549,83,164.00,74.12,29.52,895,66339.00
333,333,,*MANUAL*,80,1534,85,145.00,78.11,26.41,895,69906.00
334,334,,*MANUAL*,62,1573,78,117.00,53.30,21.88,895,47700.00
335,335,,*MANUAL*,59,1548,81,163.00,79.27,24.94,895,70944.00
336,336,,*MANUAL*,59,1534,84,156.00,87.02,27.42,895,77881.00
337,337,,*MANUAL*,93,1092,65,86.00,37.32,15.03,1365,50942.00
338,338,,*MANUAL*,93,1112,59,105.00,42.42,16.54,2103,89212.00
339,339,,*MANUAL*,95,1182,73,115.00,46.41,18.20,1365,63346.00
340,340,,*MANUAL*,94,1183,52,106.00,43.72,20.53,1365,59671.00
341,341,,*MANUAL*,44,1086,69,124.00,49.20,21.36,2103,103464.00
342,342,,*MANUAL*,44,1112,69,146.00,51.56,24.81,2101,108336.00
343,343,,*MANUAL*,40,1169,81,151.00,59.29,23.88,1365,80925.00
344,344,,*MANUAL*,43,1205,60,127.00,60.14,21.54,895,53826.00
345,345,,*MANUAL*,40,1351,80,149.00,71.25,25.55,849,60491.00
346,346,,*MANUAL*,43,1471,80,124.00,70.70,23.40,895,63273.00
347,347,,*MANUAL*,96,1347,79,113.00,45.03,20.11,883,39759.00
348,348,,*MANUAL*,95,1452,81,106.00,52.01,13.52,895,46552.00
349,349,,*MANUAL*,48,1117,81,224.00,133.16,37.17,895,119176.00
350,350,,*MANUAL*,44,1187,90,211.00,114.62,43.80,895,102587.00
351,351,,*MANUAL*,43,1200,87,239.00,160.36,30.40,883,141597.00
352,352,,*MANUAL*,49,1209,87,250.00,166.27,34.53,880,146317.00
353,353,,*MANUAL*,43,1217,83,242.00,159.89,33.68,895,143099.00
354,354,,*MANUAL*,43,1227,91,232.00,146.74,34.28,895,131335.00
355,355,,*MANUAL*,43,1233,77,243.00,158.46,33.17,895,141820.00
356,356,,*MANUAL*,47,1214,71,243.00,156.88,33.69,895,140412.00
357,357,,*MANUAL*,48,1222,61,240.00,162.44,36.38,895,145381.00
358,358,,*MANUAL*,44,1255,68,204.00,115.42,26.81,895,103304.00
359,359,,*MANUAL*,44,1254,87,187.00,105.30,18.63,895,94241.00
360,360,,*MANUAL*,44,1273,73,160.00,109.98,19.53,895,98431.00
361,361,,*MANUAL*,43,1271,89,224.00,152.06,25.51,884,134421.00
362,362,,*MANUAL*,42,1289,84,214.00,121.05,25.68,895,108341.00
363,363,,*MANUAL*,43,1301,90,230.00,141.36,42.76,895,126518.00
364,364,,*MANUAL*,44,1316,89,207.00,131.16,32.17,895,117384.00
365,365,,*MANUAL*,46,1297,72,207.00,113.79,23.57,895,101841.00
366,366,,*MANUAL*,44,1315,76,193.00,130.73,23.18,895,117004.00
367,367,,*MANUAL*,44,1333,75,200.00,119.40,28.08,895,106867.00
368,368,,*MANUAL*,48,1236,56,239.00,152.30,34.95,895,136309.00
369,369,,*MANUAL*,50,1252,55,200.00,128.24,29.66,895,114778.00
370,370,,*MANUAL*,46,1273,57,223.00,142.74,28.77,875,124897.00
371,371,,*MANUAL*,50,1287,65,191.00,122.48,26.57,895,109618.00
372,372,,*MANUAL*,92,1132,78,175.00,101.17,26.18,895,90546.00
373,373,,*MANUAL*,95,1168,85,158.00,90.23,22.82,895,80755.00
374,374,,*MANUAL*,92,1195,85,189.00,113.49,23.59,895,101577.00
375,375,,*MANUAL*,91,1206,75,193.00,120.26,29.00,895,107630.00
376,376,,*MANUAL*,90,1215,63,178.00,112.33,24.95,895,100531.00
377,377,,*MANUAL*,89,1229,63,199.00,126.37,26.74,895,113102.00
378,378,,*MANUAL*,92,1217,80,177.00,110.81,23.21,895,99175.00
379,379,,*MANUAL*,93,1229,86,188.00,89.78,31.14,895,80354.00
380,380,,*MANUAL*,94,1236,73,184.00,112.36,28.64,895,100562.00
381,381,,*MANUAL*,92,1257,67,145.00,73.39,17.24,1365,100174.00
382,382,,*MANUAL*,91,1253,88,130.00,75.95,19.82,1365,103669.00
383,383,,*MANUAL*,92,1278,72,148.00,85.56,17.49,895,76572.00
384,384,,*MANUAL*,92,1274,89,166.00,91.97,22.29,895,82309.00
385,385,,*MANUAL*,93,1292,84,140.00,89.24,19.41,893,79694.00
386,386,,*MANUAL*,91,1304,91,184.00,116.74,27.46,895,104486.00
387,387,,*MANUAL*,91,1316,90,196.00,103.87,25.97,892,92653.00
388,388,,*MANUAL*,92,1299,67,142.00,87.95,19.09,895,78715.00
389,389,,*MANUAL*,92,1318,74,147.00,91.47,20.98,895,81865.00
390,390,,*MANUAL*,92,1332,74,159.00,84.27,21.74,895,75426.00
391,391,,*MANUAL*,87,1240,53,199.00,118.28,30.82,895,105861.00
392,392,,*MANUAL*,85,1255,53,173.00,109.06,25.56,895,97607.00
393,393,,*MANUAL*,87,1276,53,166.00,107.45,21.06,895,96170.00
394,394,,*MANUAL*,86,1312,56,164.00,101.03,28.51,895,90421.00
395,395,,*MANUAL*,84,1286,64,165.00,97.57,20.10,895,87324.00
396,396,,*MANUAL*,47,1308,63,217.00,137.93,30.92,877,120964.00
397,397,,*MANUAL*,54,1316,68,231.00,149.28,26.42,895,133604.00
398,398,,*MANUAL*,55,1301,64,215.00,147.65,24.49,895,132151.00
399,399,,*MANUAL*,55,1271,62,208.00,128.79,29.56,895,115265.00
400,400,,*MANUAL*,54,1250,67,212.00,134.77,30.01,828,111588.00
401,401,,*MANUAL*,82,1318,65,188.00,114.17,22.11,895,102181.00
402,402,,*MANUAL*,82,1302,61,179.00,118.53,19.36,895,106085.00
403,403,,*MANUAL*,82,1269,62,157.00,98.91,19.54,895,88527.00
404,404,,*MANUAL*,83,1244,66,190.00,107.70,28.46,861,92732.00
405,405,,*MANUAL*,65,1331,44,161.00,105.34,20.97,895,94283.00
406,406,,*MANUAL*,65,1304,41,160.00,102.44,22.56,895,91686.00
407,407,,*MANUAL*,80,1319,46,187.00,113.63,27.38,895,101702.00
408,408,,*MANUAL*,54,1315,51,194.00,138.84,22.09,895,124259.00
409,409,,*MANUAL*,62,1324,58,220.00,146.92,33.23,895,131494.00
410,410,,*MANUAL*,74,1324,57,221.00,133.66,31.65,895,119622.00
411,411,,*MANUAL*,74,1306,49,178.00,121.86,19.42,895,109061.00
412,412,,*MANUAL*,63,1305,54,183.00,129.14,21.18,895,115581.00
413,413,,*MANUAL*,59,1286,52,174.00,115.16,20.77,895,103070.00
414,414,,*MANUAL*,78,1287,49,158.00,89.00,20.76,895,79658.00
415,415,,*MANUAL*,74,1263,47,155.00,102.11,17.42,895,91392.00
416,416,,*MANUAL*,60,1263,49,148.00,104.12,16.51,895,93190.00
417,417,,*MANUAL*,60,1243,51,207.00,133.14,21.50,801,106643.00
418,418,,*MANUAL*,76,1240,51,172.00,120.46,19.34,895,107814.00
419,419,,*MANUAL*,82,1224,51,195.00,127.24,25.33,895,113879.00
420,420,,*MANUAL*,57,1226,53,237.00,163.04,30.34,895,145917.00
421,421,,*MANUAL*,52,1307,80,221.00,153.75,26.43,839,128995.00
422,422,,*MANUAL*,54,1285,82,209.00,128.22,24.13,895,114755.00
423,423,,*MANUAL*,53,1266,79,220.00,141.31,29.24,895,126476.00
424,424,,*MANUAL*,51,1242,82,223.00,136.95,27.96,895,122574.00
425,425,,*MANUAL*,52,1225,82,240.00,158.60,30.58,895,141944.00
426,426,,*MANUAL*,86,1307,78,176.00,106.37,20.16,895,95199.00
427,427,,*MANUAL*,84,1286,80,172.00,112.53,20.38,895,100716.00
428,428,,*MANUAL*,84,1262,80,186.00,106.14,25.12,895,94997.00
429,429,,*MANUAL*,84,1243,84,177.00,108.52,21.77,895,97129.00
430,430,,*MANUAL*,85,1227,77,184.00,127.00,22.92,895,113661.00
431,431,,*MANUAL*,81,1316,84,190.00,116.95,29.38,859,100463.00
432,432,,*MANUAL*,77,1316,93,220.00,130.25,44.30,895,116571.00
433,433,,*MANUAL*,57,1307,88,241.00,161.30,31.55,855,137908.00
434,434,,*MANUAL*,60,1315,93,233.00,142.41,42.21,895,127453.00
435,435,,*MANUAL*,66,1281,114,187.00,92.78,31.11,895,83039.00
436,436,,*MANUAL*,65,1263,109,217.00,128.29,26.16,895,114822.00
437,437,,*MANUAL*,65,1229,108,175.00,105.25,24.81,895,94198.00
438,438,,*MANUAL*,67,1300,99,234.00,149.63,35.86,673,100704.00
439,439,,*MANUAL*,74,1303,94,235.00,159.25,32.21,861,137114.00
440,440,,*MANUAL*,59,1298,99,243.00,175.83,26.32,851,149629.00
441,441,,*MANUAL*,52,1305,100,215.00,139.02,29.73,895,124426.00
442,442,,*MANUAL*,82,1305,103,202.00,110.11,29.15,895,98552.00
443,443,,*MANUAL*,82,1292,105,180.00,110.52,25.71,895,98913.00
444,444,,*MANUAL*,52,1287,104,203.00,125.02,28.93,875,109395.00
445,445,,*MANUAL*,68,1288,92,221.00,148.45,28.95,895,132864.00
446,446,,*MANUAL*,77,1279,91,189.00,122.45,22.39,885,108371.00
447,447,,*MANUAL*,73,1280,101,213.00,151.78,25.86,876,132962.00
448,448,,*MANUAL*,59,1281,99,234.00,157.63,24.44,895,141077.00
449,449,,*MANUAL*,54,1269,105,218.00,140.88,29.55,895,126090.00
450,450,,*MANUAL*,83,1278,103,215.00,117.11,30.61,895,104809.00
451,451,,*MANUAL*,53,1271,93,240.00,157.13,28.79,895,140629.00
452,452,,*MANUAL*,83,1263,101,200.00,133.42,24.83,874,116608.00
453,453,,*MANUAL*,73,1265,99,228.00,156.50,32.93,871,136312.00
454,454,,*MANUAL*,65,1271,96,241.00,169.96,31.08,895,152110.00
455,455,,*MANUAL*,78,1254,96,209.00,133.40,26.51,895,119394.00
456,456,,*MANUAL*,52,1254,102,228.00,141.64,30.40,895,126765.00
457,457,,*MANUAL*,61,1258,92,188.00,112.33,28.17,895,100533.00
458,458,,*MANUAL*,65,1241,96,121.00,54.23,17.92,1360,73748.00
459,459,,*MANUAL*,52,1293,92,229.00,156.13,30.41,895,139740.00
460,460,,*MANUAL*,81,1296,92,231.00,137.05,29.01,895,122662.00
461,461,,*MANUAL*,63,1223,94,214.00,156.76,29.03,895,140304.00
462,462,,*MANUAL*,54,1216,97,244.00,154.00,35.35,895,137829.00
463,463,,*MANUAL*,56,1203,97,210.00,135.42,24.48,895,121204.00
464,464,,*MANUAL*,57,1158,106,213.00,125.01,34.98,895,111880.00
465,465,,*MANUAL*,73,1232,94,216.00,143.57,32.01,895,128498.00
466,466,,*MANUAL*,85,1227,96,206.00,125.08,33.84,895,111945.00
467,467,,*MANUAL*,75,1217,94,181.00,125.46,21.95,895,112286.00
468,468,,*MANUAL*,85,1210,97,159.00,112.23,20.40,895,100444.00
469,469,,*MANUAL*,82,1113,99,182.00,88.72,25.09,895,79402.00
470,470,,*MANUAL*,67,1214,114,190.00,114.04,28.20,892,101726.00
471,471,,*MANUAL*,63,1199,108,220.00,147.33,34.79,887,130683.00
472,472,,*MANUAL*,72,1203,103,235.00,163.89,32.77,871,142749.00
473,473,,*MANUAL*,78,1195,106,218.00,132.94,33.99,895,118984.00
474,474,,*MANUAL*,63,1186,109,205.00,119.48,37.47,895,106936.00
475,475,,*MANUAL*,74,1178,107,203.00,114.54,27.61,895,102516.00
476,476,,*MANUAL*,78,1158,107,205.00,119.88,39.04,895,107295.00
477,477,,*MANUAL*,65,1168,110,234.00,119.78,37.94,895,107206.00
478,478,,*MANUAL*,68,1107,106,209.00,114.58,28.27,895,102549.00
479,479,,*MANUAL*,68,1127,107,202.00,116.65,31.48,895,104398.00
480,480,,*MANUAL*,69,1149,112,197.00,113.25,30.96,895,101357.00
481,481,,*MANUAL*,77,1214,108,229.00,139.04,41.72,895,124441.00
482,482,,*MANUAL*,95,1401,79,143.00,82.93,20.52,875,72565.00
483,483,,*MANUAL*,94,1381,79,180.00,93.20,31.36,895,83410.00
484,484,,*MANUAL*,91,1360,90,141.00,86.33,23.32,879,75885.00
485,485,,*MANUAL*,87,1352,78,159.00,106.24,19.85,895,95085.00
486,486,,*MANUAL*,91,1389,87,164.00,97.37,24.47,895,87145.00
487,487,,*MANUAL*,88,1376,93,171.00,102.14,30.20,895,91419.00
488,488,,*MANUAL*,83,1365,95,155.00,103.37,22.27,895,92520.00
489,489,,*MANUAL*,83,1349,97,176.00,102.87,33.27,895,92071.00
490,490,,*MANUAL*,88,1350,61,156.00,87.17,21.06,895,78017.00
491,491,,*MANUAL*,85,1366,77,164.00,102.85,21.40,895,92047.00
492,492,,*MANUAL*,85,1380,72,166.00,101.73,20.58,895,91046.00
493,493,,*MANUAL*,87,1364,62,190.00,121.25,25.58,875,106090.00
494,494,,*MANUAL*,87,1379,57,200.00,117.07,29.68,895,104782.00
495,495,,*MANUAL*,43,1404,75,175.00,106.33,22.34,895,95167.00
496,496,,*MANUAL*,44,1379,78,213.00,117.54,40.86,895,105198.00
497,497,,*MANUAL*,44,1360,84,186.00,101.61,29.79,895,90940.00
498,498,,*MANUAL*,50,1352,78,217.00,134.61,25.22,895,120478.00
499,499,,*MANUAL*,52,1348,96,210.00,113.41,35.81,895,101503.00
500,500,,*MANUAL*,50,1345,63,184.00,100.04,28.29,895,89539.00
501,501,,*MANUAL*,47,1390,84,180.00,107.22,27.66,895,95958.00
502,502,,*MANUAL*,49,1374,90,224.00,117.76,35.95,895,105397.00
503,503,,*MANUAL*,53,1363,94,183.00,114.94,24.10,895,102867.00
504,504,,*MANUAL*,53,1367,78,199.00,124.90,22.49,895,111784.00
505,505,,*MANUAL*,53,1383,73,204.00,124.28,25.47,895,111230.00
506,506,,*MANUAL*,51,1362,63,204.00,135.46,25.60,893,120962.00
507,507,,*MANUAL*,51,1375,64,242.00,144.77,36.68,879,127257.00
508,508,,*MANUAL*,66,1328,107,166.00,89.30,28.79,895,79926.00
509,509,,*MANUAL*,72,1340,104,193.00,121.00,30.03,877,106117.00
510,510,,*MANUAL*,64,1347,104,195.00,133.69,29.02,895,119653.00
511,511,,*MANUAL*,67,1361,106,196.00,110.48,31.05,895,98879.00
512,512,,*MANUAL*,64,1380,107,187.00,116.58,29.79,891,103871.00
513,513,,*MANUAL*,74,1374,106,198.00,108.19,33.07,895,96826.00
514,514,,*MANUAL*,57,1371,105,201.00,122.39,33.64,895,109537.00
515,515,,*MANUAL*,75,1389,107,191.00,100.60,31.44,895,90036.00
516,516,,*MANUAL*,59,1393,108,157.00,89.35,26.28,895,79965.00
517,517,,*MANUAL*,86,1387,99,155.00,89.98,23.02,895,80528.00
518,518,,*MANUAL*,71,1350,52,164.00,117.58,18.49,895,105234.00
519,519,,*MANUAL*,80,1359,56,194.00,124.10,23.19,895,111068.00
520,520,,*MANUAL*,60,1357,58,208.00,130.93,26.20,895,117186.00
521,521,,*MANUAL*,77,1371,60,190.00,122.80,28.04,895,109908.00
522,522,,*MANUAL*,61,1372,64,226.00,142.75,32.29,895,127765.00
523,523,,*MANUAL*,55,1386,56,182.00,112.25,23.12,879,98664.00
524,524,,*MANUAL*,82,1389,50,173.00,109.28,22.49,895,97805.00
525,525,,*MANUAL*,62,1390,49,169.00,107.36,25.69,895,96090.00
526,526,,*MANUAL*,90,1392,61,165.00,107.18,24.28,895,95925.00
527,527,,*MANUAL*,93,1406,88,168.00,95.82,23.70,895,85759.00
528,528,,*MANUAL*,46,1406,86,216.00,122.62,31.89,895,109744.00
529,529,,*MANUAL*,45,1443,69,215.00,121.33,32.82,855,103733.00
530,530,,*MANUAL*,48,1398,66,232.00,121.57,34.69,895,108809.00
531,531,,*MANUAL*,47,1422,65,194.00,97.32,36.41,895,87102.00
532,532,,*MANUAL*,44,1430,84,189.00,114.56,28.08,895,102535.00
533,533,,*MANUAL*,44,1446,83,177.00,105.61,30.94,895,94520.00
534,534,,*MANUAL*,49,1449,95,148.00,91.11,23.91,895,81540.00
535,535,,*MANUAL*,54,1464,101,222.00,108.37,32.79,839,90924.00
536,536,,*MANUAL*,49,1468,94,178.00,95.68,27.88,895,85632.00
537,537,,*MANUAL*,48,1492,88,182.00,98.86,29.76,895,88482.00
538,538,,*MANUAL*,48,1524,78,161.00,82.96,26.26,895,74252.00
539,539,,*MANUAL*,50,1440,61,193.00,125.42,28.49,895,112255.00
540,540,,*MANUAL*,50,1456,67,189.00,104.37,33.24,895,93415.00
541,541,,*MANUAL*,51,1473,67,169.00,99.33,22.60,895,88901.00
542,542,,*MANUAL*,48,1489,70,160.00,88.27,22.17,895,79001.00
543,543,,*MANUAL*,94,1427,83,155.00,80.66,31.25,895,72193.00
544,544,,*MANUAL*,90,1441,91,141.00,78.89,21.26,895,70610.00
545,545,,*MANUAL*,87,1455,96,154.00,84.05,22.14,895,75223.00
546,546,,*MANUAL*,93,1413,66,155.00,81.37,26.89,895,72829.00
547,547,,*MANUAL*,89,1425,61,145.00,81.42,21.73,895,72871.00
548,548,,*MANUAL*,89,1439,64,167.00,95.99,21.00,895,85907.00
549,549,,*MANUAL*,89,1455,68,147.00,80.33,22.03,895,71897.00
550,550,,*MANUAL*,89,1472,67,137.00,73.86,20.74,895,66101.00
551,551,,*MANUAL*,89,1490,70,162.00,75.23,18.74,895,67334.00
552,552,,*MANUAL*,91,1504,78,117.00,62.19,17.18,895,55663.00
553,553,,*MANUAL*,84,1469,99,159.00,87.31,22.21,895,78141.00
554,554,,*MANUAL*,90,1477,90,140.00,87.23,19.12,895,78069.00
555,555,,*MANUAL*,90,1495,89,158.00,75.53,25.10,895,67603.00
556,556,,*MANUAL*,89,1553,70,98.00,41.05,15.05,1365,56028.00
557,557,,*MANUAL*,53,1570,69,118.00,48.24,18.70,895,43172.00
558,558,,*MANUAL*,73,1624,51,90.00,44.19,13.60,895,39548.00
559,559,,*MANUAL*,69,1558,45,130.00,72.41,21.31,895,64803.00
560,560,,*MANUAL*,69,1534,46,151.00,81.11,23.21,895,72597.00
561,561,,*MANUAL*,75,1518,50,150.00,80.53,22.95,885,71267.00
562,562,,*MANUAL*,75,1491,52,182.00,113.24,26.43,895,101346.00
563,563,,*MANUAL*,75,1466,52,179.00,91.00,24.63,895,81445.00
564,564,,*MANUAL*,65,1502,50,192.00,105.48,29.16,895,94406.00
565,565,,*MANUAL*,64,1483,52,192.00,114.01,29.62,852,97137.00
566,566,,*MANUAL*,68,1475,49,141.00,78.56,24.15,895,70315.00
567,567,,*MANUAL*,67,1409,42,164.00,78.46,23.20,895,70219.00
568,568,,*MANUAL*,65,1256,41,120.00,50.55,23.96,895,45239.00
569,569,,*MANUAL*,65,1357,45,136.00,65.59,23.80,895,58706.00
570,570,,*MANUAL*,71,1381,49,150.00,97.13,19.58,895,86929.00
571,571,,*MANUAL*,46,1506,77,130.00,81.81,17.12,895,73222.00
572,572,,*MANUAL*,73,1623,85,98.00,54.56,20.76,895,48828.00
573,573,,*MANUAL*,72,1591,90,122.00,53.42,21.59,895,47813.00
574,574,,*MANUAL*,74,1551,97,129.00,74.52,21.52,895,66691.00
575,575,,*MANUAL*,74,1532,100,158.00,91.69,28.19,895,82059.00
576,576,,*MANUAL*,74,1516,103,189.00,107.31,31.28,799,85737.00
577,577,,*MANUAL*,74,1494,106,153.00,87.02,27.97,895,77887.00
578,578,,*MANUAL*,67,1561,93,133.00,72.47,22.09,895,64857.00
579,579,,*MANUAL*,65,1541,98,153.00,87.02,27.53,895,77883.00
580,580,,*MANUAL*,64,1522,101,182.00,101.70,29.14,895,91019.00
581,581,,*MANUAL*,63,1505,104,172.00,93.86,29.27,852,79969.00
582,582,,*MANUAL*,71,1509,107,138.00,60.59,24.08,895,54226.00
583,583,,*MANUAL*,68,1464,107,107.00,53.66,14.80,895,48027.00
584,584,,*MANUAL*,68,1410,114,99.00,43.06,17.01,1365,58779.00
585,585,,*MANUAL*,67,1351,115,97.00,49.82,16.59,895,44592.00
586,586,,*MANUAL*,89,444,59,134.00,50.70,24.55,2103,106622.00
587,587,,*MANUAL*,71,163,74,186.00,119.46,27.20,895,106919.00
588,588,,*MANUAL*,73,137,76,212.00,133.55,26.99,813,108580.00
589,589,,*MANUAL*,66,137,70,218.00,101.05,39.73,1365,137934.00
590,590,,*MANUAL*,71,103,77,192.00,94.43,36.81,1365,128898.00
591,591,,*MANUAL*,71,86,74,221.00,113.31,40.03,1365,154670.00
592,592,,*MANUAL*,71,62,74,205.00,91.32,38.48,1365,124656.00
593,593,,*MANUAL*,71,183,84,208.00,90.78,39.50,1365,123917.00
594,594,f1,*MANUAL*,64,1237,51,180.00,68.08,33.21,895,60932.00
595,595,f2,*MANUAL*,66,1523,51,113.00,33.01,20.80,895,29542.00
596,596,f3,*MANUAL*,59,1242,65,194.00,69.79,31.14,895,62459.00
597,597,f4,*MANUAL*,76,1235,65,135.00,43.88,24.58,895,39272.00
598,598,f5,*MANUAL*,68,775,94,94.00, 6.59, 9.59,895,5902.00
599,599,f6,*MANUAL*,64,321,91,235.00,39.58,51.64,895,35428.00
600,600,f7,*MANUAL*,63,315,80,252.00,127.60,57.46,895,114200.00
601,601,f8,*MANUAL*,69,758,86,127.00,14.31,13.70,895,12803.00
602,602,f9,*MANUAL*,68,754,95,163.00,31.25,37.94,895,27968.00
603,603,f10,*MANUAL*,64,1444,97,119.00,27.29,20.27,895,24426.00
