0,0,*NOUSE*,*NOUSE*,0,0,0,0,0,0,0,0
1,1,,,37,1423,68,234.00,77.65,51.81,3586,278455
2,2,,,36,1373,71,232.00,90.36,57.51,3541,319968
3,3,,,36,1395,72,184.00,68.09,41.50,4291,292174
4,4,,,36,1330,60,132.00,52.04,25.61,4004,208362
5,5,*NOUSE*,*NOUSE*,0,0,0,0,0,0,0,0
6,6,*NOUSE*,*NOUSE*,0,0,0,0,0,0,0,0
7,7,,,37,1172,67,144.00,50.10,27.29,5114,256196
8,8,*NOUSE*,*NOUSE*,0,0,0,0,0,0,0,0
9,9,,,39,1394,61,235.00,83.57,51.99,3164,264402
10,10,,,39,1324,75,225.00,71.92,46.87,4582,329537
11,11,,,40,1356,60,187.00,76.77,45.68,3818,293121
12,12,,,42,1180,56,242.00,77.30,52.65,4498,347695
13,13,,,38,1449,69,152.00,58.13,32.32,4267,248056
14,14,*NOUSE*,*NOUSE*,0,0,0,0,0,0,0,0
15,15,,,41,1265,73,190.00,75.26,44.69,4011,301860
16,16,,,41,1397,84,239.00,85.84,50.69,4341,372615
17,17,*NOUSE*,*NOUSE*,0,0,0,0,0,0,0,0
18,18,*NOUSE*,*NOUSE*,0,0,0,0,0,0,0,0
19,19,,,42,1381,63,194.00,86.47,43.15,2897,250515
20,20,*NOUSE*,*NOUSE*,0,0,0,0,0,0,0,0
21,21,*NOUSE*,*NOUSE*,0,0,0,0,0,0,0,0
22,22,,,40,1306,76,216.00,85.66,51.49,3787,324397
23,23,,,41,1157,55,232.00,69.92,51.34,4178,292123
24,24,*NOUSE*,*NOUSE*,0,0,0,0,0,0,0,0
25,25,*NOUSE*,*NOUSE*,0,0,0,0,0,0,0,0
26,26,*NOUSE*,*NOUSE*,0,0,0,0,0,0,0,0
27,27,*NOUSE*,*NOUSE*,0,0,0,0,0,0,0,0
28,28,*NOUSE*,*NOUSE*,0,0,0,0,0,0,0,0
29,29,*NOUSE*,*NOUSE*,0,0,0,0,0,0,0,0
30,30,*NOUSE*,*NOUSE*,0,0,0,0,0,0,0,0
31,31,,,43,1205,57,235.00,93.65,57.15,3123,292462
32,32,*NOUSE*,*NOUSE*,0,0,0,0,0,0,0,0
33,33,*NOUSE*,*NOUSE*,0,0,0,0,0,0,0,0
34,34,*NOUSE*,*NOUSE*,0,0,0,0,0,0,0,0
35,35,*NOUSE*,*NOUSE*,0,0,0,0,0,0,0,0
36,36,*NOUSE*,*NOUSE*,0,0,0,0,0,0,0,0
37,37,*NOUSE*,*NOUSE*,0,0,0,0,0,0,0,0
38,38,,,43,1347,71,217.00,79.93,47.22,3817,305085
39,39,*NOUSE*,*NOUSE*,0,0,0,0,0,0,0,0
40,40,*NOUSE*,*NOUSE*,0,0,0,0,0,0,0,0
41,41,*NOUSE*,*NOUSE*,0,0,0,0,0,0,0,0
42,42,*NOUSE*,*NOUSE*,0,0,0,0,0,0,0,0
43,43,*NOUSE*,*NOUSE*,0,0,0,0,0,0,0,0
44,44,*NOUSE*,*NOUSE*,0,0,0,0,0,0,0,0
45,45,,,45,1470,80,211.00,68.10,43.94,4185,285016
46,46,*NOUSE*,*NOUSE*,0,0,0,0,0,0,0,0
47,47,*NOUSE*,*NOUSE*,0,0,0,0,0,0,0,0
48,48,,,43,1134,57,251.00,88.66,64.86,3073,272454
49,49,*NOUSE*,*NOUSE*,0,0,0,0,0,0,0,0
50,50,*NOUSE*,*NOUSE*,0,0,0,0,0,0,0,0
51,51,*NOUSE*,*NOUSE*,0,0,0,0,0,0,0,0
52,52,*NOUSE*,*NOUSE*,0,0,0,0,0,0,0,0
53,53,,,44,676,64,109.00,38.86,20.44,6471,251439
54,54,*NOUSE*,*NOUSE*,0,0,0,0,0,0,0,0
55,55,,,44,964,80,113.00,38.17,19.02,6512,248557
56,56,*NOUSE*,*NOUSE*,0,0,0,0,0,0,0,0
57,57,*NOUSE*,*NOUSE*,0,0,0,0,0,0,0,0
58,58,*NOUSE*,*NOUSE*,0,0,0,0,0,0,0,0
59,59,*NOUSE*,*NOUSE*,0,0,0,0,0,0,0,0
60,60,*NOUSE*,*NOUSE*,0,0,0,0,0,0,0,0
61,61,*NOUSE*,*NOUSE*,0,0,0,0,0,0,0,0
62,62,*NOUSE*,*NOUSE*,0,0,0,0,0,0,0,0
63,63,*NOUSE*,*NOUSE*,0,0,0,0,0,0,0,0
64,64,,,45,1539,73,130.00,42.67,23.49,5739,244890
65,65,,,45,871,74,99.00,35.76,17.89,6521,233209
66,66,*NOUSE*,*NOUSE*,0,0,0,0,0,0,0,0
67,67,,,45,1346,84,223.00,76.81,45.80,3532,271303
68,68,,,45,1265,91,232.00,93.34,52.27,3526,329122
69,69,*NOUSE*,*NOUSE*,0,0,0,0,0,0,0,0
70,70,,,45,1324,44,120.00,49.02,22.98,1616,79223
71,71,,,46,881,53,142.00,47.76,29.96,6252,298623
72,72,,,46,1047,60,231.00,70.23,54.80,4329,304040
73,73,*NOUSE*,*NOUSE*,0,0,0,0,0,0,0,0
74,74,,,44,770,85,100.00,35.93,17.18,5528,198610
75,75,*NOUSE*,*NOUSE*,0,0,0,0,0,0,0,0
76,76,*NOUSE*,*NOUSE*,0,0,0,0,0,0,0,0
77,77,*NOUSE*,*NOUSE*,0,0,0,0,0,0,0,0
78,78,,,46,1385,48,198.00,66.67,38.41,3156,210402
79,79,*NOUSE*,*NOUSE*,0,0,0,0,0,0,0,0
80,80,*NOUSE*,*NOUSE*,0,0,0,0,0,0,0,0
81,81,,,48,723,60,200.00,53.79,42.23,5122,275523
82,82,,,46,779,61,134.00,48.01,26.70,4918,236125
83,83,*NOUSE*,*NOUSE*,0,0,0,0,0,0,0,0
84,84,,,48,1361,70,232.00,95.11,50.57,3443,327462
85,85,*NOUSE*,*NOUSE*,42,1081,76,67.00,38.42,13.21,83,3189
86,86,*NOUSE*,*NOUSE*,0,0,0,0,0,0,0,0
87,87,*NOUSE*,*NOUSE*,0,0,0,0,0,0,0,0
88,88,*NOUSE*,*NOUSE*,0,0,0,0,0,0,0,0
89,89,*NOUSE*,*NOUSE*,0,0,0,0,0,0,0,0
90,90,*NOUSE*,*NOUSE*,0,0,0,0,0,0,0,0
91,91,*NOUSE*,*NOUSE*,0,0,0,0,0,0,0,0
92,92,*NOUSE*,*NOUSE*,0,0,0,0,0,0,0,0
93,93,,,47,1376,75,208.00,101.09,44.78,2061,208337
94,94,,,49,787,76,177.00,52.03,37.96,4810,250264
95,95,,,48,1518,84,157.00,52.63,31.46,5605,294991
96,96,,,49,1148,86,183.00,59.02,42.80,5382,317659
97,97,*NOUSE*,*NOUSE*,0,0,0,0,0,0,0,0
98,98,,,49,1158,43,223.00,70.90,47.01,3953,280271
99,99,*NOUSE*,*NOUSE*,0,0,0,0,0,0,0,0
100,100,*NOUSE*,*NOUSE*,0,0,0,0,0,0,0,0
101,101,*NOUSE*,*NOUSE*,0,0,0,0,0,0,0,0
102,102,,,50,1005,44,241.00,68.97,54.18,4612,318076
103,103,*NOUSE*,*NOUSE*,0,0,0,0,0,0,0,0
104,104,*NOUSE*,*NOUSE*,0,0,0,0,0,0,0,0
105,105,*NOUSE*,*NOUSE*,0,0,0,0,0,0,0,0
106,106,,,50,1149,65,173.00,62.18,39.65,4662,289869
107,107,*NOUSE*,*NOUSE*,0,0,0,0,0,0,0,0
108,108,*NOUSE*,*NOUSE*,0,0,0,0,0,0,0,0
109,109,,,51,1101,40,197.00,51.09,37.39,5080,259528
110,110,*NOUSE*,*NOUSE*,0,0,0,0,0,0,0,0
111,111,*NOUSE*,*NOUSE*,0,0,0,0,0,0,0,0
112,112,,,51,332,66,175.00,56.05,39.25,4867,272772
113,113,*NOUSE*,*NOUSE*,0,0,0,0,0,0,0,0
114,114,*NOUSE*,*NOUSE*,0,0,0,0,0,0,0,0
115,115,,,51,884,89,167.00,50.43,37.73,4285,216097
116,116,*NOUSE*,*NOUSE*,0,0,0,0,0,0,0,0
117,117,,,49,1354,39,176.00,75.74,39.61,1604,121492
118,118,,,50,1283,41,236.00,94.72,52.09,2577,244106
119,119,,,51,1180,42,208.00,68.36,38.86,4022,274938
120,120,*NOUSE*,*NOUSE*,0,0,0,0,0,0,0,0
121,121,*NOUSE*,*NOUSE*,0,0,0,0,0,0,0,0
122,122,*NOUSE*,*NOUSE*,0,0,0,0,0,0,0,0
123,123,,,51,1251,66,227.00,93.49,48.86,3177,297016
124,124,*NOUSE*,*NOUSE*,0,0,0,0,0,0,0,0
125,125,*NOUSE*,*NOUSE*,0,0,0,0,0,0,0,0
126,126,,,52,356,71,192.00,58.45,42.67,4653,271961
127,127,,,53,1440,72,243.00,87.36,47.51,3755,328019
128,128,,,51,1236,78,232.00,108.33,48.56,3220,348831
129,129,*NOUSE*,*NOUSE*,0,0,0,0,0,0,0,0
130,130,*NOUSE*,*NOUSE*,0,0,0,0,0,0,0,0
131,131,*NOUSE*,*NOUSE*,0,0,0,0,0,0,0,0
132,132,,,53,1137,39,184.00,62.45,41.98,3987,248996
133,133,,,52,1211,44,192.00,86.64,44.67,2974,257680
134,134,*NOUSE*,*NOUSE*,0,0,0,0,0,0,0,0
135,135,*NOUSE*,*NOUSE*,0,0,0,0,0,0,0,0
136,136,,,52,544,66,132.00,42.23,24.46,5690,240271
137,137,,,52,1175,69,199.00,67.58,37.84,4688,316810
138,138,,,53,1114,75,240.00,74.14,53.86,4342,321908
139,139,*NOUSE*,*NOUSE*,0,0,0,0,0,0,0,0
140,140,*NOUSE*,*NOUSE*,0,0,0,0,0,0,0,0
141,141,*NOUSE*,*NOUSE*,0,0,0,0,0,0,0,0
142,142,,,52,1276,86,208.00,91.27,42.10,3876,353773
143,143,*NOUSE*,*NOUSE*,0,0,0,0,0,0,0,0
144,144,,,56,1340,40,232.00,90.33,51.57,3719,335932
145,145,*NOUSE*,*NOUSE*,0,0,0,0,0,0,0,0
146,146,*NOUSE*,*NOUSE*,0,0,0,0,0,0,0,0
147,147,*NOUSE*,*NOUSE*,0,0,0,0,0,0,0,0
148,148,,,53,1399,63,214.00,85.35,45.93,3307,282267
149,149,*NOUSE*,*NOUSE*,0,0,0,0,0,0,0,0
150,150,,,54,287,72,192.00,71.80,46.63,3815,273932
151,151,*NOUSE*,*NOUSE*,0,0,0,0,0,0,0,0
152,152,,,52,1259,80,206.00,91.69,43.71,3742,343110
153,153,,,54,338,81,202.00,63.57,42.71,4179,265678
154,154,*NOUSE*,*NOUSE*,0,0,0,0,0,0,0,0
155,155,,,53,1463,95,163.00,59.48,29.49,4846,288247
156,156,,,55,1170,98,228.00,81.73,54.56,4143,338615
157,157,*NOUSE*,*NOUSE*,0,0,0,0,0,0,0,0
158,158,,,55,654,97,133.00,45.29,27.18,5175,234388
159,159,,,53,969,101,154.00,48.89,33.00,4723,230900
160,160,,,53,1199,108,194.00,63.80,36.83,5168,329707
161,161,*NOUSE*,*NOUSE*,0,0,0,0,0,0,0,0
162,162,*NOUSE*,*NOUSE*,0,0,0,0,0,0,0,0
163,163,*NOUSE*,*NOUSE*,0,0,0,0,0,0,0,0
164,164,,,54,846,47,173.00,55.48,37.87,5312,294706
165,165,*NOUSE*,*NOUSE*,0,0,0,0,0,0,0,0
166,166,,,54,1201,51,234.00,105.08,49.38,3003,315560
167,167,*NOUSE*,*NOUSE*,0,0,0,0,0,0,0,0
168,168,,,55,766,59,166.00,52.94,33.53,5160,273165
169,169,*NOUSE*,*NOUSE*,0,0,0,0,0,0,0,0
170,170,*NOUSE*,*NOUSE*,0,0,0,0,0,0,0,0
171,171,*NOUSE*,*NOUSE*,0,0,0,0,0,0,0,0
172,172,,,55,1188,95,188.00,71.10,39.55,4202,298776
173,173,,,55,1220,96,252.00,112.34,55.72,2990,335884
174,174,*NOUSE*,*NOUSE*,0,0,0,0,0,0,0,0
175,175,*NOUSE*,*NOUSE*,0,0,0,0,0,0,0,0
176,176,,,52,1354,106,164.00,61.48,31.14,1462,89881
177,177,*NOUSE*,*NOUSE*,0,0,0,0,0,0,0,0
178,178,*NOUSE*,*NOUSE*,0,0,0,0,0,0,0,0
179,179,,,55,1030,35,173.00,53.07,37.99,6394,339343
180,180,,,55,1235,37,185.00,66.61,37.01,3605,240132
181,181,,,55,1268,41,213.00,103.97,50.16,2430,252653
182,182,*NOUSE*,*NOUSE*,0,0,0,0,0,0,0,0
183,183,,,56,790,54,164.00,55.25,36.12,5119,282800
184,184,,,56,1582,62,162.00,45.30,31.51,5643,255611
185,185,*NOUSE*,*NOUSE*,0,0,0,0,0,0,0,0
186,186,*NOUSE*,*NOUSE*,0,0,0,0,0,0,0,0
187,187,*NOUSE*,*NOUSE*,0,0,0,0,0,0,0,0
188,188,,,57,1491,40,211.00,69.07,44.20,3209,221652
189,189,,,58,1115,52,209.00,61.83,43.42,4327,267532
190,190,,,56,514,57,132.00,42.33,25.09,5738,242913
191,191,*NOUSE*,*NOUSE*,0,0,0,0,0,0,0,0
192,192,*NOUSE*,*NOUSE*,0,0,0,0,0,0,0,0
193,193,*NOUSE*,*NOUSE*,0,0,0,0,0,0,0,0
194,194,*NOUSE*,*NOUSE*,0,0,0,0,0,0,0,0
195,195,*NOUSE*,*NOUSE*,0,0,0,0,0,0,0,0
196,196,,,58,365,83,190.00,60.78,39.84,4107,249633
197,197,*NOUSE*,*NOUSE*,0,0,0,0,0,0,0,0
198,198,*NOUSE*,*NOUSE*,0,0,0,0,0,0,0,0
199,199,,,58,508,95,154.00,46.58,30.79,4496,209406
200,200,,,57,1036,101,177.00,53.24,38.19,4383,233358
201,201,,,56,817,104,158.00,49.24,32.33,4020,197942
202,202,,,56,1381,40,215.00,76.76,45.11,2775,213013
203,203,*NOUSE*,*NOUSE*,0,0,0,0,0,0,0,0
204,204,*NOUSE*,*NOUSE*,0,0,0,0,0,0,0,0
205,205,,,55,1135,55,243.00,91.88,59.00,3637,334170
206,206,*NOUSE*,*NOUSE*,0,0,0,0,0,0,0,0
207,207,,,58,275,83,191.00,67.15,45.72,3737,250955
208,208,*NOUSE*,*NOUSE*,0,0,0,0,0,0,0,0
209,209,,,58,928,104,188.00,51.97,37.60,4306,223784
210,210,*NOUSE*,*NOUSE*,0,0,0,0,0,0,0,0
211,211,*NOUSE*,*NOUSE*,0,0,0,0,0,0,0,0
212,212,*NOUSE*,*NOUSE*,0,0,0,0,0,0,0,0
213,213,*NOUSE*,*NOUSE*,0,0,0,0,0,0,0,0
214,214,,,57,597,75,93.00,36.37,17.88,6279,228353
215,215,,,63,1133,91,164.00,52.61,34.80,6286,330702
216,216,*NOUSE*,*NOUSE*,0,0,0,0,0,0,0,0
217,217,,,58,1283,97,206.00,77.52,39.70,4428,343279
218,218,,,58,583,95,156.00,46.91,30.41,3994,187341
219,219,*NOUSE*,*NOUSE*,0,0,0,0,0,0,0,0
220,220,,,59,1168,39,239.00,89.29,51.88,3323,296716
221,221,*NOUSE*,*NOUSE*,0,0,0,0,0,0,0,0
222,222,*NOUSE*,*NOUSE*,0,0,0,0,0,0,0,0
223,223,,,60,263,76,192.00,64.09,43.07,4178,267763
224,224,*NOUSE*,*NOUSE*,0,0,0,0,0,0,0,0
225,225,,,60,1260,96,171.00,77.50,35.68,4772,369848
226,226,,,60,1551,41,152.00,58.38,33.90,3590,209567
227,227,,,61,248,68,181.00,61.05,44.06,3870,236263
228,228,*NOUSE*,*NOUSE*,0,0,0,0,0,0,0,0
229,229,,,63,1394,88,236.00,86.07,47.60,4575,393764
230,230,*NOUSE*,*NOUSE*,0,0,0,0,0,0,0,0
231,231,,,61,1230,105,211.00,81.44,41.78,4181,340518
232,232,,,61,1199,38,237.00,106.52,53.97,2718,289525
233,233,,,65,1152,50,204.00,66.52,44.34,4503,299551
234,234,*NOUSE*,*NOUSE*,0,0,0,0,0,0,0,0
235,235,*NOUSE*,*NOUSE*,0,0,0,0,0,0,0,0
236,236,*NOUSE*,*NOUSE*,0,0,0,0,0,0,0,0
237,237,*NOUSE*,*NOUSE*,0,0,0,0,0,0,0,0
238,238,,,63,311,84,178.00,72.06,37.79,3835,276353
239,239,*NOUSE*,*NOUSE*,0,0,0,0,0,0,0,0
240,240,,,61,788,93,61.00,27.57, 9.71,6894,190041
241,241,*NOUSE*,*NOUSE*,0,0,0,0,0,0,0,0
242,242,,,61,1437,39,123.00,49.62,22.47,3619,179592
243,243,*NOUSE*,*NOUSE*,0,0,0,0,0,0,0,0
244,244,,,65,1124,48,252.00,91.56,60.29,3341,305916
245,245,*NOUSE*,*NOUSE*,0,0,0,0,0,0,0,0
246,246,*NOUSE*,*NOUSE*,0,0,0,0,0,0,0,0
247,247,,,64,1182,54,232.00,88.69,46.98,3504,310778
248,248,,,62,455,53,159.00,52.43,34.32,5164,270754
249,249,*NOUSE*,*NOUSE*,0,0,0,0,0,0,0,0
250,250,*NOUSE*,*NOUSE*,0,0,0,0,0,0,0,0
251,251,*NOUSE*,*NOUSE*,0,0,0,0,0,0,0,0
252,252,*NOUSE*,*NOUSE*,0,0,0,0,0,0,0,0
253,253,,,67,1105,77,186.00,66.68,43.69,4519,301337
254,254,*NOUSE*,*NOUSE*,57,232,71,62.00,26.80,12.03,157,4207
255,255,,,61,1224,82,170.00,85.69,34.30,3395,290910
256,256,*NOUSE*,*NOUSE*,0,0,0,0,0,0,0,0
257,257,*NOUSE*,*NOUSE*,0,0,0,0,0,0,0,0
258,258,*NOUSE*,*NOUSE*,0,0,0,0,0,0,0,0
259,259,*NOUSE*,*NOUSE*,0,0,0,0,0,0,0,0
260,260,*NOUSE*,*NOUSE*,0,0,0,0,0,0,0,0
261,261,,,63,1468,38,117.00,47.72,19.88,3839,183183
262,262,,,65,1328,37,215.00,64.66,42.71,3670,237295
263,263,,,64,1595,47,163.00,50.54,33.49,4332,218957
264,264,*NOUSE*,*NOUSE*,0,0,0,0,0,0,0,0
265,265,*NOUSE*,*NOUSE*,0,0,0,0,0,0,0,0
266,266,*NOUSE*,*NOUSE*,58,226,71,57.00,30.97,11.19,66,2044
267,267,,,64,327,76,197.00,80.74,40.97,3744,302294
268,268,*NOUSE*,*NOUSE*,0,0,0,0,0,0,0,0
269,269,*NOUSE*,*NOUSE*,0,0,0,0,0,0,0,0
270,270,,,65,217,85,158.00,52.83,35.70,4321,228299
271,271,*NOUSE*,*NOUSE*,0,0,0,0,0,0,0,0
272,272,,,64,342,90,176.00,70.67,38.74,3722,263028
273,273,,,65,1085,31,197.00,56.22,39.92,4941,277783
274,274,*NOUSE*,*NOUSE*,0,0,0,0,0,0,0,0
275,275,,,67,923,57,78.00,28.25,11.19,9318,263200
276,276,*NOUSE*,*NOUSE*,0,0,0,0,0,0,0,0
277,277,,,63,1376,75,172.00,67.54,34.73,4910,331610
278,278,*NOUSE*,*NOUSE*,0,0,0,0,0,0,0,0
279,279,*NOUSE*,*NOUSE*,0,0,0,0,0,0,0,0
280,280,*NOUSE*,*NOUSE*,0,0,0,0,0,0,0,0
281,281,,,66,648,85,65.00,28.81,10.39,5852,168595
282,282,,,66,1112,89,187.00,68.84,39.84,4565,314275
283,283,*NOUSE*,*NOUSE*,0,0,0,0,0,0,0,0
284,284,,,67,1006,36,210.00,55.14,42.29,6858,378138
285,285,,,64,1186,38,203.00,89.02,40.98,2665,237241
286,286,,,64,1624,53,161.00,45.31,28.86,4590,207968
287,287,,,67,773,50,185.00,60.04,42.22,4970,298388
288,288,*NOUSE*,*NOUSE*,0,0,0,0,0,0,0,0
289,289,*NOUSE*,*NOUSE*,0,0,0,0,0,0,0,0
290,290,*NOUSE*,*NOUSE*,0,0,0,0,0,0,0,0
291,291,,,66,173,74,135.00,48.89,29.46,4192,204954
292,292,,,66,458,84,65.00,31.32,12.52,2600,81419
293,293,*NOUSE*,*NOUSE*,0,0,0,0,0,0,0,0
294,294,*NOUSE*,*NOUSE*,0,0,0,0,0,0,0,0
295,295,*NOUSE*,*NOUSE*,0,0,0,0,0,0,0,0
296,296,*NOUSE*,*NOUSE*,0,0,0,0,0,0,0,0
297,297,*NOUSE*,*NOUSE*,0,0,0,0,0,0,0,0
298,298,*NOUSE*,*NOUSE*,0,0,0,0,0,0,0,0
299,299,,,65,1420,105,156.00,61.91,30.10,5299,328058
300,300,,,67,1195,99,245.00,96.41,52.87,3951,380905
301,301,*NOUSE*,*NOUSE*,0,0,0,0,0,0,0,0
302,302,,,67,1330,101,181.00,69.04,40.55,5034,347549
303,303,*NOUSE*,*NOUSE*,0,0,0,0,0,0,0,0
304,304,,,66,1291,32,198.00,62.18,36.27,3752,233315
305,305,*NOUSE*,*NOUSE*,0,0,0,0,0,0,0,0
306,306,*NOUSE*,*NOUSE*,0,0,0,0,0,0,0,0
307,307,,,67,1059,32,215.00,57.66,43.05,5710,329266
308,308,*NOUSE*,*NOUSE*,0,0,0,0,0,0,0,0
309,309,,,66,1122,34,230.00,76.99,51.82,3239,249385
310,310,,,67,1565,43,163.00,55.50,35.18,4091,227056
311,311,*NOUSE*,*NOUSE*,0,0,0,0,0,0,0,0
312,312,,,67,724,44,197.00,52.69,41.86,5780,304572
313,313,,,67,667,51,168.00,57.23,40.00,4672,267374
314,314,,,67,329,53,154.00,56.03,32.60,4494,251807
315,315,*NOUSE*,*NOUSE*,0,0,0,0,0,0,0,0
316,316,,,68,834,63,62.00,25.91, 8.96,7793,201900
317,317,,,68,229,64,139.00,43.16,25.09,4950,213662
318,318,,,68,492,66,72.00,32.18,12.69,5754,185171
319,319,*NOUSE*,*NOUSE*,0,0,0,0,0,0,0,0
320,320,*NOUSE*,*NOUSE*,0,0,0,0,0,0,0,0
321,321,*NOUSE*,*NOUSE*,0,0,0,0,0,0,0,0
322,322,,,68,396,92,112.00,41.39,20.54,5043,208707
323,323,,,67,1392,104,179.00,67.78,34.71,5495,372440
324,324,,,67,1139,34,185.00,62.88,43.12,4282,269266
325,325,*NOUSE*,*NOUSE*,0,0,0,0,0,0,0,0
326,326,,,69,864,40,199.00,63.03,46.20,5819,366795
327,327,,,68,841,44,206.00,57.49,44.56,5581,320866
328,328,,,66,304,65,153.00,59.67,32.51,4622,275781
329,329,,,68,344,64,185.00,67.83,39.40,4197,284694
330,330,*NOUSE*,*NOUSE*,0,0,0,0,0,0,0,0
331,331,*NOUSE*,*NOUSE*,0,0,0,0,0,0,0,0
332,332,,,69,939,38,165.00,54.58,39.78,5526,301608
333,333,,,74,492,52,175.00,50.21,35.89,5979,300179
334,334,*NOUSE*,*NOUSE*,0,0,0,0,0,0,0,0
335,335,*NOUSE*,*NOUSE*,0,0,0,0,0,0,0,0
336,336,,,69,208,70,125.00,43.51,26.73,4425,192521
337,337,,,69,125,78,147.00,47.99,30.42,4016,192724
338,338,,,67,1627,87,138.00,44.64,27.48,4815,214960
339,339,*NOUSE*,*NOUSE*,0,0,0,0,0,0,0,0
340,340,*NOUSE*,*NOUSE*,0,0,0,0,0,0,0,0
341,341,,,69,1149,100,166.00,56.31,35.42,6195,348837
342,342,*NOUSE*,*NOUSE*,0,0,0,0,0,0,0,0
343,343,*NOUSE*,*NOUSE*,0,0,0,0,0,0,0,0
344,344,,,68,1176,98,176.00,72.70,38.72,4571,332289
345,345,,,68,1270,36,221.00,97.28,46.74,2398,233289
346,346,*NOUSE*,*NOUSE*,0,0,0,0,0,0,0,0
347,347,*NOUSE*,*NOUSE*,0,0,0,0,0,0,0,0
348,348,,,70,1372,55,229.00,84.62,48.85,3537,299305
349,349,*NOUSE*,*NOUSE*,0,0,0,0,0,0,0,0
350,350,,,66,286,73,177.00,82.42,35.85,3156,260125
351,351,*NOUSE*,*NOUSE*,0,0,0,0,0,0,0,0
352,352,*NOUSE*,*NOUSE*,0,0,0,0,0,0,0,0
353,353,,,70,468,99,138.00,45.86,29.57,3863,177157
354,354,,,70,1212,106,201.00,81.70,42.04,4346,355064
355,355,*NOUSE*,*NOUSE*,0,0,0,0,0,0,0,0
356,356,,,69,1242,34,189.00,66.12,35.76,3705,244992
357,357,*NOUSE*,*NOUSE*,0,0,0,0,0,0,0,0
358,358,*NOUSE*,*NOUSE*,0,0,0,0,0,0,0,0
359,359,,,72,616,48,188.00,54.63,40.01,5045,275633
360,360,*NOUSE*,*NOUSE*,0,0,0,0,0,0,0,0
361,361,*NOUSE*,*NOUSE*,0,0,0,0,0,0,0,0
362,362,*NOUSE*,*NOUSE*,0,0,0,0,0,0,0,0
363,363,*NOUSE*,*NOUSE*,0,0,0,0,0,0,0,0
364,364,,,71,143,74,128.00,44.09,25.04,4230,186512
365,365,,,71,617,101,166.00,47.46,29.83,3806,180616
366,366,,,70,677,104,168.00,48.95,32.23,3600,176219
367,367,*NOUSE*,*NOUSE*,0,0,0,0,0,0,0,0
368,368,,,71,763,106,152.00,49.88,33.86,3733,186202
369,369,*NOUSE*,*NOUSE*,0,0,0,0,0,0,0,0
370,370,,,72,1175,36,228.00,91.15,49.09,3260,297156
371,371,,,71,1206,35,251.00,112.86,55.93,2480,279893
372,372,*NOUSE*,*NOUSE*,0,0,0,0,0,0,0,0
373,373,*NOUSE*,*NOUSE*,0,0,0,0,0,0,0,0
374,374,*NOUSE*,*NOUSE*,0,0,0,0,0,0,0,0
375,375,*NOUSE*,*NOUSE*,0,0,0,0,0,0,0,0
376,376,,,74,684,63,144.00,44.36,28.47,5618,249190
377,377,,,72,1518,92,218.00,73.94,45.17,4243,313743
378,378,*NOUSE*,*NOUSE*,0,0,0,0,0,0,0,0
379,379,*NOUSE*,*NOUSE*,0,0,0,0,0,0,0,0
380,380,*NOUSE*,*NOUSE*,0,0,0,0,0,0,0,0
381,381,*NOUSE*,*NOUSE*,0,0,0,0,0,0,0,0
382,382,,,72,1193,35,226.00,100.19,51.90,2931,293670
383,383,*NOUSE*,*NOUSE*,0,0,0,0,0,0,0,0
384,384,,,73,588,48,167.00,48.86,36.07,5808,283782
385,385,,,74,1138,52,238.00,78.20,53.27,3729,291626
386,386,,,72,519,52,185.00,54.46,39.21,5020,273407
387,387,*NOUSE*,*NOUSE*,0,0,0,0,0,0,0,0
388,388,,,73,1457,57,177.00,63.36,36.23,3979,252122
389,389,,,73,465,52,177.00,58.11,40.27,4751,276075
390,390,,,74,1588,57,143.00,45.58,28.98,5258,239658
391,391,*NOUSE*,*NOUSE*,0,0,0,0,0,0,0,0
392,392,,,73,1476,59,137.00,55.46,26.30,3197,177319
393,393,,,71,95,76,111.00,41.50,22.74,4044,167829
394,394,*NOUSE*,*NOUSE*,0,0,0,0,0,0,0,0
395,395,*NOUSE*,*NOUSE*,0,0,0,0,0,0,0,0
396,396,,,72,170,85,138.00,46.63,27.68,4425,206343
397,397,*NOUSE*,*NOUSE*,0,0,0,0,0,0,0,0
398,398,*NOUSE*,*NOUSE*,0,0,0,0,0,0,0,0
399,399,*NOUSE*,*NOUSE*,0,0,0,0,0,0,0,0
400,400,,,73,1280,97,175.00,73.61,35.69,5726,421516
401,401,*NOUSE*,*NOUSE*,0,0,0,0,0,0,0,0
402,402,,,73,277,64,154.00,54.53,35.24,5374,293068
403,403,*NOUSE*,*NOUSE*,0,0,0,0,0,0,0,0
404,404,*NOUSE*,*NOUSE*,0,0,0,0,0,0,0,0
405,405,*NOUSE*,*NOUSE*,0,0,0,0,0,0,0,0
406,406,,,72,270,80,184.00,62.54,41.78,4504,281663
407,407,*NOUSE*,*NOUSE*,0,0,0,0,0,0,0,0
408,408,*NOUSE*,*NOUSE*,0,0,0,0,0,0,0,0
409,409,*NOUSE*,*NOUSE*,0,0,0,0,0,0,0,0
410,410,*NOUSE*,*NOUSE*,0,0,0,0,0,0,0,0
411,411,*NOUSE*,*NOUSE*,0,0,0,0,0,0,0,0
412,412,,,77,1200,49,216.00,96.08,44.14,2992,287482
413,413,*NOUSE*,*NOUSE*,0,0,0,0,0,0,0,0
414,414,,,74,1396,57,184.00,69.93,38.24,3353,234481
415,415,*NOUSE*,*NOUSE*,0,0,0,0,0,0,0,0
416,416,,,73,254,71,179.00,57.05,41.00,4699,268092
417,417,,,76,380,74,169.00,53.46,35.15,5002,267382
418,418,*NOUSE*,*NOUSE*,0,0,0,0,0,0,0,0
419,419,*NOUSE*,*NOUSE*,0,0,0,0,0,0,0,0
420,420,,,75,824,106,156.00,48.83,32.74,4150,202665
421,421,*NOUSE*,*NOUSE*,0,0,0,0,0,0,0,0
422,422,,,74,383,60,194.00,61.54,41.30,4720,290492
423,423,*NOUSE*,*NOUSE*,0,0,0,0,0,0,0,0
424,424,*NOUSE*,*NOUSE*,0,0,0,0,0,0,0,0
425,425,,,77,319,70,185.00,60.96,42.80,4798,292469
426,426,,,78,360,74,167.00,57.57,39.25,4492,258589
427,427,*NOUSE*,*NOUSE*,0,0,0,0,0,0,0,0
428,428,,,72,1222,81,181.00,80.69,34.98,2958,238675
429,429,*NOUSE*,*NOUSE*,0,0,0,0,0,0,0,0
430,430,*NOUSE*,*NOUSE*,0,0,0,0,0,0,0,0
431,431,,,76,883,102,181.00,48.68,33.76,3672,178771
432,432,*NOUSE*,*NOUSE*,0,0,0,0,0,0,0,0
433,433,*NOUSE*,*NOUSE*,0,0,0,0,0,0,0,0
434,434,,,76,1457,40,147.00,57.14,30.28,3218,183892
435,435,*NOUSE*,*NOUSE*,0,0,0,0,0,0,0,0
436,436,*NOUSE*,*NOUSE*,0,0,0,0,0,0,0,0
437,437,*NOUSE*,*NOUSE*,0,0,0,0,0,0,0,0
438,438,*NOUSE*,*NOUSE*,0,0,0,0,0,0,0,0
439,439,*NOUSE*,*NOUSE*,0,0,0,0,0,0,0,0
440,440,,,76,1203,76,208.00,87.70,41.19,3364,295014
441,441,,,78,321,82,184.00,67.85,43.09,3396,230427
442,442,,,74,1258,96,173.00,66.97,33.21,5475,366679
443,443,*NOUSE*,*NOUSE*,0,0,0,0,0,0,0,0
444,444,*NOUSE*,*NOUSE*,0,0,0,0,0,0,0,0
445,445,,,77,1111,101,190.00,54.44,36.67,5437,296017
446,446,*NOUSE*,*NOUSE*,0,0,0,0,0,0,0,0
447,447,,,76,1227,106,196.00,79.23,40.15,4461,353465
448,448,*NOUSE*,*NOUSE*,0,0,0,0,0,0,0,0
449,449,*NOUSE*,*NOUSE*,0,0,0,0,0,0,0,0
450,450,,,76,742,54,157.00,51.15,31.31,5530,282872
451,451,,,82,760,59,186.00,49.22,36.81,5854,288131
452,452,,,77,665,57,147.00,48.71,31.31,5135,250138
453,453,*NOUSE*,*NOUSE*,0,0,0,0,0,0,0,0
454,454,*NOUSE*,*NOUSE*,0,0,0,0,0,0,0,0
455,455,,,83,1225,79,223.00,101.13,43.00,3610,365097
456,456,,,79,1115,79,220.00,60.55,44.28,4971,300975
457,457,*NOUSE*,*NOUSE*,0,0,0,0,0,0,0,0
458,458,*NOUSE*,*NOUSE*,0,0,0,0,0,0,0,0
459,459,,,78,1185,86,193.00,70.85,38.18,4047,286714
460,460,,,79,1141,90,217.00,69.82,47.40,4497,313988
461,461,*NOUSE*,*NOUSE*,0,0,0,0,0,0,0,0
462,462,*NOUSE*,*NOUSE*,0,0,0,0,0,0,0,0
463,463,,,79,1182,47,235.00,90.37,48.66,3104,280497
464,464,,,78,782,54,194.00,60.38,45.45,4204,253830
465,465,*NOUSE*,*NOUSE*,0,0,0,0,0,0,0,0
466,466,,,79,1175,65,169.00,68.77,33.32,3933,270467
467,467,,,80,1150,61,164.00,61.46,35.37,4311,264968
468,468,*NOUSE*,*NOUSE*,0,0,0,0,0,0,0,0
469,469,*NOUSE*,*NOUSE*,0,0,0,0,0,0,0,0
470,470,,,80,338,75,157.00,51.01,32.74,5031,256624
471,471,*NOUSE*,*NOUSE*,0,0,0,0,0,0,0,0
472,472,*NOUSE*,*NOUSE*,0,0,0,0,0,0,0,0
473,473,*NOUSE*,*NOUSE*,0,0,0,0,0,0,0,0
474,474,,,79,863,97,163.00,48.27,32.28,4078,196836
475,475,*NOUSE*,*NOUSE*,0,0,0,0,0,0,0,0
476,476,,,79,1230,36,197.00,74.62,39.22,2593,193497
477,477,*NOUSE*,*NOUSE*,0,0,0,0,0,0,0,0
478,478,*NOUSE*,*NOUSE*,0,0,0,0,0,0,0,0
479,479,*NOUSE*,*NOUSE*,0,0,0,0,0,0,0,0
480,480,*NOUSE*,*NOUSE*,0,0,0,0,0,0,0,0
481,481,*NOUSE*,*NOUSE*,0,0,0,0,0,0,0,0
482,482,*NOUSE*,*NOUSE*,0,0,0,0,0,0,0,0
483,483,,,79,1374,74,193.00,91.75,38.90,2980,273423
484,484,,,79,1297,70,195.00,91.14,41.93,2756,251192
485,485,,,78,1191,65,248.00,109.61,56.08,2851,312506
486,486,*NOUSE*,*NOUSE*,0,0,0,0,0,0,0,0
487,487,*NOUSE*,*NOUSE*,0,0,0,0,0,0,0,0
488,488,*NOUSE*,*NOUSE*,0,0,0,0,0,0,0,0
489,489,*NOUSE*,*NOUSE*,0,0,0,0,0,0,0,0
490,490,*NOUSE*,*NOUSE*,0,0,0,0,0,0,0,0
491,491,,,79,927,103,144.00,46.02,30.70,4450,204811
492,492,*NOUSE*,*NOUSE*,0,0,0,0,0,0,0,0
493,493,,,80,1286,42,223.00,89.14,43.82,2726,243005
494,494,*NOUSE*,*NOUSE*,0,0,0,0,0,0,0,0
495,495,,,82,1255,44,206.00,82.92,46.33,3012,249745
496,496,*NOUSE*,*NOUSE*,0,0,0,0,0,0,0,0
497,497,*NOUSE*,*NOUSE*,0,0,0,0,0,0,0,0
498,498,,,80,1277,68,198.00,87.69,43.75,2963,259835
499,499,,,80,1256,79,185.00,78.71,37.92,3688,290276
500,500,*NOUSE*,*NOUSE*,0,0,0,0,0,0,0,0
501,501,*NOUSE*,*NOUSE*,0,0,0,0,0,0,0,0
502,502,*NOUSE*,*NOUSE*,0,0,0,0,0,0,0,0
503,503,,,80,1173,95,207.00,77.97,49.85,4261,332216
504,504,*NOUSE*,*NOUSE*,0,0,0,0,0,0,0,0
505,505,,,79,1270,40,214.00,95.92,48.58,2737,262526
506,506,*NOUSE*,*NOUSE*,0,0,0,0,0,0,0,0
507,507,*NOUSE*,*NOUSE*,0,0,0,0,0,0,0,0
508,508,*NOUSE*,*NOUSE*,0,0,0,0,0,0,0,0
509,509,*NOUSE*,*NOUSE*,0,0,0,0,0,0,0,0
510,510,,,82,657,95,77.00,30.78,13.74,5574,171555
511,511,*NOUSE*,*NOUSE*,0,0,0,0,0,0,0,0
512,512,*NOUSE*,*NOUSE*,0,0,0,0,0,0,0,0
513,513,,,83,1417,46,138.00,57.55,27.56,2924,168266
514,514,*NOUSE*,*NOUSE*,0,0,0,0,0,0,0,0
515,515,*NOUSE*,*NOUSE*,0,0,0,0,0,0,0,0
516,516,*NOUSE*,*NOUSE*,0,0,0,0,0,0,0,0
517,517,,,83,1210,64,206.00,108.30,45.82,2618,283540
518,518,*NOUSE*,*NOUSE*,0,0,0,0,0,0,0,0
519,519,*NOUSE*,*NOUSE*,0,0,0,0,0,0,0,0
520,520,*NOUSE*,*NOUSE*,0,0,0,0,0,0,0,0
521,521,*NOUSE*,*NOUSE*,0,0,0,0,0,0,0,0
522,522,*NOUSE*,*NOUSE*,0,0,0,0,0,0,0,0
523,523,*NOUSE*,*NOUSE*,0,0,0,0,0,0,0,0
524,524,*NOUSE*,*NOUSE*,0,0,0,0,0,0,0,0
525,525,*NOUSE*,*NOUSE*,0,0,0,0,0,0,0,0
526,526,*NOUSE*,*NOUSE*,0,0,0,0,0,0,0,0
527,527,*NOUSE*,*NOUSE*,0,0,0,0,0,0,0,0
528,528,,,81,1168,40,179.00,68.02,37.68,1878,127746
529,529,*NOUSE*,*NOUSE*,0,0,0,0,0,0,0,0
530,530,,,84,1479,57,188.00,63.01,38.71,4904,308979
531,531,*NOUSE*,*NOUSE*,80,1375,50,129.00,70.27,24.40,92,6465
532,532,*NOUSE*,*NOUSE*,0,0,0,0,0,0,0,0
533,533,,,84,1048,61,197.00,58.13,44.93,4598,267261
534,534,*NOUSE*,*NOUSE*,0,0,0,0,0,0,0,0
535,535,*NOUSE*,*NOUSE*,0,0,0,0,0,0,0,0
536,536,,,82,398,72,126.00,39.88,21.31,4997,199285
537,537,,,81,1499,83,173.00,62.96,33.46,2957,186176
538,538,,,84,543,81,84.00,33.94,16.49,5709,193778
539,539,*NOUSE*,*NOUSE*,0,0,0,0,0,0,0,0
540,540,*NOUSE*,*NOUSE*,0,0,0,0,0,0,0,0
541,541,*NOUSE*,*NOUSE*,0,0,0,0,0,0,0,0
542,542,*NOUSE*,*NOUSE*,0,0,0,0,0,0,0,0
543,543,*NOUSE*,*NOUSE*,0,0,0,0,0,0,0,0
544,544,*NOUSE*,*NOUSE*,0,0,0,0,0,0,0,0
545,545,,,84,1498,54,160.00,60.58,36.25,4306,260865
546,546,*NOUSE*,*NOUSE*,0,0,0,0,0,0,0,0
547,547,,,87,1497,71,130.00,50.71,26.94,4596,233072
548,548,,,83,1351,85,198.00,67.52,40.65,4056,273841
549,549,*NOUSE*,*NOUSE*,77,1356,84,154.00,99.88,22.36,50,4994
550,550,,,88,1229,91,235.00,87.43,51.00,4481,391778
551,551,,,83,1374,57,233.00,92.41,51.52,2651,244972
552,552,,,85,1226,63,221.00,80.16,41.85,3711,297469
553,553,,,85,1549,67,110.00,41.08,20.59,5219,214374
554,554,,,85,675,74,92.00,35.30,16.90,5339,188476
555,555,,,85,1438,80,202.00,76.99,44.82,4150,319514
556,556,*NOUSE*,*NOUSE*,0,0,0,0,0,0,0,0
557,557,*NOUSE*,*NOUSE*,0,0,0,0,0,0,0,0
558,558,*NOUSE*,*NOUSE*,0,0,0,0,0,0,0,0
559,559,*NOUSE*,*NOUSE*,0,0,0,0,0,0,0,0
560,560,*NOUSE*,*NOUSE*,0,0,0,0,0,0,0,0
561,561,,,87,1512,65,170.00,53.33,32.54,4266,227495
562,562,*NOUSE*,*NOUSE*,0,0,0,0,0,0,0,0
563,563,*NOUSE*,*NOUSE*,0,0,0,0,0,0,0,0
564,564,,,85,1423,93,126.00,55.91,22.30,2860,159905
565,565,*NOUSE*,*NOUSE*,0,0,0,0,0,0,0,0
566,566,*NOUSE*,*NOUSE*,0,0,0,0,0,0,0,0
567,567,,,89,1185,58,240.00,81.36,52.41,4264,346937
568,568,,,87,1402,61,201.00,77.67,46.89,3414,265161
569,569,,,86,633,67,97.00,37.96,18.92,5132,194786
570,570,,,86,516,69,98.00,37.10,19.73,5151,191119
571,571,*NOUSE*,*NOUSE*,0,0,0,0,0,0,0,0
572,572,*NOUSE*,*NOUSE*,0,0,0,0,0,0,0,0
573,573,,,87,590,78,96.00,37.58,18.60,5486,206181
574,574,*NOUSE*,*NOUSE*,0,0,0,0,0,0,0,0
575,575,,,88,1126,62,201.00,59.97,45.56,4419,265023
576,576,,,90,1378,69,181.00,64.39,41.87,4249,273614
577,577,,,91,1425,74,179.00,63.20,38.73,3736,236106
578,578,,,88,1285,78,168.00,72.65,38.90,4143,300975
579,579,*NOUSE*,*NOUSE*,0,0,0,0,0,0,0,0
580,580,*NOUSE*,*NOUSE*,0,0,0,0,0,0,0,0
581,581,*NOUSE*,*NOUSE*,0,0,0,0,0,0,0,0
582,582,*NOUSE*,*NOUSE*,0,0,0,0,0,0,0,0
583,583,*NOUSE*,*NOUSE*,0,0,0,0,0,0,0,0
584,584,,,89,1308,73,186.00,68.38,42.25,4371,298882
585,585,,,89,768,69,94.00,35.03,16.47,4900,171627
586,586,*NOUSE*,*NOUSE*,0,0,0,0,0,0,0,0
587,587,*NOUSE*,*NOUSE*,0,0,0,0,0,0,0,0
588,588,*NOUSE*,*NOUSE*,0,0,0,0,0,0,0,0
589,589,*NOUSE*,*NOUSE*,0,0,0,0,0,0,0,0
590,590,,,87,1310,57,211.00,84.68,48.36,3191,270206
591,591,*NOUSE*,*NOUSE*,0,0,0,0,0,0,0,0
592,592,,,87,1419,62,226.00,85.88,51.38,3520,302282
593,593,,,91,1198,58,221.00,78.86,50.18,4027,317584
594,594,,,88,1434,64,221.00,80.80,51.70,3528,285066
595,595,*NOUSE*,*NOUSE*,0,0,0,0,0,0,0,0
596,596,*NOUSE*,*NOUSE*,0,0,0,0,0,0,0,0
597,597,*NOUSE*,*NOUSE*,0,0,0,0,0,0,0,0
598,598,,,91,1459,65,132.00,48.60,27.29,2236,108664
599,599,*NOUSE*,*NOUSE*,0,0,0,0,0,0,0,0
600,600,,,90,1325,71,171.00,57.46,35.68,4328,248677
601,601,,,91,1397,73,162.00,56.37,34.43,4985,281007
602,602,*NOUSE*,*NOUSE*,0,0,0,0,0,0,0,0
603,603,*NOUSE*,*NOUSE*,0,0,0,0,0,0,0,0
604,604,*NOUSE*,*NOUSE*,0,0,0,0,0,0,0,0
605,605,,,91,1242,57,141.00,64.29,29.46,4167,267884
606,606,*NOUSE*,*NOUSE*,0,0,0,0,0,0,0,0
607,607,,,91,1261,72,147.00,61.54,31.47,4399,270703
608,608,*NOUSE*,*NOUSE*,0,0,0,0,0,0,0,0
609,609,,,91,1146,56,177.00,63.41,42.42,4442,281675
610,610,,,91,874,59,101.00,36.95,18.93,6122,226193
611,611,,,93,926,63,106.00,36.44,19.08,5916,215599
612,612,,,90,1198,74,212.00,76.99,47.91,4383,337463
613,613,,,94,1214,71,204.00,75.08,49.14,4378,328679
614,614,*NOUSE*,*NOUSE*,0,0,0,0,0,0,0,0
615,615,*NOUSE*,*NOUSE*,0,0,0,0,0,0,0,0
616,616,*NOUSE*,*NOUSE*,0,0,0,0,0,0,0,0
617,617,,,91,1264,56,206.00,80.13,49.07,3823,306347
618,618,,,92,1281,65,163.00,65.89,38.00,4615,304075
619,619,*NOUSE*,*NOUSE*,0,0,0,0,0,0,0,0
620,620,,,93,1172,86,112.00,43.03,18.63,5844,251462
621,621,*NOUSE*,*NOUSE*,0,0,0,0,0,0,0,0
622,622,,,96,1171,68,112.00,44.46,21.09,4245,188736
623,623,*NOUSE*,*NOUSE*,0,0,0,0,0,0,0,0
624,624,*NOUSE*,*NOUSE*,0,0,0,0,0,0,0,0
625,625,*NOUSE*,*NOUSE*,0,0,0, 0.00, 0.00, 0.00,72,0
626,626,*NOUSE*,*NOUSE*,0,0,0,0,0,0,0,0
627,627,,*MANUAL*$468$276,68,1128,60,218.00,74.82,45.64,3711,277643
628,628,,*MANUAL*$521$509,84,1147,79,166.00,57.85,36.65,4391,254014
629,629,,*MANUAL*,52,1192,71,242.00,147.17,43.53,1322,194565
630,630,,*MANUAL*,60,1199,64,224.00,149.82,28.81,485,72663
631,631,,*MANUAL*,71,1197,63,224.00,150.81,29.03,485,73145
632,632,,*MANUAL*,55,1205,79,241.00,150.34,30.59,889,133655
633,633,,*MANUAL*,60,1206,93,187.00,130.50,25.31,895,116798
634,634,,*MANUAL*,74,1203,91,198.00,139.00,23.48,485,67413
635,635,*NOUSE*,*NOUSE*,0,0,0,0,0,0,0,0
636,636,,*MANUAL*,55,1372,59,231.00,124.49,50.69,1365,169934
637,637,,*MANUAL*,64,1410,93,234.00,176.97,23.96,477,84417
638,638,,*MANUAL*,54,1410,90,197.00,129.42,31.33,485,62767
639,639,,*MANUAL*,72,1411,90,185.00,142.44,21.35,485,69083
640,640,*NOUSE*,*NOUSE*,0,0,0,0,0,0,0,0
641,641,,*MANUAL*$438$424,77,1410,70,193.00,75.65,37.14,3384,256004
642,642,,*MANUAL*,53,1412,53,183.00,118.47,26.29,480,56867
643,643,,*MANUAL*,69,1412,53,184.00,114.77,22.16,484,55550
644,644,,*MANUAL*,77,1416,57,236.00,161.90,23.40,485,78522
645,645,,*MANUAL*,71,1421,63,228.00,163.07,26.14,485,79087
646,646,,*MANUAL*,48,1413,63,241.00,172.01,32.25,426,73278
647,647,,*MANUAL*,49,1431,63,240.00,138.49,44.91,895,123953
648,648,,*MANUAL*,62,1427,52,179.00,103.59,28.44,872,90331
649,649,,*MANUAL*,55,1427,81,191.00,112.26,25.60,819,91942
650,650,,*MANUAL*,76,1430,81,157.00,100.52,19.37,861,86549
651,651,,*MANUAL*,59,1435,57,222.00,122.70,36.07,485,59511
652,652,,*MANUAL*,70,1433,56,239.00,159.56,38.49,895,142806
653,653,,*MANUAL*,75,1436,68,241.00,141.49,39.48,895,126636
654,654,,*MANUAL*,58,1433,87,255.00,185.26,51.63,845,156542
655,655,,*MANUAL*,66,1433,84,254.00,157.12,50.65,895,140620
656,656,,*MANUAL*,54,1462,59,220.00,128.63,42.72,1235,158864
657,657,,*MANUAL*,54,1561,60,220.00,105.35,39.77,1335,140644
658,658,,*MANUAL*,54,1549,59,245.00,113.06,50.52,1365,154327
659,659,,*MANUAL*,50,1526,57,199.00,108.95,39.52,1281,139571
660,660,,*MANUAL*,50,1499,58,151.00,91.96,26.50,895,82306
661,661,,*MANUAL*,53,1480,63,162.00,97.20,24.70,840,81645
662,662,,*MANUAL*,56,1510,54,114.00,64.04,15.70,895,57320
663,663,,*MANUAL*,68,1515,51,164.00,78.61,23.37,893,70198
664,664,,*MANUAL*,75,1563,55,227.00,108.70,40.86,1365,148379
665,665,,*MANUAL*,75,1548,54,187.00,88.62,36.88,1365,120970
666,666,,*MANUAL*,74,1525,52,202.00,131.57,29.16,846,111304
667,667,,*MANUAL*,74,1495,53,173.00,92.23,25.94,895,82549
668,668,,*MANUAL*$352$351,68,1580,85,129.00,46.26,27.31,4599,212765
669,669,,*MANUAL*,66,1552,82,188.00,106.45,34.69,1365,145303
670,670,,*MANUAL*,66,1538,82,188.00,95.61,34.33,1365,130501
671,671,,*MANUAL*,64,1513,82,186.00,116.36,27.74,895,104138
672,672,,*MANUAL*,64,1478,80,162.00,99.15,24.90,806,79912
673,673,,*MANUAL*,59,1484,78,166.00,94.48,28.28,873,82482
674,674,,*MANUAL*,71,1502,77,122.00,75.03,19.96,895,67154
675,675,,*MANUAL*,72,1233,49,122.00,60.66,15.62,2100,127387
676,676,,*MANUAL*,71,1215,52,251.00,170.19,39.64,1139,193844
677,677,,*MANUAL*,80,1212,50,253.00,180.67,33.84,895,161700
678,678,,*MANUAL*,63,1222,51,248.00,173.44,38.16,1269,220093
679,679,,*MANUAL*,53,1225,49,237.00,149.83,41.45,1365,204524
680,680,,*MANUAL*,70,1219,34,239.00,152.93,32.24,859,131364
681,681,,*MANUAL*,61,1216,37,244.00,144.99,55.90,1365,197918
682,682,,*MANUAL*,65,1158,30,215.00,138.18,33.03,714,98662
683,683,,*MANUAL*,72,1158,35,248.00,165.00,34.46,895,147676
684,684,,*MANUAL*,92,1169,56,198.00,122.43,34.68,1365,167117
685,685,,*MANUAL*,91,1213,56,233.00,138.64,42.70,1365,189239
686,686,,*MANUAL*,88,1297,60,221.00,129.93,41.04,1358,176440
687,687,,*MANUAL*,93,1238,76,173.00,106.52,24.29,1333,141989
688,688,,*MANUAL*,89,1211,85,217.00,124.71,38.33,1365,170227
689,689,,*MANUAL*,85,1246,92,197.00,118.02,33.26,1365,161092
690,690,,*MANUAL*,88,1265,88,208.00,125.41,29.34,1313,164657
691,691,,*MANUAL*,81,1274,86,213.00,120.68,28.06,1365,164723
692,692,,*MANUAL*,78,1293,87,202.00,125.99,30.24,1319,166179
693,693,,*MANUAL*,78,1313,79,223.00,141.30,31.67,1330,187924
694,694,,*MANUAL*,83,1241,70,208.00,131.18,32.43,1365,179061
695,695,,*MANUAL*,81,1217,94,235.00,139.83,37.23,1365,190864
696,696,,*MANUAL*,77,1236,93,185.00,133.98,20.72,895,119910
697,697,,*MANUAL*,71,1300,92,219.00,154.19,28.87,895,138003
698,698,,*MANUAL*,59,1303,93,242.00,166.56,25.23,1342,223517
699,699,,*MANUAL*,57,1237,92,225.00,137.50,35.00,1359,186860
700,700,,*MANUAL*,46,1192,61,243.00,153.33,45.95,1365,209289
701,701,,*MANUAL*,42,1219,57,254.00,152.74,43.13,1364,208342
702,702,,*MANUAL*,43,1241,57,204.00,100.58,32.92,2019,203064
703,703,,*MANUAL*,42,1259,57,250.00,145.02,36.56,1277,185191
704,704,,*MANUAL*,41,1280,65,208.00,115.33,33.35,1932,222814
705,705,,*MANUAL*,42,1296,60,254.00,155.82,45.82,1316,205054
706,706,,*MANUAL*,43,1311,58,234.00,133.84,47.52,1341,179480
707,707,,*MANUAL*$40$21,40,1243,75,175.00,68.03,39.67,4094,278528
708,708,,*MANUAL*,42,1222,71,249.00,146.45,49.46,1363,199605
709,709,,*MANUAL*,44,1206,74,246.00,150.88,35.52,1365,205958
710,710,,*MANUAL*,47,1220,83,252.00,161.34,39.35,1365,220228
711,711,,*MANUAL*,47,1230,92,249.00,161.02,39.05,1365,219790
712,712,,*MANUAL*,50,1249,92,212.00,136.93,32.07,1365,186911
713,713,,*MANUAL*,44,1287,80,232.00,135.72,33.23,1353,183632
714,714,,*MANUAL*,52,1294,85,243.00,161.02,29.88,885,142507
715,715,,*MANUAL*,50,1313,81,243.00,159.68,36.19,1309,209015
716,716,,*MANUAL*,50,1298,69,240.00,140.10,39.92,1365,191234
717,717,,*MANUAL*,50,1277,67,241.00,155.32,31.85,895,139011
718,718,,*MANUAL*,50,1234,62,222.00,150.84,27.91,895,135004
719,719,,*MANUAL*,51,1216,64,245.00,152.46,47.16,893,136144
720,720,,*MANUAL*,77,1311,63,235.00,135.85,35.12,895,121587
721,721,,*MANUAL*,73,1313,52,243.00,165.76,37.79,895,148357
722,722,,*MANUAL*,56,1313,54,251.00,159.48,44.32,865,137948
723,723,,*MANUAL*,51,1311,63,252.00,157.54,48.47,891,140366
724,724,,*MANUAL*,80,1305,43,233.00,125.28,40.09,1330,166621
725,725,,*MANUAL*,48,1303,44,249.00,155.25,39.33,869,134912
726,726,,*MANUAL*,55,1298,47,253.00,205.72,29.50,485,99772
727,727,,*MANUAL*,74,1298,49,243.00,172.43,30.52,845,145702
728,728,,*MANUAL*,66,1296,49,241.00,182.00,25.83,485,88272
729,729,,*MANUAL*,79,1291,57,236.00,156.69,32.41,895,140236
730,730,,*MANUAL*,50,1291,55,248.00,168.17,40.27,839,141095
731,731,,*MANUAL*,72,1281,51,223.00,162.33,20.79,485,78729
732,732,,*MANUAL*,63,1278,45,242.00,179.73,19.74,485,87168
733,733,,*MANUAL*,56,1283,55,240.00,155.72,30.41,893,139060
734,734,,*MANUAL*,71,1266,52,245.00,166.07,29.87,819,136012
735,735,,*MANUAL*,63,1262,50,244.00,175.79,28.26,895,157331
736,736,,*MANUAL*,53,1266,55,220.00,139.39,28.84,863,120295
737,737,,*MANUAL*,81,1270,54,233.00,165.44,27.87,895,148066
738,738,,*MANUAL*,77,1249,57,204.00,108.26,35.68,1365,147780
739,739,,*MANUAL*,48,1259,48,241.00,150.39,40.70,1339,201370
740,740,,*MANUAL*,55,1249,48,227.00,137.04,33.40,1365,187056
741,741,,*MANUAL*,69,1344,43,240.00,145.70,38.02,1281,186636
742,742,,*MANUAL*,66,1311,102,231.00,146.01,35.36,1319,192589
743,743,,*MANUAL*,72,1320,85,241.00,158.36,41.56,895,141729
744,744,,*MANUAL*,56,1320,86,253.00,175.61,46.50,895,157171
745,745,,*MANUAL*,77,1308,100,221.00,139.88,32.03,1365,190937
746,746,,*MANUAL*,52,1315,98,238.00,151.05,41.52,1365,206190
747,747,,*MANUAL*,84,1304,88,240.00,125.39,34.16,1365,171157
748,748,,*MANUAL*,47,1303,91,243.00,154.78,32.55,1365,211269
749,749,,*MANUAL*,47,1363,86,254.00,174.88,30.93,879,153718
750,750,,*MANUAL*,47,1378,87,241.00,181.70,28.05,889,161528
751,751,,*MANUAL*,41,1371,59,221.00,147.04,33.40,895,131604
752,752,,*MANUAL*,48,1363,52,228.00,140.67,30.42,895,125898
753,753,,*MANUAL*,47,1345,52,198.00,106.87,36.56,1365,145871
754,754,,*MANUAL*,55,1366,42,221.00,145.97,28.70,895,130644
755,755,,*MANUAL*,63,1355,42,229.00,139.48,38.88,895,124837
756,756,,*MANUAL*,68,1374,41,211.00,149.06,32.10,895,133407
757,757,,*MANUAL*,79,1375,46,234.00,143.75,33.88,895,128656
758,758,,*MANUAL*,86,1338,56,181.00,110.52,32.05,828,91513
759,759,,*MANUAL*,86,1355,60,182.00,124.16,21.06,892,110752
760,760,,*MANUAL*,78,1357,52,200.00,128.49,30.83,895,115003
761,761,,*MANUAL*,82,1351,73,223.00,115.84,35.38,1365,158118
762,762,,*MANUAL*,80,1365,66,227.00,123.28,29.71,895,110333
763,763,,*MANUAL*,80,1371,89,243.00,140.60,44.56,1332,187283
764,764,,*MANUAL*,79,1387,82,230.00,148.55,30.02,843,125231
765,765,,*MANUAL*,86,1387,61,200.00,133.53,30.99,895,119513
766,766,,*MANUAL*,70,1391,39,196.00,127.89,32.60,801,102438
767,767,,*MANUAL*,79,1393,45,196.00,118.38,34.64,895,105947
768,768,,*MANUAL*,61,1350,95,250.00,179.32,29.80,843,151168
769,769,,*MANUAL*,74,1353,90,224.00,157.08,23.27,871,136821
770,770,,*MANUAL*,53,1355,94,242.00,165.38,39.16,895,148016
771,771,,*MANUAL*,71,1367,84,227.00,156.11,26.85,895,139719
772,772,,*MANUAL*,55,1370,88,241.00,174.12,29.43,895,155833
773,773,,*MANUAL*,51,1394,97,212.00,146.32,33.50,698,102134
774,774,,*MANUAL*,81,1404,87,170.00,125.04,19.11,895,111908
775,775,,*MANUAL*,87,1386,87,223.00,147.62,34.32,895,132120
776,776,,*MANUAL*,90,1413,80,196.00,110.19,30.58,895,98622
777,777,,*MANUAL*,82,1457,77,150.00,98.17,23.13,1351,132627
778,778,,*MANUAL*,88,1467,77,175.00,95.48,27.25,895,85451
779,779,,*MANUAL*,82,1483,75,187.00,99.71,34.07,1365,136108
780,780,,*MANUAL*,82,1462,51,189.00,98.53,34.76,1365,134487
781,781,,*MANUAL*,83,1445,55,199.00,110.09,37.38,895,98530
782,782,,*MANUAL*,39,1414,63,241.00,148.67,36.46,1349,200562
783,783,,*MANUAL*,43,1442,58,202.00,99.02,37.43,1365,135157
784,784,,*MANUAL*,46,1457,55,223.00,130.60,35.44,1363,178009
785,785,,*MANUAL*,43,1468,62,205.00,119.36,38.43,1365,162926
786,786,,*MANUAL*,43,1483,59,208.00,93.81,35.64,2103,197284
787,787,,*MANUAL*,40,1489,72,213.00,111.47,37.42,1287,143460
788,788,,*MANUAL*,49,1491,78,217.00,121.82,36.07,1365,166287
789,789,,*MANUAL*,47,1455,80,225.00,123.27,42.13,1365,168257
790,790,,*MANUAL*,45,1443,84,238.00,149.18,34.39,895,133518
791,791,,*MANUAL*,45,1427,88,239.00,150.43,42.22,895,134637
792,792,,*MANUAL*,37,1419,80,223.00,122.37,46.35,1365,167034
793,793,,*MANUAL*,59,1532,40,175.00,110.63,22.95,848,93812
794,794,,*MANUAL*,66,1540,41,186.00,110.96,32.32,1365,151458
795,795,,*MANUAL*,65,1519,38,186.00,117.99,29.96,889,104896
796,796,,*MANUAL*,67,1500,37,196.00,107.18,37.21,1347,144370
797,797,,*MANUAL*,60,1509,39,211.00,123.48,31.17,895,110516
798,798,,*MANUAL*,63,1397,34,179.00,65.44,28.90,2103,137626
799,799,*NOUSE*,*NOUSE*,0,0,0,0,0,0,0,0
800,800,*NOUSE*,*NOUSE*,0,0,0,0,0,0,0,0
801,801,,*MANUAL*,70,1566,94,181.00,100.62,33.39,1365,137344
802,802,,*MANUAL*,67,1550,95,176.00,101.88,34.06,895,91184
803,803,,*MANUAL*,61,1532,92,183.00,108.55,37.33,895,97155
804,804,,*MANUAL*,61,1507,94,230.00,157.37,33.24,761,119757
805,805,,*MANUAL*,61,1487,94,225.00,144.51,33.00,867,125288
806,806,,*MANUAL*,73,1497,91,230.00,146.64,25.68,828,121417
807,807,,*MANUAL*,67,1495,98,197.00,109.53,36.65,1365,149512
808,808,,*MANUAL*$297$343,67,1446,98,173.00,59.88,30.80,5326,318915
809,809,,*MANUAL*,66,1360,103,170.00,91.33,25.03,1365,124672
810,810,*NOUSE*,*NOUSE*,0,0,0,0,0,0,0,0
811,811,,*MANUAL*$381$810,67,1277,110,133.00,51.13,19.17,4765,243614
812,812,,*MANUAL*,45,1517,56,220.00,82.39,29.88,1365,112466
813,813,,*MANUAL*$103$90,47,1488,45,117.00,46.61,23.19,4396,204888
814,814,,*MANUAL*$100$99,49,1451,43,152.00,55.57,28.59,3482,193507
815,815,,*MANUAL*,43,1416,50,150.00,77.51,30.36,2103,163004
816,816,,*MANUAL*,53,979,43,206.00,119.60,34.14,1347,161097
817,817,,*MANUAL*,57,968,46,224.00,140.60,40.78,1345,189102
818,818,,*MANUAL*$182$204,56,911,41,170.00,51.50,35.41,6241,321393
819,819,,*MANUAL*$146$167,53,699,52,170.00,48.83,33.06,5859,286074
820,820,,*MANUAL*,58,632,51,175.00,73.82,36.59,2796,206399
821,821,,*MANUAL*$234$246,61,552,52,158.00,49.15,32.22,5362,263545
822,822,,*MANUAL*$236$249,61,274,60,165.00,54.36,31.98,4329,235340
823,823,,*MANUAL*,53,1501,92,186.00,85.14,36.68,2103,179058
824,824,,*MANUAL*,44,1399,95,204.00,107.86,47.27,1365,147228
825,825,,*MANUAL*,46,1331,96,179.00,88.06,41.60,2103,185188
826,826,,*MANUAL*$178$177,54,1130,108,186.00,58.97,41.13,5622,331521
827,827,,*MANUAL*$130$131,51,1097,101,201.00,56.24,39.54,5181,291371
828,828,,*MANUAL*,53,866,97,146.00,83.49,23.81,1365,113969
829,829,,*MANUAL*$143$175,51,733,99,164.00,47.67,30.65,3630,173034
830,830,,*MANUAL*,57,444,92,149.00,68.18,27.77,2103,143376
831,831,,*MANUAL*,83,1522,51,179.00,73.18,29.60,1365,99890
832,832,,*MANUAL*$527$479,79,1486,42,137.00,51.13,22.65,1959,100166
833,833,*NOUSE*,*NOUSE*,0,0,0,0,0,0,0,0
834,834,,*MANUAL*$546$526,82,1336,43,167.00,58.17,33.65,4026,234193
835,835,,*MANUAL*$462$461,77,1124,39,199.00,64.07,42.95,4091,262113
836,836,,*MANUAL*$494$421,80,1081,38,173.00,51.93,35.03,6406,332645
837,837,,*MANUAL*,76,981,37,189.00,82.22,42.52,2103,172904
838,838,,*MANUAL*$506$544,84,931,45,163.00,48.02,32.53,6015,288850
839,839,,*MANUAL*$478$477,79,880,42,175.00,54.21,36.34,6481,351332
840,840,,*MANUAL*$496$515,81,818,52,144.00,46.61,29.84,4724,220172
841,841,,*MANUAL*$516$508,81,533,58,123.00,42.27,24.09,5388,227728
842,842,,*MANUAL*$436$465,78,447,56,143.00,45.44,26.84,5346,242918
843,843,,*MANUAL*$614$500,81,1526,79,114.00,45.45,21.52,5349,243087
844,844,,*MANUAL*$472$489,79,1464,92,140.00,49.02,23.02,5566,272864
845,845,,*MANUAL*,78,1352,100,196.00,90.65,31.59,1365,123741
846,846,,*MANUAL*$558$525$524,83,1144,104,134.00,48.69,25.94,6125,298231
847,847,,*MANUAL*$490$475,79,1052,100,151.00,45.08,28.32,5454,245888
848,848,,*MANUAL*$446$432,75,996,103,163.00,51.41,33.84,4748,244089
849,849,,*MANUAL*,70,530,101,128.00,63.40,25.27,1365,86546
850,850,,*MANUAL*$398$379,72,434,97,178.00,48.35,31.67,4143,200321
851,851,,*MANUAL*$212$206,60,742,60,185.00,50.47,30.56,10813,545771
852,852,,*MANUAL*$335$315,69,706,59,148.00,47.44,26.86,7721,366293
853,853,,*MANUAL*,67,971,38,196.00,128.80,29.49,1365,175811
854,854,,*MANUAL*,92,1343,65,141.00,59.25,23.48,2969,175901
855,855,,*MANUAL*$579$572,89,1099,76,120.00,38.55,18.08,6257,241226
856,856,,*MANUAL*$599$595$581,89,1074,62,103.00,35.92,16.78,6726,241572
857,857,,*MANUAL*$583$596$582,90,1026,64,132.00,44.07,24.04,5500,242358
858,858,,*MANUAL*$586$580,89,992,82,87.00,33.22,14.45,6313,209712
859,859,,*MANUAL*$615$603,89,901,85,85.00,32.61,13.73,5332,173875
860,860,,*MANUAL*$608$602,89,811,74,86.00,34.26,15.74,5045,172820
861,861,,*MANUAL*$565$557,85,780,97,81.00,31.28,13.04,5355,167529
862,862,,*MANUAL*$539$540,82,528,93,96.00,32.60,14.35,4083,133118
863,863,,*MANUAL*$571$556,85,470,75,114.00,34.44,16.85,5212,179508
864,864,,*MANUAL*,83,753,85,133.00,80.41,22.93,1365,109753
865,865,,*MANUAL*,84,712,66,180.00,97.43,28.03,1365,132992
866,866,,*MANUAL*$604$589,91,973,55,136.00,43.48,25.25,5458,237300
867,867,,*MANUAL*,79,357,90,105.00,36.68,18.57,2916,106952
868,868,,*MANUAL*$29$28,40,1183,86,145.00,46.82,25.97,6683,312870
869,869,,*MANUAL*$46$27,41,1102,77,154.00,44.69,24.63,6509,290916
870,870,,*MANUAL*$44$37$39$26,42,1078,67,114.00,42.72,22.82,6215,265492
871,871,,*MANUAL*$57$56,44,1024,82,147.00,43.51,23.91,5318,231385
872,872,,*MANUAL*$52$35,43,1025,65,144.00,47.75,29.36,6120,292243
873,873,,*MANUAL*$42$47,43,975,53,152.00,52.96,32.72,5488,290630
874,874,,*MANUAL*$79$51,44,932,60,127.00,44.13,26.11,6063,267543
875,875,,*MANUAL*$83$73,46,819,66,121.00,42.50,24.27,5467,232361
876,876,,*MANUAL*$88$87,45,636,82,93.00,33.85,15.25,5849,197971
877,877,,*MANUAL*$124$111,50,594,63,125.00,43.53,24.27,5496,239223
878,878,,*MANUAL*$149$135,51,444,64,130.00,40.33,22.20,5710,230283
879,879,,*MANUAL*,50,386,62,145.00,57.69,31.68,2926,168796
880,880,,*MANUAL*,47,310,84,128.00,31.47,20.36,2103,66174
881,881,,*MANUAL*,51,495,78,128.00,39.62,19.00,2969,117642
882,882,,*MANUAL*,48,638,57,164.00,68.88,28.56,2103,144855
883,883,,*MANUAL*,56,411,57,151.00,87.24,32.67,1365,119080
884,884,*NOUSE*,*NOUSE*,0,0,0,0,0,0,0,0
885,885,,*MANUAL*$413$884,74,1066,48,110.00,40.86,19.46,5819,237742
886,886,,*MANUAL*$163$162,55,1054,46,110.00,40.62,20.88,7676,311778
887,887,,*MANUAL*$208$197,56,1062,90,109.00,38.86,18.90,6489,252161
888,888,,*MANUAL*$429$458,77,1054,85,101.00,36.50,16.56,6108,222919
889,889,,*MANUAL*$480$347,72,997,52,86.00,33.93,14.41,7554,256336
890,890,,*MANUAL*$457$395$404,71,746,80,69.00,28.01, 9.69,4365,122282
891,891,,*MANUAL*$213$222,58,691,75,75.00,28.94,11.56,7054,204128
892,892,,*MANUAL*$375$391,71,591,68,78.00,28.61,10.71,7206,206150
893,893,,*MANUAL*,77,413,62,159.00,91.75,30.20,1365,125245
894,894,,*MANUAL*$250$251,63,411,67,120.00,47.56,21.22,4360,207357
895,895,,*MANUAL*$258$256,62,997,92,93.00,34.50,14.27,6453,222600
896,896,,*MANUAL*$340$339,68,946,93,67.00,28.70,11.03,7282,208981
897,897,,*MANUAL*$330$269$293,65,870,86,81.00,31.49,12.10,5072,159713
898,898,,*MANUAL*$319$294,65,541,87,66.00,28.53, 9.89,6148,175405
899,899,,*MANUAL*,74,359,59,195.00,98.38,39.68,1321,129965
900,900,,*MANUAL*,67,367,63,225.00,129.03,36.58,1365,176121
901,901,,*MANUAL*,60,379,59,210.00,126.84,32.12,1365,173143
902,902,,*MANUAL*$192$211,57,348,58,203.00,67.94,43.44,3897,264767
903,903,,*MANUAL*,71,366,86,190.00,119.38,27.33,895,106841
904,904,,*MANUAL*,71,329,89,163.00,89.12,30.85,1365,121643
905,905,,*MANUAL*,51,315,72,194.00,119.00,28.45,1343,159823
906,906,,*MANUAL*,56,313,62,197.00,117.82,41.68,1365,160831
907,907,,*MANUAL*,54,302,75,247.00,134.92,48.52,1365,184165
908,908,,*MANUAL*,75,306,87,206.00,125.86,42.35,1365,171794
909,909,,*MANUAL*,76,296,76,170.00,108.14,24.49,1365,147607
910,910,,*MANUAL*,72,284,86,202.00,120.65,34.07,1279,154306
911,911,,*MANUAL*$295$320,66,257,89,166.00,52.55,35.13,4343,228246
912,912,,*MANUAL*,63,292,86,199.00,100.22,33.68,2103,210768
913,913,,*MANUAL*,72,231,82,125.00,58.16,19.95,2658,154594
914,914,*NOUSE*,*NOUSE*,0,0,0,0,0,0,0,0
915,915,,*MANUAL*,55,329,91,183.00,81.03,35.67,895,72521
916,916,,*MANUAL*,47,1410,75,209.00,118.92,34.87,895,106436
917,917,,*MANUAL*,68,1229,63,167.00,99.16,30.71,792,78538
918,918,,*MANUAL*,63,398,57,181.00,109.62,21.70,895,98107
919,919,,*MANUAL*,76,1349,38,189.00,103.39,29.72,895,92531
920,920,,*MANUAL*,65,1363,32,118.00,66.18,15.75,895,59228
921,921,,*MANUAL*,60,231,78,128.00,59.67,18.84,1365,81452
922,922,,*MANUAL*$541$523,83,1326,93,174.00,56.88,32.51,4235,240906
923,923,f1,*MANUAL*,62,1331,69,16.00, 4.98, 2.69,895,4460
924,924,f2,*MANUAL*,61,1309,68,86.00,27.56,10.23,895,24663
925,925,f3,*MANUAL*,61,1282,64,125.00,30.00,17.52,895,26854
926,926,f4,*MANUAL*,61,1255,65,89.00,24.11,10.71,895,21575
927,927,f5,*MANUAL*,63,1222,63,173.00,80.88,27.82,895,72385
928,928,f6,*MANUAL*,63,1076,64,14.00, 2.28, 2.07,895,2042
929,929,f7,*MANUAL*,62,1037,64,11.00, 3.19, 2.04,895,2854
930,930,f8,*MANUAL*,63,998,69, 9.00, 1.18, 1.49,895,1053
931,931,f9,*MANUAL*,62,968,69, 6.00, 1.30, 1.30,895,1167
932,932,f10,*MANUAL*,63,934,70,28.00, 1.57, 2.56,895,1402
