0,0,*NOUSE*,*NOUSE*,0,0,0,0,0,0,0,0
1,1,*NOUSE*,*NOUSE*,0,0,0,0,0,0,0,0
2,2,*NOUSE*,*NOUSE*,0,0,0,0,0,0,0,0
3,3,*NOUSE*,*NOUSE*,0,0,0,0,0,0,0,0
4,4,,,37,1019,71,197.00,70.15,46.95,4079,286136.00
5,5,,,37,1263,76,196.00,67.12,41.81,3365,225862.00
6,6,*NOUSE*,*NOUSE*,0,0,0,0,0,0,0,0
7,7,*NOUSE*,*NOUSE*,0,0,0,0,0,0,0,0
8,8,,,38,1154,77,213.00,76.63,42.34,2710,207664.00
9,9,*NOUSE*,*NOUSE*,0,0,0,0,0,0,0,0
10,10,,,38,1319,75,159.00,54.40,32.02,3634,197674.00
11,11,*NOUSE*,*NOUSE*,0,0,0,0,0,0,0,0
12,12,*NOUSE*,*NOUSE*,0,0,0,0,0,0,0,0
13,13,*NOUSE*,*NOUSE*,0,0,0,0,0,0,0,0
14,14,*NOUSE*,*NOUSE*,0,0,0,0,0,0,0,0
15,15,*NOUSE*,*NOUSE*,0,0,0,0,0,0,0,0
16,16,,,37,1113,80,160.00,59.70,34.03,3953,235985.00
17,17,*NOUSE*,*NOUSE*,0,0,0,0,0,0,0,0
18,18,,,39,902,55,151.00,49.44,33.35,4759,235308.00
19,19,*NOUSE*,*NOUSE*,0,0,0,0,0,0,0,0
20,20,*NOUSE*,*NOUSE*,0,0,0,0,0,0,0,0
21,21,*NOUSE*,*NOUSE*,0,0,0,0,0,0,0,0
22,22,,,40,1175,68,188.00,75.55,46.89,3278,247638.00
23,23,,,39,867,70,169.00,48.62,34.92,4735,230195.00
24,24,*NOUSE*,*NOUSE*,0,0,0,0,0,0,0,0
25,25,*NOUSE*,*NOUSE*,0,0,0,0,0,0,0,0
26,26,*NOUSE*,*NOUSE*,0,0,0,0,0,0,0,0
27,27,,,40,1195,68,202.00,60.31,41.14,3938,237515.00
28,28,*NOUSE*,*NOUSE*,0,0,0,0,0,0,0,0
29,29,,,41,1263,87,228.00,86.31,53.12,2618,225955.00
30,30,,,41,1167,85,230.00,95.71,55.02,2532,242335.00
31,31,*NOUSE*,*NOUSE*,0,0,0,0,0,0,0,0
32,32,*NOUSE*,*NOUSE*,0,0,0,0,0,0,0,0
33,33,*NOUSE*,*NOUSE*,0,0,0,0,0,0,0,0
34,34,,,39,678,64,171.00,51.65,34.15,4414,227984.00
35,35,*NOUSE*,*NOUSE*,0,0,0,0,0,0,0,0
36,36,*NOUSE*,*NOUSE*,0,0,0,0,0,0,0,0
37,37,,,41,1098,72,224.00,83.38,47.92,3132,261155.00
38,38,,,42,1355,71,152.00,49.98,31.84,4195,209671.00
39,39,*NOUSE*,*NOUSE*,0,0,0,0,0,0,0,0
40,40,,,42,1065,83,207.00,88.08,49.75,2930,258081.00
41,41,,,41,1179,83,212.00,83.89,48.93,2659,223058.00
42,42,*NOUSE*,*NOUSE*,0,0,0,0,0,0,0,0
43,43,*NOUSE*,*NOUSE*,0,0,0,0,0,0,0,0
44,44,,,42,1287,54,144.00,59.09,29.17,2014,119003.00
45,45,*NOUSE*,*NOUSE*,0,0,0,0,0,0,0,0
46,46,*NOUSE*,*NOUSE*,0,0,0,0,0,0,0,0
47,47,,,42,1370,75,184.00,55.01,37.95,3694,203190.00
48,48,*NOUSE*,*NOUSE*,0,0,0,0,0,0,0,0
49,49,,,47,1225,89,190.00,81.61,43.30,3174,259029.00
50,50,*NOUSE*,*NOUSE*,0,0,0,0,0,0,0,0
51,51,,,43,1038,44,177.00,50.47,28.34,4564,230345.00
52,52,*NOUSE*,*NOUSE*,0,0,0,0,0,0,0,0
53,53,*NOUSE*,*NOUSE*,0,0,0,0,0,0,0,0
54,54,*NOUSE*,*NOUSE*,0,0,0,0,0,0,0,0
55,55,,,45,1314,64,219.00,69.41,44.78,3381,234666.00
56,56,,,43,994,66,246.00,73.56,58.45,3250,239086.00
57,57,*NOUSE*,*NOUSE*,0,0,0,0,0,0,0,0
58,58,,,43,954,81,204.00,54.94,40.32,4499,247173.00
59,59,*NOUSE*,*NOUSE*,0,0,0,0,0,0,0,0
60,60,,,43,832,86,188.00,51.58,39.74,5500,283703.00
61,61,*NOUSE*,*NOUSE*,0,0,0,0,0,0,0,0
62,62,,,45,674,49,242.00,63.79,50.86,4024,256706.00
63,63,*NOUSE*,*NOUSE*,0,0,0,0,0,0,0,0
64,64,*NOUSE*,*NOUSE*,0,0,0,0,0,0,0,0
65,65,,,44,1067,54,216.00,93.22,48.21,2581,240593.00
66,66,*NOUSE*,*NOUSE*,0,0,0,0,0,0,0,0
67,67,,,44,926,56,236.00,72.29,56.82,3597,260019.00
68,68,,,44,602,65,173.00,51.62,35.76,4985,257339.00
69,69,,,44,567,71,177.00,51.26,36.92,5215,267295.00
70,70,*NOUSE*,*NOUSE*,0,0,0,0,0,0,0,0
71,71,,,44,1120,94,233.00,85.47,50.83,2699,230672.00
72,72,*NOUSE*,*NOUSE*,0,0,0,0,0,0,0,0
73,73,,,43,1276,97,155.00,55.58,27.03,3046,169310.00
74,74,,,44,1197,97,164.00,54.39,33.35,2200,119655.00
75,75,*NOUSE*,*NOUSE*,0,0,0,0,0,0,0,0
76,76,,,45,1094,46,237.00,98.25,52.45,2997,294455.00
77,77,*NOUSE*,*NOUSE*,0,0,0,0,0,0,0,0
78,78,*NOUSE*,*NOUSE*,0,0,0,0,0,0,0,0
79,79,*NOUSE*,*NOUSE*,0,0,0,0,0,0,0,0
80,80,*NOUSE*,*NOUSE*,0,0,0,0,0,0,0,0
81,81,,,44,527,62,163.00,51.32,35.33,5302,272102.00
82,82,,,44,635,69,239.00,72.32,57.11,3411,246671.00
83,83,,,46,1120,72,213.00,88.93,46.64,3199,284492.00
84,84,,,45,686,74,244.00,83.73,60.55,3278,274451.00
85,85,,,46,736,77,206.00,57.53,42.33,5463,314300.00
86,86,,,44,994,86,209.00,69.85,46.61,3847,268732.00
87,87,,,45,1238,92,219.00,88.13,47.03,2547,224467.00
88,88,*NOUSE*,*NOUSE*,0,0,0,0,0,0,0,0
89,89,*NOUSE*,*NOUSE*,0,0,0,0,0,0,0,0
90,90,*NOUSE*,*NOUSE*,0,0,0,0,0,0,0,0
91,91,*NOUSE*,*NOUSE*,0,0,0,0,0,0,0,0
92,92,,,46,1263,52,213.00,78.78,44.14,3019,237850.00
93,93,,,46,1214,61,209.00,78.64,42.84,3038,238896.00
94,94,,,45,1418,71,99.00,39.12,20.37,4242,165960.00
95,95,*NOUSE*,*NOUSE*,0,0,0,0,0,0,0,0
96,96,*NOUSE*,*NOUSE*,0,0,0,0,0,0,0,0
97,97,*NOUSE*,*NOUSE*,0,0,0,0,0,0,0,0
98,98,*NOUSE*,*NOUSE*,0,0,0,0,0,0,0,0
99,99,,,46,1155,99,227.00,84.61,46.64,2470,208982.00
100,100,*NOUSE*,*NOUSE*,0,0,0,0,0,0,0,0
101,101,*NOUSE*,*NOUSE*,0,0,0,0,0,0,0,0
102,102,,,47,558,47,134.00,43.36,25.87,6048,262244.00
103,103,,,47,1391,61,115.00,42.56,22.63,4352,185202.00
104,104,*NOUSE*,*NOUSE*,0,0,0,0,0,0,0,0
105,105,,,48,775,87,214.00,54.55,42.42,5195,283363.00
106,106,,,47,902,90,221.00,58.75,44.14,4964,291636.00
107,107,*NOUSE*,*NOUSE*,0,0,0,0,0,0,0,0
108,108,*NOUSE*,*NOUSE*,0,0,0,0,0,0,0,0
109,109,,,49,1291,46,187.00,72.78,38.53,3823,278229.00
110,110,,,48,1021,57,203.00,58.06,37.92,3299,191546.00
111,111,,,48,1364,58,132.00,53.76,27.52,3665,197019.00
112,112,,,48,299,63,223.00,77.17,54.78,4106,316848.00
113,113,*NOUSE*,*NOUSE*,0,0,0,0,0,0,0,0
114,114,,,47,1164,74,226.00,99.15,46.56,2711,268785.00
115,115,,,47,444,75,187.00,50.12,35.39,6115,306456.00
116,116,*NOUSE*,*NOUSE*,0,0,0,0,0,0,0,0
117,117,,,48,976,85,198.00,60.47,42.31,4074,246337.00
118,118,,,48,1156,86,247.00,100.89,49.21,2462,248379.00
119,119,,,47,1091,97,184.00,70.38,35.18,3684,259264.00
120,120,,,47,1138,101,242.00,90.04,50.71,1224,110212.00
121,121,*NOUSE*,*NOUSE*,0,0,0,0,0,0,0,0
122,122,*NOUSE*,*NOUSE*,0,0,0,0,0,0,0,0
123,123,*NOUSE*,*NOUSE*,0,0,0,0,0,0,0,0
124,124,*NOUSE*,*NOUSE*,0,0,0,0,0,0,0,0
125,125,,,50,282,70,250.00,93.65,62.87,3367,315307.00
126,126,,,49,1145,75,193.00,82.10,39.62,3095,254099.00
127,127,,,50,1043,77,196.00,74.08,41.53,3610,267437.00
128,128,*NOUSE*,*NOUSE*,0,0,0,0,0,0,0,0
129,129,*NOUSE*,*NOUSE*,0,0,0,0,0,0,0,0
130,130,*NOUSE*,*NOUSE*,0,0,0,0,0,0,0,0
131,131,*NOUSE*,*NOUSE*,0,0,0,0,0,0,0,0
132,132,*NOUSE*,*NOUSE*,0,0,0,0,0,0,0,0
133,133,*NOUSE*,*NOUSE*,0,0,0,0,0,0,0,0
134,134,*NOUSE*,*NOUSE*,0,0,0,0,0,0,0,0
135,135,*NOUSE*,*NOUSE*,0,0,0,0,0,0,0,0
136,136,,,49,401,61,204.00,50.40,34.96,5390,271675.00
137,137,,,53,347,75,232.00,84.64,57.01,4036,341600.00
138,138,,,55,330,76,254.00,99.02,60.44,3530,349557.00
139,139,*NOUSE*,*NOUSE*,0,0,0,0,0,0,0,0
140,140,,,49,1059,76,250.00,110.70,55.03,2610,288919.00
141,141,*NOUSE*,*NOUSE*,0,0,0,0,0,0,0,0
142,142,,,51,1058,34,177.00,59.11,34.33,4186,247436.00
143,143,,,50,1215,43,159.00,60.00,33.18,4097,245808.00
144,144,*NOUSE*,*NOUSE*,0,0,0,0,0,0,0,0
145,145,,,51,282,57,246.00,95.01,58.61,3123,296729.00
146,146,,,51,319,61,251.00,82.45,59.43,3535,291468.00
147,147,,,52,262,62,247.00,89.56,60.32,3330,298227.00
148,148,,,48,1018,73,201.00,70.86,43.11,3529,250072.00
149,149,*NOUSE*,*NOUSE*,0,0,0,0,0,0,0,0
150,150,*NOUSE*,*NOUSE*,0,0,0,0,0,0,0,0
151,151,*NOUSE*,*NOUSE*,0,0,0,0,0,0,0,0
152,152,*NOUSE*,*NOUSE*,0,0,0,0,0,0,0,0
153,153,,,52,772,41,238.00,59.15,48.33,3706,219218.00
154,154,*NOUSE*,*NOUSE*,0,0,0,0,0,0,0,0
155,155,,,52,364,71,223.00,66.52,50.72,4203,279600.00
156,156,,,52,316,75,249.00,98.37,61.60,4058,399183.00
157,157,*NOUSE*,*NOUSE*,0,0,0,0,0,0,0,0
158,158,,,50,1262,81,221.00,88.82,46.13,2918,259187.00
159,159,*NOUSE*,*NOUSE*,0,0,0,0,0,0,0,0
160,160,,,53,693,81,248.00,94.51,66.42,3241,306314.00
161,161,*NOUSE*,*NOUSE*,0,0,0,0,0,0,0,0
162,162,,,53,1314,100,152.00,53.74,31.33,3334,179160.00
163,163,*NOUSE*,*NOUSE*,0,0,0,0,0,0,0,0
164,164,,,54,990,48,236.00,65.18,49.21,3605,234968.00
165,165,*NOUSE*,*NOUSE*,0,0,0,0,0,0,0,0
166,166,*NOUSE*,*NOUSE*,0,0,0,0,0,0,0,0
167,167,,,52,1055,59,213.00,88.54,45.74,3080,272717.00
168,168,*NOUSE*,*NOUSE*,0,0,0,0,0,0,0,0
169,169,*NOUSE*,*NOUSE*,0,0,0,0,0,0,0,0
170,170,*NOUSE*,*NOUSE*,0,0,0,0,0,0,0,0
171,171,,,53,997,79,220.00,91.86,51.63,3348,307535.00
172,172,*NOUSE*,*NOUSE*,0,0,0,0,0,0,0,0
173,173,*NOUSE*,*NOUSE*,0,0,0,0,0,0,0,0
174,174,*NOUSE*,*NOUSE*,0,0,0,0,0,0,0,0
175,175,*NOUSE*,*NOUSE*,0,0,0,0,0,0,0,0
176,176,*NOUSE*,*NOUSE*,0,0,0,0,0,0,0,0
177,177,*NOUSE*,*NOUSE*,0,0,0,0,0,0,0,0
178,178,*NOUSE*,*NOUSE*,0,0,0,0,0,0,0,0
179,179,*NOUSE*,*NOUSE*,0,0,0,0,0,0,0,0
180,180,,,54,833,98,205.00,55.81,44.47,5393,300972.00
181,181,,,54,977,33,181.00,48.82,34.95,4378,213742.00
182,182,,,54,270,52,255.00,107.72,72.19,2600,280059.00
183,183,*NOUSE*,*NOUSE*,0,0,0,0,0,0,0,0
184,184,*NOUSE*,*NOUSE*,0,0,0,0,0,0,0,0
185,185,*NOUSE*,*NOUSE*,0,0,0,0,0,0,0,0
186,186,*NOUSE*,*NOUSE*,0,0,0,0,0,0,0,0
187,187,*NOUSE*,*NOUSE*,0,0,0,0,0,0,0,0
188,188,*NOUSE*,*NOUSE*,0,0,0,0,0,0,0,0
189,189,,,54,994,99,230.00,71.56,44.38,3833,274283.00
190,190,,,55,932,41,109.00,36.66,18.94,4805,176146.00
191,191,,,54,1046,47,216.00,83.34,48.04,3916,326347.00
192,192,,,54,1073,69,207.00,92.47,44.36,3008,278145.00
193,193,,,58,733,73,93.00,32.99,14.98,6642,219088.00
194,194,,,54,398,79,211.00,57.02,45.14,4871,277763.00
195,195,*NOUSE*,*NOUSE*,0,0,0,0,0,0,0,0
196,196,,,55,1233,82,217.00,78.22,45.62,3669,286974.00
197,197,,,55,736,89,242.00,71.10,56.81,3757,267138.00
198,198,*NOUSE*,*NOUSE*,0,0,0,0,0,0,0,0
199,199,,,54,1084,110,197.00,71.49,42.61,3024,216184.00
200,200,*NOUSE*,*NOUSE*,0,0,0,0,0,0,0,0
201,201,,,56,854,34,162.00,48.03,34.65,4235,203413.00
202,202,,,56,1016,47,232.00,72.75,49.99,3202,232933.00
203,203,,,56,1146,47,174.00,68.07,33.54,4173,284073.00
204,204,*NOUSE*,*NOUSE*,0,0,0,0,0,0,0,0
205,205,*NOUSE*,*NOUSE*,0,0,0,0,0,0,0,0
206,206,,,56,653,55,92.00,32.23,14.24,6944,223813.00
207,207,,,56,243,60,248.00,90.77,62.29,3096,281039.00
208,208,,,56,1432,80,124.00,38.09,23.95,4786,182289.00
209,209,*NOUSE*,*NOUSE*,0,0,0,0,0,0,0,0
210,210,,,57,928,93,192.00,57.72,43.81,4746,273916.00
211,211,,,57,861,98,191.00,57.20,43.70,4763,272459.00
212,212,,,56,1111,106,208.00,61.01,37.91,3832,233808.00
213,213,*NOUSE*,*NOUSE*,0,0,0,0,0,0,0,0
214,214,,,57,758,32,192.00,48.19,36.45,4106,197848.00
215,215,,,56,1091,35,143.00,61.55,26.73,2289,140878.00
216,216,*NOUSE*,*NOUSE*,0,0,0,0,0,0,0,0
217,217,,,57,1395,48,192.00,63.68,39.13,3537,225239.00
218,218,,,58,1118,47,162.00,71.21,34.54,3667,261109.00
219,219,*NOUSE*,*NOUSE*,0,0,0,0,0,0,0,0
220,220,,,56,1094,49,209.00,89.82,41.07,3037,272770.00
221,221,*NOUSE*,*NOUSE*,0,0,0,0,0,0,0,0
222,222,,,60,983,82,241.00,92.11,53.72,3576,329390.00
223,223,,,57,1273,88,172.00,66.88,28.88,2912,194741.00
224,224,,,58,952,94,183.00,52.26,39.72,4882,255114.00
225,225,,,58,760,92,213.00,64.47,49.32,4513,290948.00
226,226,*NOUSE*,*NOUSE*,0,0,0,0,0,0,0,0
227,227,,,59,814,35,178.00,51.48,38.70,3618,186249.00
228,228,*NOUSE*,*NOUSE*,0,0,0,0,0,0,0,0
229,229,*NOUSE*,*NOUSE*,0,0,0,0,0,0,0,0
230,230,*NOUSE*,*NOUSE*,0,0,0,0,0,0,0,0
231,231,,,62,518,74,100.00,36.39,17.57,6843,249049.00
232,232,*NOUSE*,*NOUSE*,0,0,0,0,0,0,0,0
233,233,,,59,1012,91,180.00,63.51,38.42,4911,311907.00
234,234,,,58,556,88,234.00,68.40,51.61,3955,270516.00
235,235,*NOUSE*,*NOUSE*,0,0,0,0,0,0,0,0
236,236,,,57,588,91,241.00,72.37,55.72,3884,281087.00
237,237,,,59,1046,92,205.00,74.76,40.96,3615,270259.00
238,238,,,58,980,96,226.00,75.31,45.40,3635,273769.00
239,239,,,58,899,94,223.00,73.05,48.91,4270,311919.00
240,240,*NOUSE*,*NOUSE*,0,0,0,0,0,0,0,0
241,241,,,59,1155,109,176.00,66.97,38.20,3026,202662.00
242,242,,,59,702,28,195.00,54.35,43.14,4068,221086.00
243,243,,,61,561,37,241.00,63.51,50.29,4200,266752.00
244,244,*NOUSE*,*NOUSE*,0,0,0,0,0,0,0,0
245,245,,,60,834,50,80.00,28.74,11.55,6568,188759.00
246,246,*NOUSE*,*NOUSE*,0,0,0,0,0,0,0,0
247,247,*NOUSE*,*NOUSE*,0,0,0,0,0,0,0,0
248,248,*NOUSE*,*NOUSE*,0,0,0,0,0,0,0,0
249,249,,,65,981,72,204.00,67.34,44.93,3344,225179.00
250,250,,,59,531,87,232.00,69.30,54.91,4158,288136.00
251,251,*NOUSE*,*NOUSE*,0,0,0,0,0,0,0,0
252,252,,,59,686,86,249.00,78.69,55.64,3463,272495.00
253,253,*NOUSE*,*NOUSE*,0,0,0,0,0,0,0,0
254,254,,,59,1294,39,162.00,59.71,29.60,4156,248148.00
255,255,,,61,613,38,215.00,59.60,45.66,3707,220952.00
256,256,,,61,1320,43,166.00,55.05,28.40,4255,234251.00
257,257,*NOUSE*,*NOUSE*,0,0,0,0,0,0,0,0
258,258,*NOUSE*,*NOUSE*,0,0,0,0,0,0,0,0
259,259,,,61,328,55,239.00,90.39,55.38,3025,273441.00
260,260,,,64,573,53,89.00,34.82,16.73,7129,248259.00
261,261,*NOUSE*,*NOUSE*,0,0,0,0,0,0,0,0
262,262,,,60,310,72,240.00,97.45,54.26,2572,250642.00
263,263,*NOUSE*,*NOUSE*,0,0,0,0,0,0,0,0
264,264,,,65,433,80,112.00,40.94,21.53,5224,213854.00
265,265,*NOUSE*,*NOUSE*,0,0,0,0,0,0,0,0
266,266,,,62,813,85,88.00,31.64,14.22,8068,255310.00
267,267,,,59,468,89,244.00,77.77,60.56,3753,291870.00
268,268,*NOUSE*,*NOUSE*,0,0,0,0,0,0,0,0
269,269,,,60,435,91,251.00,71.55,55.51,5820,416406.00
270,270,,,60,648,91,218.00,64.40,49.27,4784,308102.00
271,271,*NOUSE*,*NOUSE*,0,0,0,0,0,0,0,0
272,272,*NOUSE*,*NOUSE*,0,0,0,0,0,0,0,0
273,273,*NOUSE*,*NOUSE*,0,0,0,0,0,0,0,0
274,274,*NOUSE*,*NOUSE*,0,0,0,0,0,0,0,0
275,275,,,62,1195,104,167.00,57.74,38.32,3136,181064.00
276,276,,,62,1416,44,136.00,48.95,28.84,3683,180286.00
277,277,*NOUSE*,*NOUSE*,0,0,0,0,0,0,0,0
278,278,*NOUSE*,*NOUSE*,0,0,0,0,0,0,0,0
279,279,*NOUSE*,*NOUSE*,0,0,0,0,0,0,0,0
280,280,,,63,994,74,197.00,69.48,43.78,3995,277584.00
281,281,*NOUSE*,*NOUSE*,0,0,0,0,0,0,0,0
282,282,*NOUSE*,*NOUSE*,0,0,0,0,0,0,0,0
283,283,*NOUSE*,*NOUSE*,0,0,0,0,0,0,0,0
284,284,,,63,1201,40,193.00,57.46,35.32,5543,318528.00
285,285,*NOUSE*,*NOUSE*,0,0,0,0,0,0,0,0
286,286,,,62,1352,42,152.00,53.84,28.62,3766,202744.00
287,287,,,64,307,51,236.00,87.66,54.76,3237,283744.00
288,288,,,62,408,88,250.00,90.20,59.52,3533,318693.00
289,289,*NOUSE*,*NOUSE*,0,0,0,0,0,0,0,0
290,290,*NOUSE*,*NOUSE*,0,0,0,0,0,0,0,0
291,291,*NOUSE*,*NOUSE*,0,0,0,0,0,0,0,0
292,292,,,63,432,47,236.00,66.08,51.70,3274,216332.00
293,293,,,65,354,51,152.00,51.23,30.56,4449,227909.00
294,294,,,67,407,56,121.00,41.47,21.79,6319,262031.00
295,295,,,62,288,66,215.00,102.94,48.14,2660,273828.00
296,296,,,62,253,67,229.00,110.74,50.01,3026,335099.00
297,297,,,64,178,72,200.00,62.90,46.15,4172,262409.00
298,298,*NOUSE*,*NOUSE*,0,0,0,0,0,0,0,0
299,299,*NOUSE*,*NOUSE*,0,0,0,0,0,0,0,0
300,300,*NOUSE*,*NOUSE*,0,0,0,0,0,0,0,0
301,301,*NOUSE*,*NOUSE*,0,0,0,0,0,0,0,0
302,302,,,63,1294,106,121.00,46.40,21.69,3515,163099.00
303,303,,,64,1435,43,135.00,44.53,26.92,3733,166224.00
304,304,,,71,1245,46,207.00,70.56,39.34,4571,322520.00
305,305,*NOUSE*,*NOUSE*,0,0,0,0,0,0,0,0
306,306,*NOUSE*,*NOUSE*,0,0,0,0,0,0,0,0
307,307,*NOUSE*,*NOUSE*,0,0,0,0,0,0,0,0
308,308,,,65,480,58,93.00,34.35,15.81,5026,172656.00
309,309,,,65,143,60,240.00,63.65,49.78,4404,280323.00
310,310,,,64,275,59,225.00,93.83,46.78,3226,302704.00
311,311,,,65,1231,65,163.00,60.29,32.20,5043,304056.00
312,312,*NOUSE*,*NOUSE*,0,0,0,0,0,0,0,0
313,313,*NOUSE*,*NOUSE*,0,0,0,0,0,0,0,0
314,314,,,65,1025,107,210.00,69.59,46.20,4674,325273.00
315,315,*NOUSE*,*NOUSE*,0,0,0,0,0,0,0,0
316,316,*NOUSE*,*NOUSE*,0,0,0,0,0,0,0,0
317,317,,,66,1025,41,163.00,53.93,32.66,4045,218153.00
318,318,,,69,984,42,162.00,61.91,37.88,3940,243931.00
319,319,*NOUSE*,*NOUSE*,0,0,0,0,0,0,0,0
320,320,*NOUSE*,*NOUSE*,0,0,0,0,0,0,0,0
321,321,,,64,1429,53,112.00,41.58,22.78,4036,167821.00
322,322,,,67,1062,50,218.00,86.91,44.07,3238,281399.00
323,323,,,66,1257,57,213.00,71.36,41.03,3314,236475.00
324,324,,,65,230,55,211.00,70.25,48.32,3295,231470.00
325,325,,,66,1331,56,145.00,50.04,24.58,6751,337787.00
326,326,,,66,111,71,197.00,61.20,46.55,3909,239245.00
327,327,,,66,224,79,216.00,66.42,47.41,4306,285989.00
328,328,,,68,359,76,150.00,54.12,29.28,4760,257596.00
329,329,,,66,348,84,233.00,83.14,52.90,4120,342528.00
330,330,*NOUSE*,*NOUSE*,0,0,0,0,0,0,0,0
331,331,*NOUSE*,*NOUSE*,0,0,0,0,0,0,0,0
332,332,*NOUSE*,*NOUSE*,0,0,0,0,0,0,0,0
333,333,,,67,137,72,201.00,59.20,44.22,4531,268241.00
334,334,*NOUSE*,*NOUSE*,0,0,0,0,0,0,0,0
335,335,,,65,1465,88,106.00,36.63,21.13,3866,141618.00
336,336,,,66,1440,92,119.00,39.21,23.49,4079,159956.00
337,337,*NOUSE*,*NOUSE*,0,0,0,0,0,0,0,0
338,338,*NOUSE*,*NOUSE*,0,0,0,0,0,0,0,0
339,339,,,70,993,39,173.00,59.96,36.72,3454,207104.00
340,340,,,69,696,44,98.00,30.16,12.75,6993,210874.00
341,341,,,69,772,52,83.00,28.67,12.36,7048,202088.00
342,342,*NOUSE*,*NOUSE*,0,0,0,0,0,0,0,0
343,343,,,66,93,68,217.00,55.31,44.38,5373,297160.00
344,344,,,66,64,69,199.00,53.07,41.88,4776,253470.00
345,345,,,68,166,69,217.00,70.30,52.10,4293,301789.00
346,346,*NOUSE*,*NOUSE*,0,0,0,0,0,0,0,0
347,347,*NOUSE*,*NOUSE*,0,0,0,0,0,0,0,0
348,348,*NOUSE*,*NOUSE*,0,0,0,0,0,0,0,0
349,349,,,70,614,68,94.00,32.08,14.96,7891,253180.00
350,350,,,70,997,88,227.00,76.09,48.82,4361,331827.00
351,351,,,69,1401,45,158.00,56.42,37.37,3492,197012.00
352,352,,,70,1139,45,160.00,63.92,34.92,4455,284754.00
353,353,,,66,1047,50,180.00,72.73,35.48,3258,236945.00
354,354,*NOUSE*,*NOUSE*,0,0,0,0,0,0,0,0
355,355,*NOUSE*,*NOUSE*,0,0,0,0,0,0,0,0
356,356,,,71,328,63,227.00,70.62,49.32,4147,292876.00
357,357,*NOUSE*,*NOUSE*,0,0,0,0,0,0,0,0
358,358,*NOUSE*,*NOUSE*,0,0,0,0,0,0,0,0
359,359,,,72,683,79,185.00,55.55,35.82,5227,290384.00
360,360,*NOUSE*,*NOUSE*,0,0,0,0,0,0,0,0
361,361,*NOUSE*,*NOUSE*,0,0,0,0,0,0,0,0
362,362,*NOUSE*,*NOUSE*,0,0,0,0,0,0,0,0
363,363,,,72,1236,54,184.00,87.59,41.57,3309,289843.00
364,364,,,72,216,67,171.00,57.02,38.00,5133,292677.00
365,365,*NOUSE*,*NOUSE*,0,0,0,0,0,0,0,0
366,366,*NOUSE*,*NOUSE*,0,0,0,0,0,0,0,0
367,367,,,71,280,79,212.00,75.27,47.82,3932,295973.00
368,368,,,73,701,84,171.00,51.62,38.11,4991,257611.00
369,369,,,71,937,82,101.00,36.24,17.23,4264,154545.00
370,370,,,70,1139,89,234.00,100.13,46.39,2559,256226.00
371,371,*NOUSE*,*NOUSE*,0,0,0,0,0,0,0,0
372,372,*NOUSE*,*NOUSE*,0,0,0,0,0,0,0,0
373,373,*NOUSE*,*NOUSE*,0,0,0,0,0,0,0,0
374,374,*NOUSE*,*NOUSE*,0,0,0,0,0,0,0,0
375,375,*NOUSE*,*NOUSE*,0,0,0,0,0,0,0,0
376,376,,,72,1265,41,175.00,62.80,33.46,4325,271601.00
377,377,*NOUSE*,*NOUSE*,0,0,0,0,0,0,0,0
378,378,*NOUSE*,*NOUSE*,0,0,0,0,0,0,0,0
379,379,,,69,1297,87,228.00,93.73,46.60,3807,356842.00
380,380,,,70,253,78,227.00,73.54,51.01,3921,288350.00
381,381,*NOUSE*,*NOUSE*,0,0,0,0,0,0,0,0
382,382,*NOUSE*,*NOUSE*,0,0,0,0,0,0,0,0
383,383,*NOUSE*,*NOUSE*,0,0,0,0,0,0,0,0
384,384,,,73,751,90,179.00,48.57,34.73,5421,263278.00
385,385,,,72,1117,99,211.00,82.19,43.94,2868,235708.00
386,386,*NOUSE*,*NOUSE*,0,0,0,0,0,0,0,0
387,387,*NOUSE*,*NOUSE*,0,0,0,0,0,0,0,0
388,388,,,71,1094,48,191.00,81.24,35.61,2584,209914.00
389,389,*NOUSE*,*NOUSE*,0,0,0,0,0,0,0,0
390,390,*NOUSE*,*NOUSE*,0,0,0,0,0,0,0,0
391,391,*NOUSE*,*NOUSE*,0,0,0,0,0,0,0,0
392,392,*NOUSE*,*NOUSE*,0,0,0,0,0,0,0,0
393,393,,,73,1299,76,194.00,71.61,39.40,1710,122461.00
394,394,*NOUSE*,*NOUSE*,0,0,0,0,0,0,0,0
395,395,,,72,1044,84,159.00,63.59,30.80,3779,240323.00
396,396,,,73,1117,85,174.00,79.34,36.61,2917,231426.00
397,397,*NOUSE*,*NOUSE*,0,0,0,0,0,0,0,0
398,398,,,71,1233,86,219.00,72.16,42.15,3618,261074.00
399,399,*NOUSE*,*NOUSE*,0,0,0,0,0,0,0,0
400,400,,,72,1084,39,193.00,71.07,32.81,3638,258564.00
401,401,*NOUSE*,*NOUSE*,0,0,0,0,0,0,0,0
402,402,*NOUSE*,*NOUSE*,0,0,0,0,0,0,0,0
403,403,,,73,1381,49,176.00,62.58,38.68,3924,245548.00
404,404,*NOUSE*,*NOUSE*,0,0,0,0,0,0,0,0
405,405,,,74,1005,52,170.00,45.33,29.69,3128,141792.00
406,406,*NOUSE*,*NOUSE*,0,0,0,0,0,0,0,0
407,407,,,75,278,68,196.00,71.86,44.43,4165,299299.00
408,408,*NOUSE*,*NOUSE*,0,0,0,0,0,0,0,0
409,409,*NOUSE*,*NOUSE*,0,0,0,0,0,0,0,0
410,410,*NOUSE*,*NOUSE*,0,0,0,0,0,0,0,0
411,411,*NOUSE*,*NOUSE*,0,0,0,0,0,0,0,0
412,412,,,75,295,74,179.00,60.19,40.10,4793,288504.00
413,413,,,73,561,86,203.00,58.68,41.17,5504,322976.00
414,414,*NOUSE*,*NOUSE*,0,0,0,0,0,0,0,0
415,415,,,74,1346,86,155.00,52.36,26.61,3412,178665.00
416,416,*NOUSE*,*NOUSE*,0,0,0,0,0,0,0,0
417,417,*NOUSE*,*NOUSE*,0,0,0,0,0,0,0,0
418,418,*NOUSE*,*NOUSE*,0,0,0,0,0,0,0,0
419,419,*NOUSE*,*NOUSE*,0,0,0,0,0,0,0,0
420,420,*NOUSE*,*NOUSE*,0,0,0,0,0,0,0,0
421,421,,,75,267,65,243.00,82.33,58.69,3904,321410.00
422,422,*NOUSE*,*NOUSE*,0,0,0,0,0,0,0,0
423,423,*NOUSE*,*NOUSE*,0,0,0,0,0,0,0,0
424,424,*NOUSE*,*NOUSE*,0,0,0,0,0,0,0,0
425,425,,,73,1059,83,218.00,99.05,47.00,2645,261987.00
426,426,,,75,1170,78,173.00,75.87,38.45,3385,256826.00
427,427,,,75,1021,86,176.00,50.98,30.05,3443,175512.00
428,428,,,76,1150,86,207.00,93.42,42.34,2870,268118.00
429,429,*NOUSE*,*NOUSE*,0,0,0,0,0,0,0,0
430,430,*NOUSE*,*NOUSE*,0,0,0,0,0,0,0,0
431,431,*NOUSE*,*NOUSE*,0,0,0,0,0,0,0,0
432,432,*NOUSE*,*NOUSE*,0,0,0,0,0,0,0,0
433,433,*NOUSE*,*NOUSE*,0,0,0,0,0,0,0,0
434,434,*NOUSE*,*NOUSE*,0,0,0,0,0,0,0,0
435,435,,,77,929,47,96.00,33.16,14.95,5658,187624.00
436,436,*NOUSE*,*NOUSE*,0,0,0,0,0,0,0,0
437,437,*NOUSE*,*NOUSE*,0,0,0,0,0,0,0,0
438,438,,,75,1430,78,110.00,36.48,20.49,4495,163959.00
439,439,,,76,317,74,211.00,67.45,48.02,4557,307349.00
440,440,*NOUSE*,*NOUSE*,0,0,0,0,0,0,0,0
441,441,*NOUSE*,*NOUSE*,0,0,0,0,0,0,0,0
442,442,*NOUSE*,*NOUSE*,0,0,0,0,0,0,0,0
443,443,*NOUSE*,*NOUSE*,0,0,0,0,0,0,0,0
444,444,,,76,1063,96,185.00,83.40,38.28,2784,232185.00
445,445,,,74,1148,101,196.00,81.85,40.36,2686,219859.00
446,446,,,76,1304,100,142.00,52.15,26.61,3373,175886.00
447,447,,,78,847,39,170.00,46.24,32.67,3958,183031.00
448,448,,,75,1320,43,136.00,46.73,21.26,4612,215505.00
449,449,*NOUSE*,*NOUSE*,0,0,0,0,0,0,0,0
450,450,*NOUSE*,*NOUSE*,0,0,0,0,0,0,0,0
451,451,*NOUSE*,*NOUSE*,0,0,0,0,0,0,0,0
452,452,*NOUSE*,*NOUSE*,0,0,0,0,0,0,0,0
453,453,*NOUSE*,*NOUSE*,0,0,0,0,0,0,0,0
454,454,,,77,1135,76,178.00,76.28,38.32,3241,247239.00
455,455,,,73,407,87,229.00,67.63,47.60,4965,335764.00
456,456,,,76,951,93,146.00,44.89,30.72,5606,251649.00
457,457,*NOUSE*,*NOUSE*,0,0,0,0,0,0,0,0
458,458,,,78,747,33,153.00,46.71,30.95,4012,187386.00
459,459,*NOUSE*,*NOUSE*,0,0,0,0,0,0,0,0
460,460,*NOUSE*,*NOUSE*,0,0,0,0,0,0,0,0
461,461,,,75,478,46,187.00,56.00,39.14,4850,271620.00
462,462,,,77,1042,54,174.00,63.67,37.76,3479,221503.00
463,463,,,74,254,64,227.00,88.50,57.68,3222,285160.00
464,464,*NOUSE*,*NOUSE*,0,0,0,0,0,0,0,0
465,465,*NOUSE*,*NOUSE*,0,0,0,0,0,0,0,0
466,466,*NOUSE*,*NOUSE*,0,0,0,0,0,0,0,0
467,467,,,77,1095,79,162.00,75.32,30.89,3093,232962.00
468,468,*NOUSE*,*NOUSE*,0,0,0,0,0,0,0,0
469,469,,,78,363,81,208.00,58.04,40.82,6105,354363.00
470,470,,,78,1205,92,171.00,67.96,39.30,2788,189477.00
471,471,*NOUSE*,*NOUSE*,0,0,0,0,0,0,0,0
472,472,*NOUSE*,*NOUSE*,0,0,0,0,0,0,0,0
473,473,,,78,1156,71,206.00,74.38,39.65,3144,233850.00
474,474,*NOUSE*,*NOUSE*,0,0,0,0,0,0,0,0
475,475,*NOUSE*,*NOUSE*,0,0,0,0,0,0,0,0
476,476,,,79,456,84,157.00,43.25,29.54,6204,268313.00
477,477,*NOUSE*,*NOUSE*,0,0,0,0,0,0,0,0
478,478,,,79,953,33,144.00,44.74,28.97,4454,199259.00
479,479,,,80,988,58,183.00,52.43,37.93,4543,238176.00
480,480,,,82,1211,74,175.00,59.56,33.58,4717,280958.00
481,481,,,81,666,41,179.00,50.17,36.09,3819,191604.00
482,482,*NOUSE*,*NOUSE*,0,0,0,0,0,0,0,0
483,483,*NOUSE*,*NOUSE*,0,0,0,0,0,0,0,0
484,484,,,82,1212,60,153.00,56.73,31.55,4239,240483.00
485,485,*NOUSE*,*NOUSE*,0,0,0,0,0,0,0,0
486,486,*NOUSE*,*NOUSE*,0,0,0,0,0,0,0,0
487,487,,,81,1023,65,159.00,54.27,29.49,3044,165201.00
488,488,,,81,889,68,183.00,52.75,39.13,4109,216766.00
489,489,,,82,541,75,163.00,46.64,31.24,4932,230006.00
490,490,,,80,1231,92,181.00,78.12,41.43,2672,208737.00
491,491,,,80,1349,95,121.00,44.00,19.31,2909,128007.00
492,492,,,81,1183,99,128.00,46.72,23.45,3671,171527.00
493,493,*NOUSE*,*NOUSE*,0,0,0,0,0,0,0,0
494,494,*NOUSE*,*NOUSE*,0,0,0,0,0,0,0,0
495,495,,,81,784,44,142.00,45.84,31.63,3975,182199.00
496,496,*NOUSE*,*NOUSE*,0,0,0,0,0,0,0,0
497,497,*NOUSE*,*NOUSE*,0,0,0,0,0,0,0,0
498,498,*NOUSE*,*NOUSE*,0,0,0,0,0,0,0,0
499,499,*NOUSE*,*NOUSE*,0,0,0,0,0,0,0,0
500,500,,,82,1241,66,178.00,64.58,32.70,3225,208265.00
501,501,*NOUSE*,*NOUSE*,0,0,0,0,0,0,0,0
502,502,*NOUSE*,*NOUSE*,0,0,0,0,0,0,0,0
503,503,*NOUSE*,*NOUSE*,0,0,0,0,0,0,0,0
504,504,*NOUSE*,*NOUSE*,0,0,0,0,0,0,0,0
505,505,,,82,1108,51,178.00,75.50,39.10,3438,259557.00
506,506,,,82,802,56,153.00,49.50,35.38,3657,181033.00
507,507,,,82,1374,57,119.00,45.64,22.54,4096,186922.00
508,508,,,83,1307,61,170.00,59.05,33.07,3727,220088.00
509,509,*NOUSE*,*NOUSE*,0,0,0,0,0,0,0,0
510,510,,,82,1228,59,176.00,68.69,36.58,3360,230785.00
511,511,,,84,686,62,158.00,49.24,36.29,4129,203317.00
512,512,*NOUSE*,*NOUSE*,0,0,0,0,0,0,0,0
513,513,*NOUSE*,*NOUSE*,0,0,0,0,0,0,0,0
514,514,*NOUSE*,*NOUSE*,0,0,0,0,0,0,0,0
515,515,,,82,1262,96,138.00,52.47,24.57,1656,86883.00
516,516,,,85,557,57,93.00,35.69,18.35,5846,208659.00
517,517,*NOUSE*,*NOUSE*,0,0,0,0,0,0,0,0
518,518,*NOUSE*,*NOUSE*,0,0,0,0,0,0,0,0
519,519,,,85,597,72,124.00,40.42,23.87,5395,218084.00
520,520,,,84,407,76,145.00,44.87,27.00,5654,253714.00
521,521,,,82,567,80,148.00,49.70,31.64,3643,181059.00
522,522,,,84,930,81,103.00,36.16,16.95,5747,207801.00
523,523,*NOUSE*,*NOUSE*,0,0,0,0,0,0,0,0
524,524,,,84,820,82,116.00,35.94,20.80,6027,216636.00
525,525,,,83,771,83,126.00,40.24,23.34,5418,217994.00
526,526,,,83,1161,86,199.00,78.69,43.47,3071,241653.00
527,527,,,84,864,87,130.00,44.32,26.93,5516,244444.00
528,528,*NOUSE*,*NOUSE*,0,0,0,0,0,0,0,0
529,529,*NOUSE*,*NOUSE*,0,0,0,0,0,0,0,0
530,530,,,84,1268,49,130.00,52.38,22.72,3769,197422.00
531,531,*NOUSE*,*NOUSE*,0,0,0,0,0,0,0,0
532,532,*NOUSE*,*NOUSE*,0,0,0,0,0,0,0,0
533,533,,,87,1353,70,151.00,45.75,27.16,4719,215897.00
534,534,*NOUSE*,*NOUSE*,0,0,0,0,0,0,0,0
535,535,,,83,1240,83,158.00,69.77,35.89,2236,156001.00
536,536,,,83,1336,80,162.00,56.39,31.55,4244,239319.00
537,537,,,84,1108,88,154.00,61.88,27.44,3628,224509.00
538,538,,,85,1084,86,179.00,73.96,37.22,3572,264174.00
539,539,,,85,675,79,123.00,42.85,24.62,5113,219074.00
540,540,,,85,1069,83,182.00,71.92,38.12,3641,261846.00
541,541,*NOUSE*,*NOUSE*,0,0,0,0,0,0,0,0
542,542,,,84,1186,70,133.00,50.52,23.88,3981,201112.00
543,543,*NOUSE*,*NOUSE*,0,0,0,0,0,0,0,0
544,544,*NOUSE*,*NOUSE*,0,0,0,0,0,0,0,0
545,545,*NOUSE*,*NOUSE*,0,0,0,0,0,0,0,0
546,546,,,85,1320,80,198.00,64.54,37.79,3479,224537.00
547,547,,,87,989,78,169.00,49.19,35.63,5061,248939.00
548,548,*NOUSE*,*NOUSE*,0,0,0,0,0,0,0,0
549,549,,,86,1052,88,190.00,65.34,38.41,3732,243834.00
550,550,*NOUSE*,*NOUSE*,0,0,0,0,0,0,0,0
551,551,,,85,1090,51,209.00,75.42,42.26,3551,267800.00
552,552,*NOUSE*,*NOUSE*,0,0,0,0,0,0,0,0
553,553,,,87,1167,71,167.00,58.93,35.30,3840,226300.00
554,554,,,87,903,72,106.00,39.16,21.85,5043,197509.00
555,555,,,86,1056,74,189.00,67.11,37.84,3717,249466.00
556,556,,,86,1031,86,142.00,49.26,27.82,4724,232719.00
557,557,*NOUSE*,*NOUSE*,0,0,0,0,0,0,0,0
558,558,*NOUSE*,*NOUSE*,0,0,0,0,0,0,0,0
559,559,,,86,658,57,94.00,34.81,17.48,4620,160827.00
560,560,,,87,1149,64,157.00,57.65,33.45,4519,260502.00
561,561,*NOUSE*,*NOUSE*,0,0,0,0,0,0,0,0
562,562,,,87,1131,71,143.00,58.51,29.58,3638,212859.00
563,563,,,90,1312,72,123.00,45.63,23.96,4402,200877.00
564,564,*NOUSE*,*NOUSE*,0,0,0,0,0,0,0,0
565,565,*NOUSE*,*NOUSE*,0,0,0,0,0,0,0,0
566,566,*NOUSE*,*NOUSE*,0,0,0,0,0,0,0,0
567,567,*NOUSE*,*NOUSE*,0,0,0,0,0,0,0,0
568,568,,,88,1283,78,185.00,62.64,40.03,3868,242296.00
569,569,,,89,1262,77,161.00,53.64,32.93,3907,209564.00
570,570,,,87,1199,82,130.00,46.97,20.63,2653,124612.00
571,571,*NOUSE*,*NOUSE*,0,0,0,0,0,0,0,0
572,572,*NOUSE*,*NOUSE*,0,0,0,0,0,0,0,0
573,573,*NOUSE*,*NOUSE*,0,0,0,0,0,0,0,0
574,574,*NOUSE*,*NOUSE*,0,0,0,0,0,0,0,0
575,575,*NOUSE*,*NOUSE*,0,0,0,0,0,0,0,0
576,576,,,90,1013,55,101.00,37.16,17.59,5211,193622.00
577,577,*NOUSE*,*NOUSE*,0,0,0,0,0,0,0,0
578,578,*NOUSE*,*NOUSE*,0,0,0,0,0,0,0,0
579,579,,,88,1147,81,160.00,57.95,32.84,3870,224281.00
580,580,*NOUSE*,*NOUSE*,0,0,0,0,0,0,0,0
581,581,*NOUSE*,*NOUSE*,0,0,0,0,0,0,0,0
582,582,*NOUSE*,*NOUSE*,0,0,0,0,0,0,0,0
583,583,*NOUSE*,*NOUSE*,0,0,0,0,0,0,0,0
584,584,*NOUSE*,*NOUSE*,0,0,0,0,0,0,0,0
585,585,*NOUSE*,*NOUSE*,0,0,0,0,0,0,0,0
586,586,*NOUSE*,*NOUSE*,0,0,0,0,0,0,0,0
587,587,*NOUSE*,*NOUSE*,0,0,0,0,0,0,0,0
588,588,*NOUSE*,*NOUSE*,0,0,0,0,0,0,0,0
589,589,*NOUSE*,*NOUSE*,0,0,0,0,0,0,0,0
590,590,,*MANUAL*$577$578,89,950,66,100.00,33.78,15.88,5453,184214.00
591,591,,*MANUAL*$571$572,88,908,53,103.00,34.14,16.10,4207,143614.00
592,592,,*MANUAL*$561$566,87,834,64,91.00,30.33,14.37,5360,162568.00
593,593,,*MANUAL*$534$545,84,720,72,121.00,38.30,21.27,5050,193393.00
594,594,,*MANUAL*$512$501,82,492,75,139.00,45.56,27.45,5195,236697.00
595,595,,*MANUAL*,77,334,81,211.00,105.66,30.78,831,87804.00
596,596,,*MANUAL*$558$565,86,747,54,84.00,32.38,14.78,5070,164181.00
597,597,,*MANUAL*$532$517,83,457,63,161.00,37.07,20.78,5668,210136.00
598,598,,*MANUAL*,81,294,63,107.00,48.55,18.37,895,43449.00
599,599,*NOUSE*,*NOUSE*,0,0,0,0,0,0,0,0
600,600,,*MANUAL*,35,1039,62,151.00,65.82,25.33,895,58905.00
601,601,,*MANUAL*$45$54$66$80,41,957,57,112.00,37.12,19.00,5401,200464.00
602,602,,*MANUAL*$43$52,43,971,46,146.00,40.23,23.10,5079,204349.00
603,603,,*MANUAL*$104$113,47,482,65,180.00,50.15,33.46,5467,274150.00
604,604,,*MANUAL*,47,338,65,179.00,110.38,32.69,563,62143.00
605,605,,*MANUAL*$165$166,52,313,46,168.00,52.92,28.54,4022,212840.00
606,606,,*MANUAL*$144$154,51,457,51,131.00,43.79,25.29,5333,233516.00
607,607,,*MANUAL*$88$100,45,686,39,128.00,40.59,23.58,5249,213031.00
608,608,,*MANUAL*$101$61,44,806,48,115.00,39.74,21.81,4928,195856.00
609,609,,*MANUAL*$75$89,45,879,43,127.00,38.19,20.61,4981,190249.00
610,610,,*MANUAL*$7$20$25,38,827,64,159.00,46.41,29.96,5145,238780.00
611,611,,*MANUAL*$48$36,40,781,70,173.00,49.78,34.49,4561,227034.00
612,612,,*MANUAL*$32$31,40,731,58,180.00,47.43,32.84,5291,250930.00
613,613,,*MANUAL*,53,603,80,217.00,120.38,28.77,895,107744.00
614,614,*NOUSE*,*NOUSE*,0,0,0,0,0,0,0,0
615,615,,*MANUAL*$357$614,72,658,78,186.00,52.60,33.43,10173,535113.00
616,616,,*MANUAL*$584$583,90,1032,71,106.00,39.70,17.76,4923,195430.00
617,617,*NOUSE*,*NOUSE*,0,0,0,0,0,0,0,0
618,618,,*MANUAL*,72,884,46,75.00,32.53,10.57,2100,68320.00
619,619,,*MANUAL*$188$172,54,881,81,84.00,33.04,14.76,6979,230559.00
620,620,,*MANUAL*$543$552,85,1407,66,90.00,34.40,16.04,4989,171601.00
621,621,,*MANUAL*,85,1370,81,127.00,63.67,20.96,873,55587.00
622,622,,*MANUAL*,73,1208,105,198.00,106.48,31.78,821,87421.00
623,623,,*MANUAL*,76,1030,102,136.00,73.24,24.11,895,65551.00
624,624,,*MANUAL*,72,977,99,166.00,92.33,28.08,895,82639.00
625,625,,*MANUAL*,73,875,92,194.00,119.99,30.93,895,107390.00
626,626,,*MANUAL*,70,907,95,161.00,99.91,24.95,731,73035.00
627,627,,*MANUAL*$431$374,73,852,95,192.00,50.07,34.38,5013,251022.00
628,628,,*MANUAL*$362$372,71,811,97,167.00,49.74,34.71,6527,324663.00
629,629,,*MANUAL*$381$383,72,499,85,201.00,51.48,37.48,5497,283011.00
630,630,,*MANUAL*,80,617,86,204.00,117.31,33.44,861,101000.00
631,631,,*MANUAL*,76,626,87,229.00,119.75,31.72,895,107178.00
632,632,*NOUSE*,*NOUSE*,0,0,0,0,0,0,0,0
633,633,,*MANUAL*$497$504,82,1201,50,128.00,49.06,23.96,4919,241350.00
634,634,,*MANUAL*,75,1223,40,157.00,81.75,22.39,889,72675.00
635,635,,*MANUAL*$226$316,61,1074,38,178.00,76.90,36.15,5272,405396.00
636,636,,*MANUAL*$482$496,80,1064,42,160.00,60.68,27.47,3781,229435.00
637,637,,*MANUAL*$433$471,77,1032,33,168.00,49.15,31.43,4166,204772.00
638,638,,*MANUAL*$564$557,86,984,43,159.00,44.37,26.89,4737,210181.00
639,639,,*MANUAL*,81,877,39,161.00,82.16,23.47,895,73532.00
640,640,,*MANUAL*$436$460,76,608,41,180.00,53.95,37.47,4149,223828.00
641,641,,*MANUAL*$494$419,74,545,44,188.00,54.66,40.41,4413,241201.00
642,642,,*MANUAL*$450$472,77,391,49,202.00,60.16,42.58,4278,257361.00
643,643,,*MANUAL*$131$132,50,1336,50,135.00,50.71,25.63,3956,200612.00
644,644,,*MANUAL*,42,1224,52,170.00,87.00,33.56,891,77513.00
645,645,,*MANUAL*,55,1024,30,206.00,95.36,38.10,895,85349.00
646,646,,*MANUAL*$253$213,60,935,27,175.00,50.74,35.01,4907,248957.00
647,647,,*MANUAL*$258$257,61,479,45,199.00,62.65,43.21,5259,329466.00
648,648,,*MANUAL*$305$319,64,386,46,212.00,68.00,48.70,3618,246012.00
649,649,,*MANUAL*,46,1380,86,154.00,81.82,22.94,755,61777.00
650,650,,*MANUAL*,48,1347,99,116.00,60.92,20.43,895,54523.00
651,651,,*MANUAL*,48,1213,104,204.00,93.77,38.64,865,81112.00
652,652,,*MANUAL*$50$72,41,1031,91,181.00,53.08,32.14,4776,253508.00
653,653,,*MANUAL*,80,987,92,156.00,100.12,24.92,895,89610.00
654,654,,*MANUAL*$175$176,53,660,82,199.00,62.40,42.83,4857,303085.00
655,655,,*MANUAL*,49,591,83,216.00,112.63,34.60,895,100808.00
656,656,,*MANUAL*$173$174,53,508,81,190.00,56.48,40.84,5593,315878.00
657,657,,*MANUAL*,67,200,63,224.00,145.02,31.79,895,129794.00
658,658,,*MANUAL*,57,207,64,198.00,75.28,31.81,895,67379.00
659,659,,*MANUAL*,68,234,70,245.00,170.34,31.76,887,151089.00
660,660,,*MANUAL*,73,240,62,244.00,168.16,41.09,895,150505.00
661,661,,*MANUAL*$185$170,54,253,74,226.00,80.55,53.62,3530,284331.00
662,662,,*MANUAL*,71,302,61,223.00,150.23,27.27,895,134457.00
663,663,,*MANUAL*,71,289,53,223.00,127.64,35.79,895,114242.00
664,664,,*MANUAL*,58,292,53,227.00,136.48,35.32,895,122148.00
665,665,,*MANUAL*$265$281,59,270,78,173.00,63.95,36.27,4151,265444.00
666,666,,*MANUAL*,59,228,69,233.00,152.33,39.43,847,129023.00
667,667,,*MANUAL*,57,255,52,251.00,173.62,42.66,785,136292.00
668,668,,*MANUAL*,65,259,54,241.00,161.22,31.06,895,144289.00
669,669,,*MANUAL*,53,338,62,251.00,168.90,40.32,895,151165.00
670,670,,*MANUAL*,58,301,84,198.00,118.37,38.99,895,105941.00
671,671,,*MANUAL*,68,332,81,250.00,172.30,38.14,818,140939.00
672,672,,*MANUAL*,68,315,85,227.00,146.82,29.11,895,131401.00
673,673,,*MANUAL*,77,1053,63,166.00,108.29,21.33,895,96919.00
674,674,,*MANUAL*,70,1070,58,201.00,122.89,23.73,895,109986.00
675,675,,*MANUAL*,59,1070,56,210.00,138.76,26.53,895,124193.00
676,676,,*MANUAL*,72,1072,72,167.00,107.69,19.39,631,67951.00
677,677,,*MANUAL*,66,1065,88,237.00,145.27,30.48,873,126818.00
678,678,,*MANUAL*,56,1064,86,233.00,147.14,36.13,895,131689.00
679,679,,*MANUAL*,70,1092,67,153.00,100.83,19.70,769,77535.00
680,680,,*MANUAL*,57,1089,64,165.00,110.25,23.13,861,94927.00
681,681,,*MANUAL*,61,1091,82,163.00,100.66,22.86,895,90090.00
682,682,,*MANUAL*,75,1257,86,178.00,119.07,23.41,895,106565.00
683,683,,*MANUAL*,66,1269,52,222.00,152.94,25.92,860,131530.00
684,684,,*MANUAL*,58,1275,52,212.00,124.16,29.94,895,111125.00
685,685,,*MANUAL*,77,1273,55,176.00,102.07,21.51,867,88499.00
686,686,,*MANUAL*$474$475,79,1273,73,146.00,67.01,28.84,2692,180394.00
687,687,,*MANUAL*,50,1271,65,187.00,116.98,28.03,861,100716.00
688,688,,*MANUAL*$337$373,68,1275,94,153.00,62.39,29.20,3821,238387.00
689,689,,*MANUAL*,54,1282,77,239.00,145.19,34.70,688,99891.00
690,690,,*MANUAL*,49,1287,81,240.00,168.93,32.43,887,149844.00
691,691,,*MANUAL*,74,1285,79,180.00,110.40,29.14,895,98809.00
692,692,,*MANUAL*,78,1275,87,183.00,111.73,24.44,895,99996.00
693,693,,*MANUAL*,61,1287,89,134.00,70.33,20.74,889,62519.00
694,694,,*MANUAL*,56,1297,89,204.00,131.02,31.19,895,117259.00
695,695,,*MANUAL*,54,1296,76,215.00,135.80,33.89,895,121542.00
696,696,,*MANUAL*,54,1292,60,164.00,85.45,20.77,895,76480.00
697,697,,*MANUAL*,75,1297,66,128.00,67.22,23.02,895,60165.00
698,698,,*MANUAL*,65,1293,54,217.00,141.14,33.69,813,114749.00
699,699,,*MANUAL*,67,1286,49,215.00,136.52,34.34,895,122182.00
700,700,,*MANUAL*,73,1319,83,174.00,102.25,25.04,880,89983.00
701,701,,*MANUAL*$411$423$424,73,1335,77,130.00,48.11,23.54,2962,142489.00
702,702,,*MANUAL*,72,1371,88,122.00,68.73,19.77,719,49418.00
703,703,,*MANUAL*,76,1372,82,166.00,98.65,28.21,895,88293.00
704,704,,*MANUAL*,76,1395,81,166.00,89.45,30.87,895,80060.00
705,705,,*MANUAL*,76,1408,80,159.00,92.29,28.98,895,82599.00
706,706,,*MANUAL*,54,1410,81,160.00,89.63,26.47,895,80220.00
707,707,,*MANUAL*,54,1394,85,175.00,99.82,28.15,895,89342.00
708,708,,*MANUAL*,52,1374,86,194.00,123.35,28.45,767,94606.00
709,709,,*MANUAL*,52,1348,86,167.00,99.54,23.08,781,77737.00
710,710,,*MANUAL*$187$169,54,1332,77,154.00,51.81,28.09,4245,219929.00
711,711,,*MANUAL*,53,1317,82,195.00,121.01,30.49,751,90879.00
712,712,,*MANUAL*,56,1369,89,167.00,75.66,31.65,895,67712.00
713,713,,*MANUAL*,59,1365,59,148.00,84.17,21.77,803,67590.00
714,714,,*MANUAL*,67,1349,60,126.00,57.09,20.36,895,51099.00
715,715,,*MANUAL*,65,1360,54,158.00,91.68,23.92,843,77289.00
716,716,,*MANUAL*,65,1385,55,151.00,95.70,23.22,895,85653.00
717,717,,*MANUAL*,65,1405,54,151.00,88.87,23.94,895,79538.00
718,718,,*MANUAL*,56,1102,93,128.00,52.58,15.65,881,46319.00
719,719,,*MANUAL*,51,1115,86,174.00,112.70,23.95,895,100863.00
720,720,,*MANUAL*,66,1090,93,229.00,160.65,35.42,785,126113.00
721,721,,*MANUAL*,76,1095,94,196.00,128.32,29.98,895,114844.00
722,722,,*MANUAL*,75,1078,92,168.00,119.65,19.38,895,107087.00
723,723,,*MANUAL*,59,1093,98,253.00,164.57,35.95,895,147290.00
724,724,,*MANUAL*,51,1080,89,249.00,175.17,34.92,847,148368.00
725,725,,*MANUAL*,52,1066,99,215.00,137.29,32.51,895,122879.00
726,726,,*MANUAL*,59,1078,100,223.00,153.41,32.12,895,137306.00
727,727,,*MANUAL*,56,1138,107,198.00,103.97,44.00,895,93054.00
728,728,,*MANUAL*,49,1021,100,223.00,133.61,35.75,895,119577.00
729,729,,*MANUAL*,55,1017,109,208.00,93.16,35.13,895,83375.00
730,730,,*MANUAL*,49,1049,102,209.00,131.86,34.96,895,118018.00
731,731,,*MANUAL*,60,1054,106,210.00,120.99,29.45,895,108285.00
732,732,,*MANUAL*,66,1069,104,230.00,140.40,28.90,895,125655.00
733,733,,*MANUAL*,44,1082,84,242.00,151.63,49.64,769,116602.00
734,734,,*MANUAL*,81,1176,87,176.00,110.49,26.58,835,92261.00
735,735,,*MANUAL*,86,1061,60,182.00,115.49,22.86,895,103363.00
736,736,,*MANUAL*,86,1083,71,188.00,127.07,28.53,885,112453.00
737,737,,*MANUAL*,84,1109,67,147.00,93.61,16.10,861,80596.00
738,738,,*MANUAL*,85,1129,56,165.00,110.76,23.83,895,99132.00
739,739,,*MANUAL*,82,1167,54,182.00,113.27,22.43,893,101147.00
740,740,,*MANUAL*,77,1079,54,212.00,149.02,25.26,879,130990.00
741,741,,*MANUAL*,76,1176,42,182.00,116.52,23.64,895,104284.00
742,742,,*MANUAL*,69,1163,49,198.00,129.83,23.61,895,116197.00
743,743,,*MANUAL*,69,1114,45,154.00,102.48,16.41,895,91716.00
744,744,,*MANUAL*,76,1174,61,203.00,126.43,29.12,894,113030.00
745,745,,*MANUAL*,70,1182,55,211.00,142.51,30.19,895,127542.00
746,746,,*MANUAL*,76,1154,54,173.00,111.36,22.08,895,99667.00
747,747,,*MANUAL*,76,1137,61,160.00,99.37,26.94,895,88932.00
748,748,,*MANUAL*,76,1121,58,152.00,99.82,21.98,895,89341.00
749,749,,*MANUAL*,77,1092,63,192.00,130.64,22.96,895,116927.00
750,750,,*MANUAL*,77,1113,73,180.00,115.14,25.20,895,103050.00
751,751,,*MANUAL*,78,1076,74,200.00,139.14,23.21,895,124534.00
752,752,,*MANUAL*,36,1048,73,231.00,144.82,36.34,895,129613.00
753,753,,*MANUAL*,40,1059,66,235.00,150.32,36.67,895,134538.00
754,754,,*MANUAL*,38,1071,70,225.00,145.18,32.14,895,129932.00
755,755,,*MANUAL*,38,1084,78,234.00,162.52,30.11,895,145454.00
756,756,,*MANUAL*,38,1136,82,232.00,135.71,43.50,875,118750.00
757,757,,*MANUAL*,40,1084,58,234.00,160.22,30.55,855,136989.00
758,758,,*MANUAL*,43,1131,51,205.00,111.64,34.40,895,99920.00
759,759,,*MANUAL*,41,1156,60,214.00,126.87,33.90,849,107713.00
760,760,,*MANUAL*,46,1170,53,206.00,136.88,26.44,892,122095.00
761,761,,*MANUAL*,39,1109,61,197.00,115.63,28.70,895,103487.00
762,762,,*MANUAL*,39,1134,66,168.00,104.18,25.91,895,93243.00
763,763,,*MANUAL*,47,1110,50,196.00,132.15,24.99,895,118275.00
764,764,,*MANUAL*,51,1075,47,240.00,165.12,32.41,819,135233.00
765,765,,*MANUAL*,45,1081,50,244.00,169.56,33.69,895,151758.00
766,766,,*MANUAL*,50,1181,44,199.00,126.11,35.22,679,85632.00
767,767,,*MANUAL*,56,1166,49,182.00,135.93,19.75,895,121657.00
768,768,,*MANUAL*,61,1180,40,194.00,121.80,22.42,895,109009.00
769,769,,*MANUAL*,49,1178,61,237.00,158.78,29.94,895,142108.00
770,770,,*MANUAL*,57,1185,56,235.00,157.81,39.62,873,137766.00
771,771,,*MANUAL*,50,1159,59,233.00,157.98,28.19,895,141395.00
772,772,,*MANUAL*$135$168,50,1142,59,218.00,89.97,39.74,2883,259378.00
773,773,,*MANUAL*,50,1121,61,186.00,124.00,28.89,895,110980.00
774,774,,*MANUAL*,50,1096,62,229.00,159.89,28.24,895,143106.00
775,775,,*MANUAL*,50,1178,77,232.00,145.95,31.28,895,130627.00
776,776,,*MANUAL*,46,1081,68,253.00,169.66,30.45,895,151843.00
777,777,,*MANUAL*,46,1134,87,250.00,169.36,28.51,895,151581.00
778,778,,*MANUAL*,53,1177,90,229.00,154.00,36.85,861,132594.00
779,779,,*MANUAL*,72,1175,89,214.00,139.79,25.94,895,125116.00
780,780,,*MANUAL*,52,1166,95,245.00,159.34,34.83,663,105640.00
781,781,,*MANUAL*,59,1162,94,237.00,166.25,27.55,895,148798.00
782,782,,*MANUAL*,69,1159,94,216.00,150.45,34.98,803,120815.00
783,783,,*MANUAL*,55,1143,93,230.00,164.11,28.83,857,140640.00
784,784,,*MANUAL*,54,1128,94,221.00,159.82,27.63,773,123537.00
785,785,,*MANUAL*,62,1124,95,210.00,152.10,28.34,895,136127.00
786,786,,*MANUAL*,62,1144,100,215.00,149.94,28.47,895,134193.00
787,787,,*MANUAL*,77,1130,92,200.00,141.79,23.71,676,95847.00
788,788,,*MANUAL*,74,1165,99,211.00,114.24,32.39,895,102248.00
789,789,,*MANUAL*,71,1133,101,186.00,137.69,21.57,895,123236.00
790,790,,*MANUAL*,39,1238,76,214.00,135.24,30.91,894,120905.00
791,791,,*MANUAL*,42,1247,83,203.00,126.54,30.41,895,113250.00
792,792,,*MANUAL*,46,1209,90,215.00,129.27,34.88,895,115697.00
793,793,,*MANUAL*,46,1253,98,211.00,119.39,36.94,895,106852.00
794,794,,*MANUAL*,56,1211,101,231.00,160.05,29.31,778,124516.00
795,795,,*MANUAL*,65,1209,101,219.00,154.73,28.57,895,138483.00
796,796,,*MANUAL*,61,1227,102,199.00,139.83,29.61,713,99701.00
797,797,,*MANUAL*,57,1241,102,218.00,142.59,29.50,831,118492.00
798,798,,*MANUAL*,50,1235,101,237.00,148.94,35.02,895,133297.00
799,799,,*MANUAL*,69,1227,104,240.00,148.23,35.28,895,132667.00
800,800,,*MANUAL*,67,1245,105,197.00,134.93,25.17,773,104299.00
801,801,,*MANUAL*,55,1257,105,192.00,111.84,31.04,895,100093.00
802,802,,*MANUAL*,46,1213,74,217.00,134.88,29.06,895,120718.00
803,803,,*MANUAL*,47,1226,75,217.00,143.85,30.63,813,116949.00
804,804,,*MANUAL*,45,1246,70,223.00,131.06,28.09,895,117295.00
805,805,,*MANUAL*,45,1231,60,221.00,141.19,34.99,895,126366.00
806,806,,*MANUAL*,43,1250,59,218.00,142.19,30.33,895,127258.00
807,807,,*MANUAL*,41,1268,62,226.00,137.75,36.89,895,123282.00
808,808,,*MANUAL*,60,1221,47,229.00,151.67,24.53,659,99952.00
809,809,,*MANUAL*,67,1224,48,213.00,158.02,23.14,895,141424.00
810,810,,*MANUAL*,54,1227,52,224.00,152.13,22.55,895,136157.00
811,811,,*MANUAL*,53,1242,55,211.00,135.01,33.05,895,120834.00
812,812,,*MANUAL*,88,1235,76,187.00,104.51,31.27,895,93533.00
813,813,,*MANUAL*,85,1216,87,162.00,96.66,20.93,895,86508.00
814,814,,*MANUAL*,86,1252,84,207.00,117.19,31.14,895,104886.00
815,815,,*MANUAL*,75,1219,94,183.00,114.88,26.28,895,102821.00
816,816,,*MANUAL*,75,1244,101,188.00,120.04,28.68,895,107439.00
817,817,,*MANUAL*,78,1226,73,176.00,115.27,21.92,895,103170.00
818,818,,*MANUAL*,83,1253,60,185.00,115.81,29.20,889,102951.00
819,819,*NOUSE*,*NOUSE*,0,0,0,0,0,0,0,0
820,820,,*MANUAL*,81,1313,87,158.00,107.77,18.73,895,96450.00
821,821,,*MANUAL*,84,1300,81,181.00,108.12,23.05,831,89846.00
822,822,,*MANUAL*,83,1294,88,184.00,108.65,26.73,895,97246.00
823,823,,*MANUAL*,86,1340,63,148.00,82.27,21.21,895,73633.00
824,824,,*MANUAL*,83,1324,60,153.00,84.06,29.43,895,75238.00
825,825,,*MANUAL*,85,1293,59,175.00,113.76,21.82,895,101818.00
826,826,,*MANUAL*,89,1277,64,168.00,109.57,22.51,895,98069.00
827,827,,*MANUAL*,88,1263,61,174.00,93.50,33.56,895,83679.00
828,828,,*MANUAL*$320$306,63,1474,49,88.00,33.06,15.44,3938,130201.00
829,829,,*MANUAL*,73,1361,49,170.00,110.27,26.21,895,98695.00
830,830,,*MANUAL*$338$330,63,1151,34,119.00,44.02,18.11,4611,202972.00
831,831,,*MANUAL*$285$291,60,1251,41,124.00,53.29,20.79,3301,175897.00
832,832,,*MANUAL*,55,1373,50,175.00,95.87,31.08,895,85808.00
833,833,,*MANUAL*,62,1379,43,145.00,86.39,27.88,895,77322.00
834,834,,*MANUAL*,60,1211,111,134.00,68.55,21.11,895,61351.00
835,835,,*MANUAL*,60,1239,113,193.00,83.32,24.87,895,74573.00
836,836,,*MANUAL*,64,1354,106,158.00,81.65,21.33,817,66704.00
837,837,,*MANUAL*,41,1340,66,193.00,111.49,30.22,799,89078.00
838,838,,*MANUAL*,49,1339,63,216.00,128.76,33.27,895,115237.00
839,839,,*MANUAL*,44,1299,62,238.00,141.87,35.57,895,126975.00
840,840,,*MANUAL*,38,1287,67,210.00,126.25,30.32,895,112997.00
841,841,,*MANUAL*,44,1346,87,186.00,108.83,31.14,895,97403.00
842,842,,*MANUAL*,44,1325,84,198.00,121.50,26.31,895,108739.00
843,843,,*MANUAL*,46,1312,85,211.00,131.16,25.27,895,117388.00
844,844,,*MANUAL*,41,1299,82,225.00,121.08,40.74,821,99404.00
845,845,,*MANUAL*,39,1291,78,219.00,141.73,31.94,895,126847.00
846,846,,*MANUAL*,39,1279,82,230.00,140.41,40.32,895,125670.00
847,847,,*MANUAL*,70,1413,97,156.00,89.32,25.28,860,76812.00
848,848,,*MANUAL*,69,1389,99,182.00,107.60,31.43,883,95011.00
849,849,,*MANUAL*,68,1366,100,193.00,116.55,29.97,847,98721.00
850,850,,*MANUAL*,70,1331,102,170.00,102.12,30.64,895,91395.00
851,851,,*MANUAL*,59,1335,102,174.00,103.76,32.25,895,92867.00
852,852,,*MANUAL*,60,1361,102,190.00,113.98,29.07,895,102012.00
853,853,,*MANUAL*,61,1383,99,166.00,92.28,31.10,895,82591.00
854,854,,*MANUAL*,62,1407,97,152.00,91.85,21.79,895,82206.00
855,855,,*MANUAL*,87,1126,89,200.00,126.02,33.56,873,110018.00
856,856,,*MANUAL*,86,1075,58,201.00,122.71,25.86,895,109825.00
857,857,,*MANUAL*,40,1224,80,198.00,114.82,27.63,895,102766.00
858,858,,*MANUAL*,75,903,89,188.00,116.76,29.09,895,104497.00
859,859,,*MANUAL*,80,1346,50,135.00,64.69,22.59,895,57901.00
860,860,,*MANUAL*$149$139,51,942,74,142.00,42.29,23.23,6003,253868.00
861,861,,*MANUAL*$452$465,76,519,61,126.00,38.90,21.55,5751,223701.00
862,862,,*MANUAL*,47,1173,96,214.00,129.51,38.52,895,115910.00
863,863,,*MANUAL*,36,1204,80,158.00,77.05,24.35,895,68963.00
864,864,,*MANUAL*,55,626,79,243.00,82.35,41.01,4139,340843.00
865,865,,*MANUAL*$399$386,71,1101,105,168.00,64.87,30.52,3233,209734.00
866,866,f1,*MANUAL*,70,335,90,125.00, 9.21,17.25,773,7117.00
867,867,f2,*MANUAL*,81,1127,97,192.00,73.59,47.94,895,65865.00
868,868,f3,*MANUAL*,49,1005,95,125.00,22.68,19.71,853,19348.00
869,869,f4,*MANUAL*,48,1032,70,60.00,11.22, 8.23,895,10041.00
870,870,f5,*MANUAL*,49,1184,50,205.00,80.54,52.09,895,72079.00
871,871,f6,*MANUAL*,36,1183,60,49.00, 8.31, 6.53,895,7434.00
872,872,f7,*MANUAL*,97,691,66,16.00, 2.95, 3.13,895,2641.00
873,873,f8,*MANUAL*,68,328,87,230.00,59.75,58.72,895,53476.00
874,874,f9,*MANUAL*,56,234,73,187.00,38.89,47.66,895,34810.00
875,875,f10,*MANUAL*,52,1004,104,146.00,36.73,30.72,895,32876.00
