0,0,*NOUSE*,*NOUSE*,0,0,0,0,0,0,0,0
1,1,*NOUSE*,*NOUSE*,0,0,0,0,0,0,0,0
2,2,*NOUSE*,*NOUSE*,0,0,0,0,0,0,0,0
3,3,*NOUSE*,*NOUSE*,0,0,0,0,0,0,0,0
4,4,,,46,1250,63,143.00,58.34,33.28,3742,218307.00
5,5,*NOUSE*,*NOUSE*,0,0,0,0,0,0,0,0
6,6,,,45,1178,77,171.00,53.33,34.19,4166,222171.00
7,7,*NOUSE*,*NOUSE*,0,0,0,0,0,0,0,0
8,8,,,46,1232,60,164.00,55.34,33.28,3927,217335.00
9,9,*NOUSE*,*NOUSE*,0,0,0,0,0,0,0,0
10,10,*NOUSE*,*NOUSE*,0,0,0,0,0,0,0,0
11,11,*NOUSE*,*NOUSE*,0,0,0,0,0,0,0,0
12,12,*NOUSE*,*NOUSE*,0,0,0,0,0,0,0,0
13,13,*NOUSE*,*NOUSE*,0,0,0,0,0,0,0,0
14,14,*NOUSE*,*NOUSE*,0,0,0,0,0,0,0,0
15,15,,,46,1162,76,171.00,54.68,37.43,3941,215490.00
16,16,,,47,1273,59,173.00,61.09,35.92,3828,233839.00
17,17,,,48,1310,60,156.00,52.04,33.20,3527,183538.00
18,18,*NOUSE*,*NOUSE*,0,0,0,0,0,0,0,0
19,19,*NOUSE*,*NOUSE*,0,0,0,0,0,0,0,0
20,20,*NOUSE*,*NOUSE*,0,0,0,0,0,0,0,0
21,21,*NOUSE*,*NOUSE*,0,0,0,0,0,0,0,0
22,22,,,47,1226,74,140.00,55.31,28.36,4178,231103.00
23,23,*NOUSE*,*NOUSE*,0,0,0,0,0,0,0,0
24,24,*NOUSE*,*NOUSE*,0,0,0,0,0,0,0,0
25,25,*NOUSE*,*NOUSE*,0,0,0,0,0,0,0,0
26,26,,,47,1143,79,162.00,52.88,35.51,4300,227387.00
27,27,*NOUSE*,*NOUSE*,0,0,0,0,0,0,0,0
28,28,*NOUSE*,*NOUSE*,0,0,0,0,0,0,0,0
29,29,*NOUSE*,*NOUSE*,0,0,0,0,0,0,0,0
30,30,*NOUSE*,*NOUSE*,0,0,0,0,0,0,0,0
31,31,*NOUSE*,*NOUSE*,0,0,0,0,0,0,0,0
32,32,*NOUSE*,*NOUSE*,0,0,0,0,0,0,0,0
33,33,,,49,1277,75,193.00,77.65,47.06,3209,249183.00
34,34,*NOUSE*,*NOUSE*,0,0,0,0,0,0,0,0
35,35,*NOUSE*,*NOUSE*,0,0,0,0,0,0,0,0
36,36,*NOUSE*,*NOUSE*,0,0,0,0,0,0,0,0
37,37,*NOUSE*,*NOUSE*,0,0,0,0,0,0,0,0
38,38,*NOUSE*,*NOUSE*,0,0,0,0,0,0,0,0
39,39,*NOUSE*,*NOUSE*,0,0,0,0,0,0,0,0
40,40,*NOUSE*,*NOUSE*,0,0,0,0,0,0,0,0
41,41,,,49,1020,68,193.00,53.64,42.97,3401,182439.00
42,42,*NOUSE*,*NOUSE*,0,0,0,0,0,0,0,0
43,43,*NOUSE*,*NOUSE*,0,0,0,0,0,0,0,0
44,44,,,49,1114,51,166.00,52.72,36.85,3588,189151.00
45,45,*NOUSE*,*NOUSE*,0,0,0,0,0,0,0,0
46,46,*NOUSE*,*NOUSE*,0,0,0,0,0,0,0,0
47,47,*NOUSE*,*NOUSE*,0,0,0,0,0,0,0,0
48,48,*NOUSE*,*NOUSE*,0,0,0,0,0,0,0,0
49,49,*NOUSE*,*NOUSE*,0,0,0,0,0,0,0,0
50,50,*NOUSE*,*NOUSE*,0,0,0,0,0,0,0,0
51,51,*NOUSE*,*NOUSE*,0,0,0,0,0,0,0,0
52,52,*NOUSE*,*NOUSE*,0,0,0,0,0,0,0,0
53,53,*NOUSE*,*NOUSE*,0,0,0,0,0,0,0,0
54,54,*NOUSE*,*NOUSE*,0,0,0,0,0,0,0,0
55,55,*NOUSE*,*NOUSE*,0,0,0,0,0,0,0,0
56,56,*NOUSE*,*NOUSE*,0,0,0,0,0,0,0,0
57,57,*NOUSE*,*NOUSE*,0,0,0,0,0,0,0,0
58,58,*NOUSE*,*NOUSE*,0,0,0,0,0,0,0,0
59,59,*NOUSE*,*NOUSE*,0,0,0,0,0,0,0,0
60,60,*NOUSE*,*NOUSE*,0,0,0,0,0,0,0,0
61,61,*NOUSE*,*NOUSE*,0,0,0,0,0,0,0,0
62,62,,,49,756,68,74.00,28.02,12.19,5687,159328.00
63,63,*NOUSE*,*NOUSE*,0,0,0,0,0,0,0,0
64,64,*NOUSE*,*NOUSE*,0,0,0,0,0,0,0,0
65,65,*NOUSE*,*NOUSE*,0,0,0,0,0,0,0,0
66,66,*NOUSE*,*NOUSE*,0,0,0,0,0,0,0,0
67,67,*NOUSE*,*NOUSE*,0,0,0,0,0,0,0,0
68,68,,,49,938,79,111.00,35.05,20.04,5135,179995.00
69,69,*NOUSE*,*NOUSE*,0,0,0,0,0,0,0,0
70,70,*NOUSE*,*NOUSE*,0,0,0,0,0,0,0,0
71,71,,,53,673,60,149.00,43.10,29.15,5163,222543.00
72,72,*NOUSE*,*NOUSE*,0,0,0,0,0,0,0,0
73,73,*NOUSE*,*NOUSE*,0,0,0,0,0,0,0,0
74,74,,,52,641,72,163.00,46.39,34.38,4514,209391.00
75,75,*NOUSE*,*NOUSE*,0,0,0,0,0,0,0,0
76,76,,,52,891,89,140.00,41.98,27.77,5148,216112.00
77,77,*NOUSE*,*NOUSE*,0,0,0,0,0,0,0,0
78,78,*NOUSE*,*NOUSE*,0,0,0,0,0,0,0,0
79,79,*NOUSE*,*NOUSE*,0,0,0,0,0,0,0,0
80,80,*NOUSE*,*NOUSE*,0,0,0,0,0,0,0,0
81,81,,,53,457,70,98.00,36.49,19.11,6481,236523.00
82,82,*NOUSE*,*NOUSE*,0,0,0,0,0,0,0,0
83,83,*NOUSE*,*NOUSE*,0,0,0,0,0,0,0,0
84,84,*NOUSE*,*NOUSE*,0,0,0,0,0,0,0,0
85,85,*NOUSE*,*NOUSE*,0,0,0,0,0,0,0,0
86,86,*NOUSE*,*NOUSE*,0,0,0,0,0,0,0,0
87,87,,,54,1152,58,140.00,49.82,30.73,3235,161175.00
88,88,*NOUSE*,*NOUSE*,0,0,0,0,0,0,0,0
89,89,*NOUSE*,*NOUSE*,0,0,0,0,0,0,0,0
90,90,*NOUSE*,*NOUSE*,0,0,0,0,0,0,0,0
91,91,*NOUSE*,*NOUSE*,0,0,0,0,0,0,0,0
92,92,*NOUSE*,*NOUSE*,0,0,0,0,0,0,0,0
93,93,,,54,833,91,156.00,44.10,30.70,5369,236761.00
94,94,,,56,807,41,171.00,52.09,38.68,3689,192146.00
95,95,,,58,447,53,138.00,43.35,27.31,9848,426933.00
96,96,*NOUSE*,*NOUSE*,0,0,0,0,0,0,0,0
97,97,,,54,423,72,115.00,35.64,19.97,4395,156639.00
98,98,*NOUSE*,*NOUSE*,0,0,0,0,0,0,0,0
99,99,*NOUSE*,*NOUSE*,0,0,0,0,0,0,0,0
100,100,*NOUSE*,*NOUSE*,0,0,0,0,0,0,0,0
101,101,*NOUSE*,*NOUSE*,0,0,0,0,0,0,0,0
102,102,*NOUSE*,*NOUSE*,0,0,0,0,0,0,0,0
103,103,*NOUSE*,*NOUSE*,0,0,0,0,0,0,0,0
104,104,*NOUSE*,*NOUSE*,0,0,0,0,0,0,0,0
105,105,*NOUSE*,*NOUSE*,0,0,0,0,0,0,0,0
106,106,*NOUSE*,*NOUSE*,0,0,0,0,0,0,0,0
107,107,*NOUSE*,*NOUSE*,0,0,0,0,0,0,0,0
108,108,*NOUSE*,*NOUSE*,0,0,0,0,0,0,0,0
109,109,*NOUSE*,*NOUSE*,0,0,0,0,0,0,0,0
110,110,*NOUSE*,*NOUSE*,0,0,0,0,0,0,0,0
111,111,*NOUSE*,*NOUSE*,0,0,0,0,0,0,0,0
112,112,*NOUSE*,*NOUSE*,0,0,0,0,0,0,0,0
113,113,*NOUSE*,*NOUSE*,0,0,0,0,0,0,0,0
114,114,*NOUSE*,*NOUSE*,0,0,0,0,0,0,0,0
115,115,*NOUSE*,*NOUSE*,0,0,0,0,0,0,0,0
116,116,*NOUSE*,*NOUSE*,0,0,0,0,0,0,0,0
117,117,*NOUSE*,*NOUSE*,0,0,0,0,0,0,0,0
118,118,*NOUSE*,*NOUSE*,0,0,0,0,0,0,0,0
119,119,*NOUSE*,*NOUSE*,0,0,0,0,0,0,0,0
120,120,*NOUSE*,*NOUSE*,0,0,0,0,0,0,0,0
121,121,,,56,1153,73,151.00,51.96,31.01,3714,192979.00
122,122,*NOUSE*,*NOUSE*,0,0,0,0,0,0,0,0
123,123,*NOUSE*,*NOUSE*,0,0,0,0,0,0,0,0
124,124,,,59,727,85,178.00,50.54,41.04,4587,231808.00
125,125,*NOUSE*,*NOUSE*,0,0,0,0,0,0,0,0
126,126,*NOUSE*,*NOUSE*,0,0,0,0,0,0,0,0
127,127,*NOUSE*,*NOUSE*,0,0,0,0,0,0,0,0
128,128,*NOUSE*,*NOUSE*,0,0,0,0,0,0,0,0
129,129,*NOUSE*,*NOUSE*,0,0,0,0,0,0,0,0
130,130,*NOUSE*,*NOUSE*,0,0,0,0,0,0,0,0
131,131,*NOUSE*,*NOUSE*,0,0,0,0,0,0,0,0
132,132,*NOUSE*,*NOUSE*,0,0,0,0,0,0,0,0
133,133,*NOUSE*,*NOUSE*,0,0,0,0,0,0,0,0
134,134,*NOUSE*,*NOUSE*,0,0,0,0,0,0,0,0
135,135,*NOUSE*,*NOUSE*,0,0,0,0,0,0,0,0
136,136,,,59,1051,51,91.00,30.46,12.90,5797,176554.00
137,137,*NOUSE*,*NOUSE*,0,0,0,0,0,0,0,0
138,138,*NOUSE*,*NOUSE*,0,0,0,0,0,0,0,0
139,139,*NOUSE*,*NOUSE*,0,0,0,0,0,0,0,0
140,140,*NOUSE*,*NOUSE*,0,0,0,0,0,0,0,0
141,141,*NOUSE*,*NOUSE*,0,0,0,0,0,0,0,0
142,142,*NOUSE*,*NOUSE*,0,0,0,0,0,0,0,0
143,143,*NOUSE*,*NOUSE*,0,0,0,0,0,0,0,0
144,144,,,59,907,36,149.00,44.19,28.97,3815,168598.00
145,145,*NOUSE*,*NOUSE*,0,0,0,0,0,0,0,0
146,146,,,60,1189,48,160.00,64.71,30.97,2434,157494.00
147,147,*NOUSE*,*NOUSE*,0,0,0,0,0,0,0,0
148,148,*NOUSE*,*NOUSE*,0,0,0,0,0,0,0,0
149,149,*NOUSE*,*NOUSE*,0,0,0,0,0,0,0,0
150,150,,,57,1246,59,161.00,77.32,35.91,2684,207531.00
151,151,*NOUSE*,*NOUSE*,0,0,0,0,0,0,0,0
152,152,*NOUSE*,*NOUSE*,0,0,0,0,0,0,0,0
153,153,*NOUSE*,*NOUSE*,0,0,0,0,0,0,0,0
154,154,,,59,696,84,143.00,46.01,28.10,5157,237274.00
155,155,*NOUSE*,*NOUSE*,0,0,0,0,0,0,0,0
156,156,*NOUSE*,*NOUSE*,0,0,0,0,0,0,0,0
157,157,*NOUSE*,*NOUSE*,0,0,0,0,0,0,0,0
158,158,*NOUSE*,*NOUSE*,0,0,0,0,0,0,0,0
159,159,*NOUSE*,*NOUSE*,0,0,0,0,0,0,0,0
160,160,*NOUSE*,*NOUSE*,0,0,0,0,0,0,0,0
161,161,*NOUSE*,*NOUSE*,0,0,0,0,0,0,0,0
162,162,*NOUSE*,*NOUSE*,0,0,0,0,0,0,0,0
163,163,*NOUSE*,*NOUSE*,0,0,0,0,0,0,0,0
164,164,*NOUSE*,*NOUSE*,0,0,0,0,0,0,0,0
165,165,*NOUSE*,*NOUSE*,0,0,0,0,0,0,0,0
166,166,*NOUSE*,*NOUSE*,0,0,0,0,0,0,0,0
167,167,*NOUSE*,*NOUSE*,0,0,0,0,0,0,0,0
168,168,*NOUSE*,*NOUSE*,0,0,0,0,0,0,0,0
169,169,,,57,1232,65,188.00,85.25,38.39,2573,219342.00
170,170,*NOUSE*,*NOUSE*,0,0,0,0,0,0,0,0
171,171,*NOUSE*,*NOUSE*,0,0,0,0,0,0,0,0
172,172,*NOUSE*,*NOUSE*,0,0,0,0,0,0,0,0
173,173,*NOUSE*,*NOUSE*,0,0,0,0,0,0,0,0
174,174,*NOUSE*,*NOUSE*,0,0,0,0,0,0,0,0
175,175,*NOUSE*,*NOUSE*,0,0,0,0,0,0,0,0
176,176,*NOUSE*,*NOUSE*,0,0,0,0,0,0,0,0
177,177,*NOUSE*,*NOUSE*,0,0,0,0,0,0,0,0
178,178,,,58,1263,41,145.00,57.75,28.45,2906,167822.00
179,179,,,58,1239,40,120.00,54.07,22.99,2756,149004.00
180,180,*NOUSE*,*NOUSE*,0,0,0,0,0,0,0,0
181,181,*NOUSE*,*NOUSE*,0,0,0,0,0,0,0,0
182,182,*NOUSE*,*NOUSE*,0,0,0,0,0,0,0,0
183,183,*NOUSE*,*NOUSE*,0,0,0,0,0,0,0,0
184,184,*NOUSE*,*NOUSE*,0,0,0,0,0,0,0,0
185,185,*NOUSE*,*NOUSE*,0,0,0,0,0,0,0,0
186,186,*NOUSE*,*NOUSE*,0,0,0,0,0,0,0,0
187,187,*NOUSE*,*NOUSE*,0,0,0,0,0,0,0,0
188,188,*NOUSE*,*NOUSE*,0,0,0,0,0,0,0,0
189,189,*NOUSE*,*NOUSE*,0,0,0,0,0,0,0,0
190,190,,,61,1051,83,103.00,32.16,15.08,6378,205093.00
191,191,*NOUSE*,*NOUSE*,0,0,0,0,0,0,0,0
192,192,,,62,752,91,195.00,58.31,43.72,4231,246711.00
193,193,*NOUSE*,*NOUSE*,0,0,0,0,0,0,0,0
194,194,*NOUSE*,*NOUSE*,0,0,0,0,0,0,0,0
195,195,*NOUSE*,*NOUSE*,0,0,0,0,0,0,0,0
196,196,*NOUSE*,*NOUSE*,0,0,0,0,0,0,0,0
197,197,*NOUSE*,*NOUSE*,0,0,0,0,0,0,0,0
198,198,*NOUSE*,*NOUSE*,0,0,0,0,0,0,0,0
199,199,*NOUSE*,*NOUSE*,0,0,0,0,0,0,0,0
200,200,*NOUSE*,*NOUSE*,0,0,0,0,0,0,0,0
201,201,*NOUSE*,*NOUSE*,0,0,0,0,0,0,0,0
202,202,,,62,337,74,108.00,37.87,21.89,4565,172883.00
203,203,*NOUSE*,*NOUSE*,0,0,0,0,0,0,0,0
204,204,*NOUSE*,*NOUSE*,0,0,0,0,0,0,0,0
205,205,*NOUSE*,*NOUSE*,0,0,0,0,0,0,0,0
206,206,*NOUSE*,*NOUSE*,0,0,0,0,0,0,0,0
207,207,,,62,375,83,99.00,36.64,19.87,4914,180031.00
208,208,*NOUSE*,*NOUSE*,0,0,0,0,0,0,0,0
209,209,*NOUSE*,*NOUSE*,0,0,0,0,0,0,0,0
210,210,*NOUSE*,*NOUSE*,0,0,0,0,0,0,0,0
211,211,*NOUSE*,*NOUSE*,0,0,0,0,0,0,0,0
212,212,*NOUSE*,*NOUSE*,0,0,0,0,0,0,0,0
213,213,*NOUSE*,*NOUSE*,0,0,0,0,0,0,0,0
214,214,*NOUSE*,*NOUSE*,0,0,0,0,0,0,0,0
215,215,*NOUSE*,*NOUSE*,0,0,0,0,0,0,0,0
216,216,*NOUSE*,*NOUSE*,0,0,0,0,0,0,0,0
217,217,*NOUSE*,*NOUSE*,0,0,0,0,0,0,0,0
218,218,*NOUSE*,*NOUSE*,0,0,0,0,0,0,0,0
219,219,*NOUSE*,*NOUSE*,0,0,0,0,0,0,0,0
220,220,*NOUSE*,*NOUSE*,0,0,0,0,0,0,0,0
221,221,*NOUSE*,*NOUSE*,0,0,0,0,0,0,0,0
222,222,*NOUSE*,*NOUSE*,0,0,0,0,0,0,0,0
223,223,*NOUSE*,*NOUSE*,0,0,0,0,0,0,0,0
224,224,*NOUSE*,*NOUSE*,0,0,0,0,0,0,0,0
225,225,*NOUSE*,*NOUSE*,0,0,0,0,0,0,0,0
226,226,*NOUSE*,*NOUSE*,0,0,0,0,0,0,0,0
227,227,*NOUSE*,*NOUSE*,0,0,0,0,0,0,0,0
228,228,*NOUSE*,*NOUSE*,0,0,0,0,0,0,0,0
229,229,*NOUSE*,*NOUSE*,0,0,0,0,0,0,0,0
230,230,*NOUSE*,*NOUSE*,0,0,0,0,0,0,0,0
231,231,*NOUSE*,*NOUSE*,0,0,0,0,0,0,0,0
232,232,*NOUSE*,*NOUSE*,0,0,0,0,0,0,0,0
233,233,*NOUSE*,*NOUSE*,0,0,0,0,0,0,0,0
234,234,*NOUSE*,*NOUSE*,0,0,0,0,0,0,0,0
235,235,,,63,817,95,183.00,52.59,40.84,4952,260420.00
236,236,,,63,897,97,179.00,57.04,42.55,4365,248958.00
237,237,*NOUSE*,*NOUSE*,0,0,0,0,0,0,0,0
238,238,*NOUSE*,*NOUSE*,0,0,0,0,0,0,0,0
239,239,*NOUSE*,*NOUSE*,0,0,0,0,0,0,0,0
240,240,,,64,1282,40,186.00,66.85,38.69,2913,194725.00
241,241,*NOUSE*,*NOUSE*,0,0,0,0,0,0,0,0
242,242,*NOUSE*,*NOUSE*,0,0,0,0,0,0,0,0
243,243,*NOUSE*,*NOUSE*,0,0,0,0,0,0,0,0
244,244,*NOUSE*,*NOUSE*,0,0,0,0,0,0,0,0
245,245,,,73,1113,69,172.00,60.22,40.10,3559,214308.00
246,246,*NOUSE*,*NOUSE*,0,0,0,0,0,0,0,0
247,247,*NOUSE*,*NOUSE*,0,0,0,0,0,0,0,0
248,248,,,61,1195,70,231.00,99.22,50.47,2157,214022.00
249,249,*NOUSE*,*NOUSE*,0,0,0,0,0,0,0,0
250,250,*NOUSE*,*NOUSE*,0,0,0,0,0,0,0,0
251,251,*NOUSE*,*NOUSE*,0,0,0,0,0,0,0,0
252,252,,,66,683,94,168.00,56.46,38.20,4838,273144.00
253,253,,,66,788,94,202.00,50.70,41.92,5575,282662.00
254,254,*NOUSE*,*NOUSE*,0,0,0,0,0,0,0,0
255,255,*NOUSE*,*NOUSE*,0,0,0,0,0,0,0,0
256,256,*NOUSE*,*NOUSE*,0,0,0,0,0,0,0,0
257,257,*NOUSE*,*NOUSE*,0,0,0,0,0,0,0,0
258,258,*NOUSE*,*NOUSE*,0,0,0,0,0,0,0,0
259,259,,,66,846,49,67.00,24.92,10.24,7142,177993.00
260,260,*NOUSE*,*NOUSE*,0,0,0,0,0,0,0,0
261,261,*NOUSE*,*NOUSE*,0,0,0,0,0,0,0,0
262,262,,,66,396,89,172.00,49.67,35.15,4060,201651.00
263,263,,,66,715,92,182.00,51.92,37.54,4946,256778.00
264,264,*NOUSE*,*NOUSE*,0,0,0,0,0,0,0,0
265,265,*NOUSE*,*NOUSE*,0,0,0,0,0,0,0,0
266,266,*NOUSE*,*NOUSE*,0,0,0,0,0,0,0,0
267,267,*NOUSE*,*NOUSE*,0,0,0,0,0,0,0,0
268,268,*NOUSE*,*NOUSE*,0,0,0,0,0,0,0,0
269,269,*NOUSE*,*NOUSE*,0,0,0,0,0,0,0,0
270,270,*NOUSE*,*NOUSE*,0,0,0,0,0,0,0,0
271,271,*NOUSE*,*NOUSE*,0,0,0,0,0,0,0,0
272,272,*NOUSE*,*NOUSE*,0,0,0,0,0,0,0,0
273,273,*NOUSE*,*NOUSE*,0,0,0,0,0,0,0,0
274,274,,,66,421,89,142.00,44.63,29.23,4094,182696.00
275,275,*NOUSE*,*NOUSE*,0,0,0,0,0,0,0,0
276,276,*NOUSE*,*NOUSE*,0,0,0,0,0,0,0,0
277,277,*NOUSE*,*NOUSE*,0,0,0,0,0,0,0,0
278,278,,,69,358,41,141.00,39.69,24.92,4785,189929.00
279,279,*NOUSE*,*NOUSE*,0,0,0,0,0,0,0,0
280,280,*NOUSE*,*NOUSE*,0,0,0,0,0,0,0,0
281,281,*NOUSE*,*NOUSE*,0,0,0,0,0,0,0,0
282,282,*NOUSE*,*NOUSE*,0,0,0,0,0,0,0,0
283,283,*NOUSE*,*NOUSE*,0,0,0,0,0,0,0,0
284,284,,,67,64,67,98.00,33.31,16.14,4201,139919.00
285,285,*NOUSE*,*NOUSE*,0,0,0,0,0,0,0,0
286,286,*NOUSE*,*NOUSE*,0,0,0,0,0,0,0,0
287,287,,,67,798,77,69.00,23.66, 8.69,5645,133543.00
288,288,,,68,521,90,168.00,46.68,34.27,4800,224049.00
289,289,,,68,453,90,155.00,45.61,33.12,4258,194191.00
290,290,,,68,1039,96,173.00,52.64,39.84,4946,260350.00
291,291,*NOUSE*,*NOUSE*,0,0,0,0,0,0,0,0
292,292,*NOUSE*,*NOUSE*,0,0,0,0,0,0,0,0
293,293,*NOUSE*,*NOUSE*,0,0,0,0,0,0,0,0
294,294,*NOUSE*,*NOUSE*,0,0,0,0,0,0,0,0
295,295,,,67,1205,44,189.00,92.62,36.96,2766,256192.00
296,296,*NOUSE*,*NOUSE*,0,0,0,0,0,0,0,0
297,297,*NOUSE*,*NOUSE*,0,0,0,0,0,0,0,0
298,298,*NOUSE*,*NOUSE*,0,0,0,0,0,0,0,0
299,299,*NOUSE*,*NOUSE*,0,0,0,0,0,0,0,0
300,300,,,65,1361,77,220.00,76.45,48.52,3146,240522.00
301,301,,,70,913,79,77.00,25.49,10.12,5974,152257.00
302,302,*NOUSE*,*NOUSE*,0,0,0,0,0,0,0,0
303,303,*NOUSE*,*NOUSE*,0,0,0,0,0,0,0,0
304,304,,,70,1314,33,170.00,51.61,35.94,3619,186792.00
305,305,*NOUSE*,*NOUSE*,0,0,0,0,0,0,0,0
306,306,*NOUSE*,*NOUSE*,0,0,0,0,0,0,0,0
307,307,*NOUSE*,*NOUSE*,0,0,0,0,0,0,0,0
308,308,*NOUSE*,*NOUSE*,0,0,0,0,0,0,0,0
309,309,*NOUSE*,*NOUSE*,0,0,0,0,0,0,0,0
310,310,*NOUSE*,*NOUSE*,0,0,0,0,0,0,0,0
311,311,*NOUSE*,*NOUSE*,0,0,0,0,0,0,0,0
312,312,,,70,271,93,142.00,50.31,27.57,4477,225257.00
313,313,,,68,1237,92,199.00,91.06,41.96,3331,303318.00
314,314,*NOUSE*,*NOUSE*,0,0,0,0,0,0,0,0
315,315,,,71,1461,40,161.00,53.79,30.53,3523,189500.00
316,316,*NOUSE*,*NOUSE*,0,0,0,0,0,0,0,0
317,317,,,70,938,46,75.00,25.63,10.96,6374,163374.00
318,318,*NOUSE*,*NOUSE*,0,0,0,0,0,0,0,0
319,319,*NOUSE*,*NOUSE*,0,0,0,0,0,0,0,0
320,320,*NOUSE*,*NOUSE*,0,0,0,0,0,0,0,0
321,321,*NOUSE*,*NOUSE*,0,0,0,0,0,0,0,0
322,322,,,70,361,55,70.00,29.35,11.68,2923,85787.00
323,323,*NOUSE*,*NOUSE*,0,0,0,0,0,0,0,0
324,324,*NOUSE*,*NOUSE*,0,0,0,0,0,0,0,0
325,325,*NOUSE*,*NOUSE*,0,0,0,0,0,0,0,0
326,326,,,72,174,74,96.00,32.27,17.41,5118,165177.00
327,327,*NOUSE*,*NOUSE*,0,0,0,0,0,0,0,0
328,328,,,70,1553,89,136.00,42.61,28.17,4051,172619.00
329,329,*NOUSE*,*NOUSE*,0,0,0,0,0,0,0,0
330,330,*NOUSE*,*NOUSE*,0,0,0,0,0,0,0,0
331,331,,,72,1194,41,219.00,89.49,48.03,2688,240540.00
332,332,,,72,1179,42,156.00,60.43,33.24,3463,209283.00
333,333,*NOUSE*,*NOUSE*,0,0,0,0,0,0,0,0
334,334,,,72,576,51,55.00,22.63, 8.01,6772,153265.00
335,335,*NOUSE*,*NOUSE*,0,0,0,0,0,0,0,0
336,336,,,70,1616,82,128.00,38.02,22.35,3753,142703.00
337,337,,,73,1188,85,211.00,79.13,44.70,3719,294289.00
338,338,*NOUSE*,*NOUSE*,0,0,0,0,0,0,0,0
339,339,*NOUSE*,*NOUSE*,0,0,0,0,0,0,0,0
340,340,*NOUSE*,*NOUSE*,0,0,0,0,0,0,0,0
341,341,*NOUSE*,*NOUSE*,0,0,0,0,0,0,0,0
342,342,*NOUSE*,*NOUSE*,0,0,0,0,0,0,0,0
343,343,*NOUSE*,*NOUSE*,0,0,0,0,0,0,0,0
344,344,*NOUSE*,*NOUSE*,0,0,0,0,0,0,0,0
345,345,*NOUSE*,*NOUSE*,0,0,0,0,0,0,0,0
346,346,,,73,1432,36,152.00,56.49,31.49,3653,206366.00
347,347,,,72,1410,35,163.00,55.22,32.19,3422,188946.00
348,348,,,75,996,44,69.00,28.58,11.73,6119,174900.00
349,349,*NOUSE*,*NOUSE*,0,0,0,0,0,0,0,0
350,350,,,71,1388,54,200.00,75.52,41.10,3027,228590.00
351,351,*NOUSE*,*NOUSE*,0,0,0,0,0,0,0,0
352,352,*NOUSE*,*NOUSE*,0,0,0,0,0,0,0,0
353,353,*NOUSE*,*NOUSE*,0,0,0,0,0,0,0,0
354,354,*NOUSE*,*NOUSE*,0,0,0,0,0,0,0,0
355,355,,,71,1584,88,128.00,41.25,26.32,3905,161080.00
356,356,*NOUSE*,*NOUSE*,0,0,0,0,0,0,0,0
357,357,*NOUSE*,*NOUSE*,0,0,0,0,0,0,0,0
358,358,,,71,1263,95,220.00,76.15,41.63,3623,275894.00
359,359,*NOUSE*,*NOUSE*,0,0,0,0,0,0,0,0
360,360,*NOUSE*,*NOUSE*,0,0,0,0,0,0,0,0
361,361,*NOUSE*,*NOUSE*,0,0,0,0,0,0,0,0
362,362,*NOUSE*,*NOUSE*,0,0,0,0,0,0,0,0
363,363,,,74,153,69,104.00,36.50,20.33,4263,155588.00
364,364,*NOUSE*,*NOUSE*,0,0,0,0,0,0,0,0
365,365,*NOUSE*,*NOUSE*,0,0,0,0,0,0,0,0
366,366,*NOUSE*,*NOUSE*,0,0,0,0,0,0,0,0
367,367,*NOUSE*,*NOUSE*,0,0,0,0,0,0,0,0
368,368,*NOUSE*,*NOUSE*,0,0,0,0,0,0,0,0
369,369,*NOUSE*,*NOUSE*,0,0,0,0,0,0,0,0
370,370,*NOUSE*,*NOUSE*,0,0,0,0,0,0,0,0
371,371,,,73,1365,57,218.00,77.27,43.22,3016,233050.00
372,372,,,76,126,70,104.00,36.24,19.22,4456,161506.00
373,373,*NOUSE*,*NOUSE*,0,0,0,0,0,0,0,0
374,374,*NOUSE*,*NOUSE*,0,0,0,0,0,0,0,0
375,375,*NOUSE*,*NOUSE*,0,0,0,0,0,0,0,0
376,376,*NOUSE*,*NOUSE*,0,0,0,0,0,0,0,0
377,377,,,73,1412,102,132.00,52.39,26.27,4198,219941.00
378,378,*NOUSE*,*NOUSE*,0,0,0,0,0,0,0,0
379,379,*NOUSE*,*NOUSE*,0,0,0,0,0,0,0,0
380,380,,,77,740,88,146.00,46.89,31.97,5324,249640.00
381,381,*NOUSE*,*NOUSE*,0,0,0,0,0,0,0,0
382,382,,,77,745,51,59.00,23.84, 9.06,7346,175121.00
383,383,*NOUSE*,*NOUSE*,0,0,0,0,0,0,0,0
384,384,*NOUSE*,*NOUSE*,0,0,0,0,0,0,0,0
385,385,*NOUSE*,*NOUSE*,0,0,0,0,0,0,0,0
386,386,*NOUSE*,*NOUSE*,0,0,0,0,0,0,0,0
387,387,,,79,714,82,193.00,53.62,35.50,5631,301908.00
388,388,*NOUSE*,*NOUSE*,0,0,0,0,0,0,0,0
389,389,*NOUSE*,*NOUSE*,0,0,0,0,0,0,0,0
390,390,*NOUSE*,*NOUSE*,0,0,0,0,0,0,0,0
391,391,*NOUSE*,*NOUSE*,0,0,0,0,0,0,0,0
392,392,*NOUSE*,*NOUSE*,0,0,0,0,0,0,0,0
393,393,*NOUSE*,*NOUSE*,0,0,0,0,0,0,0,0
394,394,*NOUSE*,*NOUSE*,0,0,0,0,0,0,0,0
395,395,*NOUSE*,*NOUSE*,0,0,0,0,0,0,0,0
396,396,*NOUSE*,*NOUSE*,0,0,0,0,0,0,0,0
397,397,,,78,978,94,224.00,70.74,52.10,3394,240101.00
398,398,,,79,1126,31,159.00,56.92,36.16,3403,193683.00
399,399,,,79,1018,34,167.00,47.07,32.60,3996,188111.00
400,400,*NOUSE*,*NOUSE*,0,0,0,0,0,0,0,0
401,401,*NOUSE*,*NOUSE*,0,0,0,0,0,0,0,0
402,402,,,80,1051,43,86.00,33.89,16.12,5958,201936.00
403,403,,,81,1140,45,131.00,48.25,28.87,4613,222578.00
404,404,*NOUSE*,*NOUSE*,0,0,0,0,0,0,0,0
405,405,,,83,852,51,198.00,53.32,43.60,4172,222432.00
406,406,*NOUSE*,*NOUSE*,0,0,0,0,0,0,0,0
407,407,,,78,295,62,144.00,53.37,30.92,3490,186272.00
408,408,*NOUSE*,*NOUSE*,0,0,0,0,0,0,0,0
409,409,*NOUSE*,*NOUSE*,0,0,0,0,0,0,0,0
410,410,*NOUSE*,*NOUSE*,0,0,0,0,0,0,0,0
411,411,*NOUSE*,*NOUSE*,0,0,0,0,0,0,0,0
412,412,*NOUSE*,*NOUSE*,0,0,0,0,0,0,0,0
413,413,*NOUSE*,*NOUSE*,0,0,0,0,0,0,0,0
414,414,*NOUSE*,*NOUSE*,0,0,0,0,0,0,0,0
415,415,*NOUSE*,*NOUSE*,0,0,0,0,0,0,0,0
416,416,*NOUSE*,*NOUSE*,0,0,0,0,0,0,0,0
417,417,*NOUSE*,*NOUSE*,0,0,0,0,0,0,0,0
418,418,*NOUSE*,*NOUSE*,0,0,0,0,0,0,0,0
419,419,*NOUSE*,*NOUSE*,0,0,0,0,0,0,0,0
420,420,*NOUSE*,*NOUSE*,0,0,0,0,0,0,0,0
421,421,*NOUSE*,*NOUSE*,0,0,0,0,0,0,0,0
422,422,,,80,331,70,81.00,32.86,14.46,5010,164650.00
423,423,*NOUSE*,*NOUSE*,0,0,0,0,0,0,0,0
424,424,*NOUSE*,*NOUSE*,0,0,0,0,0,0,0,0
425,425,*NOUSE*,*NOUSE*,0,0,0,0,0,0,0,0
426,426,*NOUSE*,*NOUSE*,0,0,0,0,0,0,0,0
427,427,*NOUSE*,*NOUSE*,0,0,0,0,0,0,0,0
428,428,*NOUSE*,*NOUSE*,0,0,0,0,0,0,0,0
429,429,*NOUSE*,*NOUSE*,0,0,0,0,0,0,0,0
430,430,*NOUSE*,*NOUSE*,0,0,0,0,0,0,0,0
431,431,*NOUSE*,*NOUSE*,0,0,0,0,0,0,0,0
432,432,,,80,1011,94,180.00,55.30,39.00,4602,254509.00
433,433,*NOUSE*,*NOUSE*,0,0,0,0,0,0,0,0
434,434,*NOUSE*,*NOUSE*,0,0,0,0,0,0,0,0
435,435,,,82,830,42,150.00,44.19,32.15,4716,208389.00
436,436,*NOUSE*,*NOUSE*,0,0,0,0,0,0,0,0
437,437,*NOUSE*,*NOUSE*,0,0,0,0,0,0,0,0
438,438,*NOUSE*,*NOUSE*,0,0,0,0,0,0,0,0
439,439,*NOUSE*,*NOUSE*,0,0,0,0,0,0,0,0
440,440,*NOUSE*,*NOUSE*,0,0,0,0,0,0,0,0
441,441,*NOUSE*,*NOUSE*,0,0,0,0,0,0,0,0
442,442,*NOUSE*,*NOUSE*,0,0,0,0,0,0,0,0
443,443,*NOUSE*,*NOUSE*,0,0,0,0,0,0,0,0
444,444,*NOUSE*,*NOUSE*,0,0,0,0,0,0,0,0
445,445,*NOUSE*,*NOUSE*,0,0,0,0,0,0,0,0
446,446,*NOUSE*,*NOUSE*,0,0,0,0,0,0,0,0
447,447,*NOUSE*,*NOUSE*,0,0,0,0,0,0,0,0
448,448,*NOUSE*,*NOUSE*,0,0,0,0,0,0,0,0
449,449,*NOUSE*,*NOUSE*,0,0,0,0,0,0,0,0
450,450,,,82,1285,39,201.00,73.13,45.30,2989,218575.00
451,451,*NOUSE*,*NOUSE*,0,0,0,0,0,0,0,0
452,452,*NOUSE*,*NOUSE*,0,0,0,0,0,0,0,0
453,453,*NOUSE*,*NOUSE*,0,0,0,0,0,0,0,0
454,454,*NOUSE*,,75,247,57,86.00,53.14,21.43,43,2285.00
455,455,*NOUSE*,*NOUSE*,0,0,0,0,0,0,0,0
456,456,*NOUSE*,*NOUSE*,0,0,0,0,0,0,0,0
457,457,*NOUSE*,*NOUSE*,0,0,0,0,0,0,0,0
458,458,*NOUSE*,*NOUSE*,0,0,0,0,0,0,0,0
459,459,*NOUSE*,*NOUSE*,0,0,0,0,0,0,0,0
460,460,*NOUSE*,*NOUSE*,0,0,0,0,0,0,0,0
461,461,,,84,650,82,197.00,53.99,43.47,4694,253443.00
462,462,*NOUSE*,*NOUSE*,0,0,0,0,0,0,0,0
463,463,*NOUSE*,*NOUSE*,0,0,0,0,0,0,0,0
464,464,,,78,1205,44,203.00,94.65,40.56,2575,243736.00
465,465,,,86,952,41,167.00,45.35,33.05,4798,217570.00
466,466,*NOUSE*,*NOUSE*,0,0,0,0,0,0,0,0
467,467,*NOUSE*,*NOUSE*,0,0,0,0,0,0,0,0
468,468,*NOUSE*,*NOUSE*,0,0,0,0,0,0,0,0
469,469,*NOUSE*,*NOUSE*,0,0,0,0,0,0,0,0
470,470,,,82,1356,77,231.00,84.16,51.78,3347,281691.00
471,471,*NOUSE*,*NOUSE*,0,0,0,0,0,0,0,0
472,472,*NOUSE*,*NOUSE*,0,0,0,0,0,0,0,0
473,473,*NOUSE*,*NOUSE*,0,0,0,0,0,0,0,0
474,474,*NOUSE*,*NOUSE*,0,0,0,0,0,0,0,0
475,475,*NOUSE*,*NOUSE*,0,0,0,0,0,0,0,0
476,476,*NOUSE*,*NOUSE*,0,0,0,0,0,0,0,0
477,477,*NOUSE*,*NOUSE*,0,0,0,0,0,0,0,0
478,478,*NOUSE*,*NOUSE*,0,0,0,0,0,0,0,0
479,479,*NOUSE*,*NOUSE*,0,0,0,0,0,0,0,0
480,480,*NOUSE*,*NOUSE*,0,0,0,0,0,0,0,0
481,481,*NOUSE*,*NOUSE*,0,0,0,0,0,0,0,0
482,482,,,84,1175,72,202.00,66.17,41.17,4280,283222.00
483,483,*NOUSE*,*NOUSE*,0,0,0,0,0,0,0,0
484,484,*NOUSE*,*NOUSE*,0,0,0,0,0,0,0,0
485,485,*NOUSE*,*NOUSE*,0,0,0,0,0,0,0,0
486,486,*NOUSE*,*NOUSE*,0,0,0,0,0,0,0,0
487,487,*NOUSE*,*NOUSE*,0,0,0,0,0,0,0,0
488,488,,,85,993,88,211.00,62.17,48.76,4186,260260.00
489,489,*NOUSE*,*NOUSE*,0,0,0,0,0,0,0,0
490,490,*NOUSE*,*NOUSE*,0,0,0,0,0,0,0,0
491,491,*NOUSE*,*NOUSE*,0,0,0,0,0,0,0,0
492,492,,,86,1094,36,163.00,44.46,29.43,4299,191113.00
493,493,,,84,1247,55,197.00,87.52,42.00,2677,234293.00
494,494,,,84,1234,66,227.00,105.53,50.89,2388,252013.00
495,495,,,84,1197,69,250.00,109.75,56.87,2479,272071.00
496,496,*NOUSE*,*NOUSE*,0,0,0,0,0,0,0,0
497,497,*NOUSE*,*NOUSE*,0,0,0,0,0,0,0,0
498,498,*NOUSE*,*NOUSE*,0,0,0,0,0,0,0,0
499,499,*NOUSE*,*NOUSE*,0,0,0,0,0,0,0,0
500,500,,,84,1432,96,146.00,51.63,29.20,4156,214575.00
501,501,*NOUSE*,*NOUSE*,0,0,0,0,0,0,0,0
502,502,,,85,1241,39,176.00,64.59,32.38,2816,181892.00
503,503,*NOUSE*,*NOUSE*,0,0,0,0,0,0,0,0
504,504,,,85,1265,41,194.00,67.65,40.51,3026,204703.00
505,505,*NOUSE*,*NOUSE*,0,0,0,0,0,0,0,0
506,506,*NOUSE*,*NOUSE*,0,0,0,0,0,0,0,0
507,507,,,84,1268,68,246.00,123.21,51.22,2115,260595.00
508,508,,,87,741,68,190.00,50.28,38.73,4605,231561.00
509,509,*NOUSE*,*NOUSE*,0,0,0,0,0,0,0,0
510,510,*NOUSE*,*NOUSE*,0,0,0,0,0,0,0,0
511,511,,,87,447,83,148.00,41.34,26.79,4778,197537.00
512,512,*NOUSE*,*NOUSE*,0,0,0,0,0,0,0,0
513,513,*NOUSE*,*NOUSE*,0,0,0,0,0,0,0,0
514,514,,,86,1191,52,218.00,83.69,44.37,2994,250573.00
515,515,*NOUSE*,*NOUSE*,0,0,0,0,0,0,0,0
516,516,*NOUSE*,*NOUSE*,0,0,0,0,0,0,0,0
517,517,*NOUSE*,*NOUSE*,0,0,0,0,0,0,0,0
518,518,*NOUSE*,*NOUSE*,0,0,0,0,0,0,0,0
519,519,,,87,1022,68,216.00,62.82,49.59,3601,226216.00
520,520,*NOUSE*,*NOUSE*,0,0,0,0,0,0,0,0
521,521,*NOUSE*,*NOUSE*,0,0,0,0,0,0,0,0
522,522,*NOUSE*,*NOUSE*,0,0,0,0,0,0,0,0
523,523,,,87,882,77,109.00,34.90,18.25,6173,215450.00
524,524,*NOUSE*,*NOUSE*,0,0,0,0,0,0,0,0
525,525,*NOUSE*,*NOUSE*,0,0,0,0,0,0,0,0
526,526,*NOUSE*,*NOUSE*,0,0,0,0,0,0,0,0
527,527,*NOUSE*,*NOUSE*,0,0,0,0,0,0,0,0
528,528,*NOUSE*,*NOUSE*,0,0,0,0,0,0,0,0
529,529,,,87,1174,45,217.00,69.15,50.83,3100,214378.00
530,530,*NOUSE*,*NOUSE*,0,0,0,0,0,0,0,0
531,531,*NOUSE*,*NOUSE*,0,0,0,0,0,0,0,0
532,532,*NOUSE*,*NOUSE*,0,0,0,0,0,0,0,0
533,533,,,89,1155,52,188.00,54.47,39.61,4080,222223.00
534,534,*NOUSE*,*NOUSE*,0,0,0,0,0,0,0,0
535,535,,,87,1496,55,136.00,49.13,26.33,3771,185284.00
536,536,*NOUSE*,*NOUSE*,0,0,0,0,0,0,0,0
537,537,*NOUSE*,*NOUSE*,0,0,0,0,0,0,0,0
538,538,*NOUSE*,*NOUSE*,0,0,0,0,0,0,0,0
539,539,,,94,1147,72,244.00,79.95,56.57,4878,390014.00
540,540,*NOUSE*,*NOUSE*,0,0,0,0,0,0,0,0
541,541,*NOUSE*,*NOUSE*,0,0,0,0,0,0,0,0
542,542,*NOUSE*,*NOUSE*,0,0,0,0,0,0,0,0
543,543,*NOUSE*,*NOUSE*,0,0,0,0,0,0,0,0
544,544,*NOUSE*,*NOUSE*,0,0,0,0,0,0,0,0
545,545,*NOUSE*,*NOUSE*,0,0,0,0,0,0,0,0
546,546,*NOUSE*,*NOUSE*,0,0,0,0,0,0,0,0
547,547,*NOUSE*,*NOUSE*,0,0,0,0,0,0,0,0
548,548,*NOUSE*,*NOUSE*,0,0,0,0,0,0,0,0
549,549,*NOUSE*,*NOUSE*,0,0,0,0,0,0,0,0
550,550,*NOUSE*,*NOUSE*,0,0,0,0,0,0,0,0
551,551,*NOUSE*,*NOUSE*,0,0,0,0,0,0,0,0
552,552,*NOUSE*,*NOUSE*,0,0,0,0,0,0,0,0
553,553,*NOUSE*,*NOUSE*,0,0,0,0,0,0,0,0
554,554,*NOUSE*,*NOUSE*,0,0,0,0,0,0,0,0
555,555,*NOUSE*,*NOUSE*,0,0,0,0,0,0,0,0
556,556,,,90,946,83,172.00,46.20,32.79,5304,245035.00
557,557,*NOUSE*,*NOUSE*,0,0,0,0,0,0,0,0
558,558,*NOUSE*,*NOUSE*,0,0,0,0,0,0,0,0
559,559,*NOUSE*,*NOUSE*,0,0,0,0,0,0,0,0
560,560,*NOUSE*,*NOUSE*,0,0,0,0,0,0,0,0
561,561,*NOUSE*,*NOUSE*,0,0,0,0,0,0,0,0
562,562,*NOUSE*,*NOUSE*,0,0,0,0,0,0,0,0
563,563,*NOUSE*,*NOUSE*,0,0,0,0,0,0,0,0
564,564,*NOUSE*,*NOUSE*,0,0,0,0,0,0,0,0
565,565,*NOUSE*,*NOUSE*,0,0,0,0,0,0,0,0
566,566,*NOUSE*,*NOUSE*,0,0,0,0,0,0,0,0
567,567,*NOUSE*,*NOUSE*,0,0,0,0,0,0,0,0
568,568,*NOUSE*,*NOUSE*,0,0,0,0,0,0,0,0
569,569,*NOUSE*,*NOUSE*,0,0,0,0,0,0,0,0
570,570,*NOUSE*,*NOUSE*,0,0,0,0,0,0,0,0
571,571,*NOUSE*,*NOUSE*,0,0,0,0,0,0,0,0
572,572,*NOUSE*,*NOUSE*,0,0,0,0,0,0,0,0
573,573,,,88,1151,89,193.00,65.02,43.06,4269,277588.00
574,574,*NOUSE*,*NOUSE*,0,0,0,0,0,0,0,0
575,575,*NOUSE*,*NOUSE*,0,0,0,0,0,0,0,0
576,576,*NOUSE*,*NOUSE*,0,0,0,0,0,0,0,0
577,577,*NOUSE*,*NOUSE*,0,0,0,0,0,0,0,0
578,578,*NOUSE*,*NOUSE*,0,0,0,0,0,0,0,0
579,579,,,91,997,66,108.00,37.67,21.85,5811,218917.00
580,580,*NOUSE*,*NOUSE*,0,0,0,0,0,0,0,0
581,581,*NOUSE*,*NOUSE*,0,0,0,0,0,0,0,0
582,582,*NOUSE*,*NOUSE*,0,0,0,0,0,0,0,0
583,583,*NOUSE*,*NOUSE*,0,0,0,0,0,0,0,0
584,584,*NOUSE*,*NOUSE*,0,0,0,0,0,0,0,0
585,585,*NOUSE*,*NOUSE*,0,0,0,0,0,0,0,0
586,586,*NOUSE*,*NOUSE*,0,0,0,0,0,0,0,0
587,587,,,92,1102,60,231.00,61.65,50.34,3814,235119.00
588,588,*NOUSE*,*NOUSE*,0,0,0,0,0,0,0,0
589,589,,,93,1128,70,235.00,78.97,53.68,3190,251908.00
590,590,*NOUSE*,*NOUSE*,0,0,0,0,0,0,0,0
591,591,*NOUSE*,*NOUSE*,0,0,0,0,0,0,0,0
592,592,*NOUSE*,*NOUSE*,0,0,0,0,0,0,0,0
593,593,*NOUSE*,*NOUSE*,0,0,0,0,0,0,0,0
594,594,*NOUSE*,*NOUSE*,0,0,0,0,0,0,0,0
595,595,*NOUSE*,*NOUSE*,0,0,0,0,0,0,0,0
596,596,,,92,1252,62,200.00,81.93,44.42,2730,223682.00
597,597,*NOUSE*,*NOUSE*,0,0,0,0,0,0,0,0
598,598,*NOUSE*,*NOUSE*,0,0,0,0,0,0,0,0
599,599,,,93,1489,65,161.00,51.25,33.72,4039,206990.00
600,600,*NOUSE*,*NOUSE*,0,0,0,0,0,0,0,0
601,601,*NOUSE*,*NOUSE*,0,0,0,0,0,0,0,0
602,602,*NOUSE*,*NOUSE*,0,0,0,0,0,0,0,0
603,603,*NOUSE*,*NOUSE*,0,0,0,0,0,0,0,0
604,604,*NOUSE*,*NOUSE*,0,0,0,0,0,0,0,0
605,605,*NOUSE*,*NOUSE*,0,0,0,0,0,0,0,0
606,606,*NOUSE*,*NOUSE*,0,0,0,0,0,0,0,0
607,607,*NOUSE*,*NOUSE*,0,0,0,0,0,0,0,0
608,608,*NOUSE*,*NOUSE*,0,0,0,0,0,0,0,0
609,609,*NOUSE*,*NOUSE*,0,0,0,0,0,0,0,0
610,610,*NOUSE*,*NOUSE*,0,0,0,0,0,0,0,0
611,611,*NOUSE*,*NOUSE*,0,0,0,0,0,0,0,0
612,612,,,95,1205,70,250.00,95.61,59.53,2690,257191.00
613,613,,,96,1185,71,235.00,77.41,54.85,3425,265142.00
614,614,*NOUSE*,*NOUSE*,0,0,0,0,0,0,0,0
615,615,*NOUSE*,*NOUSE*,0,0,0,0,0,0,0,0
616,616,,,96,1311,55,210.00,63.48,47.80,3591,227942.00
617,617,*NOUSE*,*NOUSE*,0,0,0,0,0,0,0,0
618,618,,,96,1271,55,211.00,75.83,48.71,3206,243121.00
619,619,*NOUSE*,*NOUSE*,0,0,0,0,0,0,0,0
620,620,*NOUSE*,*NOUSE*,0,0,0,0,0,0,0,0
621,621,*NOUSE*,*NOUSE*,0,0,0,0,0,0,0,0
622,622,*NOUSE*,*NOUSE*,0,0,0,0,0,0,0,0
623,623,*NOUSE*,*NOUSE*,0,0,0,0,0,0,0,0
624,624,,,95,1199,61,237.00,95.52,55.63,2663,254381.00
625,625,*NOUSE*,*NOUSE*,0,0,0,0,0,0,0,0
626,626,*NOUSE*,*NOUSE*,0,0,0,0,0,0,0,0
627,627,*NOUSE*,*NOUSE*,0,0,0,0,0,0,0,0
628,628,,,96,1263,67,217.00,83.60,50.76,3360,280904.00
629,629,,,95,1288,71,224.00,84.08,52.46,2673,224750.00
630,630,*NOUSE*,*NOUSE*,0,0,0,0,0,0,0,0
631,631,*NOUSE*,*NOUSE*,0,0,0,0,0,0,0,0
632,632,*NOUSE*,*NOUSE*,0,0,0,0,0,0,0,0
633,633,*NOUSE*,*NOUSE*,0,0,0,0,0,0,0,0
634,634,*NOUSE*,*NOUSE*,0,0,0,0,0,0,0,0
635,635,,,96,1193,49,211.00,80.17,51.55,2788,223518.00
636,636,,,97,1169,71,234.00,77.84,57.20,3333,259426.00
637,637,,,97,1291,58,216.00,83.11,52.95,2323,193072.00
638,638,*NOUSE*,*NOUSE*,0,0,0,0,0,0,0,0
639,639,*NOUSE*,*NOUSE*,0,0,0,0,0,0,0,0
640,640,*NOUSE*,*NOUSE*,0,0,0,0,0,0,0,0
641,641,,*MANUAL*,66,548,91,158.00,66.67,37.24,2103,140208.00
642,642,,*MANUAL*,67,925,97,203.00,106.22,40.50,1365,144997.00
643,643,,*MANUAL*,66,1018,97,206.00,119.73,37.18,1365,163436.00
644,644,*NOUSE*,*NOUSE*,0,0,0,0,0,0,0,0
645,645,*NOUSE*,*NOUSE*,0,0,0,0,0,0,0,0
646,646,,*MANUAL*$483$645$394,76,688,81,165.00,49.46,30.63,9897,489493.00
647,647,,*MANUAL*$303$140,62,659,77,148.00,44.46,25.98,10255,455947.00
648,648,,*MANUAL*$269$272,67,988,83,72.00,28.69,12.01,7718,221468.00
649,649,*NOUSE*,*NOUSE*,0,0,0,0,0,0,0,0
650,650,,*MANUAL*$280$218,63,688,58,57.00,25.60, 9.11,5124,131193.00
651,651,*NOUSE*,*NOUSE*,0,0,0,0,0,0,0,0
652,652,,*MANUAL*,71,629,67,67.00,23.70,12.64,2969,70361.00
653,653,,*MANUAL*,75,453,56,82.00,22.14,10.35,2969,65728.00
654,654,,*MANUAL*$310$352,72,406,75,74.00,27.99,11.91,5849,163719.00
655,655,,*MANUAL*$615$577,92,1053,60,124.00,36.38,22.57,5954,216626.00
656,656,*NOUSE*,*NOUSE*,0,0,0,0,0,0,0,0
657,657,,*MANUAL*$614$656,93,1082,58,120.00,38.30,20.71,5522,211497.00
658,658,,*MANUAL*$620$625,94,1097,74,115.00,38.98,20.95,5516,215004.00
659,659,,*MANUAL*$595$607,92,933,59,97.00,31.25,16.25,6533,204164.00
660,660,*NOUSE*,*NOUSE*,0,0,0,0,0,0,0,0
661,661,,*MANUAL*$594$660,90,799,61,98.00,31.79,17.11,6486,206220.00
662,662,,*MANUAL*$563$586,90,676,59,104.00,33.98,19.75,5530,187912.00
663,663,*NOUSE*,*NOUSE*,0,0,0,0,0,0,0,0
664,664,,*MANUAL*$588$663,89,553,62,96.00,29.12,14.07,5589,162726.00
665,665,*NOUSE*,*NOUSE*,0,0,0,0,0,0,0,0
666,666,,*MANUAL*$590$665,88,420,63,95.00,28.22,13.14,5443,153609.00
667,667,,*MANUAL*,89,265,60,92.00,36.52,17.25,1257,45905.00
668,668,,*MANUAL*$473$485,83,836,83,140.00,44.85,28.90,5172,231962.00
669,669,*NOUSE*,*NOUSE*,0,0,0,0,0,0,0,0
670,670,,*MANUAL*$543$669,86,768,80,107.00,36.44,19.70,7001,255120.00
671,671,,*MANUAL*$603$583,89,715,83,139.00,48.08,29.70,4026,193556.00
672,672,,*MANUAL*$524$542,87,610,79,97.00,34.07,17.68,6467,220347.00
673,673,,*MANUAL*,86,572,86,168.00,74.62,28.28,1365,101862.00
674,674,,*MANUAL*$568$580,91,480,75,107.00,37.17,19.68,6283,233537.00
675,675,,*MANUAL*$554$555$553,88,374,75,76.00,27.75,12.27,5690,157921.00
676,676,,*MANUAL*,89,306,82,140.00,66.68,24.59,1365,91016.00
677,677,,*MANUAL*,89,629,59,175.00,92.11,35.78,2103,193713.00
678,678,,*MANUAL*$518$520,84,530,62,71.00,25.35, 9.85,6531,165590.00
679,679,*NOUSE*,*NOUSE*,0,0,0,0,0,0,0,0
680,680,,*MANUAL*,45,1090,64,94.00,30.62,15.66,2097,64219.00
681,681,,*MANUAL*,45,1079,75,81.00,26.89,13.38,2103,56540.00
682,682,*NOUSE*,*NOUSE*,0,0,0,0,0,0,0,0
683,683,,*MANUAL*$105$682,50,968,50,82.00,25.33,11.90,5398,136754.00
684,684,,*MANUAL*$46$56,47,819,52,74.00,26.37,12.25,6255,164964.00
685,685,*NOUSE*,*NOUSE*,0,0,0,0,0,0,0,0
686,686,,*MANUAL*$130$685,52,682,45,92.00,29.29,15.05,5750,168398.00
687,687,,*MANUAL*$106$118,54,527,54,74.00,25.44,10.61,4923,125236.00
688,688,*NOUSE*,*NOUSE*,0,0,0,0,0,0,0,0
689,689,,*MANUAL*$182$688,56,409,49,74.00,27.33,11.55,4900,133901.00
690,690,,*MANUAL*,58,278,49,84.00,36.72,14.05,1365,50127.00
691,691,*NOUSE*,*NOUSE*,0,0,0,0,0,0,0,0
692,692,,*MANUAL*$63$691,46,989,68,88.00,31.09,15.90,4907,152559.00
693,693,,*MANUAL*$11$54$9,44,885,69,82.00,28.95,13.49,5887,170413.00
694,694,*NOUSE*,*NOUSE*,0,0,0,0,0,0,0,0
695,695,,*MANUAL*$49$694,45,833,74,105.00,37.60,21.04,4969,186847.00
696,696,,*MANUAL*$64$73,50,696,72,115.00,36.63,20.44,5461,200047.00
697,697,,*MANUAL*$72$88,50,600,70,88.00,29.78,14.40,5264,156746.00
698,698,,*MANUAL*$84$98$83,51,547,74,108.00,35.11,18.04,4845,170096.00
699,699,,*MANUAL*$138$186,57,357,60,77.00,27.81,12.58,5534,153874.00
700,700,,*MANUAL*$107$108,53,1548,65,93.00,31.55,15.13,4520,142589.00
701,701,,*MANUAL*$551$566,89,1541,65,114.00,37.34,20.94,4506,168258.00
702,702,,*MANUAL*,90,1496,81,164.00,68.29,31.63,1365,93219.00
703,703,,*MANUAL*$527$528,85,1463,48,162.00,54.34,29.96,3655,198622.00
704,704,,*MANUAL*,85,1464,90,177.00,63.96,36.81,1951,124783.00
705,705,,*MANUAL*$503$545,84,1425,39,144.00,54.13,27.89,3444,186428.00
706,706,,*MANUAL*$575$584,89,1392,43,151.00,63.50,30.01,2438,154808.00
707,707,*NOUSE*,*NOUSE*,0,0,0,0,0,0,0,0
708,708,,*MANUAL*,83,1353,39,195.00,79.79,35.36,1303,103964.00
709,709,,*MANUAL*,89,1325,42,144.00,57.42,31.17,1365,78377.00
710,710,,*MANUAL*,89,1313,95,184.00,76.28,42.67,1363,103973.00
711,711,,*MANUAL*,91,1290,86,162.00,76.74,29.89,1365,104745.00
712,712,,*MANUAL*$103$104$147,55,1499,53,135.00,40.72,20.47,4587,186789.00
713,713,,*MANUAL*,54,1502,82,123.00,50.27,23.02,1291,64900.00
714,714,,*MANUAL*$134$162,57,1468,48,131.00,46.79,24.61,3808,178177.00
715,715,,*MANUAL*,58,1483,92,154.00,62.49,36.65,1365,85297.00
716,716,,*MANUAL*$209$194,60,1447,95,147.00,52.61,26.95,3544,186462.00
717,717,,*MANUAL*,54,1387,46,163.00,74.66,35.05,1336,99750.00
718,718,,*MANUAL*,52,1380,88,119.00,66.00,24.54,1328,87642.00
719,719,,*MANUAL*,60,1351,39,157.00,70.79,31.14,1257,88978.00
720,720,,*MANUAL*$131$132,57,1320,43,127.00,43.80,23.89,3940,172553.00
721,721,,*MANUAL*,60,1306,97,155.00,93.43,25.67,881,82308.00
722,722,,*MANUAL*,53,1312,89,153.00,86.99,25.92,1312,114126.00
723,723,,*MANUAL*,85,1200,32,194.00,98.80,36.19,889,87832.00
724,724,,*MANUAL*,62,1202,31,196.00,80.12,39.69,1365,109361.00
725,725,,*MANUAL*$401$416,80,887,38,157.00,50.29,34.38,3836,192926.00
726,726,,*MANUAL*$417$451,80,370,44,111.00,39.91,21.16,4989,199123.00
727,727,,*MANUAL*$404$436,80,444,45,153.00,41.43,25.52,4414,182871.00
728,728,,*MANUAL*$419$418,80,525,44,122.00,42.61,27.20,4336,184753.00
729,729,,*MANUAL*$449$448,82,615,41,139.00,43.42,27.82,4247,184396.00
730,730,,*MANUAL*$466$476,83,694,42,152.00,45.94,30.38,4149,190593.00
731,731,,*MANUAL*$415$433,80,776,38,154.00,50.99,35.50,3952,201527.00
732,732,,*MANUAL*,77,1222,31,194.00,101.88,30.76,895,91184.00
733,733,,*MANUAL*$447$491,81,1217,96,215.00,70.49,39.48,3511,247503.00
734,734,,*MANUAL*$486$487,81,1101,92,172.00,56.27,35.40,4683,263520.00
735,735,*NOUSE*,*NOUSE*,0,0,0,0,0,0,0,0
736,736,,*MANUAL*$490$735,82,1052,90,186.00,50.29,34.21,6582,331036.00
737,737,,*MANUAL*,81,922,94,200.00,81.39,36.69,1365,111102.00
738,738,,*MANUAL*$366$367,74,873,94,186.00,48.05,33.95,5071,243639.00
739,739,*NOUSE*,*NOUSE*,0,0,0,0,0,0,0,0
740,740,,*MANUAL*,79,800,92,165.00,65.27,41.51,2103,137273.00
741,741,,*MANUAL*$413$446,79,636,90,162.00,49.10,32.18,4814,236350.00
742,742,,*MANUAL*,75,564,89,152.00,81.85,27.92,1365,111719.00
743,743,*NOUSE*,*NOUSE*,0,0,0,0,0,0,0,0
744,744,,*MANUAL*$443$743,81,476,87,137.00,42.54,25.99,5388,229211.00
745,745,,*MANUAL*$396$412,77,384,86,126.00,41.75,26.21,4830,201643.00
746,746,,*MANUAL*$128$129,56,1148,36,127.00,42.36,23.89,3975,168363.00
747,747,,*MANUAL*$115$114,56,1042,39,122.00,40.15,23.21,4305,172861.00
748,748,,*MANUAL*$211$196,63,981,34,154.00,47.77,32.22,3640,173880.00
749,749,,*MANUAL*$159$160,61,833,35,177.00,48.61,35.51,4171,202761.00
750,750,,*MANUAL*$292$181,62,778,38,157.00,45.36,29.59,4281,194201.00
751,751,,*MANUAL*$213$238,63,644,36,141.00,46.72,30.99,3652,170639.00
752,752,,*MANUAL*$241$226,64,569,39,142.00,40.03,26.12,4329,173272.00
753,753,,*MANUAL*$314$305,69,481,41,119.00,40.10,24.15,4019,161145.00
754,754,,*MANUAL*$256$293,65,420,40,130.00,43.12,26.73,3657,157672.00
755,755,,*MANUAL*,58,1197,100,185.00,75.21,37.31,1365,102659.00
756,756,*NOUSE*,*NOUSE*,0,0,0,0,0,0,0,0
757,757,,*MANUAL*,58,1076,98,141.00,78.88,25.63,1301,102617.00
758,758,,*MANUAL*$112$111,55,1020,92,141.00,43.04,27.65,4539,195356.00
759,759,,*MANUAL*$230$231,63,489,85,112.00,36.54,21.71,4970,181615.00
760,760,,*MANUAL*,66,609,90,169.00,87.66,33.52,1281,112292.00
761,761,,*MANUAL*,58,610,84,138.00,76.07,26.74,1365,103836.00
762,762,,*MANUAL*$89$99,53,764,85,142.00,41.41,26.80,5203,215479.00
763,763,,*MANUAL*$175$174,59,940,95,144.00,43.47,29.15,5280,229541.00
764,764,,*MANUAL*,55,1141,93,151.00,85.50,29.38,1355,115852.00
765,765,,*MANUAL*,44,1203,73,175.00,99.41,29.01,1285,127747.00
766,766,,*MANUAL*,71,1296,36,200.00,125.09,29.96,895,111959.00
767,767,,*MANUAL*,60,1297,39,188.00,118.29,39.47,895,105872.00
768,768,,*MANUAL*,63,181,55,84.00,37.25,12.98,1365,50844.00
769,769,,*MANUAL*,63,200,70,152.00,88.79,24.12,895,79464.00
770,770,,*MANUAL*,63,214,63,145.00,79.11,26.19,1365,107980.00
771,771,,*MANUAL*,64,229,57,134.00,82.78,26.10,885,73264.00
772,772,,*MANUAL*,59,235,66,135.00,73.72,25.85,1365,100626.00
773,773,,*MANUAL*,60,247,57,144.00,80.22,27.02,895,71793.00
774,774,,*MANUAL*,57,257,63,126.00,55.86,24.90,895,49994.00
775,775,,*MANUAL*,61,257,75,161.00,99.86,23.76,895,89376.00
776,776,,*MANUAL*,60,222,77,140.00,60.15,26.97,1365,82104.00
777,777,,*MANUAL*,56,273,69,116.00,66.98,19.04,1365,91428.00
778,778,,*MANUAL*,63,266,56,118.00,68.69,19.82,895,61480.00
779,779,,*MANUAL*,58,289,67,143.00,73.17,24.46,1365,99875.00
780,780,*NOUSE*,*NOUSE*,0,0,0,0,0,0,0,0
781,781,*NOUSE*,*NOUSE*,0,0,0,0,0,0,0,0
782,782,,*MANUAL*,80,187,59,89.00,32.54,16.64,1365,44420.00
783,783,,*MANUAL*,75,202,51,115.00,48.68,27.48,1365,66453.00
784,784,,*MANUAL*,77,205,73,142.00,70.63,31.41,895,63216.00
785,785,,*MANUAL*,78,217,63,131.00,75.10,21.68,1365,102515.00
786,786,,*MANUAL*,79,231,59,166.00,99.58,22.96,806,80263.00
787,787,*NOUSE*,*NOUSE*,0,0,0,0,0,0,0,0
788,788,,*MANUAL*,78,240,74,132.00,82.24,22.37,874,71882.00
789,789,,*MANUAL*,83,250,69,166.00,110.03,25.63,895,98479.00
790,790,,*MANUAL*,83,264,72,136.00,89.75,20.20,895,80330.00
791,791,,*MANUAL*,84,258,84,127.00,84.71,20.61,895,75816.00
792,792,,*MANUAL*,82,274,62,146.00,77.84,21.23,1365,106248.00
793,793,,*MANUAL*,82,263,53,134.00,67.52,22.99,1350,91158.00
794,794,,*MANUAL*,83,293,74,140.00,87.28,21.30,895,78115.00
795,795,*NOUSE*,*NOUSE*,0,0,0,0,0,0,0,0
796,796,,*MANUAL*,85,338,81,129.00,62.04,35.33,1363,84555.00
797,797,,*MANUAL*,71,274,50,137.00,83.87,25.33,1365,114484.00
798,798,,*MANUAL*,71,264,66,146.00,101.27,18.59,895,90640.00
799,799,,*MANUAL*,71,249,76,137.00,78.49,17.29,1365,107133.00
800,800,,*MANUAL*,77,289,85,166.00,107.98,24.26,877,94700.00
801,801,,*MANUAL*,77,311,84,170.00,113.91,30.74,885,100811.00
802,802,,*MANUAL*,69,282,83,157.00,89.62,34.17,895,80214.00
803,803,,*MANUAL*,68,301,83,184.00,102.25,35.29,860,87937.00
804,804,,*MANUAL*,63,293,84,171.00,97.59,31.38,895,87346.00
805,805,,*MANUAL*,68,317,82,140.00,95.32,19.27,895,85309.00
806,806,,*MANUAL*,74,333,84,147.00,81.79,32.92,1365,111644.00
807,807,,*MANUAL*,64,303,69,141.00,94.55,20.32,705,66659.00
808,808,,*MANUAL*,67,295,55,138.00,73.67,29.51,895,65931.00
809,809,,*MANUAL*,75,223,80,124.00,64.78,20.86,1365,88419.00
810,810,,*MANUAL*,75,167,57,134.00,64.13,20.68,1365,87537.00
811,811,,*MANUAL*,71,88,73,104.00,49.90,23.16,1339,66814.00
812,812,,*MANUAL*,71,83,64,113.00,55.77,22.67,1365,76124.00
813,813,,*MANUAL*$308$298,69,120,58,95.00,33.63,16.63,4537,152594.00
814,814,,*MANUAL*,69,1112,42,159.00,77.15,34.07,1346,103847.00
815,815,,*MANUAL*,69,1120,76,240.00,131.48,44.32,1343,176573.00
816,816,,*MANUAL*,84,1122,56,214.00,120.77,34.77,895,108087.00
817,817,,*MANUAL*,57,1122,54,166.00,89.29,37.15,895,79917.00
818,818,,*MANUAL*,71,1123,40,180.00,106.91,28.97,895,95684.00
819,819,,*MANUAL*,71,1131,77,203.00,131.64,26.53,889,117029.00
820,820,,*MANUAL*,83,1137,72,230.00,125.95,44.59,894,112602.00
821,821,,*MANUAL*,65,1138,83,203.00,125.91,31.30,895,112692.00
822,822,,*MANUAL*,60,1148,47,200.00,119.94,34.42,895,107346.00
823,823,,*MANUAL*,76,1153,86,187.00,110.06,27.66,895,98504.00
824,824,,*MANUAL*,71,1155,40,156.00,90.78,24.36,895,81246.00
825,825,,*MANUAL*,86,1154,73,196.00,108.77,38.25,895,97350.00
826,826,,*MANUAL*,60,1174,47,195.00,113.05,34.33,895,101181.00
827,827,,*MANUAL*,58,1177,74,142.00,84.51,20.54,895,75634.00
828,828,,*MANUAL*,77,1202,77,235.00,146.89,32.46,821,120599.00
829,829,,*MANUAL*,68,1202,77,229.00,152.26,27.83,895,136275.00
830,830,,*MANUAL*,62,1201,59,198.00,116.19,30.52,895,103986.00
831,831,,*MANUAL*,84,1204,58,219.00,135.11,27.77,895,120920.00
832,832,,*MANUAL*,72,1218,68,182.00,105.13,23.22,895,94093.00
833,833,,*MANUAL*,80,1225,51,176.00,93.71,32.29,874,81904.00
834,834,,*MANUAL*,65,1219,49,181.00,87.43,28.21,1342,117336.00
835,835,,*MANUAL*,60,1387,85,167.00,115.11,24.01,895,103020.00
836,836,,*MANUAL*,84,1396,70,201.00,108.66,40.13,895,97255.00
837,837,,*MANUAL*,57,1402,73,177.00,99.47,31.07,886,88133.00
838,838,,*MANUAL*,72,1400,48,233.00,143.92,37.22,825,118733.00
839,839,,*MANUAL*,80,1400,50,182.00,119.06,28.78,839,99891.00
840,840,,*MANUAL*,65,1405,55,183.00,108.47,28.73,852,92415.00
841,841,,*MANUAL*,79,1414,78,240.00,135.71,45.46,851,115492.00
842,842,,*MANUAL*,65,1413,80,213.00,113.88,40.57,832,94747.00
843,843,,*MANUAL*,59,1409,86,228.00,134.01,33.91,895,119939.00
844,844,,*MANUAL*,85,1408,83,254.00,144.76,47.68,895,129561.00
845,845,,*MANUAL*,80,1398,91,157.00,93.77,27.02,895,83927.00
846,846,,*MANUAL*,65,1397,92,139.00,70.63,23.04,895,63217.00
847,847,,*MANUAL*,73,1413,49,212.00,122.00,36.60,879,107235.00
848,848,,*MANUAL*,70,1421,53,237.00,129.76,47.40,828,107444.00
849,849,,*MANUAL*,80,1419,58,151.00,87.60,24.54,895,78406.00
850,850,,*MANUAL*,61,1424,59,181.00,85.49,25.68,1209,103353.00
851,851,,*MANUAL*,85,1425,71,237.00,129.63,46.54,820,106298.00
852,852,,*MANUAL*,60,1426,71,229.00,111.74,43.48,895,100007.00
853,853,*NOUSE*,*NOUSE*,0,0,0,0,0,0,0,0
854,854,,*MANUAL*,63,1426,86,215.00,115.32,41.28,895,103211.00
855,855,,*MANUAL*,73,1419,89,138.00,79.02,20.78,895,70726.00
856,856,,*MANUAL*,59,1444,76,183.00,93.65,34.16,850,79605.00
857,857,,*MANUAL*,82,1444,76,236.00,126.73,45.99,871,110380.00
858,858,,*MANUAL*,72,1444,50,143.00,48.96,30.04,1365,66835.00
859,859,,*MANUAL*,75,1469,54,110.00,52.91,20.37,1365,72217.00
860,860,,*MANUAL*,65,1495,51,160.00,71.86,27.16,795,57125.00
861,861,,*MANUAL*,82,1478,75,186.00,93.55,40.30,895,83729.00
862,862,,*MANUAL*,58,1478,75,131.00,76.87,23.25,823,63267.00
863,863,,*MANUAL*,83,1462,67,122.00,56.10,23.00,1347,75563.00
864,864,,*MANUAL*,59,1475,67,126.00,64.41,23.71,895,57647.00
865,865,,*MANUAL*,80,1500,80,148.00,64.73,23.18,855,55348.00
866,866,,*MANUAL*,62,1502,81,119.00,57.09,21.74,895,51096.00
867,867,,*MANUAL*,72,1501,51,178.00,85.03,29.97,889,75596.00
868,868,,*MANUAL*,72,1530,49,164.00,85.36,31.34,867,74007.00
869,869,,*MANUAL*,72,1543,49,157.00,83.07,27.37,813,67539.00
870,870,,*MANUAL*,71,1574,52,92.00,40.93,19.12,894,36588.00
871,871,,*MANUAL*,83,1510,75,206.00,94.66,49.89,895,84718.00
872,872,,*MANUAL*,82,1527,77,209.00,101.89,43.59,895,91194.00
873,873,,*MANUAL*,82,1542,77,185.00,81.86,40.22,895,73261.00
874,874,,*MANUAL*,80,1570,76,126.00,48.34,27.56,1365,65989.00
875,875,,*MANUAL*,60,1513,73,164.00,73.46,31.16,895,65751.00
876,876,,*MANUAL*,61,1534,75,167.00,80.55,32.12,895,72094.00
877,877,,*MANUAL*,61,1555,75,146.00,61.75,33.21,1365,84295.00
878,878,,*MANUAL*$220$246,62,1583,73,134.00,38.07,23.10,3783,144016.00
879,879,,*MANUAL*,72,1208,32,208.00,120.32,39.97,895,107689.00
880,880,,*MANUAL*,93,1118,49,145.00,75.16,26.55,895,67270.00
881,881,*NOUSE*,*NOUSE*,0,0,0,0,0,0,0,0
882,882,,*MANUAL*$632$633,98,1135,59,140.00,43.01,25.38,5548,238615.00
883,883,,*MANUAL*,43,1131,66,86.00,35.64,14.68,1365,48642.00
884,884,,*MANUAL*,45,1328,65,113.00,51.50,18.01,895,46090.00
885,885,,*MANUAL*,101,1337,58,136.00,58.20,23.39,895,52093.00
886,886,,*MANUAL*,95,1443,66,154.00,88.62,24.34,895,79314.00
887,887,,*MANUAL*,46,1437,67,124.00,63.14,19.69,895,56511.00
888,888,,*MANUAL*,49,1122,77,172.00,98.56,25.78,895,88211.00
889,889,,*MANUAL*,44,1187,64,159.00,102.08,25.36,891,90951.00
890,890,,*MANUAL*,48,1202,58,200.00,117.06,32.75,893,104538.00
891,891,,*MANUAL*,44,1212,61,200.00,115.23,33.02,895,103131.00
892,892,,*MANUAL*,46,1244,77,183.00,109.88,37.25,895,98344.00
893,893,,*MANUAL*,46,1263,71,170.00,109.53,24.24,895,98033.00
894,894,,*MANUAL*,50,1292,77,183.00,121.27,31.22,895,108541.00
895,895,,*MANUAL*,47,1291,64,173.00,105.60,32.67,895,94511.00
896,896,,*MANUAL*,49,1288,52,186.00,101.91,43.57,895,91208.00
897,897,,*MANUAL*,93,1201,39,248.00,149.06,47.01,889,132512.00
898,898,,*MANUAL*,94,1209,47,239.00,153.11,44.00,895,137037.00
899,899,,*MANUAL*,97,1213,58,251.00,146.30,57.53,895,130938.00
900,900,,*MANUAL*,96,1233,53,187.00,108.44,28.81,797,86424.00
901,901,,*MANUAL*,95,1227,71,179.00,108.16,35.90,895,96803.00
902,902,,*MANUAL*,95,1246,73,220.00,141.58,43.15,895,126713.00
903,903,,*MANUAL*,94,1275,72,234.00,142.17,53.59,895,127243.00
904,904,,*MANUAL*,94,1287,49,243.00,129.84,53.45,895,116211.00
905,905,,*MANUAL*,48,1194,72,202.00,117.59,30.87,895,105245.00
906,906,,*MANUAL*,96,1221,43,228.00,115.16,55.83,895,103064.00
907,907,,*MANUAL*,49,1215,47,203.00,128.06,28.87,876,112184.00
908,908,,*MANUAL*,50,1232,50,171.00,107.44,29.47,895,96163.00
909,909,,*MANUAL*,49,1251,51,161.00,112.42,23.50,895,100617.00
910,910,,*MANUAL*,94,1251,47,212.00,125.15,49.31,895,112012.00
911,911,,*MANUAL*,56,1206,44,224.00,131.36,37.48,895,117569.00
912,912,,*MANUAL*,57,1219,41,176.00,115.88,25.84,895,103714.00
913,913,,*MANUAL*,86,1217,41,216.00,142.91,27.10,895,127903.00
914,914,,*MANUAL*,80,1303,45,232.00,150.71,42.60,889,133977.00
915,915,,*MANUAL*,64,1303,48,192.00,119.88,32.48,889,106575.00
916,916,,*MANUAL*,58,1294,56,191.00,130.26,28.45,895,116582.00
917,917,,*MANUAL*,57,1279,52,161.00,101.87,33.05,895,91178.00
918,918,,*MANUAL*,86,1294,51,250.00,151.46,47.31,895,135554.00
919,919,,*MANUAL*,87,1277,49,214.00,138.35,38.05,895,123824.00
920,920,,*MANUAL*,85,1264,56,194.00,127.14,27.60,895,113789.00
921,921,,*MANUAL*,58,1262,56,180.00,101.13,24.10,895,90514.00
922,922,,*MANUAL*,88,1233,50,222.00,154.28,35.47,895,138079.00
923,923,,*MANUAL*,56,1218,55,200.00,117.96,36.29,895,105572.00
924,924,,*MANUAL*,86,1284,67,245.00,179.35,31.63,695,124649.00
925,925,,*MANUAL*,56,1282,66,194.00,136.09,25.73,885,120440.00
926,926,,*MANUAL*,59,1260,70,198.00,139.03,23.59,895,124430.00
927,927,,*MANUAL*,80,1251,69,195.00,118.70,37.13,895,106233.00
928,928,,*MANUAL*,55,1214,68,178.00,123.42,23.73,895,110458.00
929,929,,*MANUAL*,87,1217,52,228.00,141.62,38.50,895,126749.00
930,930,,*MANUAL*,87,1273,84,231.00,156.71,47.33,839,131482.00
931,931,,*MANUAL*,86,1252,86,234.00,139.40,54.83,895,124767.00
932,932,,*MANUAL*,87,1231,81,242.00,146.39,49.41,777,113744.00
933,933,,*MANUAL*,55,1282,88,206.00,125.86,37.80,891,112143.00
934,934,,*MANUAL*,56,1264,93,199.00,123.18,37.60,895,110245.00
935,935,,*MANUAL*,57,1247,94,198.00,126.81,33.52,895,113491.00
936,936,,*MANUAL*,56,1232,90,206.00,120.87,28.53,895,108178.00
937,937,,SMBDR,81,1240,90,229.00,151.84,41.14,867,131647.00
938,938,,*MANUAL*,67,1206,96,191.00,103.75,25.03,895,92857.00
939,939,,*MANUAL*,66,1215,82,124.00,52.97,18.84,1363,72199.00
940,940,,*MANUAL*,80,1286,70,247.00,154.92,50.81,877,135865.00
941,941,,*MANUAL*,79,1292,77,244.00,140.73,68.17,858,120744.00
942,942,,*MANUAL*,69,1293,77,250.00,155.52,64.01,889,138256.00
943,943,,*MANUAL*,63,1290,69,234.00,141.47,42.54,895,126619.00
944,944,,*MANUAL*,71,1278,79,235.00,172.36,34.58,707,121855.00
945,945,,*MANUAL*,79,1278,82,252.00,179.58,36.54,895,160726.00
946,946,,*MANUAL*,62,1278,80,247.00,179.09,30.16,895,160282.00
947,947,,SIBVR,82,1264,80,243.00,161.27,40.93,895,144335.00
948,948,,*MANUAL*,66,1263,83,215.00,134.95,28.86,831,112141.00
949,949,,SIBVL,57,1264,81,212.00,129.87,43.97,895,116232.00
950,950,,*MANUAL*,73,1263,72,230.00,163.14,30.19,895,146008.00
951,951,,SMBVR,76,1248,86,236.00,173.68,33.10,895,155446.00
952,952,,AIAL,65,1248,82,239.00,163.46,37.28,821,134199.00
953,953,,SIADL,56,1248,82,231.00,148.37,37.07,895,132789.00
954,954,,*MANUAL*,73,1240,78,230.00,162.74,34.10,891,145002.00
955,955,,*MANUAL*,80,1228,78,246.00,165.47,39.75,895,148095.00
956,956,*NOUSE*,*NOUSE*,0,0,0,0,0,0,0,0
957,957,,*MANUAL*,68,1081,98,187.00,106.18,37.53,1365,144931.00
958,958,,*MANUAL*,66,1102,98,215.00,125.51,34.63,895,112329.00
959,959,,*MANUAL*,69,1115,93,210.00,128.22,35.67,895,114757.00
960,960,,*MANUAL*,63,1126,94,243.00,146.33,33.06,847,123939.00
961,961,,*MANUAL*,70,1131,96,236.00,146.36,34.67,806,117965.00
962,962,,*MANUAL*,77,1125,94,214.00,142.38,44.48,895,127434.00
963,963,,*MANUAL*,65,1144,96,214.00,141.74,29.39,895,126857.00
964,964,,*MANUAL*,77,1143,96,216.00,149.22,35.16,895,133549.00
965,965,,*MANUAL*,65,1165,98,241.00,162.65,33.72,895,145573.00
966,966,,*MANUAL*,77,1158,98,252.00,163.24,41.78,895,146099.00
967,967,,*MANUAL*,74,1173,97,244.00,152.41,47.77,895,136411.00
968,968,,*MANUAL*,69,1187,100,211.00,126.65,44.68,895,113355.00
969,969,,*MANUAL*,87,1177,92,218.00,118.45,47.94,895,106009.00
970,970,,*MANUAL*,85,1193,92,228.00,120.82,36.13,895,108137.00
971,971,,*MANUAL*,86,1208,86,251.00,151.46,54.97,895,135555.00
972,972,,*MANUAL*,54,1170,90,172.00,102.09,23.83,895,91368.00
973,973,,*MANUAL*,50,1189,89,179.00,107.23,25.56,860,92222.00
974,974,,*MANUAL*,58,1195,89,209.00,124.20,34.68,895,111158.00
975,975,,*MANUAL*,75,1209,88,253.00,168.88,45.08,895,151151.00
976,976,,*MANUAL*,94,1328,67,177.00,105.06,37.77,895,94032.00
977,977,,*MANUAL*,95,1362,61,213.00,110.28,52.08,811,89439.00
978,978,,*MANUAL*,95,1387,61,189.00,111.66,37.87,889,99262.00
979,979,,*MANUAL*,91,1334,57,218.00,143.67,33.16,828,118961.00
980,980,,*MANUAL*,87,1340,74,210.00,127.30,34.68,895,113930.00
981,981,*NOUSE*,*NOUSE*,0,0,0,0,0,0,0,0
982,982,,*MANUAL*,89,1338,49,235.00,139.45,38.29,895,124805.00
983,983,,*MANUAL*,89,1348,59,234.00,146.60,35.68,895,131208.00
984,984,,*MANUAL*,88,1364,58,215.00,149.34,29.44,895,133658.00
985,985,,*MANUAL*,86,1354,49,230.00,149.28,37.66,861,128532.00
986,986,,*MANUAL*,85,1369,46,208.00,130.15,40.81,895,116483.00
987,987,,*MANUAL*,71,1332,37,209.00,109.63,38.74,893,97903.00
988,988,,*MANUAL*,76,1342,40,221.00,141.67,34.98,895,126795.00
989,989,,*MANUAL*,66,1348,46,228.00,146.49,25.91,880,128907.00
990,990,,*MANUAL*,52,1331,74,182.00,99.81,39.46,895,89329.00
991,991,,*MANUAL*,50,1356,64,205.00,111.89,41.03,875,97906.00
992,992,,*MANUAL*,55,1333,59,177.00,111.25,26.66,883,98236.00
993,993,,*MANUAL*,55,1339,50,162.00,90.59,30.61,895,81075.00
994,994,*NOUSE*,*NOUSE*,0,0,0,0,0,0,0,0
995,995,,*MANUAL*,49,1379,67,155.00,97.91,28.35,895,87627.00
996,996,,*MANUAL*,61,1338,77,201.00,124.15,35.50,895,111117.00
997,997,,*MANUAL*,58,1354,50,202.00,129.15,34.97,877,113266.00
998,998,,*MANUAL*,58,1371,53,215.00,131.46,34.04,895,117660.00
999,999,,*MANUAL*,58,1346,64,181.00,118.17,27.08,895,105761.00
1000,1000,,*MANUAL*,58,1361,62,190.00,124.41,23.91,895,111347.00
1001,1001,,*MANUAL*,53,1348,77,214.00,128.51,38.30,885,113730.00
1002,1002,,*MANUAL*,53,1362,76,205.00,104.07,41.40,895,93143.00
1003,1003,,*MANUAL*,52,1375,78,191.00,118.63,34.54,895,106177.00
1004,1004,,*MANUAL*,55,1351,86,197.00,107.78,49.98,834,89887.00
1005,1005,,*MANUAL*,73,1306,91,215.00,136.87,35.26,889,121680.00
1006,1006,,*MANUAL*,81,1318,88,238.00,169.86,31.21,877,148968.00
1007,1007,,*MANUAL*,63,1320,87,225.00,142.04,38.46,895,127129.00
1008,1008,,*MANUAL*,87,1335,88,244.00,132.56,62.45,835,110684.00
1009,1009,,*MANUAL*,61,1335,88,226.00,137.97,44.03,895,123484.00
1010,1010,,*MANUAL*,78,1333,88,251.00,176.56,43.00,895,158019.00
1011,1011,,*MANUAL*,72,1346,88,226.00,144.33,42.95,895,129179.00
1012,1012,,*MANUAL*,62,1358,90,202.00,105.87,37.31,1365,144509.00
1013,1013,,*MANUAL*,82,1358,94,220.00,136.52,43.30,877,119727.00
1014,1014,,*MANUAL*,90,1353,72,215.00,144.86,36.02,895,129649.00
1015,1015,,*MANUAL*,91,1376,69,189.00,106.52,41.73,895,95339.00
1016,1016,,*MANUAL*,91,1368,78,227.00,136.05,37.57,895,121766.00
1017,1017,,*MANUAL*,94,1398,73,227.00,119.47,56.22,895,106922.00
1018,1018,,*MANUAL*,86,1385,82,198.00,120.94,41.40,895,108243.00
1019,1019,,*MANUAL*,94,1418,70,225.00,132.31,42.06,883,116827.00
1020,1020,*NOUSE*,*NOUSE*,0,0,0,0,0,0,0,0
1021,1021,,*MANUAL*,91,1381,52,237.00,111.15,57.67,895,99480.00
1022,1022,,*MANUAL*,89,1400,54,193.00,101.91,43.83,895,91207.00
1023,1023,,*MANUAL*,89,1414,49,225.00,127.06,36.41,895,113720.00
1024,1024,,*MANUAL*,89,1427,53,189.00,116.07,30.01,895,103886.00
1025,1025,,*MANUAL*,77,1358,49,236.00,136.33,53.54,895,122013.00
1026,1026,,*MANUAL*,66,1361,50,221.00,144.04,28.74,895,128912.00
1027,1027,,*MANUAL*,77,1379,41,192.00,118.15,35.44,889,105037.00
1028,1028,,*MANUAL*,67,1376,45,227.00,128.33,43.19,895,114851.00
1029,1029,,*MANUAL*,62,1397,44,181.00,93.31,33.78,895,83508.00
1030,1030,,*MANUAL*,92,1467,60,167.00,79.34,31.30,1365,108301.00
1031,1031,,*MANUAL*,91,1445,55,180.00,83.75,45.41,895,74960.00
1032,1032,,*MANUAL*,92,1476,73,205.00,111.44,39.33,895,99743.00
1033,1033,,*MANUAL*,91,1457,77,192.00,106.14,31.86,895,94997.00
1034,1034,,*MANUAL*,90,1441,80,212.00,122.79,43.46,895,109898.00
1035,1035,*NOUSE*,*NOUSE*,0,0,0,0,0,0,0,0
1036,1036,,*MANUAL*,49,1486,67,163.00,85.34,26.87,895,76380.00
1037,1037,,*MANUAL*,49,1469,62,136.00,74.37,22.25,895,66557.00
1038,1038,,*MANUAL*,53,1451,57,177.00,92.04,35.89,895,82373.00
1039,1039,,*MANUAL*,52,1437,56,163.00,95.87,25.05,895,85801.00
1040,1040,,*MANUAL*,54,1423,54,173.00,102.29,29.03,895,91554.00
1041,1041,,*MANUAL*,51,1471,78,170.00,97.44,29.88,895,87207.00
1042,1042,,*MANUAL*,51,1456,74,145.00,84.80,24.19,889,75386.00
1043,1043,*NOUSE*,*NOUSE*,0,0,0,0,0,0,0,0
1044,1044,,*MANUAL*,52,1432,80,187.00,114.04,30.23,895,102070.00
1045,1045,,*MANUAL*,56,1383,56,189.00,119.29,32.34,714,85172.00
1046,1046,,*MANUAL*,50,1388,56,208.00,138.34,30.39,895,123817.00
1047,1047,,*MANUAL*,51,1403,55,241.00,123.88,42.10,829,102700.00
1048,1048,*NOUSE*,*NOUSE*,0,0,0,0,0,0,0,0
1049,1049,,*MANUAL*$318$333,69,1624,48,98.00,33.87,17.70,3854,130535.00
1050,1050,,*MANUAL*,67,1525,90,183.00,98.21,41.82,792,77779.00
1051,1051,,*MANUAL*,73,1531,90,189.00,91.52,37.27,895,81907.00
1052,1052,,*MANUAL*,76,1505,90,196.00,90.91,43.16,895,81364.00
1053,1053,,*MANUAL*,67,1493,92,201.00,125.12,31.91,895,111980.00
1054,1054,,*MANUAL*,75,1484,91,207.00,110.82,46.41,895,99186.00
1055,1055,,*MANUAL*,67,1472,90,211.00,130.06,37.46,872,113415.00
1056,1056,,*MANUAL*,76,1461,89,217.00,111.65,48.14,851,95014.00
1057,1057,,*MANUAL*,71,1464,95,171.00,58.64,33.43,1365,80050.00
1058,1058,,*MANUAL*,76,1333,100,157.00,59.58,32.39,1365,81322.00
1059,1059,,*MANUAL*,74,1313,98,150.00,70.52,27.01,895,63115.00
1060,1060,,*MANUAL*,67,1568,44,143.00,71.18,30.28,895,63704.00
1061,1061,,*MANUAL*,77,1556,45,172.00,79.63,34.71,895,71270.00
1062,1062,,*MANUAL*,65,1541,44,149.00,84.96,22.89,895,76041.00
1063,1063,,*MANUAL*,76,1522,44,181.00,89.86,30.81,895,80428.00
1064,1064,,*MANUAL*,65,1514,43,181.00,91.40,33.96,895,81803.00
1065,1065,,*MANUAL*,79,1495,46,228.00,120.66,44.67,895,107989.00
1066,1066,,*MANUAL*,63,1490,42,190.00,90.18,46.11,849,76563.00
1067,1067,,*MANUAL*,71,1487,42,205.00,101.55,36.73,895,90885.00
1068,1068,,*MANUAL*,71,1364,37,147.00,60.56,26.95,1365,82665.00
1069,1069,,*MANUAL*$330$345,70,1270,29,120.00,44.36,22.54,3841,170398.00
1070,1070,,*MANUAL*$224$237,65,727,36,138.00,48.39,31.67,3964,191809.00
1071,1071,,*MANUAL*,90,1357,87,232.00,149.85,35.37,895,134116.00
1072,1072,,*MANUAL*$227$214,61,1437,42,133.00,47.76,25.09,3946,188469.00
1073,1073,,*MANUAL*,68,313,50,82.00,37.89,15.86,2103,79688.00
1074,1074,,*MANUAL*,68,969,98,208.00,102.94,45.18,1365,140511.00
1075,1075,*NOUSE*,*NOUSE*,0,0,0,0,0,0,0,0
1076,1076,,*MANUAL*$424$392,78,1047,76,91.00,33.19,14.13,4982,165356.00
1077,1077,,*MANUAL*,86,1298,38,212.00,121.04,48.02,895,108329.00
1078,1078,,*MANUAL*,74,255,55,139.00,89.68,17.56,895,80268.00
1079,1079,,*MANUAL*,74,242,53,129.00,85.67,15.88,895,76677.00
1080,1080,,*MANUAL*,72,229,65,134.00,92.59,17.38,895,82872.00
1081,1081,,*MANUAL*,85,280,83,154.00,98.41,24.73,895,88081.00
1082,1082,,*MANUAL*,57,304,70,142.00,75.88,25.29,895,67916.00
1083,1083,,*MANUAL*,86,1217,72,218.00,140.66,33.51,895,125891.00
1084,1084,,*MANUAL*,86,1128,79,228.00,143.31,35.75,1365,195619.00
1085,1085,,*MANUAL*,56,1120,86,166.00,106.79,23.16,895,95580.00
1086,1086,,*MANUAL*,92,1426,80,224.00,125.37,43.10,849,106440.00
1087,1087,,*MANUAL*,83,1425,82,247.00,142.32,51.93,895,127374.00
1088,1088,,*MANUAL*$212$225,63,1096,35,136.00,45.81,29.93,3834,175633.00
1089,1089,,*MANUAL*,49,1181,49,111.00,60.60,16.50,1365,82718.00
1090,1090,*NOUSE*,*NOUSE*,0,0,0,0,0,0,0,0
1091,1091,*NOUSE*,*NOUSE*,0,0,0,0,0,0,0,0
1092,1092,,*MANUAL*,49,1394,73,194.00,114.78,32.46,895,102731.00
1093,1093,,*MANUAL*,47,1409,72,212.00,113.42,39.24,895,101513.00
1094,1094,,*MANUAL*$351$325,71,512,74,78.00,24.76, 9.30,6479,160392.00
1095,1095,,*MANUAL*,65,633,82,123.00,65.98,18.59,895,59051.00
1096,1096,*NOUSE*,*NOUSE*,0,0,0,0,0,0,0,0
1097,1097,,*MANUAL*,92,1368,91,164.00,83.30,37.02,895,74555.00
1098,1098,f1,*MANUAL*,71,1298,55,65.00,21.64, 7.92,895,19367.00
1099,1099,f2,*MANUAL*,71,1284,54,31.00,15.47, 4.19,895,13849.00
1100,1100,f3,*MANUAL*,71,1257,53,34.00,15.63, 5.20,895,13992.00
1101,1101,f4,*MANUAL*,71,1235,61,49.00,19.89, 6.54,895,17800.00
1102,1102,f5,*MANUAL*,71,1183,62,36.00,11.34, 4.24,895,10151.00
1103,1103,f6,*MANUAL*,71,1163,62,17.00, 5.82, 2.83,895,5205.00
1104,1104,f7,*MANUAL*,71,1145,62,18.00, 7.94, 2.76,895,7109.00
1105,1105,f8,*MANUAL*,72,1093,59, 8.00, 2.39, 1.58,895,2138.00
1106,1106,f9,*MANUAL*,71,1065,58,12.00, 2.36, 1.53,895,2109.00
1107,1107,f10,*MANUAL*,71,1022,58,14.00, 1.91, 1.86,895,1712.00
1108,1108,,*MANUAL*,55,1449,84,190.00,98.47,35.52,895,88129.00
1109,1109,,*MANUAL*,89,1319,81,190.00,109.45,38.05,895,97958.00
1110,1110,,*MANUAL*,52,1312,76,193.00,99.24,34.09,895,88816.00
1111,1111,*NOUSE*,*NOUSE*,0,0,0,0,0,0,0,0
1112,1112,,*MANUAL*,57,1409,50,197.00,117.20,31.75,895,104894.00
1113,1113,,*MANUAL*,65,1233,74,208.00,121.44,28.80,895,108692.00
