0,0,*NOUSE*,*NOUSE*,0,0,0,0,0,0,0,0
1,1,*NOUSE*,*NOUSE*,0,0,0,0,0,0,0,0
2,2,*NOUSE*,*NOUSE*,0,0,0,0,0,0,0,0
3,3,*NOUSE*,*NOUSE*,0,0,0,0,0,0,0,0
4,4,*NOUSE*,*NOUSE*,0,0,0,0,0,0,0,0
5,5,*NOUSE*,*NOUSE*,0,0,0,0,0,0,0,0
6,6,*NOUSE*,*NOUSE*,0,0,0,0,0,0,0,0
7,7,*NOUSE*,*NOUSE*,0,0,0,0,0,0,0,0
8,8,*NOUSE*,*NOUSE*,0,0,0,0,0,0,0,0
9,9,*NOUSE*,*NOUSE*,0,0,0,0,0,0,0,0
10,10,*NOUSE*,*NOUSE*,0,0,0,0,0,0,0,0
11,11,*NOUSE*,*NOUSE*,0,0,0,0,0,0,0,0
12,12,*NOUSE*,*NOUSE*,0,0,0,0,0,0,0,0
13,13,*NOUSE*,*NOUSE*,0,0,0,0,0,0,0,0
14,14,*NOUSE*,*NOUSE*,0,0,0,0,0,0,0,0
15,15,*NOUSE*,*NOUSE*,0,0,0,0,0,0,0,0
16,16,*NOUSE*,*NOUSE*,0,0,0,0,0,0,0,0
17,17,*NOUSE*,*NOUSE*,0,0,0,0,0,0,0,0
18,18,*NOUSE*,*NOUSE*,0,0,0,0,0,0,0,0
19,19,*NOUSE*,*NOUSE*,0,0,0,0,0,0,0,0
20,20,*NOUSE*,*NOUSE*,0,0,0,0,0,0,0,0
21,21,*NOUSE*,*NOUSE*,0,0,0,0,0,0,0,0
22,22,*NOUSE*,*NOUSE*,0,0,0,0,0,0,0,0
23,23,*NOUSE*,*NOUSE*,0,0,0,0,0,0,0,0
24,24,*NOUSE*,*NOUSE*,0,0,0,0,0,0,0,0
25,25,*NOUSE*,*NOUSE*,0,0,0,0,0,0,0,0
26,26,*NOUSE*,*NOUSE*,0,0,0,0,0,0,0,0
27,27,*NOUSE*,*NOUSE*,0,0,0,0,0,0,0,0
28,28,*NOUSE*,*NOUSE*,0,0,0,0,0,0,0,0
29,29,*NOUSE*,*NOUSE*,0,0,0,0,0,0,0,0
30,30,*NOUSE*,*NOUSE*,0,0,0,0,0,0,0,0
31,31,*NOUSE*,*NOUSE*,0,0,0,0,0,0,0,0
32,32,*NOUSE*,*NOUSE*,0,0,0,0,0,0,0,0
33,33,*NOUSE*,*NOUSE*,0,0,0,0,0,0,0,0
34,34,*NOUSE*,*NOUSE*,0,0,0,0,0,0,0,0
35,35,*NOUSE*,*NOUSE*,0,0,0,0,0,0,0,0
36,36,*NOUSE*,*NOUSE*,0,0,0,0,0,0,0,0
37,37,*NOUSE*,*NOUSE*,0,0,0,0,0,0,0,0
38,38,*NOUSE*,*NOUSE*,0,0,0,0,0,0,0,0
39,39,*NOUSE*,*NOUSE*,0,0,0,0,0,0,0,0
40,40,*NOUSE*,*NOUSE*,0,0,0,0,0,0,0,0
41,41,*NOUSE*,*NOUSE*,0,0,0,0,0,0,0,0
42,42,*NOUSE*,*NOUSE*,0,0,0,0,0,0,0,0
43,43,*NOUSE*,*NOUSE*,0,0,0,0,0,0,0,0
44,44,*NOUSE*,*NOUSE*,0,0,0,0,0,0,0,0
45,45,*NOUSE*,*NOUSE*,0,0,0,0,0,0,0,0
46,46,*NOUSE*,*NOUSE*,0,0,0,0,0,0,0,0
47,47,*NOUSE*,*NOUSE*,0,0,0,0,0,0,0,0
48,48,*NOUSE*,*NOUSE*,0,0,0,0,0,0,0,0
49,49,*NOUSE*,*NOUSE*,0,0,0,0,0,0,0,0
50,50,*NOUSE*,*NOUSE*,0,0,0,0,0,0,0,0
51,51,*NOUSE*,*NOUSE*,0,0,0,0,0,0,0,0
52,52,*NOUSE*,*NOUSE*,0,0,0,0,0,0,0,0
53,53,*NOUSE*,*NOUSE*,0,0,0,0,0,0,0,0
54,54,*NOUSE*,*NOUSE*,0,0,0,0,0,0,0,0
55,55,*NOUSE*,*NOUSE*,0,0,0,0,0,0,0,0
56,56,*NOUSE*,*NOUSE*,0,0,0,0,0,0,0,0
57,57,*NOUSE*,*NOUSE*,0,0,0,0,0,0,0,0
58,58,*NOUSE*,*NOUSE*,0,0,0,0,0,0,0,0
59,59,*NOUSE*,*NOUSE*,0,0,0,0,0,0,0,0
60,60,*NOUSE*,*NOUSE*,0,0,0,0,0,0,0,0
61,61,*NOUSE*,*NOUSE*,0,0,0,0,0,0,0,0
62,62,*NOUSE*,*NOUSE*,0,0,0,0,0,0,0,0
63,63,*NOUSE*,*NOUSE*,0,0,0,0,0,0,0,0
64,64,*NOUSE*,*NOUSE*,0,0,0,0,0,0,0,0
65,65,*NOUSE*,*NOUSE*,0,0,0,0,0,0,0,0
66,66,*NOUSE*,*NOUSE*,0,0,0,0,0,0,0,0
67,67,*NOUSE*,*NOUSE*,0,0,0,0,0,0,0,0
68,68,*NOUSE*,*NOUSE*,0,0,0,0,0,0,0,0
69,69,*NOUSE*,*NOUSE*,0,0,0,0,0,0,0,0
70,70,*NOUSE*,*NOUSE*,0,0,0,0,0,0,0,0
71,71,*NOUSE*,*NOUSE*,0,0,0,0,0,0,0,0
72,72,*NOUSE*,*NOUSE*,0,0,0,0,0,0,0,0
73,73,*NOUSE*,*NOUSE*,0,0,0,0,0,0,0,0
74,74,*NOUSE*,*NOUSE*,0,0,0,0,0,0,0,0
75,75,*NOUSE*,*NOUSE*,0,0,0,0,0,0,0,0
76,76,*NOUSE*,*NOUSE*,0,0,0,0,0,0,0,0
77,77,*NOUSE*,*NOUSE*,0,0,0,0,0,0,0,0
78,78,*NOUSE*,*NOUSE*,0,0,0,0,0,0,0,0
79,79,*NOUSE*,*NOUSE*,0,0,0,0,0,0,0,0
80,80,*NOUSE*,*NOUSE*,0,0,0,0,0,0,0,0
81,81,*NOUSE*,*NOUSE*,0,0,0,0,0,0,0,0
82,82,*NOUSE*,*NOUSE*,0,0,0,0,0,0,0,0
83,83,*NOUSE*,*NOUSE*,0,0,0,0,0,0,0,0
84,84,*NOUSE*,*NOUSE*,0,0,0,0,0,0,0,0
85,85,*NOUSE*,*NOUSE*,0,0,0,0,0,0,0,0
86,86,*NOUSE*,*NOUSE*,0,0,0,0,0,0,0,0
87,87,*NOUSE*,*NOUSE*,0,0,0,0,0,0,0,0
88,88,*NOUSE*,*NOUSE*,0,0,0,0,0,0,0,0
89,89,*NOUSE*,*NOUSE*,0,0,0,0,0,0,0,0
90,90,*NOUSE*,*NOUSE*,0,0,0,0,0,0,0,0
91,91,*NOUSE*,*NOUSE*,0,0,0,0,0,0,0,0
92,92,*NOUSE*,*NOUSE*,0,0,0,0,0,0,0,0
93,93,*NOUSE*,*NOUSE*,0,0,0,0,0,0,0,0
94,94,*NOUSE*,*NOUSE*,0,0,0,0,0,0,0,0
95,95,*NOUSE*,*NOUSE*,0,0,0,0,0,0,0,0
96,96,*NOUSE*,*NOUSE*,0,0,0,0,0,0,0,0
97,97,*NOUSE*,*NOUSE*,0,0,0,0,0,0,0,0
98,98,*NOUSE*,*NOUSE*,0,0,0,0,0,0,0,0
99,99,*NOUSE*,*NOUSE*,0,0,0,0,0,0,0,0
100,100,,*MANUAL*,58,1151,62,178.00,89.08,32.24,861,76694
101,101,,*MANUAL*,67,1154,90,164.00,90.62,23.41,893,80920
102,102,,*MANUAL*,60,1158,55,201.00,132.69,29.89,895,118759
103,103,,*MANUAL*,76,1161,76,177.00,88.60,32.40,1365,120943
104,104,,*MANUAL*,49,1163,86,163.00,92.32,27.20,895,82628
105,105,,*MANUAL*,64,1164,95,147.00,87.66,20.05,895,78454
106,106,,*MANUAL*,61,1170,59,174.00,119.22,25.88,883,105271
107,107,,*MANUAL*,68,1177,52,208.00,142.93,32.82,895,127921
108,108,,*MANUAL*,53,1177,54,185.00,110.90,27.83,1365,151377
109,109,,*MANUAL*,54,1182,91,124.00,72.51,22.87,1365,98976
110,110,,*MANUAL*,60,1191,48,163.00,80.29,29.50,1365,109593
111,111,,*MANUAL*,46,1194,84,144.00,80.72,22.44,895,72243
112,112,,*MANUAL*,78,1194,75,164.00,101.28,21.82,895,90645
113,113,,*MANUAL*,46,1192,65,148.00,84.08,23.15,895,75250
114,114,,*MANUAL*,73,1190,57,173.00,103.08,29.28,895,92260
115,115,,*MANUAL*,66,1194,100,130.00,79.77,19.15,895,71395
116,116,,*MANUAL*,74,1191,89,192.00,114.12,33.83,895,102141
117,117,,*MANUAL*,47,1217,64,152.00,77.58,25.98,1365,105894
118,118,,*MANUAL*,71,1215,57,159.00,97.04,21.80,1365,132455
119,119,,*MANUAL*,62,1221,95,151.00,92.62,24.16,895,82891
120,120,,*MANUAL*,50,1218,94,186.00,121.62,24.13,895,108854
121,121,,*MANUAL*,76,1218,88,217.00,144.76,30.02,886,128253
122,122,,*MANUAL*,74,1230,76,190.00,109.97,27.92,1365,150109
123,123,,*MANUAL*,52,1234,85,169.00,107.43,23.83,895,96153
124,124,,*MANUAL*,65,1237,93,189.00,122.27,31.77,895,109432
125,125,,*MANUAL*,49,1237,66,202.00,126.50,38.41,895,113218
126,126,,*MANUAL*,74,1235,63,226.00,158.65,36.27,895,141992
127,127,,*MANUAL*,56,1244,59,176.00,124.79,15.82,485,60523
128,128,,*MANUAL*,65,1244,57,182.00,127.30,20.06,485,61739
129,129,,*MANUAL*,51,1252,75,175.00,113.25,21.10,859,97286
130,130,,*MANUAL*,69,1252,70,193.00,117.18,30.15,895,104872
131,131,,*MANUAL*,59,1254,86,166.00,114.25,21.09,465,53128
132,132,,*MANUAL*,67,1254,85,182.00,134.18,17.85,485,65078
133,133,,*MANUAL*,61,1269,60,146.00,91.05,20.27,895,81491
134,134,,*MANUAL*,56,1281,78,144.00,87.99,19.68,895,78752
135,135,,*MANUAL*,68,1276,76,190.00,114.48,28.00,858,98227
136,136,,*MANUAL*,69,1433,58,243.00,159.75,50.19,895,142976
137,137,,*MANUAL*,52,1434,65,215.00,145.25,33.37,877,127387
138,138,,*MANUAL*,66,1433,80,180.00,124.52,21.12,895,111444
139,139,,*MANUAL*,65,1458,89,236.00,149.93,37.49,895,134184
140,140,,*MANUAL*,47,1458,61,206.00,124.80,30.53,895,111700
141,141,,*MANUAL*,72,1462,53,221.00,146.83,35.30,895,131416
142,142,,*MANUAL*,65,1475,46,199.00,124.57,30.62,895,111492
143,143,,*MANUAL*,51,1475,49,182.00,105.62,27.55,893,94320
144,144,,*MANUAL*,47,1472,76,205.00,110.23,31.07,895,98659
145,145,,*MANUAL*,75,1475,63,230.00,127.12,41.38,895,113771
146,146,,*MANUAL*,58,1473,89,190.00,138.74,27.18,409,56745
147,147,,*MANUAL*,71,1473,85,206.00,141.12,26.07,479,67597
148,148,,*MANUAL*,64,1475,90,227.00,171.24,22.74,485,83050
149,149,,*MANUAL*,52,1484,63,241.00,169.16,28.98,469,79336
150,150,,*MANUAL*,46,1479,60,251.00,170.91,32.24,485,82892
151,151,,*MANUAL*,68,1491,58,251.00,189.98,29.25,444,84349
152,152,,*MANUAL*,75,1480,50,248.00,184.87,26.38,485,89664
153,153,,*MANUAL*,58,1492,48,165.00,101.95,27.10,895,91245
154,154,,*MANUAL*,53,1492,82,221.00,113.79,28.24,895,101844
155,155,,*MANUAL*,73,1492,74,198.00,106.43,28.92,852,90675
156,156,,*MANUAL*,52,1500,55,239.00,140.87,53.33,895,126081
157,157,,*MANUAL*,68,1500,50,242.00,168.97,45.67,847,143115
158,158,,*MANUAL*,49,1498,71,225.00,141.31,42.41,895,126475
159,159,,*MANUAL*,73,1497,58,253.00,170.84,51.94,895,152898
160,160,,*MANUAL*,66,1497,83,253.00,187.54,43.08,404,75765
161,161,,*MANUAL*,72,1497,81,254.00,198.82,35.89,473,94042
162,162,,*MANUAL*,49,1520,63,188.00,118.86,32.22,892,106023
163,163,,*MANUAL*,70,1525,57,228.00,141.77,38.06,895,126883
164,164,,*MANUAL*,67,1641,54,157.00,71.34,35.40,1365,97375
165,165,,*MANUAL*,67,1616,54,210.00,121.96,42.63,895,109153
166,166,,*MANUAL*,68,1599,54,226.00,132.81,42.76,895,118868
167,167,,*MANUAL*,69,1584,55,220.00,139.69,36.63,889,124185
168,168,,*MANUAL*,69,1559,57,204.00,112.43,41.10,895,100629
169,169,,*MANUAL*,72,1541,64,160.00,85.91,26.78,895,76892
170,170,,*MANUAL*,65,1573,52,178.00,76.05,28.91,895,68062
171,171,,*MANUAL*,51,1583,55,126.00,51.80,19.10,861,44599
172,172,,*MANUAL*,48,1642,59,140.00,75.70,35.42,895,67752
173,173,,*MANUAL*,48,1617,60,192.00,116.76,35.75,895,104498
174,174,,*MANUAL*,48,1604,61,204.00,127.48,37.40,895,114092
175,175,,*MANUAL*,48,1580,62,175.00,100.83,39.81,895,90239
176,176,,*MANUAL*,48,1556,62,177.00,100.64,28.27,867,87255
177,177,,*MANUAL*,60,1643,82,145.00,78.15,28.09,895,69947
178,178,,*MANUAL*,62,1616,81,186.00,100.48,40.36,895,89933
179,179,,*MANUAL*,62,1597,83,221.00,121.11,39.70,895,108389
180,180,,*MANUAL*,62,1573,86,183.00,107.61,34.40,891,95883
181,181,,*MANUAL*,62,1529,86,183.00,101.97,29.65,895,91259
182,182,,*MANUAL*,66,1564,81,161.00,66.12,27.22,895,59181
183,183,,*MANUAL*,58,1548,82,125.00,53.91,20.68,895,48250
184,184,,*MANUAL*,81,1149,58,230.00,126.73,42.00,895,113419
185,185,,*MANUAL*,85,1180,52,191.00,128.83,29.88,895,115304
186,186,,*MANUAL*,86,1201,53,209.00,138.04,28.56,895,123550
187,187,,*MANUAL*,86,1215,61,208.00,113.99,46.42,895,102022
188,188,,*MANUAL*,87,1230,56,200.00,130.41,38.25,895,116721
189,189,,*MANUAL*,86,1250,55,213.00,139.53,31.83,893,124604
190,190,,*MANUAL*,86,1272,57,162.00,97.86,31.63,1365,133576
191,191,,*MANUAL*,86,1291,52,219.00,141.58,43.45,893,126431
192,192,,*MANUAL*,86,1313,60,210.00,111.98,36.26,1365,152853
193,193,,*MANUAL*,84,1329,52,230.00,139.33,46.13,895,124698
194,194,,*MANUAL*,82,1349,55,215.00,132.34,39.16,895,118448
195,195,,*MANUAL*,85,1295,69,183.00,106.11,34.28,1365,144839
196,196,,*MANUAL*,87,1276,75,188.00,121.75,30.04,821,99953
197,197,,*MANUAL*,87,1254,72,231.00,137.07,32.49,895,122680
198,198,,*MANUAL*,87,1231,75,207.00,139.05,34.74,895,124453
199,199,,*MANUAL*,86,1244,83,206.00,134.67,41.69,895,120532
200,200,,*MANUAL*,85,1261,89,221.00,141.21,40.59,852,120307
201,201,,*MANUAL*,81,1278,91,203.00,127.50,41.60,895,114114
202,202,,*MANUAL*,82,1293,89,190.00,123.85,35.34,895,110842
203,203,,*MANUAL*,84,1317,79,188.00,111.47,35.63,1344,149815
204,204,,*MANUAL*,84,1339,69,208.00,137.73,26.02,885,121888
205,205,,*MANUAL*,84,1358,73,212.00,117.23,35.28,1365,160021
206,206,,*MANUAL*,81,1335,85,200.00,125.52,30.01,895,112339
207,207,,*MANUAL*,76,1307,84,195.00,122.08,28.83,895,109263
208,208,,*MANUAL*,75,1293,76,195.00,136.23,29.79,895,121922
209,209,,*MANUAL*,77,1331,66,208.00,147.15,28.08,895,131698
210,210,,*MANUAL*,75,1310,66,211.00,140.80,28.97,895,126019
211,211,,*MANUAL*,78,1276,76,238.00,163.51,29.70,895,146345
212,212,,*MANUAL*,77,1257,85,213.00,151.08,22.98,895,135216
213,213,,*MANUAL*,79,1263,66,217.00,149.87,28.74,895,134131
214,214,,*MANUAL*,82,1244,64,206.00,136.89,35.68,895,122519
215,215,,*MANUAL*,76,1248,97,209.00,136.28,34.00,895,121970
216,216,,*MANUAL*,70,1264,100,173.00,98.20,28.81,1365,134042
217,217,,*MANUAL*,70,1283,99,166.00,89.55,23.09,1365,122233
218,218,,*MANUAL*,70,1309,98,144.00,96.45,20.46,1365,131657
219,219,,*MANUAL*,70,1331,96,185.00,124.22,28.34,895,111174
220,220,,*MANUAL*,59,1338,98,186.00,132.01,22.05,894,118021
221,221,,*MANUAL*,58,1314,100,158.00,111.17,18.11,895,99497
222,222,,*MANUAL*,58,1290,102,145.00,89.87,18.98,1365,122678
223,223,,*MANUAL*,56,1270,99,153.00,107.82,15.89,895,96497
224,224,,*MANUAL*,50,1250,100,208.00,150.22,28.06,758,113865
225,225,,*MANUAL*,46,1264,86,168.00,120.59,22.09,895,107928
226,226,,*MANUAL*,38,1162,70,173.00,98.58,25.82,895,88227
227,227,,*MANUAL*,33,1201,67,132.00,89.83,20.45,895,80400
228,228,,*MANUAL*,33,1220,66,144.00,94.96,19.25,895,84985
229,229,,*MANUAL*,35,1229,76,151.00,103.42,20.80,895,92557
230,230,,*MANUAL*,33,1243,70,158.00,108.06,21.26,895,96718
231,231,,*MANUAL*,33,1258,72,162.00,100.57,26.85,1327,133462
232,232,,*MANUAL*,36,1278,67,132.00,90.29,19.07,1347,121627
233,233,,*MANUAL*,36,1297,65,164.00,116.98,19.30,895,104699
234,234,,*MANUAL*,36,1319,71,143.00,96.05,20.18,1327,127453
235,235,,*MANUAL*,36,1334,66,196.00,132.67,21.34,895,118738
236,236,,*MANUAL*,39,1350,64,227.00,125.24,36.52,895,112088
237,237,,*MANUAL*,38,1300,83,148.00,95.19,21.15,1365,129935
238,238,,*MANUAL*,38,1278,87,127.00,92.91,14.24,867,80555
239,239,,*MANUAL*,36,1257,85,172.00,109.48,27.71,895,97982
240,240,,*MANUAL*,40,1323,88,163.00,100.71,29.95,895,90135
241,241,,*MANUAL*,39,1344,83,159.00,108.13,23.42,895,96779
242,242,,*MANUAL*,39,1361,85,164.00,109.87,25.77,895,98331
243,243,,*MANUAL*,39,1239,90,158.00,98.84,23.76,895,88464
244,244,,*MANUAL*,43,1250,98,213.00,137.12,35.64,895,122726
245,245,,*MANUAL*,44,1265,100,194.00,126.21,25.90,895,112954
246,246,,*MANUAL*,47,1281,93,167.00,105.40,28.08,1365,143866
247,247,,*MANUAL*,45,1298,99,168.00,113.35,25.02,895,101449
248,248,,*MANUAL*,50,1314,87,162.00,114.89,18.64,895,102824
249,249,,*MANUAL*,50,1298,86,173.00,116.65,22.04,895,104406
250,250,,*MANUAL*,46,1336,73,169.00,117.16,21.67,895,104862
251,251,,*MANUAL*,46,1315,71,199.00,122.28,23.06,895,109443
252,252,,*MANUAL*,45,1290,74,167.00,117.84,21.95,895,105465
253,253,,*MANUAL*,45,1271,69,162.00,120.07,19.95,895,107459
254,254,,*MANUAL*,42,1252,71,182.00,138.69,15.92,895,124129
255,255,,*MANUAL*,52,1330,88,168.00,118.11,22.77,893,105476
256,256,,*MANUAL*,52,1351,86,201.00,129.81,33.46,880,114229
257,257,,*MANUAL*,75,1345,79,217.00,142.12,34.16,895,127198
258,258,,*MANUAL*,75,1322,84,200.00,134.92,25.12,895,120756
259,259,,*MANUAL*,67,1365,106,178.00,95.26,29.46,1362,129749
260,260,,*MANUAL*,67,1344,104,184.00,127.15,25.48,889,113038
261,261,,*MANUAL*,58,1359,89,213.00,133.09,42.42,895,119120
262,262,,*MANUAL*,69,1356,85,210.00,132.72,34.69,895,118787
263,263,,*MANUAL*,52,1349,103,179.00,114.69,25.99,895,102652
264,264,,*MANUAL*,76,1344,97,237.00,150.79,38.27,895,134956
265,265,,*MANUAL*,48,1336,97,186.00,129.56,23.29,895,115952
266,266,,*MANUAL*,52,1355,55,210.00,146.82,28.74,485,71210
267,267,,*MANUAL*,67,1351,53,253.00,155.71,48.97,485,75518
268,268,,*MANUAL*,48,1351,67,213.00,126.34,39.84,895,113074
269,269,,*MANUAL*,73,1343,59,236.00,142.20,39.09,895,127266
270,270,,*MANUAL*,41,1340,48,201.00,131.85,33.05,889,117215
271,271,,*MANUAL*,42,1319,45,176.00,127.25,24.74,895,113885
272,272,,*MANUAL*,47,1300,43,180.00,132.49,17.77,871,115402
273,273,,*MANUAL*,74,1300,36,212.00,134.87,31.61,895,120710
274,274,,*MANUAL*,76,1318,36,202.00,132.55,35.96,895,118628
275,275,,*MANUAL*,76,1339,42,224.00,157.05,29.46,882,138515
276,276,,*MANUAL*,49,1334,49,241.00,172.88,22.23,485,83845
277,277,,*MANUAL*,70,1332,45,242.00,178.08,27.56,485,86370
278,278,,*MANUAL*,59,1335,47,220.00,159.70,25.39,895,142928
279,279,,*MANUAL*,76,1318,52,211.00,147.68,30.65,895,132176
280,280,,*MANUAL*,67,1311,47,217.00,159.98,21.93,485,77591
281,281,,*MANUAL*,55,1313,45,211.00,149.24,25.77,895,133571
282,282,,*MANUAL*,52,1322,57,202.00,126.82,36.34,861,109188
283,283,,*MANUAL*,43,1326,58,212.00,137.67,27.33,895,123215
284,284,,*MANUAL*,69,1295,48,231.00,177.61,30.22,853,151498
285,285,,*MANUAL*,78,1298,50,239.00,167.69,33.45,895,150084
286,286,,*MANUAL*,55,1297,49,237.00,156.44,25.59,892,139548
287,287,,*MANUAL*,49,1297,59,169.00,119.17,23.74,895,106659
288,288,,*MANUAL*,38,1298,51,180.00,121.77,26.78,895,108984
289,289,,*MANUAL*,44,1280,50,182.00,120.34,22.98,895,107708
290,290,,*MANUAL*,73,1278,55,198.00,120.87,29.05,895,108180
291,291,,*MANUAL*,75,1281,41,210.00,136.16,33.62,895,121863
292,292,,*MANUAL*,66,1266,46,99.00,45.89,14.31,895,41076
293,293,,*MANUAL*,69,1247,46,238.00,163.16,37.71,885,144393
294,294,,*MANUAL*,78,1241,44,222.00,152.82,30.94,895,136772
295,295,,*MANUAL*,78,1224,44,203.00,122.39,31.92,895,109543
296,296,,*MANUAL*,73,1158,42,183.00,99.65,31.50,1365,136027
297,297,,*MANUAL*,52,1256,51,213.00,146.98,28.35,895,131551
298,298,,*MANUAL*,44,1265,53,191.00,123.47,28.01,895,110508
299,299,,*MANUAL*,40,1248,48,149.00,101.40,18.73,895,90757
300,300,,*MANUAL*,40,1235,55,141.00,99.66,20.49,895,89200
301,301,,*MANUAL*,38,1213,53,145.00,86.41,20.15,895,77341
302,302,,*MANUAL*,59,1327,32,157.00,83.91,28.00,1365,114536
303,303,,*MANUAL*,61,1297,37,214.00,132.14,26.58,895,118269
304,304,,*MANUAL*,61,1264,35,182.00,87.86,29.31,895,78639
305,305,,*MANUAL*,61,1248,27,212.00,136.73,29.33,873,119363
306,306,,*MANUAL*,59,1231,30,242.00,151.38,44.30,877,132762
307,307,,*MANUAL*,50,1231,36,220.00,140.37,34.70,895,125627
308,308,,*MANUAL*,66,1224,35,234.00,151.95,34.56,895,135995
309,309,,*MANUAL*,48,1212,37,189.00,123.27,26.84,895,110329
310,310,,*MANUAL*,67,1204,30,187.00,126.54,29.80,895,113254
311,311,,*MANUAL*,55,1202,30,165.00,112.93,27.84,895,101074
312,312,,*MANUAL*,49,1185,36,192.00,114.87,31.76,886,101775
313,313,,*MANUAL*,65,1182,32,205.00,142.89,24.00,895,127888
314,314,,*MANUAL*,55,1174,27,171.00,95.93,34.84,895,85857
315,315,,*MANUAL*,61,1160,34,167.00,121.36,21.67,895,108613
316,316,,*MANUAL*,57,1147,40,180.00,119.29,27.90,895,106764
317,317,,*MANUAL*,86,1438,68,195.00,108.93,37.54,1365,148692
318,318,,*MANUAL*,84,1417,68,231.00,149.71,41.60,895,133986
319,319,,*MANUAL*,83,1397,60,192.00,112.47,32.68,1363,153302
320,320,,*MANUAL*,78,1425,61,222.00,147.78,30.88,893,131968
321,321,,*MANUAL*,80,1412,53,245.00,158.11,34.51,886,140084
322,322,,*MANUAL*,81,1388,71,210.00,128.96,36.14,895,115415
323,323,,*MANUAL*,77,1404,71,200.00,128.50,30.22,895,115004
324,324,,*MANUAL*,77,1420,78,217.00,141.71,28.86,895,126830
325,325,,*MANUAL*,80,1388,86,204.00,113.63,37.32,895,101698
326,326,,*MANUAL*,80,1402,89,228.00,145.36,41.94,895,130100
327,327,,*MANUAL*,77,1418,92,242.00,156.07,41.40,872,136095
328,328,,*MANUAL*,79,1380,49,183.00,102.74,40.67,895,91951
329,329,,*MANUAL*,76,1402,51,232.00,145.63,36.72,895,130340
330,330,,*MANUAL*,70,1410,43,236.00,168.04,33.09,895,150393
331,331,,*MANUAL*,61,1422,45,216.00,153.01,31.88,895,136948
332,332,,*MANUAL*,57,1406,45,219.00,154.92,34.61,895,138657
333,333,,*MANUAL*,47,1413,50,216.00,139.53,41.80,895,124875
334,334,,*MANUAL*,52,1390,45,200.00,142.64,30.24,851,121390
335,335,,*MANUAL*,40,1387,61,153.00,86.22,27.64,895,77166
336,336,,*MANUAL*,44,1401,62,186.00,113.95,28.73,895,101985
337,337,,*MANUAL*,38,1402,76,169.00,101.40,28.95,895,90752
338,338,,*MANUAL*,41,1419,84,203.00,141.70,28.19,893,126534
339,339,,*MANUAL*,39,1439,80,153.00,105.38,20.91,895,94319
340,340,,*MANUAL*,44,1427,71,206.00,150.89,23.62,778,117393
341,341,,*MANUAL*,42,1416,63,189.00,127.73,25.95,895,114317
342,342,,*MANUAL*,51,1425,83,201.00,127.49,27.46,895,114103
343,343,,*MANUAL*,51,1406,79,182.00,121.26,33.09,895,108531
344,344,,*MANUAL*,45,1393,76,182.00,115.64,25.78,895,103500
345,345,,*MANUAL*,46,1388,91,150.00,69.94,33.09,895,62600
346,346,,*MANUAL*,53,1407,94,214.00,150.49,25.58,894,134539
347,347,,*MANUAL*,53,1423,98,222.00,147.31,33.02,825,121531
348,348,,*MANUAL*,65,1386,102,211.00,120.27,40.07,895,107642
349,349,,*MANUAL*,59,1399,100,203.00,147.37,24.96,893,131602
350,350,,*MANUAL*,69,1396,95,219.00,137.56,26.22,895,123115
351,351,,*MANUAL*,70,1412,93,226.00,181.76,17.99,469,85246
352,352,,*MANUAL*,62,1413,94,225.00,180.75,16.89,485,87662
353,353,,*MANUAL*,72,1431,98,179.00,116.21,35.98,895,104009
354,354,,*MANUAL*,54,1441,99,175.00,113.39,26.76,895,101487
355,355,,*MANUAL*,50,1445,88,208.00,122.09,38.00,895,109270
356,356,,*MANUAL*,41,1453,89,222.00,137.08,36.83,895,122684
357,357,,*MANUAL*,41,1468,91,194.00,123.78,36.30,895,110786
358,358,,*MANUAL*,43,1489,90,192.00,127.37,26.15,895,113996
359,359,,*MANUAL*,48,1511,88,201.00,117.16,30.26,895,104856
360,360,,*MANUAL*,42,1526,85,148.00,102.50,21.70,895,91734
361,361,,*MANUAL*,40,1548,81,161.00,93.69,30.13,895,83855
362,362,,*MANUAL*,39,1547,68,176.00,107.19,28.56,894,95830
363,363,,*MANUAL*,39,1524,67,176.00,111.47,28.38,895,99769
364,364,,*MANUAL*,40,1507,60,196.00,124.59,29.76,895,111510
365,365,,*MANUAL*,37,1491,62,192.00,118.55,34.86,895,106098
366,366,,*MANUAL*,37,1463,73,208.00,112.76,37.50,895,100919
367,367,,*MANUAL*,45,1434,57,203.00,128.63,30.03,893,114867
368,368,,*MANUAL*,37,1429,71,221.00,131.09,42.35,895,117326
369,369,,*MANUAL*,40,1449,68,215.00,120.68,36.62,895,108012
370,370,,*MANUAL*,46,1428,95,217.00,148.09,26.30,895,132543
371,371,,*MANUAL*,51,1433,47,188.00,121.39,35.78,895,108648
372,372,,*MANUAL*,67,1437,39,218.00,134.70,42.36,886,119347
373,373,,*MANUAL*,73,1431,47,232.00,150.25,41.26,895,134477
374,374,,*MANUAL*,83,1434,56,245.00,154.67,46.30,895,138426
375,375,,*MANUAL*,83,1452,57,236.00,151.34,40.34,895,135448
376,376,,*MANUAL*,86,1463,63,240.00,143.56,43.15,895,128488
377,377,,*MANUAL*,85,1479,56,242.00,135.44,50.40,895,121221
378,378,,*MANUAL*,81,1505,51,223.00,145.12,37.66,895,129884
379,379,,*MANUAL*,82,1524,55,227.00,134.99,43.61,895,120813
380,380,,*MANUAL*,81,1544,55,219.00,125.26,44.59,895,112110
381,381,,*MANUAL*,82,1576,66,200.00,118.27,35.24,895,105848
382,382,,*MANUAL*,84,1554,69,174.00,114.66,29.58,895,102623
383,383,,*MANUAL*,81,1535,77,185.00,117.72,28.96,895,105359
384,384,,*MANUAL*,80,1514,80,196.00,114.49,43.30,895,102466
385,385,,*MANUAL*,81,1494,82,211.00,135.84,32.53,895,121578
386,386,,*MANUAL*,81,1477,83,228.00,139.61,39.58,895,124949
387,387,,*MANUAL*,87,1462,78,245.00,145.51,45.44,895,130233
388,388,,*MANUAL*,82,1448,79,254.00,143.69,56.46,895,128606
389,389,,*MANUAL*,80,1434,82,246.00,149.65,49.94,895,133936
390,390,,*MANUAL*,80,1625,65,118.00,65.52,24.48,1365,89438
391,391,,*MANUAL*,79,1581,51,175.00,81.44,37.97,1365,111161
392,392,,*MANUAL*,76,1535,42,167.00,76.92,26.13,895,68841
393,393,,*MANUAL*,74,1501,37,165.00,80.74,33.80,895,72262
394,394,,*MANUAL*,79,1446,42,162.00,81.96,31.49,895,73353
395,395,,*MANUAL*,72,1385,34,150.00,84.52,35.27,895,75647
396,396,,*MANUAL*,80,1363,39,162.00,82.40,30.70,895,73747
397,397,,*MANUAL*,70,1249,32,182.00,98.94,28.05,895,88554
398,398,,*MANUAL*,76,1188,35,155.00,83.95,31.05,895,75137
399,399,,*MANUAL*,67,1133,36,154.00,68.18,28.99,1365,93072
400,400,,*MANUAL*,69,1083,35,147.00,78.02,24.80,895,69831
401,401,,*MANUAL*,66,999,34,135.00,63.42,26.88,1365,86572
402,402,,*MANUAL*,75,930,46,127.00,61.65,24.96,895,55176
403,403,,*MANUAL*,68,883,45,132.00,64.45,23.30,1365,87981
404,404,,*MANUAL*,72,827,44,123.00,67.40,20.89,895,60322
405,405,,*MANUAL*,66,754,47,131.00,68.56,19.29,1365,93584
406,406,,*MANUAL*,64,805,46,139.00,90.93,22.74,895,81378
407,407,,*MANUAL*,70,779,47,151.00,95.20,28.59,895,85207
408,408,,*MANUAL*,69,664,45,125.00,66.02,20.43,895,59090
409,409,,*MANUAL*,66,545,48,124.00,57.78,25.76,895,51713
410,410,,*MANUAL*,67,444,50,129.00,51.57,22.62,895,46155
411,411,,*MANUAL*,70,395,57,158.00,68.58,31.88,895,61376
412,412,,*MANUAL*,75,363,60,142.00,74.46,28.00,895,66639
413,413,,*MANUAL*,63,259,56,160.00,87.06,32.09,895,77915
414,414,,*MANUAL*,79,1576,81,155.00,92.01,25.63,895,82351
415,415,,*MANUAL*,78,1543,89,149.00,91.54,26.49,895,81930
416,416,,*MANUAL*,77,1508,93,177.00,84.37,27.91,895,75510
417,417,,*MANUAL*,80,1450,91,168.00,89.68,34.44,1365,122408
418,418,,*MANUAL*,75,1373,101,146.00,85.06,23.65,895,76128
419,419,,*MANUAL*,81,1360,91,169.00,77.89,30.39,1365,106316
420,420,,*MANUAL*,75,1230,107,190.00,93.26,31.59,895,83471
421,421,,*MANUAL*,66,1241,108,189.00,108.83,27.69,895,97405
422,422,,*MANUAL*,80,1180,102,127.00,62.58,23.16,895,56011
423,423,,*MANUAL*,75,1146,103,138.00,78.73,20.85,895,70466
424,424,,*MANUAL*,77,1090,100,109.00,57.55,18.54,1365,78549
425,425,,*MANUAL*,74,1022,104,125.00,64.97,20.49,1365,88683
426,426,,*MANUAL*,78,960,100,117.00,61.85,15.45,1365,84431
427,427,,*MANUAL*,77,888,108,113.00,55.97,20.12,895,50091
428,428,,*MANUAL*,78,825,102,94.00,54.16,13.96,895,48477
429,429,,*MANUAL*,75,777,105,107.00,49.70,17.25,895,44484
430,430,,*MANUAL*,77,687,93,105.00,51.75,17.47,1365,70642
431,431,,*MANUAL*,75,611,98,99.00,59.55,16.55,895,53296
432,432,,*MANUAL*,75,516,97,121.00,60.42,22.23,1365,82469
433,433,,*MANUAL*,74,459,93,125.00,68.07,19.55,1365,92914
434,434,,*MANUAL*,74,351,92,127.00,61.35,21.17,895,54909
435,435,,*MANUAL*,66,243,83,156.00,79.47,27.05,1365,108476
436,436,,*MANUAL*,40,1607,76,109.00,46.60,19.00,1365,63613
437,437,,*MANUAL*,40,1562,57,126.00,61.38,21.98,1365,83789
438,438,,*MANUAL*,42,1523,52,131.00,73.74,21.87,1365,100655
439,439,,*MANUAL*,43,1481,43,145.00,76.89,27.63,1365,104955
440,440,,*MANUAL*,38,1448,54,136.00,70.66,23.66,895,63240
441,441,,*MANUAL*,44,1387,40,172.00,81.86,34.07,1365,111734
442,442,,*MANUAL*,37,1370,51,134.00,64.68,24.16,1365,88292
443,443,,*MANUAL*,46,1265,36,162.00,86.11,25.72,1365,117546
444,444,,*MANUAL*,40,1185,44,121.00,63.03,19.93,1365,86031
445,445,,*MANUAL*,44,1152,44,125.00,79.66,18.27,895,71300
446,446,,*MANUAL*,42,1120,42,117.00,52.24,20.30,1365,71311
447,447,,*MANUAL*,43,1047,43,116.00,54.40,17.35,1365,74254
448,448,,*MANUAL*,45,1010,46,131.00,82.10,17.20,895,73476
449,449,*NOUSE*,*NOUSE*,0,0,0,0,0,0,0,0
450,450,,*MANUAL*,42,998,58,141.00,94.68,18.54,777,73570
451,451,,*MANUAL*,42,971,48,90.00,52.27,16.08,895,46778
452,452,,*MANUAL*,43,917,54,95.00,46.64,17.06,1365,63658
453,453,,*MANUAL*,43,861,54,93.00,39.77,13.89,1365,54283
454,454,,*MANUAL*,45,805,55,107.00,58.48,16.60,1365,79822
455,455,,*MANUAL*,45,698,52,93.00,49.23,15.87,1365,67203
456,456,,*MANUAL*,45,612,53,100.00,52.82,15.29,1365,72104
457,457,,*MANUAL*,43,533,61,79.00,41.53,14.94,1365,56688
458,458,,*MANUAL*,46,438,59,116.00,54.71,20.06,1365,74676
459,459,,*MANUAL*,52,257,61,160.00,83.49,24.49,895,74724
460,460,,*MANUAL*,45,1571,88,136.00,73.08,27.65,1365,99754
461,461,,*MANUAL*,50,1537,94,167.00,99.72,20.25,895,89246
462,462,,*MANUAL*,52,1498,100,166.00,95.95,23.54,895,85877
463,463,,*MANUAL*,47,1457,101,182.00,76.69,33.74,1365,104682
464,464,,*MANUAL*,54,1384,106,155.00,90.14,34.83,847,76348
465,465,,*MANUAL*,48,1388,101,144.00,78.69,28.10,895,70424
466,466,,*MANUAL*,55,1248,109,161.00,101.14,27.01,895,90516
467,467,,*MANUAL*,51,1216,111,144.00,66.24,22.10,895,59282
468,468,,*MANUAL*,54,1169,111,134.00,82.09,20.06,895,73467
469,469,,*MANUAL*,48,1142,105,110.00,57.73,18.30,1365,78802
470,470,,*MANUAL*,56,1067,110,124.00,71.07,17.61,895,63610
471,471,,*MANUAL*,52,991,106,95.00,52.98,15.30,895,47416
472,472,,*MANUAL*,56,957,110,110.00,60.99,18.07,895,54584
473,473,,*MANUAL*,52,894,111,111.00,53.07,17.01,1365,72435
474,474,,*MANUAL*,59,836,110,100.00,54.24,14.83,1365,74039
475,475,,*MANUAL*,53,737,105,104.00,45.44,18.88,1365,62024
476,476,,*MANUAL*,57,673,99,90.00,54.74,13.11,895,48996
477,477,,*MANUAL*,58,594,101,105.00,49.20,18.21,1365,67156
478,478,,*MANUAL*,58,504,100,127.00,59.49,23.03,1365,81208
479,479,,*MANUAL*,59,441,100,117.00,59.72,22.53,1365,81511
480,480,,*MANUAL*,61,323,96,133.00,75.81,23.17,877,66487
481,481,,*MANUAL*,59,1697,47,150.00,62.37,41.02,1365,85137
482,482,,*MANUAL*,58,1663,41,173.00,84.44,39.95,1365,115266
483,483,,*MANUAL*,56,1628,42,183.00,106.27,33.96,895,95115
484,484,,*MANUAL*,62,1611,40,161.00,98.63,31.58,895,88277
485,485,,*MANUAL*,54,1595,41,203.00,124.82,36.58,895,111711
486,486,,*MANUAL*,53,1568,43,210.00,125.33,31.33,895,112169
487,487,,*MANUAL*,53,1550,44,234.00,150.80,40.00,895,134968
488,488,,*MANUAL*,53,1526,42,200.00,113.29,35.72,895,101397
489,489,,*MANUAL*,63,1583,39,214.00,119.34,40.99,895,106812
490,490,,*MANUAL*,66,1557,40,216.00,128.83,43.48,839,108089
491,491,,*MANUAL*,59,1555,35,171.00,79.38,32.08,895,71043
492,492,,*MANUAL*,59,1502,35,138.00,71.80,22.10,1365,98013
493,493,,*MANUAL*,59,1441,32,131.00,55.72,25.04,1365,76054
494,494,,*MANUAL*,59,1403,34,129.00,59.83,22.04,895,53550
495,495,,*MANUAL*,60,1701,80,148.00,55.30,29.85,1365,75479
496,496,,*MANUAL*,62,1629,92,175.00,97.88,39.40,895,87605
497,497,,*MANUAL*,63,1610,94,190.00,104.04,40.41,895,93115
498,498,,*MANUAL*,56,1601,94,191.00,120.66,34.61,895,107988
499,499,,*MANUAL*,71,1586,89,212.00,131.45,39.36,895,117648
500,500,,*MANUAL*,71,1562,92,218.00,126.34,40.56,895,113074
501,501,,*MANUAL*,55,1575,95,228.00,146.03,35.61,861,125733
502,502,,*MANUAL*,58,1547,98,196.00,118.99,33.97,895,106496
503,503,,*MANUAL*,58,429,51,162.00,106.08,26.07,895,94944
504,504,,*MANUAL*,56,456,47,149.00,99.01,22.91,895,88614
505,505,,*MANUAL*,56,489,46,169.00,81.76,34.72,1365,111608
506,506,,*MANUAL*,55,573,46,133.00,87.57,18.60,895,78372
507,507,,*MANUAL*,57,600,43,118.00,75.99,20.60,895,68014
508,508,,*MANUAL*,57,672,39,123.00,72.11,21.84,895,64534
509,509,,*MANUAL*,55,730,40,117.00,70.37,20.00,895,62982
510,510,,*MANUAL*,57,780,43,143.00,89.40,23.12,895,80012
511,511,,*MANUAL*,58,842,41,135.00,72.84,28.98,1365,99425
512,512,,*MANUAL*,57,870,44,132.00,90.70,21.62,895,81180
513,513,,*MANUAL*,58,947,40,122.00,72.24,23.81,1365,98611
514,514,,*MANUAL*,57,978,37,147.00,91.76,23.30,895,82126
515,515,,*MANUAL*,56,1012,39,143.00,85.42,25.49,1365,116602
516,516,,*MANUAL*,56,1062,35,156.00,99.42,23.74,895,88983
517,517,,*MANUAL*,56,1111,35,163.00,99.58,24.90,895,89128
518,518,,*MANUAL*,46,782,62,84.00,41.81,14.06,1365,57076
519,519,,*MANUAL*,46,751,64,93.00,34.32,13.34,2969,101889
520,520,,*MANUAL*,62,714,55,105.00,50.16,16.90,2103,105496
521,521,,*MANUAL*,69,690,51,103.00,51.23,19.66,895,45855
522,522,,*MANUAL*,46,1084,52,75.00,27.87, 9.93,2103,58603
523,523,,*MANUAL*,69,1091,52,86.00,40.35,13.31,2103,84847
524,524,,*MANUAL*,72,1082,88,71.00,27.27,12.06,2103,57351
525,525,,*MANUAL*,52,1093,92,76.00,31.47,11.68,2103,66179
526,526,,*MANUAL*,65,1033,50,58.00,20.41, 8.17,2103,42925
527,527,,*MANUAL*,61,952,57,32.00,13.06, 5.58,2103,27470
528,528,,*MANUAL*,61,853,58,41.00,13.15, 6.60,2103,27658
529,529,,*MANUAL*,67,745,76,42.00,14.96, 7.45,2103,31471
530,530,,*MANUAL*,55,674,64,47.00,14.72, 8.12,2103,30947
531,531,,*MANUAL*,60,555,60,37.00,14.91, 7.19,2103,31348
532,532,,*MANUAL*,56,469,64,59.00,26.24,10.78,2103,55173
533,533,,*MANUAL*,53,385,73,56.00,22.45, 9.14,2103,47219
534,534,,*MANUAL*,58,1032,90,54.00,20.73, 9.85,2103,43591
535,535,,*MANUAL*,64,969,94,35.00,14.82, 5.12,1365,20224
536,536,,*MANUAL*,65,883,98,52.00,17.23, 6.87,2103,36228
537,537,,*MANUAL*,61,794,97,38.00,13.36, 5.61,2103,28086
538,538,,*MANUAL*,66,643,86,48.00,15.29, 8.14,2103,32165
539,539,,*MANUAL*,62,539,92,52.00,17.54, 9.38,2103,36892
540,540,,*MANUAL*,65,441,84,63.00,30.44, 9.20,2103,64024
541,541,,*MANUAL*,74,381,82,89.00,39.10,16.44,1365,53378
542,542,,*MANUAL*,46,568,84,47.00,15.30, 8.04,2103,32183
543,543,,*MANUAL*,35,1501,77,131.00,65.41,22.17,1365,89290
544,544,,*MANUAL*,63,1576,99,196.00,99.26,35.87,895,88842
545,545,,*MANUAL*,64,1530,100,175.00,92.84,25.94,895,83090
546,546,,*MANUAL*,64,1486,104,166.00,99.81,26.49,895,89334
547,547,,*MANUAL*,65,1451,106,165.00,95.84,22.22,895,85774
548,548,,*MANUAL*,65,1412,109,141.00,44.30,20.57,1365,60470
549,549,,*MANUAL*,67,1309,113,74.00,31.32,11.41,1365,42748
550,550,,*MANUAL*,36,1376,76,102.00,39.66,17.37,1365,54133
551,551,,*MANUAL*,34,1181,80,99.00,41.19,21.05,1365,56219
552,552,,*MANUAL*,40,1179,97,100.00,48.98,15.02,1365,66854
553,553,,*MANUAL*,34,1136,68,71.00,32.74,14.78,2103,68859
554,554,,*MANUAL*,35,1136,89,79.00,27.91,13.86,2103,58687
555,555,,*MANUAL*,37,1095,83,83.00,33.57,13.38,2103,70589
556,556,,*MANUAL*,40,1073,76,132.00,85.52,19.92,895,76540
557,557,,*MANUAL*,48,871,101,108.00,74.12,11.32,895,66340
558,558,,*MANUAL*,40,784,82,103.00,64.30,13.57,895,57549
559,559,,*MANUAL*,38,708,62,121.00,75.24,19.44,895,67343
560,560,,*MANUAL*,36,1047,79,85.00,32.42,15.99,2103,68174
561,561,,*MANUAL*,35,941,75,70.00,24.62,12.62,2103,51776
562,562,,*MANUAL*,38,825,73,65.00,23.68,13.44,2103,49792
563,563,,*MANUAL*,38,676,74,85.00,31.62,13.65,2103,66505
564,564,,*MANUAL*,39,602,74,78.00,37.89,16.22,1365,51724
565,565,,*MANUAL*,41,525,79,74.00,30.85,16.84,1365,42110
566,566,,*MANUAL*,44,438,85,87.00,34.14,15.12,2103,71790
567,567,,*MANUAL*,42,360,78,97.00,46.00,17.76,1365,62784
568,568,,*MANUAL*,34,999,60,121.00,61.58,22.39,1365,84062
569,569,,*MANUAL*,35,889,69,78.00,42.88,14.60,895,38379
570,570,,*MANUAL*,34,782,65,69.00,41.31,12.01,895,36970
571,571,,*MANUAL*,37,629,63,80.00,37.13,14.26,1365,50686
572,572,,*MANUAL*,40,491,68,80.00,44.77,14.53,1365,61105
573,573,,*MANUAL*,37,989,87,65.00,18.73,10.76,2103,39398
574,574,,*MANUAL*,38,880,91,61.00,21.85, 9.16,2103,45960
575,575,,*MANUAL*,38,748,93,60.00,22.82,11.11,2103,47998
576,576,,*MANUAL*,42,620,92,59.00,18.83, 9.44,2103,39599
577,577,,*MANUAL*,45,488,92,88.00,32.52,16.01,1365,44393
578,578,,*MANUAL*,54,289,92,102.00,39.64,17.75,1365,54113
579,579,,*MANUAL*,87,1506,66,165.00,84.88,31.67,1365,115868
580,580,,*MANUAL*,87,1375,64,148.00,64.10,29.70,1365,87491
581,581,,*MANUAL*,87,1170,69,117.00,46.55,21.76,2103,97904
582,582,,*MANUAL*,86,1222,89,140.00,63.62,27.58,1365,86839
583,583,,*MANUAL*,86,1129,79,114.00,33.52,18.03,2103,70498
584,584,,*MANUAL*,85,1112,63,95.00,28.68,18.67,2103,60311
585,585,,*MANUAL*,81,1072,68,184.00,113.09,28.72,895,101220
586,586,,*MANUAL*,81,862,96,128.00,78.75,16.03,895,70480
587,587,,*MANUAL*,82,755,72,110.00,73.00,16.03,895,65336
588,588,,*MANUAL*,81,715,59,139.00,84.71,23.22,895,75819
589,589,,*MANUAL*,83,1041,68,107.00,53.32,19.02,2103,112138
590,590,,*MANUAL*,83,933,65,86.00,35.09,13.70,2103,73787
591,591,,*MANUAL*,83,823,61,86.00,30.73,15.45,2103,64620
592,592,,*MANUAL*,82,665,59,95.00,40.32,17.62,2103,84790
593,593,,*MANUAL*,79,580,63,96.00,43.34,15.54,1365,59156
594,594,,*MANUAL*,77,518,62,89.00,34.78,18.05,1365,47476
595,595,,*MANUAL*,77,433,61,99.00,44.54,18.71,895,39864
596,596,,*MANUAL*,83,1008,81,73.00,26.99,14.69,2103,56770
597,597,,*MANUAL*,84,888,81,77.00,26.31,15.77,2103,55338
598,598,,*MANUAL*,85,800,84,81.00,25.05,14.57,2103,52678
599,599,,*MANUAL*,83,623,74,74.00,22.79,12.62,2103,47935
600,600,,*MANUAL*,83,505,83,70.00,18.54,11.86,2103,38999
601,601,,*MANUAL*,80,351,77,79.00,29.60,13.96,1365,40404
602,602,,*MANUAL*,62,365,54,178.00,120.26,27.13,895,107629
603,603,,*MANUAL*,69,353,59,216.00,141.67,25.92,895,126798
604,604,,*MANUAL*,69,333,63,182.00,132.00,24.33,884,116686
605,605,,*MANUAL*,62,337,53,175.00,118.06,31.30,895,105664
606,606,,*MANUAL*,58,348,59,182.00,128.56,24.69,895,115062
607,607,,*MANUAL*,68,348,74,157.00,105.13,20.89,895,94092
608,608,,*MANUAL*,59,329,63,158.00,111.00,21.72,895,99348
609,609,,*MANUAL*,53,313,51,142.00,87.39,23.67,895,78214
610,610,,*MANUAL*,47,336,82,146.00,97.85,16.80,895,87572
611,611,,*MANUAL*,49,367,63,119.00,84.19,13.26,895,75346
612,612,,*MANUAL*,47,346,67,157.00,105.58,20.40,895,94491
613,613,,*MANUAL*,47,325,67,151.00,97.45,20.86,895,87220
614,614,,*MANUAL*,46,314,81,168.00,103.36,28.61,895,92505
615,615,,*MANUAL*,48,298,81,174.00,111.46,21.72,895,99761
616,616,,*MANUAL*,47,298,70,162.00,114.93,22.16,895,102865
617,617,,*MANUAL*,51,285,79,224.00,135.71,35.07,895,121464
618,618,,*MANUAL*,50,273,76,175.00,123.23,20.26,895,110293
619,619,,*MANUAL*,56,263,86,191.00,125.63,30.13,895,112439
620,620,,*MANUAL*,57,250,79,168.00,118.25,20.79,895,105836
621,621,,*MANUAL*,56,238,70,181.00,128.37,23.01,881,113090
622,622,,*MANUAL*,74,317,65,165.00,113.02,24.64,895,101149
623,623,,*MANUAL*,75,302,71,169.00,118.09,22.04,895,105695
624,624,,*MANUAL*,70,301,58,179.00,109.98,34.26,895,98435
625,625,,*MANUAL*,72,287,67,217.00,153.55,29.00,895,137424
626,626,,*MANUAL*,71,276,62,183.00,120.78,26.28,895,108100
627,627,,*MANUAL*,74,277,78,219.00,137.96,28.39,893,123202
628,628,,*MANUAL*,72,259,73,200.00,126.43,35.55,875,110629
629,629,,*MANUAL*,66,240,67,193.00,123.35,24.93,895,110401
630,630,,*MANUAL*,72,310,86,145.00,84.21,25.54,895,75369
631,631,,*MANUAL*,68,323,88,166.00,111.83,26.11,895,100092
632,632,,*MANUAL*,63,306,74,166.00,118.27,20.69,895,105848
633,633,,*MANUAL*,59,284,63,160.00,100.84,21.91,895,90253
634,634,,*MANUAL*,64,290,80,154.00,107.96,21.23,895,96624
635,635,,*MANUAL*,65,273,84,176.00,111.92,20.43,895,100170
636,636,,*MANUAL*,63,264,71,187.00,119.64,22.81,895,107077
637,637,,*MANUAL*,66,211,72,119.00,44.26,25.49,2103,93084
638,638,,*MANUAL*,56,217,78,119.00,51.27,23.53,1365,69988
639,639,,*MANUAL*,59,191,81,160.00,100.94,22.46,895,90337
640,640,,*MANUAL*,56,207,59,157.00,99.01,23.25,895,88615
641,641,,*MANUAL*,56,180,67,163.00,79.39,30.34,1365,108373
642,642,,*MANUAL*,55,148,71,161.00,106.57,22.70,895,95383
643,643,,*MANUAL*,62,140,77,175.00,98.04,27.30,895,87744
644,644,,*MANUAL*,57,109,67,160.00,91.66,22.40,895,82038
645,645,,*MANUAL*,57,98,71,208.00,114.98,30.84,895,102909
646,646,,*MANUAL*,58,75,67,170.00,96.24,32.95,895,86138
647,647,,*MANUAL*,66,1391,44,242.00,146.52,44.28,895,131131
648,648,,*MANUAL*,60,1372,38,200.00,114.74,39.29,895,102692
649,649,,*MANUAL*,43,407,72,88.00,52.80,14.15,895,47259
650,650,,*MANUAL*,56,345,85,133.00,89.19,15.32,895,79823
651,651,,*MANUAL*,56,319,84,175.00,121.07,20.10,895,108362
652,652,,*MANUAL*,84,989,51,102.00,44.41,20.55,1365,60613
653,653,,*MANUAL*,82,886,56,102.00,49.90,18.86,1365,68113
654,654,,*MANUAL*,79,749,55,95.00,38.78,17.55,1365,52938
655,655,,*MANUAL*,78,619,51,97.00,56.63,17.47,895,50681
656,656,,*MANUAL*,76,486,52,102.00,51.36,16.30,895,45971
657,657,,*MANUAL*,49,1541,70,143.00,79.71,25.31,895,71344
658,658,,*MANUAL*,58,1227,48,178.00,118.24,24.02,895,105823
659,659,f1,*MANUAL*,68,1659,73, 7.00, 0.91, 1.20,895,811
660,660,f2,*MANUAL*,63,1514,72,16.00, 7.63, 2.14,895,6832
661,661,f3,*MANUAL*,59,1375,72, 8.00, 3.19, 1.42,895,2857
662,662,f4,*MANUAL*,58,1213,71,27.00, 7.86, 3.89,895,7037
663,663,f5,*MANUAL*,58,1127,67, 7.00, 2.28, 1.42,895,2043
664,664,f6,*MANUAL*,58,927,67, 3.00, 0.65, 0.67,895,582
665,665,f7,*MANUAL*,58,807,66, 9.00, 2.23, 1.88,895,1998
666,666,f8,*MANUAL*,61,706,81, 5.00, 0.66, 0.78,895,595
667,667,f9,*MANUAL*,61,579,78, 5.00, 0.86, 0.89,895,773
668,668,f10,*MANUAL*,61,492,80, 7.00, 1.18, 1.14,895,1057
