0,0,*NOUSE*,*NOUSE*,0,0,0,0,0,0,0,0
1,1,,,46,1109,80,141.00,63.42,28.38,4025,255252
2,2,*NOUSE*,*NOUSE*,0,0,0,0,0,0,0,0
3,3,*NOUSE*,*NOUSE*,0,0,0,0,0,0,0,0
4,4,*NOUSE*,*NOUSE*,0,0,0,0,0,0,0,0
5,5,*NOUSE*,*NOUSE*,0,0,0,0,0,0,0,0
6,6,*NOUSE*,*NOUSE*,0,0,0,0,0,0,0,0
7,7,*NOUSE*,*NOUSE*,0,0,0,0,0,0,0,0
8,8,*NOUSE*,*NOUSE*,0,0,0,0,0,0,0,0
9,9,*NOUSE*,*NOUSE*,0,0,0,0,0,0,0,0
10,10,,*MANUAL*,62,1234,30,178.00,73.21,34.59,2065,151185
11,11,,*MANUAL*,64,1253,37,196.00,103.65,48.23,1147,118892
12,12,,*MANUAL*,55,1260,38,182.00,118.76,24.11,1255,149045
13,13,,*MANUAL*,70,1262,40,180.00,119.13,29.49,1258,149871
14,14,,*MANUAL*,58,1271,43,196.00,126.77,25.57,1199,151995
15,15,,*MANUAL*,68,1275,43,207.00,119.16,36.75,1365,162657
16,16,,*MANUAL*,47,1251,44,164.00,89.48,32.68,1365,122141
17,17,,*MANUAL*,47,1265,43,186.00,114.43,31.90,1365,156200
18,18,,*MANUAL*,50,1279,43,223.00,113.35,43.20,1365,154728
19,19,,*MANUAL*,46,1254,59,175.00,90.64,34.37,1342,121634
20,20,,*MANUAL*,48,1266,57,179.00,111.45,27.38,1132,126162
21,21,,*MANUAL*,49,1281,56,174.00,101.09,25.73,1085,109679
22,22,,*MANUAL*,50,1294,39,182.00,94.34,30.81,1357,128021
23,23,,*MANUAL*,45,1301,49,202.00,98.41,37.98,1365,134333
24,24,,*MANUAL*,41,1319,50,190.00,100.15,40.10,1150,115173
25,25,,*MANUAL*,40,1338,51,186.00,98.76,44.87,1181,116637
26,26,,*MANUAL*,47,1344,47,187.00,111.31,33.68,1365,151943
27,27,,*MANUAL*,46,1359,49,160.00,91.55,30.87,1365,124964
28,28,,*MANUAL*,47,1381,50,172.00,95.48,34.10,1127,107606
29,29,,*MANUAL*,39,1378,52,153.00,76.28,34.37,1365,104126
30,30,,*MANUAL*,38,1398,59,127.00,57.55,25.65,2103,121034
31,31,,*MANUAL*,38,1419,65,133.00,72.08,27.11,1365,98395
32,32,,*MANUAL*,41,1396,75,149.00,65.18,34.84,2017,131476
33,33,,*MANUAL*,39,1378,71,149.00,82.78,29.54,1363,112825
34,34,,*MANUAL*,45,1375,84,199.00,95.18,38.40,1365,129927
35,35,,*MANUAL*,44,1362,84,198.00,94.68,38.13,1285,121659
36,36,,*MANUAL*,44,1347,84,171.00,88.77,37.82,1363,120990
37,37,,*MANUAL*,39,1332,73,202.00,96.58,35.80,1365,131837
38,38,,*MANUAL*,38,1313,77,168.00,101.90,32.56,1361,138690
39,39,,*MANUAL*,38,1318,61,138.00,68.82,27.53,2100,144518
40,40,,*MANUAL*,42,1285,58,205.00,107.91,35.24,1365,147303
41,41,,*MANUAL*,42,1258,73,129.00,68.71,22.90,2099,144232
42,42,,*MANUAL*,41,1296,70,144.00,76.80,26.00,1365,104836
43,43,,*MANUAL*,41,1279,77,184.00,99.42,31.48,1287,127955
44,44,,*MANUAL*,46,1270,79,199.00,120.66,29.02,1111,134051
45,45,,*MANUAL*,44,1244,83,155.00,82.47,30.55,1211,99872
46,46,,*MANUAL*,44,1288,86,179.00,85.09,39.32,1365,116150
47,47,,*MANUAL*,80,1250,49,179.00,85.91,40.52,1275,109530
48,48,,*MANUAL*,80,1270,48,212.00,113.11,42.45,1287,145568
49,49,,*MANUAL*,78,1283,45,221.00,122.65,46.25,1343,164723
50,50,,*MANUAL*,79,1252,60,186.00,110.82,35.91,1355,150159
51,51,,*MANUAL*,78,1267,59,204.00,126.97,29.57,1113,141318
52,52,,*MANUAL*,78,1285,57,198.00,112.06,41.24,1164,130436
53,53,,*MANUAL*,74,1294,37,190.00,109.77,36.13,1269,139294
54,54,,*MANUAL*,82,1301,47,243.00,111.09,57.15,1365,151644
55,55,,*MANUAL*,83,1318,51,210.00,101.18,48.30,1294,130933
56,56,,*MANUAL*,85,1331,52,237.00,113.45,57.61,1357,153946
57,57,,*MANUAL*,77,1350,49,225.00,107.97,47.92,1037,111961
58,58,,*MANUAL*,83,1355,52,235.00,113.53,58.95,1347,152925
59,59,,*MANUAL*,79,1379,50,226.00,105.43,46.90,1269,133797
60,60,,*MANUAL*,82,1396,54,187.00,91.11,40.83,1365,124368
61,61,,*MANUAL*,83,1419,60,174.00,78.27,41.85,1935,151447
62,62,,*MANUAL*,85,1404,67,220.00,103.18,52.89,1253,129281
63,63,,*MANUAL*,80,1401,75,194.00,101.80,33.35,1365,138955
64,64,,*MANUAL*,83,1385,73,193.00,95.10,45.38,1363,129627
65,65,,*MANUAL*,80,1373,80,196.00,95.83,43.22,1351,129467
66,66,,*MANUAL*,81,1357,79,215.00,96.60,45.46,1283,123934
67,67,,*MANUAL*,84,1340,70,237.00,121.66,56.78,1313,159736
68,68,,*MANUAL*,86,1322,73,230.00,112.07,50.95,1299,145575
69,69,,*MANUAL*,86,1313,62,170.00,87.81,36.63,1868,164029
70,70,,*MANUAL*,85,1289,59,230.00,111.11,59.81,1365,151660
71,71,,*MANUAL*,83,1259,70,180.00,85.35,38.52,1980,168985
72,72,,*MANUAL*,84,1298,73,175.00,93.43,33.71,1361,127161
73,73,,*MANUAL*,83,1278,76,220.00,110.78,45.15,1365,151220
74,74,,*MANUAL*,79,1264,80,193.00,114.46,36.21,1287,147304
75,75,,*MANUAL*,80,1245,80,196.00,97.73,41.22,1281,125192
76,76,,*MANUAL*,63,1233,96,189.00,112.96,32.01,1351,152603
77,77,,*MANUAL*,51,1249,89,196.00,121.53,32.94,1281,155675
78,78,,*MANUAL*,69,1243,91,212.00,133.52,43.36,884,118028
79,79,,*MANUAL*,63,1253,93,226.00,131.32,40.78,1339,175831
80,80,,*MANUAL*,59,1268,93,208.00,136.89,33.80,979,134019
81,81,,*MANUAL*,50,1265,92,210.00,124.73,42.14,1365,170254
82,82,,*MANUAL*,71,1263,92,220.00,137.16,38.75,1164,159659
83,83,,*MANUAL*,54,1282,96,198.00,103.17,36.76,1365,140830
84,84,,*MANUAL*,78,1285,90,191.00,90.09,40.58,1365,122970
85,85,,*MANUAL*,77,1313,97,195.00,67.12,48.46,1987,133367
86,86,,*MANUAL*,62,1536,43,118.00,37.80,30.27,2103,79489
87,87,,*MANUAL*,59,1476,36,170.00,62.48,40.01,2070,129331
88,88,,*MANUAL*,56,1457,38,152.00,59.68,32.36,2092,124861
89,89,,*MANUAL*,65,1444,38,190.00,65.28,45.54,2082,135908
90,90,,*MANUAL*,65,1416,35,191.00,107.83,42.31,1349,145458
91,91,,*MANUAL*,66,1392,38,198.00,108.51,46.27,1220,132383
92,92,,*MANUAL*,56,1429,38,217.00,102.02,44.80,1363,139059
93,93,,*MANUAL*,55,1409,38,194.00,113.02,37.27,1158,130874
94,94,,*MANUAL*,60,1400,32,187.00,78.96,30.35,2091,165113
95,95,,*MANUAL*,63,1342,31,156.00,69.45,31.33,2103,146047
96,96,,*MANUAL*,62,1319,29,162.00,65.92,38.47,2103,138639
97,97,,*MANUAL*,63,1291,34,152.00,84.45,25.45,2103,177603
98,98,,*MANUAL*,61,1272,29,141.00,51.44,22.15,2969,152728
99,99,,*MANUAL*,59,1194,23,114.00,35.95,18.07,2103,75608
100,100,,*MANUAL*,62,1531,78,138.00,47.70,32.40,2103,100322
101,101,,*MANUAL*,62,1507,81,149.00,53.24,37.23,2103,111960
102,102,,*MANUAL*,63,1477,87,165.00,69.25,42.89,1905,131920
103,103,,*MANUAL*,58,1467,89,171.00,74.25,40.39,2103,156151
104,104,,*MANUAL*,65,1446,91,190.00,72.89,49.17,2085,151980
105,105,,*MANUAL*,58,1435,93,201.00,111.63,40.67,1365,152374
106,106,,*MANUAL*,58,1412,93,202.00,112.58,40.33,1355,152551
107,107,,*MANUAL*,58,1387,94,196.00,96.29,41.30,1338,128838
108,108,,*MANUAL*,65,1422,93,197.00,94.05,48.97,1365,128374
109,109,,*MANUAL*,69,1395,93,190.00,99.05,47.17,629,62302
110,110,,*MANUAL*,64,1399,97,210.00,60.92,47.45,2969,180864
111,111,,*MANUAL*,63,1343,100,132.00,63.83,25.63,2103,134245
112,112,,*MANUAL*,65,1301,102,123.00,47.18,22.82,2969,140076
113,113,,*MANUAL*,66,1268,100,189.00,54.72,38.27,2969,162474
114,114,,*MANUAL*,63,1271,59,174.00,90.41,33.19,1365,123412
115,115,,*MANUAL*,54,1271,76,205.00,100.74,44.62,1365,137506
116,116,,*MANUAL*,72,1271,77,227.00,123.93,46.50,1365,169167
117,117,,*MANUAL*,65,1299,49,205.00,121.35,37.69,1347,163452
118,118,,*MANUAL*,49,1303,82,175.00,97.06,29.06,1365,132489
119,119,,*MANUAL*,75,1301,82,197.00,104.78,40.14,1365,143025
120,120,,*MANUAL*,64,1315,44,223.00,135.46,37.31,799,108234
121,121,,*MANUAL*,56,1312,47,185.00,86.67,32.09,2075,179842
122,122,,*MANUAL*,71,1311,50,190.00,100.79,29.63,2103,211956
123,123,,*MANUAL*,78,1312,69,179.00,106.13,32.83,1357,144013
124,124,,*MANUAL*,49,1311,67,158.00,87.24,29.86,1365,119078
125,125,,*MANUAL*,56,1314,89,169.00,77.83,29.52,1921,149504
126,126,,*MANUAL*,70,1314,88,183.00,98.56,35.63,1365,134528
127,127,,*MANUAL*,54,1324,76,210.00,110.97,39.83,1178,130718
128,128,,*MANUAL*,48,1320,82,222.00,132.74,35.21,1365,181193
129,129,,*MANUAL*,71,1321,75,230.00,126.95,47.58,1231,156277
130,130,,*MANUAL*,77,1323,81,245.00,131.30,48.83,1185,155585
131,131,,*MANUAL*,68,1334,49,235.00,123.71,50.55,1150,142265
132,132,,*MANUAL*,60,1335,50,244.00,145.92,49.79,1007,146945
133,133,,*MANUAL*,75,1337,71,230.00,120.78,52.64,1316,158940
134,134,,*MANUAL*,73,1336,82,230.00,109.12,56.07,1344,146658
135,135,,*MANUAL*,51,1337,72,219.00,101.48,52.97,1297,131614
136,136,,*MANUAL*,54,1337,83,205.00,103.46,46.19,1327,137294
137,137,,*MANUAL*,63,1330,88,172.00,85.17,24.19,2103,179117
138,138,,*MANUAL*,74,1330,59,146.00,70.02,29.48,2103,147260
139,139,,*MANUAL*,53,1333,55,216.00,82.73,33.29,2103,173973
140,140,,*MANUAL*,61,1481,46,136.00,52.93,28.09,1365,72246
141,141,,*MANUAL*,60,1451,49,148.00,73.28,34.95,1365,100026
142,142,,*MANUAL*,61,1433,49,156.00,80.35,34.91,1365,109673
143,143,,*MANUAL*,62,1409,47,175.00,90.53,37.94,1271,115065
144,144,,*MANUAL*,63,1363,47,141.00,69.78,33.26,1365,95247
145,145,,*MANUAL*,52,1492,72,117.00,55.07,25.61,1365,75166
146,146,,*MANUAL*,50,1459,77,177.00,79.38,37.92,1365,108354
147,147,,*MANUAL*,50,1440,78,160.00,83.88,36.18,1365,114503
148,148,,*MANUAL*,48,1417,77,179.00,88.94,36.55,1347,119797
149,149,,*MANUAL*,48,1387,76,165.00,81.39,31.28,1365,111092
150,150,,*MANUAL*,50,1356,77,196.00,104.31,35.87,1365,142384
151,151,,*MANUAL*,70,1482,72,143.00,62.59,33.57,1365,85431
152,152,,*MANUAL*,71,1456,77,207.00,99.09,45.37,1365,135264
153,153,,*MANUAL*,71,1440,77,203.00,79.34,48.04,2078,164864
154,154,,*MANUAL*,72,1420,77,203.00,97.68,40.25,1104,107835
155,155,,*MANUAL*,73,1388,78,184.00,85.74,38.66,1362,116782
156,156,,*MANUAL*,73,1354,77,191.00,95.62,43.88,1365,130517
157,157,,*MANUAL*,73,1376,70,146.00,61.34,30.22,2103,129007
158,158,,*MANUAL*,69,1410,79,176.00,66.99,28.43,1974,132243
159,159,,*MANUAL*,69,1382,53,135.00,56.15,23.56,2103,118081
160,160,,*MANUAL*,56,1403,79,108.00,50.17,18.01,2103,105502
161,161,,*MANUAL*,58,1400,52,172.00,54.12,28.64,2091,113172
162,162,,*MANUAL*,49,1371,68,113.00,61.32,22.74,1365,83702
163,163,,*MANUAL*,40,1220,76,143.00,88.66,22.53,1365,121023
164,164,,*MANUAL*,40,1204,74,174.00,106.24,30.71,1299,138007
165,165,,*MANUAL*,39,1188,70,123.00,78.19,18.31,1356,106026
166,166,,*MANUAL*,39,1168,74,147.00,93.68,19.21,1226,114846
167,167,,*MANUAL*,39,1152,68,131.00,62.91,17.26,2018,126945
168,168,,*MANUAL*,41,1176,58,125.00,73.55,22.65,1365,100390
169,169,,*MANUAL*,40,1155,50,113.00,69.57,20.49,1313,91347
170,170,,*MANUAL*,37,1042,70,140.00,67.77,27.45,1365,92508
171,171,,*MANUAL*,38,1100,69,149.00,79.92,24.56,1332,106455
172,172,,*MANUAL*,37,1115,68,141.00,84.62,24.39,1164,98502
173,173,,*MANUAL*,41,1113,60,173.00,110.41,28.51,1327,146508
174,174,,*MANUAL*,38,1131,66,163.00,85.02,30.20,1319,112145
175,175,,*MANUAL*,40,1127,52,172.00,104.25,28.78,1119,116658
176,176,,*MANUAL*,48,1128,63,168.00,104.58,26.34,1311,137100
177,177,,*MANUAL*,40,1138,48,174.00,97.53,31.26,1246,121523
178,178,*NOUSE*,*NOUSE*,0,0,0,0,0,0,0,0
179,179,,*MANUAL*,47,1119,48,179.00,103.33,26.50,1335,137942
180,180,,*MANUAL*,47,1131,48,180.00,117.67,29.00,1153,135673
181,181,,*MANUAL*,46,1136,35,173.00,88.41,41.65,1323,116973
182,182,,*MANUAL*,47,1153,41,141.00,88.10,22.68,1365,120255
183,183,,*MANUAL*,43,1169,42,163.00,79.16,30.58,1361,107731
184,184,,*MANUAL*,41,1236,60,145.00,75.74,24.28,1365,103390
185,185,,*MANUAL*,41,1215,58,148.00,93.64,23.97,1251,117149
186,186,,*MANUAL*,41,1195,57,168.00,75.46,23.29,1313,99076
187,187,,*MANUAL*,48,1183,50,131.00,77.55,24.52,1365,105853
188,188,,*MANUAL*,51,1167,51,151.00,82.85,24.11,1365,113093
189,189,,*MANUAL*,52,1125,36,172.00,95.07,31.84,1365,129776
190,190,,*MANUAL*,50,1144,53,142.00,76.45,28.21,2095,160161
191,191,,*MANUAL*,43,1209,45,168.00,100.02,28.80,1289,128927
192,192,,*MANUAL*,50,1213,37,160.00,92.18,30.14,1361,125453
193,193,,*MANUAL*,60,1219,32,151.00,85.52,25.26,1365,116734
194,194,,*MANUAL*,69,1222,44,213.00,115.16,39.53,1188,136816
195,195,,*MANUAL*,58,1222,46,187.00,104.03,37.38,1339,139301
196,196,,*MANUAL*,50,1216,53,176.00,112.89,30.16,1365,154098
197,197,,*MANUAL*,74,1218,53,215.00,129.38,37.74,1305,168839
198,198,,*MANUAL*,74,1217,33,182.00,97.83,32.86,1347,131771
199,199,,*MANUAL*,57,1201,37,149.00,93.61,23.31,1359,127216
200,200,,*MANUAL*,48,1197,48,146.00,93.64,21.36,1365,127814
201,201,,*MANUAL*,56,1139,31,156.00,67.35,29.54,2089,140687
202,202,,*MANUAL*,56,1160,32,103.00,54.21,23.39,2103,114014
203,203,,*MANUAL*,52,1183,36,105.00,58.67,21.35,2103,123375
204,204,,*MANUAL*,47,1204,66,175.00,103.27,30.86,1178,121654
205,205,,*MANUAL*,50,1181,67,157.00,95.98,22.72,1365,131016
206,206,,*MANUAL*,47,1140,66,138.00,86.11,25.54,1365,117534
207,207,,*MANUAL*,48,1160,67,151.00,98.59,21.44,1255,123736
208,208,,*MANUAL*,68,1206,36,151.00,87.54,29.18,1365,119489
209,209,,*MANUAL*,73,1192,36,143.00,69.10,26.84,2103,145313
210,210,,*MANUAL*,73,1173,35,133.00,65.59,24.86,2088,136953
211,211,,*MANUAL*,75,1150,36,160.00,75.91,28.68,1824,138468
212,212,,*MANUAL*,75,1129,35,207.00,102.68,41.05,1166,119721
213,213,,*MANUAL*,86,1218,74,177.00,94.82,46.22,1363,129233
214,214,,*MANUAL*,85,1203,77,238.00,128.55,50.83,1132,145521
215,215,,*MANUAL*,86,1193,65,139.00,76.94,31.78,1908,146804
216,216,,*MANUAL*,86,1171,75,224.00,114.06,43.90,1309,149305
217,217,,*MANUAL*,86,1151,72,132.00,83.92,23.82,1947,163390
218,218,,*MANUAL*,86,1176,56,155.00,80.78,35.22,1899,153408
219,219,,*MANUAL*,85,1156,52,152.00,69.72,31.29,2046,142643
220,220,,*MANUAL*,83,1037,68,189.00,86.67,42.02,1365,118306
221,221,,*MANUAL*,86,1076,72,177.00,96.96,38.33,1302,126239
222,222,,*MANUAL*,87,1100,69,191.00,95.47,46.68,1365,130319
223,223,,*MANUAL*,83,1106,55,211.00,113.76,41.53,1269,144362
224,224,,*MANUAL*,85,1117,60,205.00,110.50,43.20,1269,140225
225,225,,*MANUAL*,85,1126,70,197.00,118.47,32.98,1267,150102
226,226,,*MANUAL*,78,1125,59,210.00,119.60,37.69,1322,158113
227,227,,*MANUAL*,84,1134,54,197.00,116.65,35.73,1247,145457
228,228,,*MANUAL*,83,1127,42,213.00,94.43,52.48,1311,123795
229,229,,*MANUAL*,80,1116,43,182.00,90.15,40.04,1365,123054
230,230,,*MANUAL*,82,1144,39,200.00,100.77,44.83,1365,137549
231,231,,*MANUAL*,79,1161,39,148.00,87.67,28.13,1365,119672
232,232,,*MANUAL*,82,1180,42,174.00,94.50,39.30,1365,128996
233,233,,*MANUAL*,84,1199,56,172.00,95.37,39.96,1359,129613
234,234,,*MANUAL*,84,1219,56,176.00,91.13,42.51,1365,124392
235,235,,*MANUAL*,85,1238,55,171.00,97.87,37.10,1365,133592
236,236,,*MANUAL*,80,1212,44,203.00,100.61,43.55,1353,136131
237,237,,*MANUAL*,74,1204,51,204.00,105.50,30.53,1365,144009
238,238,,*MANUAL*,76,1188,52,151.00,88.98,28.76,1365,121453
239,239,,*MANUAL*,77,1174,54,177.00,100.44,31.05,1365,137098
240,240,,*MANUAL*,77,1141,51,183.00,100.37,35.73,1365,137007
241,241,,*MANUAL*,79,1210,67,200.00,111.28,38.22,1102,122631
242,242,,*MANUAL*,79,1183,67,185.00,109.17,34.38,1361,148584
243,243,,*MANUAL*,78,1159,63,204.00,106.43,39.23,1365,145275
244,244,,*MANUAL*,79,1142,66,178.00,110.39,32.55,1365,150685
245,245,,*MANUAL*,69,1214,81,235.00,142.11,52.46,789,112128
246,246,,*MANUAL*,56,1214,80,228.00,125.76,52.71,1212,152422
247,247,,*MANUAL*,52,1210,72,225.00,117.96,41.53,1365,161013
248,248,,*MANUAL*,73,1210,73,233.00,147.13,39.53,1365,200826
249,249,,*MANUAL*,62,1193,81,189.00,145.06,19.98,1009,146363
250,250,,*MANUAL*,55,1199,83,215.00,145.25,31.31,1275,185193
251,251,,*MANUAL*,70,1199,83,240.00,158.56,31.62,1133,179648
252,252,,*MANUAL*,62,1192,97,153.00,79.56,31.82,1365,108598
253,253,,*MANUAL*,61,1164,89,196.00,129.63,24.46,889,115238
254,254,,*MANUAL*,60,1137,91,168.00,94.92,28.36,1359,128995
255,255,,*MANUAL*,46,1204,88,189.00,114.06,30.11,1365,155692
256,256,,*MANUAL*,48,1185,92,165.00,105.78,25.68,1329,140581
257,257,,*MANUAL*,50,1167,93,156.00,106.11,24.14,1365,144843
258,258,,*MANUAL*,50,1152,86,156.00,98.11,29.43,1365,133922
259,259,,*MANUAL*,47,1168,80,184.00,118.82,25.12,1351,160532
260,260,,*MANUAL*,55,1154,72,155.00,94.59,23.62,1365,129121
261,261,,*MANUAL*,59,1170,77,190.00,129.73,24.80,1351,175260
262,262,,*MANUAL*,68,1157,79,222.00,126.31,38.35,1267,160029
263,263,,*MANUAL*,80,1204,88,205.00,107.67,48.59,1361,146537
264,264,,*MANUAL*,78,1184,90,177.00,112.13,33.94,1345,150809
265,265,,*MANUAL*,74,1163,89,235.00,121.66,45.00,1285,156327
266,266,,*MANUAL*,76,1150,78,202.00,119.25,36.96,1365,162773
267,267,,*MANUAL*,79,1170,84,216.00,134.00,37.46,1362,182502
268,268,,*MANUAL*,74,1170,72,182.00,113.75,28.04,1365,155262
269,269,,*MANUAL*,70,1186,76,211.00,143.05,28.21,1358,194264
270,270,,*MANUAL*,68,1177,87,216.00,125.12,42.70,1365,170785
271,271,,*MANUAL*,54,1180,83,179.00,114.02,25.93,1339,152667
272,272,,*MANUAL*,63,1137,76,135.00,57.84,12.85,2961,171268
273,273,,*MANUAL*,56,1130,48,152.00,76.46,26.52,1339,102383
274,274,,*MANUAL*,69,1126,45,143.00,73.40,22.14,2103,154367
275,275,,*MANUAL*,65,1126,64,145.00,71.37,24.95,2103,150082
276,276,,*MANUAL*,67,1107,42,131.00,83.04,21.38,1291,107201
277,277,,*MANUAL*,56,1107,42,132.00,79.42,21.97,1347,106976
278,278,,*MANUAL*,73,1106,55,193.00,106.81,34.35,1365,145795
279,279,,*MANUAL*,52,1109,59,158.00,95.66,19.59,1365,130576
280,280,,*MANUAL*,59,1107,75,171.00,105.25,26.23,866,91144
281,281,,*MANUAL*,69,1103,73,164.00,107.98,27.09,1319,142424
282,282,,*MANUAL*,51,1099,70,192.00,110.63,32.07,1365,151004
283,283,,*MANUAL*,47,1058,81,117.00,60.82,21.17,1935,117688
284,284,,*MANUAL*,52,1091,49,113.00,55.13,21.62,2103,115928
285,285,,*MANUAL*,47,1078,44,149.00,87.60,30.15,1341,117476
286,286,,*MANUAL*,46,1051,44,147.00,78.68,32.00,1331,104725
287,287,,*MANUAL*,44,1057,56,112.00,60.22,19.90,1365,82194
288,288,,*MANUAL*,60,1096,37,160.00,86.72,35.49,1365,118377
289,289,,*MANUAL*,59,1080,39,124.00,69.41,21.75,2079,144303
290,290,,*MANUAL*,57,1057,36,119.00,45.83,23.75,2969,136064
291,291,,*MANUAL*,64,1088,84,166.00,97.70,30.85,1365,133357
292,292,,*MANUAL*,65,1049,85,126.00,60.85,26.68,2097,127600
293,293,,*MANUAL*,74,1094,66,196.00,115.33,34.86,1365,157419
294,294,,*MANUAL*,75,1079,72,135.00,78.04,27.18,2103,164113
295,295,,*MANUAL*,75,1052,72,119.00,54.94,27.22,2103,115544
296,296,,*MANUAL*,71,1089,44,131.00,51.21,27.23,2961,151641
297,297,,*MANUAL*,71,1075,40,163.00,86.51,34.89,1365,118080
298,298,,*MANUAL*,74,1053,51,125.00,67.76,25.59,1354,91741
299,299,,*MANUAL*,69,1039,52,139.00,51.69,28.88,2103,108696
300,300,,*MANUAL*,66,1034,81,171.00,88.59,30.71,1360,120477
301,301,,*MANUAL*,53,1037,82,167.00,93.55,28.40,1365,127697
302,302,,*MANUAL*,60,1028,72,137.00,75.70,28.39,1339,101356
303,303,,*MANUAL*,53,1022,80,205.00,97.82,38.49,1332,130299
304,304,,*MANUAL*,57,1014,72,156.00,74.09,33.61,1365,101138
305,305,,*MANUAL*,57,1024,41,147.00,64.66,36.45,1052,68023
306,306,,*MANUAL*,58,1017,42,161.00,81.26,34.84,1365,110914
307,307,,*MANUAL*,44,1026,50,153.00,68.50,37.96,950,65072
308,308,,*MANUAL*,69,1022,53,147.00,58.47,33.21,2103,122964
309,309,,*MANUAL*,63,440,89,147.00,75.11,31.03,1365,102529
310,310,,*MANUAL*,60,409,88,131.00,66.85,23.13,1365,91254
311,311,,*MANUAL*,58,380,89,139.00,74.39,24.52,1365,101544
312,312,,*MANUAL*,60,572,94,166.00,81.80,29.71,1259,102987
313,313,,*MANUAL*,60,532,92,145.00,74.33,31.28,1365,101455
314,314,,*MANUAL*,63,507,91,147.00,79.19,28.26,1365,108088
315,315,,*MANUAL*,63,649,91,151.00,102.64,20.38,485,49782
316,316,,*MANUAL*,62,678,89,144.00,71.35,30.09,1339,95543
317,317,,*MANUAL*,64,739,94,152.00,79.85,31.27,1365,109002
318,318,,*MANUAL*,63,767,93,145.00,81.47,27.14,1316,107214
319,319,,*MANUAL*,61,827,100,121.00,74.79,26.32,1365,102084
320,320,,*MANUAL*,61,851,103,146.00,67.63,31.87,2103,142224
321,321,,*MANUAL*,61,902,106,158.00,70.73,37.47,2070,146417
322,322,,*MANUAL*,60,956,101,169.00,87.77,32.88,1365,119808
323,323,,*MANUAL*,60,985,100,145.00,87.96,27.71,1283,112854
324,324,,*MANUAL*,62,1017,96,175.00,96.33,32.50,1365,131496
325,325,,*MANUAL*,60,1033,98,154.00,84.59,35.09,1365,115471
326,326,,*MANUAL*,63,1056,100,153.00,93.93,32.50,1277,119947
327,327,,*MANUAL*,52,1053,98,168.00,92.62,32.68,1365,126430
328,328,,*MANUAL*,70,1065,96,158.00,82.24,37.99,1365,112264
329,329,,*MANUAL*,60,1083,98,172.00,96.24,32.74,1319,126935
330,330,,*MANUAL*,52,1074,97,151.00,89.88,27.69,1364,122596
331,331,,*MANUAL*,70,1088,96,193.00,115.77,44.51,1147,132792
332,332,,*MANUAL*,53,1098,93,171.00,112.43,27.26,1310,147278
333,333,,*MANUAL*,65,1102,94,210.00,116.71,48.17,1323,154412
334,334,,*MANUAL*,63,1123,97,183.00,102.65,35.48,1285,131910
335,335,,*MANUAL*,59,1111,92,212.00,129.52,39.81,1365,176789
336,336,,*MANUAL*,68,955,87,95.00,40.17,11.95,2933,117832
337,337,,*MANUAL*,48,955,87,68.00,33.23, 8.87,2969,98654
338,338,,*MANUAL*,49,959,49,72.00,29.53,10.99,2969,87678
339,339,,*MANUAL*,71,966,49,66.00,36.45,10.41,2615,95312
340,340,,*MANUAL*,53,901,94,65.00,28.69, 8.35,2969,85191
341,341,,*MANUAL*,61,906,52,67.00,28.44, 7.42,2911,82777
342,342,,*MANUAL*,59,853,46,76.00,26.56,10.91,2718,72178
343,343,,*MANUAL*,64,830,84,50.00,26.77, 7.85,2969,79487
344,344,,*MANUAL*,57,776,45,43.00,21.91, 6.83,4139,90698
345,345,,*MANUAL*,62,747,80,73.00,23.17, 7.74,4139,95886
346,346,,*MANUAL*,64,709,44,81.00,26.70, 8.40,2969,79284
347,347,,*MANUAL*,51,669,59,90.00,24.75, 8.44,4049,100216
348,348,,*MANUAL*,70,612,63,57.00,23.26, 8.56,2906,67606
349,349,,*MANUAL*,52,574,51,46.00,22.13, 6.88,2969,65698
350,350,,*MANUAL*,59,520,77,49.00,23.54, 9.24,4139,97436
351,351,,*MANUAL*,61,407,74,60.00,33.18, 8.41,2103,69768
352,352,,*MANUAL*,64,329,77,91.00,42.42,15.20,1653,70122
353,353,,*MANUAL*,61,465,53,55.00,22.92, 8.47,2948,67581
354,354,,*MANUAL*,52,370,52,64.00,31.03, 9.72,2103,65256
355,355,,*MANUAL*,53,315,50,69.00,33.86,12.28,1616,54716
356,356,,*MANUAL*,37,970,71,128.00,54.10,26.22,2103,113776
357,357,,*MANUAL*,37,944,71,85.00,41.14,15.90,1365,56158
358,358,,*MANUAL*,37,884,93,73.00,43.58,10.04,895,39008
359,359,,*MANUAL*,37,823,74,63.00,32.75,12.51,1365,44704
360,360,,*MANUAL*,38,774,75,88.00,34.47,15.40,2103,72485
361,361,,*MANUAL*,38,720,71,80.00,27.67,15.23,2103,58183
362,362,,*MANUAL*,39,669,77,78.00,33.79,13.97,2969,100310
363,363,,*MANUAL*,41,587,77,92.00,38.11,14.58,2103,80145
364,364,,*MANUAL*,43,533,83,87.00,41.14,16.30,2103,86514
365,365,,*MANUAL*,44,495,73,92.00,43.93,16.95,1365,59967
366,366,,*MANUAL*,45,453,75,95.00,40.05,17.14,2103,84225
367,367,,*MANUAL*,45,428,81,106.00,42.26,20.56,2103,88874
368,368,,*MANUAL*,43,385,77,77.00,37.27,13.53,2103,78372
369,369,,*MANUAL*,81,958,70,167.00,82.31,39.65,1365,112356
370,370,,*MANUAL*,82,932,71,91.00,45.10,16.10,2103,94848
371,371,,*MANUAL*,82,883,88,120.00,53.89,23.63,2103,113330
372,372,,*MANUAL*,85,835,72,91.00,37.09,16.54,2103,78009
373,373,,*MANUAL*,84,794,73,102.00,42.20,22.72,2103,88745
374,374,,*MANUAL*,85,739,67,113.00,38.07,19.14,2969,113037
375,375,,*MANUAL*,83,690,67,109.00,47.02,21.20,2103,98883
376,376,,*MANUAL*,80,602,67,84.00,37.36,15.04,2103,78565
377,377,,*MANUAL*,78,556,77,123.00,47.91,25.07,2103,100757
378,378,,*MANUAL*,78,536,66,98.00,48.27,18.73,2057,99289
379,379,,*MANUAL*,81,472,69,115.00,39.77,19.88,2103,83643
380,380,,*MANUAL*,77,441,76,102.00,42.83,22.84,2103,90076
381,381,,*MANUAL*,75,377,67,103.00,32.33,18.10,2103,68000
382,382,,*MANUAL*,56,93,59,68.00,31.10,14.56,2103,65400
383,383,*NOUSE*,*NOUSE*,0,0,0,0,0,0,0,0
384,384,,*MANUAL*,59,41,63,79.00,31.08,16.68,2103,65366
385,385,,*MANUAL*,62,65,61,87.00,45.65,17.49,1357,61949
386,386,,*MANUAL*,60,74,68,79.00,32.82,20.83,1365,44799
387,387,,*MANUAL*,62,106,65,85.00,43.20,14.52,1365,58965
388,388,,*MANUAL*,60,125,66,87.00,46.16,15.90,1365,63015
389,389,,*MANUAL*,60,148,75,86.00,45.63,16.71,1365,62289
390,390,,*MANUAL*,58,148,58,101.00,52.40,16.43,1365,71527
391,391,,*MANUAL*,51,171,59,75.00,38.52,11.59,1365,52577
392,392,,*MANUAL*,65,166,56,78.00,44.93, 9.86,1359,61064
393,393,,*MANUAL*,55,159,69,108.00,59.73,20.31,1365,81528
394,394,,*MANUAL*,54,193,65,124.00,56.79,31.62,1365,77516
395,395,,*MANUAL*,54,203,54,136.00,74.13,26.34,1365,101189
396,396,,*MANUAL*,52,225,61,146.00,85.65,23.96,1285,110062
397,397,,*MANUAL*,55,214,65,131.00,77.89,21.84,1267,98691
398,398,,*MANUAL*,52,235,67,116.00,73.87,17.68,1287,95067
399,399,,*MANUAL*,55,241,75,128.00,66.73,29.85,1355,90419
400,400,,*MANUAL*,51,253,72,110.00,62.38,20.31,1365,85143
401,401,,*MANUAL*,50,270,70,132.00,70.07,23.81,1356,95017
402,402,,*MANUAL*,50,287,72,151.00,83.96,33.22,1325,111253
403,403,,*MANUAL*,64,173,67,116.00,59.39,23.22,1365,81064
404,404,,*MANUAL*,65,188,61,125.00,77.56,19.49,1365,105875
405,405,,*MANUAL*,66,198,52,145.00,85.44,22.79,1365,116623
406,406,,*MANUAL*,73,209,61,146.00,76.97,27.21,1337,102904
407,407,,*MANUAL*,75,223,59,171.00,95.51,32.37,1349,128842
408,408,,*MANUAL*,75,236,59,134.00,84.48,19.14,1336,112871
409,409,,*MANUAL*,74,234,70,142.00,72.71,33.30,1356,98598
410,410,,*MANUAL*,75,254,66,126.00,64.23,25.54,1339,86008
411,411,,*MANUAL*,73,277,61,132.00,68.96,26.49,1331,91788
412,412,,*MANUAL*,58,259,48,120.00,66.62,25.31,1365,90940
413,413,,*MANUAL*,55,245,55,115.00,67.00,18.21,1758,117788
414,414,,*MANUAL*,64,245,63,143.00,89.57,18.86,1365,122267
415,415,,*MANUAL*,66,226,77,108.00,42.09,22.06,2103,88523
416,416,,*MANUAL*,64,229,59,122.00,78.03,15.19,1365,106517
417,417,,*MANUAL*,61,215,50,124.00,71.01,25.71,1346,95576
418,418,,*MANUAL*,62,206,65,122.00,84.02,16.09,1319,110825
419,419,,*MANUAL*,59,204,76,108.00,64.98,17.56,1345,87398
420,420,,*MANUAL*,68,197,74,104.00,56.90,18.71,1365,77674
421,421,,*MANUAL*,58,179,48,96.00,41.81,20.63,2103,87928
422,422,,*MANUAL*,68,248,44,112.00,33.93,25.71,2103,71352
423,423,,*MANUAL*,70,255,56,133.00,76.94,18.44,1365,105018
424,424,,*MANUAL*,67,257,85,116.00,49.12,25.92,1365,67055
425,425,,*MANUAL*,61,267,74,143.00,89.48,18.58,1083,96903
426,426,,*MANUAL*,57,273,83,153.00,69.52,31.55,1365,94888
427,427,,*MANUAL*,56,290,82,160.00,92.59,25.28,1259,116570
428,428,,*MANUAL*,60,307,84,113.00,67.95,17.59,1365,92754
429,429,,*MANUAL*,69,273,75,146.00,94.99,23.88,1349,128135
430,430,,*MANUAL*,62,283,75,170.00,99.57,35.66,1171,116595
431,431,,*MANUAL*,68,291,76,186.00,100.65,24.72,1127,113427
432,432,,*MANUAL*,47,312,81,123.00,54.97,27.70,1365,75039
433,433,,*MANUAL*,72,323,76,113.00,43.10,29.72,2103,90642
434,434,,*MANUAL*,40,1472,63,96.00,33.56,20.88,2969,99632
435,435,,*MANUAL*,39,1354,66,115.00,56.15,21.78,2103,118088
436,436,,*MANUAL*,38,1269,61,141.00,52.61,23.40,2969,156197
437,437,,*MANUAL*,34,1090,61,78.00,31.90,13.03,2969,94704
438,438,*NOUSE*,*NOUSE*,0,0,0,0,0,0,0,0
439,439,,*MANUAL*,39,1105,42,98.00,39.43,18.06,2969,117058
440,440,,*MANUAL*,36,1027,54,135.00,41.65,22.78,2969,123659
441,441,,*MANUAL*,35,999,71,52.00,21.78,10.03,2969,64660
442,442,,*MANUAL*,36,905,67,66.00,24.81,10.54,2969,73675
443,443,,*MANUAL*,37,822,53,56.00,17.95, 9.12,2969,53307
444,444,,*MANUAL*,38,692,47,58.00,24.33,10.53,2969,72233
445,445,,*MANUAL*,38,556,55,57.00,24.33, 9.83,2969,72224
446,446,,*MANUAL*,41,429,60,62.00,25.97, 9.93,2103,54605
447,447,,*MANUAL*,48,252,54,85.00,29.98,17.04,2103,63038
448,448,,*MANUAL*,54,282,53,113.00,59.11,25.68,1270,75074
449,449,,*MANUAL*,63,285,58,120.00,59.00,23.82,2103,124077
450,450,,*MANUAL*,79,1470,63,109.00,44.86,26.08,2103,94343
451,451,,*MANUAL*,85,1363,63,148.00,67.73,29.26,2103,142438
452,452,,*MANUAL*,87,1271,59,138.00,61.31,27.11,2103,128939
453,453,,*MANUAL*,86,1088,56,124.00,51.50,23.01,2103,108299
454,454,,*MANUAL*,82,1059,41,104.00,42.55,21.68,2103,89479
455,455,,*MANUAL*,85,1022,60,91.00,45.66,16.67,1365,62326
456,456,,*MANUAL*,85,996,71,89.00,31.31,15.29,2969,92954
457,457,,*MANUAL*,82,963,51,75.00,34.25,15.83,2969,101702
458,458,,*MANUAL*,82,881,63,64.00,27.49,12.19,2969,81611
459,459,,*MANUAL*,82,787,51,68.00,31.34,11.71,2969,93056
460,460,,*MANUAL*,80,689,41,73.00,28.02,13.15,2969,83184
461,461,,*MANUAL*,79,525,49,89.00,33.46,14.91,2646,88529
462,462,,*MANUAL*,76,406,54,79.00,29.48,16.37,2969,87513
463,463,,*MANUAL*,73,215,47,91.00,28.74,14.56,2103,60438
464,464,,*MANUAL*,75,778,38,118.00,59.96,26.65,1365,81839
465,465,,*MANUAL*,80,703,55,143.00,72.00,25.74,1365,98283
466,466,,*MANUAL*,80,637,70,159.00,77.40,33.80,1365,105645
467,467,,*MANUAL*,45,759,43,86.00,43.27,18.18,1365,59069
468,468,,*MANUAL*,42,659,53,118.00,64.77,22.91,1365,88412
469,469,,*MANUAL*,44,630,80,118.00,70.17,20.95,1365,95780
470,470,,*MANUAL*,42,1427,81,128.00,54.41,24.99,2103,114417
471,471,,*MANUAL*,47,1394,91,120.00,67.82,20.04,1365,92575
472,472,,*MANUAL*,51,1354,97,124.00,61.41,24.66,1365,83821
473,473,,*MANUAL*,45,1312,93,123.00,55.18,26.25,1365,75323
474,474,,*MANUAL*,54,1243,98,173.00,71.98,31.74,2103,151372
475,475,,*MANUAL*,43,1229,91,106.00,49.70,20.61,2103,104526
476,476,,*MANUAL*,56,1120,80,189.00,121.58,37.28,1110,134952
477,477,,*MANUAL*,47,1125,79,186.00,108.14,30.53,1365,147614
478,478,,*MANUAL*,67,1121,80,215.00,131.56,34.88,1357,178525
479,479,,*MANUAL*,76,1129,75,197.00,120.39,30.15,1365,164330
480,480,,*MANUAL*,77,1118,87,171.00,100.57,33.08,1365,137279
481,481,,*MANUAL*,79,1107,79,167.00,103.96,28.43,1365,141908
482,482,,*MANUAL*,53,1128,96,160.00,69.04,35.05,2103,145193
483,483,,*MANUAL*,43,1095,91,126.00,58.84,24.55,1365,80314
484,484,,*MANUAL*,43,1067,89,120.00,57.55,24.07,2103,121023
485,485,,*MANUAL*,51,1017,97,131.00,60.99,30.71,2103,128264
486,486,,*MANUAL*,48,984,101,107.00,55.81,23.50,2103,117372
487,487,,*MANUAL*,54,873,105,114.00,55.68,22.25,2103,117089
488,488,,*MANUAL*,47,834,95,102.00,50.40,17.43,2103,105990
489,489,,*MANUAL*,54,776,92,146.00,58.88,24.59,2103,123831
490,490,,*MANUAL*,51,731,87,101.00,45.57,20.61,2103,95844
491,491,,*MANUAL*,52,658,86,117.00,57.62,20.85,2103,121171
492,492,,*MANUAL*,52,692,86,147.00,78.62,25.90,1365,107318
493,493,,*MANUAL*,52,678,84,156.00,87.85,30.31,1365,119921
494,494,,*MANUAL*,52,580,89,116.00,57.52,21.59,2103,120974
495,495,,*MANUAL*,56,456,85,115.00,53.61,22.90,2103,112747
496,496,,*MANUAL*,53,363,84,108.00,51.70,21.39,2093,108209
497,497,,*MANUAL*,78,1428,79,204.00,80.54,36.14,2103,169383
498,498,,*MANUAL*,76,1406,89,129.00,57.14,26.78,2103,120163
499,499,,*MANUAL*,76,1359,95,143.00,54.89,33.85,2103,115429
500,500,,*MANUAL*,82,1319,89,173.00,81.74,30.63,1365,111576
501,501,,*MANUAL*,74,1245,96,210.00,108.44,43.80,1315,142599
502,502,,*MANUAL*,82,1238,89,146.00,68.79,34.64,2103,144657
503,503,,*MANUAL*,76,1136,91,171.00,79.98,33.02,1365,109173
504,504,,*MANUAL*,78,1092,90,182.00,73.66,35.82,2103,154903
505,505,,*MANUAL*,80,1072,86,137.00,55.21,29.95,2103,116099
506,506,,*MANUAL*,74,1024,90,143.00,65.33,28.15,2103,137382
507,507,,*MANUAL*,76,992,94,129.00,59.08,27.76,2103,124252
508,508,,*MANUAL*,71,929,100,123.00,58.88,25.67,2103,123833
509,509,,*MANUAL*,75,945,94,167.00,89.31,32.04,1365,121913
510,510,,*MANUAL*,75,915,91,161.00,81.20,28.75,1365,110834
511,511,,*MANUAL*,75,865,97,145.00,58.43,30.99,2103,122886
512,512,,*MANUAL*,73,822,93,122.00,51.89,33.47,2103,109120
513,513,,*MANUAL*,79,753,84,120.00,50.67,29.17,2103,106560
514,514,,*MANUAL*,76,698,79,145.00,58.96,31.88,2103,124003
515,515,,*MANUAL*,75,619,82,142.00,51.48,32.04,2103,108262
516,516,,*MANUAL*,71,530,82,130.00,60.47,32.52,1365,82546
517,517,,*MANUAL*,73,470,83,124.00,48.47,23.18,2103,101941
518,518,,*MANUAL*,66,367,82,117.00,49.21,25.57,2103,103496
519,519,,*MANUAL*,79,1426,50,142.00,60.31,28.44,2103,126838
520,520,,*MANUAL*,77,1400,40,149.00,61.82,38.23,2103,129999
521,521,,*MANUAL*,75,1360,35,140.00,67.01,28.11,1365,91463
522,522,,*MANUAL*,80,1321,38,134.00,70.37,26.29,1365,96058
523,523,,*MANUAL*,70,1252,29,179.00,85.36,32.36,1195,102004
524,524,,*MANUAL*,77,1255,37,171.00,78.51,30.43,2103,165107
525,525,,*MANUAL*,69,1134,25,146.00,55.80,28.87,2103,117353
526,526,,*MANUAL*,73,1107,27,123.00,66.62,21.65,1365,90931
527,527,,*MANUAL*,60,1115,24,141.00,75.43,29.05,1225,92404
528,528,,*MANUAL*,68,1051,23,121.00,38.48,27.15,2103,80920
529,529,,*MANUAL*,64,972,34,110.00,41.88,26.68,2103,88072
530,530,,*MANUAL*,72,902,44,109.00,51.94,23.74,2103,109230
531,531,,*MANUAL*,66,859,37,104.00,44.41,23.65,2103,93394
532,532,,*MANUAL*,70,809,33,111.00,48.05,21.28,2103,101039
533,533,,*MANUAL*,67,747,31,103.00,52.38,19.36,1365,71495
534,534,,*MANUAL*,70,703,32,115.00,72.38,16.11,895,64784
535,535,,*MANUAL*,71,1015,35,116.00,47.10,26.07,2103,99055
536,536,,*MANUAL*,68,584,35,118.00,62.12,21.80,1365,84800
537,537,*NOUSE*,*NOUSE*,0,0,0,0,0,0,0,0
538,538,,*MANUAL*,68,521,36,122.00,54.36,29.33,2103,114322
539,539,,*MANUAL*,68,436,41,120.00,51.66,24.04,2103,108635
540,540,,*MANUAL*,67,366,44,122.00,43.47,23.71,2103,91408
541,541,,*MANUAL*,45,1426,48,108.00,58.35,21.29,2103,122716
542,542,,*MANUAL*,49,1399,41,179.00,75.75,28.06,2103,159295
543,543,,*MANUAL*,49,1355,33,126.00,50.06,26.68,2103,105272
544,544,,*MANUAL*,44,1313,40,123.00,56.50,25.82,2103,118812
545,545,,*MANUAL*,50,1239,29,109.00,41.92,25.52,1751,73396
546,546,,*MANUAL*,45,1235,36,121.00,60.75,23.85,2103,127766
547,547,,*MANUAL*,51,1110,25,145.00,65.76,31.15,2103,138290
548,548,,*MANUAL*,43,1077,28,98.00,45.06,18.53,1365,61507
549,549,,*MANUAL*,47,1025,31,117.00,46.46,27.24,2103,97707
550,550,,*MANUAL*,42,989,41,105.00,37.64,22.00,2103,79148
551,551,,*MANUAL*,47,924,43,109.00,47.60,21.27,2103,100098
552,552,,*MANUAL*,47,857,44,91.00,45.05,16.85,2103,94732
553,553,,*MANUAL*,49,803,33,77.00,30.55,18.27,2103,64254
554,554,,*MANUAL*,51,732,36,121.00,43.19,23.99,2103,90833
555,555,,*MANUAL*,50,691,33,122.00,44.32,25.77,2103,93210
556,556,,*MANUAL*,48,600,35,115.00,42.65,30.05,2103,89690
557,557,,*MANUAL*,48,536,38,117.00,46.07,24.74,2103,96884
558,558,,*MANUAL*,49,460,45,104.00,50.63,21.38,2103,106482
559,559,,*MANUAL*,49,397,43,124.00,38.88,28.54,2103,81767
560,560,,*MANUAL*,45,310,52,104.00,47.44,19.09,2103,99771
561,561,,*MANUAL*,71,531,54,94.00,40.60,15.94,2103,85374
562,562,,*MANUAL*,73,681,75,153.00,53.93,31.82,2103,113412
563,563,,*MANUAL*,69,659,72,114.00,44.95,20.80,4139,186049
564,564,,*MANUAL*,60,630,79,144.00,51.14,20.62,2969,151825
565,565,,*MANUAL*,56,607,86,103.00,51.56,18.35,2103,108432
566,566,,*MANUAL*,46,296,82,99.00,42.66,22.55,2103,89711
567,567,,*MANUAL*,75,292,73,154.00,52.79,33.73,1365,72063
568,568,,*MANUAL*,78,1196,78,238.00,146.32,40.59,1365,199724
569,569,,*MANUAL*,49,1190,78,185.00,117.39,29.17,1365,160241
570,570,,*MANUAL*,50,1084,77,132.00,61.79,22.17,2103,129953
571,571,F1,*MANUAL*,62,1495,65,43.00, 6.88, 5.15,895,6154
572,572,F2,*MANUAL*,62,1455,67,17.00, 5.68, 3.30,895,5083
573,573,F3,*MANUAL*,61,1401,66,27.00, 8.43, 3.97,895,7547
574,574,F4,*MANUAL*,61,1353,70,53.00,15.47, 7.82,895,13848
575,575,F5,*MANUAL*,61,1290,68,16.00, 6.44, 2.27,895,5766
576,576,F6,*MANUAL*,61,1240,64,11.00, 4.61, 1.88,895,4124
577,577,F7,*MANUAL*,61,1070,64,13.00, 4.67, 2.19,895,4179
578,578,F8,*MANUAL*,62,989,64,10.00, 2.45, 1.74,895,2196
579,579,F9,*MANUAL*,62,883,69,10.00, 1.69, 1.44,895,1513
580,580,F10,*MANUAL*,69,153,67,29.00, 8.36, 4.13,895,7484
