0,0,*NOUSE*,*NOUSE*,0,0,0,0,0,0,0,0
1,1,*NOUSE*,*NOUSE*,0,0,0,0,0,0,0,0
2,2,*NOUSE*,*NOUSE*,0,0,0,0,0,0,0,0
3,3,*NOUSE*,*NOUSE*,0,0,0,0,0,0,0,0
4,4,*NOUSE*,*NOUSE*,0,0,0,0,0,0,0,0
5,5,,,42,1282,66,246.00,91.64,56.64,3227,295721
6,6,,,43,1473,65,238.00,82.30,52.88,3007,247462
7,7,,,42,1342,71,183.00,65.98,39.82,4370,288344
8,8,,,44,1409,65,197.00,74.87,42.28,2912,218020
9,9,*NOUSE*,*NOUSE*,0,0,0,0,0,0,0,0
10,10,,,42,1304,64,188.00,69.54,39.70,3385,235379
11,11,,,43,1488,66,237.00,79.61,51.84,3161,251652
12,12,,,43,1454,65,233.00,77.31,50.92,3100,239676
13,13,*NOUSE*,*NOUSE*,0,0,0,0,0,0,0,0
14,14,,,44,1374,65,238.00,80.73,50.62,3612,291607
15,15,*NOUSE*,*NOUSE*,0,0,0,0,0,0,0,0
16,16,,,43,1521,71,148.00,51.36,28.57,3907,200651
17,17,*NOUSE*,*NOUSE*,0,0,0,0,0,0,0,0
18,18,*NOUSE*,*NOUSE*,0,0,0,0,0,0,0,0
19,19,,,44,1391,81,232.00,68.56,47.94,4198,287805
20,20,,,43,1325,82,199.00,75.50,45.33,4021,303602
21,21,,,43,1304,85,173.00,65.74,36.60,4733,311153
22,22,*NOUSE*,*NOUSE*,0,0,0,0,0,0,0,0
23,23,*NOUSE*,*NOUSE*,0,0,0,0,0,0,0,0
24,24,*NOUSE*,*NOUSE*,0,0,0,0,0,0,0,0
25,25,*NOUSE*,*NOUSE*,0,0,0,0,0,0,0,0
26,26,,,44,1267,66,242.00,93.67,56.99,3214,301062
27,27,,,48,1512,81,223.00,70.08,46.94,3848,269657
28,28,*NOUSE*,*NOUSE*,0,0,0,0,0,0,0,0
29,29,*NOUSE*,*NOUSE*,0,0,0,0,0,0,0,0
30,30,,,45,1477,88,223.00,81.08,45.15,3770,305659
31,31,,,47,1498,58,227.00,77.96,49.01,3361,262015
32,32,,,51,1416,60,215.00,81.95,46.18,3835,314277
33,33,*NOUSE*,*NOUSE*,0,0,0,0,0,0,0,0
34,34,,,47,1550,67,209.00,58.44,42.52,4240,247790
35,35,,,46,1236,70,244.00,74.58,49.14,4293,320163
36,36,,,46,1440,69,201.00,76.87,44.36,3236,248761
37,37,*NOUSE*,*NOUSE*,0,0,0,0,0,0,0,0
38,38,*NOUSE*,*NOUSE*,0,0,0,0,0,0,0,0
39,39,*NOUSE*,*NOUSE*,0,0,0,0,0,0,0,0
40,40,*NOUSE*,*NOUSE*,0,0,0,0,0,0,0,0
41,41,,,46,1264,92,225.00,86.83,51.68,3844,333763
42,42,,,47,1427,64,225.00,85.55,51.30,3106,265727
43,43,,,48,1567,75,194.00,55.61,40.35,4706,261722
44,44,,,52,1422,78,222.00,89.97,45.20,4054,364747
45,45,*NOUSE*,*NOUSE*,0,0,0,0,0,0,0,0
46,46,*NOUSE*,*NOUSE*,0,0,0,0,0,0,0,0
47,47,,,48,825,73,202.00,54.85,41.93,5088,279054
48,48,,,51,1294,72,231.00,95.79,47.03,4158,398305
49,49,,,49,1545,80,183.00,60.94,38.47,4499,274158
50,50,*NOUSE*,*NOUSE*,0,0,0,0,0,0,0,0
51,51,*NOUSE*,*NOUSE*,0,0,0,0,0,0,0,0
52,52,*NOUSE*,*NOUSE*,0,0,0,0,0,0,0,0
53,53,*NOUSE*,*NOUSE*,0,0,0,0,0,0,0,0
54,54,*NOUSE*,*NOUSE*,0,0,0,0,0,0,0,0
55,55,*NOUSE*,*NOUSE*,0,0,0,0,0,0,0,0
56,56,*NOUSE*,*NOUSE*,0,0,0,0,0,0,0,0
57,57,,,48,1459,92,247.00,92.61,53.77,3900,361168
58,58,*NOUSE*,*NOUSE*,0,0,0,0,0,0,0,0
59,59,,,48,1331,99,246.00,93.05,51.68,4015,373602
60,60,*NOUSE*,*NOUSE*,0,0,0,0,0,0,0,0
61,61,*NOUSE*,*NOUSE*,0,0,0,0,0,0,0,0
62,62,,,48,1515,57,181.00,69.19,42.40,3727,257889
63,63,,,48,862,58,136.00,38.71,22.05,6766,261920
64,64,*NOUSE*,*NOUSE*,0,0,0,0,0,0,0,0
65,65,*NOUSE*,*NOUSE*,0,0,0,0,0,0,0,0
66,66,*NOUSE*,*NOUSE*,0,0,0,0,0,0,0,0
67,67,*NOUSE*,*NOUSE*,0,0,0,0,0,0,0,0
68,68,*NOUSE*,*NOUSE*,0,0,0,0,0,0,0,0
69,69,*NOUSE*,*NOUSE*,0,0,0,0,0,0,0,0
70,70,,,48,1295,102,249.00,104.96,56.22,2950,309625
71,71,*NOUSE*,*NOUSE*,0,0,0,0,0,0,0,0
72,72,*NOUSE*,*NOUSE*,0,0,0,0,0,0,0,0
73,73,,,48,1374,51,172.00,59.37,31.33,3468,205904
74,74,*NOUSE*,*NOUSE*,0,0,0,0,0,0,0,0
75,75,,,49,1332,57,247.00,97.63,54.23,2459,240071
76,76,,,50,1396,58,176.00,63.13,38.25,3983,251460
77,77,,,50,724,71,114.00,35.43,19.90,6474,229348
78,78,*NOUSE*,*NOUSE*,0,0,0,0,0,0,0,0
79,79,,,51,1527,83,192.00,68.55,40.98,4116,282155
80,80,*NOUSE*,*NOUSE*,0,0,0,0,0,0,0,0
81,81,,,51,1405,90,219.00,84.63,47.26,3987,337410
82,82,,,49,1399,100,165.00,73.34,37.68,2243,164498
83,83,*NOUSE*,*NOUSE*,0,0,0,0,0,0,0,0
84,84,,,50,808,57,156.00,48.31,28.67,5693,275024
85,85,*NOUSE*,*NOUSE*,0,0,0,0,0,0,0,0
86,86,*NOUSE*,*NOUSE*,0,0,0,0,0,0,0,0
87,87,*NOUSE*,*NOUSE*,0,0,0,0,0,0,0,0
88,88,*NOUSE*,*NOUSE*,0,0,0,0,0,0,0,0
89,89,,,50,1421,93,241.00,107.40,57.89,2892,310598
90,90,*NOUSE*,*NOUSE*,0,0,0,0,0,0,0,0
91,91,*NOUSE*,*NOUSE*,0,0,0,0,0,0,0,0
92,92,*NOUSE*,*NOUSE*,0,0,0,0,0,0,0,0
93,93,*NOUSE*,*NOUSE*,0,0,0,0,0,0,0,0
94,94,*NOUSE*,*NOUSE*,0,0,0,0,0,0,0,0
95,95,,,51,1435,53,214.00,78.10,44.08,2478,193537
96,96,,,51,1021,58,187.00,50.15,33.83,5794,290565
97,97,*NOUSE*,*NOUSE*,0,0,0,0,0,0,0,0
98,98,,,50,1610,76,115.00,40.40,23.37,5276,213174
99,99,,,52,1090,74,249.00,76.59,57.93,4082,312624
100,100,*NOUSE*,*NOUSE*,0,0,0,0,0,0,0,0
101,101,,,52,1291,89,229.00,100.67,47.66,3652,367644
102,102,,,52,889,93,209.00,62.93,47.64,4248,267324
103,103,*NOUSE*,*NOUSE*,0,0,0,0,0,0,0,0
104,104,,,51,1312,99,224.00,101.02,48.85,3569,360538
105,105,,,53,1229,53,178.00,60.76,36.88,4660,283145
106,106,*NOUSE*,*NOUSE*,0,0,0,0,0,0,0,0
107,107,*NOUSE*,*NOUSE*,0,0,0,0,0,0,0,0
108,108,*NOUSE*,*NOUSE*,0,0,0,0,0,0,0,0
109,109,,,52,570,74,90.00,33.17,16.47,6615,219407
110,110,*NOUSE*,*NOUSE*,0,0,0,0,0,0,0,0
111,111,,,52,1311,77,245.00,98.95,51.78,3309,327412
112,112,*NOUSE*,*NOUSE*,0,0,0,0,0,0,0,0
113,113,*NOUSE*,*NOUSE*,0,0,0,0,0,0,0,0
114,114,*NOUSE*,*NOUSE*,0,0,0,0,0,0,0,0
115,115,*NOUSE*,*NOUSE*,0,0,0,0,0,0,0,0
116,116,*NOUSE*,*NOUSE*,0,0,0,0,0,0,0,0
117,117,*NOUSE*,*NOUSE*,0,0,0,0,0,0,0,0
118,118,,,55,1203,95,214.00,70.32,46.74,5661,398090
119,119,*NOUSE*,*NOUSE*,0,0,0,0,0,0,0,0
120,120,,,53,1500,42,154.00,52.37,28.26,4854,254211
121,121,,,53,922,53,171.00,49.10,32.49,4578,224800
122,122,,,54,1205,54,227.00,65.85,48.14,4348,286295
123,123,*NOUSE*,*NOUSE*,0,0,0,0,0,0,0,0
124,124,,,53,760,70,187.00,54.72,41.22,4296,235062
125,125,,,57,1205,75,157.00,55.80,33.69,5980,333709
126,126,*NOUSE*,*NOUSE*,0,0,0,0,0,0,0,0
127,127,*NOUSE*,*NOUSE*,0,0,0,0,0,0,0,0
128,128,,,53,1341,88,211.00,95.84,43.25,3628,347720
129,129,*NOUSE*,*NOUSE*,0,0,0,0,0,0,0,0
130,130,*NOUSE*,*NOUSE*,0,0,0,0,0,0,0,0
131,131,*NOUSE*,*NOUSE*,0,0,0,0,0,0,0,0
132,132,*NOUSE*,*NOUSE*,0,0,0,0,0,0,0,0
133,133,,,55,647,72,135.00,39.09,21.93,4867,190250
134,134,,,54,1333,75,239.00,94.83,48.06,3402,322607
135,135,*NOUSE*,*NOUSE*,0,0,0,0,0,0,0,0
136,136,*NOUSE*,*NOUSE*,0,0,0,0,0,0,0,0
137,137,,,54,1547,93,139.00,57.33,28.12,4295,246246
138,138,,,55,1235,121,172.00,54.59,34.71,8402,458668
139,139,*NOUSE*,*NOUSE*,0,0,0,0,0,0,0,0
140,140,,,55,1342,46,218.00,86.77,49.19,2549,221186
141,141,,,55,1266,50,210.00,87.85,46.39,3058,268635
142,142,,,56,1054,53,235.00,68.64,53.27,4068,279247
143,143,*NOUSE*,*NOUSE*,0,0,0,0,0,0,0,0
144,144,*NOUSE*,*NOUSE*,0,0,0,0,0,0,0,0
145,145,*NOUSE*,*NOUSE*,0,0,0,0,0,0,0,0
146,146,*NOUSE*,*NOUSE*,0,0,0,0,0,0,0,0
147,147,,,54,471,74,108.00,32.04,17.60,6393,204830
148,148,,,53,524,89,98.00,29.27,14.24,5471,160161
149,149,,,56,1162,113,178.00,56.61,38.27,5894,333658
150,150,,,57,1294,41,167.00,60.26,33.59,4824,290700
151,151,*NOUSE*,*NOUSE*,0,0,0,0,0,0,0,0
152,152,*NOUSE*,*NOUSE*,0,0,0,0,0,0,0,0
153,153,*NOUSE*,*NOUSE*,0,0,0,0,0,0,0,0
154,154,,,57,1308,51,240.00,81.76,53.35,3233,264338
155,155,*NOUSE*,*NOUSE*,0,0,0,0,0,0,0,0
156,156,*NOUSE*,*NOUSE*,0,0,0,0,0,0,0,0
157,157,,,55,539,66,123.00,38.79,22.65,4922,190930
158,158,*NOUSE*,*NOUSE*,0,0,0,0,0,0,0,0
159,159,,,55,410,71,150.00,46.26,27.41,3533,163447
160,160,,,56,342,76,181.00,66.23,44.55,2398,158821
161,161,,,56,1322,88,232.00,98.16,45.98,3855,378416
162,162,*NOUSE*,*NOUSE*,0,0,0,0,0,0,0,0
163,163,,,57,1249,94,208.00,72.01,41.61,4675,336666
164,164,*NOUSE*,*NOUSE*,0,0,0,0,0,0,0,0
165,165,,,58,1120,102,112.00,37.88,19.13,7763,294031
166,166,,,56,1231,105,242.00,83.45,52.83,5100,425582
167,167,,,58,865,104,178.00,52.54,37.45,5744,301813
168,168,*NOUSE*,*NOUSE*,0,0,0,0,0,0,0,0
169,169,*NOUSE*,*NOUSE*,0,0,0,0,0,0,0,0
170,170,*NOUSE*,*NOUSE*,0,0,0,0,0,0,0,0
171,171,*NOUSE*,*NOUSE*,0,0,0,0,0,0,0,0
172,172,*NOUSE*,*NOUSE*,0,0,0,0,0,0,0,0
173,173,*NOUSE*,*NOUSE*,0,0,0,0,0,0,0,0
174,174,,,59,1231,77,189.00,67.62,38.48,4472,302394
175,175,,,56,1250,75,253.00,115.97,62.10,2840,329365
176,176,*NOUSE*,*NOUSE*,0,0,0,0,0,0,0,0
177,177,*NOUSE*,*NOUSE*,0,0,0,0,0,0,0,0
178,178,*NOUSE*,*NOUSE*,0,0,0,0,0,0,0,0
179,179,*NOUSE*,*NOUSE*,0,0,0,0,0,0,0,0
180,180,*NOUSE*,*NOUSE*,0,0,0,0,0,0,0,0
181,181,,,58,1380,104,253.00,100.93,50.26,3483,351533
182,182,*NOUSE*,*NOUSE*,0,0,0,0,0,0,0,0
183,183,*NOUSE*,*NOUSE*,0,0,0,0,0,0,0,0
184,184,*NOUSE*,*NOUSE*,0,0,0,0,0,0,0,0
185,185,*NOUSE*,*NOUSE*,0,0,0,0,0,0,0,0
186,186,,,60,893,45,170.00,51.39,35.61,6553,336756
187,187,*NOUSE*,*NOUSE*,0,0,0,0,0,0,0,0
188,188,,,61,580,59,141.00,44.16,26.03,5343,235954
189,189,*NOUSE*,*NOUSE*,0,0,0,0,0,0,0,0
190,190,*NOUSE*,*NOUSE*,0,0,0,0,0,0,0,0
191,191,,,60,387,79,187.00,60.09,41.17,4693,282023
192,192,*NOUSE*,*NOUSE*,0,0,0,0,0,0,0,0
193,193,*NOUSE*,*NOUSE*,0,0,0,0,0,0,0,0
194,194,*NOUSE*,*NOUSE*,0,0,0,0,0,0,0,0
195,195,,,59,1021,111,160.00,50.36,34.57,6266,315560
196,196,,,60,1181,48,192.00,60.43,40.17,4735,286134
197,197,,,62,796,57,158.00,49.37,31.27,5893,290942
198,198,*NOUSE*,*NOUSE*,0,0,0,0,0,0,0,0
199,199,*NOUSE*,*NOUSE*,0,0,0,0,0,0,0,0
200,200,,,61,319,68,213.00,78.55,50.89,3954,310584
201,201,*NOUSE*,*NOUSE*,0,0,0,0,0,0,0,0
202,202,,,60,1345,101,191.00,80.01,39.54,5228,418270
203,203,,,59,1454,105,221.00,76.56,41.83,4986,381725
204,204,,,60,971,109,186.00,53.11,39.04,5602,297498
205,205,*NOUSE*,*NOUSE*,0,0,0,0,0,0,0,0
206,206,*NOUSE*,*NOUSE*,0,0,0,0,0,0,0,0
207,207,*NOUSE*,*NOUSE*,0,0,0,0,0,0,0,0
208,208,,,62,1068,44,179.00,51.99,36.48,5781,300539
209,209,*NOUSE*,*NOUSE*,0,0,0,0,0,0,0,0
210,210,*NOUSE*,*NOUSE*,0,0,0,0,0,0,0,0
211,211,*NOUSE*,*NOUSE*,0,0,0,0,0,0,0,0
212,212,,,59,1429,58,233.00,84.61,49.21,3436,290726
213,213,*NOUSE*,*NOUSE*,0,0,0,0,0,0,0,0
214,214,*NOUSE*,*NOUSE*,0,0,0,0,0,0,0,0
215,215,,,61,328,77,240.00,81.33,57.34,3763,306043
216,216,,,61,1302,97,211.00,94.29,43.31,4144,390736
217,217,*NOUSE*,*NOUSE*,0,0,0,0,0,0,0,0
218,218,,,63,1465,50,158.00,62.70,29.01,3947,247483
219,219,,,62,813,48,177.00,61.16,38.18,4902,299822
220,220,,,62,1027,48,232.00,72.66,53.38,4032,292947
221,221,,,59,1508,57,187.00,70.35,39.92,4144,291544
222,222,,,63,1118,58,110.00,36.06,18.13,8089,291673
223,223,*NOUSE*,*NOUSE*,0,0,0,0,0,0,0,0
224,224,*NOUSE*,*NOUSE*,0,0,0,0,0,0,0,0
225,225,*NOUSE*,*NOUSE*,0,0,0,0,0,0,0,0
226,226,,,58,1263,86,188.00,83.59,43.12,1394,116522
227,227,,,63,827,91,71.00,25.78,10.37,8855,228291
228,228,,,64,480,101,136.00,45.25,25.15,4613,208733
229,229,,,61,1636,64,138.00,41.66,27.02,3777,157364
230,230,*NOUSE*,*NOUSE*,0,0,0,0,0,0,0,0
231,231,*NOUSE*,*NOUSE*,0,0,0,0,0,0,0,0
232,232,*NOUSE*,*NOUSE*,0,0,0,0,0,0,0,0
233,233,,,61,1281,81,178.00,86.65,34.04,2097,181713
234,234,,,63,308,80,229.00,77.05,53.91,3686,284023
235,235,*NOUSE*,*NOUSE*,0,0,0,0,0,0,0,0
236,236,*NOUSE*,*NOUSE*,0,0,0,0,0,0,0,0
237,237,,,65,1184,98,176.00,53.20,31.46,6664,354544
238,238,*NOUSE*,*NOUSE*,0,0,0,0,0,0,0,0
239,239,,,63,540,105,121.00,43.03,26.48,3624,155929
240,240,,,64,1324,102,186.00,79.06,36.18,5307,419592
241,241,,,63,1178,120,198.00,61.95,42.30,6576,407379
242,242,*NOUSE*,*NOUSE*,0,0,0,0,0,0,0,0
243,243,*NOUSE*,*NOUSE*,0,0,0,0,0,0,0,0
244,244,*NOUSE*,*NOUSE*,0,0,0,0,0,0,0,0
245,245,*NOUSE*,*NOUSE*,0,0,0,0,0,0,0,0
246,246,*NOUSE*,*NOUSE*,0,0,0,0,0,0,0,0
247,247,*NOUSE*,*NOUSE*,0,0,0,0,0,0,0,0
248,248,,,65,715,70,73.00,26.18,10.29,8450,221205
249,249,,,65,384,66,189.00,72.39,41.34,3451,249824
250,250,,,62,1169,89,247.00,77.38,52.22,4602,356081
251,251,*NOUSE*,*NOUSE*,0,0,0,0,0,0,0,0
252,252,*NOUSE*,*NOUSE*,0,0,0,0,0,0,0,0
253,253,,,64,1297,113,179.00,72.91,34.57,5341,389423
254,254,,,64,1401,39,184.00,79.19,44.69,3110,246289
255,255,*NOUSE*,*NOUSE*,0,0,0,0,0,0,0,0
256,256,*NOUSE*,*NOUSE*,0,0,0,0,0,0,0,0
257,257,*NOUSE*,*NOUSE*,0,0,0,0,0,0,0,0
258,258,*NOUSE*,*NOUSE*,0,0,0,0,0,0,0,0
259,259,*NOUSE*,*NOUSE*,0,0,0,0,0,0,0,0
260,260,*NOUSE*,*NOUSE*,0,0,0,0,0,0,0,0
261,261,*NOUSE*,*NOUSE*,0,0,0,0,0,0,0,0
262,262,*NOUSE*,*NOUSE*,0,0,0,0,0,0,0,0
263,263,,,67,281,63,217.00,71.50,51.36,4208,300867
264,264,,,66,295,73,238.00,74.53,51.92,4005,298496
265,265,,,66,1448,90,232.00,81.63,43.74,4442,362618
266,266,,,68,1599,103,177.00,55.03,34.08,5552,305515
267,267,,,68,1573,103,206.00,67.07,43.26,5040,338022
268,268,*NOUSE*,*NOUSE*,0,0,0,0,0,0,0,0
269,269,,,65,1551,101,220.00,71.00,42.57,4226,300057
270,270,,,65,1365,101,223.00,96.65,42.96,4162,402243
271,271,*NOUSE*,*NOUSE*,0,0,0,0,0,0,0,0
272,272,*NOUSE*,*NOUSE*,0,0,0,0,0,0,0,0
273,273,*NOUSE*,*NOUSE*,0,0,0,0,0,0,0,0
274,274,*NOUSE*,*NOUSE*,0,0,0,0,0,0,0,0
275,275,,,67,305,58,168.00,62.99,38.31,4829,304158
276,276,,,68,416,64,163.00,58.51,37.16,4695,274715
277,277,*NOUSE*,*NOUSE*,0,0,0,0,0,0,0,0
278,278,*NOUSE*,*NOUSE*,0,0,0,0,0,0,0,0
279,279,*NOUSE*,*NOUSE*,0,0,0,0,0,0,0,0
280,280,*NOUSE*,*NOUSE*,0,0,0,0,0,0,0,0
281,281,*NOUSE*,*NOUSE*,0,0,0,0,0,0,0,0
282,282,,,68,397,91,160.00,62.83,34.85,3352,210599
283,283,*NOUSE*,*NOUSE*,0,0,0,0,0,0,0,0
284,284,,,73,371,100,186.00,67.70,38.10,4806,325384
285,285,*NOUSE*,*NOUSE*,0,0,0,0,0,0,0,0
286,286,*NOUSE*,*NOUSE*,0,0,0,0,0,0,0,0
287,287,*NOUSE*,*NOUSE*,0,0,0,0,0,0,0,0
288,288,*NOUSE*,*NOUSE*,0,0,0,0,0,0,0,0
289,289,*NOUSE*,*NOUSE*,0,0,0,0,0,0,0,0
290,290,*NOUSE*,*NOUSE*,0,0,0,0,0,0,0,0
291,291,*NOUSE*,*NOUSE*,0,0,0,0,0,0,0,0
292,292,,,67,1425,76,177.00,68.06,36.66,4968,338120
293,293,,,69,250,78,234.00,59.97,46.58,4701,281915
294,294,*NOUSE*,*NOUSE*,0,0,0,0,0,0,0,0
295,295,,,71,1066,100,90.00,31.15,13.84,9222,287269
296,296,,,70,1394,109,196.00,68.21,39.60,5346,364627
297,297,*NOUSE*,*NOUSE*,0,0,0,0,0,0,0,0
298,298,,,68,1239,111,194.00,70.00,36.86,5695,398653
299,299,*NOUSE*,*NOUSE*,0,0,0,0,0,0,0,0
300,300,,,69,1285,35,196.00,69.72,42.72,3717,259135
301,301,,,70,1389,38,201.00,65.68,41.28,3806,249962
302,302,,,69,1432,40,191.00,73.02,41.24,3594,262428
303,303,*NOUSE*,*NOUSE*,0,0,0,0,0,0,0,0
304,304,*NOUSE*,*NOUSE*,0,0,0,0,0,0,0,0
305,305,*NOUSE*,*NOUSE*,0,0,0,0,0,0,0,0
306,306,,,70,294,88,170.00,61.16,39.34,3947,241409
307,307,,,70,339,84,192.00,70.01,37.20,3651,255615
308,308,*NOUSE*,*NOUSE*,0,0,0,0,0,0,0,0
309,309,,,73,915,92,77.00,29.09,12.51,9127,265461
310,310,,,70,554,94,60.00,23.11, 8.32,6581,152105
311,311,*NOUSE*,*NOUSE*,0,0,0,0,0,0,0,0
312,312,,,71,1344,35,171.00,61.18,39.18,3402,208128
313,313,,,72,1119,37,207.00,65.54,47.80,4884,320079
314,314,*NOUSE*,*NOUSE*,0,0,0,0,0,0,0,0
315,315,*NOUSE*,*NOUSE*,0,0,0,0,0,0,0,0
316,316,*NOUSE*,*NOUSE*,0,0,0,0,0,0,0,0
317,317,*NOUSE*,*NOUSE*,0,0,0,0,0,0,0,0
318,318,*NOUSE*,*NOUSE*,0,0,0,0,0,0,0,0
319,319,*NOUSE*,*NOUSE*,0,0,0,0,0,0,0,0
320,320,*NOUSE*,*NOUSE*,0,0,0,0,0,0,0,0
321,321,*NOUSE*,*NOUSE*,0,0,0,0,0,0,0,0
322,322,,,68,1261,107,231.00,90.79,48.52,3817,346546
323,323,,,70,1376,111,198.00,84.94,44.75,4463,379090
324,324,*NOUSE*,*NOUSE*,0,0,0,0,0,0,0,0
325,325,*NOUSE*,*NOUSE*,0,0,0,0,0,0,0,0
326,326,*NOUSE*,*NOUSE*,0,0,0,0,0,0,0,0
327,327,,,70,1687,56,128.00,39.54,24.29,4569,180652
328,328,,,73,553,54,178.00,51.14,36.35,5288,270417
329,329,,,71,354,78,181.00,83.68,39.49,3357,280924
330,330,*NOUSE*,*NOUSE*,0,0,0,0,0,0,0,0
331,331,,,74,1160,90,228.00,81.18,48.88,3616,293535
332,332,*NOUSE*,*NOUSE*,0,0,0,0,0,0,0,0
333,333,*NOUSE*,*NOUSE*,0,0,0,0,0,0,0,0
334,334,*NOUSE*,*NOUSE*,0,0,0,0,0,0,0,0
335,335,,,70,1494,104,174.00,57.67,31.43,4378,252492
336,336,*NOUSE*,*NOUSE*,0,0,0,0,0,0,0,0
337,337,,,73,1001,40,211.00,61.19,48.29,4850,296757
338,338,*NOUSE*,*NOUSE*,0,0,0,0,0,0,0,0
339,339,,,71,1654,50,126.00,40.95,25.12,4646,190252
340,340,,,72,701,50,173.00,53.84,36.64,5773,310808
341,341,*NOUSE*,*NOUSE*,0,0,0,0,0,0,0,0
342,342,,,73,240,61,215.00,52.01,40.93,5452,283547
343,343,,,71,1239,65,195.00,80.44,41.20,3593,289014
344,344,,,72,334,60,180.00,56.81,33.07,5163,293315
345,345,*NOUSE*,*NOUSE*,0,0,0,0,0,0,0,0
346,346,*NOUSE*,*NOUSE*,0,0,0,0,0,0,0,0
347,347,*NOUSE*,*NOUSE*,0,0,0,0,0,0,0,0
348,348,*NOUSE*,*NOUSE*,0,0,0,0,0,0,0,0
349,349,,,72,1431,114,167.00,61.15,29.69,5103,312047
350,350,,,73,1095,37,220.00,68.27,51.72,4037,275603
351,351,,,74,1302,39,167.00,60.45,33.48,4228,255599
352,352,,,73,1188,42,209.00,70.34,48.62,3866,271918
353,353,,,73,1031,40,219.00,76.51,49.95,4672,357450
354,354,,,74,1292,50,115.00,48.19,19.01,2944,141870
355,355,,,74,508,57,173.00,47.24,34.10,6469,305579
356,356,,,74,262,57,180.00,50.07,39.38,5761,288463
357,357,,,73,208,64,197.00,53.88,40.74,5011,270008
358,358,*NOUSE*,*NOUSE*,0,0,0,0,0,0,0,0
359,359,*NOUSE*,*NOUSE*,0,0,0,0,0,0,0,0
360,360,*NOUSE*,*NOUSE*,0,0,0,0,0,0,0,0
361,361,,,72,1203,113,194.00,62.42,37.70,6927,432358
362,362,*NOUSE*,*NOUSE*,0,0,0,0,0,0,0,0
363,363,,,75,889,36,217.00,61.65,47.56,4931,303992
364,364,,,75,968,41,195.00,54.32,42.24,6424,348958
365,365,,,74,809,44,203.00,59.20,42.21,4884,289121
366,366,*NOUSE*,*NOUSE*,0,0,0,0,0,0,0,0
367,367,,,75,979,58,70.00,28.89,12.51,7914,228649
368,368,*NOUSE*,*NOUSE*,0,0,0,0,0,0,0,0
369,369,,,80,1170,62,184.00,64.80,42.54,4460,289000
370,370,,,73,184,72,202.00,51.46,39.53,4742,244022
371,371,,,74,599,74,71.00,23.63, 8.59,5461,129018
372,372,,,72,315,71,192.00,96.44,38.56,2915,281128
373,373,*NOUSE*,*NOUSE*,0,0,0,0,0,0,0,0
374,374,*NOUSE*,*NOUSE*,0,0,0,0,0,0,0,0
375,375,*NOUSE*,*NOUSE*,0,0,0,0,0,0,0,0
376,376,*NOUSE*,*NOUSE*,0,0,0,0,0,0,0,0
377,377,,,76,760,48,187.00,52.03,40.61,4801,249812
378,378,,,77,1201,44,195.00,65.97,46.23,3940,259914
379,379,,,74,371,58,157.00,58.49,34.14,3698,216289
380,380,,,77,507,70,88.00,29.60,12.82,5754,170307
381,381,,,76,377,74,165.00,65.24,36.97,4197,273819
382,382,,,77,432,100,93.00,34.37,15.35,5221,179441
383,383,*NOUSE*,*NOUSE*,0,0,0,0,0,0,0,0
384,384,*NOUSE*,*NOUSE*,0,0,0,0,0,0,0,0
385,385,*NOUSE*,*NOUSE*,0,0,0,0,0,0,0,0
386,386,,,76,867,36,206.00,59.72,45.00,4613,275497
387,387,,,76,617,52,152.00,49.76,34.56,4518,224808
388,388,*NOUSE*,*NOUSE*,0,0,0,0,0,0,0,0
389,389,*NOUSE*,*NOUSE*,0,0,0,0,0,0,0,0
390,390,*NOUSE*,*NOUSE*,0,0,0,0,0,0,0,0
391,391,*NOUSE*,*NOUSE*,0,0,0,0,0,0,0,0
392,392,,,78,1000,98,72.00,26.95,11.40,9235,248870
393,393,*NOUSE*,*NOUSE*,0,0,0,0,0,0,0,0
394,394,*NOUSE*,*NOUSE*,0,0,0,0,0,0,0,0
395,395,*NOUSE*,*NOUSE*,0,0,0,0,0,0,0,0
396,396,,,77,1572,45,169.00,60.90,38.52,3798,231302
397,397,*NOUSE*,*NOUSE*,0,0,0,0,0,0,0,0
398,398,,,81,1054,53,83.00,29.98,13.45,8928,267644
399,399,*NOUSE*,*NOUSE*,0,0,0,0,0,0,0,0
400,400,*NOUSE*,*NOUSE*,0,0,0,0,0,0,0,0
401,401,*NOUSE*,*NOUSE*,0,0,0,0,0,0,0,0
402,402,*NOUSE*,*NOUSE*,0,0,0,0,0,0,0,0
403,403,*NOUSE*,*NOUSE*,0,0,0,0,0,0,0,0
404,404,,,76,153,74,249.00,58.53,47.96,5393,315663
405,405,*NOUSE*,*NOUSE*,0,0,0,0,0,0,0,0
406,406,,,74,1284,82,175.00,76.91,31.84,4072,313196
407,407,*NOUSE*,*NOUSE*,0,0,0,0,0,0,0,0
408,408,*NOUSE*,*NOUSE*,0,0,0,0,0,0,0,0
409,409,,,76,1442,40,189.00,70.70,41.10,3283,232115
410,410,,,76,1428,57,204.00,76.13,46.95,3632,276505
411,411,,,78,649,52,168.00,54.40,37.81,5092,276990
412,412,,,82,728,64,117.00,39.16,22.70,6535,255942
413,413,*NOUSE*,*NOUSE*,0,0,0,0,0,0,0,0
414,414,*NOUSE*,*NOUSE*,0,0,0,0,0,0,0,0
415,415,*NOUSE*,*NOUSE*,0,0,0,0,0,0,0,0
416,416,*NOUSE*,*NOUSE*,0,0,0,0,0,0,0,0
417,417,*NOUSE*,*NOUSE*,0,0,0,0,0,0,0,0
418,418,*NOUSE*,*NOUSE*,0,0,0,0,0,0,0,0
419,419,,,79,1562,99,176.00,60.94,36.21,4904,298860
420,420,,,75,1301,99,194.00,87.94,39.27,4085,359217
421,421,,,80,1285,104,224.00,93.81,46.42,3819,358275
422,422,,,78,812,109,138.00,45.63,28.45,4308,196575
423,423,*NOUSE*,*NOUSE*,0,0,0,0,0,0,0,0
424,424,*NOUSE*,*NOUSE*,0,0,0,0,0,0,0,0
425,425,*NOUSE*,*NOUSE*,0,0,0,0,0,0,0,0
426,426,*NOUSE*,*NOUSE*,0,0,0,0,0,0,0,0
427,427,*NOUSE*,*NOUSE*,0,0,0,0,0,0,0,0
428,428,*NOUSE*,*NOUSE*,0,0,0,0,0,0,0,0
429,429,*NOUSE*,*NOUSE*,0,0,0,0,0,0,0,0
430,430,*NOUSE*,*NOUSE*,0,0,0,0,0,0,0,0
431,431,,,80,794,51,147.00,47.62,30.70,5883,280136
432,432,,,79,1506,60,190.00,64.09,35.67,5045,323323
433,433,,,79,286,64,210.00,61.96,46.24,5083,314958
434,434,*NOUSE*,*NOUSE*,0,0,0,0,0,0,0,0
435,435,*NOUSE*,*NOUSE*,0,0,0,0,0,0,0,0
436,436,*NOUSE*,*NOUSE*,0,0,0,0,0,0,0,0
437,437,,,77,119,76,192.00,52.42,40.41,5910,309807
438,438,*NOUSE*,*NOUSE*,0,0,0,0,0,0,0,0
439,439,,,79,303,78,225.00,63.50,45.53,5187,329373
440,440,,,81,1587,99,173.00,56.39,35.91,5387,303794
441,441,,,79,398,95,179.00,63.65,37.91,4307,274136
442,442,,,78,462,105,120.00,41.69,24.69,4064,169431
443,443,,,76,1322,102,164.00,75.44,33.65,5432,409811
444,444,,,77,1320,52,218.00,99.61,49.17,2877,286583
445,445,*NOUSE*,*NOUSE*,0,0,0,0,0,0,0,0
446,446,*NOUSE*,*NOUSE*,0,0,0,0,0,0,0,0
447,447,,,78,1336,56,227.00,95.25,47.30,3243,308907
448,448,,,85,1179,62,226.00,83.19,52.56,3714,308960
449,449,,,80,1267,83,195.00,87.02,39.22,3521,306387
450,450,,,80,329,86,245.00,80.11,51.73,3785,303227
451,451,*NOUSE*,*NOUSE*,0,0,0,0,0,0,0,0
452,452,*NOUSE*,*NOUSE*,0,0,0,0,0,0,0,0
453,453,*NOUSE*,*NOUSE*,0,0,0,0,0,0,0,0
454,454,*NOUSE*,*NOUSE*,0,0,0,0,0,0,0,0
455,455,*NOUSE*,*NOUSE*,0,0,0,0,0,0,0,0
456,456,*NOUSE*,*NOUSE*,0,0,0,0,0,0,0,0
457,457,*NOUSE*,*NOUSE*,0,0,0,0,0,0,0,0
458,458,*NOUSE*,*NOUSE*,0,0,0,0,0,0,0,0
459,459,,,79,1368,57,232.00,97.54,53.37,2831,276137
460,460,*NOUSE*,*NOUSE*,0,0,0,0,0,0,0,0
461,461,*NOUSE*,*NOUSE*,0,0,0,0,0,0,0,0
462,462,*NOUSE*,*NOUSE*,0,0,0,0,0,0,0,0
463,463,*NOUSE*,*NOUSE*,0,0,0,0,0,0,0,0
464,464,,,82,1451,59,192.00,74.83,39.99,3116,233160
465,465,*NOUSE*,*NOUSE*,0,0,0,0,0,0,0,0
466,466,,,83,325,72,197.00,61.96,44.34,5317,329419
467,467,,,79,780,93,66.00,24.39, 9.11,5709,139266
468,468,*NOUSE*,*NOUSE*,0,0,0,0,0,0,0,0
469,469,,,78,1367,102,191.00,86.32,41.23,4373,377464
470,470,*NOUSE*,*NOUSE*,0,0,0,0,0,0,0,0
471,471,*NOUSE*,*NOUSE*,0,0,0,0,0,0,0,0
472,472,*NOUSE*,*NOUSE*,0,0,0,0,0,0,0,0
473,473,*NOUSE*,*NOUSE*,0,0,0,0,0,0,0,0
474,474,*NOUSE*,*NOUSE*,0,0,0,0,0,0,0,0
475,475,,,84,1173,46,155.00,51.94,31.03,5784,300422
476,476,*NOUSE*,*NOUSE*,0,0,0,0,0,0,0,0
477,477,*NOUSE*,*NOUSE*,0,0,0,0,0,0,0,0
478,478,*NOUSE*,*NOUSE*,0,0,0,0,0,0,0,0
479,479,*NOUSE*,*NOUSE*,0,0,0,0,0,0,0,0
480,480,*NOUSE*,*NOUSE*,0,0,0,0,0,0,0,0
481,481,,,82,1638,66,147.00,40.33,25.02,4893,197354
482,482,,,82,346,68,183.00,59.37,40.21,5162,306476
483,483,*NOUSE*,*NOUSE*,0,0,0,0,0,0,0,0
484,484,*NOUSE*,*NOUSE*,0,0,0,0,0,0,0,0
485,485,*NOUSE*,*NOUSE*,0,0,0,0,0,0,0,0
486,486,*NOUSE*,*NOUSE*,0,0,0,0,0,0,0,0
487,487,*NOUSE*,*NOUSE*,0,0,0,0,0,0,0,0
488,488,,,85,903,43,171.00,49.51,34.96,6211,307491
489,489,,,85,1345,45,207.00,80.54,43.84,2638,212457
490,490,*NOUSE*,*NOUSE*,0,0,0,0,0,0,0,0
491,491,*NOUSE*,*NOUSE*,0,0,0,0,0,0,0,0
492,492,*NOUSE*,*NOUSE*,0,0,0,0,0,0,0,0
493,493,*NOUSE*,*NOUSE*,0,0,0,0,0,0,0,0
494,494,,,84,1368,67,225.00,91.80,47.43,2968,272450
495,495,*NOUSE*,*NOUSE*,0,0,0,0,0,0,0,0
496,496,,,83,1236,77,140.00,59.14,27.20,4503,266298
497,497,,,83,1299,80,192.00,86.38,41.77,3304,285387
498,498,,,82,1242,106,221.00,77.15,48.00,4570,352589
499,499,*NOUSE*,*NOUSE*,0,0,0,0,0,0,0,0
500,500,,,84,1280,42,188.00,72.29,37.13,4191,302978
501,501,*NOUSE*,*NOUSE*,0,0,0,0,0,0,0,0
502,502,*NOUSE*,*NOUSE*,0,0,0,0,0,0,0,0
503,503,,,85,1417,54,183.00,78.05,39.01,2789,217669
504,504,*NOUSE*,*NOUSE*,0,0,0,0,0,0,0,0
505,505,*NOUSE*,*NOUSE*,0,0,0,0,0,0,0,0
506,506,*NOUSE*,*NOUSE*,0,0,0,0,0,0,0,0
507,507,*NOUSE*,*NOUSE*,0,0,0,0,0,0,0,0
508,508,*NOUSE*,*NOUSE*,0,0,0,0,0,0,0,0
509,509,,,83,1422,72,204.00,78.12,37.95,3719,290546
510,510,,,83,1254,76,219.00,98.77,49.20,2895,285935
511,511,,,84,1315,80,200.00,77.31,41.34,3777,291989
512,512,,,92,784,84,134.00,40.63,26.37,6272,254812
513,513,*NOUSE*,*NOUSE*,0,0,0,0,0,0,0,0
514,514,*NOUSE*,*NOUSE*,0,0,0,0,0,0,0,0
515,515,*NOUSE*,*NOUSE*,0,0,0,0,0,0,0,0
516,516,,,84,1509,95,116.00,49.12,21.60,4538,222908
517,517,,,86,1545,92,135.00,50.84,25.49,5578,283559
518,518,*NOUSE*,*NOUSE*,0,0,0,0,0,0,0,0
519,519,*NOUSE*,*NOUSE*,0,0,0,0,0,0,0,0
520,520,,,85,923,107,169.00,49.28,34.39,6581,324317
521,521,,,85,983,112,159.00,48.25,32.59,5577,269078
522,522,*NOUSE*,*NOUSE*,0,0,0,0,0,0,0,0
523,523,,,86,861,45,157.00,49.31,33.58,5914,291616
524,524,*NOUSE*,*NOUSE*,0,0,0,0,0,0,0,0
525,525,,,86,817,51,187.00,53.83,40.28,4666,251194
526,526,*NOUSE*,*NOUSE*,0,0,0,0,0,0,0,0
527,527,,,87,1343,61,222.00,97.37,45.34,2381,231838
528,528,,,83,341,83,194.00,65.98,43.04,4131,272576
529,529,*NOUSE*,*NOUSE*,0,0,0,0,0,0,0,0
530,530,*NOUSE*,*NOUSE*,0,0,0,0,0,0,0,0
531,531,*NOUSE*,*NOUSE*,0,0,0,0,0,0,0,0
532,532,,,85,1200,107,233.00,80.88,50.94,5048,408307
533,533,*NOUSE*,*NOUSE*,0,0,0,0,0,0,0,0
534,534,*NOUSE*,*NOUSE*,0,0,0,0,0,0,0,0
535,535,*NOUSE*,*NOUSE*,0,0,0,0,0,0,0,0
536,536,*NOUSE*,*NOUSE*,0,0,0,0,0,0,0,0
537,537,,,86,1311,48,243.00,81.80,46.38,2892,236568
538,538,*NOUSE*,*NOUSE*,0,0,0,0,0,0,0,0
539,539,,,86,1256,55,201.00,80.77,38.93,3394,274144
540,540,*NOUSE*,*NOUSE*,0,0,0,0,0,0,0,0
541,541,*NOUSE*,*NOUSE*,0,0,0,0,0,0,0,0
542,542,,,85,1334,74,183.00,73.09,38.40,3684,269251
543,543,*NOUSE*,*NOUSE*,0,0,0,0,0,0,0,0
544,544,*NOUSE*,*NOUSE*,0,0,0,0,0,0,0,0
545,545,,,84,357,79,172.00,61.78,38.50,4653,287443
546,546,*NOUSE*,*NOUSE*,0,0,0,0,0,0,0,0
547,547,,,87,384,83,144.00,54.25,33.42,4720,256083
548,548,,,86,1328,93,202.00,90.71,40.47,3928,356296
549,549,*NOUSE*,*NOUSE*,0,0,0,0,0,0,0,0
550,550,*NOUSE*,*NOUSE*,0,0,0,0,0,0,0,0
551,551,,,85,1330,46,186.00,89.27,42.19,2474,220855
552,552,*NOUSE*,*NOUSE*,0,0,0,0,0,0,0,0
553,553,,,89,1397,54,188.00,56.38,36.54,4196,236591
554,554,,,87,1439,52,185.00,74.70,37.52,2590,193468
555,555,*NOUSE*,*NOUSE*,0,0,0,0,0,0,0,0
556,556,,,88,423,74,152.00,43.11,26.70,5707,246034
557,557,,,88,1360,73,203.00,83.85,42.37,3190,267486
558,558,*NOUSE*,*NOUSE*,0,0,0,0,0,0,0,0
559,559,*NOUSE*,*NOUSE*,0,0,0,0,0,0,0,0
560,560,*NOUSE*,*NOUSE*,0,0,0,0,0,0,0,0
561,561,*NOUSE*,*NOUSE*,0,0,0,0,0,0,0,0
562,562,*NOUSE*,*NOUSE*,0,0,0,0,0,0,0,0
563,563,*NOUSE*,*NOUSE*,0,0,0,0,0,0,0,0
564,564,*NOUSE*,*NOUSE*,0,0,0,0,0,0,0,0
565,565,*NOUSE*,*NOUSE*,0,0,0,0,0,0,0,0
566,566,*NOUSE*,*NOUSE*,0,0,0,0,0,0,0,0
567,567,,,89,1379,48,159.00,49.50,27.23,4694,232347
568,568,,,88,1516,51,189.00,67.85,36.94,3552,241016
569,569,*NOUSE*,*NOUSE*,0,0,0,0,0,0,0,0
570,570,*NOUSE*,*NOUSE*,0,0,0,0,0,0,0,0
571,571,*NOUSE*,*NOUSE*,0,0,0,0,0,0,0,0
572,572,*NOUSE*,*NOUSE*,0,0,0,0,0,0,0,0
573,573,*NOUSE*,*NOUSE*,0,0,0,0,0,0,0,0
574,574,*NOUSE*,*NOUSE*,0,0,0,0,0,0,0,0
575,575,,,88,1421,87,216.00,93.83,46.40,2938,275663
576,576,*NOUSE*,*NOUSE*,0,0,0,0,0,0,0,0
577,577,,,88,1312,99,213.00,86.36,41.64,3838,331434
578,578,*NOUSE*,*NOUSE*,0,0,0,0,0,0,0,0
579,579,*NOUSE*,*NOUSE*,0,0,0,0,0,0,0,0
580,580,*NOUSE*,*NOUSE*,0,0,0,0,0,0,0,0
581,581,,,90,1408,86,196.00,68.74,40.85,4280,294208
582,582,,,89,1573,87,103.00,41.30,19.47,6303,260318
583,583,*NOUSE*,*NOUSE*,0,0,0,0,0,0,0,0
584,584,*NOUSE*,*NOUSE*,0,0,0,0,0,0,0,0
585,585,*NOUSE*,*NOUSE*,0,0,0,0,0,0,0,0
586,586,*NOUSE*,*NOUSE*,0,0,0,0,0,0,0,0
587,587,*NOUSE*,*NOUSE*,0,0,0,0,0,0,0,0
588,588,*NOUSE*,*NOUSE*,0,0,0,0,0,0,0,0
589,589,,,91,1191,54,206.00,57.84,39.14,5032,291043
590,590,*NOUSE*,*NOUSE*,0,0,0,0,0,0,0,0
591,591,,,90,1170,89,211.00,65.38,42.52,5096,333163
592,592,*NOUSE*,*NOUSE*,0,0,0,0,0,0,0,0
593,593,*NOUSE*,*NOUSE*,0,0,0,0,0,0,0,0
594,594,*NOUSE*,*NOUSE*,0,0,0,0,0,0,0,0
595,595,*NOUSE*,*NOUSE*,0,0,0,0,0,0,0,0
596,596,*NOUSE*,*NOUSE*,0,0,0,0,0,0,0,0
597,597,,,88,1489,51,217.00,82.27,43.12,2563,210862
598,598,,,92,1410,61,157.00,66.30,33.61,3588,237877
599,599,*NOUSE*,*NOUSE*,0,0,0,0,0,0,0,0
600,600,*NOUSE*,*NOUSE*,0,0,0,0,0,0,0,0
601,601,*NOUSE*,*NOUSE*,0,0,0,0,0,0,0,0
602,602,*NOUSE*,*NOUSE*,0,0,0,0,0,0,0,0
603,603,,,91,887,95,181.00,53.54,39.36,4616,247158
604,604,*NOUSE*,*NOUSE*,0,0,0,0,0,0,0,0
605,605,*NOUSE*,*NOUSE*,0,0,0,0,0,0,0,0
606,606,*NOUSE*,*NOUSE*,0,0,0,0,0,0,0,0
607,607,,,89,1430,60,190.00,80.77,40.18,2774,224047
608,608,*NOUSE*,*NOUSE*,0,0,0,0,0,0,0,0
609,609,*NOUSE*,*NOUSE*,0,0,0,0,0,0,0,0
610,610,*NOUSE*,*NOUSE*,0,0,0,0,0,0,0,0
611,611,*NOUSE*,*NOUSE*,0,0,0,0,0,0,0,0
612,612,*NOUSE*,*NOUSE*,0,0,0,0,0,0,0,0
613,613,,,92,1272,86,207.00,76.09,43.48,4212,320475
614,614,,,90,1298,102,241.00,96.05,49.22,3257,312835
615,615,*NOUSE*,*NOUSE*,0,0,0,0,0,0,0,0
616,616,*NOUSE*,*NOUSE*,0,0,0,0,0,0,0,0
617,617,,,92,668,65,110.00,34.35,17.91,5605,192520
618,618,*NOUSE*,*NOUSE*,0,0,0,0,0,0,0,0
619,619,,,93,1446,63,178.00,72.37,39.14,2935,212416
620,620,,,94,1543,75,134.00,48.07,28.52,4790,230238
621,621,*NOUSE*,*NOUSE*,0,0,0,0,0,0,0,0
622,622,*NOUSE*,*NOUSE*,0,0,0,0,0,0,0,0
623,623,,,93,611,85,92.00,31.78,15.79,5308,168685
624,624,*NOUSE*,*NOUSE*,0,0,0,0,0,0,0,0
625,625,*NOUSE*,*NOUSE*,0,0,0,0,0,0,0,0
626,626,*NOUSE*,*NOUSE*,0,0,0,0,0,0,0,0
627,627,*NOUSE*,*NOUSE*,0,0,0,0,0,0,0,0
628,628,*NOUSE*,*NOUSE*,0,0,0,0,0,0,0,0
629,629,,,95,1394,76,172.00,54.95,34.46,4343,238666
630,630,*NOUSE*,*NOUSE*,0,0,0,0,0,0,0,0
631,631,*NOUSE*,*NOUSE*,0,0,0,0,0,0,0,0
632,632,,,95,1237,65,164.00,58.80,35.62,4242,249435
633,633,,,93,536,70,99.00,33.41,16.94,5484,183222
634,634,,,95,1291,67,204.00,73.00,42.45,3623,264491
635,635,*NOUSE*,*NOUSE*,0,0,0,0,0,0,0,0
636,636,,,95,1100,77,211.00,59.33,45.97,4029,239060
637,637,,,95,1288,80,232.00,79.32,46.93,3968,314754
638,638,,,96,1305,86,152.00,62.42,32.31,4985,311169
639,639,*NOUSE*,*NOUSE*,0,0,0,0,0,0,0,0
640,640,*NOUSE*,*NOUSE*,0,0,0,0,0,0,0,0
641,641,*NOUSE*,*NOUSE*,0,0,0,0,0,0,0,0
642,642,*NOUSE*,*NOUSE*,0,0,0,0,0,0,0,0
643,643,*NOUSE*,*NOUSE*,0,0,0,0,0,0,0,0
644,644,*NOUSE*,*NOUSE*,0,0,0,0,0,0,0,0
645,645,*NOUSE*,*NOUSE*,0,0,0,0,0,0,0,0
646,646,*NOUSE*,*NOUSE*,0,0,0,0,0,0,0,0
647,647,*NOUSE*,*NOUSE*,0,0,0,0,0,0,0,0
648,648,*NOUSE*,*NOUSE*,0,0,0,0,0,0,0,0
649,649,*NOUSE*,*NOUSE*,0,0,0,0,0,0,0,0
650,650,,,96,1563,70,137.00,44.04,26.06,4994,219958
651,651,*NOUSE*,*NOUSE*,0,0,0,0,0,0,0,0
652,652,*NOUSE*,*NOUSE*,0,0,0,0,0,0,0,0
653,653,*NOUSE*,*NOUSE*,0,0,0,0,0,0,0,0
654,654,,,96,1462,61,201.00,69.73,43.38,3430,239166
655,655,,,95,1354,61,211.00,78.38,47.76,3274,256613
656,656,*NOUSE*,*NOUSE*,0,0,0,0,0,0,0,0
657,657,*NOUSE*,*NOUSE*,0,0,0,0,0,0,0,0
658,658,,,97,1325,83,159.00,62.26,31.36,4584,285402
659,659,*NOUSE*,*NOUSE*,0,0,0,0,0,0,0,0
660,660,,,96,1337,97,194.00,72.00,39.92,4826,347459
661,661,*NOUSE*,*NOUSE*,0,0,0,0,0,0,0,0
662,662,,,94,1369,60,189.00,72.59,41.94,2968,215433
663,663,*NOUSE*,*NOUSE*,0,0,0,0,0,0,0,0
664,664,,,96,749,71,141.00,48.41,31.05,5239,253623
665,665,,,97,1373,75,174.00,63.31,37.11,4133,261672
666,666,,,99,1245,79,110.00,44.96,18.16,4568,205372
667,667,*NOUSE*,*NOUSE*,0,0,0,0,0,0,0,0
668,668,*NOUSE*,*NOUSE*,0,0,0,0,0,0,0,0
669,669,*NOUSE*,*NOUSE*,0,0,0,0,0,0,0,0
670,670,*NOUSE*,*NOUSE*,0,0,0,0,0,0,0,0
671,671,*NOUSE*,*NOUSE*,0,0,0,0,0,0,0,0
672,672,*NOUSE*,*NOUSE*,0,0,0,0,0,0,0,0
673,673,,,98,1342,69,161.00,61.75,33.52,4232,261323
674,674,,,99,1197,77,199.00,53.69,40.86,5041,270668
675,675,*NOUSE*,*NOUSE*,0,0,0,0,0,0,0,0
676,676,,,99,924,61,120.00,39.50,23.09,6154,243078
677,677,,,99,1076,72,111.00,35.41,19.26,6312,223524
678,678,*NOUSE*,*NOUSE*,0,0,0,0,0,0,0,0
679,679,*NOUSE*,*NOUSE*,0,0,0,0,0,0,0,0
680,680,*NOUSE*,*NOUSE*,0,0,0,0,0,0,0,0
681,681,*NOUSE*,*NOUSE*,0,0,0,0,0,0,0,0
682,682,*NOUSE*,*NOUSE*,0,0,0,0,0,0,0,0
683,683,*NOUSE*,*NOUSE*,0,0,0,0,0,0,0,0
684,684,,,100,1421,71,125.00,46.51,23.50,2648,123163
685,685,*NOUSE*,*NOUSE*,0,0,0,0,0,0,0,0
686,686,*NOUSE*,*NOUSE*,0,0,0,0,0,0,0,0
687,687,*NOUSE*,*NOUSE*,0,0,0,0,0,0,0,0
688,688,*NOUSE*,*NOUSE*,0,0,0,0,0,0,0,0
689,689,*NOUSE*,*NOUSE*,0,0,0,0,0,0,0,0
690,690,*NOUSE*,*NOUSE*,0,0,0,0,0,0,0,0
691,691,*NOUSE*,*NOUSE*,0,0,0,0,0,0,0,0
692,692,*NOUSE*,*NOUSE*,0,0,0,0,0,0,0,0
693,693,,*MANUAL*$683$681,100,1185,95,105.00,37.81,18.56,5932,224262
694,694,,*MANUAL*$689$685,101,1155,84,90.00,33.77,15.39,6623,223637
695,695,,*MANUAL*$663$670,98,1019,57,133.00,41.69,25.52,5903,246125
696,696,,*MANUAL*$648$649,97,979,68,108.00,34.61,19.11,6387,221044
697,697,,*MANUAL*$630$646$631,93,843,65,106.00,30.47,15.23,6301,191971
698,698,*NOUSE*,*NOUSE*,0,0,0,0,0,0,0,0
699,699,,*MANUAL*$600$609,91,705,74,86.00,29.27,13.87,5671,165996
700,700,,*MANUAL*$610$611,90,566,80,89.00,29.53,13.09,5322,157135
701,701,,*MANUAL*$622$621,91,472,80,89.00,28.83,14.69,5428,156509
702,702,,*MANUAL*,92,403,74,128.00,59.96,20.50,886,53121
703,703,,*MANUAL*$682$679,98,1078,95,100.00,29.06,13.63,7186,208837
704,704,,*MANUAL*$678$680,98,963,89,111.00,30.37,15.27,5827,176989
705,705,,*MANUAL*$641$659,93,808,95,78.00,27.22,12.06,6227,169519
706,706,,*MANUAL*$604$592,90,673,97,92.00,27.71,13.42,5705,158102
707,707,,*MANUAL*$594$596$675,89,542,102,80.00,28.07,12.05,5137,144182
708,708,*NOUSE*,*NOUSE*,0,0,0,0,0,0,0,0
709,709,,*MANUAL*$110$108,53,1180,72,250.00,73.58,57.36,4070,299485
710,710,,*MANUAL*,47,1154,73,141.00,45.18,20.98,2103,95021
711,711,,*MANUAL*,48,1170,89,160.00,60.31,31.86,895,53981
712,712,,*MANUAL*$51$55$50,46,1126,78,140.00,40.49,23.02,7239,293078
713,713,,*MANUAL*$66$52,48,1063,76,140.00,42.15,24.79,6844,288489
714,714,,*MANUAL*$65$87$86,49,973,64,151.00,41.02,25.43,7611,312202
715,715,,*MANUAL*$132$144,54,667,60,149.00,42.31,26.82,5471,231465
716,716,,*MANUAL*$201$225,60,623,84,77.00,27.61,13.34,5759,158992
717,717,,*MANUAL*$117$115,50,1025,91,112.00,33.17,17.66,8012,265777
718,718,,*MANUAL*$135$112,51,919,82,104.00,31.69,16.93,7452,236144
719,719,,*MANUAL*$54$69$80,45,802,84,108.00,32.52,17.26,6162,200413
720,720,,*MANUAL*$129$136,52,664,93,83.00,28.01,13.16,5825,163177
721,721,,*MANUAL*,56,367,89,152.00,48.79,23.79,807,39376
722,722,,*MANUAL*$569$504,87,1107,59,106.00,35.47,17.64,7331,260054
723,723,,*MANUAL*$583$561,87,1113,98,111.00,32.78,16.64,2905,95240
724,724,,*MANUAL*$311$334,71,665,95,60.00,23.82, 8.66,7207,171699
725,725,,*MANUAL*$373$333$453,73,476,93,84.00,30.36,12.16,4577,138962
726,726,,*MANUAL*$341$368,72,883,54,76.00,26.81,11.23,8070,216363
727,727,*NOUSE*,*NOUSE*,0,0,0,0,0,0,0,0
728,728,,*MANUAL*$435$727,73,434,71,93.00,37.25,16.39,5902,219837
729,729,,*MANUAL*,49,1569,61,133.00,75.48,19.88,872,65821
730,730,,*MANUAL*$92$93,50,1541,49,130.00,52.45,27.79,2885,151307
731,731,,*MANUAL*$72$71,48,1458,48,127.00,51.50,22.89,2779,143111
732,732,,*MANUAL*,53,1410,45,125.00,77.68,18.50,895,69525
733,733,,*MANUAL*$152$168,57,1132,46,175.00,53.73,34.55,6573,353183
734,734,,*MANUAL*$169$170,58,993,49,187.00,52.87,37.85,6636,350874
735,735,,*MANUAL*$209$210,61,950,46,233.00,55.04,40.70,5629,309831
736,736,,*MANUAL*$187$211,60,736,58,143.00,44.04,28.27,5897,259722
737,737,,*MANUAL*$262$274,66,644,57,146.00,49.82,30.67,5103,254247
738,738,,*MANUAL*$244$245,63,486,58,128.00,47.07,29.46,3744,176225
739,739,,*MANUAL*,72,486,56,186.00,123.81,20.88,895,110810
740,740,,*MANUAL*$127$114,53,1576,88,136.00,46.17,22.71,5524,255031
741,741,,*MANUAL*$162$164,57,1518,97,152.00,54.94,28.96,4879,268057
742,742,,*MANUAL*$103$119,51,1478,98,155.00,67.56,28.69,3885,262460
743,743,,*MANUAL*,56,1410,108,166.00,80.26,33.43,895,71836
744,744,,*MANUAL*,78,1275,115,203.00,120.46,22.57,895,107810
745,745,,*MANUAL*,66,1276,117,182.00,100.79,29.03,895,90203
746,746,,*MANUAL*$206$217,60,1087,114,195.00,55.00,40.50,5982,329026
747,747,,*MANUAL*$192$182,59,915,103,199.00,52.43,37.11,6121,320922
748,748,,*MANUAL*$183$194,57,777,107,148.00,41.86,25.44,5128,214647
749,749,,*MANUAL*$184$185,57,705,104,135.00,42.75,24.93,4652,198882
750,750,,*MANUAL*$283$271,65,629,106,141.00,41.32,23.71,4396,181651
751,751,,*MANUAL*$628$635,93,1617,75,97.00,35.01,15.96,5346,187139
752,752,,*MANUAL*,92,1570,58,131.00,66.66,20.24,886,59062
753,753,,*MANUAL*$536$566,86,1535,43,116.00,49.31,20.19,2630,129692
754,754,,*MANUAL*$429$473,79,1502,38,134.00,54.87,26.84,5123,281108
755,755,,*MANUAL*$588$580,88,1458,44,124.00,52.93,20.26,3563,188583
756,756,,*MANUAL*,84,1398,40,158.00,77.44,27.28,895,69306
757,757,*NOUSE*,*NOUSE*,0,0,0,0,0,0,0,0
758,758,,*MANUAL*$524$499,85,1112,42,173.00,51.32,34.49,6190,317642
759,759,,*MANUAL*$565$501,84,1025,42,182.00,57.21,41.49,4082,233551
760,760,,*MANUAL*,91,987,51,160.00,75.94,31.55,895,67967
761,761,,*MANUAL*$492$505,83,700,57,131.00,44.43,26.40,5558,246941
762,762,,*MANUAL*,96,788,66,140.00,52.92,21.76,865,45779
763,763,,*MANUAL*,87,786,62,177.00,104.43,31.37,895,93468
764,764,,*MANUAL*$446$540,80,571,59,114.00,40.84,23.22,5101,208326
765,765,*NOUSE*,*NOUSE*,0,0,0,0,0,0,0,0
766,766,,*MANUAL*,93,1460,97,128.00,72.90,24.68,895,65247
767,767,*NOUSE*,*NOUSE*,0,0,0,0,0,0,0,0
768,768,,*MANUAL*,84,1410,104,178.00,95.13,23.64,875,83240
769,769,,*MANUAL*$562$587,88,1212,119,161.00,51.49,30.30,8238,424201
770,770,,*MANUAL*$471$534,86,1120,111,172.00,45.76,29.22,9651,441657
771,771,,*MANUAL*$522$549,85,1051,117,177.00,54.52,38.29,5950,324391
772,772,,*MANUAL*$470$454,82,865,105,156.00,47.98,32.17,5861,281182
773,773,,*MANUAL*$428$425,78,727,110,122.00,41.79,24.15,4434,185315
774,774,,*MANUAL*$426$423,78,570,107,125.00,41.35,23.30,4295,177599
775,775,,*MANUAL*$424$427,78,510,107,131.00,42.91,24.96,3934,168798
776,776,,*MANUAL*$390$416,76,218,77,171.00,49.94,36.55,5540,276689
777,777,,*MANUAL*,77,270,79,99.00,46.60,17.14,895,41704
778,778,,*MANUAL*,63,268,76,107.00,47.09,19.09,895,42147
779,779,,*MANUAL*$176$173,58,362,73,198.00,64.68,42.97,4439,287095
780,780,,*MANUAL*,61,348,66,214.00,140.37,35.43,895,125628
781,781,,*MANUAL*,64,365,86,208.00,126.95,29.79,895,113616
782,782,,*MANUAL*,77,355,95,175.00,99.73,21.16,895,89259
783,783,,*MANUAL*$479$490,80,310,60,190.00,60.95,40.29,5940,362071
784,784,,*MANUAL*,80,317,89,214.00,123.96,46.55,879,108965
785,785,,*MANUAL*$268$260,63,382,103,159.00,57.69,29.40,3930,226705
786,786,,*MANUAL*,70,320,89,201.00,123.17,23.80,895,110235
787,787,,*MANUAL*$199$223,60,435,65,154.00,48.28,29.64,5724,276333
788,788,,*MANUAL*,63,401,71,196.00,122.00,32.20,895,109194
789,789,,*MANUAL*,74,394,73,223.00,141.38,32.29,889,125688
790,790,,*MANUAL*,81,407,69,169.00,121.66,21.55,895,108889
791,791,,*MANUAL*,81,388,67,215.00,133.21,24.06,895,119227
792,792,,*MANUAL*,85,403,82,156.00,105.78,23.97,895,94670
793,793,,*MANUAL*$279$277,66,1193,65,253.00,88.76,56.06,3405,302240
794,794,,*MANUAL*,80,1195,63,233.00,150.80,30.36,895,134963
795,795,,*MANUAL*,71,1208,63,234.00,108.24,34.19,895,96872
796,796,,*MANUAL*$601$574,90,1213,77,156.00,49.33,27.50,5107,251939
797,797,,*MANUAL*,91,1210,99,167.00,103.80,24.93,895,92897
798,798,,*MANUAL*,64,1254,67,228.00,126.93,37.16,895,113603
799,799,,*MANUAL*,76,1256,69,202.00,122.70,29.88,895,109820
800,800,,*MANUAL*$530$518,84,1251,94,181.00,75.85,36.35,3961,300459
801,801,,*MANUAL*,76,1271,100,202.00,127.22,25.59,895,113861
802,802,,*MANUAL*,62,1273,98,205.00,119.72,30.91,895,107152
803,803,,*MANUAL*$290$318,68,1278,64,167.00,74.82,31.22,4308,322336
804,804,,*MANUAL*,54,1454,61,206.00,134.24,25.27,895,120145
805,805,,*MANUAL*,67,1464,93,230.00,169.56,25.96,600,101737
806,806,,*MANUAL*$430$397,76,1462,49,147.00,64.05,26.93,3564,228264
807,807,,*MANUAL*,84,1462,75,163.00,102.90,26.02,895,92096
808,808,,*MANUAL*,53,1464,73,206.00,126.34,30.85,895,113073
809,809,,*MANUAL*,75,1461,91,227.00,134.55,28.30,895,120418
810,810,,*MANUAL*,60,1464,91,222.00,143.21,29.43,895,128174
811,811,,*MANUAL*,59,1473,62,242.00,155.80,32.53,755,117630
812,812,,*MANUAL*,53,1473,56,224.00,142.56,35.15,895,127589
813,813,,*MANUAL*,77,1467,64,210.00,135.25,33.23,803,108606
814,814,,*MANUAL*,84,1466,59,225.00,144.65,25.56,895,129462
815,815,,*MANUAL*,66,1478,90,251.00,169.54,31.45,751,127327
816,816,,*MANUAL*,71,1482,87,246.00,140.76,47.91,860,121050
817,817,,*MANUAL*,80,1482,81,151.00,83.91,17.40,895,75103
818,818,,*MANUAL*,54,1484,83,167.00,106.99,17.89,895,95753
819,819,,*MANUAL*,56,1493,67,228.00,141.67,32.53,895,126796
820,820,,*MANUAL*,80,1485,65,196.00,118.30,29.93,895,105877
821,821,,*MANUAL*,78,1485,54,228.00,131.46,35.66,893,117394
822,822,,*MANUAL*,62,1489,57,205.00,107.56,35.01,895,96270
823,823,*NOUSE*,*NOUSE*,0,0,0,0,0,0,0,0
824,824,,*MANUAL*,67,1510,84,147.00,77.55,21.15,895,69405
825,825,,*MANUAL*,64,1533,78,132.00,52.90,19.23,895,47348
826,826,,*MANUAL*,60,1525,63,145.00,66.63,24.74,895,59634
827,827,,*MANUAL*$413$436,79,1524,65,136.00,48.84,22.35,3874,189224
828,828,,*MANUAL*,81,1537,57,151.00,84.16,25.26,895,75322
829,829,,*MANUAL*,83,1572,62,170.00,105.41,25.66,895,94338
830,830,,*MANUAL*,83,1592,65,156.00,95.83,25.13,895,85766
831,831,,*MANUAL*,83,1608,66,181.00,94.43,30.76,895,84515
832,832,,*MANUAL*,81,1557,54,97.00,40.93,14.62,895,36632
833,833,,*MANUAL*,73,1547,85,145.00,67.47,23.64,895,60386
834,834,,*MANUAL*,68,1560,88,181.00,115.67,24.50,895,103526
835,835,,*MANUAL*,68,1585,88,171.00,104.71,25.06,895,93711
836,836,,*MANUAL*,70,1600,90,166.00,98.13,25.32,895,87825
837,837,,*MANUAL*$360$332,70,1628,90,123.00,44.43,25.73,4786,212650
838,838,,*MANUAL*,59,1540,55,171.00,103.39,26.83,895,92535
839,839,,*MANUAL*,59,1572,61,180.00,115.38,30.18,712,82153
840,840,,*MANUAL*,60,1595,63,186.00,103.53,30.68,895,92660
841,841,,*MANUAL*,60,1614,64,173.00,88.80,36.06,895,79477
842,842,,*MANUAL*,64,1566,56,159.00,70.98,26.00,647,45924
843,843,,*MANUAL*,64,1279,51,234.00,153.87,36.35,873,134325
844,844,,*MANUAL*,55,1280,56,241.00,161.51,33.19,895,144555
845,845,,*MANUAL*,76,1269,51,248.00,163.88,39.22,895,146675
846,846,,*MANUAL*,88,1271,55,245.00,137.52,36.52,895,123081
847,847,,*MANUAL*,83,1306,62,171.00,102.03,24.04,895,91318
848,848,,*MANUAL*,72,1328,41,240.00,131.26,32.37,895,117481
849,849,,*MANUAL*,88,1221,53,159.00,87.72,24.03,895,78510
850,850,,*MANUAL*,79,1221,45,218.00,141.15,40.16,895,126330
851,851,,*MANUAL*$314$315,69,1215,42,207.00,70.89,44.15,3425,242786
852,852,,*MANUAL*,82,1242,44,211.00,131.74,34.69,873,115013
853,853,,*MANUAL*,73,1237,44,226.00,147.79,28.96,895,132275
854,854,,*MANUAL*,63,1229,46,235.00,151.07,33.72,895,135204
855,855,,*MANUAL*,69,1250,45,223.00,150.09,30.60,889,133430
856,856,,*MANUAL*,78,1256,42,232.00,150.89,38.73,895,135048
857,857,,*MANUAL*,73,1272,40,241.00,161.21,35.57,877,141385
858,858,,*MANUAL*,67,1264,40,249.00,153.90,43.26,895,137744
859,859,,*MANUAL*,43,1252,67,227.00,153.92,31.38,895,137757
860,860,,*MANUAL*,45,1260,78,242.00,159.24,39.93,895,142520
861,861,,*MANUAL*,42,1319,63,227.00,143.32,34.19,895,128269
862,862,,*MANUAL*,43,1358,68,225.00,148.82,35.24,895,133192
863,863,,*MANUAL*,42,1278,81,254.00,164.79,42.36,889,146501
864,864,,*MANUAL*,51,1275,75,244.00,172.58,32.98,895,154455
865,865,,*MANUAL*,46,1280,97,254.00,175.63,42.60,879,154377
866,866,,*MANUAL*,45,1355,86,185.00,120.90,31.72,881,106516
867,867,,*MANUAL*,43,1373,81,215.00,135.02,31.03,895,120846
868,868,,*MANUAL*,54,1282,104,253.00,181.45,36.18,895,162398
869,869,,*MANUAL*,85,1384,101,210.00,137.18,28.22,891,122223
870,870,*NOUSE*,*NOUSE*,0,0,0,0,0,0,0,0
871,871,,*MANUAL*,65,1381,92,248.00,166.51,33.63,895,149029
872,872,,*MANUAL*,55,1376,88,247.00,171.15,36.39,895,153175
873,873,,*MANUAL*,55,1358,88,230.00,160.73,21.42,895,143851
874,874,,*MANUAL*,49,1367,98,220.00,149.89,31.51,895,134150
875,875,,*MANUAL*,52,1361,75,247.00,155.10,32.39,895,138814
876,876,,*MANUAL*,96,1254,63,217.00,135.86,27.36,895,121594
877,877,,*MANUAL*,92,1263,74,219.00,136.27,36.94,895,121964
878,878,,*MANUAL*,96,1275,66,218.00,133.73,28.64,895,119688
879,879,,*MANUAL*,94,1308,67,164.00,108.32,20.79,895,96947
880,880,,*MANUAL*,95,1325,65,226.00,140.39,27.39,677,95043
881,881,,*MANUAL*,93,1286,94,219.00,147.23,24.02,861,126765
882,882,,*MANUAL*,96,1353,80,165.00,107.40,21.15,895,96127
883,883,,*MANUAL*,93,1368,91,202.00,139.42,26.23,889,123947
884,884,,*MANUAL*$455$452,79,1345,102,184.00,67.18,31.20,6160,413848
885,885,,*MANUAL*,78,1383,92,223.00,145.00,35.68,889,128902
886,886,,*MANUAL*,84,1376,86,246.00,150.46,29.06,895,134663
887,887,,*MANUAL*,84,1361,91,187.00,127.32,26.46,895,113951
888,888,,*MANUAL*,86,1344,87,182.00,121.79,21.05,895,109004
889,889,,*MANUAL*,84,1290,93,236.00,153.23,25.59,895,137139
890,890,,*MANUAL*,84,1283,75,201.00,126.83,25.45,895,113513
891,891,,*MANUAL*,61,1368,57,236.00,148.71,34.79,859,127745
892,892,,*MANUAL*,57,1368,67,241.00,144.21,40.33,895,129065
893,893,,*MANUAL*,56,1358,47,243.00,132.79,48.59,832,110483
894,894,,*MANUAL*,85,1359,49,199.00,135.07,32.50,867,117106
895,895,,*MANUAL*,55,1326,48,229.00,138.61,39.72,895,124058
896,896,,*MANUAL*,81,1354,57,212.00,148.85,27.92,895,133221
897,897,,*MANUAL*,71,1353,52,189.00,139.37,18.09,705,98257
898,898,,*MANUAL*,63,1354,53,239.00,170.65,27.94,895,152736
899,899,,*MANUAL*,88,1325,62,216.00,145.42,30.48,895,130147
900,900,,*MANUAL*,65,1336,51,211.00,138.95,27.63,895,124360
901,901,,*MANUAL*,65,1323,52,240.00,165.53,38.86,895,148149
902,902,,*MANUAL*,54,1320,60,221.00,137.70,30.77,895,123244
903,903,,*MANUAL*,52,1350,60,239.00,164.97,32.33,889,146654
904,904,,*MANUAL*,57,1342,65,205.00,128.55,38.61,895,115054
905,905,,*MANUAL*,98,1465,74,196.00,100.81,23.84,893,90023
906,906,,*MANUAL*,95,1444,75,188.00,120.55,25.09,869,104757
907,907,*NOUSE*,*NOUSE*,0,0,0,0,0,0,0,0
908,908,,*MANUAL*$668$907,95,1254,100,120.00,50.79,22.43,4702,238838
909,909,,*MANUAL*,97,1509,61,133.00,78.15,17.53,895,69941
910,910,,*MANUAL*,76,1406,38,218.00,138.52,29.95,884,122450
911,911,,*MANUAL*,72,1416,38,202.00,137.50,26.92,879,120864
912,912,,*MANUAL*,62,1421,39,227.00,137.47,35.99,885,121662
913,913,,*MANUAL*,81,1423,44,206.00,131.22,31.64,895,117440
914,914,,*MANUAL*,88,1411,75,176.00,122.13,25.45,895,109302
915,915,*NOUSE*,*NOUSE*,0,0,0,0,0,0,0,0
916,916,,*MANUAL*,84,1433,89,245.00,156.73,31.40,871,136515
917,917,,*MANUAL*,84,1446,97,188.00,119.57,24.29,895,107011
918,918,*NOUSE*,*NOUSE*,0,0,0,0,0,0,0,0
919,919,,*MANUAL*,62,1419,100,225.00,170.94,23.16,895,152993
920,920,,*MANUAL*,79,1419,102,203.00,135.97,24.93,895,121691
921,921,,*MANUAL*,62,1433,97,248.00,152.24,44.02,895,136259
922,922,,*MANUAL*,76,1430,95,234.00,150.57,37.64,895,134764
923,923,,*MANUAL*,90,1455,86,204.00,127.94,31.78,895,114504
924,924,,*MANUAL*,51,1407,77,244.00,145.92,36.45,895,130596
925,925,,*MANUAL*,49,1438,82,229.00,140.03,31.05,797,111605
926,926,,*MANUAL*,41,1465,77,206.00,131.30,29.29,895,117510
927,927,,*MANUAL*,43,1444,81,230.00,147.56,39.79,895,132069
928,928,*NOUSE*,*NOUSE*,0,0,0,0,0,0,0,0
929,929,*NOUSE*,*NOUSE*,0,0,0,0,0,0,0,0
930,930,,*MANUAL*,91,1506,79,173.00,109.96,27.63,895,98412
931,931,,*MANUAL*,87,1495,86,185.00,117.85,30.60,895,105473
932,932,,*MANUAL*,94,1488,79,197.00,120.25,26.23,895,107627
933,933,,*MANUAL*,94,1471,83,197.00,122.93,27.77,895,110019
934,934,,*MANUAL*$645$618,92,1485,62,176.00,66.01,36.75,3784,249779
935,935,,*MANUAL*,52,1437,97,248.00,171.46,41.47,895,153459
936,936,,*MANUAL*,92,1545,59,177.00,116.06,23.70,895,103870
937,937,,*MANUAL*,91,1530,59,182.00,106.40,28.91,895,95224
938,938,,*MANUAL*,89,1501,52,213.00,130.43,25.73,895,116737
939,939,,*MANUAL*,40,1415,77,186.00,91.14,30.00,895,81571
940,940,*NOUSE*,*NOUSE*,0,0,0,0,0,0,0,0
941,941,,*MANUAL*$23$940,42,1210,84,175.00,42.00,24.33,7676,322397
942,942,,*MANUAL*$61$60,46,1217,106,166.00,51.75,29.98,7405,383188
943,943,,*MANUAL*,48,1499,85,253.00,162.92,43.61,879,143205
944,944,,*MANUAL*,42,1491,83,237.00,145.94,46.81,895,130618
945,945,,*MANUAL*,47,1531,62,202.00,112.88,40.99,895,101029
946,946,,*MANUAL*,75,1628,49,137.00,74.72,26.36,895,66872
947,947,,*MANUAL*,76,1599,46,152.00,88.27,26.13,895,79005
948,948,,*MANUAL*,76,1550,41,180.00,122.50,27.05,795,97385
949,949,,*MANUAL*$255$261,65,1536,38,193.00,61.75,38.43,4067,251120
950,950,,*MANUAL*,67,1557,40,167.00,112.74,23.04,803,90531
951,951,,*MANUAL*,67,1583,45,156.00,86.07,30.42,895,77033
952,952,,*MANUAL*,68,1611,48,138.00,74.68,22.13,895,66841
953,953,,*MANUAL*$391$418,75,1691,93,95.00,34.69,17.81,4727,163968
954,954,,*MANUAL*,76,1635,101,149.00,83.61,24.20,895,74835
955,955,,*MANUAL*,78,1619,101,140.00,87.39,24.16,895,78211
956,956,,*MANUAL*$385$395,73,1325,116,143.00,51.07,19.44,6186,315907
957,957,,*MANUAL*$320$375,71,1470,109,174.00,63.31,32.04,5151,326134
958,958,,*MANUAL*$374$348,73,1532,102,165.00,51.85,26.05,4964,257398
959,959,,*MANUAL*,75,1583,107,164.00,88.50,26.15,895,79205
960,960,,*MANUAL*,69,1424,32,137.00,55.86,25.22,895,49999
961,961,,*MANUAL*,59,1443,41,173.00,108.69,31.46,893,97056
962,962,,*MANUAL*,65,1444,32,157.00,55.62,24.52,895,49783
963,963,,*MANUAL*$286$285,67,1509,36,121.00,48.28,20.31,4366,210788
964,964,,*MANUAL*,72,1553,35,151.00,73.09,33.20,895,65412
965,965,,*MANUAL*$224$214$198,64,775,61,135.00,42.59,23.75,9030,384627
966,966,,*MANUAL*$400$403,80,748,65,159.00,45.54,26.72,10595,482491
967,967,,*MANUAL*$508$765,84,473,60,130.00,43.24,25.36,4627,200091
968,968,,*MANUAL*,75,1183,68,209.00,123.37,27.61,895,110414
969,969,,*MANUAL*$321$918,69,1411,106,225.00,107.52,51.21,2786,299548
970,970,,*MANUAL*,85,1524,83,176.00,109.46,25.61,889,97308
971,971,,*MANUAL*,68,1480,51,162.00,81.70,27.44,895,73124
972,972,,*MANUAL*$155$153,56,1253,53,216.00,86.02,46.47,3462,297798
973,973,,*MANUAL*,94,1521,77,151.00,95.48,21.10,895,85458
974,974,,*MANUAL*,86,1435,78,196.00,119.03,26.91,895,106530
975,975,,*MANUAL*,91,1396,95,134.00,86.84,16.88,895,77721
976,976,*NOUSE*,*NOUSE*,0,0,0,0,0,0,0,0
977,977,,*MANUAL*,86,369,99,100.00,39.67,14.53,895,35501
978,978,,*MANUAL*$384$383,77,1169,101,194.00,71.92,43.11,4506,324058
979,979,,*MANUAL*$456$457,80,660,109,145.00,41.49,25.59,4807,199423
980,980,,*MANUAL*$550$535,86,1170,115,181.00,55.44,35.38,6415,355652
981,981,f1,*MANUAL*,66,1282,106,187.00,62.28,28.24,895,55737
982,982,f2,*MANUAL*,65,1251,78,162.00,53.84,37.97,895,48184
983,983,f3,*MANUAL*,62,1565,62,169.00,72.94,40.10,895,65283
984,984,f4,*MANUAL*,73,1209,121,154.00,26.63,31.04,895,23835
985,985,f5,*MANUAL*,77,1161,102,170.00,29.73,34.58,895,26604
986,986,f6,*MANUAL*,46,816,93,80.00, 9.33,14.17,895,8348
987,987,f7,*MANUAL*,66,398,100,132.00,22.85,25.29,895,20447
988,988,f8,*MANUAL*,53,367,97,73.00,16.40,15.21,895,14675
989,989,f9,*MANUAL*,69,405,90,117.00,25.09,28.69,895,22458
990,990,f10,*MANUAL*,76,1454,40,97.00,20.66,13.29,895,18494
