0,0,*NOUSE*,*NOUSE*,0,0,0,0,0,0,0,0
1,1,*NOUSE*,*NOUSE*,0,0,0,0,0,0,0,0
2,2,*NOUSE*,*NOUSE*,0,0,0,0,0,0,0,0
3,3,*NOUSE*,*NOUSE*,0,0,0,0,0,0,0,0
4,4,*NOUSE*,*NOUSE*,0,0,0,0,0,0,0,0
5,5,*NOUSE*,*NOUSE*,0,0,0,0,0,0,0,0
6,6,*NOUSE*,*NOUSE*,0,0,0,0,0,0,0,0
7,7,,,37,1148,58,242.00,87.21,56.85,3346,291802.00
8,8,*NOUSE*,*NOUSE*,0,0,0,0,0,0,0,0
9,9,*NOUSE*,*NOUSE*,0,0,0,0,0,0,0,0
10,10,*NOUSE*,*NOUSE*,0,0,0,0,0,0,0,0
11,11,*NOUSE*,*NOUSE*,0,0,0,0,0,0,0,0
12,12,,,38,1296,77,202.00,59.83,43.84,4559,272756.00
13,13,,,37,1065,80,129.00,44.98,25.85,5452,245251.00
14,14,*NOUSE*,*NOUSE*,0,0,0,0,0,0,0,0
15,15,,,39,1132,58,219.00,76.10,50.59,4084,310806.00
16,16,*NOUSE*,*NOUSE*,0,0,0,0,0,0,0,0
17,17,,,39,1225,60,226.00,77.33,53.12,3774,291829.00
18,18,*NOUSE*,*NOUSE*,0,0,0,0,0,0,0,0
19,19,*NOUSE*,*NOUSE*,0,0,0,0,0,0,0,0
20,20,*NOUSE*,*NOUSE*,0,0,0,0,0,0,0,0
21,21,*NOUSE*,*NOUSE*,0,0,0,0,0,0,0,0
22,22,,,39,1245,67,166.00,61.23,36.87,4662,285454.00
23,23,*NOUSE*,*NOUSE*,0,0,0,0,0,0,0,0
24,24,*NOUSE*,*NOUSE*,0,0,0,0,0,0,0,0
25,25,,,39,1051,65,133.00,42.00,24.82,6377,267833.00
26,26,,,40,1008,73,156.00,46.73,31.54,5669,264908.00
27,27,*NOUSE*,*NOUSE*,0,0,0,0,0,0,0,0
28,28,*NOUSE*,*NOUSE*,0,0,0,0,0,0,0,0
29,29,*NOUSE*,*NOUSE*,0,0,0,0,0,0,0,0
30,30,,,38,1227,79,186.00,67.79,42.40,3801,257678.00
31,31,*NOUSE*,*NOUSE*,0,0,0,0,0,0,0,0
32,32,,,40,1164,81,231.00,85.85,53.26,3125,268290.00
33,33,,,39,1144,93,154.00,51.82,28.94,4894,253620.00
34,34,,,40,945,57,171.00,52.26,36.18,5241,273909.00
35,35,,,40,1184,60,223.00,84.31,51.51,3535,298036.00
36,36,*NOUSE*,*NOUSE*,0,0,0,0,0,0,0,0
37,37,,,39,748,64,144.00,51.45,33.20,4336,223098.00
38,38,,,41,1157,68,250.00,111.65,61.53,2643,295081.00
39,39,,,41,797,66,141.00,42.53,27.60,5791,246294.00
40,40,*NOUSE*,*NOUSE*,0,0,0,0,0,0,0,0
41,41,*NOUSE*,*NOUSE*,0,0,0,0,0,0,0,0
42,42,*NOUSE*,*NOUSE*,0,0,0,0,0,0,0,0
43,43,,,42,1174,87,240.00,94.00,55.33,2727,256351.00
44,44,*NOUSE*,*NOUSE*,0,0,0,0,0,0,0,0
45,45,*NOUSE*,*NOUSE*,0,0,0,0,0,0,0,0
46,46,*NOUSE*,*NOUSE*,0,0,0,0,0,0,0,0
47,47,*NOUSE*,*NOUSE*,0,0,0,0,0,0,0,0
48,48,,,41,1081,67,240.00,72.72,55.66,3876,281855.00
49,49,*NOUSE*,*NOUSE*,0,0,0,0,0,0,0,0
50,50,*NOUSE*,*NOUSE*,0,0,0,0,0,0,0,0
51,51,*NOUSE*,*NOUSE*,0,0,0,0,0,0,0,0
52,52,*NOUSE*,*NOUSE*,0,0,0,0,0,0,0,0
53,53,*NOUSE*,*NOUSE*,0,0,0,0,0,0,0,0
54,54,*NOUSE*,*NOUSE*,0,0,0,0,0,0,0,0
55,55,*NOUSE*,*NOUSE*,0,0,0,0,0,0,0,0
56,56,*NOUSE*,*NOUSE*,0,0,0,0,0,0,0,0
57,57,*NOUSE*,*NOUSE*,0,0,0,0,0,0,0,0
58,58,,,42,858,62,155.00,45.11,31.02,5536,249725.00
59,59,*NOUSE*,*NOUSE*,0,0,0,0,0,0,0,0
60,60,*NOUSE*,*NOUSE*,0,0,0,0,0,0,0,0
61,61,*NOUSE*,*NOUSE*,0,0,0,0,0,0,0,0
62,62,*NOUSE*,*NOUSE*,0,0,0,0,0,0,0,0
63,63,*NOUSE*,*NOUSE*,0,0,0,0,0,0,0,0
64,64,*NOUSE*,*NOUSE*,0,0,0,0,0,0,0,0
65,65,*NOUSE*,*NOUSE*,0,0,0,0,0,0,0,0
66,66,*NOUSE*,*NOUSE*,0,0,0,0,0,0,0,0
67,67,*NOUSE*,*NOUSE*,0,0,0,0,0,0,0,0
68,68,,,44,766,77,172.00,52.00,40.63,4708,244795.00
69,69,*NOUSE*,*NOUSE*,0,0,0,0,0,0,0,0
70,70,*NOUSE*,*NOUSE*,0,0,0,0,0,0,0,0
71,71,*NOUSE*,*NOUSE*,0,0,0,0,0,0,0,0
72,72,*NOUSE*,*NOUSE*,0,0,0,0,0,0,0,0
73,73,,,44,1510,71,129.00,40.59,24.65,5129,208166.00
74,74,,,44,1026,73,232.00,63.83,50.64,4124,263218.00
75,75,*NOUSE*,*NOUSE*,0,0,0,0,0,0,0,0
76,76,,,44,1108,84,188.00,56.59,41.49,4519,255711.00
77,77,*NOUSE*,*NOUSE*,0,0,0,0,0,0,0,0
78,78,*NOUSE*,*NOUSE*,0,0,0,0,0,0,0,0
79,79,*NOUSE*,*NOUSE*,0,0,0,0,0,0,0,0
80,80,*NOUSE*,*NOUSE*,0,0,0,0,0,0,0,0
81,81,,,45,1110,46,192.00,59.12,41.96,5167,305475.00
82,82,,,44,627,62,161.00,48.21,32.08,4877,235107.00
83,83,*NOUSE*,*NOUSE*,0,0,0,0,0,0,0,0
84,84,*NOUSE*,*NOUSE*,0,0,0,0,0,0,0,0
85,85,*NOUSE*,*NOUSE*,0,0,0,0,0,0,0,0
86,86,*NOUSE*,*NOUSE*,0,0,0,0,0,0,0,0
87,87,*NOUSE*,*NOUSE*,0,0,0,0,0,0,0,0
88,88,,,46,1135,82,202.00,70.68,44.29,4292,303360.00
89,89,*NOUSE*,*NOUSE*,0,0,0,0,0,0,0,0
90,90,*NOUSE*,*NOUSE*,0,0,0,0,0,0,0,0
91,91,*NOUSE*,*NOUSE*,0,0,0,0,0,0,0,0
92,92,,,47,1103,65,206.00,59.10,41.99,4770,281903.00
93,93,*NOUSE*,*NOUSE*,0,0,0,0,0,0,0,0
94,94,*NOUSE*,*NOUSE*,0,0,0,0,0,0,0,0
95,95,*NOUSE*,*NOUSE*,0,0,0,0,0,0,0,0
96,96,*NOUSE*,*NOUSE*,0,0,0,0,0,0,0,0
97,97,*NOUSE*,*NOUSE*,0,0,0,0,0,0,0,0
98,98,,,48,948,101,177.00,47.06,32.72,5751,270650.00
99,99,*NOUSE*,*NOUSE*,0,0,0,0,0,0,0,0
100,100,*NOUSE*,*NOUSE*,0,0,0,0,0,0,0,0
101,101,*NOUSE*,*NOUSE*,0,0,0,0,0,0,0,0
102,102,,,47,400,72,157.00,50.62,32.57,5314,268980.00
103,103,*NOUSE*,*NOUSE*,0,0,0,0,0,0,0,0
104,104,*NOUSE*,*NOUSE*,0,0,0,0,0,0,0,0
105,105,,,47,1441,44,137.00,49.22,23.58,3178,156429.00
106,106,*NOUSE*,*NOUSE*,0,0,0,0,0,0,0,0
107,107,,,49,1156,51,221.00,97.79,48.65,3403,332779.00
108,108,*NOUSE*,*NOUSE*,0,0,0,0,0,0,0,0
109,109,*NOUSE*,*NOUSE*,0,0,0,0,0,0,0,0
110,110,*NOUSE*,*NOUSE*,0,0,0,0,0,0,0,0
111,111,,,48,1211,69,219.00,84.42,49.48,3497,295232.00
112,112,*NOUSE*,*NOUSE*,0,0,0,0,0,0,0,0
113,113,,,47,1188,84,201.00,93.31,44.17,2645,246817.00
114,114,*NOUSE*,*NOUSE*,0,0,0,0,0,0,0,0
115,115,,,47,616,93,122.00,35.36,18.96,5565,196793.00
116,116,*NOUSE*,*NOUSE*,0,0,0,0,0,0,0,0
117,117,*NOUSE*,*NOUSE*,0,0,0,0,0,0,0,0
118,118,,,49,1245,103,158.00,62.29,34.98,4155,258805.00
119,119,*NOUSE*,*NOUSE*,0,0,0,0,0,0,0,0
120,120,*NOUSE*,*NOUSE*,0,0,0,0,0,0,0,0
121,121,*NOUSE*,*NOUSE*,0,0,0,0,0,0,0,0
122,122,*NOUSE*,*NOUSE*,0,0,0,0,0,0,0,0
123,123,,,50,987,47,232.00,73.76,54.64,4191,309108.00
124,124,,,50,929,46,172.00,48.84,37.56,6866,335342.00
125,125,,,49,826,47,172.00,49.32,34.82,5456,269065.00
126,126,,,50,771,49,183.00,55.30,39.91,5296,292853.00
127,127,*NOUSE*,*NOUSE*,0,0,0,0,0,0,0,0
128,128,*NOUSE*,*NOUSE*,0,0,0,0,0,0,0,0
129,129,,,50,1126,63,186.00,66.44,39.18,4500,298960.00
130,130,*NOUSE*,*NOUSE*,0,0,0,0,0,0,0,0
131,131,,,48,1222,84,202.00,80.83,45.34,3543,286390.00
132,132,*NOUSE*,*NOUSE*,0,0,0,0,0,0,0,0
133,133,*NOUSE*,*NOUSE*,0,0,0,0,0,0,0,0
134,134,*NOUSE*,*NOUSE*,0,0,0,0,0,0,0,0
135,135,*NOUSE*,*NOUSE*,0,0,0,0,0,0,0,0
136,136,*NOUSE*,*NOUSE*,0,0,0,0,0,0,0,0
137,137,,,51,1052,44,205.00,59.14,42.30,5365,317273.00
138,138,*NOUSE*,*NOUSE*,0,0,0,0,0,0,0,0
139,139,*NOUSE*,*NOUSE*,0,0,0,0,0,0,0,0
140,140,,,49,1146,63,252.00,109.91,61.16,2828,310834.00
141,141,,,49,1072,84,226.00,74.17,51.24,3981,295282.00
142,142,*NOUSE*,*NOUSE*,0,0,0,0,0,0,0,0
143,143,*NOUSE*,*NOUSE*,0,0,0,0,0,0,0,0
144,144,,,51,1012,92,124.00,39.10,22.26,6187,241901.00
145,145,,,51,1017,106,187.00,51.59,39.43,4218,217609.00
146,146,*NOUSE*,*NOUSE*,0,0,0,0,0,0,0,0
147,147,*NOUSE*,*NOUSE*,0,0,0,0,0,0,0,0
148,148,,,52,1077,42,215.00,66.29,45.32,4895,324496.00
149,149,*NOUSE*,*NOUSE*,0,0,0,0,0,0,0,0
150,150,*NOUSE*,*NOUSE*,0,0,0,0,0,0,0,0
151,151,*NOUSE*,*NOUSE*,0,0,0,0,0,0,0,0
152,152,*NOUSE*,*NOUSE*,0,0,0,0,0,0,0,0
153,153,*NOUSE*,*NOUSE*,0,0,0,0,0,0,0,0
154,154,*NOUSE*,*NOUSE*,0,0,0,0,0,0,0,0
155,155,*NOUSE*,*NOUSE*,0,0,0,0,0,0,0,0
156,156,,,51,1157,74,233.00,92.77,48.83,3241,300656.00
157,157,*NOUSE*,*NOUSE*,0,0,0,0,0,0,0,0
158,158,*NOUSE*,*NOUSE*,0,0,0,0,0,0,0,0
159,159,*NOUSE*,*NOUSE*,0,0,0,0,0,0,0,0
160,160,*NOUSE*,*NOUSE*,0,0,0,0,0,0,0,0
161,161,*NOUSE*,*NOUSE*,0,0,0,0,0,0,0,0
162,162,,,53,1203,40,181.00,66.93,39.54,4408,295008.00
163,163,*NOUSE*,*NOUSE*,0,0,0,0,0,0,0,0
164,164,*NOUSE*,*NOUSE*,0,0,0,0,0,0,0,0
165,165,*NOUSE*,*NOUSE*,0,0,0,0,0,0,0,0
166,166,*NOUSE*,*NOUSE*,0,0,0,0,0,0,0,0
167,167,,,54,1091,94,169.00,52.91,37.12,4965,262698.00
168,168,*NOUSE*,*NOUSE*,0,0,0,0,0,0,0,0
169,169,*NOUSE*,*NOUSE*,0,0,0,0,0,0,0,0
170,170,*NOUSE*,*NOUSE*,0,0,0,0,0,0,0,0
171,171,,,52,1173,101,231.00,78.77,49.14,2914,229533.00
172,172,*NOUSE*,*NOUSE*,0,0,0,0,0,0,0,0
173,173,*NOUSE*,*NOUSE*,0,0,0,0,0,0,0,0
174,174,,,53,909,105,178.00,51.63,39.80,3970,204968.00
175,175,,,52,729,105,151.00,45.40,32.41,4127,187386.00
176,176,,,52,1226,103,169.00,60.66,33.67,4207,255178.00
177,177,*NOUSE*,*NOUSE*,0,0,0,0,0,0,0,0
178,178,*NOUSE*,*NOUSE*,0,0,0,0,0,0,0,0
179,179,,,53,619,54,194.00,59.47,42.93,4896,291165.00
180,180,*NOUSE*,*NOUSE*,0,0,0,0,0,0,0,0
181,181,*NOUSE*,*NOUSE*,0,0,0,0,0,0,0,0
182,182,*NOUSE*,*NOUSE*,0,0,0,0,0,0,0,0
183,183,,,54,1087,57,241.00,77.53,51.21,4067,315333.00
184,184,,,55,1006,58,120.00,37.58,19.46,7562,284147.00
185,185,*NOUSE*,*NOUSE*,0,0,0,0,0,0,0,0
186,186,*NOUSE*,*NOUSE*,0,0,0,0,0,0,0,0
187,187,*NOUSE*,*NOUSE*,0,0,0,0,0,0,0,0
188,188,*NOUSE*,*NOUSE*,0,0,0,0,0,0,0,0
189,189,*NOUSE*,*NOUSE*,0,0,0,0,0,0,0,0
190,190,,,55,1521,60,158.00,43.76,28.78,4902,214520.00
191,191,,,53,466,60,172.00,50.94,36.49,5062,257857.00
192,192,*NOUSE*,*NOUSE*,0,0,0,0,0,0,0,0
193,193,*NOUSE*,*NOUSE*,0,0,0,0,0,0,0,0
194,194,*NOUSE*,*NOUSE*,0,0,0,0,0,0,0,0
195,195,,,55,803,106,158.00,45.59,32.95,4239,193243.00
196,196,*NOUSE*,*NOUSE*,0,0,0,0,0,0,0,0
197,197,*NOUSE*,*NOUSE*,0,0,0,0,0,0,0,0
198,198,*NOUSE*,*NOUSE*,0,0,0,0,0,0,0,0
199,199,*NOUSE*,*NOUSE*,0,0,0,0,0,0,0,0
200,200,,,61,1063,65,198.00,59.71,42.98,4877,291223.00
201,201,*NOUSE*,*NOUSE*,0,0,0,0,0,0,0,0
202,202,*NOUSE*,*NOUSE*,0,0,0,0,0,0,0,0
203,203,*NOUSE*,*NOUSE*,0,0,0,0,0,0,0,0
204,204,,,56,886,44,185.00,48.74,37.47,5481,267131.00
205,205,*NOUSE*,*NOUSE*,0,0,0,0,0,0,0,0
206,206,*NOUSE*,*NOUSE*,0,0,0,0,0,0,0,0
207,207,*NOUSE*,*NOUSE*,0,0,0,0,0,0,0,0
208,208,*NOUSE*,*NOUSE*,0,0,0,0,0,0,0,0
209,209,*NOUSE*,*NOUSE*,0,0,0,0,0,0,0,0
210,210,*NOUSE*,*NOUSE*,0,0,0,0,0,0,0,0
211,211,*NOUSE*,*NOUSE*,0,0,0,0,0,0,0,0
212,212,*NOUSE*,*NOUSE*,0,0,0,0,0,0,0,0
213,213,*NOUSE*,*NOUSE*,0,0,0,0,0,0,0,0
214,214,*NOUSE*,*NOUSE*,0,0,0,0,0,0,0,0
215,215,*NOUSE*,*NOUSE*,0,0,0,0,0,0,0,0
216,216,*NOUSE*,*NOUSE*,0,0,0,0,0,0,0,0
217,217,,,57,1147,96,234.00,87.21,51.34,3230,281680.00
218,218,,,62,1064,95,188.00,65.12,43.87,3824,249036.00
219,219,*NOUSE*,*NOUSE*,0,0,0,0,0,0,0,0
220,220,,,58,653,104,155.00,46.74,32.14,4040,188823.00
221,221,*NOUSE*,*NOUSE*,0,0,0,0,0,0,0,0
222,222,,,58,991,41,201.00,61.51,44.12,4477,275373.00
223,223,*NOUSE*,*NOUSE*,0,0,0,0,0,0,0,0
224,224,,,60,1080,67,189.00,66.25,42.80,4555,301770.00
225,225,*NOUSE*,*NOUSE*,0,0,0,0,0,0,0,0
226,226,*NOUSE*,*NOUSE*,0,0,0,0,0,0,0,0
227,227,*NOUSE*,*NOUSE*,0,0,0,0,0,0,0,0
228,228,*NOUSE*,*NOUSE*,0,0,0,0,0,0,0,0
229,229,*NOUSE*,*NOUSE*,0,0,0,0,0,0,0,0
230,230,*NOUSE*,*NOUSE*,0,0,0,0,0,0,0,0
231,231,*NOUSE*,*NOUSE*,0,0,0,0,0,0,0,0
232,232,*NOUSE*,*NOUSE*,0,0,0,0,0,0,0,0
233,233,*NOUSE*,*NOUSE*,0,0,0,0,0,0,0,0
234,234,*NOUSE*,*NOUSE*,0,0,0,0,0,0,0,0
235,235,*NOUSE*,*NOUSE*,0,0,0,0,0,0,0,0
236,236,,,60,592,102,164.00,49.73,34.42,4244,211065.00
237,237,*NOUSE*,*NOUSE*,0,0,0,0,0,0,0,0
238,238,,,60,344,54,217.00,61.38,42.87,3804,233504.00
239,239,,,62,1323,79,192.00,60.64,35.09,5477,332106.00
240,240,,,63,841,84,91.00,29.48,12.11,5413,159573.00
241,241,*NOUSE*,*NOUSE*,0,0,0,0,0,0,0,0
242,242,,,61,764,90,70.00,27.00,10.45,7107,191885.00
243,243,*NOUSE*,*NOUSE*,0,0,0,0,0,0,0,0
244,244,,,61,1133,97,189.00,73.62,41.34,3753,276283.00
245,245,*NOUSE*,*NOUSE*,0,0,0,0,0,0,0,0
246,246,*NOUSE*,*NOUSE*,0,0,0,0,0,0,0,0
247,247,,,61,1298,106,175.00,56.86,35.89,4962,282146.00
248,248,,,63,1136,52,206.00,82.41,46.48,3684,303613.00
249,249,*NOUSE*,*NOUSE*,0,0,0,0,0,0,0,0
250,250,*NOUSE*,*NOUSE*,0,0,0,0,0,0,0,0
251,251,*NOUSE*,*NOUSE*,0,0,0,0,0,0,0,0
252,252,*NOUSE*,*NOUSE*,0,0,0,0,0,0,0,0
253,253,*NOUSE*,*NOUSE*,0,0,0,0,0,0,0,0
254,254,*NOUSE*,*NOUSE*,0,0,0,0,0,0,0,0
255,255,*NOUSE*,*NOUSE*,0,0,0,0,0,0,0,0
256,256,*NOUSE*,*NOUSE*,0,0,0,0,0,0,0,0
257,257,,,62,1109,100,170.00,50.31,33.15,4982,250634.00
258,258,*NOUSE*,*NOUSE*,0,0,0,0,0,0,0,0
259,259,*NOUSE*,*NOUSE*,0,0,0,0,0,0,0,0
260,260,,,61,1159,109,198.00,67.07,40.38,3622,242928.00
261,261,*NOUSE*,*NOUSE*,0,0,0,0,0,0,0,0
262,262,*NOUSE*,*NOUSE*,0,0,0,0,0,0,0,0
263,263,*NOUSE*,*NOUSE*,0,0,0,0,0,0,0,0
264,264,*NOUSE*,*NOUSE*,0,0,0,0,0,0,0,0
265,265,,,64,1103,50,214.00,68.23,44.16,4688,319841.00
266,266,*NOUSE*,*NOUSE*,0,0,0,0,0,0,0,0
267,267,*NOUSE*,*NOUSE*,0,0,0,0,0,0,0,0
268,268,,,64,886,59,86.00,29.03,12.50,7964,231200.00
269,269,*NOUSE*,*NOUSE*,0,0,0,0,0,0,0,0
270,270,,,62,503,65,117.00,44.89,20.69,6429,288604.00
271,271,,,67,589,64,76.00,31.63,13.45,7561,239120.00
272,272,*NOUSE*,*NOUSE*,0,0,0,0,0,0,0,0
273,273,*NOUSE*,*NOUSE*,0,0,0,0,0,0,0,0
274,274,,,64,192,72,193.00,52.60,37.94,4726,248608.00
275,275,*NOUSE*,*NOUSE*,0,0,0,0,0,0,0,0
276,276,,,63,1533,95,168.00,49.38,36.25,4497,222073.00
277,277,,,62,1418,96,166.00,60.58,31.62,4773,289155.00
278,278,*NOUSE*,*NOUSE*,0,0,0,0,0,0,0,0
279,279,*NOUSE*,*NOUSE*,0,0,0,0,0,0,0,0
280,280,*NOUSE*,*NOUSE*,0,0,0,0,0,0,0,0
281,281,*NOUSE*,*NOUSE*,0,0,0,0,0,0,0,0
282,282,*NOUSE*,*NOUSE*,0,0,0,0,0,0,0,0
283,283,*NOUSE*,*NOUSE*,0,0,0,0,0,0,0,0
284,284,*NOUSE*,*NOUSE*,0,0,0,0,0,0,0,0
285,285,,,68,953,56,97.00,34.62,16.01,8487,293830.00
286,286,*NOUSE*,*NOUSE*,0,0,0,0,0,0,0,0
287,287,*NOUSE*,*NOUSE*,0,0,0,0,0,0,0,0
288,288,,,63,1173,67,175.00,71.29,32.96,4077,290662.00
289,289,*NOUSE*,*NOUSE*,0,0,0,0,0,0,0,0
290,290,*NOUSE*,*NOUSE*,0,0,0,0,0,0,0,0
291,291,,,62,1453,99,167.00,75.31,37.36,2715,204471.00
292,292,*NOUSE*,*NOUSE*,0,0,0,0,0,0,0,0
293,293,*NOUSE*,*NOUSE*,0,0,0,0,0,0,0,0
294,294,*NOUSE*,*NOUSE*,0,0,0,0,0,0,0,0
295,295,*NOUSE*,*NOUSE*,0,0,0,0,0,0,0,0
296,296,*NOUSE*,*NOUSE*,0,0,0,0,0,0,0,0
297,297,*NOUSE*,*NOUSE*,0,0,0,0,0,0,0,0
298,298,*NOUSE*,*NOUSE*,0,0,0,0,0,0,0,0
299,299,*NOUSE*,*NOUSE*,0,0,0,0,0,0,0,0
300,300,,,64,1482,99,143.00,60.31,31.61,4268,257411.00
301,301,*NOUSE*,*NOUSE*,0,0,0,0,0,0,0,0
302,302,*NOUSE*,*NOUSE*,0,0,0,0,0,0,0,0
303,303,*NOUSE*,*NOUSE*,0,0,0,0,0,0,0,0
304,304,*NOUSE*,*NOUSE*,0,0,0,0,0,0,0,0
305,305,*NOUSE*,*NOUSE*,0,0,0,0,0,0,0,0
306,306,*NOUSE*,*NOUSE*,0,0,0,0,0,0,0,0
307,307,*NOUSE*,*NOUSE*,0,0,0,0,0,0,0,0
308,308,*NOUSE*,*NOUSE*,0,0,0,0,0,0,0,0
309,309,*NOUSE*,*NOUSE*,0,0,0,0,0,0,0,0
310,310,,,66,1508,45,166.00,45.97,29.48,4375,201103.00
311,311,,,66,1533,47,153.00,44.63,30.11,4348,194040.00
312,312,*NOUSE*,*NOUSE*,0,0,0,0,0,0,0,0
313,313,*NOUSE*,*NOUSE*,0,0,0,0,0,0,0,0
314,314,*NOUSE*,*NOUSE*,0,0,0,0,0,0,0,0
315,315,,,66,218,75,179.00,47.60,35.77,4992,237637.00
316,316,*NOUSE*,*NOUSE*,0,0,0,0,0,0,0,0
317,317,*NOUSE*,*NOUSE*,0,0,0,0,0,0,0,0
318,318,*NOUSE*,*NOUSE*,0,0,0,0,0,0,0,0
319,319,*NOUSE*,*NOUSE*,0,0,0,0,0,0,0,0
320,320,*NOUSE*,*NOUSE*,0,0,0,0,0,0,0,0
321,321,*NOUSE*,*NOUSE*,0,0,0,0,0,0,0,0
322,322,*NOUSE*,*NOUSE*,0,0,0,0,0,0,0,0
323,323,*NOUSE*,*NOUSE*,0,0,0,0,0,0,0,0
324,324,*NOUSE*,*NOUSE*,0,0,0,0,0,0,0,0
325,325,*NOUSE*,*NOUSE*,0,0,0,0,0,0,0,0
326,326,*NOUSE*,*NOUSE*,0,0,0,0,0,0,0,0
327,327,,,68,1574,87,130.00,43.41,27.35,4377,189987.00
328,328,,,67,476,87,98.00,37.25,18.46,5860,218276.00
329,329,*NOUSE*,*NOUSE*,0,0,0,0,0,0,0,0
330,330,,,68,1515,94,164.00,51.36,35.48,4683,240507.00
331,331,*NOUSE*,*NOUSE*,0,0,0,0,0,0,0,0
332,332,*NOUSE*,*NOUSE*,0,0,0,0,0,0,0,0
333,333,*NOUSE*,*NOUSE*,0,0,0,0,0,0,0,0
334,334,,,67,1563,51,124.00,40.14,25.26,4298,172527.00
335,335,,,67,661,49,195.00,62.77,44.98,4591,288166.00
336,336,*NOUSE*,*NOUSE*,0,0,0,0,0,0,0,0
337,337,*NOUSE*,*NOUSE*,0,0,0,0,0,0,0,0
338,338,*NOUSE*,*NOUSE*,0,0,0,0,0,0,0,0
339,339,,,67,103,71,148.00,44.58,29.61,4426,197331.00
340,340,*NOUSE*,*NOUSE*,0,0,0,0,0,0,0,0
341,341,*NOUSE*,*NOUSE*,0,0,0,0,0,0,0,0
342,342,*NOUSE*,*NOUSE*,0,0,0,0,0,0,0,0
343,343,*NOUSE*,*NOUSE*,0,0,0,0,0,0,0,0
344,344,,,66,1175,103,234.00,79.40,51.65,3078,244405.00
345,345,*NOUSE*,*NOUSE*,0,0,0,0,0,0,0,0
346,346,,,68,1078,40,241.00,75.42,50.21,4557,343685.00
347,347,,,69,980,41,230.00,70.14,51.68,4664,327148.00
348,348,*NOUSE*,*NOUSE*,0,0,0,0,0,0,0,0
349,349,*NOUSE*,*NOUSE*,0,0,0,0,0,0,0,0
350,350,,,68,861,42,194.00,64.00,46.60,4132,264444.00
351,351,*NOUSE*,*NOUSE*,0,0,0,0,0,0,0,0
352,352,*NOUSE*,*NOUSE*,0,0,0,0,0,0,0,0
353,353,*NOUSE*,*NOUSE*,0,0,0,0,0,0,0,0
354,354,*NOUSE*,*NOUSE*,0,0,0,0,0,0,0,0
355,355,,,70,637,90,77.00,28.76,11.30,7269,209072.00
356,356,*NOUSE*,*NOUSE*,0,0,0,0,0,0,0,0
357,357,*NOUSE*,*NOUSE*,0,0,0,0,0,0,0,0
358,358,,,68,1188,113,178.00,59.04,33.02,3912,230983.00
359,359,*NOUSE*,*NOUSE*,0,0,0,0,0,0,0,0
360,360,,,69,1179,34,208.00,76.86,45.53,4171,320580.00
361,361,,,69,1230,40,217.00,96.85,48.88,2874,278339.00
362,362,*NOUSE*,*NOUSE*,0,0,0,0,0,0,0,0
363,363,*NOUSE*,*NOUSE*,0,0,0,0,0,0,0,0
364,364,*NOUSE*,*NOUSE*,0,0,0,0,0,0,0,0
365,365,*NOUSE*,*NOUSE*,0,0,0,0,0,0,0,0
366,366,*NOUSE*,*NOUSE*,0,0,0,0,0,0,0,0
367,367,*NOUSE*,*NOUSE*,0,0,0,0,0,0,0,0
368,368,*NOUSE*,*NOUSE*,0,0,0,0,0,0,0,0
369,369,*NOUSE*,*NOUSE*,0,0,0,0,0,0,0,0
370,370,*NOUSE*,*NOUSE*,0,0,0,0,0,0,0,0
371,371,*NOUSE*,*NOUSE*,0,0,0,0,0,0,0,0
372,372,*NOUSE*,*NOUSE*,0,0,0,0,0,0,0,0
373,373,*NOUSE*,*NOUSE*,0,0,0,0,0,0,0,0
374,374,*NOUSE*,*NOUSE*,0,0,0,0,0,0,0,0
375,375,*NOUSE*,*NOUSE*,0,0,0,0,0,0,0,0
376,376,,,71,418,88,119.00,41.56,22.47,5393,224138.00
377,377,*NOUSE*,*NOUSE*,0,0,0,0,0,0,0,0
378,378,*NOUSE*,*NOUSE*,0,0,0,0,0,0,0,0
379,379,*NOUSE*,*NOUSE*,0,0,0,0,0,0,0,0
380,380,*NOUSE*,*NOUSE*,0,0,0,0,0,0,0,0
381,381,,,70,1088,56,235.00,75.06,53.27,4239,318175.00
382,382,*NOUSE*,,64,1314,48,56.00,28.29, 8.29,35,990.00
383,383,*NOUSE*,*NOUSE*,0,0,0,0,0,0,0,0
384,384,*NOUSE*,*NOUSE*,0,0,0,0,0,0,0,0
385,385,*NOUSE*,*NOUSE*,0,0,0,0,0,0,0,0
386,386,,,74,1132,66,186.00,68.28,39.23,3835,261860.00
387,387,*NOUSE*,*NOUSE*,0,0,0,0,0,0,0,0
388,388,*NOUSE*,*NOUSE*,0,0,0,0,0,0,0,0
389,389,*NOUSE*,*NOUSE*,0,0,0,0,0,0,0,0
390,390,,,73,1099,96,215.00,70.15,49.78,3591,251894.00
391,391,*NOUSE*,*NOUSE*,0,0,0,0,0,0,0,0
392,392,,,75,1006,98,98.00,35.54,18.25,5888,209256.00
393,393,,,72,1093,114,152.00,46.08,31.09,4543,209354.00
394,394,*NOUSE*,*NOUSE*,0,0,0,0,0,0,0,0
395,395,*NOUSE*,*NOUSE*,0,0,0,0,0,0,0,0
396,396,*NOUSE*,*NOUSE*,0,0,0,0,0,0,0,0
397,397,*NOUSE*,*NOUSE*,0,0,0,0,0,0,0,0
398,398,*NOUSE*,*NOUSE*,0,0,0,0,0,0,0,0
399,399,*NOUSE*,,64,1455,59,65.00,36.36,13.00,53,1927.00
400,400,*NOUSE*,*NOUSE*,0,0,0,0,0,0,0,0
401,401,*NOUSE*,*NOUSE*,0,0,0,0,0,0,0,0
402,402,*NOUSE*,*NOUSE*,0,0,0,0,0,0,0,0
403,403,*NOUSE*,*NOUSE*,0,0,0,0,0,0,0,0
404,404,*NOUSE*,*NOUSE*,0,0,0,0,0,0,0,0
405,405,,,73,727,79,75.00,27.30,11.75,7101,193839.00
406,406,*NOUSE*,*NOUSE*,0,0,0,0,0,0,0,0
407,407,*NOUSE*,*NOUSE*,0,0,0,0,0,0,0,0
408,408,*NOUSE*,*NOUSE*,0,0,0,0,0,0,0,0
409,409,*NOUSE*,*NOUSE*,0,0,0,0,0,0,0,0
410,410,*NOUSE*,*NOUSE*,0,0,0,0,0,0,0,0
411,411,*NOUSE*,*NOUSE*,0,0,0,0,0,0,0,0
412,412,*NOUSE*,*NOUSE*,0,0,0,0,0,0,0,0
413,413,*NOUSE*,*NOUSE*,0,0,0,0,0,0,0,0
414,414,,,73,1411,56,198.00,72.73,40.66,3180,231274.00
415,415,*NOUSE*,*NOUSE*,0,0,0,0,0,0,0,0
416,416,*NOUSE*,*NOUSE*,0,0,0,0,0,0,0,0
417,417,,,74,1523,59,133.00,39.11,23.66,5675,221930.00
418,418,,,74,427,59,179.00,51.85,37.95,5322,275949.00
419,419,*NOUSE*,*NOUSE*,0,0,0,0,0,0,0,0
420,420,*NOUSE*,*NOUSE*,0,0,0,0,0,0,0,0
421,421,*NOUSE*,*NOUSE*,0,0,0,0,0,0,0,0
422,422,*NOUSE*,*NOUSE*,0,0,0,0,0,0,0,0
423,423,*NOUSE*,*NOUSE*,0,0,0,0,0,0,0,0
424,424,*NOUSE*,*NOUSE*,0,0,0,0,0,0,0,0
425,425,*NOUSE*,*NOUSE*,0,0,0,0,0,0,0,0
426,426,*NOUSE*,*NOUSE*,0,0,0,0,0,0,0,0
427,427,*NOUSE*,*NOUSE*,0,0,0,0,0,0,0,0
428,428,*NOUSE*,*NOUSE*,0,0,0,0,0,0,0,0
429,429,*NOUSE*,*NOUSE*,0,0,0,0,0,0,0,0
430,430,*NOUSE*,*NOUSE*,0,0,0,0,0,0,0,0
431,431,,,76,476,99,192.00,49.88,36.31,4732,236009.00
432,432,,,74,768,105,158.00,44.39,31.17,4122,182967.00
433,433,*NOUSE*,*NOUSE*,0,0,0,0,0,0,0,0
434,434,*NOUSE*,*NOUSE*,0,0,0,0,0,0,0,0
435,435,*NOUSE*,*NOUSE*,0,0,0,0,0,0,0,0
436,436,*NOUSE*,*NOUSE*,0,0,0,0,0,0,0,0
437,437,,,78,1013,57,109.00,35.85,18.78,7104,254678.00
438,438,*NOUSE*,*NOUSE*,0,0,0,0,0,0,0,0
439,439,*NOUSE*,*NOUSE*,0,0,0,0,0,0,0,0
440,440,,,78,1106,64,168.00,51.69,33.11,5082,262676.00
441,441,*NOUSE*,*NOUSE*,0,0,0,0,0,0,0,0
442,442,*NOUSE*,*NOUSE*,0,0,0,0,0,0,0,0
443,443,*NOUSE*,*NOUSE*,0,0,0,0,0,0,0,0
444,444,,,75,1426,95,130.00,52.34,25.56,4953,259247.00
445,445,,,76,537,97,160.00,51.67,35.16,4968,256700.00
446,446,*NOUSE*,*NOUSE*,0,0,0,0,0,0,0,0
447,447,,,76,926,109,154.00,44.75,31.63,4309,192829.00
448,448,*NOUSE*,*NOUSE*,0,0,0,0,0,0,0,0
449,449,*NOUSE*,*NOUSE*,0,0,0,0,0,0,0,0
450,450,*NOUSE*,*NOUSE*,0,0,0,0,0,0,0,0
451,451,*NOUSE*,*NOUSE*,0,0,0,0,0,0,0,0
452,452,*NOUSE*,*NOUSE*,0,0,0,0,0,0,0,0
453,453,*NOUSE*,*NOUSE*,0,0,0,0,0,0,0,0
454,454,,,76,1148,69,245.00,99.33,51.73,2726,270778.00
455,455,*NOUSE*,*NOUSE*,0,0,0,0,0,0,0,0
456,456,*NOUSE*,*NOUSE*,0,0,0,0,0,0,0,0
457,457,*NOUSE*,*NOUSE*,0,0,0,0,0,0,0,0
458,458,*NOUSE*,*NOUSE*,0,0,0,0,0,0,0,0
459,459,*NOUSE*,*NOUSE*,0,0,0,0,0,0,0,0
460,460,*NOUSE*,*NOUSE*,0,0,0,0,0,0,0,0
461,461,,,77,619,104,162.00,47.24,33.29,4366,206232.00
462,462,*NOUSE*,*NOUSE*,0,0,0,0,0,0,0,0
463,463,,,79,965,44,179.00,53.13,39.50,5586,296791.00
464,464,*NOUSE*,*NOUSE*,0,0,0,0,0,0,0,0
465,465,,,78,853,46,167.00,50.59,35.77,5000,252936.00
466,466,*NOUSE*,*NOUSE*,0,0,0,0,0,0,0,0
467,467,*NOUSE*,*NOUSE*,0,0,0,0,0,0,0,0
468,468,,,77,1236,76,186.00,65.82,37.37,3926,258411.00
469,469,*NOUSE*,*NOUSE*,0,0,0,0,0,0,0,0
470,470,*NOUSE*,*NOUSE*,0,0,0,0,0,0,0,0
471,471,*NOUSE*,*NOUSE*,0,0,0,0,0,0,0,0
472,472,*NOUSE*,*NOUSE*,0,0,0,0,0,0,0,0
473,473,*NOUSE*,*NOUSE*,0,0,0,0,0,0,0,0
474,474,,,79,1069,47,168.00,51.33,35.80,6154,315882.00
475,475,,,80,776,50,188.00,52.34,39.53,5153,269725.00
476,476,,,79,666,54,147.00,47.96,31.24,5801,278205.00
477,477,*NOUSE*,*NOUSE*,0,0,0,0,0,0,0,0
478,478,*NOUSE*,*NOUSE*,0,0,0,0,0,0,0,0
479,479,*NOUSE*,*NOUSE*,0,0,0,0,0,0,0,0
480,480,*NOUSE*,*NOUSE*,0,0,0,0,0,0,0,0
481,481,*NOUSE*,*NOUSE*,0,0,0,0,0,0,0,0
482,482,*NOUSE*,*NOUSE*,0,0,0,0,0,0,0,0
483,483,*NOUSE*,*NOUSE*,0,0,0,0,0,0,0,0
484,484,*NOUSE*,*NOUSE*,0,0,0,0,0,0,0,0
485,485,*NOUSE*,*NOUSE*,0,0,0,0,0,0,0,0
486,486,*NOUSE*,*NOUSE*,0,0,0,0,0,0,0,0
487,487,,,79,429,94,181.00,47.62,33.23,5121,243877.00
488,488,*NOUSE*,*NOUSE*,0,0,0,0,0,0,0,0
489,489,*NOUSE*,*NOUSE*,0,0,0,0,0,0,0,0
490,490,*NOUSE*,*NOUSE*,0,0,0,0,0,0,0,0
491,491,*NOUSE*,*NOUSE*,0,0,0,0,0,0,0,0
492,492,*NOUSE*,*NOUSE*,0,0,0,0,0,0,0,0
493,493,*NOUSE*,*NOUSE*,0,0,0,0,0,0,0,0
494,494,*NOUSE*,*NOUSE*,0,0,0,0,0,0,0,0
495,495,,,79,1405,40,133.00,49.50,25.69,3923,194179.00
496,496,*NOUSE*,*NOUSE*,0,0,0,0,0,0,0,0
497,497,*NOUSE*,*NOUSE*,0,0,0,0,0,0,0,0
498,498,*NOUSE*,*NOUSE*,0,0,0,0,0,0,0,0
499,499,*NOUSE*,*NOUSE*,0,0,0,0,0,0,0,0
500,500,*NOUSE*,*NOUSE*,0,0,0,0,0,0,0,0
501,501,*NOUSE*,*NOUSE*,0,0,0,0,0,0,0,0
502,502,*NOUSE*,*NOUSE*,0,0,0,0,0,0,0,0
503,503,*NOUSE*,*NOUSE*,0,0,0,0,0,0,0,0
504,504,*NOUSE*,*NOUSE*,0,0,0,0,0,0,0,0
505,505,,,80,1195,99,218.00,80.24,47.25,3211,257661.00
506,506,,,82,850,101,163.00,49.60,37.03,3978,197323.00
507,507,*NOUSE*,*NOUSE*,0,0,0,0,0,0,0,0
508,508,,,81,1157,58,205.00,82.28,41.37,3747,308297.00
509,509,*NOUSE*,*NOUSE*,0,0,0,0,0,0,0,0
510,510,*NOUSE*,*NOUSE*,0,0,0,0,0,0,0,0
511,511,,,81,1443,45,128.00,51.74,24.39,3317,171619.00
512,512,*NOUSE*,*NOUSE*,0,0,0,0,0,0,0,0
513,513,*NOUSE*,*NOUSE*,0,0,0,0,0,0,0,0
514,514,*NOUSE*,*NOUSE*,0,0,0,0,0,0,0,0
515,515,,,83,535,66,127.00,38.60,22.42,6067,234181.00
516,516,*NOUSE*,*NOUSE*,0,0,0,0,0,0,0,0
517,517,*NOUSE*,*NOUSE*,0,0,0,0,0,0,0,0
518,518,*NOUSE*,*NOUSE*,0,0,0,0,0,0,0,0
519,519,*NOUSE*,*NOUSE*,0,0,0,0,0,0,0,0
520,520,*NOUSE*,*NOUSE*,0,0,0,0,0,0,0,0
521,521,*NOUSE*,*NOUSE*,0,0,0,0,0,0,0,0
522,522,*NOUSE*,*NOUSE*,0,0,0,0,0,0,0,0
523,523,*NOUSE*,*NOUSE*,0,0,0,0,0,0,0,0
524,524,*NOUSE*,*NOUSE*,0,0,0,0,0,0,0,0
525,525,*NOUSE*,*NOUSE*,0,0,0,0,0,0,0,0
526,526,*NOUSE*,*NOUSE*,0,0,0,0,0,0,0,0
527,527,*NOUSE*,*NOUSE*,0,0,0,0,0,0,0,0
528,528,*NOUSE*,*NOUSE*,0,0,0,0,0,0,0,0
529,529,,,85,1167,88,198.00,69.30,40.86,3726,258222.00
530,530,,,85,925,52,142.00,41.95,27.17,5541,232467.00
531,531,*NOUSE*,*NOUSE*,0,0,0,0,0,0,0,0
532,532,,,85,823,52,128.00,41.43,25.81,5955,246691.00
533,533,*NOUSE*,*NOUSE*,0,0,0,0,0,0,0,0
534,534,*NOUSE*,*NOUSE*,0,0,0,0,0,0,0,0
535,535,,,85,1518,71,136.00,37.47,20.21,5076,190201.00
536,536,,,86,585,67,124.00,40.20,24.19,6063,243760.00
537,537,,,85,1026,79,202.00,52.36,40.90,4449,232946.00
538,538,*NOUSE*,*NOUSE*,0,0,0,0,0,0,0,0
539,539,*NOUSE*,*NOUSE*,0,0,0,0,0,0,0,0
540,540,*NOUSE*,*NOUSE*,0,0,0,0,0,0,0,0
541,541,*NOUSE*,*NOUSE*,0,0,0,0,0,0,0,0
542,542,*NOUSE*,*NOUSE*,0,0,0,0,0,0,0,0
543,543,*NOUSE*,*NOUSE*,0,0,0,0,0,0,0,0
544,544,*NOUSE*,*NOUSE*,0,0,0,0,0,0,0,0
545,545,*NOUSE*,*NOUSE*,0,0,0,0,0,0,0,0
546,546,*NOUSE*,*NOUSE*,0,0,0,0,0,0,0,0
547,547,,,87,759,76,140.00,44.92,29.89,4621,207580.00
548,548,*NOUSE*,*NOUSE*,0,0,0,0,0,0,0,0
549,549,*NOUSE*,*NOUSE*,0,0,0,0,0,0,0,0
550,550,*NOUSE*,*NOUSE*,0,0,0,0,0,0,0,0
551,551,,,86,1373,48,123.00,50.29,23.32,4065,204423.00
552,552,*NOUSE*,*NOUSE*,0,0,0,0,0,0,0,0
553,553,*NOUSE*,*NOUSE*,0,0,0,0,0,0,0,0
554,554,*NOUSE*,*NOUSE*,0,0,0,0,0,0,0,0
555,555,*NOUSE*,*NOUSE*,0,0,0,0,0,0,0,0
556,556,*NOUSE*,*NOUSE*,0,0,0,0,0,0,0,0
557,557,*NOUSE*,*NOUSE*,0,0,0,0,0,0,0,0
558,558,*NOUSE*,*NOUSE*,0,0,0,0,0,0,0,0
559,559,,,86,1271,82,184.00,69.21,37.74,3535,244658.00
560,560,*NOUSE*,*NOUSE*,0,0,0,0,0,0,0,0
561,561,*NOUSE*,*NOUSE*,0,0,0,0,0,0,0,0
562,562,,,86,699,59,169.00,51.48,37.18,5595,288038.00
563,563,,,88,628,60,114.00,37.73,21.37,6376,240586.00
564,564,*NOUSE*,*NOUSE*,0,0,0,0,0,0,0,0
565,565,*NOUSE*,*NOUSE*,0,0,0,0,0,0,0,0
566,566,*NOUSE*,*NOUSE*,0,0,0,0,0,0,0,0
567,567,*NOUSE*,*NOUSE*,0,0,0,0,0,0,0,0
568,568,*NOUSE*,*NOUSE*,0,0,0,0,0,0,0,0
569,569,*NOUSE*,*NOUSE*,0,0,0,0,0,0,0,0
570,570,*NOUSE*,*NOUSE*,0,0,0,0,0,0,0,0
571,571,*NOUSE*,*NOUSE*,0,0,0,0,0,0,0,0
572,572,,,89,678,71,116.00,37.29,19.98,5801,216335.00
573,573,,,88,1235,85,139.00,60.74,29.77,3993,242541.00
574,574,*NOUSE*,*NOUSE*,0,0,0,0,0,0,0,0
575,575,*NOUSE*,*NOUSE*,0,0,0,0,0,0,0,0
576,576,*NOUSE*,*NOUSE*,0,0,0,0,0,0,0,0
577,577,*NOUSE*,*NOUSE*,0,0,0,0,0,0,0,0
578,578,*NOUSE*,*NOUSE*,0,0,0,0,0,0,0,0
579,579,*NOUSE*,*NOUSE*,0,0,0,0,0,0,0,0
580,580,*NOUSE*,*NOUSE*,0,0,0,0,0,0,0,0
581,581,*NOUSE*,*NOUSE*,0,0,0,0,0,0,0,0
582,582,*NOUSE*,*NOUSE*,0,0,0,0,0,0,0,0
583,583,*NOUSE*,*NOUSE*,0,0,0,0,0,0,0,0
584,584,*NOUSE*,*NOUSE*,0,0,0,0,0,0,0,0
585,585,*NOUSE*,*NOUSE*,0,0,0,0,0,0,0,0
586,586,*NOUSE*,*NOUSE*,0,0,0,0,0,0,0,0
587,587,*NOUSE*,*NOUSE*,0,0,0,0,0,0,0,0
588,588,*NOUSE*,*NOUSE*,0,0,0,0,0,0,0,0
589,589,*NOUSE*,*NOUSE*,0,0,0,0,0,0,0,0
590,590,*NOUSE*,*NOUSE*,0,0,0,0,0,0,0,0
591,591,,,91,750,61,103.00,35.58,18.72,4782,170160.00
592,592,*NOUSE*,*NOUSE*,0,0,0,0,0,0,0,0
593,593,*NOUSE*,*NOUSE*,0,0,0,0,0,0,0,0
594,594,*NOUSE*,*NOUSE*,0,0,0,0,0,0,0,0
595,595,,,92,811,70,97.00,33.01,16.83,5942,196157.00
596,596,,,91,1007,80,138.00,42.02,26.12,5278,221769.00
597,597,*NOUSE*,*NOUSE*,0,0,0,0,0,0,0,0
598,598,,,91,1144,69,192.00,63.97,39.18,4766,304895.00
599,599,*NOUSE*,*NOUSE*,0,0,0,0,0,0,0,0
600,600,*NOUSE*,*NOUSE*,0,0,0,0,0,0,0,0
601,601,*NOUSE*,*NOUSE*,0,0,0,0,0,0,0,0
602,602,*NOUSE*,*NOUSE*,0,0,0,0,0,0,0,0
603,603,*NOUSE*,*NOUSE*,0,0,0,0,0,0,0,0
604,604,*NOUSE*,*NOUSE*,0,0,0,0,0,0,0,0
605,605,,,92,1229,67,201.00,63.00,39.26,4641,292369.00
606,606,*NOUSE*,*NOUSE*,0,0,0,0,0,0,0,0
607,607,*NOUSE*,*NOUSE*,0,0,0,0,0,0,0,0
608,608,,,93,916,73,88.00,33.30,15.44,5934,197604.00
609,609,*NOUSE*,*NOUSE*,0,0,0,0,0,0,0,0
610,610,*NOUSE*,*NOUSE*,0,0,0,0,0,0,0,0
611,611,*NOUSE*,*NOUSE*,0,0,0,0,0,0,0,0
612,612,*NOUSE*,*NOUSE*,0,0,0,0,0,0,0,0
613,613,*NOUSE*,*NOUSE*,0,0,0,0,0,0,0,0
614,614,*NOUSE*,*NOUSE*,0,0,0,0,0,0,0,0
615,615,*NOUSE*,*NOUSE*,0,0,0,0,0,0,0,0
616,616,*NOUSE*,*NOUSE*,0,0,0,0,0,0,0,0
617,617,*NOUSE*,*NOUSE*,0,0,0,0,0,0,0,0
618,618,,*MANUAL*,65,457,52,211.00,115.84,47.74,895,103676.00
619,619,,*MANUAL*,64,480,52,215.00,121.34,41.39,1365,165631.00
620,620,,*MANUAL*,63,511,51,215.00,101.23,47.59,1365,138178.00
621,621,,*MANUAL*,64,580,48,196.00,115.38,37.16,1365,157495.00
622,622,,*MANUAL*,65,608,48,217.00,99.91,45.20,1365,136375.00
623,623,,*MANUAL*,65,733,44,203.00,117.95,38.88,1323,156054.00
624,624,,*MANUAL*,65,771,43,206.00,114.91,31.58,1365,156850.00
625,625,,*MANUAL*,66,835,42,223.00,116.53,42.73,1365,159059.00
626,626,,*MANUAL*,70,913,38,215.00,82.29,50.61,2103,173062.00
627,627,,*MANUAL*,68,950,40,191.00,110.43,39.23,1365,150741.00
628,628,,*MANUAL*,68,1016,42,231.00,123.99,45.21,1365,169242.00
629,629,,*MANUAL*,68,1044,40,211.00,127.77,34.99,1365,174406.00
630,630,,*MANUAL*,58,962,97,85.00,33.83,12.70,2103,71147.00
631,631,,*MANUAL*,63,911,94,74.00,32.91,13.06,2103,69218.00
632,632,,*MANUAL*$287$286,64,806,60,72.00,27.17,10.86,8462,229872.00
633,633,,*MANUAL*,62,678,81,83.00,31.89,12.44,2103,67068.00
634,634,,*MANUAL*$430$429,74,571,89,103.00,34.47,17.22,5917,203945.00
635,635,,*MANUAL*,60,425,67,137.00,66.45,28.17,1349,89644.00
636,636,,*MANUAL*,46,833,94,190.00,94.80,41.11,1365,129404.00
637,637,,*MANUAL*,45,684,64,216.00,107.32,44.67,1357,145629.00
638,638,,*MANUAL*,52,752,56,180.00,99.53,28.69,895,89077.00
639,639,,*MANUAL*,56,730,62,170.00,77.33,28.25,2103,162616.00
640,640,,*MANUAL*,70,700,62,161.00,87.59,20.91,2103,184200.00
641,641,,*MANUAL*,72,679,62,164.00,88.81,27.41,1365,121227.00
642,642,,*MANUAL*$599$600,91,1061,72,90.00,34.11,15.86,6725,229408.00
643,643,,*MANUAL*$574$577,88,1040,91,94.00,35.63,16.94,5582,198865.00
644,644,,*MANUAL*$597$578,88,951,91,96.00,28.62,12.81,5727,163901.00
645,645,,*MANUAL*$575$565$587,88,782,91,116.00,30.07,14.66,5794,174253.00
646,646,,*MANUAL*$585$584,88,639,87,102.00,31.57,14.85,6906,218049.00
647,647,,*MANUAL*$541$548,85,530,85,110.00,35.02,18.71,5951,208432.00
648,648,,*MANUAL*,91,1100,87,118.00,58.08,16.29,1365,79286.00
649,649,*NOUSE*,*NOUSE*,0,0,0,0,0,0,0,0
650,650,,*MANUAL*$612$594,92,953,64,111.00,37.23,21.12,5810,216320.00
651,651,,*MANUAL*$604$602,93,860,67,100.00,36.16,19.11,5399,195217.00
652,652,,*MANUAL*$509$477,80,506,59,156.00,46.45,28.53,6249,290271.00
653,653,,*MANUAL*$533$557$534,85,461,66,118.00,38.60,21.86,5941,229317.00
654,654,,*MANUAL*,79,398,62,187.00,77.36,33.20,1349,104363.00
655,655,,*MANUAL*$40$41,39,946,80,119.00,35.87,19.17,6994,250900.00
656,656,,*MANUAL*$51$62,41,827,81,121.00,36.61,19.25,5382,197038.00
657,657,,*MANUAL*$132$133,49,509,89,169.00,39.84,22.62,5461,217559.00
658,658,,*MANUAL*,49,375,93,94.00,36.22,16.98,1365,49435.00
659,659,,*MANUAL*$49$59,41,904,65,139.00,43.66,28.21,5016,219009.00
660,660,,*MANUAL*,43,588,73,130.00,73.28,25.31,827,60603.00
661,661,,*MANUAL*$86$94,45,529,72,153.00,44.87,30.12,5632,252696.00
662,662,,*MANUAL*$93$100,46,505,65,148.00,47.67,30.13,5764,274762.00
663,663,,*MANUAL*$96$112,46,452,77,152.00,43.57,27.84,5468,238222.00
664,664,,*MANUAL*,49,958,50,235.00,114.82,49.78,1365,156726.00
665,665,,*MANUAL*,51,587,81,116.00,52.90,23.64,2103,111256.00
666,666,,*MANUAL*,82,756,51,174.00,98.47,30.94,1365,134412.00
667,667,,*MANUAL*,74,271,72,156.00,73.02,24.79,1365,99675.00
668,668,,*MANUAL*,71,254,65,190.00,109.18,40.39,895,97714.00
669,669,,*MANUAL*,73,292,75,219.00,133.74,36.15,895,119697.00
670,670,,*MANUAL*,75,302,85,232.00,145.21,26.87,893,129670.00
671,671,,*MANUAL*,75,315,72,215.00,131.95,31.16,893,117832.00
672,672,,*MANUAL*,77,321,85,222.00,148.32,34.31,895,132748.00
673,673,,*MANUAL*,78,334,77,198.00,128.96,21.10,895,115422.00
674,674,,*MANUAL*,75,335,65,207.00,122.95,39.12,895,110042.00
675,675,,*MANUAL*,76,350,68,178.00,106.81,29.55,1361,145372.00
676,676,,*MANUAL*,77,371,71,191.00,114.88,30.09,895,102815.00
677,677,,*MANUAL*,72,392,69,196.00,121.30,39.01,895,108562.00
678,678,,*MANUAL*,58,251,85,179.00,66.63,31.33,1365,90946.00
679,679,,*MANUAL*,59,259,71,214.00,127.56,38.35,895,114170.00
680,680,,*MANUAL*,60,282,80,225.00,120.19,41.90,1365,164060.00
681,681,,*MANUAL*,59,295,89,222.00,134.59,34.44,895,120458.00
682,682,,*MANUAL*,54,311,78,207.00,128.64,30.73,895,115130.00
683,683,,*MANUAL*,54,321,89,250.00,153.12,47.60,895,137041.00
684,684,,*MANUAL*,54,337,87,204.00,135.26,23.05,895,121062.00
685,685,,*MANUAL*,54,331,72,229.00,144.87,38.94,895,129661.00
686,686,,*MANUAL*,50,349,76,201.00,133.74,27.76,895,119693.00
687,687,,*MANUAL*,50,371,78,236.00,118.17,40.73,1365,161300.00
688,688,,*MANUAL*,61,385,81,206.00,122.23,27.11,858,104873.00
689,689,,*MANUAL*,71,385,81,183.00,113.58,28.51,895,101654.00
690,690,,*MANUAL*,68,361,91,203.00,138.87,27.51,895,124287.00
691,691,,*MANUAL*,67,344,79,238.00,129.66,39.41,1255,162727.00
692,692,,*MANUAL*,64,320,69,172.00,90.98,28.51,1365,124192.00
693,693,*NOUSE*,*NOUSE*,0,0,0,0,0,0,0,0
694,694,,*MANUAL*,66,294,60,160.00,87.90,25.93,891,78322.00
695,695,,*MANUAL*,66,357,63,212.00,113.31,33.27,1365,154662.00
696,696,,*MANUAL*,67,368,56,215.00,138.50,34.84,895,123958.00
697,697,,*MANUAL*,66,384,58,242.00,149.92,38.67,889,133280.00
698,698,,*MANUAL*,55,364,61,222.00,144.16,27.71,895,129020.00
699,699,,*MANUAL*,56,388,61,216.00,150.74,33.95,895,134913.00
700,700,,*MANUAL*,56,404,61,198.00,131.98,27.27,895,118126.00
701,701,,*MANUAL*,69,399,58,229.00,150.94,33.10,895,135088.00
702,702,,*MANUAL*,84,1474,56,137.00,69.88,22.56,1365,95391.00
703,703,,*MANUAL*,80,1304,38,146.00,81.93,25.06,895,73329.00
704,704,,*MANUAL*,85,1291,47,122.00,52.50,18.53,1365,71660.00
705,705,,*MANUAL*$517$510,82,1478,83,116.00,42.99,20.88,5617,241472.00
706,706,,*MANUAL*,79,1456,92,170.00,85.30,30.48,799,68153.00
707,707,,*MANUAL*,84,1390,95,147.00,74.09,23.67,858,63566.00
708,708,,*MANUAL*,81,1319,101,166.00,99.79,26.12,831,82927.00
709,709,,*MANUAL*,75,1308,107,143.00,60.19,27.96,1365,82162.00
710,710,,*MANUAL*,44,1469,55,161.00,85.79,21.78,773,66318.00
711,711,*NOUSE*,*NOUSE*,0,0,0,0,0,0,0,0
712,712,,*MANUAL*,50,1318,36,166.00,73.25,34.76,895,65562.00
713,713,,*MANUAL*,45,1306,43,169.00,88.13,23.30,895,78878.00
714,714,,*MANUAL*,44,1474,81,142.00,68.15,29.81,1365,93024.00
715,715,,*MANUAL*,45,1448,89,184.00,84.77,41.73,839,71120.00
716,716,,*MANUAL*,47,1409,95,156.00,74.40,34.56,1365,101552.00
717,717,,*MANUAL*,40,1376,92,160.00,84.14,29.80,895,75301.00
718,718,,*MANUAL*,48,1327,103,205.00,81.16,42.30,1365,110779.00
719,719,,*MANUAL*$54$53,41,1302,95,196.00,53.65,34.30,5150,276287.00
720,720,,*MANUAL*$490$521,80,1188,43,157.00,62.05,30.67,4850,300963.00
721,721,,*MANUAL*,86,1146,49,169.00,77.80,29.91,1365,106194.00
722,722,,*MANUAL*,85,1114,51,189.00,75.00,36.89,1365,102374.00
723,723,,*MANUAL*$439$396,73,491,53,182.00,53.15,33.95,5425,288353.00
724,724,,*MANUAL*$416$436,75,561,53,161.00,42.21,28.17,5739,242259.00
725,725,,*MANUAL*,74,734,50,179.00,91.30,36.43,1365,124623.00
726,726,,*MANUAL*$522$544,85,1039,50,159.00,45.52,31.11,6397,291177.00
727,727,,*MANUAL*,50,422,68,178.00,93.07,41.38,1365,127039.00
728,728,,*MANUAL*$109$182$165,50,552,58,174.00,43.73,31.49,5813,254174.00
729,729,,*MANUAL*,50,691,55,179.00,95.22,35.74,1365,129980.00
730,730,,*MANUAL*,47,1139,42,193.00,84.04,39.95,1365,114709.00
731,731,,*MANUAL*$472$489,78,692,105,165.00,48.16,32.88,4704,226554.00
732,732,,*MANUAL*$462$448,76,873,109,158.00,46.47,31.56,3990,185405.00
733,733,,*MANUAL*$449$450,75,985,111,153.00,45.98,31.13,4290,197234.00
734,734,,*MANUAL*$488$494,77,1056,107,139.00,42.04,25.85,4517,189906.00
735,735,,*MANUAL*$433$435,74,1149,112,183.00,57.86,35.61,4109,237743.00
736,736,,*MANUAL*$256$278,61,443,101,175.00,47.27,32.40,4833,228475.00
737,737,,*MANUAL*$246$245,60,507,101,190.00,49.22,35.11,4186,206048.00
738,738,,*MANUAL*$158$173,51,861,103,156.00,46.13,31.76,4477,206503.00
739,739,,*MANUAL*$160$161,50,1080,108,179.00,50.97,36.07,4304,219366.00
740,740,,*MANUAL*$119$146,48,1153,107,196.00,62.74,38.59,3700,232124.00
741,741,,*MANUAL*$89$97,45,1052,98,198.00,52.50,39.00,4247,222980.00
742,742,,*MANUAL*,60,353,87,225.00,144.20,30.12,895,129060.00
743,743,,*MANUAL*$258$279,61,349,99,170.00,62.32,35.60,4165,259573.00
744,744,,*MANUAL*,74,349,86,208.00,113.35,26.36,1365,154718.00
745,745,,*MANUAL*,67,280,89,185.00,84.72,37.76,1365,115642.00
746,746,,*MANUAL*,69,246,82,198.00,107.41,36.80,1365,146612.00
747,747,,*MANUAL*,64,239,66,171.00,88.38,30.86,1365,120636.00
748,748,,*MANUAL*,65,152,71,181.00,78.10,30.77,1365,106602.00
749,749,,*MANUAL*,66,135,75,178.00,68.41,47.12,1365,93377.00
750,750,,*MANUAL*$374$388,70,177,77,174.00,43.18,28.17,5168,223177.00
751,751,,*MANUAL*,66,329,86,204.00,127.13,31.50,1365,173536.00
752,752,,*MANUAL*,66,308,90,195.00,112.00,39.17,1365,152883.00
753,753,,*MANUAL*,58,287,64,193.00,110.18,34.75,895,98613.00
754,754,,*MANUAL*,63,1074,98,173.00,93.32,33.09,1365,127376.00
755,755,,*MANUAL*,77,1073,88,201.00,99.90,46.71,895,89413.00
756,756,,*MANUAL*,62,1072,56,247.00,151.31,47.10,895,135424.00
757,757,,*MANUAL*,79,1103,84,179.00,106.07,19.87,895,94937.00
758,758,,*MANUAL*,74,1126,95,216.00,142.62,32.20,895,127647.00
759,759,,*MANUAL*,49,1126,95,224.00,133.16,43.23,895,119175.00
760,760,,*MANUAL*,71,1142,90,208.00,104.27,37.37,895,93326.00
761,761,,*MANUAL*,66,1159,93,201.00,119.63,30.06,859,102765.00
762,762,,*MANUAL*,57,1159,89,200.00,126.69,27.50,895,113387.00
763,763,,*MANUAL*,73,1159,79,195.00,119.65,23.05,895,107084.00
764,764,,*MANUAL*,69,1152,60,247.00,148.14,29.54,760,112587.00
765,765,,*MANUAL*,61,1152,60,235.00,169.05,30.70,895,151303.00
766,766,,*MANUAL*,67,1178,82,175.00,90.97,25.63,895,81414.00
767,767,,*MANUAL*,54,1177,81,165.00,100.48,23.32,895,89931.00
768,768,,*MANUAL*,72,1326,62,225.00,145.38,42.98,895,130116.00
769,769,,*MANUAL*,56,1330,60,246.00,167.62,37.77,831,139295.00
770,770,,*MANUAL*,64,1352,87,228.00,141.87,40.83,895,126973.00
771,771,,*MANUAL*,76,1356,61,185.00,117.07,24.29,895,104777.00
772,772,,*MANUAL*,52,1356,59,222.00,147.16,45.58,895,131706.00
773,773,,*MANUAL*,71,1365,53,160.00,98.40,18.66,888,87383.00
774,774,,*MANUAL*,57,1365,50,209.00,118.89,29.46,895,106408.00
775,775,,*MANUAL*,78,1367,71,184.00,102.80,32.64,894,91907.00
776,776,,*MANUAL*,49,1367,71,201.00,124.65,38.19,895,111563.00
777,777,,*MANUAL*,71,1370,88,211.00,127.00,37.39,875,111124.00
778,778,,*MANUAL*,62,1368,93,246.00,175.01,30.74,806,141059.00
779,779,,*MANUAL*,56,1366,87,238.00,148.65,33.03,895,133043.00
780,780,,*MANUAL*,56,1376,60,239.00,150.45,39.93,853,128336.00
781,781,*NOUSE*,*NOUSE*,0,0,0,0,0,0,0,0
782,782,,*MANUAL*,48,1374,57,245.00,166.67,38.23,778,129666.00
783,783,*NOUSE*,*NOUSE*,0,0,0,0,0,0,0,0
784,784,*NOUSE*,*NOUSE*,0,0,0,0,0,0,0,0
785,785,,*MANUAL*,63,1382,50,192.00,107.52,28.24,855,91927.00
786,786,,*MANUAL*,70,1390,50,250.00,148.99,50.14,895,133345.00
787,787,,*MANUAL*,57,1390,52,234.00,143.26,40.64,895,128222.00
788,788,,*MANUAL*,49,1390,63,247.00,147.87,53.07,885,130867.00
789,789,,*MANUAL*,77,1394,69,178.00,107.67,33.30,885,95284.00
790,790,,*MANUAL*,67,1382,91,233.00,117.48,49.57,821,96451.00
791,791,,*MANUAL*,59,1382,90,248.00,149.62,50.30,895,133908.00
792,792,*NOUSE*,*NOUSE*,0,0,0,0,0,0,0,0
793,793,,*MANUAL*,50,1387,76,225.00,128.56,31.58,895,115063.00
794,794,,*MANUAL*,53,1411,56,228.00,132.64,36.31,895,118712.00
795,795,,*MANUAL*,62,1408,82,165.00,92.21,29.28,895,82530.00
796,796,,*MANUAL*,58,1421,76,169.00,85.55,31.63,895,76567.00
797,797,,*MANUAL*,74,1425,62,161.00,80.97,32.50,895,72471.00
798,798,,*MANUAL*,52,1435,62,189.00,76.88,35.48,895,68811.00
799,799,,*MANUAL*,69,1454,80,137.00,62.44,19.96,633,39522.00
800,800,,*MANUAL*,62,1458,83,164.00,96.61,30.61,1365,131872.00
801,801,*NOUSE*,*NOUSE*,0,0,0,0,0,0,0,0
802,802,,*MANUAL*,57,1457,55,153.00,67.25,22.69,895,60186.00
803,803,,*MANUAL*,77,1464,57,186.00,101.50,35.13,895,90841.00
804,804,,*MANUAL*,51,1470,58,190.00,114.20,38.81,895,102209.00
805,805,,*MANUAL*,63,1485,82,155.00,101.88,23.46,895,91185.00
806,806,,*MANUAL*,63,1502,83,154.00,91.52,26.33,895,81909.00
807,807,,*MANUAL*,64,1525,83,133.00,57.74,28.54,1365,78817.00
808,808,,*MANUAL*,76,1441,55,155.00,100.75,21.76,895,90170.00
809,809,,*MANUAL*,51,1446,56,166.00,96.52,27.15,895,86388.00
810,810,,*MANUAL*,51,1491,57,222.00,120.93,41.77,867,104850.00
811,811,,*MANUAL*,52,1501,58,183.00,90.80,32.52,895,81269.00
812,812,,*MANUAL*,76,1483,57,196.00,117.60,31.64,895,105252.00
813,813,,*MANUAL*,76,1496,57,188.00,102.81,38.40,895,92013.00
814,814,,*MANUAL*$550$528,83,1152,96,135.00,51.04,24.02,4996,255015.00
815,815,,*MANUAL*,94,1153,84,127.00,62.22,20.30,1288,80137.00
816,816,,*MANUAL*,90,1114,83,184.00,121.91,26.66,895,109108.00
817,817,,*MANUAL*,90,1126,69,145.00,88.22,28.50,1365,120419.00
818,818,,*MANUAL*,88,1157,77,220.00,122.77,37.54,895,109881.00
819,819,,*MANUAL*,85,1178,94,216.00,123.48,40.32,895,110519.00
820,820,,*MANUAL*,89,1169,70,192.00,126.05,25.23,895,112818.00
821,821,,*MANUAL*,88,1189,85,178.00,108.85,30.44,895,97418.00
822,822,,*MANUAL*,89,1186,70,190.00,114.07,25.27,895,102091.00
823,823,,*MANUAL*,89,1209,70,140.00,90.03,15.09,1365,122887.00
824,824,,*MANUAL*,89,1211,89,131.00,72.25,20.20,895,64661.00
825,825,,*MANUAL*,91,1250,74,139.00,83.92,16.46,889,74609.00
826,826,,*MANUAL*,87,1259,68,188.00,103.00,35.59,895,92187.00
827,827,,*MANUAL*,87,1276,67,175.00,94.77,31.44,895,84819.00
828,828,,*MANUAL*,86,1254,93,163.00,91.20,28.28,1365,124485.00
829,829,,*MANUAL*,87,1293,85,153.00,84.59,22.15,1365,115466.00
830,830,,*MANUAL*,84,1277,97,209.00,96.97,39.21,895,86788.00
831,831,,*MANUAL*,40,1168,62,229.00,157.47,31.45,895,140935.00
832,832,,*MANUAL*,39,1180,77,233.00,161.01,32.85,891,143458.00
833,833,,*MANUAL*,39,1207,61,174.00,109.90,24.41,1365,150014.00
834,834,,*MANUAL*,39,1208,81,160.00,97.34,23.57,1365,132865.00
835,835,,*MANUAL*,40,1261,60,234.00,123.47,50.76,1365,168534.00
836,836,,*MANUAL*,40,1280,59,246.00,124.44,47.27,895,111374.00
837,837,,*MANUAL*,41,1254,80,166.00,105.35,30.54,895,94286.00
838,838,,*MANUAL*,40,1276,75,223.00,139.90,25.15,895,125210.00
839,839,,*MANUAL*,40,1271,91,213.00,129.60,43.47,894,115866.00
840,840,,*MANUAL*,41,1193,94,237.00,137.45,50.39,895,123019.00
841,841,,*MANUAL*,46,1206,94,198.00,130.03,27.28,809,105191.00
842,842,,*MANUAL*,41,1230,93,223.00,117.53,45.89,1365,160432.00
843,843,,*MANUAL*,47,1242,89,175.00,114.70,25.66,895,102653.00
844,844,,*MANUAL*,82,1209,100,189.00,96.46,39.95,895,86334.00
845,845,,*MANUAL*,85,1233,102,187.00,112.73,26.58,895,100893.00
846,846,,*MANUAL*,78,1245,95,182.00,108.74,22.94,895,97323.00
847,847,,*MANUAL*,81,1180,78,222.00,125.96,33.64,895,112735.00
848,848,,*MANUAL*,81,1200,78,188.00,111.52,29.24,895,99807.00
849,849,,*MANUAL*,80,1217,78,186.00,114.28,29.60,895,102277.00
850,850,,*MANUAL*,78,1260,79,186.00,113.34,25.12,895,101442.00
851,851,,*MANUAL*,75,1272,70,193.00,107.75,30.63,895,96433.00
852,852,,*MANUAL*,47,1176,70,233.00,154.91,32.67,895,138644.00
853,853,,*MANUAL*,47,1196,68,194.00,136.16,26.05,895,121859.00
854,854,,*MANUAL*,46,1265,70,228.00,147.43,34.75,889,131067.00
855,855,,*MANUAL*,52,1272,64,237.00,143.03,38.50,895,128013.00
856,856,,*MANUAL*,75,1185,94,212.00,120.49,35.00,1365,164475.00
857,857,,*MANUAL*,70,1198,100,197.00,124.17,22.39,895,111129.00
858,858,,*MANUAL*,70,1218,103,143.00,84.01,21.79,1365,114671.00
859,859,,*MANUAL*,52,1187,101,197.00,126.10,29.19,895,112862.00
860,860,,*MANUAL*,52,1207,101,227.00,143.42,34.08,895,128363.00
861,861,,*MANUAL*,62,1278,108,208.00,123.04,33.19,872,107294.00
862,862,,*MANUAL*,72,1278,106,231.00,134.28,28.27,895,120177.00
863,863,,*MANUAL*,47,1278,102,232.00,135.85,37.56,895,121586.00
864,864,,*MANUAL*,57,1260,100,192.00,127.37,31.36,895,113993.00
865,865,,*MANUAL*,67,1267,100,245.00,153.45,26.24,894,137180.00
866,866,,*MANUAL*,75,1274,90,233.00,151.94,24.82,895,135983.00
867,867,,*MANUAL*,68,1284,90,240.00,149.80,40.41,895,134074.00
868,868,,*MANUAL*,56,1283,93,237.00,150.22,37.18,895,134451.00
869,869,,*MANUAL*,77,1261,98,206.00,126.72,31.36,895,113417.00
870,870,,*MANUAL*,48,1277,85,233.00,162.41,31.42,895,145359.00
871,871,,*MANUAL*,48,1260,90,215.00,141.73,29.03,895,126845.00
872,872,,*MANUAL*,78,1225,95,203.00,108.76,28.77,895,97338.00
873,873,,*MANUAL*,82,1228,58,234.00,149.58,31.02,895,133874.00
874,874,,*MANUAL*,66,1251,33,198.00,120.83,29.28,895,108145.00
875,875,,*MANUAL*,70,1196,54,100.00,52.30,12.48,1365,71395.00
876,876,,*MANUAL*,73,1209,60,184.00,104.48,31.46,885,92461.00
877,877,,*MANUAL*,65,1261,50,224.00,161.12,21.44,793,127767.00
878,878,,*MANUAL*,74,1260,50,234.00,153.07,32.86,895,136998.00
879,879,,*MANUAL*,55,1260,49,241.00,167.48,30.44,894,149724.00
880,880,,*MANUAL*,71,1274,57,226.00,139.54,37.07,895,124890.00
881,881,,*MANUAL*,55,1278,53,232.00,139.73,49.00,895,125055.00
882,882,,*MANUAL*,81,1269,46,214.00,114.94,37.61,895,102867.00
883,883,,*MANUAL*,48,1270,43,231.00,139.76,31.94,895,125086.00
884,884,,*MANUAL*,49,1250,41,202.00,129.19,30.40,895,115627.00
885,885,,*MANUAL*,83,1247,44,184.00,122.32,27.30,895,109478.00
886,886,,*MANUAL*,80,1250,60,203.00,128.30,32.22,895,114826.00
887,887,,*MANUAL*,49,1252,55,242.00,181.84,24.75,803,146016.00
888,888,,*MANUAL*,56,1247,54,242.00,174.77,30.43,891,155719.00
889,889,,*MANUAL*,63,1239,50,241.00,171.51,26.36,889,152472.00
890,890,,*MANUAL*,74,1239,52,228.00,143.17,35.40,895,128138.00
891,891,,*MANUAL*,71,1226,54,247.00,176.46,34.38,828,146105.00
892,892,,*MANUAL*,63,1222,52,243.00,170.31,29.35,895,152429.00
893,893,,*MANUAL*,57,1231,45,238.00,165.22,34.03,895,147869.00
894,894,,*MANUAL*,46,1229,48,232.00,140.81,43.90,895,126022.00
895,895,,*MANUAL*,82,1228,45,216.00,133.86,31.61,895,119801.00
896,896,,*MANUAL*,82,1211,53,223.00,136.33,31.21,895,122018.00
897,897,,*MANUAL*,51,1214,51,245.00,155.52,35.44,895,139192.00
898,898,,*MANUAL*,52,1230,61,205.00,127.33,27.26,895,113964.00
899,899,,*MANUAL*$379$378,70,1202,39,185.00,68.71,38.10,4701,323006.00
900,900,,*MANUAL*,72,1166,42,253.00,157.92,36.25,895,141341.00
901,901,,*MANUAL*,60,1161,41,250.00,180.20,35.94,895,161277.00
902,902,,*MANUAL*,68,1152,41,251.00,177.88,48.27,895,159203.00
903,903,,*MANUAL*,60,1142,41,235.00,166.74,38.41,895,149228.00
904,904,,*MANUAL*,68,1133,38,204.00,141.72,30.16,895,126836.00
905,905,,*MANUAL*,59,1116,38,217.00,141.26,37.25,855,120777.00
906,906,,*MANUAL*,76,1118,41,229.00,134.02,35.95,895,119947.00
907,907,,*MANUAL*,73,1093,38,204.00,132.10,32.11,895,118227.00
908,908,,*MANUAL*,67,1111,35,208.00,140.62,26.19,895,125853.00
909,909,,*MANUAL*,77,1142,42,211.00,141.04,29.85,895,126232.00
910,910,,*MANUAL*,94,1322,76,116.00,65.50,17.31,895,58621.00
911,911,,*MANUAL*,90,1337,80,208.00,126.56,34.17,881,111497.00
912,912,,*MANUAL*,88,1348,68,161.00,106.25,23.06,895,95093.00
913,913,,*MANUAL*,91,1367,75,155.00,91.87,29.27,1365,125399.00
914,914,,*MANUAL*,85,1335,57,179.00,107.34,30.70,895,96068.00
915,915,,*MANUAL*,87,1387,63,190.00,127.05,24.69,821,104311.00
916,916,,*MANUAL*,90,1364,64,198.00,124.96,31.97,895,111837.00
917,917,,*MANUAL*,84,1312,78,194.00,117.86,29.99,895,105482.00
918,918,,*MANUAL*,83,1310,90,184.00,90.91,36.06,895,81364.00
919,919,,*MANUAL*,79,1329,92,219.00,138.03,35.91,891,122981.00
920,920,,*MANUAL*,80,1345,93,222.00,146.21,32.55,895,130861.00
921,921,,*MANUAL*,80,1324,78,191.00,128.38,22.52,895,114901.00
922,922,,*MANUAL*,80,1340,82,194.00,128.93,24.86,895,115393.00
923,923,,*MANUAL*,80,1362,95,184.00,121.61,33.10,799,97164.00
924,924,,*MANUAL*,88,1315,67,166.00,89.13,24.66,895,79775.00
925,925,,*MANUAL*,81,1321,59,191.00,112.60,37.61,895,100776.00
926,926,,*MANUAL*,84,1301,58,168.00,81.97,30.33,895,73359.00
927,927,,*MANUAL*,75,1311,46,207.00,130.24,30.14,895,116567.00
928,928,,*MANUAL*,67,1301,39,242.00,119.98,37.68,895,107383.00
929,929,,*MANUAL*,50,1315,49,237.00,141.19,39.68,895,126367.00
930,930,,*MANUAL*,61,1311,43,236.00,150.59,40.74,895,134779.00
931,931,,*MANUAL*$6$9,34,1131,73,137.00,46.52,25.68,5811,270308.00
932,932,,*MANUAL*,34,1330,65,149.00,85.07,25.85,879,74776.00
933,933,,*MANUAL*,42,1325,60,210.00,138.76,24.41,889,123356.00
934,934,,*MANUAL*,35,1356,72,231.00,143.07,40.12,895,128051.00
935,935,,*MANUAL*,35,1382,65,183.00,114.62,29.80,895,102586.00
936,936,,*MANUAL*,39,1359,61,209.00,138.97,34.08,895,124375.00
937,937,,*MANUAL*,39,1372,57,231.00,150.43,33.37,895,134636.00
938,938,,*MANUAL*,40,1392,59,240.00,146.59,43.31,895,131197.00
939,939,,*MANUAL*,43,1316,72,212.00,143.78,30.36,895,128682.00
940,940,,*MANUAL*,43,1314,85,207.00,114.14,34.45,895,102153.00
941,941,,*MANUAL*,44,1330,87,225.00,157.09,33.90,895,140592.00
942,942,,*MANUAL*,44,1344,88,245.00,160.22,49.79,895,143399.00
943,943,,*MANUAL*,45,1331,73,213.00,141.21,30.79,895,126379.00
944,944,,*MANUAL*,44,1345,77,215.00,135.45,34.21,895,121224.00
945,945,,*MANUAL*,42,1365,84,234.00,140.67,43.85,895,125901.00
946,946,,*MANUAL*,42,1341,59,241.00,141.70,35.45,895,126819.00
947,947,,*MANUAL*,79,1386,59,210.00,126.47,33.15,895,113194.00
948,948,,*MANUAL*,79,1334,44,213.00,129.33,41.45,895,115748.00
949,949,,*MANUAL*,49,1331,54,233.00,148.13,29.95,895,132575.00
950,950,,*MANUAL*,49,1346,49,230.00,129.01,41.18,895,115462.00
951,951,,*MANUAL*,68,1323,43,235.00,157.08,34.32,895,140584.00
952,952,,*MANUAL*,67,1337,43,226.00,136.30,36.94,895,121987.00
953,953,,*MANUAL*,57,1326,43,241.00,155.38,37.17,895,139065.00
954,954,,*MANUAL*,73,1347,40,208.00,128.38,32.41,895,114904.00
955,955,,*MANUAL*,59,1345,39,220.00,110.24,46.49,895,98667.00
956,956,,*MANUAL*,81,1351,48,208.00,101.89,43.19,895,91191.00
957,957,,*MANUAL*,47,1362,43,154.00,94.69,24.70,895,84752.00
958,958,,*MANUAL*,92,1430,70,162.00,79.41,22.00,895,71070.00
959,959,,*MANUAL*,88,1363,91,179.00,94.68,41.56,895,84738.00
960,960,,*MANUAL*,90,1382,84,206.00,120.56,33.17,861,103798.00
961,961,,*MANUAL*,89,1403,81,182.00,110.14,33.44,859,94612.00
962,962,,*MANUAL*,84,1390,85,232.00,144.03,37.25,895,128911.00
963,963,,*MANUAL*,86,1468,71,164.00,95.57,20.86,895,85532.00
964,964,,*MANUAL*,84,1451,78,163.00,79.69,30.50,1365,108781.00
965,965,,*MANUAL*,78,1430,78,197.00,117.72,33.00,895,105358.00
966,966,,*MANUAL*,87,1422,79,178.00,94.35,33.59,895,84442.00
967,967,,*MANUAL*,87,1451,61,181.00,82.84,39.69,895,74141.00
968,968,,*MANUAL*,86,1435,60,209.00,111.25,29.06,895,99573.00
969,969,,*MANUAL*,83,1421,53,173.00,104.82,29.46,895,93817.00
970,970,,*MANUAL*,84,1409,56,185.00,120.38,27.66,895,107742.00
971,971,,*MANUAL*,88,1402,68,173.00,105.51,26.15,895,94430.00
972,972,,*MANUAL*,35,1376,77,248.00,137.04,43.32,895,122650.00
973,973,,*MANUAL*,40,1391,81,250.00,143.24,50.15,895,128196.00
974,974,,*MANUAL*,37,1404,76,225.00,130.67,46.48,839,109632.00
975,975,,*MANUAL*,42,1405,55,199.00,120.33,36.96,895,107694.00
976,976,,*MANUAL*,44,1419,51,211.00,119.13,38.45,895,106618.00
977,977,,*MANUAL*,36,1422,66,152.00,79.84,28.78,895,71458.00
978,978,,*MANUAL*,39,1457,74,220.00,112.87,43.20,895,101021.00
979,979,,*MANUAL*,40,1440,77,195.00,109.48,35.56,895,97987.00
980,980,,*MANUAL*,45,1429,77,218.00,143.31,37.80,895,128266.00
981,981,,*MANUAL*,45,1408,79,244.00,160.63,40.89,895,143766.00
982,982,,*MANUAL*,41,1456,64,198.00,98.32,34.68,895,87995.00
983,983,,*MANUAL*,41,1432,60,205.00,127.67,31.83,895,114269.00
984,984,,*MANUAL*,70,1482,42,192.00,94.11,38.59,889,83661.00
985,985,,*MANUAL*,61,1487,42,171.00,95.14,32.72,895,85150.00
986,986,,*MANUAL*,66,1467,42,196.00,104.81,37.86,883,92546.00
987,987,,*MANUAL*,57,1461,42,180.00,105.31,34.68,895,94248.00
988,988,,*MANUAL*,70,1451,41,209.00,106.18,42.25,889,94392.00
989,989,,*MANUAL*,59,1446,40,201.00,107.90,39.93,895,96574.00
990,990,,*MANUAL*,72,1431,40,225.00,86.82,47.74,895,77702.00
991,991,,*MANUAL*,62,1432,36,169.00,90.51,28.80,895,81002.00
992,992,,*MANUAL*$295$304,64,1401,36,136.00,53.80,26.81,4048,217773.00
993,993,,*MANUAL*,66,1359,30,135.00,63.83,22.59,895,57124.00
994,994,,*MANUAL*$332$333,67,1323,30,126.00,50.14,22.20,2984,149607.00
995,995,,*MANUAL*,59,1497,93,217.00,95.95,41.08,895,85871.00
996,996,,*MANUAL*,71,1482,94,173.00,102.39,30.41,895,91640.00
997,997,,*MANUAL*,54,1470,94,227.00,128.65,37.78,895,115139.00
998,998,,*MANUAL*,71,1453,94,208.00,136.60,33.22,895,122254.00
999,999,,*MANUAL*,52,1448,93,226.00,147.47,43.45,895,131990.00
1000,1000,,*MANUAL*,62,1250,114,116.00,50.82,21.19,2047,104031.00
1001,1001,,*MANUAL*$411$292,66,1397,101,168.00,60.14,33.84,4556,273980.00
1002,1002,,*MANUAL*,62,1319,99,248.00,167.78,28.16,836,140263.00
1003,1003,,*MANUAL*,72,1319,99,214.00,139.11,27.48,895,124501.00
1004,1004,,*MANUAL*,53,1320,94,243.00,147.43,33.82,895,131953.00
1005,1005,,*MANUAL*,70,1334,94,220.00,162.36,29.85,895,145310.00
1006,1006,,*MANUAL*,55,1334,92,243.00,164.70,38.51,895,147403.00
1007,1007,,*MANUAL*,49,1356,95,202.00,121.42,35.63,895,108670.00
1008,1008,,*MANUAL*,80,1407,81,210.00,135.37,30.70,895,121156.00
1009,1009,,*MANUAL*,59,1180,55,248.00,178.43,33.77,895,159694.00
1010,1010,,*MANUAL*,70,1175,56,244.00,162.62,40.42,895,145549.00
1011,1011,,*MANUAL*,82,1175,56,242.00,151.76,39.80,895,135825.00
1012,1012,,*MANUAL*,52,1190,52,242.00,160.16,37.66,895,143339.00
1013,1013,,*MANUAL*,51,1172,47,206.00,126.29,39.05,895,113030.00
1014,1014,*NOUSE*,*NOUSE*,0,0,0,0,0,0,0,0
1015,1015,,*MANUAL*,71,1454,53,115.00,62.68,16.17,895,56095.00
1016,1016,,*MANUAL*,63,302,73,176.00,111.72,25.97,895,99992.00
1017,1017,,*MANUAL*,73,1388,80,168.00,97.77,22.68,895,87503.00
1018,1018,,*MANUAL*$69$67,42,666,73,153.00,43.80,27.59,5611,245755.00
1019,1019,,*MANUAL*,81,361,85,110.00,53.36,19.22,1365,72835.00
1020,1020,,*MANUAL*$70$63,42,726,90,112.00,35.93,19.69,5596,201054.00
1021,1021,,*MANUAL*,68,1244,106,168.00,110.56,21.07,895,98950.00
1022,1022,,*MANUAL*$280$293,62,1346,106,134.00,51.64,23.01,4990,257692.00
1023,1023,,*MANUAL*$460$434,76,811,106,165.00,45.64,31.56,4044,184569.00
1024,1024,*NOUSE*,*NOUSE*,0,0,0,0,0,0,0,0
1025,1025,,*MANUAL*$1024$294,61,931,114,119.00,37.12,20.01,4955,183938.00
1026,1026,,*MANUAL*$209$196,54,1196,112,184.00,65.26,35.99,3274,213674.00
1027,1027,f1,*MANUAL*,62,1044,78,12.00, 2.10, 1.72,895,1876.00
1028,1028,f2,*MANUAL*,62,1113,76,17.00, 5.17, 2.65,895,4631.00
1029,1029,f3,*MANUAL*,62,1014,73,18.00, 3.53, 2.43,895,3163.00
1030,1030,f4,*MANUAL*,62,982,75,10.00, 1.04, 1.38,895,927.00
1031,1031,f5,*MANUAL*,62,951,74, 8.00, 1.93, 1.55,895,1729.00
1032,1032,f6,*MANUAL*,62,925,72,10.00, 1.33, 1.42,895,1187.00
1033,1033,f7,*MANUAL*,62,871,74, 7.00, 0.93, 1.25,895,835.00
1034,1034,f8,*MANUAL*,62,820,75,18.00, 1.62, 1.69,895,1447.00
1035,1035,f9,*MANUAL*,62,789,76,11.00, 1.21, 1.56,895,1087.00
1036,1036,f10,*MANUAL*,62,743,75,14.00, 2.57, 2.13,895,2299.00
1037,1037,,*MANUAL*,77,1372,59,223.00,139.59,35.87,895,124934.00
1038,1038,,*MANUAL*,49,1394,37,148.00,73.83,29.37,1365,100777.00
1039,1039,,*MANUAL*,51,1406,44,220.00,119.06,48.33,895,106556.00
