0,0,*NOUSE*,*NOUSE*,0,0,0,0,0,0,0,0
1,1,*NOUSE*,*NOUSE*,0,0,0,0,0,0,0,0
2,2,*NOUSE*,*NOUSE*,0,0,0,0,0,0,0,0
3,3,,,34,1364,66,175.00,66.25,39.70,4828,319844
4,4,,,34,1248,72,187.00,74.89,43.40,4204,314835
5,5,,,35,1133,75,189.00,58.17,40.98,5905,343466
6,6,*NOUSE*,*NOUSE*,0,0,0,0,0,0,0,0
7,7,,,36,1234,58,190.00,80.10,43.89,5106,408982
8,8,,,37,1272,60,208.00,78.40,47.29,4049,317433
9,9,*NOUSE*,*NOUSE*,0,0,0,0,0,0,0,0
10,10,,,36,1158,67,224.00,83.64,53.27,3707,310071
11,11,,,36,1380,71,222.00,91.55,52.30,3426,313643
12,12,,,35,1394,70,238.00,91.18,49.67,3207,292424
13,13,,,36,1231,75,218.00,79.60,49.69,4603,366380
14,14,,,35,1152,79,212.00,77.34,48.04,4041,312522
15,15,,,36,1140,50,138.00,44.07,27.68,7070,311585
16,16,*NOUSE*,*NOUSE*,0,0,0,0,0,0,0,0
17,17,*NOUSE*,*NOUSE*,0,0,0,0,0,0,0,0
18,18,,,36,1421,62,137.00,55.06,25.12,4789,263681
19,19,*NOUSE*,*NOUSE*,0,0,0,0,0,0,0,0
20,20,*NOUSE*,*NOUSE*,0,0,0,0,0,0,0,0
21,21,,,37,1260,79,250.00,98.78,55.93,3356,331495
22,22,,,38,1185,48,224.00,90.63,56.79,2552,231285
23,23,,,38,1171,54,222.00,78.43,54.22,3829,300297
24,24,,,38,1288,58,190.00,66.88,42.19,4681,313070
25,25,*NOUSE*,*NOUSE*,0,0,0,0,0,0,0,0
26,26,,,38,1169,74,239.00,91.73,50.88,3931,360586
27,27,*NOUSE*,*NOUSE*,0,0,0,0,0,0,0,0
28,28,*NOUSE*,*NOUSE*,0,0,0,0,0,0,0,0
29,29,,,36,711,79,250.00,103.19,58.12,2891,298321
30,30,*NOUSE*,*NOUSE*,0,0,0,0,0,0,0,0
31,31,*NOUSE*,*NOUSE*,0,0,0,0,0,0,0,0
32,32,*NOUSE*,*NOUSE*,0,0,0,0,0,0,0,0
33,33,*NOUSE*,*NOUSE*,0,0,0,0,0,0,0,0
34,34,,,35,673,73,168.00,75.30,31.51,2598,195617
35,35,,,39,1198,41,229.00,89.88,57.18,2507,225324
36,36,,,39,1235,45,227.00,81.29,54.13,3567,289944
37,37,*NOUSE*,*NOUSE*,0,0,0,0,0,0,0,0
38,38,,,38,999,60,154.00,62.71,29.80,3483,218413
39,39,*NOUSE*,*NOUSE*,0,0,0,0,0,0,0,0
40,40,,,39,1350,71,215.00,92.32,49.54,2787,257302
41,41,*NOUSE*,*NOUSE*,0,0,0,0,0,0,0,0
42,42,,,39,1359,77,228.00,101.03,53.60,2084,210549
43,43,,,35,635,79,170.00,82.23,30.42,2491,204838
44,44,*NOUSE*,*NOUSE*,0,0,0,0,0,0,0,0
45,45,*NOUSE*,*NOUSE*,0,0,0,0,0,0,0,0
46,46,,,37,1380,54,201.00,94.91,41.80,1964,186404
47,47,,,37,760,50,132.00,53.61,25.15,3203,171712
48,48,*NOUSE*,*NOUSE*,0,0,0,0,0,0,0,0
49,49,*NOUSE*,*NOUSE*,0,0,0,0,0,0,0,0
50,50,,,40,1052,56,116.00,47.61,22.77,4881,232389
51,51,*NOUSE*,*NOUSE*,0,0,0,0,0,0,0,0
52,52,*NOUSE*,*NOUSE*,0,0,0,0,0,0,0,0
53,53,*NOUSE*,*NOUSE*,0,0,0,0,0,0,0,0
54,54,,,42,1339,77,234.00,96.74,53.06,3580,346341
55,55,,,40,1045,70,119.00,49.37,20.28,5157,254585
56,56,,,38,1186,77,212.00,107.18,48.48,1459,156380
57,57,*NOUSE*,*NOUSE*,0,0,0,0,0,0,0,0
58,58,*NOUSE*,*NOUSE*,0,0,0,0,0,0,0,0
59,59,*NOUSE*,*NOUSE*,0,0,0,0,0,0,0,0
60,60,,,43,1201,52,217.00,98.57,47.14,3958,390134
61,61,*NOUSE*,*NOUSE*,0,0,0,0,0,0,0,0
62,62,*NOUSE*,*NOUSE*,0,0,0,0,0,0,0,0
63,63,,,42,569,64,163.00,44.61,30.00,6485,289323
64,64,,,40,1462,66,148.00,57.08,35.49,3681,210115
65,65,*NOUSE*,*NOUSE*,0,0,0,0,0,0,0,0
66,66,,,39,949,79,171.00,73.86,34.45,3407,251634
67,67,*NOUSE*,*NOUSE*,0,0,0,0,0,0,0,0
68,68,,,44,1368,94,175.00,58.92,35.84,5164,304267
69,69,*NOUSE*,*NOUSE*,0,0,0,0,0,0,0,0
70,70,,,43,1216,41,198.00,82.58,50.21,3815,315027
71,71,*NOUSE*,*NOUSE*,0,0,0,0,0,0,0,0
72,72,,,43,1416,52,195.00,78.64,40.37,3051,239927
73,73,*NOUSE*,*NOUSE*,0,0,0,0,0,0,0,0
74,74,,,42,1487,63,154.00,58.93,31.11,3395,200069
75,75,,,40,903,68,157.00,64.85,24.81,2780,180281
76,76,,,41,1087,67,244.00,96.74,57.18,2811,271939
77,77,,,43,814,86,208.00,62.75,46.84,5587,350597
78,78,,,44,1049,91,176.00,53.85,34.30,7312,393728
79,79,*NOUSE*,*NOUSE*,0,0,0,0,0,0,0,0
80,80,,,41,964,54,120.00,44.69,20.21,4102,183301
81,81,,,43,1307,53,169.00,65.39,38.78,3669,239933
82,82,,,44,1317,60,206.00,82.84,47.22,3257,269798
83,83,,,45,1221,65,216.00,91.20,50.46,3453,314920
84,84,,,43,538,69,143.00,46.53,30.97,5936,276207
85,85,*NOUSE*,*NOUSE*,0,0,0,0,0,0,0,0
86,86,*NOUSE*,*NOUSE*,0,0,0,0,0,0,0,0
87,87,*NOUSE*,*NOUSE*,0,0,0,0,0,0,0,0
88,88,,,45,1272,90,223.00,103.14,49.51,2916,300749
89,89,,,44,1257,96,229.00,85.35,47.75,3495,298292
90,90,,,44,842,40,241.00,71.56,54.80,3796,271660
91,91,*NOUSE*,*NOUSE*,0,0,0,0,0,0,0,0
92,92,*NOUSE*,*NOUSE*,0,0,0,0,0,0,0,0
93,93,,,45,1120,54,193.00,67.15,45.29,4225,283699
94,94,,,46,1434,53,166.00,56.87,35.89,4947,281323
95,95,,,45,1349,57,212.00,93.91,41.18,3398,319094
96,96,*NOUSE*,*NOUSE*,0,0,0,0,0,0,0,0
97,97,,,41,1408,82,196.00,86.79,41.43,2714,235539
98,98,,,45,739,89,212.00,69.12,48.06,5249,362812
99,99,*NOUSE*,*NOUSE*,0,0,0,0,0,0,0,0
100,100,,,45,1113,88,199.00,70.10,48.26,5140,360327
101,101,,,44,1220,91,218.00,94.39,50.40,2933,276852
102,102,,,46,1331,47,220.00,90.48,53.82,3372,305104
103,103,*NOUSE*,*NOUSE*,0,0,0,0,0,0,0,0
104,104,,,46,1022,63,211.00,63.85,51.52,4376,279399
105,105,,,44,1523,65,83.00,33.44,19.03,5161,172573
106,106,,,47,682,82,234.00,70.34,45.64,4819,338953
107,107,*NOUSE*,*NOUSE*,0,0,0,0,0,0,0,0
108,108,*NOUSE*,*NOUSE*,0,0,0,0,0,0,0,0
109,109,,,44,1420,85,189.00,90.89,39.38,2082,189229
110,110,,,46,1328,86,188.00,73.89,44.45,3381,249812
111,111,,,47,1178,84,244.00,102.47,51.25,3751,384355
112,112,*NOUSE*,*NOUSE*,0,0,0,0,0,0,0,0
113,113,,,47,693,40,193.00,53.17,42.09,4965,264002
114,114,*NOUSE*,*NOUSE*,0,0,0,0,0,0,0,0
115,115,*NOUSE*,*NOUSE*,0,0,0,0,0,0,0,0
116,116,,,48,1157,54,197.00,69.22,43.35,4573,316555
117,117,,,47,1264,66,219.00,98.73,48.30,3422,337856
118,118,,,47,1119,70,181.00,56.64,37.60,5582,316149
119,119,*NOUSE*,*NOUSE*,0,0,0,0,0,0,0,0
120,120,,,47,925,88,202.00,52.04,40.87,6440,335134
121,121,,,46,782,90,253.00,83.16,65.43,4088,339949
122,122,,,45,1239,94,235.00,112.63,48.77,2166,243950
123,123,*NOUSE*,*NOUSE*,0,0,0,0,0,0,0,0
124,124,*NOUSE*,*NOUSE*,0,0,0,0,0,0,0,0
125,125,*NOUSE*,*NOUSE*,0,0,0,0,0,0,0,0
126,126,*NOUSE*,*NOUSE*,0,0,0,0,0,0,0,0
127,127,,,48,812,35,197.00,56.45,41.43,4560,257392
128,128,*NOUSE*,*NOUSE*,0,0,0,0,0,0,0,0
129,129,*NOUSE*,*NOUSE*,0,0,0,0,0,0,0,0
130,130,,,45,519,51,134.00,51.60,22.95,3402,175544
131,131,,,43,462,62,140.00,64.93,29.05,2251,146166
132,132,,,48,1369,81,201.00,76.75,43.68,4105,315071
133,133,,,48,859,90,232.00,59.05,47.30,5688,335878
134,134,,,48,1166,90,202.00,82.80,45.94,4117,340897
135,135,,,48,1086,92,166.00,59.95,40.78,5291,317175
136,136,*NOUSE*,*NOUSE*,0,0,0,0,0,0,0,0
137,137,,,48,631,41,172.00,49.34,38.23,5350,263955
138,138,*NOUSE*,*NOUSE*,0,0,0,0,0,0,0,0
139,139,,,47,1243,69,234.00,93.81,51.26,3790,355546
140,140,,,49,410,79,218.00,52.40,43.92,5783,303043
141,141,,,47,457,81,202.00,51.58,41.03,5414,279280
142,142,,,47,1253,79,238.00,115.28,57.44,2340,269755
143,143,*NOUSE*,*NOUSE*,0,0,0,0,0,0,0,0
144,144,*NOUSE*,*NOUSE*,0,0,0,0,0,0,0,0
145,145,*NOUSE*,*NOUSE*,0,0,0,0,0,0,0,0
146,146,*NOUSE*,*NOUSE*,0,0,0,0,0,0,0,0
147,147,,,48,1185,41,233.00,92.63,55.93,3650,338102
148,148,*NOUSE*,*NOUSE*,0,0,0,0,0,0,0,0
149,149,,,51,1276,40,225.00,96.46,52.17,3249,313409
150,150,*NOUSE*,*NOUSE*,0,0,0,0,0,0,0,0
151,151,*NOUSE*,*NOUSE*,0,0,0,0,0,0,0,0
152,152,,,50,1222,51,180.00,90.26,43.16,3128,282334
153,153,*NOUSE*,*NOUSE*,0,0,0,0,0,0,0,0
154,154,,,48,1330,63,217.00,92.14,47.53,2859,263424
155,155,*NOUSE*,*NOUSE*,0,0,0,0,0,0,0,0
156,156,*NOUSE*,*NOUSE*,0,0,0,0,0,0,0,0
157,157,*NOUSE*,*NOUSE*,0,0,0,0,0,0,0,0
158,158,*NOUSE*,*NOUSE*,0,0,0,0,0,0,0,0
159,159,*NOUSE*,*NOUSE*,0,0,0,0,0,0,0,0
160,160,*NOUSE*,*NOUSE*,0,0,0,0,0,0,0,0
161,161,,,50,771,36,202.00,54.23,42.52,4332,234911
162,162,*NOUSE*,*NOUSE*,0,0,0,0,0,0,0,0
163,163,*NOUSE*,*NOUSE*,0,0,0,0,0,0,0,0
164,164,*NOUSE*,*NOUSE*,0,0,0,0,0,0,0,0
165,165,,,49,1142,70,183.00,63.13,41.40,4391,277217
166,166,*NOUSE*,*NOUSE*,0,0,0,0,0,0,0,0
167,167,,,51,321,75,223.00,84.07,51.28,3222,270866
168,168,,,51,541,88,181.00,48.17,37.67,6359,306316
169,169,*NOUSE*,*NOUSE*,0,0,0,0,0,0,0,0
170,170,*NOUSE*,*NOUSE*,0,0,0,0,0,0,0,0
171,171,*NOUSE*,*NOUSE*,0,0,0,0,0,0,0,0
172,172,,,52,1089,30,170.00,42.81,32.85,5672,242825
173,173,,,51,1030,43,128.00,49.11,21.31,3857,189409
174,174,*NOUSE*,*NOUSE*,0,0,0,0,0,0,0,0
175,175,,,54,561,45,212.00,49.61,37.53,6393,317169
176,176,,,49,1238,54,208.00,95.76,47.78,3390,324623
177,177,*NOUSE*,*NOUSE*,0,0,0,0,0,0,0,0
178,178,,,52,364,83,226.00,95.28,55.19,3532,336533
179,179,*NOUSE*,*NOUSE*,0,0,0,0,0,0,0,0
180,180,,,51,607,97,221.00,66.38,52.02,4990,331214
181,181,*NOUSE*,*NOUSE*,0,0,0,0,0,0,0,0
182,182,*NOUSE*,*NOUSE*,0,0,0,0,0,0,0,0
183,183,,,53,880,31,202.00,53.10,40.23,4769,253230
184,184,,,51,1145,44,222.00,78.29,53.82,3821,299150
185,185,*NOUSE*,*NOUSE*,0,0,0,0,0,0,0,0
186,186,*NOUSE*,*NOUSE*,0,0,0,0,0,0,0,0
187,187,,,51,361,67,220.00,67.55,51.41,3978,268731
188,188,,,52,1443,70,151.00,46.28,32.94,4280,198087
189,189,*NOUSE*,*NOUSE*,0,0,0,0,0,0,0,0
190,190,*NOUSE*,*NOUSE*,0,0,0,0,0,0,0,0
191,191,*NOUSE*,*NOUSE*,0,0,0,0,0,0,0,0
192,192,*NOUSE*,*NOUSE*,0,0,0,0,0,0,0,0
193,193,*NOUSE*,*NOUSE*,0,0,0,0,0,0,0,0
194,194,*NOUSE*,*NOUSE*,0,0,0,0,0,0,0,0
195,195,*NOUSE*,*NOUSE*,0,0,0,0,0,0,0,0
196,196,*NOUSE*,*NOUSE*,0,0,0,0,0,0,0,0
197,197,*NOUSE*,*NOUSE*,0,0,0,0,0,0,0,0
198,198,*NOUSE*,*NOUSE*,0,0,0,0,0,0,0,0
199,199,*NOUSE*,*NOUSE*,0,0,0,0,0,0,0,0
200,200,,,49,1397,58,166.00,85.14,28.29,2719,231498
201,201,,,53,649,52,101.00,41.92,17.56,4658,195278
202,202,*NOUSE*,*NOUSE*,0,0,0,0,0,0,0,0
203,203,*NOUSE*,*NOUSE*,0,0,0,0,0,0,0,0
204,204,,,49,1159,70,254.00,114.13,63.82,2835,323552
205,205,*NOUSE*,*NOUSE*,0,0,0,0,0,0,0,0
206,206,*NOUSE*,*NOUSE*,0,0,0,0,0,0,0,0
207,207,,,52,389,84,239.00,89.38,58.24,3220,287798
208,208,,,53,583,95,244.00,71.07,52.93,5043,358392
209,209,*NOUSE*,*NOUSE*,0,0,0,0,0,0,0,0
210,210,,,54,1201,41,196.00,76.48,44.24,4828,369267
211,211,*NOUSE*,*NOUSE*,0,0,0,0,0,0,0,0
212,212,,,54,1382,88,158.00,72.64,27.94,3591,260867
213,213,*NOUSE*,*NOUSE*,0,0,0,0,0,0,0,0
214,214,,,55,1156,98,242.00,97.03,58.59,2496,242197
215,215,,,58,1299,99,223.00,67.28,47.32,4348,292536
216,216,*NOUSE*,*NOUSE*,0,0,0,0,0,0,0,0
217,217,*NOUSE*,*NOUSE*,0,0,0,0,0,0,0,0
218,218,*NOUSE*,*NOUSE*,0,0,0,0,0,0,0,0
219,219,*NOUSE*,*NOUSE*,0,0,0,0,0,0,0,0
220,220,*NOUSE*,*NOUSE*,0,0,0,0,0,0,0,0
221,221,,,56,1106,80,253.00,88.76,56.29,3460,307102
222,222,*NOUSE*,*NOUSE*,0,0,0,0,0,0,0,0
223,223,,,54,483,90,218.00,64.54,50.08,4588,296117
224,224,,,55,461,90,228.00,77.04,54.37,4087,314846
225,225,*NOUSE*,*NOUSE*,0,0,0,0,0,0,0,0
226,226,,,56,1222,40,171.00,67.82,39.80,4965,336739
227,227,*NOUSE*,*NOUSE*,0,0,0,0,0,0,0,0
228,228,*NOUSE*,*NOUSE*,0,0,0,0,0,0,0,0
229,229,*NOUSE*,*NOUSE*,0,0,0,0,0,0,0,0
230,230,*NOUSE*,*NOUSE*,0,0,0,0,0,0,0,0
231,231,,,57,373,57,197.00,67.64,47.49,2743,185527
232,232,*NOUSE*,*NOUSE*,0,0,0,0,0,0,0,0
233,233,*NOUSE*,*NOUSE*,0,0,0,0,0,0,0,0
234,234,*NOUSE*,*NOUSE*,0,0,0,0,0,0,0,0
235,235,*NOUSE*,*NOUSE*,0,0,0,0,0,0,0,0
236,236,,,55,1187,85,247.00,110.21,56.37,2929,322798
237,237,,,55,590,81,96.00,39.09,20.37,1925,75253
238,238,*NOUSE*,*NOUSE*,0,0,0,0,0,0,0,0
239,239,,,56,519,90,232.00,63.51,53.75,5071,322044
240,240,*NOUSE*,*NOUSE*,0,0,0,0,0,0,0,0
241,241,,,57,773,95,238.00,75.31,53.42,5128,386203
242,242,*NOUSE*,*NOUSE*,0,0,0,0,0,0,0,0
243,243,,,55,1480,41,171.00,71.90,45.81,1966,141354
244,244,,,55,497,43,190.00,52.27,40.54,4760,248797
245,245,,,57,442,45,184.00,45.58,37.67,5431,247550
246,246,,,56,403,52,138.00,56.80,24.46,3222,183021
247,247,,,60,348,53,211.00,67.00,48.60,4227,283221
248,248,*NOUSE*,*NOUSE*,0,0,0,0,0,0,0,0
249,249,*NOUSE*,*NOUSE*,0,0,0,0,0,0,0,0
250,250,*NOUSE*,*NOUSE*,0,0,0,0,0,0,0,0
251,251,*NOUSE*,*NOUSE*,0,0,0,0,0,0,0,0
252,252,,,55,250,59,138.00,56.14,24.69,2572,144402
253,253,*NOUSE*,*NOUSE*,0,0,0,0,0,0,0,0
254,254,*NOUSE*,*NOUSE*,0,0,0,0,0,0,0,0
255,255,*NOUSE*,*NOUSE*,0,0,0,0,0,0,0,0
256,256,,,56,1547,77,101.00,37.21,22.88,3730,138783
257,257,,,55,1278,83,249.00,111.26,60.48,2388,265695
258,258,,,57,825,93,246.00,81.43,57.18,3894,317077
259,259,,,58,1525,91,149.00,48.52,32.28,3563,172872
260,260,*NOUSE*,*NOUSE*,0,0,0,0,0,0,0,0
261,261,*NOUSE*,*NOUSE*,0,0,0,0,0,0,0,0
262,262,,,54,1124,95,249.00,97.89,58.50,3120,305421
263,263,,,57,740,99,246.00,74.98,55.57,4581,343501
264,264,*NOUSE*,*NOUSE*,0,0,0,0,0,0,0,0
265,265,*NOUSE*,*NOUSE*,0,0,0,0,0,0,0,0
266,266,*NOUSE*,*NOUSE*,0,0,0,0,0,0,0,0
267,267,*NOUSE*,*NOUSE*,0,0,0,0,0,0,0,0
268,268,,,56,1191,57,175.00,77.45,27.27,3782,292919
269,269,,,58,466,54,114.00,51.17,20.63,3660,187295
270,270,*NOUSE*,*NOUSE*,0,0,0,0,0,0,0,0
271,271,,,53,1341,79,252.00,82.62,59.44,3541,292560
272,272,,,59,1023,98,243.00,73.96,56.61,4116,304408
273,273,*NOUSE*,*NOUSE*,0,0,0,0,0,0,0,0
274,274,,,60,1115,104,206.00,66.00,46.27,5298,349672
275,275,,,60,1045,101,194.00,55.39,44.93,5699,315650
276,276,*NOUSE*,*NOUSE*,0,0,0,0,0,0,0,0
277,277,,,59,858,38,88.00,35.72,13.97,4813,171901
278,278,*NOUSE*,*NOUSE*,0,0,0,0,0,0,0,0
279,279,,,63,298,57,185.00,59.79,46.16,5397,322676
280,280,*NOUSE*,*NOUSE*,0,0,0,0,0,0,0,0
281,281,,,58,251,72,208.00,73.32,43.99,4400,322588
282,282,*NOUSE*,*NOUSE*,0,0,0,0,0,0,0,0
283,283,*NOUSE*,*NOUSE*,0,0,0,0,0,0,0,0
284,284,*NOUSE*,*NOUSE*,0,0,0,0,0,0,0,0
285,285,*NOUSE*,*NOUSE*,0,0,0,0,0,0,0,0
286,286,,,61,1206,87,129.00,59.55,21.03,4028,239865
287,287,,,61,910,95,218.00,60.78,48.22,5576,338907
288,288,,,57,1250,105,199.00,74.51,38.52,3191,237748
289,289,*NOUSE*,*NOUSE*,0,0,0,0,0,0,0,0
290,290,*NOUSE*,*NOUSE*,0,0,0,0,0,0,0,0
291,291,,,59,1450,37,119.00,50.28,31.34,3841,193111
292,292,*NOUSE*,*NOUSE*,0,0,0,0,0,0,0,0
293,293,,,61,1338,62,193.00,71.25,35.47,5291,376990
294,294,*NOUSE*,*NOUSE*,0,0,0,0,0,0,0,0
295,295,,,61,502,78,122.00,49.96,18.40,4752,237406
296,296,*NOUSE*,*NOUSE*,0,0,0,0,0,0,0,0
297,297,,,64,1090,80,251.00,91.87,57.67,3752,344712
298,298,*NOUSE*,*NOUSE*,0,0,0,0,0,0,0,0
299,299,,,59,308,83,174.00,68.14,38.49,3583,244152
300,300,,,59,845,93,253.00,77.52,58.02,3904,302645
301,301,*NOUSE*,*NOUSE*,0,0,0,0,0,0,0,0
302,302,*NOUSE*,*NOUSE*,0,0,0,0,0,0,0,0
303,303,,,60,1183,105,232.00,85.79,50.81,3218,276070
304,304,,,61,1527,42,142.00,46.23,34.95,3296,152360
305,305,*NOUSE*,*NOUSE*,0,0,0,0,0,0,0,0
306,306,,,63,265,56,175.00,48.27,41.69,5992,289215
307,307,,,60,197,69,211.00,70.79,48.37,2818,199495
308,308,,,58,144,72,169.00,70.00,40.66,2779,194525
309,309,,,69,1083,72,183.00,57.35,41.77,3611,207084
310,310,*NOUSE*,*NOUSE*,0,0,0,0,0,0,0,0
311,311,*NOUSE*,*NOUSE*,0,0,0,0,0,0,0,0
312,312,*NOUSE*,*NOUSE*,0,0,0,0,0,0,0,0
313,313,*NOUSE*,*NOUSE*,0,0,0,0,0,0,0,0
314,314,*NOUSE*,*NOUSE*,0,0,0,0,0,0,0,0
315,315,*NOUSE*,*NOUSE*,0,0,0,0,0,0,0,0
316,316,,,64,1366,52,224.00,86.89,44.88,4653,404298
317,317,*NOUSE*,*NOUSE*,0,0,0,0,0,0,0,0
318,318,*NOUSE*,*NOUSE*,0,0,0,0,0,0,0,0
319,319,*NOUSE*,*NOUSE*,0,0,0,0,0,0,0,0
320,320,*NOUSE*,*NOUSE*,0,0,0,0,0,0,0,0
321,321,,,60,333,71,247.00,101.32,48.01,2805,284215
322,322,,,59,216,77,199.00,75.68,46.04,2609,197455
323,323,*NOUSE*,*NOUSE*,0,0,0,0,0,0,0,0
324,324,*NOUSE*,*NOUSE*,0,0,0,0,0,0,0,0
325,325,*NOUSE*,*NOUSE*,0,0,0,0,0,0,0,0
326,326,*NOUSE*,*NOUSE*,0,0,0,0,0,0,0,0
327,327,,,64,398,87,202.00,61.91,46.66,5908,365765
328,328,,,62,940,97,219.00,62.87,49.78,5172,325183
329,329,*NOUSE*,*NOUSE*,0,0,0,0,0,0,0,0
330,330,*NOUSE*,*NOUSE*,0,0,0,0,0,0,0,0
331,331,*NOUSE*,*NOUSE*,0,0,0,0,0,0,0,0
332,332,,,63,1397,35,145.00,46.84,32.75,4575,214300
333,333,*NOUSE*,*NOUSE*,0,0,0,0,0,0,0,0
334,334,,,62,1123,36,141.00,54.47,28.89,3712,202188
335,335,,,63,1163,40,209.00,74.03,41.75,4250,314638
336,336,,,62,928,41,98.00,32.58,12.95,3573,116400
337,337,*NOUSE*,*NOUSE*,0,0,0,0,0,0,0,0
338,338,,,64,228,61,171.00,48.71,41.69,5195,253028
339,339,,,59,127,67,176.00,69.08,41.54,2742,189412
340,340,*NOUSE*,*NOUSE*,0,0,0,0,0,0,0,0
341,341,,,61,1196,75,184.00,67.01,32.79,3814,255585
342,342,*NOUSE*,*NOUSE*,0,0,0,0,0,0,0,0
343,343,*NOUSE*,*NOUSE*,0,0,0,0,0,0,0,0
344,344,,,63,1559,92,119.00,38.33,25.08,3291,126141
345,345,*NOUSE*,*NOUSE*,0,0,0,0,0,0,0,0
346,346,*NOUSE*,*NOUSE*,0,0,0,0,0,0,0,0
347,347,,,62,1298,34,193.00,56.73,41.40,5264,298606
348,348,,,64,1367,34,180.00,57.67,39.35,3928,226529
349,349,,,63,1147,39,166.00,59.05,41.88,4366,257792
350,350,,,65,1088,41,174.00,61.20,35.81,4408,269775
351,351,*NOUSE*,*NOUSE*,0,0,0,0,0,0,0,0
352,352,*NOUSE*,*NOUSE*,0,0,0,0,0,0,0,0
353,353,*NOUSE*,*NOUSE*,0,0,0,0,0,0,0,0
354,354,,,63,1151,84,211.00,77.46,45.31,3650,282733
355,355,*NOUSE*,*NOUSE*,0,0,0,0,0,0,0,0
356,356,*NOUSE*,*NOUSE*,0,0,0,0,0,0,0,0
357,357,,,64,620,93,176.00,52.47,39.72,5635,295679
358,358,*NOUSE*,*NOUSE*,0,0,0,0,0,0,0,0
359,359,,,63,1337,31,105.00,41.87,25.77,1105,46268
360,360,,,66,658,42,181.00,50.94,38.24,5250,267430
361,361,*NOUSE*,*NOUSE*,0,0,0,0,0,0,0,0
362,362,*NOUSE*,*NOUSE*,0,0,0,0,0,0,0,0
363,363,*NOUSE*,*NOUSE*,0,0,0,0,0,0,0,0
364,364,*NOUSE*,*NOUSE*,0,0,0,0,0,0,0,0
365,365,*NOUSE*,*NOUSE*,0,0,0,0,0,0,0,0
366,366,*NOUSE*,*NOUSE*,0,0,0,0,0,0,0,0
367,367,,,65,810,32,184.00,55.92,42.08,4007,224065
368,368,,,63,786,46,78.00,33.53,15.50,3165,106110
369,369,,,66,1557,44,102.00,38.06,23.76,3403,129512
370,370,,,66,596,44,171.00,47.66,39.14,4998,238192
371,371,*NOUSE*,*NOUSE*,0,0,0,0,0,0,0,0
372,372,*NOUSE*,*NOUSE*,0,0,0,0,0,0,0,0
373,373,*NOUSE*,*NOUSE*,0,0,0,0,0,0,0,0
374,374,*NOUSE*,*NOUSE*,0,0,0,0,0,0,0,0
375,375,*NOUSE*,*NOUSE*,0,0,0,0,0,0,0,0
376,376,*NOUSE*,*NOUSE*,0,0,0,0,0,0,0,0
377,377,*NOUSE*,*NOUSE*,0,0,0,0,0,0,0,0
378,378,*NOUSE*,*NOUSE*,0,0,0,0,0,0,0,0
379,379,,,67,695,89,193.00,57.29,35.51,6270,359231
380,380,*NOUSE*,*NOUSE*,0,0,0,0,0,0,0,0
381,381,*NOUSE*,*NOUSE*,0,0,0,0,0,0,0,0
382,382,*NOUSE*,*NOUSE*,0,0,0,0,0,0,0,0
383,383,,,69,1108,45,148.00,46.06,30.58,6584,303274
384,384,,,69,1216,43,164.00,71.65,39.53,5272,377751
385,385,*NOUSE*,*NOUSE*,0,0,0,0,0,0,0,0
386,386,,,66,1600,56,95.00,33.33,18.67,2722,90724
387,387,*NOUSE*,*NOUSE*,0,0,0,0,0,0,0,0
388,388,,,65,1116,85,177.00,69.88,37.50,4153,290215
389,389,*NOUSE*,*NOUSE*,0,0,0,0,0,0,0,0
390,390,*NOUSE*,*NOUSE*,0,0,0,0,0,0,0,0
391,391,*NOUSE*,*NOUSE*,0,0,0,0,0,0,0,0
392,392,*NOUSE*,*NOUSE*,0,0,0,0,0,0,0,0
393,393,,,66,1537,90,122.00,43.03,27.57,3422,147264
394,394,,,64,1593,90,90.00,41.10,20.79,1966,80805
395,395,,,67,556,91,181.00,52.79,39.24,5858,309239
396,396,*NOUSE*,*NOUSE*,0,0,0,0,0,0,0,0
397,397,*NOUSE*,*NOUSE*,0,0,0,0,0,0,0,0
398,398,*NOUSE*,*NOUSE*,0,0,0,0,0,0,0,0
399,399,,,66,1491,41,169.00,66.94,41.07,2636,176445
400,400,,,68,740,40,185.00,53.00,41.60,4253,225391
401,401,,,65,691,65,98.00,39.35,18.04,2027,79771
402,402,*NOUSE*,*NOUSE*,0,0,0,0,0,0,0,0
403,403,,,66,910,78,83.00,35.73,14.78,2858,102117
404,404,*NOUSE*,*NOUSE*,0,0,0,0,0,0,0,0
405,405,*NOUSE*,*NOUSE*,0,0,0,0,0,0,0,0
406,406,*NOUSE*,*NOUSE*,0,0,0,0,0,0,0,0
407,407,*NOUSE*,*NOUSE*,0,0,0,0,0,0,0,0
408,408,,,69,460,48,195.00,47.70,36.54,5736,273590
409,409,*NOUSE*,*NOUSE*,0,0,0,0,0,0,0,0
410,410,*NOUSE*,*NOUSE*,0,0,0,0,0,0,0,0
411,411,,,68,606,65,118.00,42.12,20.74,5228,220216
412,412,,,72,342,76,179.00,45.32,36.92,6769,306757
413,413,*NOUSE*,*NOUSE*,0,0,0,0,0,0,0,0
414,414,*NOUSE*,*NOUSE*,0,0,0,0,0,0,0,0
415,415,*NOUSE*,*NOUSE*,0,0,0,0,0,0,0,0
416,416,*NOUSE*,*NOUSE*,0,0,0,0,0,0,0,0
417,417,*NOUSE*,*NOUSE*,0,0,0,0,0,0,0,0
418,418,,,70,1027,29,175.00,45.54,35.62,4219,192154
419,419,*NOUSE*,*NOUSE*,0,0,0,0,0,0,0,0
420,420,,,67,980,38,80.00,37.27,14.09,2201,82028
421,421,*NOUSE*,*NOUSE*,0,0,0,0,0,0,0,0
422,422,*NOUSE*,*NOUSE*,0,0,0,0,0,0,0,0
423,423,,,70,1174,62,200.00,84.95,33.27,4294,364787
424,424,,,69,345,64,183.00,72.23,48.99,3239,233946
425,425,*NOUSE*,*NOUSE*,0,0,0,0,0,0,0,0
426,426,*NOUSE*,*NOUSE*,0,0,0,0,0,0,0,0
427,427,*NOUSE*,*NOUSE*,0,0,0,0,0,0,0,0
428,428,,,66,1380,89,161.00,67.70,31.96,2930,198354
429,429,,,67,1341,80,232.00,73.34,50.36,3294,241580
430,430,*NOUSE*,*NOUSE*,0,0,0,0,0,0,0,0
431,431,*NOUSE*,*NOUSE*,0,0,0,0,0,0,0,0
432,432,*NOUSE*,*NOUSE*,0,0,0,0,0,0,0,0
433,433,*NOUSE*,*NOUSE*,0,0,0,0,0,0,0,0
434,434,,,73,1444,41,124.00,39.75,26.25,7880,313232
435,435,*NOUSE*,*NOUSE*,0,0,0,0,0,0,0,0
436,436,*NOUSE*,*NOUSE*,0,0,0,0,0,0,0,0
437,437,*NOUSE*,*NOUSE*,0,0,0,0,0,0,0,0
438,438,*NOUSE*,*NOUSE*,0,0,0,0,0,0,0,0
439,439,*NOUSE*,*NOUSE*,0,0,0,0,0,0,0,0
440,440,*NOUSE*,*NOUSE*,0,0,0,0,0,0,0,0
441,441,,,71,1104,77,239.00,76.08,55.53,3767,286575
442,442,,,72,1366,80,193.00,71.06,42.34,4072,289373
443,443,*NOUSE*,*NOUSE*,0,0,0,0,0,0,0,0
444,444,,,70,755,82,158.00,59.47,31.25,4321,256952
445,445,,,71,1217,91,228.00,79.09,44.33,3178,251352
446,446,*NOUSE*,*NOUSE*,0,0,0,0,0,0,0,0
447,447,,,73,885,91,149.00,45.01,35.21,5815,261751
448,448,,,72,915,32,166.00,50.96,38.09,3874,197402
449,449,*NOUSE*,*NOUSE*,0,0,0,0,0,0,0,0
450,450,,,69,1245,43,203.00,74.78,41.82,4421,330605
451,451,*NOUSE*,*NOUSE*,0,0,0,0,0,0,0,0
452,452,,,68,1190,59,153.00,74.82,27.82,2916,218173
453,453,*NOUSE*,*NOUSE*,0,0,0,0,0,0,0,0
454,454,*NOUSE*,*NOUSE*,0,0,0,0,0,0,0,0
455,455,*NOUSE*,*NOUSE*,0,0,0,0,0,0,0,0
456,456,*NOUSE*,*NOUSE*,0,0,0,0,0,0,0,0
457,457,*NOUSE*,*NOUSE*,0,0,0,0,0,0,0,0
458,458,*NOUSE*,*NOUSE*,0,0,0,0,0,0,0,0
459,459,,,72,1025,80,98.00,40.00,17.46,5666,226625
460,460,,,72,603,80,142.00,44.71,23.46,4999,223500
461,461,*NOUSE*,*NOUSE*,0,0,0,0,0,0,0,0
462,462,,,75,1074,96,161.00,38.94,31.97,6805,265008
463,463,,,72,1014,97,213.00,53.98,39.10,5571,300704
464,464,,,72,1253,100,200.00,87.32,42.63,3106,271220
465,465,*NOUSE*,*NOUSE*,0,0,0,0,0,0,0,0
466,466,*NOUSE*,*NOUSE*,0,0,0,0,0,0,0,0
467,467,,,74,879,33,177.00,43.26,36.82,5212,225466
468,468,,,74,1035,43,101.00,37.60,15.85,5447,204825
469,469,*NOUSE*,*NOUSE*,0,0,0,0,0,0,0,0
470,470,*NOUSE*,*NOUSE*,0,0,0,0,0,0,0,0
471,471,*NOUSE*,*NOUSE*,0,0,0,0,0,0,0,0
472,472,*NOUSE*,*NOUSE*,0,0,0,0,0,0,0,0
473,473,*NOUSE*,*NOUSE*,0,0,0,0,0,0,0,0
474,474,*NOUSE*,*NOUSE*,0,0,0,0,0,0,0,0
475,475,,,72,1546,75,117.00,36.65,22.66,3776,138379
476,476,,,76,1317,86,199.00,53.59,40.12,3971,212818
477,477,*NOUSE*,*NOUSE*,0,0,0,0,0,0,0,0
478,478,*NOUSE*,*NOUSE*,0,0,0,0,0,0,0,0
479,479,,,76,862,41,157.00,50.99,37.43,4607,234908
480,480,*NOUSE*,*NOUSE*,0,0,0,0,0,0,0,0
481,481,,,74,1158,54,164.00,62.86,32.73,4695,295127
482,482,*NOUSE*,*NOUSE*,0,0,0,0,0,0,0,0
483,483,*NOUSE*,*NOUSE*,0,0,0,0,0,0,0,0
484,484,*NOUSE*,*NOUSE*,0,0,0,0,0,0,0,0
485,485,,,75,1252,70,197.00,76.96,43.77,3514,270453
486,486,,,73,1160,72,222.00,94.63,55.49,2721,257491
487,487,,,78,1495,81,138.00,33.27,21.71,9558,317985
488,488,,,72,517,86,150.00,61.23,31.59,3818,233775
489,489,,,75,1170,87,205.00,78.66,41.45,4731,372145
490,490,*NOUSE*,*NOUSE*,0,0,0,0,0,0,0,0
491,491,,,77,1119,53,175.00,49.27,36.05,5028,247719
492,492,,,76,781,64,233.00,56.91,46.56,4094,232992
493,493,*NOUSE*,*NOUSE*,0,0,0,0,0,0,0,0
494,494,,,74,364,73,172.00,55.62,39.79,3686,205014
495,495,,,74,1142,75,156.00,54.83,37.36,4228,231839
496,496,,,75,546,78,146.00,45.16,26.33,5432,245332
497,497,*NOUSE*,*NOUSE*,0,0,0,0,0,0,0,0
498,498,,,77,1367,93,130.00,48.77,25.71,5770,281386
499,499,,,74,1103,96,169.00,52.88,36.40,5718,302361
500,500,,,75,1182,97,195.00,77.42,43.27,3610,279476
501,501,,,75,1166,30,170.00,51.47,37.77,5096,262284
502,502,,,76,1370,42,175.00,65.66,40.89,3944,258956
503,503,,,75,1264,54,199.00,94.98,44.42,1749,166119
504,504,,,77,1348,58,179.00,72.48,38.76,3808,275985
505,505,*NOUSE*,*NOUSE*,0,0,0,0,0,0,0,0
506,506,*NOUSE*,*NOUSE*,0,0,0,0,0,0,0,0
507,507,,,75,1335,67,197.00,81.03,42.48,3106,251690
508,508,,,73,1234,98,212.00,105.55,48.47,2217,234008
509,509,*NOUSE*,*NOUSE*,0,0,0,0,0,0,0,0
510,510,*NOUSE*,*NOUSE*,0,0,0,0,0,0,0,0
511,511,,,80,1394,46,171.00,37.37,27.77,8324,311103
512,512,,,77,1229,44,196.00,79.61,47.94,2916,232139
513,513,,,75,1145,44,223.00,69.46,52.00,4115,285816
514,514,,,78,1424,56,159.00,58.98,35.32,3415,201431
515,515,*NOUSE*,*NOUSE*,0,0,0,0,0,0,0,0
516,516,,,78,1206,72,171.00,66.61,33.73,4064,270705
517,517,,,75,719,79,197.00,81.10,42.52,2743,222463
518,518,,,74,644,83,146.00,79.46,25.92,1983,157571
519,519,,,79,986,88,199.00,58.77,45.07,4096,240702
520,520,,,75,1274,95,211.00,103.57,47.92,1922,199053
521,521,*NOUSE*,*NOUSE*,0,0,0,0,0,0,0,0
522,522,*NOUSE*,*NOUSE*,0,0,0,0,0,0,0,0
523,523,*NOUSE*,*NOUSE*,0,0,0,0,0,0,0,0
524,524,,,78,1458,56,130.00,49.37,28.38,4490,221653
525,525,*NOUSE*,*NOUSE*,0,0,0,0,0,0,0,0
526,526,*NOUSE*,*NOUSE*,0,0,0,0,0,0,0,0
527,527,*NOUSE*,*NOUSE*,0,0,0,0,0,0,0,0
528,528,,,77,1187,70,167.00,76.39,34.91,4167,318299
529,529,,,75,688,74,136.00,63.52,23.97,2564,162865
530,530,*NOUSE*,*NOUSE*,0,0,0,0,0,0,0,0
531,531,,,75,1259,84,240.00,110.09,52.25,1798,197934
532,532,,,79,1121,92,170.00,56.01,36.54,5099,285587
533,533,,,77,1440,55,166.00,62.14,34.05,3455,214683
534,534,*NOUSE*,*NOUSE*,0,0,0,0,0,0,0,0
535,535,*NOUSE*,*NOUSE*,0,0,0,0,0,0,0,0
536,536,*NOUSE*,*NOUSE*,0,0,0,0,0,0,0,0
537,537,,,82,1212,45,203.00,86.51,49.56,1841,159257
538,538,*NOUSE*,*NOUSE*,0,0,0,0,0,0,0,0
539,539,,,81,1020,66,215.00,62.72,51.29,3390,212617
540,540,*NOUSE*,*NOUSE*,0,0,0,0,0,0,0,0
541,541,,,76,463,71,122.00,62.07,23.28,1943,120593
542,542,*NOUSE*,*NOUSE*,0,0,0,0,0,0,0,0
543,543,,,77,1195,92,210.00,95.36,47.89,1868,178127
544,544,,,81,1471,60,156.00,49.37,30.47,3200,157978
545,545,,,84,1302,62,180.00,45.12,38.18,5525,249277
546,546,*NOUSE*,*NOUSE*,0,0,0,0,0,0,0,0
547,547,,,81,1346,81,190.00,69.32,40.06,3549,246005
548,548,,,79,1300,93,136.00,40.06,28.20,2681,107397
549,549,,,82,1255,53,195.00,63.36,44.02,5082,322002
550,550,*NOUSE*,*NOUSE*,0,0,0,0,0,0,0,0
551,551,*NOUSE*,*NOUSE*,0,0,0,0,0,0,0,0
552,552,,,82,1527,69,91.00,31.44,17.86,4464,140330
553,553,,,79,815,72,128.00,54.56,24.42,2816,153641
554,554,,,82,1359,77,165.00,72.28,37.79,2577,186266
555,555,*NOUSE*,*NOUSE*,0,0,0,0,0,0,0,0
556,556,,,77,1242,91,223.00,113.26,51.38,1594,180538
557,557,*NOUSE*,*NOUSE*,0,0,0,0,0,0,0,0
558,558,*NOUSE*,*NOUSE*,0,0,0,0,0,0,0,0
559,559,*NOUSE*,*NOUSE*,0,0,0,0,0,0,0,0
560,560,*NOUSE*,*NOUSE*,0,0,0,0,0,0,0,0
561,561,*NOUSE*,*NOUSE*,0,0,0,0,0,0,0,0
562,562,*NOUSE*,*NOUSE*,0,0,0,0,0,0,0,0
563,563,*NOUSE*,*NOUSE*,0,0,0,0,0,0,0,0
564,564,,,84,1175,82,201.00,68.87,44.80,3849,265075
565,565,,,82,1216,85,144.00,56.53,32.98,4387,248015
566,566,*NOUSE*,*NOUSE*,0,0,0,0,0,0,0,0
567,567,*NOUSE*,*NOUSE*,0,0,0,0,0,0,0,0
568,568,,,79,757,55,118.00,51.94,19.34,1888,98062
569,569,*NOUSE*,*NOUSE*,0,0,0,0,0,0,0,0
570,570,,,86,1350,67,179.00,57.28,43.11,4658,266827
571,571,,,81,1281,82,184.00,65.28,41.99,3833,250218
572,572,,,84,1192,81,205.00,68.52,46.34,3574,244890
573,573,*NOUSE*,*NOUSE*,0,0,0,0,0,0,0,0
574,574,,,82,1268,82,213.00,84.49,55.06,2627,221962
575,575,*NOUSE*,*NOUSE*,0,0,0,0,0,0,0,0
576,576,,,84,1282,65,161.00,58.71,40.11,4420,259486
577,577,,,80,861,74,130.00,64.70,19.85,1860,120337
578,578,,,85,1153,82,170.00,59.24,36.32,4755,281673
579,579,*NOUSE*,*NOUSE*,0,0,0,0,0,0,0,0
580,580,,,83,1177,60,184.00,69.36,42.43,3879,269058
581,581,*NOUSE*,*NOUSE*,0,0,0,0,0,0,0,0
582,582,,,87,1373,67,149.00,57.59,33.02,5058,291302
583,583,*NOUSE*,*NOUSE*,0,0,0,0,0,0,0,0
584,584,*NOUSE*,*NOUSE*,0,0,0,0,0,0,0,0
585,585,*NOUSE*,*NOUSE*,0,0,0,0,0,0,0,0
586,586,*NOUSE*,*NOUSE*,0,0,0,0,0,0,0,0
587,587,,,82,1040,63,116.00,49.61,17.94,2603,129136
588,588,,,86,1240,65,170.00,53.25,41.08,5179,275797
589,589,*NOUSE*,*NOUSE*,0,0,0,0,0,0,0,0
590,590,,,83,1371,79,196.00,89.90,44.52,1578,141861
591,591,,,85,1253,78,173.00,58.17,39.01,3910,227457
592,592,*NOUSE*,*NOUSE*,0,0,0,0,0,0,0,0
593,593,*NOUSE*,*NOUSE*,0,0,0,0,0,0,0,0
594,594,,,86,1386,59,179.00,71.49,41.94,3211,229544
595,595,,,85,992,63,120.00,63.91,19.73,1675,107054
596,596,*NOUSE*,*NOUSE*,0,0,0,0,0,0,0,0
597,597,,,84,1235,80,180.00,63.19,41.53,4198,265265
598,598,,,85,952,75,145.00,61.06,28.26,2367,144535
599,599,*NOUSE*,*NOUSE*,0,0,0,0,0,0,0,0
600,600,*NOUSE*,*NOUSE*,0,0,0,0,0,0,0,0
601,601,*NOUSE*,*NOUSE*,0,0,0,0,0,0,0,0
602,602,,,85,954,50,100.00,47.69,19.74,1707,81401
603,603,,,89,1148,65,115.00,49.04,20.52,3634,178211
604,604,*NOUSE*,*NOUSE*,0,0,0,0,0,0,0,0
605,605,,,85,1063,71,99.00,51.43,22.11,884,45467
606,606,*NOUSE*,*NOUSE*,0,0,0,0,0,0,0,0
607,607,*NOUSE*,*NOUSE*,0,0,0,0,0,0,0,0
608,608,*NOUSE*,*NOUSE*,0,0,0,0,0,0,0,0
609,609,*NOUSE*,*NOUSE*,0,0,0,0,0,0,0,0
610,610,*NOUSE*,*NOUSE*,0,0,0,0,0,0,0,0
611,611,*NOUSE*,*NOUSE*,0,0,0,0,0,0,0,0
612,612,*NOUSE*,*NOUSE*,0,0,0,0,0,0,0,0
613,613,*NOUSE*,*NOUSE*,0,0,0,0,0,0,0,0
614,614,*NOUSE*,*NOUSE*,0,0,0,0,0,0,0,0
615,615,*NOUSE*,*NOUSE*,0,0,0,0,0,0,0,0
616,616,*NOUSE*,*NOUSE*,0,0,0,0,0,0,0,0
617,617,*NOUSE*,*NOUSE*,0,0,0,0,0,0,0,0
618,618,*NOUSE*,*NOUSE*,0,0,0,0,0,0,0,0
619,619,*NOUSE*,*NOUSE*,0,0,0,0,0,0,0,0
620,620,,*MANUAL*,85,1112,78,213.00,134.89,38.45,864,116545
621,621,,*MANUAL*,85,1135,83,171.00,107.65,31.83,895,96344
622,622,,*MANUAL*,82,1165,73,180.00,123.85,28.09,895,110847
623,623,,*MANUAL*,85,1219,59,167.00,94.40,29.07,1305,123193
624,624,,*MANUAL*,84,1198,64,198.00,132.97,25.43,895,119004
625,625,,*MANUAL*,83,1193,52,226.00,155.06,30.72,803,124516
626,626,,*MANUAL*,82,1238,52,198.00,141.74,26.01,759,107582
627,627,,*MANUAL*,83,1274,54,215.00,125.59,36.15,879,110393
628,628,,*MANUAL*,75,1281,56,237.00,168.14,31.78,785,131987
629,629,,*MANUAL*,75,1280,39,204.00,140.72,29.29,895,125946
630,630,,*MANUAL*,68,1283,52,250.00,183.58,36.51,895,164300
631,631,,*MANUAL*,70,1276,80,234.00,159.95,31.53,721,115321
632,632,,*MANUAL*,67,1280,87,241.00,161.87,39.11,895,144871
633,633,,*MANUAL*$527$530,78,1223,69,172.00,76.45,41.02,2814,215141
634,634,,*MANUAL*,77,1271,68,211.00,137.00,33.70,825,113026
635,635,,*MANUAL*,84,1266,65,191.00,126.80,23.72,895,113487
636,636,,*MANUAL*,76,1239,57,193.00,144.36,20.55,895,129203
637,637,,*MANUAL*,76,1198,51,227.00,161.08,25.92,892,143682
638,638,,*MANUAL*,72,1194,41,222.00,155.13,27.34,825,127980
639,639,,*MANUAL*,77,1219,54,156.00,111.23,22.16,895,99555
640,640,,*MANUAL*,69,1263,40,212.00,138.79,28.60,873,121162
641,641,,*MANUAL*,38,1210,75,157.00,101.50,22.38,1365,138552
642,642,,*MANUAL*,35,1191,62,241.00,165.87,31.11,895,148456
643,643,,*MANUAL*$6$1,35,1210,58,171.00,69.13,39.80,5332,368600
644,644,,*MANUAL*,38,1276,77,203.00,140.49,30.01,872,122507
645,645,,*MANUAL*,39,1253,59,190.00,115.19,30.54,1365,157240
646,646,,*MANUAL*,42,1264,47,219.00,148.97,32.32,895,133326
647,647,,*MANUAL*,50,1258,54,246.00,170.08,31.64,895,152223
648,648,,*MANUAL*,47,1275,54,242.00,164.20,28.35,895,146961
649,649,,*MANUAL*,56,1281,49,253.00,180.24,32.24,895,161319
650,650,,*MANUAL*,48,1274,77,248.00,190.72,29.53,895,170692
651,651,,*MANUAL*,44,1181,66,216.00,159.90,24.22,871,139270
652,652,,*MANUAL*,45,1200,69,195.00,128.93,30.72,1365,175995
653,653,*NOUSE*,*NOUSE*,0,0,0,0,0,0,0,0
654,654,,*MANUAL*,53,1245,41,199.00,123.44,19.67,895,110478
655,655,,*MANUAL*,61,1279,33,183.00,119.01,34.86,895,106514
656,656,,*MANUAL*,63,1095,96,223.00,149.37,32.54,891,133086
657,657,*NOUSE*,*NOUSE*,0,0,0,0,0,0,0,0
658,658,,*MANUAL*$657$314,57,1198,102,197.00,93.41,36.55,1566,146278
659,659,,*MANUAL*,59,1169,102,228.00,153.77,34.16,751,115485
660,660,,*MANUAL*,64,1163,99,247.00,186.71,33.51,895,167103
661,661,,*MANUAL*,67,1150,98,247.00,188.17,29.67,784,147527
662,662,,*MANUAL*,62,1147,103,243.00,142.50,41.28,893,127255
663,663,,*MANUAL*,55,1140,98,216.00,165.58,25.18,895,148196
664,664,,*MANUAL*,67,1132,99,237.00,147.05,29.42,895,131612
665,665,,*MANUAL*,54,1102,95,234.00,153.91,36.35,895,137752
666,666,,*MANUAL*,66,1187,87,226.00,168.05,28.00,895,150409
667,667,*NOUSE*,*NOUSE*,0,0,0,0,0,0,0,0
668,668,,*MANUAL*$667$302,58,1231,101,220.00,103.48,50.04,1590,164539
669,669,,*MANUAL*,63,1244,93,232.00,162.84,28.03,858,139715
670,670,,*MANUAL*,64,1230,90,241.00,173.95,36.32,893,155338
671,671,,*MANUAL*,71,1232,81,178.00,124.08,25.56,895,111054
672,672,,*MANUAL*,67,1265,92,242.00,167.51,35.00,813,136188
673,673,,*MANUAL*,60,1260,90,250.00,177.72,31.67,861,153016
674,674,,*MANUAL*,69,1248,85,220.00,153.34,27.80,895,137242
675,675,,*MANUAL*,51,1264,89,251.00,183.35,26.45,895,164101
676,676,,*MANUAL*,44,1232,84,251.00,183.71,27.04,871,160012
677,677,,*MANUAL*,53,1229,88,249.00,183.97,32.13,895,164650
678,678,,*MANUAL*,54,1245,88,242.00,172.23,29.25,895,154142
679,679,,*MANUAL*$222$195,51,1211,81,213.00,85.12,44.79,3088,262866
680,680,,*MANUAL*,87,1322,69,170.00,87.47,28.17,1299,113630
681,681,,*MANUAL*,80,1328,79,153.00,107.26,19.25,895,95997
682,682,,*MANUAL*,74,1335,87,198.00,125.58,28.06,891,111894
683,683,*NOUSE*,*NOUSE*,0,0,0,0,0,0,0,0
684,684,,*MANUAL*,66,1312,98,244.00,168.89,35.35,695,117379
685,685,,*MANUAL*,62,1333,96,243.00,141.03,54.25,695,98018
686,686,,*MANUAL*,68,1337,99,248.00,149.01,33.55,895,133360
687,687,,*MANUAL*,66,1356,100,201.00,129.67,28.00,857,111126
688,688,,*MANUAL*,75,1353,93,174.00,104.50,27.87,895,93525
689,689,,*MANUAL*,84,1405,73,197.00,126.11,27.52,885,111603
690,690,,*MANUAL*,80,1406,83,184.00,123.68,28.70,849,105005
691,691,,*MANUAL*,78,1422,80,161.00,99.82,30.47,895,89337
692,692,,*MANUAL*,77,1439,85,135.00,86.28,20.68,895,77217
693,693,,*MANUAL*,80,1453,77,141.00,98.52,19.61,769,75760
694,694,,*MANUAL*,80,1470,75,156.00,94.47,26.52,895,84551
695,695,,*MANUAL*$604$596,85,1430,68,118.00,63.79,23.50,1538,98102
696,696,,*MANUAL*,81,1407,55,169.00,104.88,33.12,895,93864
697,697,,*MANUAL*$586$599,83,1371,54,189.00,86.85,46.18,2223,193062
698,698,,*MANUAL*,83,1358,52,215.00,125.13,47.21,851,106482
699,699,,*MANUAL*,79,1316,54,183.00,118.95,27.20,892,106107
700,700,,*MANUAL*,77,1353,46,197.00,137.17,33.08,895,122767
701,701,,*MANUAL*,77,1332,52,227.00,160.34,25.19,851,136451
702,702,,*MANUAL*,69,1344,49,214.00,150.70,25.87,895,134879
703,703,,*MANUAL*,71,1327,46,238.00,160.31,26.46,810,129854
704,704,,*MANUAL*,64,1322,43,243.00,160.65,30.24,849,136388
705,705,,*MANUAL*,37,1324,74,201.00,126.45,26.32,895,113175
706,706,,*MANUAL*,42,1309,84,237.00,116.34,47.58,895,104124
707,707,,*MANUAL*$25$39,35,1306,68,133.00,54.78,25.45,3240,177488
708,708,,*MANUAL*,54,1339,99,248.00,169.28,36.26,887,150148
709,709,,*MANUAL*,56,1314,96,245.00,177.69,38.01,853,151571
710,710,,*MANUAL*,59,1349,99,235.00,157.02,30.38,895,140532
711,711,,*MANUAL*,47,1346,93,223.00,148.01,34.97,895,132473
712,712,,*MANUAL*,41,1430,78,178.00,114.56,18.84,895,102530
713,713,,*MANUAL*,42,1447,79,156.00,113.44,18.86,847,96081
714,714,,*MANUAL*$73$59,42,1452,54,152.00,59.36,33.38,4336,257382
715,715,,*MANUAL*,35,1396,58,199.00,143.68,24.50,825,118536
716,716,,*MANUAL*,42,1399,53,202.00,144.16,22.43,895,129022
717,717,,*MANUAL*,42,1362,53,211.00,146.17,26.72,883,129067
718,718,,*MANUAL*,36,1339,62,233.00,159.38,29.86,895,142642
719,719,,*MANUAL*,48,1345,50,244.00,161.88,33.10,821,132900
720,720,,*MANUAL*,56,1341,49,252.00,179.64,32.50,895,160775
721,721,,*MANUAL*,50,1361,41,188.00,127.26,31.61,895,113896
722,722,,*MANUAL*,55,1325,44,220.00,162.34,25.81,895,145298
723,723,,*MANUAL*,67,1468,42,175.00,100.87,38.42,819,82615
724,724,,*MANUAL*,57,1498,42,153.00,108.98,18.88,763,83149
725,725,*NOUSE*,*NOUSE*,0,0,0,0,0,0,0,0
726,726,,*MANUAL*$725$397,61,1244,30,126.00,66.94,22.03,1234,82599
727,727,*NOUSE*,*NOUSE*,0,0,0,0,0,0,0,0
728,728,*NOUSE*,*NOUSE*,0,0,0,0,0,0,0,0
729,729,*NOUSE*,*NOUSE*,0,0,0,0,0,0,0,0
730,730,,*MANUAL*$729$398,63,1503,36,145.00,62.25,29.96,1395,86832
731,731,,*MANUAL*,70,1512,44,151.00,94.30,21.91,879,82893
732,732,,*MANUAL*,66,1514,92,152.00,102.96,23.20,895,92152
733,733,,*MANUAL*,64,1503,92,146.00,95.26,23.88,895,85259
734,734,,*MANUAL*,66,1486,92,183.00,110.45,24.54,865,95539
735,735,*NOUSE*,*NOUSE*,0,0,0,0,0,0,0,0
736,736,,*MANUAL*$735$378,65,1457,94,162.00,69.71,36.40,1875,130701
737,737,,*MANUAL*,57,1490,94,187.00,118.06,33.70,895,105662
738,738,,*MANUAL*,55,1471,96,182.00,122.69,27.46,713,87476
739,739,,*MANUAL*,60,1325,105,176.00,65.96,31.56,1365,90029
740,740,*NOUSE*,*NOUSE*,0,0,0,0,0,0,0,0
741,741,,*MANUAL*$740$330,60,1377,106,146.00,56.17,28.37,1681,94428
742,742,,*MANUAL*,57,1366,102,178.00,123.71,22.64,895,110723
743,743,,*MANUAL*,59,1425,96,138.00,83.66,19.27,1365,114194
744,744,*NOUSE*,*NOUSE*,0,0,0,0,0,0,0,0
745,745,,*MANUAL*$744$345,61,1467,99,159.00,70.20,28.64,1622,113867
746,746,,*MANUAL*,60,1080,47,219.00,119.41,34.54,895,106873
747,747,,*MANUAL*$153$174,49,1089,50,217.00,77.04,48.34,3481,268165
748,748,,*MANUAL*,77,1090,58,226.00,130.72,32.96,814,106409
749,749,,*MANUAL*$310$254,60,1095,70,195.00,67.88,42.84,3833,260171
750,750,,*MANUAL*,51,1114,45,238.00,157.87,31.01,895,141298
751,751,,*MANUAL*,77,1118,76,193.00,124.13,26.19,895,111099
752,752,,*MANUAL*,56,1177,47,195.00,126.62,26.68,867,109776
753,753,*NOUSE*,*NOUSE*,0,0,0,0,0,0,0,0
754,754,,*MANUAL*$753$436,68,1175,46,174.00,81.59,35.18,2461,200799
755,755,,*MANUAL*,52,1175,63,208.00,141.33,23.97,895,126492
756,756,*NOUSE*,*NOUSE*,0,0,0,0,0,0,0,0
757,757,,*MANUAL*$756$296,57,1171,75,226.00,119.92,37.38,1362,163325
758,758,,*MANUAL*,64,1169,76,243.00,159.02,42.11,895,142319
759,759,,*MANUAL*,62,1379,49,203.00,148.86,21.75,782,116411
760,760,,*MANUAL*,70,1375,55,164.00,114.73,24.61,895,102681
761,761,,*MANUAL*,54,1379,52,195.00,125.84,21.99,895,112627
762,762,,*MANUAL*$203$164,47,1377,68,194.00,83.25,50.97,2550,212284
763,763,,*MANUAL*,46,1388,81,229.00,158.05,32.75,821,129759
764,764,,*MANUAL*,53,1387,77,252.00,158.75,40.72,895,142079
765,765,*NOUSE*,*NOUSE*,0,0,0,0,0,0,0,0
766,766,,*MANUAL*,67,1389,78,236.00,144.21,40.66,839,120994
767,767,,*MANUAL*,74,1385,83,227.00,143.73,35.69,895,128634
768,768,,*MANUAL*,63,1397,51,234.00,149.75,36.69,755,113059
769,769,,*MANUAL*,57,1402,51,251.00,164.61,47.38,895,147327
770,770,,*MANUAL*,50,1404,71,243.00,144.04,45.07,879,126609
771,771,,*MANUAL*,53,1404,80,247.00,170.01,44.24,785,133455
772,772,,*MANUAL*,72,1405,72,213.00,124.45,35.70,684,85123
773,773,,*MANUAL*,71,1405,80,218.00,151.72,30.36,895,135786
774,774,,*MANUAL*,74,1397,58,142.00,103.98,14.81,895,93065
775,775,*NOUSE*,*NOUSE*,0,0,0,0,0,0,0,0
776,776,,*MANUAL*$775$326,60,1401,87,224.00,94.21,44.62,1924,181256
777,777,,*MANUAL*,51,1423,76,169.00,114.98,21.27,895,102903
778,778,,*MANUAL*,67,1425,76,149.00,89.81,24.32,895,80380
779,779,*NOUSE*,*NOUSE*,0,0,0,0,0,0,0,0
780,780,,*MANUAL*$779$361,63,1425,50,143.00,51.78,30.19,3771,195254
781,781,,*MANUAL*,66,1448,53,88.00,51.27,14.90,1365,69978
782,782,,*MANUAL*,71,1441,70,116.00,69.56,21.34,895,62260
783,783,,*MANUAL*,60,1470,52,140.00,87.28,22.16,688,60050
784,784,,*MANUAL*,50,1452,81,165.00,93.35,28.11,895,83546
785,785,,*MANUAL*,72,1454,77,149.00,88.26,24.98,895,78997
786,786,,*MANUAL*,56,1474,55,144.00,73.49,26.70,895,65777
787,787,,*MANUAL*,67,1482,79,128.00,73.33,20.64,679,49791
788,788,,*MANUAL*,54,1477,82,159.00,73.82,27.29,853,62970
789,789,,*MANUAL*,52,1486,80,171.00,111.45,27.98,872,97185
790,790,,*MANUAL*,74,1481,76,171.00,100.94,30.28,895,90342
791,791,,*MANUAL*,62,1498,51,119.00,74.22,17.58,895,66429
792,792,,*MANUAL*,62,1514,51,107.00,69.25,14.18,895,61977
793,793,,*MANUAL*,53,1506,80,143.00,84.62,26.83,895,75735
794,794,,*MANUAL*,53,1523,79,153.00,90.09,27.93,895,80631
795,795,,*MANUAL*,72,1509,74,139.00,83.62,27.46,895,74843
796,796,,*MANUAL*,72,1520,76,152.00,86.49,25.80,860,74384
797,797,,*MANUAL*$387$371,63,1546,53,76.00,30.51,14.24,3838,117097
798,798,,*MANUAL*$91$92,46,1482,52,137.00,46.60,25.02,6828,318151
799,799,,*MANUAL*$114$115,49,1459,43,153.00,41.79,24.69,9097,380204
800,800,,*MANUAL*$148$128,49,1411,42,143.00,40.91,28.67,8034,328696
801,801,,*MANUAL*,42,1368,45,149.00,87.29,29.66,895,78128
802,802,,*MANUAL*,50,1292,34,158.00,85.37,29.61,895,76405
803,803,,*MANUAL*,43,1295,43,151.00,98.30,22.25,895,87975
804,804,,*MANUAL*$171$181,51,1166,29,170.00,52.25,36.72,5642,294770
805,805,,*MANUAL*$146$124,47,1121,31,153.00,45.55,31.49,5780,263259
806,806,,*MANUAL*$126$125,47,1060,31,146.00,37.21,28.43,6053,225244
807,807,,*MANUAL*$198$182,53,990,31,188.00,50.42,35.89,4437,223692
808,808,,*MANUAL*$162$199,51,942,35,171.00,41.35,31.58,6130,253452
809,809,*NOUSE*,*NOUSE*,0,0,0,0,0,0,0,0
810,810,,*MANUAL*$809$451,70,330,55,184.00,60.97,45.88,2654,161824
811,811,,*MANUAL*$509$510,77,965,35,142.00,38.87,31.62,5364,208522
812,812,,*MANUAL*$449$521,76,1079,34,157.00,43.32,32.58,4964,215041
813,813,,*MANUAL*$466$433,74,1112,27,163.00,38.68,31.78,6187,239297
814,814,,*MANUAL*,71,1195,32,209.00,121.94,27.21,895,109135
815,815,,*MANUAL*$331$382,62,1179,32,186.00,60.44,38.09,5244,316924
816,816,*NOUSE*,*NOUSE*,0,0,0,0,0,0,0,0
817,817,,*MANUAL*$816$522,80,1303,46,171.00,40.73,36.24,4475,182289
818,818,,*MANUAL*,75,1321,38,175.00,99.11,29.22,895,88705
819,819,,*MANUAL*,73,1474,44,144.00,86.43,26.04,895,77354
820,820,*NOUSE*,*NOUSE*,0,0,0,0,0,0,0,0
821,821,,*MANUAL*$820$534,77,1499,52,90.00,31.21,18.92,5284,164908
822,822,*NOUSE*,*NOUSE*,0,0,0,0,0,0,0,0
823,823,,*MANUAL*$822$542,75,1462,91,126.00,55.79,28.08,2176,121404
824,824,,*MANUAL*,73,1423,95,143.00,81.00,23.64,895,72496
825,825,*NOUSE*,*NOUSE*,0,0,0,0,0,0,0,0
826,826,,*MANUAL*$825$557$558,75,1313,98,206.00,78.08,43.83,2896,226132
827,827,,*MANUAL*$431$477,70,1204,100,183.00,72.84,35.10,4173,303978
828,828,,*MANUAL*,77,1144,96,186.00,95.93,27.22,895,85853
829,829,,*MANUAL*,70,959,93,228.00,141.49,35.19,769,108804
830,830,,*MANUAL*$390$389,71,831,88,182.00,50.21,35.30,7089,355930
831,831,,*MANUAL*,78,959,89,189.00,114.42,29.35,895,102409
832,832,,*MANUAL*$392$446,66,471,89,172.00,54.52,41.09,5389,293816
833,833,*NOUSE*,*NOUSE*,0,0,0,0,0,0,0,0
834,834,,*MANUAL*$833$414,65,288,82,171.00,84.33,42.38,1664,140326
835,835,,*MANUAL*,56,280,79,190.00,117.31,23.97,895,104994
836,836,,*MANUAL*,44,663,87,208.00,112.54,41.13,1365,153620
837,837,*NOUSE*,*NOUSE*,0,0,0,0,0,0,0,0
838,838,,*MANUAL*$837$197,52,959,96,206.00,73.43,50.66,2732,200607
839,839,,*MANUAL*$123$112,43,1133,94,189.00,66.07,41.90,3538,233769
840,840,,*MANUAL*,48,1191,99,204.00,129.17,25.99,895,115606
841,841,,*MANUAL*,41,1297,92,183.00,101.21,30.62,895,90581
842,842,*NOUSE*,*NOUSE*,0,0,0,0,0,0,0,0
843,843,,*MANUAL*$842$213,48,1308,98,201.00,102.64,36.86,1507,154676
844,844,*NOUSE*,*NOUSE*,0,0,0,0,0,0,0,0
845,845,,*MANUAL*$844$144,47,1426,94,151.00,70.60,28.29,2009,141839
846,846,,*MANUAL*$143$108,46,1465,88,119.00,43.32,21.78,7263,314633
847,847,,*MANUAL*,43,1488,80,163.00,89.71,27.63,895,80286
848,848,,*MANUAL*$320$365,60,101,69,143.00,55.50,33.68,3330,184826
849,849,,*MANUAL*,56,172,61,184.00,98.81,30.58,873,86265
850,850,,*MANUAL*,61,173,70,184.00,126.24,29.80,895,112981
851,851,,*MANUAL*,65,241,71,187.00,128.27,22.34,895,114804
852,852,*NOUSE*,*NOUSE*,0,0,0,0,0,0,0,0
853,853,,*MANUAL*$852$454,70,252,62,126.00,46.73,23.29,3049,142480
854,854,,*MANUAL*,65,270,72,224.00,144.32,32.55,843,121661
855,855,,*MANUAL*,69,284,61,217.00,142.55,36.41,895,127580
856,856,,*MANUAL*,70,299,72,213.00,148.02,31.01,733,108496
857,857,,*MANUAL*,73,311,67,235.00,153.14,43.37,893,136750
858,858,,*MANUAL*,73,323,71,186.00,127.04,31.88,889,112942
859,859,,*MANUAL*,68,324,81,202.00,139.87,31.13,895,125183
860,860,,*MANUAL*,57,271,67,232.00,149.70,41.16,895,133984
861,861,,*MANUAL*,57,286,59,240.00,149.85,33.59,895,134116
862,862,,*MANUAL*,53,295,67,223.00,153.74,27.08,803,123451
863,863,,*MANUAL*,52,304,61,251.00,177.52,37.14,895,158877
864,864,,*MANUAL*,50,317,64,199.00,143.53,27.15,895,128463
865,865,,*MANUAL*,49,341,67,185.00,125.88,27.73,895,112659
866,866,,*MANUAL*,51,379,71,252.00,180.07,38.15,583,104978
867,867,,*MANUAL*,57,334,59,195.00,125.00,31.08,1167,145874
868,868,,*MANUAL*,62,296,71,219.00,153.11,23.99,1365,208991
869,869,,*MANUAL*,62,316,64,196.00,140.41,23.71,1365,191661
870,870,,*MANUAL*$285$311,56,345,91,177.00,67.84,39.55,3189,216334
871,871,,*MANUAL*$235$234,55,353,78,200.00,76.01,51.66,2090,158862
872,872,,*MANUAL*,67,363,86,218.00,145.75,34.56,895,130450
873,873,,*MANUAL*,58,377,82,253.00,185.67,35.60,811,150582
874,874,,*MANUAL*,65,379,85,254.00,191.75,35.94,821,157423
875,875,,*MANUAL*,71,422,85,170.00,100.04,34.22,840,84036
876,876,,*MANUAL*$79$57$58,39,868,47,121.00,44.04,21.23,5172,227773
877,877,,*MANUAL*$52$65,36,860,70,184.00,78.49,31.53,2582,202649
878,878,,*MANUAL*$51$32,36,806,69,146.00,58.82,25.97,3822,224799
879,879,,*MANUAL*,37,747,63,220.00,152.67,29.20,895,136637
880,880,,*MANUAL*$30$44,34,756,76,162.00,76.48,34.25,2413,184555
881,881,,*MANUAL*$61$48,37,643,55,135.00,55.16,23.73,3309,182517
882,882,,*MANUAL*$96$119,43,509,76,173.00,74.68,38.38,3637,271628
883,883,,*MANUAL*,45,383,72,249.00,102.37,47.92,1365,139736
884,884,*NOUSE*,*NOUSE*,0,0,0,0,0,0,0,0
885,885,,*MANUAL*$884$229,52,331,52,173.00,66.71,31.96,1636,109130
886,886,,*MANUAL*$20$19,34,1100,68,140.00,57.54,24.89,4455,256358
887,887,*NOUSE*,*NOUSE*,0,0,0,0,0,0,0,0
888,888,,*MANUAL*$592$887,86,1170,47,122.00,40.87,25.57,6185,252784
889,889,*NOUSE*,*NOUSE*,0,0,0,0,0,0,0,0
890,890,,*MANUAL*$889$606,86,1085,58,166.00,69.53,24.20,1644,114307
891,891,,*MANUAL*$601$600,85,902,71,118.00,55.94,20.57,2239,125246
892,892,,*MANUAL*$575$567,78,839,49,96.00,47.12,19.56,1166,54943
893,893,*NOUSE*,*NOUSE*,0,0,0,0,0,0,0,0
894,894,,*MANUAL*$893$573,79,772,80,130.00,66.68,21.90,2056,137091
895,895,,*MANUAL*$526$551,75,653,56,109.00,49.19,20.07,2817,138558
896,896,*NOUSE*,*NOUSE*,0,0,0,0,0,0,0,0
897,897,*NOUSE*,*NOUSE*,0,0,0,0,0,0,0,0
898,898,,*MANUAL*$897$562,77,519,59,113.00,53.06,22.57,2018,107077
899,899,,*MANUAL*,68,374,63,195.00,131.15,23.61,791,103739
900,900,*NOUSE*,*NOUSE*,0,0,0,0,0,0,0,0
901,901,,*MANUAL*$900$546$561,76,381,63,136.00,50.49,23.36,3039,153448
902,902,,*MANUAL*,73,384,84,220.00,98.58,42.55,1365,134565
903,903,,*MANUAL*,69,514,48,188.00,99.47,33.82,895,89026
904,904,,*MANUAL*$206$191$192,52,1037,82,130.00,45.49,22.29,5006,227731
905,905,,*MANUAL*$255$298,57,978,80,105.00,38.07,14.68,5355,203865
906,906,,*MANUAL*$342$323$282,59,828,75,84.00,33.22,14.10,3850,127901
907,907,*NOUSE*,*NOUSE*,0,0,0,0,0,0,0,0
908,908,,*MANUAL*$907$219$189$248,49,745,63,100.00,41.53,16.44,2865,118996
909,909,,*MANUAL*,62,425,80,137.00,67.89,23.69,2103,142782
910,910,,*MANUAL*$318$385,63,558,54,98.00,42.31,18.68,2367,100156
911,911,,*MANUAL*,48,705,84,197.00,108.37,26.18,2103,227894
912,912,,*MANUAL*,65,732,80,205.00,106.63,24.71,2103,224237
913,913,,*MANUAL*,60,972,95,232.00,146.74,33.96,895,131332
914,914,,*MANUAL*,53,661,95,246.00,162.05,46.35,895,145034
915,915,,*MANUAL*,59,1262,42,193.00,143.08,20.27,895,128061
916,916,,*MANUAL*,76,1381,69,152.00,89.75,27.08,895,80323
917,917,*NOUSE*,*NOUSE*,0,0,0,0,0,0,0,0
918,918,,*MANUAL*,44,761,88,243.00,171.31,34.21,895,153318
919,919,,*MANUAL*,77,1322,67,204.00,134.83,27.95,895,120676
920,920,,*MANUAL*,72,779,89,188.00,114.43,26.68,895,102416
921,921,F1,*MANUAL*,64,1572,71,23.00, 6.94, 5.38,895,6214
922,922,F2,*MANUAL*,65,1520,71,104.00,26.33,19.67,895,23562
923,923,F3,*MANUAL*,65,1463,71,67.00,19.50,11.39,895,17455
924,924,F4,*MANUAL*,65,1409,68,107.00,38.47,18.87,895,34429
925,925,F5,*MANUAL*,64,1302,64,20.00, 7.45, 2.68,895,6670
926,926,F6,*MANUAL*,64,1232,64,26.00,15.60, 3.35,895,13964
927,927,F7,*MANUAL*,64,1135,63,25.00,10.85, 3.35,895,9713
928,928,F8,*MANUAL*,64,1063,61,24.00,12.93, 3.11,895,11572
929,929,F9,*MANUAL*,61,982,61,18.00, 8.16, 3.13,895,7305
930,930,F10,*MANUAL*,60,671,64,15.00, 5.22, 2.97,895,4674
