0,0,*NOUSE*,*NOUSE*,0,0,0,0,0,0,0,0
1,1,*NOUSE*,*NOUSE*,0,0,0,0,0,0,0,0
2,2,,,34,1259,77,181.00,68.56,41.31,3424,234743
3,3,,,34,1140,53,119.00,40.15,22.37,5353,214910
4,4,*NOUSE*,*NOUSE*,0,0,0,0,0,0,0,0
5,5,*NOUSE*,*NOUSE*,0,0,0,0,0,0,0,0
6,6,*NOUSE*,*NOUSE*,0,0,0,0,0,0,0,0
7,7,,,35,1280,67,201.00,80.60,50.17,3197,257683
8,8,,,35,1297,68,210.00,61.71,42.61,4207,259607
9,9,*NOUSE*,*NOUSE*,0,0,0,0,0,0,0,0
10,10,*NOUSE*,*NOUSE*,0,0,0,0,0,0,0,0
11,11,,,33,1135,78,122.00,39.48,21.54,4245,167606
12,12,,,36,1184,73,228.00,95.09,58.25,2788,265101
13,13,,,34,1401,76,231.00,74.63,51.14,3289,245472
14,14,*NOUSE*,*NOUSE*,0,0,0,0,0,0,0,0
15,15,*NOUSE*,*NOUSE*,0,0,0,0,0,0,0,0
16,16,*NOUSE*,*NOUSE*,0,0,0,0,0,0,0,0
17,17,*NOUSE*,*NOUSE*,0,0,0,0,0,0,0,0
18,18,*NOUSE*,*NOUSE*,0,0,0,0,0,0,0,0
19,19,,,36,1189,60,220.00,91.57,53.33,3034,277828
20,20,,,37,1392,58,225.00,78.52,51.69,3607,283214
21,21,,,40,1132,66,199.00,56.95,38.68,4804,273578
22,22,,,37,1466,63,218.00,54.01,37.55,4527,244498
23,23,*NOUSE*,*NOUSE*,0,0,0,0,0,0,0,0
24,24,*NOUSE*,*NOUSE*,0,0,0,0,0,0,0,0
25,25,,,36,1244,67,171.00,74.08,41.47,2955,218906
26,26,,,36,1480,71,183.00,53.25,39.23,4436,236211
27,27,*NOUSE*,*NOUSE*,0,0,0,0,0,0,0,0
28,28,,,35,1227,80,188.00,62.78,34.97,3495,219415
29,29,,,36,1209,82,198.00,79.87,46.11,2642,211007
30,30,*NOUSE*,*NOUSE*,0,0,0,0,0,0,0,0
31,31,*NOUSE*,*NOUSE*,0,0,0,0,0,0,0,0
32,32,*NOUSE*,*NOUSE*,0,0,0,0,0,0,0,0
33,33,*NOUSE*,*NOUSE*,0,0,0,0,0,0,0,0
34,34,,,38,1447,59,166.00,52.98,35.75,4198,222426
35,35,,,37,1413,59,219.00,68.69,46.93,4194,288095
36,36,,,38,1261,62,199.00,84.68,46.72,3171,268506
37,37,*NOUSE*,*NOUSE*,0,0,0,0,0,0,0,0
38,38,*NOUSE*,*NOUSE*,0,0,0,0,0,0,0,0
39,39,*NOUSE*,*NOUSE*,0,0,0,0,0,0,0,0
40,40,*NOUSE*,*NOUSE*,0,0,0,0,0,0,0,0
41,41,*NOUSE*,*NOUSE*,0,0,0,0,0,0,0,0
42,42,*NOUSE*,*NOUSE*,0,0,0,0,0,0,0,0
43,43,,,36,1169,83,218.00,77.80,49.74,3101,241263
44,44,,,38,1411,86,196.00,66.13,39.06,3646,241118
45,45,,,37,1285,80,209.00,84.06,50.35,2593,217966
46,46,*NOUSE*,*NOUSE*,0,0,0,0,0,0,0,0
47,47,*NOUSE*,*NOUSE*,0,0,0,0,0,0,0,0
48,48,*NOUSE*,*NOUSE*,0,0,0,0,0,0,0,0
49,49,*NOUSE*,*NOUSE*,0,0,0,0,0,0,0,0
50,50,*NOUSE*,*NOUSE*,0,0,0,0,0,0,0,0
51,51,,,37,1113,80,246.00,59.47,48.41,3760,223606
52,52,,,37,1360,83,219.00,76.77,47.94,2823,216710
53,53,*NOUSE*,*NOUSE*,0,0,0,0,0,0,0,0
54,54,*NOUSE*,*NOUSE*,0,0,0,0,0,0,0,0
55,55,,,40,731,61,146.00,40.05,30.67,5055,202459
56,56,,,41,1432,56,206.00,66.90,41.41,3791,253612
57,57,*NOUSE*,*NOUSE*,0,0,0,0,0,0,0,0
58,58,,,39,946,82,125.00,40.21,26.90,5166,207724
59,59,,,40,1212,48,251.00,104.91,60.28,2502,262485
60,60,*NOUSE*,*NOUSE*,0,0,0,0,0,0,0,0
61,61,*NOUSE*,*NOUSE*,0,0,0,0,0,0,0,0
62,62,*NOUSE*,*NOUSE*,0,0,0,0,0,0,0,0
63,63,,,38,771,53,90.00,26.17,13.22,4994,130671
64,64,,,40,1317,60,221.00,71.59,43.18,3675,263078
65,65,*NOUSE*,*NOUSE*,0,0,0,0,0,0,0,0
66,66,*NOUSE*,*NOUSE*,0,0,0,0,0,0,0,0
67,67,*NOUSE*,*NOUSE*,0,0,0,0,0,0,0,0
68,68,,,41,1425,90,194.00,63.86,40.53,3425,218728
69,69,*NOUSE*,*NOUSE*,0,0,0,0,0,0,0,0
70,70,*NOUSE*,*NOUSE*,0,0,0,0,0,0,0,0
71,71,*NOUSE*,*NOUSE*,0,0,0,0,0,0,0,0
72,72,*NOUSE*,*NOUSE*,0,0,0,0,0,0,0,0
73,73,*NOUSE*,*NOUSE*,0,0,0,0,0,0,0,0
74,74,*NOUSE*,*NOUSE*,0,0,0,0,0,0,0,0
75,75,*NOUSE*,*NOUSE*,0,0,0,0,0,0,0,0
76,76,,,40,1533,68,109.00,37.10,22.39,4616,171261
77,77,*NOUSE*,*NOUSE*,0,0,0,0,0,0,0,0
78,78,,,41,1025,72,215.00,62.88,50.46,3366,211667
79,79,,,39,853,78,114.00,36.42,21.95,5092,185432
80,80,,,40,723,77,110.00,35.21,20.55,4529,159467
81,81,*NOUSE*,*NOUSE*,0,0,0,0,0,0,0,0
82,82,*NOUSE*,*NOUSE*,0,0,0,0,0,0,0,0
83,83,*NOUSE*,*NOUSE*,0,0,0,0,0,0,0,0
84,84,*NOUSE*,*NOUSE*,0,0,0,0,0,0,0,0
85,85,*NOUSE*,*NOUSE*,0,0,0,0,0,0,0,0
86,86,*NOUSE*,*NOUSE*,0,0,0,0,0,0,0,0
87,87,*NOUSE*,*NOUSE*,0,0,0,0,0,0,0,0
88,88,,,40,1295,95,151.00,48.91,26.02,3390,165795
89,89,,,41,1377,95,137.00,50.16,25.37,3481,174606
90,90,,,44,1065,36,176.00,45.97,33.91,4646,213586
91,91,*NOUSE*,*NOUSE*,0,0,0,0,0,0,0,0
92,92,*NOUSE*,*NOUSE*,0,0,0,0,0,0,0,0
93,93,,,43,1156,52,214.00,69.66,48.33,3861,268955
94,94,*NOUSE*,*NOUSE*,0,0,0,0,0,0,0,0
95,95,*NOUSE*,*NOUSE*,0,0,0,0,0,0,0,0
96,96,,,44,1123,57,205.00,70.78,48.72,3394,240212
97,97,*NOUSE*,*NOUSE*,0,0,0,0,0,0,0,0
98,98,,,43,1101,64,223.00,62.05,44.33,4141,256946
99,99,*NOUSE*,*NOUSE*,0,0,0,0,0,0,0,0
100,100,,,42,678,81,177.00,49.52,35.15,3546,175605
101,101,,,44,1199,90,245.00,93.18,50.28,2387,222427
102,102,*NOUSE*,*NOUSE*,0,0,0,0,0,0,0,0
103,103,*NOUSE*,*NOUSE*,0,0,0,0,0,0,0,0
104,104,,,44,1231,70,221.00,88.24,47.40,2861,252457
105,105,,,42,589,87,96.00,32.12,18.70,4443,142719
106,106,*NOUSE*,*NOUSE*,0,0,0,0,0,0,0,0
107,107,,,43,1150,98,165.00,54.99,34.71,3289,180850
108,108,*NOUSE*,*NOUSE*,0,0,0,0,0,0,0,0
109,109,,,45,1105,38,192.00,48.86,35.55,4574,223480
110,110,*NOUSE*,*NOUSE*,0,0,0,0,0,0,0,0
111,111,,,45,1168,64,190.00,64.47,37.68,3649,235235
112,112,,,43,1216,68,190.00,89.88,42.93,2556,229728
113,113,*NOUSE*,*NOUSE*,0,0,0,0,0,0,0,0
114,114,*NOUSE*,*NOUSE*,0,0,0,0,0,0,0,0
115,115,,,45,1132,81,174.00,52.75,35.34,4275,225498
116,116,*NOUSE*,*NOUSE*,0,0,0,0,0,0,0,0
117,117,,,44,1461,93,125.00,50.01,24.66,3686,184343
118,118,*NOUSE*,*NOUSE*,0,0,0,0,0,0,0,0
119,119,,,44,1232,95,218.00,85.85,47.58,2090,179423
120,120,,,45,1164,96,203.00,70.88,42.56,3070,217600
121,121,*NOUSE*,*NOUSE*,0,0,0,0,0,0,0,0
122,122,,,46,804,40,156.00,39.67,27.81,3331,132146
123,123,,,44,1429,42,161.00,59.44,33.19,3770,224079
124,124,*NOUSE*,*NOUSE*,0,0,0,0,0,0,0,0
125,125,,,45,1286,46,227.00,92.21,51.58,2759,254417
126,126,*NOUSE*,*NOUSE*,0,0,0,0,0,0,0,0
127,127,,,46,519,59,99.00,36.72,20.81,5365,196989
128,128,*NOUSE*,*NOUSE*,0,0,0,0,0,0,0,0
129,129,*NOUSE*,*NOUSE*,0,0,0,0,0,0,0,0
130,130,*NOUSE*,*NOUSE*,0,0,0,0,0,0,0,0
131,131,,,46,1402,62,165.00,74.59,33.38,2800,208856
132,132,,,45,1437,72,135.00,57.39,30.41,3118,178934
133,133,*NOUSE*,*NOUSE*,0,0,0,0,0,0,0,0
134,134,,,45,1252,72,226.00,90.73,44.84,2653,240712
135,135,,,44,1261,85,223.00,100.82,46.68,2050,206677
136,136,,,47,764,88,181.00,47.33,38.20,3748,177394
137,137,,,46,1224,87,161.00,66.98,32.76,3233,216560
138,138,*NOUSE*,*NOUSE*,0,0,0,0,0,0,0,0
139,139,,,45,1262,101,205.00,82.51,47.06,1769,145969
140,140,*NOUSE*,*NOUSE*,0,0,0,0,0,0,0,0
141,141,,,45,514,78,95.00,30.80,15.70,5156,158787
142,142,,,46,476,81,95.00,32.63,17.80,4575,149272
143,143,*NOUSE*,*NOUSE*,0,0,0,0,0,0,0,0
144,144,,,47,1369,82,223.00,81.10,48.10,2745,222607
145,145,,,50,1283,89,245.00,96.22,56.13,2438,234575
146,146,*NOUSE*,*NOUSE*,0,0,0,0,0,0,0,0
147,147,,,47,1430,99,143.00,50.53,28.22,3553,179518
148,148,*NOUSE*,*NOUSE*,0,0,0,0,0,0,0,0
149,149,*NOUSE*,*NOUSE*,0,0,0,0,0,0,0,0
150,150,,,47,1240,60,216.00,96.98,45.06,2864,277754
151,151,,,47,316,71,125.00,38.56,25.40,3188,122944
152,152,,,48,291,72,125.00,45.08,28.43,3017,136005
153,153,*NOUSE*,*NOUSE*,0,0,0,0,0,0,0,0
154,154,*NOUSE*,*NOUSE*,0,0,0,0,0,0,0,0
155,155,,,48,1156,80,173.00,63.38,36.92,3313,209963
156,156,*NOUSE*,*NOUSE*,0,0,0,0,0,0,0,0
157,157,,,48,799,90,141.00,44.49,30.94,4306,191580
158,158,,,47,1118,101,192.00,56.57,36.76,3419,193429
159,159,*NOUSE*,*NOUSE*,0,0,0,0,0,0,0,0
160,160,*NOUSE*,*NOUSE*,0,0,0,0,0,0,0,0
161,161,*NOUSE*,*NOUSE*,0,0,0,0,0,0,0,0
162,162,*NOUSE*,*NOUSE*,0,0,0,0,0,0,0,0
163,163,,,49,1001,32,156.00,46.77,33.99,3841,179652
164,164,,,49,1040,45,102.00,30.47,15.05,6412,195400
165,165,,,51,462,46,108.00,35.67,22.61,3501,124877
166,166,,,48,1184,58,180.00,80.54,37.08,3283,264409
167,167,*NOUSE*,*NOUSE*,0,0,0,0,0,0,0,0
168,168,*NOUSE*,*NOUSE*,0,0,0,0,0,0,0,0
169,169,*NOUSE*,*NOUSE*,0,0,0,0,0,0,0,0
170,170,*NOUSE*,*NOUSE*,0,0,0,0,0,0,0,0
171,171,,,49,873,34,147.00,43.67,30.95,3026,132131
172,172,*NOUSE*,*NOUSE*,0,0,0,0,0,0,0,0
173,173,,,49,678,38,152.00,42.97,30.69,2873,123446
174,174,,,49,609,44,112.00,37.93,24.68,3382,128272
175,175,*NOUSE*,*NOUSE*,0,0,0,0,0,0,0,0
176,176,,,52,334,62,125.00,43.01,26.14,3014,129627
177,177,*NOUSE*,*NOUSE*,0,0,0,0,0,0,0,0
178,178,,,47,1172,80,249.00,106.76,60.08,2303,245873
179,179,,,47,1281,79,242.00,104.22,50.26,2481,258564
180,180,*NOUSE*,*NOUSE*,0,0,0,0,0,0,0,0
181,181,,,49,1335,101,201.00,82.36,45.89,2673,220137
182,182,*NOUSE*,*NOUSE*,0,0,0,0,0,0,0,0
183,183,,,51,764,38,136.00,39.37,28.24,3938,155034
184,184,,WRONG,51,1446,44,235.00,73.91,48.12,3782,279512
185,185,*NOUSE*,*NOUSE*,0,0,0,0,0,0,0,0
186,186,,,55,1088,61,171.00,58.33,39.68,3812,222352
187,187,*NOUSE*,*NOUSE*,0,0,0,0,0,0,0,0
188,188,,,50,252,71,150.00,47.33,32.24,2841,134462
189,189,,,48,1185,74,242.00,86.83,43.80,3116,270577
190,190,*NOUSE*,*NOUSE*,0,0,0,0,0,0,0,0
191,191,,,52,348,88,132.00,48.85,31.06,2820,137771
192,192,*NOUSE*,*NOUSE*,0,0,0,0,0,0,0,0
193,193,*NOUSE*,*NOUSE*,0,0,0,0,0,0,0,0
194,194,*NOUSE*,*NOUSE*,0,0,0,0,0,0,0,0
195,195,*NOUSE*,*NOUSE*,0,0,0,0,0,0,0,0
196,196,,,52,1485,44,231.00,83.72,50.72,2869,240200
197,197,*NOUSE*,*NOUSE*,0,0,0,0,0,0,0,0
198,198,*NOUSE*,*NOUSE*,0,0,0,0,0,0,0,0
199,199,*NOUSE*,*NOUSE*,0,0,0,0,0,0,0,0
200,200,*NOUSE*,*NOUSE*,0,0,0,0,0,0,0,0
201,201,*NOUSE*,*NOUSE*,0,0,0,0,0,0,0,0
202,202,,,51,369,56,68.00,24.97,10.40,3295,82279
203,203,,,51,1550,78,134.00,40.42,29.38,3355,135623
204,204,*NOUSE*,*NOUSE*,0,0,0,0,0,0,0,0
205,205,,,52,668,85,125.00,39.81,25.50,4306,171440
206,206,,,53,1120,88,224.00,70.87,47.88,3023,214227
207,207,*NOUSE*,*NOUSE*,0,0,0,0,0,0,0,0
208,208,*NOUSE*,*NOUSE*,0,0,0,0,0,0,0,0
209,209,*NOUSE*,*NOUSE*,0,0,0,0,0,0,0,0
210,210,,,54,1155,45,155.00,57.21,32.44,4095,234258
211,211,,,53,1126,45,163.00,47.88,32.55,5184,248234
212,212,*NOUSE*,*NOUSE*,0,0,0,0,0,0,0,0
213,213,*NOUSE*,*NOUSE*,0,0,0,0,0,0,0,0
214,214,*NOUSE*,*NOUSE*,0,0,0,0,0,0,0,0
215,215,,,53,1097,52,174.00,62.42,36.65,3039,189694
216,216,*NOUSE*,*NOUSE*,0,0,0,0,0,0,0,0
217,217,,,52,247,59,140.00,52.26,35.55,2320,121244
218,218,*NOUSE*,*NOUSE*,0,0,0,0,0,0,0,0
219,219,,,51,1339,85,233.00,85.56,54.15,2998,256514
220,220,*NOUSE*,*NOUSE*,0,0,0,0,0,0,0,0
221,221,*NOUSE*,*NOUSE*,0,0,0,0,0,0,0,0
222,222,*NOUSE*,*NOUSE*,0,0,0,0,0,0,0,0
223,223,,,52,1194,96,216.00,97.05,51.17,2220,215445
224,224,*NOUSE*,*NOUSE*,0,0,0,0,0,0,0,0
225,225,,,53,1175,49,202.00,83.55,44.92,2903,242544
226,226,*NOUSE*,*NOUSE*,0,0,0,0,0,0,0,0
227,227,,,53,233,65,147.00,46.51,31.04,2639,122729
228,228,*NOUSE*,*NOUSE*,0,0,0,0,0,0,0,0
229,229,*NOUSE*,*NOUSE*,0,0,0,0,0,0,0,0
230,230,,,53,981,84,73.00,23.96, 9.60,5940,142323
231,231,*NOUSE*,*NOUSE*,0,0,0,0,0,0,0,0
232,232,,,58,1095,85,167.00,53.56,37.97,3408,182542
233,233,*NOUSE*,*NOUSE*,0,0,0,0,0,0,0,0
234,234,*NOUSE*,*NOUSE*,0,0,0,0,0,0,0,0
235,235,*NOUSE*,*NOUSE*,0,0,0,0,0,0,0,0
236,236,*NOUSE*,*NOUSE*,0,0,0,0,0,0,0,0
237,237,*NOUSE*,*NOUSE*,0,0,0,0,0,0,0,0
238,238,*NOUSE*,*NOUSE*,0,0,0,0,0,0,0,0
239,239,*NOUSE*,*NOUSE*,0,0,0,0,0,0,0,0
240,240,,,51,1199,69,218.00,77.96,36.99,3180,247914
241,241,,,56,313,81,128.00,51.19,27.38,2833,145035
242,242,,,53,1380,90,161.00,63.42,31.25,3754,238091
243,243,*NOUSE*,*NOUSE*,0,0,0,0,0,0,0,0
244,244,*NOUSE*,*NOUSE*,0,0,0,0,0,0,0,0
245,245,*NOUSE*,*NOUSE*,0,0,0,0,0,0,0,0
246,246,*NOUSE*,*NOUSE*,0,0,0,0,0,0,0,0
247,247,*NOUSE*,*NOUSE*,0,0,0,0,0,0,0,0
248,248,,,56,1215,105,140.00,55.74,27.58,3555,198139
249,249,,,56,1153,31,162.00,41.98,28.46,5316,223165
250,250,,,56,1307,40,189.00,68.42,43.71,4024,275310
251,251,,,57,1389,36,163.00,56.98,31.33,3731,212608
252,252,,,54,1273,50,205.00,101.04,43.45,2611,263808
253,253,*NOUSE*,*NOUSE*,0,0,0,0,0,0,0,0
254,254,,,56,627,52,49.00,19.80, 6.85,4591,90908
255,255,,,55,219,71,120.00,41.78,27.53,2975,124292
256,256,*NOUSE*,*NOUSE*,0,0,0,0,0,0,0,0
257,257,*NOUSE*,*NOUSE*,0,0,0,0,0,0,0,0
258,258,*NOUSE*,*NOUSE*,0,0,0,0,0,0,0,0
259,259,*NOUSE*,*NOUSE*,0,0,0,0,0,0,0,0
260,260,*NOUSE*,*NOUSE*,0,0,0,0,0,0,0,0
261,261,*NOUSE*,*NOUSE*,0,0,0,0,0,0,0,0
262,262,,,55,1269,36,144.00,55.56,21.94,2221,123398
263,263,*NOUSE*,*NOUSE*,0,0,0,0,0,0,0,0
264,264,,,56,1407,37,192.00,60.09,36.44,3362,202009
265,265,*NOUSE*,*NOUSE*,0,0,0,0,0,0,0,0
266,266,*NOUSE*,*NOUSE*,0,0,0,0,0,0,0,0
267,267,*NOUSE*,*NOUSE*,0,0,0,0,0,0,0,0
268,268,,,56,309,57,127.00,46.28,26.31,2764,127914
269,269,*NOUSE*,*NOUSE*,0,0,0,0,0,0,0,0
270,270,*NOUSE*,*NOUSE*,0,0,0,0,0,0,0,0
271,271,,,57,1366,55,229.00,72.88,47.75,3416,248942
272,272,,,56,134,64,82.00,33.73,17.00,3382,114066
273,273,,,62,197,71,127.00,37.46,23.54,3755,140672
274,274,,,57,810,94,193.00,45.44,38.06,4815,218784
275,275,*NOUSE*,*NOUSE*,0,0,0,0,0,0,0,0
276,276,,,58,1056,105,175.00,47.35,37.17,3506,166005
277,277,*NOUSE*,*NOUSE*,0,0,0,0,0,0,0,0
278,278,*NOUSE*,*NOUSE*,0,0,0,0,0,0,0,0
279,279,,,57,1339,66,182.00,62.25,36.51,4237,263747
280,280,,,59,1195,83,154.00,63.68,30.16,3624,230783
281,281,*NOUSE*,*NOUSE*,0,0,0,0,0,0,0,0
282,282,*NOUSE*,*NOUSE*,0,0,0,0,0,0,0,0
283,283,,,57,1540,92,173.00,47.35,34.42,3271,154871
284,284,,,58,835,95,167.00,45.70,37.79,3819,174511
285,285,,,58,932,97,180.00,48.62,40.53,4933,239852
286,286,,,58,587,96,150.00,41.53,32.71,3301,137099
287,287,,,57,1032,101,197.00,53.90,43.77,3462,186587
288,288,,,58,1302,107,185.00,53.38,37.87,2919,155812
289,289,,,58,1261,108,187.00,58.81,35.67,2778,163380
290,290,*NOUSE*,*NOUSE*,0,0,0,0,0,0,0,0
291,291,,,59,229,54,107.00,38.86,23.54,3029,117722
292,292,,,57,1546,54,139.00,40.44,26.67,4134,167174
293,293,,,58,292,70,144.00,57.64,29.37,2976,171531
294,294,,,60,909,80,66.00,22.61, 9.03,6997,158220
295,295,,,59,486,91,146.00,41.20,31.41,3447,142023
296,296,,,57,301,92,110.00,41.89,22.64,3025,126705
297,297,,,61,1103,90,224.00,78.80,52.34,3023,238210
298,298,,,60,1159,88,205.00,69.99,39.72,2957,206971
299,299,*NOUSE*,*NOUSE*,0,0,0,0,0,0,0,0
300,300,,,58,896,93,160.00,42.02,34.71,3553,149291
301,301,,,59,750,94,156.00,44.69,33.19,4210,188157
302,302,,,58,648,97,157.00,47.19,34.46,3443,162482
303,303,*NOUSE*,*NOUSE*,0,0,0,0,0,0,0,0
304,304,,,58,1106,106,191.00,57.62,41.24,3034,174820
305,305,*NOUSE*,*NOUSE*,0,0,0,0,0,0,0,0
306,306,*NOUSE*,*NOUSE*,0,0,0,0,0,0,0,0
307,307,*NOUSE*,*NOUSE*,0,0,0,0,0,0,0,0
308,308,,,57,1200,108,189.00,68.64,42.83,2248,154304
309,309,,,58,1121,105,191.00,61.63,40.85,2981,183732
310,310,*NOUSE*,*NOUSE*,0,0,0,0,0,0,0,0
311,311,*NOUSE*,*NOUSE*,0,0,0,0,0,0,0,0
312,312,*NOUSE*,*NOUSE*,0,0,0,0,0,0,0,0
313,313,*NOUSE*,*NOUSE*,0,0,0,0,0,0,0,0
314,314,*NOUSE*,*NOUSE*,0,0,0,0,0,0,0,0
315,315,,,59,261,55,134.00,53.22,28.73,2193,116715
316,316,,,59,152,71,109.00,36.97,21.95,3278,121183
317,317,,,59,166,73,100.00,34.77,18.95,3055,106236
318,318,*NOUSE*,*NOUSE*,0,0,0,0,0,0,0,0
319,319,*NOUSE*,*NOUSE*,0,0,0,0,0,0,0,0
320,320,,,59,1586,90,140.00,41.05,29.64,3694,151627
321,321,*NOUSE*,*NOUSE*,0,0,0,0,0,0,0,0
322,322,*NOUSE*,*NOUSE*,0,0,0,0,0,0,0,0
323,323,*NOUSE*,*NOUSE*,0,0,0,0,0,0,0,0
324,324,*NOUSE*,*NOUSE*,0,0,0,0,0,0,0,0
325,325,,,60,128,73,99.00,36.22,19.03,2767,100225
326,326,*NOUSE*,*NOUSE*,0,0,0,0,0,0,0,0
327,327,,,61,473,78,56.00,24.87, 9.48,4436,110316
328,328,,,59,458,89,123.00,40.79,28.57,2895,118095
329,329,*NOUSE*,*NOUSE*,0,0,0,0,0,0,0,0
330,330,*NOUSE*,*NOUSE*,0,0,0,0,0,0,0,0
331,331,*NOUSE*,*NOUSE*,0,0,0,0,0,0,0,0
332,332,*NOUSE*,*NOUSE*,0,0,0,0,0,0,0,0
333,333,*NOUSE*,*NOUSE*,0,0,0,0,0,0,0,0
334,334,,,61,1212,34,147.00,55.98,30.53,2608,145989
335,335,,,60,933,43,47.00,22.70, 7.47,2563,58184
336,336,*NOUSE*,*NOUSE*,0,0,0,0,0,0,0,0
337,337,*NOUSE*,*NOUSE*,0,0,0,0,0,0,0,0
338,338,*NOUSE*,*NOUSE*,0,0,0,0,0,0,0,0
339,339,,,61,183,59,109.00,36.28,22.27,3188,115651
340,340,*NOUSE*,*NOUSE*,0,0,0,0,0,0,0,0
341,341,,,59,65,71,92.00,32.13,17.45,2747,88268
342,342,*NOUSE*,*NOUSE*,0,0,0,0,0,0,0,0
343,343,*NOUSE*,*NOUSE*,0,0,0,0,0,0,0,0
344,344,*NOUSE*,*NOUSE*,0,0,0,0,0,0,0,0
345,345,,,60,558,92,128.00,38.73,28.58,3041,117774
346,346,*NOUSE*,*NOUSE*,0,0,0,0,0,0,0,0
347,347,,,61,717,93,158.00,45.91,33.70,2874,131956
348,348,,,57,1268,95,215.00,100.24,48.00,1842,184646
349,349,*NOUSE*,*NOUSE*,0,0,0,0,0,0,0,0
350,350,,,63,814,32,133.00,42.58,30.45,2822,120166
351,351,,,61,1238,46,164.00,72.00,32.39,3801,273685
352,352,*NOUSE*,*NOUSE*,0,0,0,0,0,0,0,0
353,353,*NOUSE*,*NOUSE*,0,0,0,0,0,0,0,0
354,354,*NOUSE*,*NOUSE*,0,0,0,0,0,0,0,0
355,355,,,65,929,30,145.00,39.54,27.93,3813,150760
356,356,*NOUSE*,*NOUSE*,0,0,0,0,0,0,0,0
357,357,,,63,769,46,52.00,20.43, 7.64,4667,95356
358,358,*NOUSE*,*NOUSE*,0,0,0,0,0,0,0,0
359,359,,,64,416,50,104.00,33.99,19.19,3000,101978
360,360,,,63,1198,64,158.00,65.81,28.60,3451,227104
361,361,*NOUSE*,*NOUSE*,0,0,0,0,0,0,0,0
362,362,,,63,352,89,118.00,41.97,25.36,3736,156790
363,363,,,63,1198,95,235.00,98.03,49.06,2402,235476
364,364,*NOUSE*,*NOUSE*,0,0,0,0,0,0,0,0
365,365,*NOUSE*,*NOUSE*,0,0,0,0,0,0,0,0
366,366,,,64,1118,30,164.00,45.85,29.90,3003,137683
367,367,,,64,1179,32,140.00,49.84,28.57,4529,225709
368,368,,,65,652,36,125.00,42.63,28.60,2659,113366
369,369,,,64,490,43,131.00,40.00,25.87,2802,112082
370,370,,,64,1276,42,218.00,88.04,42.14,3212,282789
371,371,*NOUSE*,*NOUSE*,0,0,0,0,0,0,0,0
372,372,*NOUSE*,*NOUSE*,0,0,0,0,0,0,0,0
373,373,*NOUSE*,*NOUSE*,0,0,0,0,0,0,0,0
374,374,*NOUSE*,*NOUSE*,0,0,0,0,0,0,0,0
375,375,*NOUSE*,*NOUSE*,0,0,0,0,0,0,0,0
376,376,*NOUSE*,*NOUSE*,0,0,0,0,0,0,0,0
377,377,,,67,1184,66,197.00,72.85,35.91,3322,242011
378,378,*NOUSE*,*NOUSE*,0,0,0,0,0,0,0,0
379,379,*NOUSE*,*NOUSE*,0,0,0,0,0,0,0,0
380,380,*NOUSE*,*NOUSE*,0,0,0,0,0,0,0,0
381,381,*NOUSE*,*NOUSE*,0,0,0,0,0,0,0,0
382,382,*NOUSE*,*NOUSE*,0,0,0,0,0,0,0,0
383,383,,,64,1127,88,146.00,50.37,30.64,4173,210175
384,384,*NOUSE*,*NOUSE*,0,0,0,0,0,0,0,0
385,385,,,64,1356,100,190.00,69.94,41.06,2973,207939
386,386,*NOUSE*,*NOUSE*,0,0,0,0,0,0,0,0
387,387,,,65,578,41,127.00,38.12,25.91,3288,125326
388,388,*NOUSE*,*NOUSE*,0,0,0,0,0,0,0,0
389,389,*NOUSE*,*NOUSE*,0,0,0,0,0,0,0,0
390,390,,,65,209,60,73.00,27.26,11.94,4131,112629
391,391,*NOUSE*,*NOUSE*,0,0,0,0,0,0,0,0
392,392,,,66,308,62,161.00,40.96,24.17,3515,143957
393,393,*NOUSE*,*NOUSE*,0,0,0,0,0,0,0,0
394,394,,,65,1423,76,212.00,67.71,40.40,3027,204946
395,395,*NOUSE*,*NOUSE*,0,0,0,0,0,0,0,0
396,396,*NOUSE*,*NOUSE*,0,0,0,0,0,0,0,0
397,397,*NOUSE*,*NOUSE*,0,0,0,0,0,0,0,0
398,398,*NOUSE*,*NOUSE*,0,0,0,0,0,0,0,0
399,399,*NOUSE*,*NOUSE*,0,0,0,0,0,0,0,0
400,400,*NOUSE*,*NOUSE*,0,0,0,0,0,0,0,0
401,401,,,67,1042,41,80.00,27.79,12.59,6620,183943
402,402,,,66,1428,40,153.00,56.66,32.20,4365,247323
403,403,,,63,1387,49,179.00,88.73,38.14,1150,102035
404,404,*NOUSE*,*NOUSE*,0,0,0,0,0,0,0,0
405,405,,,66,1167,52,184.00,55.38,31.18,4118,228048
406,406,,,64,248,59,151.00,47.40,32.24,3057,144911
407,407,*NOUSE*,*NOUSE*,0,0,0,0,0,0,0,0
408,408,*NOUSE*,*NOUSE*,0,0,0,0,0,0,0,0
409,409,*NOUSE*,*NOUSE*,0,0,0,0,0,0,0,0
410,410,,,64,234,66,122.00,46.35,29.73,3316,153692
411,411,*NOUSE*,*NOUSE*,0,0,0,0,0,0,0,0
412,412,*NOUSE*,*NOUSE*,0,0,0,0,0,0,0,0
413,413,,,67,1350,35,164.00,57.88,29.42,2833,163980
414,414,,,68,858,36,144.00,36.49,24.56,3529,128759
415,415,*NOUSE*,*NOUSE*,0,0,0,0,0,0,0,0
416,416,*NOUSE*,*NOUSE*,0,0,0,0,0,0,0,0
417,417,,,67,265,63,151.00,47.42,33.06,3313,157118
418,418,,,67,1096,56,182.00,57.78,38.41,3842,221986
419,419,*NOUSE*,*NOUSE*,0,0,0,0,0,0,0,0
420,420,*NOUSE*,*NOUSE*,0,0,0,0,0,0,0,0
421,421,*NOUSE*,*NOUSE*,0,0,0,0,0,0,0,0
422,422,*NOUSE*,*NOUSE*,0,0,0,0,0,0,0,0
423,423,,,67,1554,76,146.00,36.74,24.78,4631,170143
424,424,,,70,1154,72,136.00,50.00,26.01,3779,188946
425,425,,,69,1114,81,201.00,66.11,43.85,3311,218894
426,426,,,69,1370,81,193.00,67.94,39.65,3036,206268
427,427,*NOUSE*,*NOUSE*,0,0,0,0,0,0,0,0
428,428,,,68,1013,98,139.00,41.58,29.38,4882,202984
429,429,*NOUSE*,*NOUSE*,0,0,0,0,0,0,0,0
430,430,,,68,729,37,123.00,37.94,23.75,3447,130775
431,431,,,67,1152,44,184.00,55.98,39.91,4376,244955
432,432,,,70,1369,42,177.00,63.33,37.28,4080,258377
433,433,,,68,1458,45,145.00,54.94,27.63,3731,204974
434,434,,,73,628,52,104.00,34.08,20.68,5876,200259
435,435,*NOUSE*,*NOUSE*,0,0,0,0,0,0,0,0
436,436,*NOUSE*,*NOUSE*,0,0,0,0,0,0,0,0
437,437,*NOUSE*,*NOUSE*,0,0,0,0,0,0,0,0
438,438,,,69,322,71,113.00,36.71,22.91,3639,133586
439,439,*NOUSE*,*NOUSE*,0,0,0,0,0,0,0,0
440,440,,,69,1240,79,167.00,71.41,33.98,2622,187226
441,441,*NOUSE*,*NOUSE*,0,0,0,0,0,0,0,0
442,442,,,67,315,84,125.00,45.60,27.32,3346,152564
443,443,*NOUSE*,*NOUSE*,0,0,0,0,0,0,0,0
444,444,,,70,1228,90,198.00,76.49,42.87,2527,193295
445,445,*NOUSE*,*NOUSE*,0,0,0,0,0,0,0,0
446,446,*NOUSE*,*NOUSE*,0,0,0,0,0,0,0,0
447,447,,,68,1420,98,133.00,49.42,25.22,3550,175433
448,448,,,68,1291,40,203.00,72.69,45.45,3403,247377
449,449,*NOUSE*,*NOUSE*,0,0,0,0,0,0,0,0
450,450,,,72,1130,52,131.00,42.66,26.68,4749,202575
451,451,*NOUSE*,*NOUSE*,0,0,0,0,0,0,0,0
452,452,*NOUSE*,*NOUSE*,0,0,0,0,0,0,0,0
453,453,*NOUSE*,*NOUSE*,0,0,0,0,0,0,0,0
454,454,*NOUSE*,*NOUSE*,0,0,0,0,0,0,0,0
455,455,,,73,1321,88,221.00,67.87,41.99,3196,216912
456,456,*NOUSE*,*NOUSE*,0,0,0,0,0,0,0,0
457,457,,,71,1095,36,134.00,44.38,27.76,2190,97192
458,458,,,72,1353,48,241.00,81.54,47.97,3412,278209
459,459,,,71,1439,54,184.00,60.09,35.67,3768,226435
460,460,*NOUSE*,*NOUSE*,0,0,0,0,0,0,0,0
461,461,,,70,295,72,108.00,38.69,23.22,3898,150818
462,462,*NOUSE*,*NOUSE*,0,0,0,0,0,0,0,0
463,463,*NOUSE*,*NOUSE*,0,0,0,0,0,0,0,0
464,464,*NOUSE*,*NOUSE*,0,0,0,0,0,0,0,0
465,465,,,72,1434,84,194.00,62.40,41.52,2925,182527
466,466,,,71,881,89,126.00,40.21,27.27,3922,157718
467,467,,,71,960,91,173.00,47.21,37.78,3786,178727
468,468,*NOUSE*,*NOUSE*,0,0,0,0,0,0,0,0
469,469,*NOUSE*,*NOUSE*,0,0,0,0,0,0,0,0
470,470,*NOUSE*,*NOUSE*,0,0,0,0,0,0,0,0
471,471,,,71,829,42,129.00,39.51,27.16,3236,127850
472,472,*NOUSE*,*NOUSE*,0,0,0,0,0,0,0,0
473,473,*NOUSE*,*NOUSE*,0,0,0,0,0,0,0,0
474,474,,,74,1422,54,160.00,59.63,35.83,3794,226223
475,475,*NOUSE*,*NOUSE*,0,0,0,0,0,0,0,0
476,476,,,73,1337,51,224.00,88.24,44.39,3841,338924
477,477,,,73,1322,56,194.00,71.88,38.73,3350,240807
478,478,*NOUSE*,*NOUSE*,0,0,0,0,0,0,0,0
479,479,*NOUSE*,*NOUSE*,0,0,0,0,0,0,0,0
480,480,*NOUSE*,*NOUSE*,0,0,0,0,0,0,0,0
481,481,,,71,1258,70,177.00,75.81,36.38,2773,210212
482,482,*NOUSE*,*NOUSE*,0,0,0,0,0,0,0,0
483,483,*NOUSE*,*NOUSE*,0,0,0,0,0,0,0,0
484,484,*NOUSE*,*NOUSE*,0,0,0,0,0,0,0,0
485,485,*NOUSE*,*NOUSE*,0,0,0,0,0,0,0,0
486,486,*NOUSE*,*NOUSE*,0,0,0,0,0,0,0,0
487,487,*NOUSE*,*NOUSE*,0,0,0,0,0,0,0,0
488,488,*NOUSE*,*NOUSE*,0,0,0,0,0,0,0,0
489,489,,,73,988,90,170.00,44.76,35.94,4138,185208
490,490,*NOUSE*,*NOUSE*,0,0,0,0,0,0,0,0
491,491,,,72,757,87,124.00,37.08,21.92,4284,158833
492,492,,,71,1456,90,123.00,49.46,23.23,2427,120032
493,493,*NOUSE*,*NOUSE*,0,0,0,0,0,0,0,0
494,494,,,71,1190,94,202.00,79.12,40.95,2308,182602
495,495,,,73,920,89,141.00,39.00,27.57,5088,198417
496,496,*NOUSE*,*NOUSE*,0,0,0,0,0,0,0,0
497,497,*NOUSE*,*NOUSE*,0,0,0,0,0,0,0,0
498,498,*NOUSE*,*NOUSE*,0,0,0,0,0,0,0,0
499,499,*NOUSE*,*NOUSE*,0,0,0,0,0,0,0,0
500,500,*NOUSE*,*NOUSE*,0,0,0,0,0,0,0,0
501,501,*NOUSE*,*NOUSE*,0,0,0,0,0,0,0,0
502,502,,,70,1337,66,192.00,76.24,37.35,2702,205991
503,503,*NOUSE*,*NOUSE*,0,0,0,0,0,0,0,0
504,504,*NOUSE*,*NOUSE*,0,0,0,0,0,0,0,0
505,505,*NOUSE*,*NOUSE*,0,0,0,0,0,0,0,0
506,506,,,72,1260,98,195.00,80.13,43.34,2079,166594
507,507,,,74,1456,56,152.00,52.59,31.18,4248,223405
508,508,,,72,1216,75,158.00,67.48,31.86,1984,133878
509,509,*NOUSE*,*NOUSE*,0,0,0,0,0,0,0,0
510,510,*NOUSE*,*NOUSE*,0,0,0,0,0,0,0,0
511,511,,,73,1359,89,202.00,72.13,43.67,2560,184650
512,512,,,72,1158,96,152.00,54.61,31.39,3824,208843
513,513,*NOUSE*,*NOUSE*,0,0,0,0,0,0,0,0
514,514,*NOUSE*,*NOUSE*,0,0,0,0,0,0,0,0
515,515,*NOUSE*,*NOUSE*,0,0,0,0,0,0,0,0
516,516,*NOUSE*,*NOUSE*,0,0,0,0,0,0,0,0
517,517,*NOUSE*,*NOUSE*,0,0,0,0,0,0,0,0
518,518,*NOUSE*,*NOUSE*,0,0,0,0,0,0,0,0
519,519,,,74,1140,93,172.00,52.84,36.91,3243,171371
520,520,*NOUSE*,*NOUSE*,0,0,0,0,0,0,0,0
521,521,,,77,761,56,125.00,38.23,26.13,3448,131807
522,522,,,76,1026,69,178.00,47.54,37.96,3693,175575
523,523,*NOUSE*,*NOUSE*,0,0,0,0,0,0,0,0
524,524,*NOUSE*,*NOUSE*,0,0,0,0,0,0,0,0
525,525,*NOUSE*,*NOUSE*,0,0,0,0,0,0,0,0
526,526,,,77,1349,82,197.00,77.34,44.97,2580,199548
527,527,*NOUSE*,*NOUSE*,0,0,0,0,0,0,0,0
528,528,,,75,1322,45,149.00,60.21,32.71,1824,109826
529,529,*NOUSE*,*NOUSE*,0,0,0,0,0,0,0,0
530,530,*NOUSE*,*NOUSE*,0,0,0,0,0,0,0,0
531,531,*NOUSE*,*NOUSE*,0,0,0,0,0,0,0,0
532,532,*NOUSE*,*NOUSE*,0,0,0,0,0,0,0,0
533,533,*NOUSE*,*NOUSE*,0,0,0,0,0,0,0,0
534,534,*NOUSE*,*NOUSE*,0,0,0,0,0,0,0,0
535,535,,,74,1490,83,133.00,48.20,28.77,1622,78185
536,536,,,77,844,49,87.00,23.98,10.86,4814,115424
537,537,*NOUSE*,*NOUSE*,0,0,0,0,0,0,0,0
538,538,,,75,515,70,65.00,26.01,11.95,3667,95392
539,539,*NOUSE*,*NOUSE*,0,0,0,0,0,0,0,0
540,540,,,79,1099,77,186.00,50.52,39.02,3860,195017
541,541,,,80,1158,82,140.00,47.65,31.44,4275,203707
542,542,*NOUSE*,*NOUSE*,0,0,0,0,0,0,0,0
543,543,,,77,1178,50,101.00,40.28,15.84,4269,171939
544,544,,,78,1051,59,87.00,29.32,14.39,5454,159901
545,545,,,79,1308,64,170.00,51.87,33.74,3581,185764
546,546,*NOUSE*,*NOUSE*,0,0,0,0,0,0,0,0
547,547,*NOUSE*,*NOUSE*,0,0,0,0,0,0,0,0
548,548,,,77,1511,66,107.00,36.43,19.26,5281,192403
549,549,,,76,1385,91,143.00,52.37,25.97,3494,182983
550,550,*NOUSE*,*NOUSE*,0,0,0,0,0,0,0,0
551,551,,,79,1105,53,105.00,37.64,19.64,4795,180490
552,552,*NOUSE*,*NOUSE*,0,0,0,0,0,0,0,0
553,553,*NOUSE*,*NOUSE*,0,0,0,0,0,0,0,0
554,554,*NOUSE*,*NOUSE*,0,0,0,0,0,0,0,0
555,555,,,80,1270,60,152.00,58.83,35.08,3252,191301
556,556,,,80,1288,66,162.00,57.90,34.58,3741,216616
557,557,*NOUSE*,*NOUSE*,0,0,0,0,0,0,0,0
558,558,*NOUSE*,*NOUSE*,0,0,0,0,0,0,0,0
559,559,,,79,1248,63,135.00,59.77,29.55,3531,211035
560,560,*NOUSE*,*NOUSE*,0,0,0,0,0,0,0,0
561,561,,,79,786,67,69.00,26.98,13.19,4249,114646
562,562,,,81,1263,76,151.00,57.33,34.75,4078,233789
563,563,,,80,1225,80,136.00,53.54,24.21,3440,184193
564,564,,,80,1291,83,184.00,62.49,39.13,2927,182913
565,565,*NOUSE*,*NOUSE*,0,0,0,0,0,0,0,0
566,566,,,80,1079,57,76.00,28.21,13.54,4671,131776
567,567,*NOUSE*,*NOUSE*,0,0,0,0,0,0,0,0
568,568,,,80,843,71,99.00,31.76,17.09,4007,127274
569,569,*NOUSE*,*NOUSE*,0,0,0,0,0,0,0,0
570,570,,,80,744,75,76.00,29.84,14.03,4500,134267
571,571,,,81,935,77,103.00,33.96,18.89,4739,160928
572,572,,,81,893,65,94.00,27.46,13.72,4395,120673
573,573,*NOUSE*,*NOUSE*,0,0,0,0,0,0,0,0
574,574,*NOUSE*,*NOUSE*,0,0,0,0,0,0,0,0
575,575,*NOUSE*,*NOUSE*,0,0,0,0,0,0,0,0
576,576,*NOUSE*,*NOUSE*,0,0,0,0,0,0,0,0
577,577,*NOUSE*,*NOUSE*,0,0,0,0,0,0,0,0
578,578,*NOUSE*,*NOUSE*,0,0,0,0,0,0,0,0
579,579,*NOUSE*,*NOUSE*,0,0,0,0,0,0,0,0
580,580,*NOUSE*,*NOUSE*,0,0,0,0,0,0,0,0
581,581,*NOUSE*,*NOUSE*,0,0,0,0,0,0,0,0
582,582,,*MANUAL*,80,1175,83,191.00,124.44,25.88,853,106144
583,583,,*MANUAL*,77,1177,74,204.00,139.84,28.50,843,117882
584,584,,*MANUAL*,79,1189,81,180.00,117.32,26.60,861,101011
585,585,,*MANUAL*,79,1204,82,174.00,116.62,24.32,871,101576
586,586,,*MANUAL*,80,1243,80,186.00,121.04,22.98,895,108330
587,587,,*MANUAL*,78,1205,69,190.00,127.59,24.63,895,114189
588,588,,*MANUAL*,78,1190,64,178.00,110.05,25.95,895,98493
589,589,,*MANUAL*,78,1201,55,211.00,130.83,28.70,843,110290
590,590,*NOUSE*,*NOUSE*,0,0,0,0,0,0,0,0
591,591,,*MANUAL*$590$567,77,1224,60,176.00,70.99,29.25,2260,160438
592,592,,*MANUAL*,78,1277,81,195.00,126.56,27.50,895,113268
593,593,,*MANUAL*,74,1243,44,172.00,113.20,24.12,895,101310
594,594,,*MANUAL*,73,1212,46,202.00,137.73,27.47,892,122854
595,595,,*MANUAL*,71,1226,44,189.00,119.95,27.52,895,107358
596,596,,*MANUAL*,75,1281,51,222.00,124.11,41.89,889,110331
597,597,,*MANUAL*,71,1259,53,159.00,110.06,21.97,846,93112
598,598,,*MANUAL*,68,1243,57,177.00,100.32,27.71,1365,136934
599,599,*NOUSE*,*NOUSE*,0,0,0,0,0,0,0,0
600,600,,*MANUAL*,70,1231,66,203.00,110.81,32.10,895,99171
601,601,,*MANUAL*,70,1206,56,204.00,142.72,26.92,895,127735
602,602,,*MANUAL*,63,1206,46,220.00,154.49,30.54,895,138271
603,603,,*MANUAL*,64,1222,54,174.00,107.33,24.42,1365,146512
604,604,,*MANUAL*,63,1259,46,158.00,108.89,22.59,1365,148641
605,605,,*MANUAL*,69,1272,54,199.00,134.61,25.43,895,120477
606,606,,*MANUAL*,70,1288,56,250.00,172.82,34.33,705,121837
607,607,,*MANUAL*,62,1289,55,251.00,181.38,36.29,879,159437
608,608,,*MANUAL*,71,1278,69,173.00,114.50,27.01,895,102474
609,609,,*MANUAL*,70,1286,80,220.00,124.23,38.94,879,109201
610,610,,*MANUAL*,66,1285,90,233.00,138.30,42.70,803,111053
611,611,,*MANUAL*,34,1182,86,240.00,153.87,36.75,886,136329
612,612,,*MANUAL*,35,1242,83,220.00,143.25,37.39,785,112448
613,613,,*MANUAL*,35,1207,67,215.00,151.35,32.26,889,134547
614,614,,*MANUAL*,36,1200,54,244.00,168.83,34.26,837,141309
615,615,,*MANUAL*,36,1226,61,177.00,99.70,32.03,1365,136092
616,616,,*MANUAL*,38,1243,51,220.00,136.92,34.81,895,122542
617,617,,*MANUAL*,44,1225,52,216.00,151.46,24.31,863,130708
618,618,,*MANUAL*,40,1274,54,229.00,140.07,36.95,893,125085
619,619,,*MANUAL*,48,1266,59,246.00,162.78,31.95,895,145688
620,620,,*MANUAL*,46,1281,61,245.00,168.53,30.22,871,146793
621,621,,*MANUAL*,52,1289,58,252.00,169.66,43.23,895,151844
622,622,,*MANUAL*,42,1200,72,223.00,161.83,25.54,895,144834
623,623,,*MANUAL*,45,1254,54,216.00,137.12,27.53,839,115044
624,624,,*MANUAL*,43,1205,58,250.00,173.82,38.04,895,155565
625,625,,*MANUAL*,43,1194,47,245.00,158.32,40.50,895,141695
626,626,,*MANUAL*,51,1213,51,217.00,134.45,31.06,1365,183521
627,627,,*MANUAL*,51,1232,47,178.00,102.07,23.84,1365,139325
628,628,,*MANUAL*,51,1256,47,220.00,126.29,26.29,895,113033
629,629,,*MANUAL*,58,1138,108,216.00,107.12,33.34,847,90734
630,630,,*MANUAL*,64,1141,101,213.00,138.35,33.22,895,123823
631,631,,*MANUAL*,53,1148,104,233.00,140.23,33.98,886,124243
632,632,*NOUSE*,*NOUSE*,0,0,0,0,0,0,0,0
633,633,,*MANUAL*$632$386,62,1155,103,205.00,94.93,48.15,1580,149995
634,634,,*MANUAL*,54,1163,105,226.00,138.97,37.10,895,124376
635,635,,*MANUAL*,64,1170,101,232.00,132.45,40.02,893,118281
636,636,,*MANUAL*,55,1175,106,232.00,151.71,40.06,853,129405
637,637,,*MANUAL*,62,1185,102,243.00,139.66,45.25,769,107397
638,638,,*MANUAL*,56,1187,107,251.00,157.93,51.99,895,141351
639,639,,*MANUAL*$275$222,54,1215,95,95.00,45.15,16.07,3075,138839
640,640,,*MANUAL*,43,1184,90,206.00,134.59,35.90,895,120461
641,641,,*MANUAL*,71,1205,89,181.00,125.13,26.44,895,111987
642,642,,*MANUAL*,70,1178,90,218.00,125.91,30.18,891,112184
643,643,,*MANUAL*,46,1248,99,226.00,135.83,35.61,831,112871
644,644,,*MANUAL*,44,1276,95,221.00,144.44,35.12,825,119166
645,645,,*MANUAL*,52,1253,93,224.00,150.88,27.80,872,131564
646,646,,*MANUAL*,51,1241,93,227.00,151.37,29.58,889,134571
647,647,,*MANUAL*,42,1244,87,246.00,161.32,35.58,895,144382
648,648,,*MANUAL*,49,1269,92,241.00,170.63,29.54,895,152718
649,649,,*MANUAL*,71,1244,95,215.00,129.56,33.67,835,108180
650,650,,*MANUAL*,71,1279,94,193.00,134.22,27.70,864,115970
651,651,,*MANUAL*,65,1271,92,240.00,163.41,39.05,861,140692
652,652,,*MANUAL*,62,1253,95,231.00,141.34,30.28,895,126502
653,653,,*MANUAL*,62,1238,95,224.00,142.65,28.57,861,122821
654,654,,*MANUAL*,74,1250,88,206.00,141.35,28.23,885,125093
655,655,,*MANUAL*,67,1258,85,204.00,131.21,33.56,873,114543
656,656,,*MANUAL*,72,1267,86,230.00,146.37,29.03,895,131000
657,657,,*MANUAL*,81,1325,72,139.00,72.57,25.08,1177,85415
658,658,,*MANUAL*,79,1355,65,184.00,116.08,29.70,765,88802
659,659,,*MANUAL*,77,1360,75,203.00,121.53,28.75,895,108773
660,660,,*MANUAL*,76,1336,79,205.00,118.77,29.82,1323,157130
661,661,,*MANUAL*,70,1338,87,221.00,131.88,36.35,767,101151
662,662,*NOUSE*,*NOUSE*,0,0,0,0,0,0,0,0
663,663,,*MANUAL*,62,1316,103,230.00,135.37,38.16,821,111138
664,664,,*MANUAL*,59,1329,100,225.00,146.33,31.52,792,115894
665,665,,*MANUAL*,81,1380,65,188.00,117.02,30.81,867,101457
666,666,,*MANUAL*,80,1379,75,220.00,127.17,35.90,895,113815
667,667,,*MANUAL*,78,1405,72,185.00,108.24,35.12,895,96877
668,668,,*MANUAL*,73,1409,84,201.00,111.19,39.74,887,98628
669,669,,*MANUAL*,75,1421,77,186.00,114.26,29.56,895,102263
670,670,,*MANUAL*,75,1445,74,199.00,108.88,33.77,895,97445
671,671,,*MANUAL*,75,1463,73,170.00,99.01,31.49,895,88610
672,672,,*MANUAL*,79,1471,63,140.00,89.53,23.00,895,80132
673,673,,*MANUAL*,72,1407,51,195.00,127.70,31.58,881,112503
674,674,,*MANUAL*,77,1398,54,221.00,130.83,39.97,889,116306
675,675,,*MANUAL*,74,1376,51,199.00,117.52,37.12,895,105179
676,676,*NOUSE*,*NOUSE*,0,0,0,0,0,0,0,0
677,677,,*MANUAL*,73,1325,70,192.00,119.02,27.91,895,106526
678,678,,*MANUAL*,65,1328,46,211.00,151.40,25.20,769,116424
679,679,,*MANUAL*,58,1324,46,233.00,169.99,27.34,849,144323
680,680,,*MANUAL*$554$577,80,1431,64,127.00,46.17,25.20,4482,206934
681,681,*NOUSE*,*NOUSE*,0,0,0,0,0,0,0,0
682,682,,*MANUAL*$681$16,33,1310,80,171.00,58.78,31.71,2164,127209
683,683,,*MANUAL*,35,1349,68,227.00,148.16,39.08,783,116013
684,684,,*MANUAL*,38,1349,78,210.00,135.90,30.40,895,121627
685,685,,*MANUAL*,40,1341,88,205.00,136.28,29.87,895,121973
686,686,*NOUSE*,*NOUSE*,0,0,0,0,0,0,0,0
687,687,,*MANUAL*,43,1328,89,184.00,108.46,30.71,895,97074
688,688,,*MANUAL*,43,1316,91,217.00,113.69,33.68,895,101756
689,689,,*MANUAL*,52,1349,102,203.00,119.03,31.09,847,100816
690,690,,*MANUAL*,59,1343,99,214.00,138.08,33.10,861,118889
691,691,,*MANUAL*,54,1316,104,221.00,141.59,38.57,719,101801
692,692,,*MANUAL*,53,1370,104,203.00,95.30,40.60,719,68524
693,693,,*MANUAL*,34,1370,70,178.00,103.96,30.98,895,93046
694,694,,*MANUAL*,35,1381,80,193.00,123.81,30.15,895,110813
695,695,,*MANUAL*,37,1435,81,168.00,107.57,26.80,895,96274
696,696,,*MANUAL*,37,1458,78,197.00,110.48,32.67,794,87724
697,697,,*MANUAL*,41,1369,55,254.00,159.95,51.09,652,104287
698,698,,*MANUAL*,35,1369,58,253.00,153.67,61.47,895,137532
699,699,,*MANUAL*,37,1350,55,249.00,157.02,45.29,870,136611
700,700,,*MANUAL*,42,1348,65,240.00,149.50,41.89,895,133804
701,701,,*MANUAL*,43,1332,68,197.00,129.84,31.66,883,114653
702,702,,*MANUAL*,41,1319,74,208.00,128.59,37.29,895,115089
703,703,,*MANUAL*,42,1331,54,241.00,149.81,39.78,875,131084
704,704,,*MANUAL*,45,1344,52,252.00,191.54,33.92,799,153038
705,705,,*MANUAL*,46,1358,45,215.00,132.95,40.20,891,118454
706,706,,*MANUAL*,53,1341,51,247.00,178.55,35.32,871,155515
707,707,,*MANUAL*,49,1325,49,235.00,168.33,32.33,895,150653
708,708,,*MANUAL*$314$353,59,1598,53,117.00,36.14,22.05,3909,141279
709,709,,*MANUAL*,59,1538,43,185.00,106.06,25.86,895,94921
710,710,,*MANUAL*,58,1522,44,187.00,105.83,28.17,895,94716
711,711,,*MANUAL*,53,1509,45,208.00,106.91,33.00,895,95688
712,712,,*MANUAL*,52,1467,44,246.00,152.78,47.20,815,124512
713,713,,*MANUAL*,61,1494,45,224.00,136.48,35.96,803,109594
714,714,,*MANUAL*,61,1471,43,242.00,131.48,42.13,895,117673
715,715,,*MANUAL*,56,1288,41,195.00,133.37,24.46,895,119370
716,716,*NOUSE*,*NOUSE*,0,0,0,0,0,0,0,0
717,717,*NOUSE*,*NOUSE*,0,0,0,0,0,0,0,0
718,718,,*MANUAL*,62,1345,48,215.00,158.87,23.32,889,141238
719,719,,*MANUAL*,57,1352,38,146.00,64.94,21.07,2103,136577
720,720,,*MANUAL*$323$290,56,1432,39,160.00,68.42,33.20,2976,203626
721,721,,*MANUAL*,56,1495,38,156.00,79.68,27.05,895,71313
722,722,,*MANUAL*$331$330,60,1563,90,151.00,42.52,30.14,3407,144852
723,723,,*MANUAL*,62,1521,93,159.00,84.31,29.25,895,75459
724,724,,*MANUAL*,56,1511,94,180.00,98.52,37.61,895,88175
725,725,,*MANUAL*,63,1495,94,181.00,101.85,33.79,895,91160
726,726,,*MANUAL*,62,1471,95,187.00,105.88,38.66,895,94764
727,727,,*MANUAL*,61,1447,96,229.00,113.00,48.61,893,100912
728,728,,*MANUAL*,54,1483,95,186.00,100.55,37.82,825,82955
729,729,,*MANUAL*,54,1456,97,226.00,112.43,45.09,895,100624
730,730,,*MANUAL*,59,1334,110,142.00,54.25,24.40,895,48553
731,731,,*MANUAL*,59,1369,107,175.00,70.97,26.04,895,63519
732,732,,*MANUAL*$303$305,58,1410,103,117.00,47.72,23.00,3593,171463
733,733,*NOUSE*,*NOUSE*,0,0,0,0,0,0,0,0
734,734,,*MANUAL*$733$349,57,1479,102,153.00,61.69,28.14,1116,68849
735,735,,*MANUAL*$258$380,59,1107,81,173.00,60.64,37.53,2978,180579
736,736,,*MANUAL*$436$374,67,1112,55,153.00,46.62,27.73,4540,211647
737,737,,*MANUAL*,72,1130,72,157.00,76.48,28.88,885,67686
738,738,,*MANUAL*,69,1172,73,242.00,140.05,41.63,885,123941
739,739,,*MANUAL*,64,1174,82,209.00,137.96,24.30,719,99193
740,740,,*MANUAL*,56,1175,84,226.00,151.96,29.93,895,136004
741,741,,*MANUAL*$352$337,61,1184,53,198.00,66.39,33.80,4140,274854
742,742,,*MANUAL*,65,1343,82,223.00,144.94,34.89,895,129725
743,743,,*MANUAL*,56,1379,51,230.00,153.73,31.27,747,114840
744,744,,*MANUAL*,70,1382,68,189.00,104.28,36.22,895,93332
745,745,,*MANUAL*,63,1384,90,158.00,85.70,22.23,895,76703
746,746,,*MANUAL*,43,1381,71,184.00,104.67,33.92,895,93678
747,747,,*MANUAL*,48,1377,54,214.00,118.16,30.72,1365,161295
748,748,,*MANUAL*,45,1386,84,243.00,153.57,38.54,847,130078
749,749,,*MANUAL*,51,1389,77,246.00,148.84,44.78,895,133209
750,750,,*MANUAL*,64,1389,75,239.00,143.71,34.40,714,102607
751,751,,*MANUAL*,71,1389,79,228.00,138.23,37.54,895,123717
752,752,,*MANUAL*,59,1401,88,164.00,85.83,24.26,887,76127
753,753,,*MANUAL*,67,1398,58,180.00,110.64,27.50,741,81985
754,754,,*MANUAL*,61,1404,55,243.00,144.10,41.59,847,122055
755,755,,*MANUAL*,56,1396,53,245.00,161.53,39.31,895,144573
756,756,,*MANUAL*,45,1404,75,243.00,150.33,51.89,733,110190
757,757,,*MANUAL*,48,1402,83,242.00,149.70,41.61,895,133982
758,758,,*MANUAL*,64,1405,79,199.00,124.92,34.90,886,110676
759,759,,*MANUAL*,66,1409,69,217.00,128.11,44.28,895,114660
760,760,,*MANUAL*,54,1429,53,135.00,63.05,27.08,895,56430
761,761,,*MANUAL*,48,1422,78,210.00,117.45,45.70,861,101126
762,762,,*MANUAL*$379$378,65,1440,69,136.00,50.40,25.41,3535,178159
763,763,*NOUSE*,*NOUSE*,0,0,0,0,0,0,0,0
764,764,,*MANUAL*$763$338,59,1458,55,150.00,58.90,24.80,2013,118568
765,765,,*MANUAL*,56,1478,53,174.00,99.97,32.84,851,85072
766,766,,*MANUAL*,66,1456,76,167.00,82.46,28.06,895,73804
767,767,,*MANUAL*,45,1456,80,186.00,108.52,35.96,895,97121
768,768,*NOUSE*,*NOUSE*,0,0,0,0,0,0,0,0
769,769,,*MANUAL*$768$361,62,1474,80,138.00,56.38,23.83,2331,131415
770,770,*NOUSE*,*NOUSE*,0,0,0,0,0,0,0,0
771,771,*NOUSE*,*NOUSE*,0,0,0,0,0,0,0,0
772,772,,*MANUAL*$771$770,51,1476,82,162.00,68.60,25.64,1464,100436
773,773,*NOUSE*,*NOUSE*,0,0,0,0,0,0,0,0
774,774,,*MANUAL*$773$200,50,1466,58,137.00,57.34,25.60,2490,142768
775,775,,*MANUAL*,48,1486,80,186.00,109.04,39.47,762,83090
776,776,,*MANUAL*,67,1486,77,205.00,106.77,41.15,895,95562
777,777,,*MANUAL*,56,1500,55,186.00,94.82,41.96,895,84865
778,778,,*MANUAL*,56,1516,55,156.00,76.33,32.30,895,68311
779,779,,*MANUAL*,49,1511,79,214.00,92.66,40.63,895,82935
780,780,,*MANUAL*,50,1527,80,190.00,95.94,41.79,895,85862
781,781,,*MANUAL*,67,1510,77,175.00,94.02,37.36,895,84150
782,782,,*MANUAL*,67,1526,77,180.00,90.97,36.39,895,81422
783,783,,*MANUAL*$500$499,72,1489,53,113.00,44.21,23.52,4843,214099
784,784,*NOUSE*,*NOUSE*,0,0,0,0,0,0,0,0
785,785,,*MANUAL*$784$520,74,1391,44,145.00,68.38,26.24,1783,121928
786,786,,*MANUAL*$364$365,64,1031,28,157.00,44.11,30.60,3649,160960
787,787,,*MANUAL*$498$470,71,965,34,136.00,38.19,24.42,3819,145862
788,788,,*MANUAL*,62,296,53,122.00,71.57,19.12,819,58614
789,789,,*MANUAL*$198$226,50,338,52,113.00,35.14,19.66,2423,85147
790,790,*NOUSE*,*NOUSE*,0,0,0,0,0,0,0,0
791,791,,*MANUAL*$790$213,52,527,45,109.00,40.84,22.62,2384,97368
792,792,,*MANUAL*,47,934,37,143.00,79.86,23.06,895,71472
793,793,,*MANUAL*$69$70,41,1137,39,171.00,46.25,31.55,5577,257958
794,794,,*MANUAL*$172$148,48,1189,35,190.00,57.84,33.34,3537,204579
795,795,,*MANUAL*,46,1313,40,163.00,87.18,24.12,895,78027
796,796,,*MANUAL*,39,1306,49,186.00,92.77,30.19,1365,126627
797,797,,*MANUAL*$61$73,40,1390,47,151.00,58.55,30.53,3823,223829
798,798,*NOUSE*,*NOUSE*,0,0,0,0,0,0,0,0
799,799,,*MANUAL*$798$124,43,1470,47,222.00,84.05,38.16,1367,114903
800,800,,*MANUAL*$83$74,41,1493,56,130.00,46.79,26.44,4764,222914
801,801,,*MANUAL*,40,1487,84,158.00,72.54,25.85,1365,99013
802,802,*NOUSE*,*NOUSE*,0,0,0,0,0,0,0,0
803,803,,*MANUAL*$802$182,47,1320,103,201.00,87.66,36.09,1159,101598
804,804,*NOUSE*,*NOUSE*,0,0,0,0,0,0,0,0
805,805,,*MANUAL*$804$162,47,1181,103,213.00,88.04,41.62,1729,152220
806,806,,*MANUAL*,46,1064,96,162.00,80.58,29.52,895,72123
807,807,*NOUSE*,*NOUSE*,0,0,0,0,0,0,0,0
808,808,*NOUSE*,*NOUSE*,0,0,0,0,0,0,0,0
809,809,,*MANUAL*$114$156,45,915,87,177.00,41.36,29.97,4735,195849
810,810,,*MANUAL*$170$192,50,859,92,146.00,43.97,31.62,5112,224789
811,811,*NOUSE*,*NOUSE*,0,0,0,0,0,0,0,0
812,812,,*MANUAL*$811$259,52,728,89,154.00,68.99,33.83,1555,107283
813,813,,*MANUAL*,45,737,85,164.00,91.54,31.80,895,81929
814,814,,*MANUAL*$138$207,49,646,89,136.00,43.32,28.46,4185,181285
815,815,,*MANUAL*$233$234,53,530,90,115.00,36.68,21.52,3518,129033
816,816,*NOUSE*,*NOUSE*,0,0,0,0,0,0,0,0
817,817,,*MANUAL*$816$235,51,427,88,118.00,45.51,23.34,1580,71909
818,818,*NOUSE*,*NOUSE*,0,0,0,0,0,0,0,0
819,819,,*MANUAL*$818$256,54,240,80,109.00,45.97,22.34,2059,94646
820,820,*NOUSE*,*NOUSE*,0,0,0,0,0,0,0,0
821,821,,*MANUAL*$820$382,63,226,78,112.00,47.29,22.31,1758,83130
822,822,,*MANUAL*$486$463,69,438,85,101.00,33.87,18.55,3218,109006
823,823,,*MANUAL*$488$490,70,512,85,83.00,30.81,16.51,3937,121301
824,824,,*MANUAL*,66,596,87,106.00,55.42,17.95,779,43173
825,825,,*MANUAL*$493$443,69,682,85,116.00,36.79,21.30,3655,134455
826,826,,*MANUAL*,72,815,86,110.00,52.29,18.77,895,46804
827,827,,*MANUAL*$469$497,71,1065,98,128.00,40.92,27.05,3989,163211
828,828,,*MANUAL*$446$505,70,1114,99,147.00,50.28,30.20,3896,195897
829,829,,*MANUAL*$468$496,69,1215,100,155.00,56.87,28.90,3205,182264
830,830,,*MANUAL*$557$565,77,1338,93,142.00,63.71,28.64,1105,70402
831,831,*NOUSE*,*NOUSE*,0,0,0,0,0,0,0,0
832,832,,*MANUAL*,59,89,70,117.00,58.84,20.20,859,50547
833,833,,*MANUAL*,59,98,74,114.00,56.93,15.90,895,50948
834,834,,*MANUAL*,65,255,72,139.00,88.20,17.62,769,67828
835,835,,*MANUAL*,68,277,71,118.00,80.01,14.02,835,66810
836,836,,*MANUAL*,66,278,80,125.00,83.80,18.52,877,73495
837,837,,*MANUAL*$342$416,62,336,67,114.00,39.33,22.05,3622,142445
838,838,,*MANUAL*,58,251,72,132.00,91.84,14.63,895,82199
839,839,,*MANUAL*,58,277,62,112.00,71.93,12.22,895,64381
840,840,,*MANUAL*,58,271,79,109.00,70.86,15.60,831,58883
841,841,,*MANUAL*,54,293,59,127.00,75.63,16.34,755,57102
842,842,,*MANUAL*$239$270,53,200,62,85.00,29.57,14.60,3095,91529
843,843,,*MANUAL*,50,261,62,159.00,94.22,27.59,895,84323
844,844,,*MANUAL*,48,270,71,120.00,74.57,17.96,895,66737
845,845,,*MANUAL*,51,277,80,128.00,85.77,20.56,895,76766
846,846,,*MANUAL*,51,337,77,134.00,84.43,22.55,633,53442
847,847,,*MANUAL*,51,320,87,161.00,88.22,22.34,895,78960
848,848,,*MANUAL*,65,332,85,142.00,92.89,18.68,865,80346
849,849,,*MANUAL*,55,332,86,153.00,99.99,23.58,895,89488
850,850,,*MANUAL*$453$487$516,70,374,84,86.00,32.68,15.28,4313,140970
851,851,,*MANUAL*,50,369,85,92.00,51.31,13.40,895,45926
852,852,*NOUSE*,*NOUSE*,0,0,0,0,0,0,0,0
853,853,,*MANUAL*$852$578$574,82,1123,76,144.00,41.98,23.20,3779,158649
854,854,,*MANUAL*$546$547$569,78,997,64,104.00,31.91,16.68,4573,145926
855,855,,*MANUAL*$552$553,79,946,51,87.00,26.35,12.39,4565,120310
856,856,,*MANUAL*$558$550,78,724,49,60.00,24.77,10.42,3550,87931
857,857,,*MANUAL*$523$532,75,640,70,72.00,25.26,12.22,4048,102239
858,858,,*MANUAL*,71,597,81,106.00,47.47,20.93,1365,64794
859,859,,*MANUAL*$524$534,74,482,77,73.00,29.41,13.30,4068,119641
860,860,,*MANUAL*$537$529,74,473,52,71.00,23.89, 9.96,3600,86004
861,861,,*MANUAL*$530$531,75,427,67,64.00,24.11,10.12,3434,82777
862,862,*NOUSE*,*NOUSE*,0,0,0,0,0,0,0,0
863,863,,*MANUAL*$862$503,72,344,79,86.00,30.36,13.79,3285,99722
864,864,*NOUSE*,*NOUSE*,0,0,0,0,0,0,0,0
865,865,,*MANUAL*$864$475,69,286,57,116.00,31.46,14.06,2886,90785
866,866,,*MANUAL*$38$50,36,1074,77,87.00,31.34,15.97,6214,194777
867,867,,*MANUAL*$32$5,34,1093,62,120.00,34.44,19.53,5814,200255
868,868,,*MANUAL*$48$37,37,1003,70,141.00,39.76,23.97,4544,180683
869,869,,*MANUAL*$54$60,37,997,50,108.00,30.58,16.86,5767,176329
870,870,,*MANUAL*$77$65$75,39,899,71,120.00,31.47,18.38,5275,165993
871,871,,*MANUAL*$72$71,39,899,48,83.00,28.59,14.21,5663,161926
872,872,,*MANUAL*,42,855,45,155.00,93.57,27.18,895,83744
873,873,,*MANUAL*$86$84$66,39,789,75,102.00,29.08,15.56,5345,155436
874,874,,*MANUAL*$85$99,41,638,79,94.00,30.77,14.84,4005,123247
875,875,,*MANUAL*$82$94$97,40,605,59,78.00,25.91,12.30,4382,113537
876,876,*NOUSE*,*NOUSE*,0,0,0,0,0,0,0,0
877,877,,*MANUAL*$149$876,43,477,57,79.00,26.51,12.33,3532,93639
878,878,,*MANUAL*$140$133,44,433,70,81.00,26.99,13.53,4117,111114
879,879,*NOUSE*,*NOUSE*,0,0,0,0,0,0,0,0
880,880,*NOUSE*,*NOUSE*,0,0,0,0,0,0,0,0
881,881,,*MANUAL*$880$879,45,335,79,126.00,46.99,23.61,1716,80636
882,882,*NOUSE*,*NOUSE*,0,0,0,0,0,0,0,0
883,883,*NOUSE*,*NOUSE*,0,0,0,0,0,0,0,0
884,884,,*MANUAL*$883$882,48,286,59,91.00,36.88,16.88,1594,58785
885,885,,*MANUAL*,79,587,55,75.00,21.81,13.28,1918,41826
886,886,,*MANUAL*,70,584,59,75.00,23.93,12.95,1365,32671
887,887,,*MANUAL*$439$462,69,1041,82,80.00,26.93,12.49,6236,167964
888,888,,*MANUAL*$244$220,52,1048,85,94.00,29.66,15.03,4705,139550
889,889,,*MANUAL*$313$311,59,988,36,69.00,25.68,11.27,5640,144812
890,890,*NOUSE*,*NOUSE*,0,0,0,0,0,0,0,0
891,891,,*MANUAL*$890$265,56,846,40,55.00,21.15, 8.98,3340,70656
892,892,,*MANUAL*$343$344,63,811,79,56.00,21.63, 7.64,5040,108992
893,893,,*MANUAL*$218$199,51,721,63,62.00,22.87, 8.50,3612,82590
894,894,,*MANUAL*,76,677,73,138.00,74.74,24.34,895,66891
895,895,,*MANUAL*$381$419,64,667,71,50.00,21.65, 7.99,4522,97896
896,896,,*MANUAL*$318$319,59,568,77,44.00,19.31, 6.29,4391,84787
897,897,*NOUSE*,*NOUSE*,0,0,0,0,0,0,0,0
898,898,,*MANUAL*$897$329,60,384,87,67.00,28.11,10.68,2725,76602
899,899,,*MANUAL*$373$389,62,528,55,45.00,20.24, 6.55,2184,44208
900,900,,*MANUAL*$266$267,55,432,55,56.00,20.80, 7.02,4473,93020
901,901,,*MANUAL*$204$231,54,689,81,136.00,40.39,23.89,7637,308493
902,902,,*MANUAL*$420$421,69,708,73,116.00,37.17,20.41,6552,243562
903,903,,*MANUAL*$464$525,72,732,79,100.00,33.40,18.00,4074,136079
904,904,,*MANUAL*,56,991,100,191.00,108.55,38.55,831,90205
905,905,,*MANUAL*,58,435,90,162.00,93.66,24.49,895,83829
906,906,,*MANUAL*$1$10,33,1423,70,144.00,48.84,27.42,4579,223644
907,907,,*MANUAL*,35,1195,81,232.00,152.78,36.93,895,136737
908,908,,*MANUAL*,58,1244,102,207.00,123.25,35.32,895,110313
909,909,,*MANUAL*,38,1272,81,227.00,157.20,30.84,883,138807
910,910,,*MANUAL*,44,1271,72,239.00,144.87,33.60,895,129656
911,911,,*MANUAL*,72,1352,60,184.00,118.34,30.00,895,105912
912,912,,*MANUAL*,72,1196,75,192.00,114.91,30.13,895,102845
913,913,,*MANUAL*,37,1331,77,205.00,121.30,27.52,895,108565
914,914,,*MANUAL*,50,998,100,174.00,78.71,24.35,895,70448
915,915,,*MANUAL*,73,1334,98,199.00,93.89,37.93,773,72575
916,916,,*MANUAL*,65,1335,100,251.00,169.77,33.35,895,151947
917,917,F1,*MANUAL*,54,1492,73,49.00,10.19, 7.89,895,9123
918,918,F2,*MANUAL*,54,1418,72,111.00,23.33,16.54,895,20881
919,919,F3,*MANUAL*,55,1360,71,21.00, 8.58, 3.09,895,7675
920,920,F4,*MANUAL*,57,1264,72,32.00,16.63, 3.87,895,14886
921,921,F5,*MANUAL*,57,1221,72,25.00,12.24, 3.55,895,10957
922,922,F6,*MANUAL*,57,1148,68,16.00, 5.83, 2.88,895,5221
923,923,F7,*MANUAL*,57,1070,70, 8.00, 1.76, 1.33,895,1573
924,924,F8,*MANUAL*,32,1052,63, 5.00, 0.94, 1.02,895,837
925,925,F9,*MANUAL*,33,925,68,10.00, 0.77, 1.15,895,693
926,926,F10,*MANUAL*,34,843,78,87.00, 6.91,11.07,895,6183
