0,0,*NOUSE*,*NOUSE*,0,0,0,0,0,0,0,0
1,1,*NOUSE*,*NOUSE*,0,0,0,0,0,0,0,0
2,2,,,38,1425,66,220.00,79.09,48.46,3669,290185.00
3,3,,,39,1313,68,218.00,77.08,46.88,3884,299389.00
4,4,,,37,1151,75,133.00,50.94,27.38,5512,280795.00
5,5,*NOUSE*,*NOUSE*,0,0,0,0,0,0,0,0
6,6,,,39,1300,56,208.00,77.47,46.48,3797,294170.00
7,7,,,39,1352,66,236.00,71.11,50.25,3830,272355.00
8,8,*NOUSE*,*NOUSE*,0,0,0,0,0,0,0,0
9,9,*NOUSE*,*NOUSE*,0,0,0,0,0,0,0,0
10,10,,,41,1193,46,211.00,73.06,50.31,3968,289899.00
11,11,,,41,1168,47,197.00,64.73,43.78,4626,299446.00
12,12,,,43,1212,50,238.00,83.24,56.01,2933,244143.00
13,13,*NOUSE*,*NOUSE*,0,0,0,0,0,0,0,0
14,14,,,39,1127,60,159.00,45.42,25.53,5174,234983.00
15,15,*NOUSE*,*NOUSE*,0,0,0,0,0,0,0,0
16,16,*NOUSE*,*NOUSE*,0,0,0,0,0,0,0,0
17,17,*NOUSE*,*NOUSE*,0,0,0,0,0,0,0,0
18,18,*NOUSE*,*NOUSE*,0,0,0,0,0,0,0,0
19,19,,,39,1285,67,172.00,68.88,39.78,4162,286658.00
20,20,*NOUSE*,*NOUSE*,0,0,0,0,0,0,0,0
21,21,,,41,1280,50,222.00,82.05,52.10,3615,296600.00
22,22,,,41,1040,55,141.00,44.02,26.91,5322,234292.00
23,23,*NOUSE*,*NOUSE*,0,0,0,0,0,0,0,0
24,24,*NOUSE*,*NOUSE*,0,0,0,0,0,0,0,0
25,25,*NOUSE*,*NOUSE*,0,0,0,0,0,0,0,0
26,26,,,39,1081,68,124.00,38.56,19.84,6158,237465.00
27,27,*NOUSE*,*NOUSE*,0,0,0,0,0,0,0,0
28,28,,,40,1221,71,207.00,76.93,46.06,3822,294039.00
29,29,*NOUSE*,*NOUSE*,0,0,0,0,0,0,0,0
30,30,*NOUSE*,*NOUSE*,0,0,0,0,0,0,0,0
31,31,,,41,1298,83,236.00,81.64,46.76,3687,301001.00
32,32,,,43,947,46,129.00,37.62,21.88,6406,241007.00
33,33,,,42,1242,49,230.00,83.23,50.95,3249,270407.00
34,34,,,43,1264,49,172.00,71.19,37.79,3601,256371.00
35,35,*NOUSE*,*NOUSE*,0,0,0,0,0,0,0,0
36,36,*NOUSE*,*NOUSE*,0,0,0,0,0,0,0,0
37,37,*NOUSE*,*NOUSE*,0,0,0,0,0,0,0,0
38,38,,,41,1420,53,252.00,91.18,59.50,3013,274740.00
39,39,*NOUSE*,*NOUSE*,0,0,0,0,0,0,0,0
40,40,,,42,1333,53,253.00,96.64,58.77,2591,250393.00
41,41,*NOUSE*,*NOUSE*,0,0,0,0,0,0,0,0
42,42,,,43,799,60,213.00,61.63,47.49,4765,293664.00
43,43,*NOUSE*,*NOUSE*,0,0,0,0,0,0,0,0
44,44,*NOUSE*,*NOUSE*,0,0,0,0,0,0,0,0
45,45,,,41,1376,89,203.00,74.03,42.15,3131,231801.00
46,46,*NOUSE*,*NOUSE*,0,0,0,0,0,0,0,0
47,47,*NOUSE*,*NOUSE*,0,0,0,0,0,0,0,0
48,48,*NOUSE*,*NOUSE*,0,0,0,0,0,0,0,0
49,49,,,43,1146,50,228.00,68.23,49.19,3976,271267.00
50,50,,,43,1521,57,202.00,65.30,45.63,4544,296736.00
51,51,*NOUSE*,*NOUSE*,0,0,0,0,0,0,0,0
52,52,,,44,1068,57,194.00,55.92,44.38,5017,280529.00
53,53,*NOUSE*,*NOUSE*,0,0,0,0,0,0,0,0
54,54,*NOUSE*,*NOUSE*,0,0,0,0,0,0,0,0
55,55,,,43,1534,68,192.00,59.29,41.20,4834,286594.00
56,56,*NOUSE*,*NOUSE*,0,0,0,0,0,0,0,0
57,57,*NOUSE*,*NOUSE*,0,0,0,0,0,0,0,0
58,58,*NOUSE*,*NOUSE*,0,0,0,0,0,0,0,0
59,59,,,43,1252,85,229.00,96.92,55.40,3474,336699.00
60,60,,,44,842,49,164.00,45.92,29.77,5169,237350.00
61,61,,,43,744,58,244.00,73.63,57.34,3929,289297.00
62,62,*NOUSE*,*NOUSE*,0,0,0,0,0,0,0,0
63,63,*NOUSE*,*NOUSE*,0,0,0,0,0,0,0,0
64,64,*NOUSE*,*NOUSE*,0,0,0,0,0,0,0,0
65,65,,,42,764,71,127.00,37.56,21.72,7495,281543.00
66,66,*NOUSE*,*NOUSE*,0,0,0,0,0,0,0,0
67,67,,,43,900,81,180.00,61.64,44.41,4970,306352.00
68,68,*NOUSE*,*NOUSE*,0,0,0,0,0,0,0,0
69,69,,,44,901,42,151.00,46.30,28.98,4757,220235.00
70,70,,,44,801,46,145.00,45.86,28.01,6084,279027.00
71,71,*NOUSE*,*NOUSE*,0,0,0,0,0,0,0,0
72,72,*NOUSE*,*NOUSE*,0,0,0,0,0,0,0,0
73,73,,,45,1509,73,193.00,67.03,43.97,4266,285929.00
74,74,,,45,1469,77,237.00,78.94,50.07,4042,319095.00
75,75,,,45,1371,78,229.00,80.75,47.72,4269,344722.00
76,76,*NOUSE*,*NOUSE*,0,0,0,0,0,0,0,0
77,77,,,45,1347,41,177.00,57.24,38.21,2606,149161.00
78,78,*NOUSE*,*NOUSE*,0,0,0,0,0,0,0,0
79,79,,,47,619,58,158.00,46.85,30.70,6791,318186.00
80,80,,,45,520,56,169.00,51.60,34.51,5898,304349.00
81,81,*NOUSE*,*NOUSE*,0,0,0,0,0,0,0,0
82,82,,,46,548,62,149.00,47.94,31.28,6583,315618.00
83,83,,,45,1168,71,201.00,63.87,43.64,4500,287429.00
84,84,,,45,1552,77,164.00,52.51,30.62,5407,283947.00
85,85,,,45,499,78,160.00,44.54,26.62,4960,220900.00
86,86,*NOUSE*,*NOUSE*,0,0,0,0,0,0,0,0
87,87,,,46,1389,81,213.00,100.40,48.86,3278,329107.00
88,88,,,45,1444,87,165.00,72.87,34.54,2750,200399.00
89,89,,,46,1121,91,183.00,56.50,37.94,3136,177177.00
90,90,*NOUSE*,*NOUSE*,0,0,0,0,0,0,0,0
91,91,*NOUSE*,*NOUSE*,0,0,0,0,0,0,0,0
92,92,*NOUSE*,*NOUSE*,0,0,0,0,0,0,0,0
93,93,,,47,1359,47,240.00,76.68,51.06,3495,267988.00
94,94,,,48,656,50,164.00,46.16,30.88,6453,297853.00
95,95,,,46,1402,53,216.00,95.67,48.76,3016,288543.00
96,96,,,48,1487,53,243.00,91.55,50.00,3383,309704.00
97,97,*NOUSE*,*NOUSE*,0,0,0,0,0,0,0,0
98,98,*NOUSE*,*NOUSE*,0,0,0,0,0,0,0,0
99,99,*NOUSE*,*NOUSE*,0,0,0,0,0,0,0,0
100,100,*NOUSE*,*NOUSE*,0,0,0,0,0,0,0,0
101,101,*NOUSE*,*NOUSE*,0,0,0,0,0,0,0,0
102,102,,,45,637,76,140.00,39.09,23.24,7253,283532.00
103,103,,,46,1489,77,231.00,72.95,48.06,4119,300483.00
104,104,*NOUSE*,*NOUSE*,0,0,0,0,0,0,0,0
105,105,*NOUSE*,*NOUSE*,0,0,0,0,0,0,0,0
106,106,*NOUSE*,*NOUSE*,0,0,0,0,0,0,0,0
107,107,*NOUSE*,*NOUSE*,0,0,0,0,0,0,0,0
108,108,*NOUSE*,*NOUSE*,0,0,0,0,0,0,0,0
109,109,,,46,390,65,164.00,53.96,34.23,4373,235976.00
110,110,,,51,1386,65,223.00,96.88,52.00,2972,287938.00
111,111,*NOUSE*,*NOUSE*,0,0,0,0,0,0,0,0
112,112,,,47,1523,84,160.00,59.04,32.63,4955,292545.00
113,113,,,49,894,93,176.00,54.11,39.12,5925,320606.00
114,114,,,51,979,38,207.00,49.94,36.46,4587,229094.00
115,115,,,47,1430,42,150.00,71.18,33.19,1921,136741.00
116,116,,,49,1391,46,236.00,103.52,53.18,2516,260447.00
117,117,*NOUSE*,*NOUSE*,0,0,0,0,0,0,0,0
118,118,,,49,1252,63,221.00,91.99,45.87,2916,268234.00
119,119,,,49,1244,76,225.00,111.62,45.71,2630,293569.00
120,120,,,47,1334,77,253.00,114.76,58.18,2415,277146.00
121,121,*NOUSE*,*NOUSE*,0,0,0,0,0,0,0,0
122,122,,,48,1195,84,214.00,73.46,49.68,4315,316963.00
123,123,*NOUSE*,*NOUSE*,0,0,0,0,0,0,0,0
124,124,,,48,1365,97,183.00,68.63,39.29,4195,287887.00
125,125,*NOUSE*,*NOUSE*,0,0,0,0,0,0,0,0
126,126,,,50,1025,40,205.00,54.54,42.32,4157,226706.00
127,127,*NOUSE*,*NOUSE*,0,0,0,0,0,0,0,0
128,128,*NOUSE*,*NOUSE*,0,0,0,0,0,0,0,0
129,129,*NOUSE*,*NOUSE*,0,0,0,0,0,0,0,0
130,130,,,50,1434,66,215.00,87.49,47.61,3413,298592.00
131,131,,,49,1299,65,231.00,91.29,49.13,3391,309560.00
132,132,,,51,342,70,186.00,63.72,43.11,4647,296126.00
133,133,,,50,364,73,216.00,67.18,48.84,4418,296788.00
134,134,,,49,1209,73,197.00,75.10,40.24,3867,290403.00
135,135,*NOUSE*,*NOUSE*,0,0,0,0,0,0,0,0
136,136,*NOUSE*,*NOUSE*,0,0,0,0,0,0,0,0
137,137,,,50,1322,38,242.00,100.37,55.77,2121,212879.00
138,138,*NOUSE*,*NOUSE*,0,0,0,0,0,0,0,0
139,139,*NOUSE*,*NOUSE*,0,0,0,0,0,0,0,0
140,140,,,54,760,54,199.00,54.84,36.88,10961,601082.00
141,141,,,51,1193,57,182.00,62.31,35.97,4494,280041.00
142,142,*NOUSE*,*NOUSE*,0,0,0,0,0,0,0,0
143,143,*NOUSE*,*NOUSE*,0,0,0,0,0,0,0,0
144,144,*NOUSE*,*NOUSE*,0,0,0,0,0,0,0,0
145,145,*NOUSE*,*NOUSE*,0,0,0,0,0,0,0,0
146,146,*NOUSE*,*NOUSE*,0,0,0,0,0,0,0,0
147,147,,,52,1185,35,213.00,66.04,44.73,3011,198837.00
148,148,*NOUSE*,*NOUSE*,0,0,0,0,0,0,0,0
149,149,*NOUSE*,*NOUSE*,0,0,0,0,0,0,0,0
150,150,,,51,1171,54,168.00,59.70,34.98,3720,222088.00
151,151,*NOUSE*,*NOUSE*,0,0,0,0,0,0,0,0
152,152,,,51,1151,80,153.00,54.97,32.33,5762,316753.00
153,153,*NOUSE*,*NOUSE*,0,0,0,0,0,0,0,0
154,154,*NOUSE*,*NOUSE*,0,0,0,0,0,0,0,0
155,155,*NOUSE*,*NOUSE*,0,0,0,0,0,0,0,0
156,156,,,54,1339,83,251.00,114.89,62.48,2918,335239.00
157,157,*NOUSE*,*NOUSE*,0,0,0,0,0,0,0,0
158,158,,,52,836,94,206.00,55.93,43.84,5253,293805.00
159,159,,,53,683,92,211.00,58.96,47.47,4792,282529.00
160,160,,,51,749,95,195.00,55.57,42.75,5134,285288.00
161,161,,,51,1301,92,208.00,75.65,39.50,4394,332398.00
162,162,,,52,1048,98,189.00,57.07,42.91,3834,218813.00
163,163,*NOUSE*,*NOUSE*,0,0,0,0,0,0,0,0
164,164,,,52,1366,35,201.00,75.77,43.27,2103,159340.00
165,165,*NOUSE*,*NOUSE*,0,0,0,0,0,0,0,0
166,166,,,50,1520,45,145.00,59.71,29.29,2669,159360.00
167,167,*NOUSE*,*NOUSE*,0,0,0,0,0,0,0,0
168,168,,,54,360,59,222.00,79.84,51.81,3828,305627.00
169,169,*NOUSE*,*NOUSE*,0,0,0,0,0,0,0,0
170,170,*NOUSE*,*NOUSE*,0,0,0,0,0,0,0,0
171,171,,,52,1323,92,233.00,100.20,48.67,3545,355196.00
172,172,*NOUSE*,*NOUSE*,0,0,0,0,0,0,0,0
173,173,*NOUSE*,*NOUSE*,0,0,0,0,0,0,0,0
174,174,*NOUSE*,*NOUSE*,0,0,0,0,0,0,0,0
175,175,,,53,1234,42,202.00,91.78,41.51,2587,237428.00
176,176,,,54,634,44,228.00,62.82,45.30,4364,274156.00
177,177,*NOUSE*,*NOUSE*,0,0,0,0,0,0,0,0
178,178,,,55,1074,44,92.00,33.68,14.83,6521,219610.00
179,179,*NOUSE*,*NOUSE*,0,0,0,0,0,0,0,0
180,180,*NOUSE*,*NOUSE*,0,0,0,0,0,0,0,0
181,181,,,56,783,48,197.00,51.87,34.05,5686,294916.00
182,182,,,52,1212,58,246.00,107.01,57.24,2376,254251.00
183,183,*NOUSE*,*NOUSE*,0,0,0,0,0,0,0,0
184,184,,,54,305,73,189.00,73.63,47.79,3763,277070.00
185,185,*NOUSE*,*NOUSE*,0,0,0,0,0,0,0,0
186,186,*NOUSE*,*NOUSE*,0,0,0,0,0,0,0,0
187,187,*NOUSE*,*NOUSE*,0,0,0,0,0,0,0,0
188,188,*NOUSE*,*NOUSE*,0,0,0,0,0,0,0,0
189,189,*NOUSE*,*NOUSE*,0,0,0,0,0,0,0,0
190,190,,,54,528,90,207.00,58.32,45.33,4525,263892.00
191,191,*NOUSE*,*NOUSE*,0,0,0,0,0,0,0,0
192,192,*NOUSE*,*NOUSE*,0,0,0,0,0,0,0,0
193,193,,,54,1279,93,177.00,72.66,36.16,4659,338515.00
194,194,*NOUSE*,*NOUSE*,0,0,0,0,0,0,0,0
195,195,*NOUSE*,*NOUSE*,0,0,0,0,0,0,0,0
196,196,*NOUSE*,*NOUSE*,0,0,0,0,0,0,0,0
197,197,,,54,1151,34,168.00,57.94,35.10,3423,198315.00
198,198,,,55,819,38,173.00,51.77,37.56,5179,268127.00
199,199,*NOUSE*,*NOUSE*,0,0,0,0,0,0,0,0
200,200,*NOUSE*,*NOUSE*,0,0,0,0,0,0,0,0
201,201,*NOUSE*,*NOUSE*,0,0,0,0,0,0,0,0
202,202,,,54,1480,41,171.00,61.85,36.41,2673,165313.00
203,203,*NOUSE*,*NOUSE*,0,0,0,0,0,0,0,0
204,204,,,54,1221,41,218.00,89.05,41.11,2694,239900.00
205,205,,,52,1405,42,226.00,93.35,51.14,2442,227954.00
206,206,*NOUSE*,*NOUSE*,0,0,0,0,0,0,0,0
207,207,,,55,1155,49,222.00,82.29,49.22,3235,266209.00
208,208,*NOUSE*,*NOUSE*,0,0,0,0,0,0,0,0
209,209,*NOUSE*,*NOUSE*,0,0,0,0,0,0,0,0
210,210,*NOUSE*,*NOUSE*,0,0,0,0,0,0,0,0
211,211,*NOUSE*,*NOUSE*,0,0,0,0,0,0,0,0
212,212,,,54,1615,58,171.00,49.19,36.71,5134,252558.00
213,213,*NOUSE*,*NOUSE*,0,0,0,0,0,0,0,0
214,214,,,56,804,82,79.00,30.31,12.35,8746,265057.00
215,215,,,57,376,83,192.00,62.00,42.24,4434,274899.00
216,216,,,52,1419,93,213.00,90.82,44.83,3560,323307.00
217,217,,,56,1047,34,166.00,50.19,33.80,3903,195873.00
218,218,*NOUSE*,*NOUSE*,0,0,0,0,0,0,0,0
219,219,*NOUSE*,*NOUSE*,0,0,0,0,0,0,0,0
220,220,*NOUSE*,*NOUSE*,0,0,0,0,0,0,0,0
221,221,,,51,1422,54,246.00,99.15,58.15,2968,294278.00
222,222,,,53,1304,53,232.00,114.98,47.22,2433,279746.00
223,223,*NOUSE*,*NOUSE*,0,0,0,0,0,0,0,0
224,224,,,54,1475,59,232.00,83.47,51.14,3575,298393.00
225,225,,,57,292,68,197.00,71.09,43.06,3818,271434.00
226,226,,,62,1123,74,198.00,62.15,40.84,4264,264988.00
227,227,*NOUSE*,*NOUSE*,0,0,0,0,0,0,0,0
228,228,,,58,1012,85,90.00,31.87,12.94,6952,221589.00
229,229,,,55,1252,88,203.00,92.25,42.78,3459,319091.00
230,230,*NOUSE*,*NOUSE*,0,0,0,0,0,0,0,0
231,231,,,58,395,53,238.00,66.24,46.40,5043,334061.00
232,232,*NOUSE*,*NOUSE*,0,0,0,0,0,0,0,0
233,233,*NOUSE*,*NOUSE*,0,0,0,0,0,0,0,0
234,234,*NOUSE*,*NOUSE*,0,0,0,0,0,0,0,0
235,235,*NOUSE*,*NOUSE*,0,0,0,0,0,0,0,0
236,236,*NOUSE*,*NOUSE*,0,0,0,0,0,0,0,0
237,237,*NOUSE*,*NOUSE*,0,0,0,0,0,0,0,0
238,238,,,56,1166,95,173.00,55.30,34.50,5941,328549.00
239,239,*NOUSE*,*NOUSE*,0,0,0,0,0,0,0,0
240,240,,,56,1224,67,198.00,83.86,38.82,3736,313312.00
241,241,,,59,266,62,160.00,55.39,36.41,4507,249647.00
242,242,,,58,695,60,93.00,34.22,15.48,7073,242040.00
243,243,,,58,277,75,217.00,73.60,49.18,3928,289120.00
244,244,,,59,291,82,224.00,75.90,50.21,3443,261339.00
245,245,*NOUSE*,*NOUSE*,0,0,0,0,0,0,0,0
246,246,*NOUSE*,*NOUSE*,0,0,0,0,0,0,0,0
247,247,,,58,1192,94,199.00,66.51,38.93,4673,310808.00
248,248,*NOUSE*,*NOUSE*,0,0,0,0,0,0,0,0
249,249,*NOUSE*,*NOUSE*,0,0,0,0,0,0,0,0
250,250,*NOUSE*,*NOUSE*,0,0,0,0,0,0,0,0
251,251,,,58,1271,47,198.00,82.58,44.73,3479,287284.00
252,252,*NOUSE*,*NOUSE*,0,0,0,0,0,0,0,0
253,253,,,57,1529,55,128.00,51.07,24.44,2817,143851.00
254,254,,,58,1393,55,243.00,85.91,53.09,3860,331610.00
255,255,*NOUSE*,*NOUSE*,0,0,0,0,0,0,0,0
256,256,*NOUSE*,*NOUSE*,0,0,0,0,0,0,0,0
257,257,*NOUSE*,*NOUSE*,0,0,0,0,0,0,0,0
258,258,*NOUSE*,*NOUSE*,0,0,0,0,0,0,0,0
259,259,*NOUSE*,*NOUSE*,0,0,0,0,0,0,0,0
260,260,,,58,1384,36,233.00,102.61,55.25,2472,253645.00
261,261,*NOUSE*,*NOUSE*,0,0,0,0,0,0,0,0
262,262,,,62,1140,45,217.00,83.93,47.58,3685,309281.00
263,263,*NOUSE*,*NOUSE*,0,0,0,0,0,0,0,0
264,264,,,66,1132,49,175.00,58.57,38.15,3658,214260.00
265,265,*NOUSE*,*NOUSE*,0,0,0,0,0,0,0,0
266,266,,,60,556,81,81.00,30.32,12.68,7513,227791.00
267,267,*NOUSE*,*NOUSE*,0,0,0,0,0,0,0,0
268,268,,,61,1593,92,213.00,64.41,46.98,4398,283292.00
269,269,,,61,166,66,134.00,45.19,26.49,4833,218403.00
270,270,,,61,199,69,143.00,47.15,29.76,4472,210836.00
271,271,,,59,1246,72,184.00,71.01,34.32,4536,322124.00
272,272,*NOUSE*,*NOUSE*,0,0,0,0,0,0,0,0
273,273,,,59,1216,94,226.00,87.00,48.46,3945,343207.00
274,274,,,62,1521,94,174.00,64.03,38.74,3936,252004.00
275,275,*NOUSE*,*NOUSE*,0,0,0,0,0,0,0,0
276,276,,,60,1362,102,187.00,70.26,42.64,4914,345239.00
277,277,*NOUSE*,*NOUSE*,0,0,0,0,0,0,0,0
278,278,*NOUSE*,*NOUSE*,0,0,0,0,0,0,0,0
279,279,*NOUSE*,*NOUSE*,0,0,0,0,0,0,0,0
280,280,,,66,1147,54,168.00,66.36,38.55,3845,255161.00
281,281,*NOUSE*,*NOUSE*,0,0,0,0,0,0,0,0
282,282,*NOUSE*,*NOUSE*,0,0,0,0,0,0,0,0
283,283,*NOUSE*,*NOUSE*,0,0,0,0,0,0,0,0
284,284,*NOUSE*,*NOUSE*,0,0,0,0,0,0,0,0
285,285,*NOUSE*,*NOUSE*,0,0,0,0,0,0,0,0
286,286,*NOUSE*,*NOUSE*,0,0,0,0,0,0,0,0
287,287,,,63,216,64,151.00,46.00,29.06,4646,213712.00
288,288,,,62,127,71,110.00,40.83,22.07,4375,178614.00
289,289,*NOUSE*,*NOUSE*,0,0,0,0,0,0,0,0
290,290,*NOUSE*,*NOUSE*,0,0,0,0,0,0,0,0
291,291,,,64,1611,92,211.00,58.03,44.45,4703,272925.00
292,292,*NOUSE*,*NOUSE*,0,0,0,0,0,0,0,0
293,293,,,65,958,29,170.00,43.97,31.10,5014,220470.00
294,294,,,64,757,35,211.00,59.71,48.04,4660,278249.00
295,295,*NOUSE*,*NOUSE*,0,0,0,0,0,0,0,0
296,296,*NOUSE*,*NOUSE*,0,0,0,0,0,0,0,0
297,297,*NOUSE*,*NOUSE*,0,0,0,0,0,0,0,0
298,298,*NOUSE*,*NOUSE*,0,0,0,0,0,0,0,0
299,299,*NOUSE*,*NOUSE*,0,0,0,0,0,0,0,0
300,300,,,64,1476,84,197.00,59.51,34.86,5653,336389.00
301,301,*NOUSE*,*NOUSE*,0,0,0,0,0,0,0,0
302,302,,,65,1419,83,254.00,96.78,55.55,3396,328665.00
303,303,*NOUSE*,*NOUSE*,0,0,0,0,0,0,0,0
304,304,*NOUSE*,*NOUSE*,0,0,0,0,0,0,0,0
305,305,*NOUSE*,*NOUSE*,0,0,0,0,0,0,0,0
306,306,*NOUSE*,*NOUSE*,0,0,0,0,0,0,0,0
307,307,,,66,985,30,180.00,51.78,38.79,4018,208070.00
308,308,,,65,1016,29,172.00,50.59,37.55,4397,222462.00
309,309,,,67,1349,36,184.00,59.71,39.75,3727,222548.00
310,310,*NOUSE*,*NOUSE*,0,0,0,0,0,0,0,0
311,311,*NOUSE*,*NOUSE*,0,0,0,0,0,0,0,0
312,312,*NOUSE*,*NOUSE*,0,0,0,0,0,0,0,0
313,313,*NOUSE*,*NOUSE*,0,0,0,0,0,0,0,0
314,314,*NOUSE*,*NOUSE*,0,0,0,0,0,0,0,0
315,315,*NOUSE*,*NOUSE*,0,0,0,0,0,0,0,0
316,316,*NOUSE*,*NOUSE*,0,0,0,0,0,0,0,0
317,317,,,65,318,57,168.00,57.99,37.29,4749,275404.00
318,318,*NOUSE*,*NOUSE*,0,0,0,0,0,0,0,0
319,319,,,65,1392,73,200.00,69.10,38.84,4938,341228.00
320,320,,,64,1618,82,161.00,49.48,32.64,3989,197361.00
321,321,,,65,1318,92,214.00,94.56,43.76,3904,369176.00
322,322,*NOUSE*,*NOUSE*,0,0,0,0,0,0,0,0
323,323,*NOUSE*,*NOUSE*,0,0,0,0,0,0,0,0
324,324,*NOUSE*,*NOUSE*,0,0,0,0,0,0,0,0
325,325,*NOUSE*,*NOUSE*,0,0,0,0,0,0,0,0
326,326,,,67,889,30,194.00,51.54,43.19,4098,211215.00
327,327,*NOUSE*,*NOUSE*,0,0,0,0,0,0,0,0
328,328,,,66,800,35,186.00,59.02,44.24,4506,265965.00
329,329,*NOUSE*,*NOUSE*,0,0,0,0,0,0,0,0
330,330,,,67,517,44,226.00,65.31,51.40,4962,324085.00
331,331,*NOUSE*,*NOUSE*,0,0,0,0,0,0,0,0
332,332,,,66,1197,51,195.00,70.79,37.76,3683,260714.00
333,333,*NOUSE*,*NOUSE*,0,0,0,0,0,0,0,0
334,334,*NOUSE*,*NOUSE*,0,0,0,0,0,0,0,0
335,335,*NOUSE*,*NOUSE*,0,0,0,0,0,0,0,0
336,336,*NOUSE*,*NOUSE*,0,0,0,0,0,0,0,0
337,337,*NOUSE*,*NOUSE*,0,0,0,0,0,0,0,0
338,338,*NOUSE*,*NOUSE*,0,0,0,0,0,0,0,0
339,339,,,66,275,83,165.00,62.60,40.16,3803,238057.00
340,340,*NOUSE*,*NOUSE*,0,0,0,0,0,0,0,0
341,341,,,67,356,91,230.00,78.30,49.52,3277,256601.00
342,342,,,67,1270,95,154.00,69.43,33.30,5330,370044.00
343,343,*NOUSE*,*NOUSE*,0,0,0,0,0,0,0,0
344,344,,,67,871,31,190.00,48.99,39.70,4861,238163.00
345,345,*NOUSE*,*NOUSE*,0,0,0,0,0,0,0,0
346,346,,,68,1144,30,175.00,61.87,40.00,3480,215314.00
347,347,*NOUSE*,*NOUSE*,0,0,0,0,0,0,0,0
348,348,*NOUSE*,*NOUSE*,0,0,0,0,0,0,0,0
349,349,,,66,1645,46,189.00,52.35,40.74,4599,240742.00
350,350,*NOUSE*,*NOUSE*,0,0,0,0,0,0,0,0
351,351,,,66,1673,53,169.00,47.63,33.59,5024,239307.00
352,352,*NOUSE*,*NOUSE*,0,0,0,0,0,0,0,0
353,353,,,66,1233,57,174.00,71.70,33.59,3954,283515.00
354,354,*NOUSE*,*NOUSE*,0,0,0,0,0,0,0,0
355,355,*NOUSE*,*NOUSE*,0,0,0,0,0,0,0,0
356,356,,,66,1666,88,147.00,43.10,28.29,5392,232415.00
357,357,*NOUSE*,*NOUSE*,0,0,0,0,0,0,0,0
358,358,*NOUSE*,*NOUSE*,0,0,0,0,0,0,0,0
359,359,,,67,1576,92,222.00,68.03,48.80,4229,287707.00
360,360,,,69,1163,30,178.00,59.06,39.64,3835,226502.00
361,361,,,69,1068,31,172.00,51.52,38.05,4176,215154.00
362,362,*NOUSE*,*NOUSE*,0,0,0,0,0,0,0,0
363,363,,,68,1613,43,193.00,56.60,41.02,4332,245187.00
364,364,*NOUSE*,*NOUSE*,0,0,0,0,0,0,0,0
365,365,*NOUSE*,*NOUSE*,0,0,0,0,0,0,0,0
366,366,,,67,102,69,126.00,44.01,25.15,3221,141767.00
367,367,,,66,77,68,110.00,37.15,18.72,5195,192985.00
368,368,*NOUSE*,*NOUSE*,0,0,0,0,0,0,0,0
369,369,*NOUSE*,*NOUSE*,0,0,0,0,0,0,0,0
370,370,*NOUSE*,*NOUSE*,0,0,0,0,0,0,0,0
371,371,,,72,1418,97,209.00,89.94,46.64,3855,346706.00
372,372,,,69,1090,29,143.00,47.42,32.78,4231,200627.00
373,373,,,69,1314,31,180.00,63.72,38.73,3489,222336.00
374,374,,,68,633,40,228.00,64.25,48.81,5080,326365.00
375,375,*NOUSE*,*NOUSE*,0,0,0,0,0,0,0,0
376,376,*NOUSE*,*NOUSE*,0,0,0,0,0,0,0,0
377,377,*NOUSE*,*NOUSE*,0,0,0,0,0,0,0,0
378,378,,,68,673,40,213.00,67.53,49.13,4579,309231.00
379,379,,,68,290,60,170.00,58.79,37.41,4663,274141.00
380,380,,,68,181,74,116.00,42.52,23.36,2567,109151.00
381,381,*NOUSE*,*NOUSE*,0,0,0,0,0,0,0,0
382,382,,,69,488,90,202.00,60.02,45.45,3405,204372.00
383,383,*NOUSE*,*NOUSE*,0,0,0,0,0,0,0,0
384,384,*NOUSE*,*NOUSE*,0,0,0,0,0,0,0,0
385,385,,,73,1021,49,66.00,26.40,10.33,7563,199655.00
386,386,*NOUSE*,*NOUSE*,0,0,0,0,0,0,0,0
387,387,*NOUSE*,*NOUSE*,0,0,0,0,0,0,0,0
388,388,,,71,371,54,217.00,77.60,52.44,3747,290769.00
389,389,*NOUSE*,*NOUSE*,0,0,0,0,0,0,0,0
390,390,,,71,1161,91,206.00,69.16,45.21,4834,334312.00
391,391,*NOUSE*,*NOUSE*,0,0,0,0,0,0,0,0
392,392,,,69,1294,36,208.00,79.33,42.97,2887,229026.00
393,393,,,72,778,42,180.00,55.18,39.13,5315,293269.00
394,394,*NOUSE*,*NOUSE*,0,0,0,0,0,0,0,0
395,395,*NOUSE*,*NOUSE*,0,0,0,0,0,0,0,0
396,396,*NOUSE*,*NOUSE*,0,0,0,0,0,0,0,0
397,397,*NOUSE*,*NOUSE*,0,0,0,0,0,0,0,0
398,398,,,70,268,68,182.00,60.91,43.34,4872,296738.00
399,399,*NOUSE*,*NOUSE*,0,0,0,0,0,0,0,0
400,400,,,71,642,95,187.00,57.56,43.04,3287,189204.00
401,401,*NOUSE*,*NOUSE*,0,0,0,0,0,0,0,0
402,402,,,73,410,87,113.00,38.41,18.67,5841,224343.00
403,403,,,72,795,95,165.00,51.36,35.44,3787,194517.00
404,404,,,71,716,95,203.00,56.84,40.55,3279,186363.00
405,405,,,70,1461,50,235.00,81.07,51.66,3139,254475.00
406,406,*NOUSE*,*NOUSE*,0,0,0,0,0,0,0,0
407,407,,,74,389,56,214.00,73.52,48.58,5610,412427.00
408,408,,,70,1240,77,173.00,75.50,32.01,3920,295952.00
409,409,*NOUSE*,*NOUSE*,0,0,0,0,0,0,0,0
410,410,*NOUSE*,*NOUSE*,0,0,0,0,0,0,0,0
411,411,*NOUSE*,*NOUSE*,0,0,0,0,0,0,0,0
412,412,*NOUSE*,*NOUSE*,0,0,0,0,0,0,0,0
413,413,,,72,915,98,164.00,49.77,32.46,5698,283562.00
414,414,,,71,1228,105,175.00,73.99,36.41,3572,264306.00
415,415,,,73,1199,34,175.00,70.65,42.13,2866,202478.00
416,416,*NOUSE*,*NOUSE*,0,0,0,0,0,0,0,0
417,417,*NOUSE*,*NOUSE*,0,0,0,0,0,0,0,0
418,418,*NOUSE*,*NOUSE*,0,0,0,0,0,0,0,0
419,419,,,73,1396,56,211.00,77.85,47.44,3689,287196.00
420,420,,,74,1495,64,151.00,55.50,30.81,2923,162237.00
421,421,*NOUSE*,*NOUSE*,0,0,0,0,0,0,0,0
422,422,,,72,285,73,200.00,69.01,46.78,4345,299867.00
423,423,*NOUSE*,*NOUSE*,0,0,0,0,0,0,0,0
424,424,*NOUSE*,*NOUSE*,0,0,0,0,0,0,0,0
425,425,,,73,1135,98,174.00,52.39,34.13,5222,273569.00
426,426,*NOUSE*,*NOUSE*,0,0,0,0,0,0,0,0
427,427,,,73,1021,101,162.00,48.18,33.24,5993,288737.00
428,428,,,74,905,37,149.00,49.26,33.61,4277,210687.00
429,429,,,73,1271,35,167.00,61.18,32.56,3575,218728.00
430,430,,,74,1006,34,157.00,46.50,31.63,4527,210494.00
431,431,*NOUSE*,*NOUSE*,0,0,0,0,0,0,0,0
432,432,,,72,1158,50,204.00,77.15,43.35,3574,275728.00
433,433,,,77,412,58,203.00,53.78,37.13,6666,358488.00
434,434,*NOUSE*,*NOUSE*,0,0,0,0,0,0,0,0
435,435,*NOUSE*,*NOUSE*,0,0,0,0,0,0,0,0
436,436,,,72,378,81,197.00,62.87,43.66,4404,276879.00
437,437,,,74,1272,82,172.00,80.51,38.21,4003,322272.00
438,438,*NOUSE*,*NOUSE*,0,0,0,0,0,0,0,0
439,439,,,74,1206,85,166.00,72.72,35.13,3797,276129.00
440,440,,,71,1193,94,222.00,71.81,47.64,4834,347128.00
441,441,,,75,839,94,150.00,49.10,33.55,5622,276018.00
442,442,*NOUSE*,*NOUSE*,0,0,0,0,0,0,0,0
443,443,*NOUSE*,*NOUSE*,0,0,0,0,0,0,0,0
444,444,*NOUSE*,*NOUSE*,0,0,0,0,0,0,0,0
445,445,,,76,541,48,156.00,46.40,31.23,6600,306270.00
446,446,,,75,458,49,183.00,53.75,38.61,3689,198290.00
447,447,,,76,1269,55,200.00,67.22,34.40,3812,256232.00
448,448,*NOUSE*,*NOUSE*,0,0,0,0,0,0,0,0
449,449,*NOUSE*,*NOUSE*,0,0,0,0,0,0,0,0
450,450,*NOUSE*,*NOUSE*,0,0,0,0,0,0,0,0
451,451,,,74,1617,59,175.00,45.72,30.67,5154,235625.00
452,452,*NOUSE*,*NOUSE*,0,0,0,0,0,0,0,0
453,453,,,76,1137,72,189.00,59.28,39.53,4692,278133.00
454,454,*NOUSE*,*NOUSE*,0,0,0,0,0,0,0,0
455,455,*NOUSE*,*NOUSE*,0,0,0,0,0,0,0,0
456,456,*NOUSE*,*NOUSE*,0,0,0,0,0,0,0,0
457,457,*NOUSE*,*NOUSE*,0,0,0,0,0,0,0,0
458,458,,,78,1073,48,80.00,31.61,13.41,6275,198384.00
459,459,*NOUSE*,*NOUSE*,0,0,0,0,0,0,0,0
460,460,*NOUSE*,*NOUSE*,0,0,0,0,0,0,0,0
461,461,*NOUSE*,*NOUSE*,0,0,0,0,0,0,0,0
462,462,,,77,334,62,213.00,68.86,46.98,3962,272831.00
463,463,*NOUSE*,*NOUSE*,0,0,0,0,0,0,0,0
464,464,*NOUSE*,*NOUSE*,0,0,0,0,0,0,0,0
465,465,*NOUSE*,*NOUSE*,0,0,0,0,0,0,0,0
466,466,*NOUSE*,*NOUSE*,0,0,0,0,0,0,0,0
467,467,*NOUSE*,*NOUSE*,0,0,0,0,0,0,0,0
468,468,,,77,1169,82,167.00,56.87,34.92,4411,250850.00
469,469,,,77,1068,88,88.00,31.89,14.58,6981,222658.00
470,470,*NOUSE*,*NOUSE*,0,0,0,0,0,0,0,0
471,471,*NOUSE*,*NOUSE*,0,0,0,0,0,0,0,0
472,472,*NOUSE*,*NOUSE*,0,0,0,0,0,0,0,0
473,473,*NOUSE*,*NOUSE*,0,0,0,0,0,0,0,0
474,474,*NOUSE*,*NOUSE*,0,0,0,0,0,0,0,0
475,475,,,78,1461,68,234.00,88.34,51.27,3144,277753.00
476,476,,,77,316,79,232.00,77.35,55.60,3612,279382.00
477,477,,,76,1520,90,138.00,59.30,28.91,3432,203523.00
478,478,,,74,1334,100,220.00,87.01,47.51,3904,339684.00
479,479,,,77,1170,103,171.00,47.49,29.65,5868,278699.00
480,480,,,77,1141,39,149.00,57.17,31.98,3992,228233.00
481,481,,,78,797,45,202.00,62.93,49.02,4301,270677.00
482,482,,,80,1384,52,202.00,75.30,42.54,3215,242077.00
483,483,,,83,713,54,196.00,56.20,42.16,5408,303920.00
484,484,*NOUSE*,*NOUSE*,0,0,0,0,0,0,0,0
485,485,,,80,1435,65,181.00,76.27,41.16,3123,238202.00
486,486,,,78,1170,64,148.00,53.79,29.98,4305,231581.00
487,487,,,77,1193,67,139.00,58.62,27.52,3873,227031.00
488,488,,,77,1210,67,216.00,89.78,44.33,2815,252738.00
489,489,*NOUSE*,*NOUSE*,0,0,0,0,0,0,0,0
490,490,*NOUSE*,*NOUSE*,0,0,0,0,0,0,0,0
491,491,*NOUSE*,*NOUSE*,0,0,0,0,0,0,0,0
492,492,,,79,1371,56,180.00,70.30,40.01,3227,226847.00
493,493,*NOUSE*,*NOUSE*,0,0,0,0,0,0,0,0
494,494,*NOUSE*,*NOUSE*,0,0,0,0,0,0,0,0
495,495,,,78,1314,73,220.00,87.12,44.43,2953,257274.00
496,496,,,78,1292,71,192.00,77.49,39.04,3380,261902.00
497,497,*NOUSE*,*NOUSE*,0,0,0,0,0,0,0,0
498,498,*NOUSE*,*NOUSE*,0,0,0,0,0,0,0,0
499,499,*NOUSE*,*NOUSE*,0,0,0,0,0,0,0,0
500,500,,,81,347,69,195.00,58.43,41.87,4805,280777.00
501,501,,,81,1261,72,192.00,75.14,38.26,4051,304379.00
502,502,*NOUSE*,*NOUSE*,0,0,0,0,0,0,0,0
503,503,*NOUSE*,*NOUSE*,0,0,0,0,0,0,0,0
504,504,,,80,1112,38,133.00,45.00,26.54,2969,133615.00
505,505,*NOUSE*,*NOUSE*,0,0,0,0,0,0,0,0
506,506,,,82,1207,48,159.00,69.04,35.30,3460,238886.00
507,507,*NOUSE*,*NOUSE*,0,0,0,0,0,0,0,0
508,508,*NOUSE*,*NOUSE*,0,0,0,0,0,0,0,0
509,509,,,81,1483,85,203.00,65.25,40.37,4320,281865.00
510,510,*NOUSE*,*NOUSE*,0,0,0,0,0,0,0,0
511,511,,,80,1243,84,193.00,92.59,37.55,2795,258789.00
512,512,*NOUSE*,*NOUSE*,0,0,0,0,0,0,0,0
513,513,,,79,1314,97,189.00,80.02,39.54,3944,315592.00
514,514,,,81,1261,94,188.00,81.01,40.00,4075,330127.00
515,515,*NOUSE*,*NOUSE*,0,0,0,0,0,0,0,0
516,516,,,83,1305,45,203.00,83.74,43.32,2736,229123.00
517,517,*NOUSE*,*NOUSE*,0,0,0,0,0,0,0,0
518,518,,,81,1367,71,212.00,73.61,40.86,3193,235032.00
519,519,,,82,465,69,127.00,41.42,25.95,6408,265426.00
520,520,,,76,1435,87,205.00,93.41,40.60,2759,257726.00
521,521,,,82,1502,83,164.00,58.65,36.42,4509,264453.00
522,522,*NOUSE*,*NOUSE*,0,0,0,0,0,0,0,0
523,523,*NOUSE*,*NOUSE*,0,0,0,0,0,0,0,0
524,524,*NOUSE*,*NOUSE*,0,0,0,0,0,0,0,0
525,525,*NOUSE*,*NOUSE*,0,0,0,0,0,0,0,0
526,526,,,82,1274,45,180.00,76.53,40.57,3243,248172.00
527,527,*NOUSE*,*NOUSE*,0,0,0,0,0,0,0,0
528,528,,,83,598,68,130.00,41.93,24.39,5601,234822.00
529,529,,,84,1398,63,189.00,80.90,44.94,3005,243098.00
530,530,*NOUSE*,*NOUSE*,0,0,0,0,0,0,0,0
531,531,*NOUSE*,*NOUSE*,0,0,0,0,0,0,0,0
532,532,,,83,1464,86,190.00,69.15,41.66,4235,292850.00
533,533,,,83,1414,87,225.00,84.68,48.75,3871,327788.00
534,534,*NOUSE*,*NOUSE*,0,0,0,0,0,0,0,0
535,535,,,83,1159,44,154.00,58.08,35.72,3981,231199.00
536,536,*NOUSE*,*NOUSE*,0,0,0,0,0,0,0,0
537,537,,,82,1185,42,141.00,51.92,27.21,2554,132594.00
538,538,*NOUSE*,*NOUSE*,0,0,0,0,0,0,0,0
539,539,*NOUSE*,*NOUSE*,0,0,0,0,0,0,0,0
540,540,,,83,512,59,132.00,43.29,26.19,6299,272691.00
541,541,,,84,1243,64,180.00,71.59,35.73,3858,276190.00
542,542,,,83,400,63,121.00,45.94,25.77,2496,114661.00
543,543,*NOUSE*,*NOUSE*,0,0,0,0,0,0,0,0
544,544,*NOUSE*,*NOUSE*,0,0,0,0,0,0,0,0
545,545,*NOUSE*,*NOUSE*,0,0,0,0,0,0,0,0
546,546,*NOUSE*,*NOUSE*,0,0,0,0,0,0,0,0
547,547,,,84,1277,93,180.00,76.45,38.53,4135,316112.00
548,548,,,82,1432,96,163.00,69.35,32.12,3319,230181.00
549,549,,,85,774,53,133.00,45.15,26.23,5147,232388.00
550,550,*NOUSE*,*NOUSE*,0,0,0,0,0,0,0,0
551,551,*NOUSE*,*NOUSE*,0,0,0,0,0,0,0,0
552,552,*NOUSE*,*NOUSE*,0,0,0,0,0,0,0,0
553,553,,,84,1522,77,175.00,56.90,34.56,4403,250522.00
554,554,*NOUSE*,*NOUSE*,0,0,0,0,0,0,0,0
555,555,,,84,802,78,90.00,32.77,15.81,6951,227799.00
556,556,*NOUSE*,*NOUSE*,0,0,0,0,0,0,0,0
557,557,*NOUSE*,*NOUSE*,0,0,0,0,0,0,0,0
558,558,,,84,1140,84,117.00,46.83,23.18,4138,193766.00
559,559,,,86,1143,60,195.00,57.74,41.26,3902,225291.00
560,560,*NOUSE*,*NOUSE*,0,0,0,0,0,0,0,0
561,561,,,87,1073,63,166.00,51.20,36.37,4363,223383.00
562,562,*NOUSE*,*NOUSE*,0,0,0,0,0,0,0,0
563,563,,,86,897,74,84.00,31.71,14.27,6897,218687.00
564,564,,,86,1342,81,179.00,66.86,37.30,4073,272308.00
565,565,*NOUSE*,*NOUSE*,0,0,0,0,0,0,0,0
566,566,*NOUSE*,*NOUSE*,0,0,0,0,0,0,0,0
567,567,,,86,1241,95,207.00,79.59,43.32,4062,323303.00
568,568,,,86,1338,49,166.00,59.12,30.15,2535,149868.00
569,569,,,85,1485,57,204.00,65.42,39.27,3980,260357.00
570,570,*NOUSE*,*NOUSE*,0,0,0,0,0,0,0,0
571,571,,,86,1521,64,159.00,56.81,36.23,4529,257281.00
572,572,*NOUSE*,*NOUSE*,0,0,0,0,0,0,0,0
573,573,,,86,1546,71,146.00,51.19,30.34,4658,238459.00
574,574,,,85,975,80,100.00,31.07,15.03,5851,181810.00
575,575,*NOUSE*,*NOUSE*,0,0,0,0,0,0,0,0
576,576,*NOUSE*,*NOUSE*,0,0,0,0,0,0,0,0
577,577,*NOUSE*,*NOUSE*,0,0,0,0,0,0,0,0
578,578,,,86,1501,63,175.00,61.91,37.64,4288,265470.00
579,579,*NOUSE*,*NOUSE*,0,0,0,0,0,0,0,0
580,580,*NOUSE*,*NOUSE*,0,0,0,0,0,0,0,0
581,581,*NOUSE*,*NOUSE*,0,0,0,0,0,0,0,0
582,582,*NOUSE*,*NOUSE*,0,0,0,0,0,0,0,0
583,583,*NOUSE*,*NOUSE*,0,0,0,0,0,0,0,0
584,584,*NOUSE*,*NOUSE*,0,0,0,0,0,0,0,0
585,585,*NOUSE*,*NOUSE*,0,0,0,0,0,0,0,0
586,586,*NOUSE*,*NOUSE*,0,0,0,0,0,0,0,0
587,587,,,89,1412,62,201.00,64.09,42.52,3874,248290.00
588,588,*NOUSE*,*NOUSE*,0,0,0,0,0,0,0,0
589,589,*NOUSE*,*NOUSE*,0,0,0,0,0,0,0,0
590,590,,,89,1253,78,139.00,62.30,26.73,3685,229591.00
591,591,*NOUSE*,*NOUSE*,0,0,0,0,0,0,0,0
592,592,*NOUSE*,*NOUSE*,0,0,0,0,0,0,0,0
593,593,,,88,836,55,118.00,38.90,21.57,5242,203940.00
594,594,,,91,1256,58,135.00,55.11,25.21,4613,254222.00
595,595,,,90,1164,58,158.00,54.92,35.59,4365,239741.00
596,596,*NOUSE*,*NOUSE*,0,0,0,0,0,0,0,0
597,597,,,90,1200,63,177.00,62.55,35.36,3768,235691.00
598,598,*NOUSE*,*NOUSE*,0,0,0,0,0,0,0,0
599,599,*NOUSE*,*NOUSE*,0,0,0,0,0,0,0,0
600,600,*NOUSE*,*NOUSE*,0,0,0,0,0,0,0,0
601,601,,,90,1447,81,214.00,68.90,43.90,4320,297648.00
602,602,*NOUSE*,*NOUSE*,0,0,0,0,0,0,0,0
603,603,*NOUSE*,*NOUSE*,0,0,0,0,0,0,0,0
604,604,,,90,1185,57,170.00,53.39,35.04,4048,216105.00
605,605,*NOUSE*,*NOUSE*,0,0,0,0,0,0,0,0
606,606,,,92,1213,59,185.00,65.93,37.77,3783,249406.00
607,607,*NOUSE*,*NOUSE*,0,0,0,0,0,0,0,0
608,608,*NOUSE*,*NOUSE*,0,0,0,0,0,0,0,0
609,609,,,89,1296,69,163.00,64.06,33.28,4384,280858.00
610,610,,,90,1163,75,106.00,42.38,19.36,4071,172519.00
611,611,,,91,1419,73,166.00,58.03,33.89,4221,244925.00
612,612,*NOUSE*,*NOUSE*,0,0,0,0,0,0,0,0
613,613,*NOUSE*,*NOUSE*,0,0,0,0,0,0,0,0
614,614,,,91,1274,58,169.00,63.43,36.86,4086,259172.00
615,615,*NOUSE*,*NOUSE*,0,0,0,0,0,0,0,0
616,616,*NOUSE*,*NOUSE*,0,0,0,0,0,0,0,0
617,617,*NOUSE*,*NOUSE*,0,0,0,0,0,0,0,0
618,618,,,89,1206,83,157.00,62.35,32.61,4282,266978.00
619,619,*NOUSE*,*NOUSE*,0,0,0,0,0,0,0,0
620,620,*NOUSE*,*NOUSE*,0,0,0,0,0,0,0,0
621,621,*NOUSE*,*NOUSE*,0,0,0,0,0,0,0,0
622,622,,,91,1432,64,190.00,65.62,44.42,4480,293983.00
623,623,*NOUSE*,*NOUSE*,0,0,0,0,0,0,0,0
624,624,*NOUSE*,*NOUSE*,0,0,0,0,0,0,0,0
625,625,*NOUSE*,*NOUSE*,0,0,0,0,0,0,0,0
626,626,*NOUSE*,*NOUSE*,0,0,0,0,0,0,0,0
627,627,*NOUSE*,*NOUSE*,0,0,0,0,0,0,0,0
628,628,*NOUSE*,*NOUSE*,0,0,0,0,0,0,0,0
629,629,,*MANUAL*,60,1381,92,248.00,166.42,30.07,789,131307.00
630,630,,*MANUAL*,52,1383,90,243.00,165.34,33.42,1365,225693.00
631,631,,*MANUAL*,68,1381,92,241.00,169.80,30.19,1335,226678.00
632,632,,*MANUAL*,67,1397,91,246.00,169.53,37.90,1041,176484.00
633,633,,*MANUAL*,57,1397,86,238.00,170.99,28.02,1229,210145.00
634,634,,*MANUAL*,82,1366,84,193.00,91.35,37.65,2103,192118.00
635,635,,*MANUAL*,79,1383,88,222.00,121.77,47.39,2103,256077.00
636,636,,*MANUAL*,76,1399,91,248.00,142.16,54.84,1963,279053.00
637,637,,*MANUAL*,78,1383,72,204.00,109.72,32.30,2020,221643.00
638,638,,*MANUAL*,80,1399,79,225.00,119.87,38.07,2038,244295.00
639,639,,*MANUAL*,87,1432,85,223.00,106.50,45.37,2103,223978.00
640,640,,*MANUAL*,89,1398,74,224.00,120.58,41.39,895,107922.00
641,641,,*MANUAL*,86,1380,65,162.00,116.74,18.01,895,104483.00
642,642,,*MANUAL*,72,1404,35,215.00,130.38,33.33,884,115255.00
643,643,,*MANUAL*,73,1388,37,220.00,143.49,33.99,861,123544.00
644,644,,*MANUAL*,82,1398,52,189.00,138.05,26.18,895,123554.00
645,645,,*MANUAL*,91,1451,67,183.00,106.39,34.91,895,95223.00
646,646,,*MANUAL*,87,1467,60,176.00,107.81,27.65,895,96487.00
647,647,,*MANUAL*,68,1377,38,228.00,154.50,25.32,895,138278.00
648,648,,*MANUAL*,42,1407,65,241.00,162.30,36.47,788,127893.00
649,649,,*MANUAL*,44,1373,51,206.00,139.19,24.19,852,118588.00
650,650,,*MANUAL*,52,1377,47,233.00,154.79,30.04,895,138533.00
651,651,,*MANUAL*,65,1394,36,225.00,156.31,27.94,895,139898.00
652,652,,*MANUAL*,39,1440,56,247.00,166.65,41.08,881,146823.00
653,653,,*MANUAL*,38,1454,58,244.00,135.57,62.14,895,121334.00
654,654,,*MANUAL*,43,1467,55,239.00,148.38,41.89,895,132801.00
655,655,,*MANUAL*,38,1451,71,245.00,164.79,40.24,885,145836.00
656,656,,*MANUAL*,40,1441,75,254.00,157.39,54.51,895,140861.00
657,657,,*MANUAL*,42,1426,77,245.00,165.37,38.66,895,148007.00
658,658,,*MANUAL*,42,1412,80,252.00,159.91,51.46,811,129690.00
659,659,,*MANUAL*,83,1359,57,183.00,78.30,37.63,2103,164669.00
660,660,,*MANUAL*,71,1361,41,210.00,133.70,30.15,1242,166051.00
661,661,,*MANUAL*,61,1365,37,244.00,151.53,30.56,1303,197442.00
662,662,,*MANUAL*,62,1595,42,183.00,73.60,37.35,2103,154778.00
663,663,,*MANUAL*,69,1580,41,219.00,91.71,48.71,2039,186987.00
664,664,,*MANUAL*,62,1569,41,217.00,97.67,45.64,2103,205405.00
665,665,,*MANUAL*,61,1535,38,198.00,89.57,48.31,2091,187286.00
666,666,,*MANUAL*,60,1512,38,233.00,103.22,59.59,1746,180218.00
667,667,,*MANUAL*,71,1545,40,219.00,98.85,48.08,1963,194051.00
668,668,,*MANUAL*,70,1515,38,238.00,102.66,58.22,2103,215896.00
669,669,,*MANUAL*,53,1566,88,230.00,97.60,52.89,2057,200756.00
670,670,,*MANUAL*,53,1545,88,236.00,112.69,52.57,1839,207246.00
671,671,,*MANUAL*,69,1557,91,246.00,133.76,51.25,1271,170011.00
672,672,,*MANUAL*,70,1538,90,251.00,112.22,49.60,2037,228582.00
673,673,,*MANUAL*,61,1551,96,217.00,87.78,44.32,2103,184605.00
674,674,,*MANUAL*,63,1495,94,203.00,88.41,40.76,2851,252062.00
675,675,,*MANUAL*$324$306,63,1462,99,199.00,60.39,35.93,4978,300598.00
676,676,,*MANUAL*,62,1409,101,201.00,60.21,35.58,3994,240467.00
677,677,,*MANUAL*,63,1318,106,149.00,47.06,29.66,4139,194763.00
678,678,,*MANUAL*,76,1424,54,199.00,96.28,44.44,2011,193628.00
679,679,,*MANUAL*,67,1435,87,250.00,167.52,35.08,1180,197668.00
680,680,,*MANUAL*,57,1433,84,219.00,108.59,40.39,2103,228363.00
681,681,,*MANUAL*,58,1431,47,206.00,90.29,35.82,2103,189889.00
682,682,,*MANUAL*,72,1439,48,182.00,95.34,30.27,1793,170947.00
683,683,,*MANUAL*,58,1445,60,245.00,122.31,56.12,1284,157040.00
684,684,,*MANUAL*,50,1443,54,252.00,167.49,44.01,1365,228619.00
685,685,,*MANUAL*,79,1441,53,235.00,124.45,43.63,1365,169874.00
686,686,,*MANUAL*,80,1454,55,207.00,121.05,32.23,1365,165228.00
687,687,,*MANUAL*,62,1455,82,248.00,150.90,48.43,620,93559.00
688,688,,*MANUAL*,67,1450,86,253.00,144.48,63.14,1258,181757.00
689,689,,*MANUAL*,54,1452,78,249.00,119.90,45.60,2969,355969.00
690,690,,*MANUAL*,76,1453,78,190.00,95.04,22.93,2103,199874.00
691,691,,*MANUAL*,64,1452,47,202.00,85.02,32.71,2634,223931.00
692,692,,*MANUAL*,51,1460,65,254.00,152.01,54.28,1332,202479.00
693,693,,*MANUAL*,56,1459,53,253.00,127.58,55.34,2103,268292.00
694,694,,*MANUAL*,76,1476,57,205.00,96.53,37.55,2103,202993.00
695,695,,*MANUAL*,63,1587,82,197.00,75.48,46.49,2103,158733.00
696,696,,*MANUAL*,63,1570,80,242.00,98.96,53.66,2103,208111.00
697,697,,*MANUAL*,61,1540,80,200.00,88.08,40.08,2028,178625.00
698,698,,*MANUAL*,75,1586,58,217.00,80.02,43.62,2065,165232.00
699,699,,*MANUAL*,75,1572,57,237.00,90.02,44.69,2103,189311.00
700,700,,*MANUAL*,76,1551,56,195.00,82.53,43.97,1803,148803.00
701,701,,*MANUAL*,76,1513,57,179.00,82.89,37.26,2103,174323.00
702,702,,*MANUAL*,52,1584,58,254.00,111.01,59.24,1935,214808.00
703,703,,*MANUAL*,53,1573,58,238.00,99.55,55.94,2103,209345.00
704,704,,*MANUAL*,53,1555,56,214.00,110.24,51.33,1272,140227.00
705,705,,*MANUAL*,43,1503,57,242.00,119.64,51.04,2030,242872.00
706,706,,*MANUAL*,54,1502,54,201.00,92.13,51.97,1197,110280.00
707,707,,*MANUAL*,55,1498,63,172.00,59.54,37.08,2084,124073.00
708,708,,*MANUAL*,57,1505,77,139.00,55.77,28.05,2969,165588.00
709,709,,*MANUAL*,68,1530,77,192.00,64.84,34.65,2103,136361.00
710,710,,*MANUAL*,70,1529,56,131.00,52.68,21.23,2103,110795.00
711,711,,*MANUAL*,92,1231,59,176.00,95.93,32.64,2093,200775.00
712,712,,*MANUAL*,85,1221,69,186.00,117.64,29.27,1790,210581.00
713,713,,*MANUAL*,86,1330,66,219.00,110.22,38.80,1365,150446.00
714,714,,*MANUAL*,89,1313,65,229.00,125.82,37.35,1339,168475.00
715,715,,*MANUAL*,90,1231,76,190.00,109.73,24.38,1365,149784.00
716,716,,*MANUAL*,88,1222,88,232.00,100.12,36.23,1871,187327.00
717,717,,*MANUAL*,85,1321,83,182.00,93.82,35.33,1985,186224.00
718,718,,*MANUAL*,84,1301,85,172.00,98.52,27.20,1950,192116.00
719,719,,*MANUAL*,60,1336,99,216.00,121.62,36.99,2101,255522.00
720,720,,*MANUAL*,46,1339,93,243.00,121.53,47.45,2103,255572.00
721,721,,*MANUAL*,66,1296,95,200.00,107.78,27.77,2095,225789.00
722,722,,*MANUAL*,70,1249,93,200.00,97.46,40.11,2969,289368.00
723,723,,*MANUAL*,80,1223,97,209.00,113.58,37.18,2101,238639.00
724,724,,*MANUAL*,46,1233,86,227.00,132.77,44.30,1817,241237.00
725,725,,*MANUAL*,43,1226,48,222.00,108.85,47.38,2092,227717.00
726,726,,*MANUAL*,48,1232,59,231.00,146.93,33.55,1303,191444.00
727,727,,*MANUAL*,41,1239,63,232.00,133.20,41.23,1365,181818.00
728,728,,*MANUAL*,39,1235,79,227.00,139.70,40.85,1365,190691.00
729,729,,*MANUAL*,38,1318,53,250.00,154.73,49.18,1153,178400.00
730,730,,*MANUAL*,40,1263,68,178.00,81.95,34.00,2930,240103.00
731,731,,*MANUAL*,39,1333,70,222.00,118.71,40.56,2103,249653.00
732,732,,*MANUAL*,40,1322,86,248.00,96.82,62.53,2093,202636.00
733,733,,*MANUAL*,49,1266,78,212.00,114.41,40.26,2103,240611.00
734,734,,*MANUAL*,41,1278,85,215.00,116.36,46.47,2097,244017.00
735,735,,*MANUAL*,49,1285,76,227.00,118.46,41.08,2103,249116.00
736,736,,*MANUAL*,48,1317,77,244.00,127.89,46.18,2103,268953.00
737,737,,*MANUAL*,67,1338,86,253.00,136.06,50.31,1879,255659.00
738,738,,*MANUAL*,76,1331,85,248.00,127.15,44.51,2103,267395.00
739,739,,*MANUAL*,73,1307,87,208.00,134.74,27.60,1365,183914.00
740,740,,*MANUAL*,49,1325,64,244.00,118.80,56.66,1251,148616.00
741,741,,*MANUAL*,50,1271,60,221.00,132.85,39.77,1365,181339.00
742,742,,*MANUAL*,83,1322,50,219.00,99.42,43.18,1895,188408.00
743,743,,*MANUAL*,80,1290,42,202.00,111.38,33.11,1365,152036.00
744,744,,*MANUAL*,50,1303,39,225.00,106.09,52.04,2035,215891.00
745,745,,*MANUAL*,56,1291,40,211.00,118.74,35.39,1932,229402.00
746,746,,*MANUAL*,51,1280,40,215.00,126.91,40.68,1365,173237.00
747,747,,*MANUAL*,52,1288,52,195.00,128.84,27.56,1353,174320.00
748,748,,*MANUAL*,63,1294,50,236.00,144.16,32.59,1292,186251.00
749,749,,*MANUAL*,71,1282,50,228.00,107.06,38.36,2103,225150.00
750,750,,*MANUAL*,82,1288,55,207.00,120.70,35.66,1365,164755.00
751,751,,*MANUAL*,81,1307,58,217.00,131.23,33.71,1342,176104.00
752,752,,*MANUAL*,71,1301,54,218.00,132.51,35.23,1365,180873.00
753,753,,*MANUAL*,60,1307,44,213.00,138.79,33.99,1271,176401.00
754,754,,*MANUAL*,65,1315,48,234.00,158.68,26.03,973,154399.00
755,755,,*MANUAL*,57,1320,45,251.00,171.07,36.74,1339,229059.00
756,756,,*MANUAL*,74,1317,48,234.00,152.44,32.79,1365,208077.00
757,757,,*MANUAL*,56,1333,48,250.00,142.89,57.12,1339,191335.00
758,758,,*MANUAL*,51,1334,58,253.00,146.95,48.42,1365,200586.00
759,759,,*MANUAL*,75,1328,66,227.00,117.74,49.11,1325,156006.00
760,760,,*MANUAL*,73,1331,55,232.00,123.77,47.26,1365,168947.00
761,761,,*MANUAL*,76,1251,49,117.00,48.59,15.41,4103,199373.00
762,762,,*MANUAL*,68,1224,87,201.00,107.27,28.80,1987,213144.00
763,763,,*MANUAL*,57,1228,82,222.00,109.26,33.56,2103,229778.00
764,764,,*MANUAL*,60,1214,55,240.00,128.48,34.45,1766,226890.00
765,765,,*MANUAL*,70,1215,56,236.00,135.02,27.65,1365,184306.00
766,766,,*MANUAL*,75,1224,72,187.00,105.39,29.43,2103,221634.00
767,767,,*MANUAL*,62,1165,47,165.00,86.48,27.98,2103,181860.00
768,768,,*MANUAL*,59,1131,81,177.00,89.97,32.81,2103,189200.00
769,769,,*MANUAL*,47,1135,67,207.00,82.51,41.66,2969,244969.00
770,770,,*MANUAL*$123$121,48,1073,84,113.00,36.95,17.93,7258,268212.00
771,771,,*MANUAL*,66,953,47,70.00,21.64, 9.51,4117,89087.00
772,772,,*MANUAL*,60,949,87,79.00,26.19,11.47,3967,103908.00
773,773,,*MANUAL*,66,876,86,103.00,29.88,13.10,4139,123664.00
774,774,,*MANUAL*,66,863,46,73.00,26.14,11.04,4139,108214.00
775,775,,*MANUAL*,72,758,77,79.00,27.10,12.78,3847,104260.00
776,776,,*MANUAL*,68,648,81,130.00,31.38,16.04,4139,129890.00
777,777,,*MANUAL*,63,463,79,90.00,41.36,17.35,3951,163431.00
778,778,,*MANUAL*$337$298,64,586,54,90.00,31.31,13.67,8752,274034.00
779,779,,*MANUAL*,57,492,56,127.00,46.85,22.88,4133,193651.00
780,780,,*MANUAL*,59,420,58,145.00,61.35,24.36,3843,235750.00
781,781,,*MANUAL*,66,494,43,239.00,112.28,44.94,2103,236125.00
782,782,,*MANUAL*,66,471,45,226.00,132.78,37.17,2103,279239.00
783,783,,*MANUAL*,66,605,39,204.00,84.00,46.24,2969,249388.00
784,784,,*MANUAL*,65,1182,28,200.00,108.06,29.45,1135,122644.00
785,785,,*MANUAL*,73,1184,33,212.00,119.53,33.54,1365,163161.00
786,786,,*MANUAL*,63,1204,35,211.00,118.97,37.09,1989,236636.00
787,787,,*MANUAL*,71,1213,33,179.00,109.97,28.92,1326,145822.00
788,788,,*MANUAL*,65,1224,35,228.00,136.66,38.00,1269,173420.00
789,789,,*MANUAL*,73,1231,34,210.00,134.33,36.57,1362,182957.00
790,790,,*MANUAL*,64,1241,32,232.00,119.91,46.77,1285,154089.00
791,791,,*MANUAL*,73,1246,32,224.00,134.04,34.05,1317,176530.00
792,792,,*MANUAL*,67,1258,30,228.00,97.73,47.38,2103,205521.00
793,793,,*MANUAL*,74,1228,48,201.00,129.22,29.19,1040,134393.00
794,794,,*MANUAL*,82,1224,51,214.00,110.85,44.49,2103,233126.00
795,795,,*MANUAL*,62,1244,44,244.00,142.91,36.31,1251,178778.00
796,796,,*MANUAL*,53,1248,46,233.00,126.51,48.64,1365,172681.00
797,797,,*MANUAL*$72$71,42,1582,64,158.00,52.09,31.31,4979,259361.00
798,798,,*MANUAL*,39,1479,63,203.00,61.05,40.64,4139,252696.00
799,799,,*MANUAL*,46,1372,65,247.00,121.55,46.99,2046,248693.00
800,800,,*MANUAL*,49,1402,70,224.00,118.06,44.85,2103,248289.00
801,801,,*MANUAL*,49,1405,86,247.00,148.67,45.42,2103,312656.00
802,802,,*MANUAL*,39,1385,63,184.00,60.26,39.57,4139,249401.00
803,803,,*MANUAL*,37,1204,59,203.00,63.96,30.34,4139,264742.00
804,804,,*MANUAL*$36$37,41,1108,51,116.00,39.31,20.77,5092,200144.00
805,805,,*MANUAL*,42,1004,40,187.00,57.79,31.84,3908,225834.00
806,806,,*MANUAL*,44,699,58,164.00,55.63,32.25,4139,230259.00
807,807,,*MANUAL*,50,586,70,123.00,38.16,22.49,4139,157958.00
808,808,,*MANUAL*$100$97$101,45,465,66,183.00,47.21,30.97,5933,280092.00
809,809,,*MANUAL*$30$18,39,969,68,103.00,35.24,19.37,6949,244854.00
810,810,,*MANUAL*$53$56,41,865,69,130.00,39.60,22.44,5710,226115.00
811,811,,*MANUAL*$579$572,84,1594,70,109.00,37.32,18.33,5903,220294.00
812,812,,*MANUAL*,88,1480,69,161.00,60.37,28.12,4139,249885.00
813,813,,*MANUAL*,92,1346,65,117.00,39.53,23.02,4139,163621.00
814,814,,*MANUAL*$617$619,90,1109,60,83.00,29.82,12.51,4943,147419.00
815,815,,*MANUAL*$598$596,88,1038,65,110.00,37.25,19.28,4241,157974.00
816,816,,*MANUAL*$603$591,89,993,47,113.00,39.49,22.30,4710,185990.00
817,817,,*MANUAL*,88,950,54,133.00,41.65,22.54,4115,171401.00
818,818,,*MANUAL*$584$592,88,895,49,127.00,40.78,23.04,4867,198467.00
819,819,,*MANUAL*$560$570,86,679,60,117.00,40.59,22.20,5546,225137.00
820,820,,*MANUAL*$551$550,83,634,58,147.00,42.46,24.31,6090,258597.00
821,821,,*MANUAL*$530$543,82,556,68,117.00,40.85,22.23,4968,202925.00
822,822,,*MANUAL*$613$582,87,1040,85,103.00,31.76,15.72,6171,195989.00
823,823,,*MANUAL*$556$554,83,672,81,99.00,33.89,17.03,6389,216550.00
824,824,,*MANUAL*$523$512,80,512,83,113.00,35.94,17.83,6468,232478.00
825,825,,*MANUAL*,59,235,74,161.00,74.68,33.44,1881,140480.00
826,826,,*MANUAL*,69,242,73,134.00,53.24,23.61,4139,220362.00
827,827,,*MANUAL*$234$235,57,256,77,125.00,42.64,22.99,5605,239013.00
828,828,,*MANUAL*,73,297,81,199.00,107.43,41.44,1803,193699.00
829,829,,*MANUAL*,76,306,68,200.00,101.30,39.19,1947,197230.00
830,830,,*MANUAL*,77,329,73,189.00,108.62,30.53,1996,216801.00
831,831,,*MANUAL*,79,367,70,204.00,90.08,44.13,2064,185927.00
832,832,,*MANUAL*,79,386,70,212.00,93.62,45.33,2103,196878.00
833,833,,*MANUAL*,55,316,79,240.00,143.63,47.31,1316,189017.00
834,834,,*MANUAL*,54,328,75,216.00,108.04,41.71,1939,209491.00
835,835,,*MANUAL*,55,327,63,219.00,107.67,49.54,2103,226426.00
836,836,,*MANUAL*,58,349,81,220.00,102.36,46.90,1912,195712.00
837,837,,*MANUAL*,72,345,84,189.00,111.64,26.70,1756,196044.00
838,838,,*MANUAL*,67,338,73,202.00,113.01,36.33,2091,236304.00
839,839,,*MANUAL*,66,327,83,182.00,105.61,27.16,2103,222100.00
840,840,,*MANUAL*,66,313,68,210.00,105.31,35.81,2103,221468.00
841,841,,*MANUAL*,66,305,83,210.00,107.31,35.65,2103,225681.00
842,842,,*MANUAL*$315$336,64,350,52,182.00,64.84,39.55,4411,286021.00
843,843,,*MANUAL*,72,358,64,193.00,96.96,40.24,2103,203909.00
844,844,,*MANUAL*,66,375,62,246.00,126.41,61.33,1861,235246.00
845,845,,*MANUAL*,55,377,59,234.00,134.43,54.73,2103,282716.00
846,846,,*MANUAL*,47,420,60,176.00,81.54,41.42,2103,171483.00
847,847,,*MANUAL*,81,343,86,159.00,57.18,31.87,2103,120247.00
848,848,,*MANUAL*,49,344,86,189.00,39.84,34.71,3597,143289.00
849,849,,*MANUAL*$502$522,79,1551,82,148.00,53.98,28.53,5122,276491.00
850,850,,*MANUAL*,74,1489,96,203.00,87.73,41.20,2103,184493.00
851,851,,*MANUAL*,79,1369,98,168.00,82.97,33.10,1930,160125.00
852,852,,*MANUAL*,72,1357,101,171.00,82.59,35.75,2969,245221.00
853,853,,*MANUAL*,59,1238,100,212.00,113.92,41.11,1803,205396.00
854,854,,*MANUAL*$489$472,76,1086,101,155.00,45.23,28.95,6078,274915.00
855,855,,*MANUAL*$456$442,75,972,99,156.00,48.89,32.41,5688,278084.00
856,856,,*MANUAL*,72,546,91,196.00,87.58,36.80,2103,184184.00
857,857,,*MANUAL*$424$401,70,447,91,198.00,56.26,40.85,4376,246187.00
858,858,,*MANUAL*$157$144,49,1481,91,175.00,60.73,34.41,5054,306917.00
859,859,,*MANUAL*,52,1246,101,219.00,85.82,37.38,2103,180478.00
860,860,,*MANUAL*$125$136,49,1143,99,182.00,54.02,34.38,5798,313208.00
861,861,,*MANUAL*,46,1005,91,195.00,88.19,35.96,2103,185461.00
862,862,,*MANUAL*,50,945,97,178.00,65.73,41.64,2969,195156.00
863,863,,*MANUAL*$189$186,54,615,90,223.00,58.34,43.63,4778,278765.00
864,864,,*MANUAL*,56,457,89,187.00,79.43,38.90,2103,167047.00
865,865,,*MANUAL*,58,340,91,207.00,88.69,39.72,2103,186523.00
866,866,,*MANUAL*,83,1543,55,176.00,78.69,34.84,2103,165479.00
867,867,,*MANUAL*$538$527,82,1507,48,132.00,50.83,24.41,4100,208413.00
868,868,,*MANUAL*$498$515,80,1474,43,159.00,52.90,28.88,4179,221075.00
869,869,,*MANUAL*,86,1420,48,153.00,59.06,33.03,2969,175355.00
870,870,,*MANUAL*,80,1366,40,158.00,60.51,36.74,2103,127252.00
871,871,,*MANUAL*,82,1240,39,178.00,76.85,32.05,2103,161606.00
872,872,,*MANUAL*,80,950,41,144.00,76.43,26.67,2103,160740.00
873,873,,*MANUAL*$490$497,79,832,43,151.00,51.05,32.00,5053,257967.00
874,874,,*MANUAL*,78,757,50,217.00,98.99,41.90,2103,208185.00
875,875,,*MANUAL*$474$499,78,682,46,197.00,52.09,35.69,5869,305730.00
876,876,,*MANUAL*,45,1551,52,191.00,64.51,38.31,2103,135674.00
877,877,,*MANUAL*,55,1264,35,161.00,64.80,41.32,2103,136283.00
878,878,,*MANUAL*,52,1202,35,190.00,110.83,30.93,895,99192.00
879,879,,*MANUAL*$174$173,54,1121,37,136.00,50.87,30.00,4165,211853.00
880,880,,*MANUAL*,52,1011,37,190.00,80.88,42.83,2103,170099.00
881,881,,*MANUAL*$200$172,55,930,36,170.00,51.74,36.51,4254,220120.00
882,882,,*MANUAL*,51,865,39,182.00,75.72,35.60,2103,159231.00
883,883,,*MANUAL*$139$165,52,715,43,183.00,52.83,37.63,6165,325680.00
884,884,,*MANUAL*$179$180,53,550,45,175.00,50.82,36.18,6119,310938.00
885,885,,*MANUAL*$220$209,54,461,48,190.00,57.14,41.83,5947,339813.00
886,886,,*MANUAL*$335$312,68,730,48,198.00,53.99,33.22,9417,508470.00
887,887,,*MANUAL*,71,708,48,184.00,64.89,35.88,4139,268582.00
888,888,,*MANUAL*,81,880,92,179.00,77.24,39.89,2103,162445.00
889,889,,*MANUAL*,84,753,72,164.00,84.75,31.29,2103,178222.00
890,890,,*MANUAL*,69,1417,27,123.00,38.40,29.23,2103,80748.00
891,891,,*MANUAL*,67,1365,28,189.00,43.30,35.03,2969,128553.00
892,892,,*MANUAL*,77,1290,88,191.00,107.91,30.55,2103,226929.00
893,893,,*MANUAL*,89,1276,74,143.00,74.69,30.74,2103,157080.00
894,894,,*MANUAL*$92$105,45,1221,97,186.00,61.88,34.59,5297,327785.00
895,895,,*MANUAL*,61,1408,35,214.00,128.80,38.44,1365,175807.00
896,896,,*MANUAL*,66,1554,35,153.00,61.96,34.92,2103,130293.00
897,897,,*MANUAL*,66,1492,37,121.00,58.83,24.20,2103,123727.00
898,898,,*MANUAL*,47,1315,50,253.00,161.26,49.88,1365,220116.00
899,899,,*MANUAL*,63,1407,91,253.00,191.93,31.87,895,171781.00
900,900,f1,*MANUAL*,67,1704,71, 5.00, 0.61, 0.93,895,548.00
901,901,f2,*MANUAL*,66,1623,72,28.00, 2.07, 3.38,895,1850.00
902,902,f3,*MANUAL*,66,1366,67,23.00, 7.93, 3.92,895,7093.00
903,903,f4,*MANUAL*,66,1276,69,22.00,10.39, 3.59,895,9302.00
904,904,f5,*MANUAL*,67,1184,69,57.00,10.18, 8.30,895,9107.00
905,905,f6,*MANUAL*,60,997,99,13.00, 1.66, 2.01,895,1487.00
906,906,f7,*MANUAL*,61,774,99, 8.00, 0.61, 1.09,895,542.00
907,907,f8,*MANUAL*,64,835,29,10.00, 1.60, 1.85,895,1436.00
908,908,f9,*MANUAL*,65,1120,30,28.00, 5.25, 4.48,895,4697.00
909,909,f10,*MANUAL*,65,559,38,19.00, 3.45, 3.26,895,3084.00
