0,0,*NOUSE*,*NOUSE*,0,0,0,0,0,0,0,0
1,1,*NOUSE*,*NOUSE*,0,0,0,0,0,0,0,0
2,2,,*MANUAL*,68,1345,36,171.00,91.72,30.50,1365,125193.00
3,3,,*MANUAL*,67,1371,38,225.00,116.64,36.34,1105,128889.00
4,4,,*MANUAL*,74,1379,42,236.00,157.47,38.18,978,154010.00
5,5,,*MANUAL*,62,1380,42,230.00,130.47,46.57,1756,229110.00
6,6,,*MANUAL*,73,1395,45,221.00,149.49,39.21,1124,168026.00
7,7,,*MANUAL*,63,1398,42,220.00,143.79,45.42,1286,184917.00
8,8,,*MANUAL*,51,1372,50,195.00,73.98,42.25,2099,155276.00
9,9,,*MANUAL*,54,1390,47,199.00,103.98,43.18,1991,207031.00
10,10,,*MANUAL*,55,1405,46,220.00,104.69,45.16,1885,197349.00
11,11,,*MANUAL*,47,1369,65,210.00,107.48,32.50,1351,145202.00
12,12,,*MANUAL*,52,1383,62,174.00,104.42,33.29,1365,142533.00
13,13,,*MANUAL*,52,1398,57,190.00,90.02,35.72,2095,188594.00
14,14,,*MANUAL*,56,1420,42,181.00,91.49,40.64,1847,168975.00
15,15,,*MANUAL*,50,1411,57,216.00,112.88,41.69,1257,141891.00
16,16,,*MANUAL*,44,1426,60,193.00,83.07,40.53,2075,172364.00
17,17,,*MANUAL*,50,1438,52,185.00,109.02,33.77,1218,132790.00
18,18,,*MANUAL*,45,1452,58,189.00,91.68,38.07,1966,180250.00
19,19,,*MANUAL*,50,1462,53,205.00,111.73,39.63,1304,145700.00
20,20,,*MANUAL*,44,1476,60,178.00,77.44,32.06,1951,151079.00
21,21,,*MANUAL*,49,1486,56,162.00,85.14,32.97,1365,116220.00
22,22,,*MANUAL*,42,1499,67,145.00,71.63,27.69,2103,150647.00
23,23,,*MANUAL*,43,1514,75,136.00,73.42,23.88,1985,145747.00
24,24,,*MANUAL*,47,1496,84,170.00,78.79,33.06,1980,156004.00
25,25,,*MANUAL*,43,1483,79,203.00,99.12,41.53,1330,131831.00
26,26,,*MANUAL*,50,1479,88,190.00,104.42,32.67,1365,142535.00
27,27,,*MANUAL*,47,1464,85,161.00,78.44,34.47,2040,160015.00
28,28,,*MANUAL*,47,1447,85,179.00,90.80,39.74,2067,187680.00
29,29,,*MANUAL*,43,1436,75,177.00,90.41,33.05,2078,187879.00
30,30,,*MANUAL*,43,1421,82,208.00,95.27,45.48,1222,116417.00
31,31,,*MANUAL*,43,1414,68,164.00,82.56,30.62,2103,173628.00
32,32,,*MANUAL*,43,1394,67,194.00,111.68,37.18,1365,152440.00
33,33,,*MANUAL*,42,1377,76,152.00,91.36,29.39,1833,167459.00
34,34,,*MANUAL*,47,1403,77,185.00,103.60,33.39,1353,140174.00
35,35,,*MANUAL*,45,1392,83,192.00,108.27,37.40,1356,146815.00
36,36,,*MANUAL*,53,1386,91,228.00,135.96,44.23,1359,184765.00
37,37,*NOUSE*,*NOUSE*,0,0,0,0,0,0,0,0
38,38,,*MANUAL*,80,1373,51,228.00,118.20,36.51,1074,126948.00
39,39,,*MANUAL*,81,1389,49,221.00,131.74,41.70,1356,178645.00
40,40,,*MANUAL*,81,1403,45,234.00,133.66,43.88,1335,178430.00
41,41,,*MANUAL*,81,1369,64,219.00,115.15,41.14,893,102832.00
42,42,,*MANUAL*,81,1384,64,204.00,118.28,40.84,1351,159792.00
43,43,,*MANUAL*,81,1402,57,200.00,122.04,32.05,1315,160486.00
44,44,,*MANUAL*,79,1416,42,221.00,127.52,41.27,1144,145879.00
45,45,,*MANUAL*,84,1415,51,239.00,125.18,45.22,1287,161102.00
46,46,,*MANUAL*,88,1436,55,204.00,110.18,45.21,1334,146975.00
47,47,,*MANUAL*,83,1452,49,204.00,118.95,42.20,1151,136912.00
48,48,,*MANUAL*,86,1459,55,196.00,102.64,45.97,1937,198814.00
49,49,,*MANUAL*,82,1470,52,204.00,98.17,47.95,2037,199982.00
50,50,,*MANUAL*,82,1489,55,210.00,90.55,43.82,1365,123607.00
51,51,,*MANUAL*,85,1503,61,145.00,74.51,29.12,2103,156697.00
52,52,,*MANUAL*,86,1523,69,166.00,82.25,32.93,2103,172962.00
53,53,,*MANUAL*,85,1509,77,200.00,85.68,48.77,2103,180182.00
54,54,,*MANUAL*,86,1494,76,220.00,116.83,43.07,1211,141479.00
55,55,,*MANUAL*,81,1488,85,211.00,108.19,44.95,1365,147674.00
56,56,,*MANUAL*,84,1473,82,206.00,109.34,44.92,1365,149247.00
57,57,,*MANUAL*,85,1458,85,214.00,101.63,46.24,1343,136490.00
58,58,,*MANUAL*,88,1457,73,233.00,108.70,52.99,1365,148376.00
59,59,,*MANUAL*,91,1426,74,223.00,115.01,44.15,1365,156989.00
60,60,,*MANUAL*,91,1416,63,195.00,94.59,41.82,2103,198913.00
61,61,,*MANUAL*,87,1395,63,206.00,115.81,48.85,1365,158087.00
62,62,,*MANUAL*,86,1371,77,208.00,101.52,38.54,1860,188832.00
63,63,,*MANUAL*,87,1404,73,202.00,117.65,41.17,1365,160594.00
64,64,,*MANUAL*,83,1391,79,217.00,128.37,35.00,1365,175219.00
65,65,,*MANUAL*,79,1378,82,217.00,137.57,30.78,1361,187233.00
66,66,,*MANUAL*,85,1357,81,213.00,89.79,45.06,2013,180748.00
67,67,,*MANUAL*,84,1403,88,212.00,112.70,45.79,1316,148307.00
68,68,,*MANUAL*,64,1357,91,213.00,121.24,40.19,1359,164767.00
69,69,,*MANUAL*,71,1371,91,223.00,150.11,32.89,1250,187636.00
70,70,,*MANUAL*,56,1370,90,208.00,130.46,34.38,1255,163728.00
71,71,,*MANUAL*,51,1379,79,186.00,123.75,26.54,1365,168915.00
72,72,,*MANUAL*,50,1404,89,195.00,120.55,32.14,925,111508.00
73,73,,*MANUAL*,58,1403,94,212.00,119.94,40.16,2102,252113.00
74,74,,*MANUAL*,63,1379,91,238.00,156.23,40.20,1365,213258.00
75,75,,*MANUAL*,67,1392,91,238.00,160.66,38.57,1245,200026.00
76,76,,*MANUAL*,75,1387,91,251.00,150.69,55.96,1365,205696.00
77,77,,*MANUAL*,75,1402,96,208.00,106.10,46.01,2103,223136.00
78,78,,*MANUAL*,62,1644,56,130.00,35.73,23.82,2969,106078.00
79,79,,*MANUAL*,63,1577,47,140.00,64.50,26.91,2100,135460.00
80,80,,*MANUAL*,60,1562,47,160.00,65.86,33.34,2082,137128.00
81,81,,*MANUAL*,68,1544,46,166.00,70.52,36.81,2043,144078.00
82,82,,*MANUAL*,69,1521,45,190.00,113.10,35.50,1306,147706.00
83,83,,*MANUAL*,70,1503,44,192.00,97.50,38.01,1627,158625.00
84,84,,*MANUAL*,58,1531,47,190.00,96.79,41.17,1337,129406.00
85,85,,*MANUAL*,58,1515,46,209.00,112.84,41.94,1241,140040.00
86,86,,*MANUAL*,64,1622,94,133.00,48.40,28.97,2103,101789.00
87,87,,*MANUAL*,65,1597,95,148.00,59.23,32.72,2103,124562.00
88,88,,*MANUAL*,64,1574,94,158.00,68.53,35.73,2047,140285.00
89,89,,*MANUAL*,68,1561,95,149.00,68.96,35.02,2097,144605.00
90,90,,*MANUAL*,60,1548,97,201.00,88.00,47.47,1945,171159.00
91,91,,*MANUAL*,68,1540,95,210.00,86.51,47.70,2103,181921.00
92,92,,*MANUAL*,60,1525,97,224.00,117.23,44.72,1259,147594.00
93,93,,*MANUAL*,60,1505,95,232.00,143.66,50.24,1119,160759.00
94,94,,*MANUAL*,69,1522,97,211.00,113.16,41.72,1365,154467.00
95,95,,*MANUAL*,69,1503,95,234.00,148.10,41.85,1254,185716.00
96,96,,*MANUAL*,62,1501,38,168.00,51.73,41.69,2965,153373.00
97,97,,*MANUAL*,65,1470,40,152.00,75.27,35.86,2083,156780.00
98,98,,*MANUAL*,67,1439,37,168.00,65.81,38.58,2103,138391.00
99,99,,*MANUAL*,69,1420,38,178.00,84.63,35.51,2103,177981.00
100,100,,*MANUAL*,69,1385,34,185.00,51.16,34.69,4139,211733.00
101,101,,*MANUAL*,66,1284,31,125.00,35.69,30.38,2969,105955.00
102,102,,*MANUAL*,65,1489,96,165.00,59.72,26.83,2969,177306.00
103,103,,*MANUAL*,67,1450,102,120.00,38.43,28.15,4128,158633.00
104,104,,*MANUAL*,67,1391,104,148.00,48.16,30.34,2969,142974.00
105,105,,*MANUAL*,65,1363,103,147.00,55.57,32.77,3920,217817.00
106,106,,*MANUAL*,64,1374,57,156.00,74.33,34.92,1355,100711.00
107,107,,*MANUAL*,59,1373,70,212.00,111.43,43.05,1309,145866.00
108,108,,*MANUAL*,71,1371,71,205.00,100.95,45.88,1365,137801.00
109,109,,*MANUAL*,68,1418,54,240.00,118.00,53.17,1365,161075.00
110,110,,*MANUAL*,79,1420,81,212.00,136.04,36.17,1300,176853.00
111,111,,*MANUAL*,56,1412,79,177.00,72.76,36.81,1249,90882.00
112,112,,*MANUAL*,67,1438,51,241.00,125.47,44.30,1024,128479.00
113,113,,*MANUAL*,61,1431,55,219.00,112.03,33.44,1355,151802.00
114,114,,*MANUAL*,75,1431,54,221.00,131.30,37.05,1351,177385.00
115,115,,*MANUAL*,80,1425,67,229.00,112.83,43.04,1365,154010.00
116,116,,*MANUAL*,56,1424,69,193.00,89.51,33.52,1365,122187.00
117,117,,*MANUAL*,56,1435,77,208.00,129.93,34.22,1365,177357.00
118,118,,*MANUAL*,52,1421,82,212.00,122.38,36.35,1243,152122.00
119,119,,*MANUAL*,81,1441,81,230.00,112.13,57.75,1259,141166.00
120,120,,*MANUAL*,74,1439,76,248.00,149.27,49.60,1361,203151.00
121,121,,*MANUAL*,72,1424,87,179.00,92.08,40.10,1252,115284.00
122,122,,*MANUAL*,61,1426,86,174.00,95.73,28.06,1365,130665.00
123,123,,*MANUAL*,73,1453,55,252.00,169.43,48.48,1156,195856.00
124,124,,*MANUAL*,62,1452,56,252.00,122.67,61.98,1297,159107.00
125,125,,*MANUAL*,60,1454,83,234.00,139.27,48.98,1320,183842.00
126,126,,*MANUAL*,54,1448,76,219.00,129.85,36.07,1363,176981.00
127,127,,*MANUAL*,74,1453,83,222.00,122.18,49.17,1344,164206.00
128,128,,*MANUAL*,78,1454,65,239.00,137.82,42.68,1285,177102.00
129,129,,*MANUAL*,78,1444,59,232.00,94.32,39.36,2103,198349.00
130,130,,*MANUAL*,56,1443,60,183.00,89.30,28.82,2103,187801.00
131,131,,*MANUAL*,68,1442,88,180.00,78.78,39.71,2103,165664.00
132,132,,*MANUAL*,75,1465,74,212.00,113.65,43.53,1365,155126.00
133,133,,*MANUAL*,56,1467,74,186.00,102.25,38.30,1351,138141.00
134,134,,*MANUAL*,65,1595,58,118.00,41.57,27.98,2103,87416.00
135,135,,*MANUAL*,65,1568,58,152.00,62.91,29.35,1365,85868.00
136,136,,*MANUAL*,64,1549,57,168.00,67.84,41.42,2103,142665.00
137,137,,*MANUAL*,66,1529,54,177.00,89.52,37.67,1365,122191.00
138,138,,*MANUAL*,66,1476,50,160.00,71.12,35.63,1362,96869.00
139,139,,*MANUAL*,56,1594,81,119.00,43.01,28.55,2103,90445.00
140,140,,*MANUAL*,55,1562,78,208.00,92.61,43.39,1943,179950.00
141,141,,*MANUAL*,54,1543,80,189.00,78.96,40.81,2103,166049.00
142,142,,*MANUAL*,52,1519,79,181.00,105.60,33.71,784,82788.00
143,143,,*MANUAL*,52,1490,77,159.00,93.06,32.57,1295,120511.00
144,144,,*MANUAL*,73,1593,79,141.00,50.83,32.89,2103,106890.00
145,145,,*MANUAL*,74,1568,78,204.00,78.71,43.39,2026,159461.00
146,146,,*MANUAL*,74,1554,78,181.00,91.64,40.69,1365,125090.00
147,147,,*MANUAL*,76,1533,79,187.00,110.79,38.10,1154,127853.00
148,148,,*MANUAL*,76,1498,76,185.00,98.56,37.36,1365,134541.00
149,149,,*MANUAL*,76,1482,67,176.00,74.08,33.81,2061,152683.00
150,150,,*MANUAL*,70,1523,80,163.00,65.74,26.25,1875,123268.00
151,151,,*MANUAL*,59,1515,79,163.00,67.34,30.99,2103,141610.00
152,152,,*MANUAL*,55,1494,68,141.00,64.76,30.81,1340,86784.00
153,153,,*MANUAL*,61,1515,56,160.00,57.31,24.50,2103,120517.00
154,154,,*MANUAL*,70,1498,55,118.00,57.25,22.53,2103,120402.00
155,155,,*MANUAL*,42,1160,76,178.00,94.42,40.06,1324,125011.00
156,156,,*MANUAL*,42,1167,87,174.00,93.22,30.47,1365,127240.00
157,157,,*MANUAL*,42,1185,86,164.00,100.92,29.34,1347,135945.00
158,158,,*MANUAL*,42,1203,86,174.00,86.20,30.64,1348,116202.00
159,159,,*MANUAL*,41,1221,85,154.00,77.28,33.11,1365,105493.00
160,160,,*MANUAL*,48,1237,74,170.00,114.56,24.64,1344,153965.00
161,161,,*MANUAL*,41,1245,80,169.00,98.53,33.24,1365,134493.00
162,162,,*MANUAL*,43,1329,81,208.00,115.43,37.47,1197,138168.00
163,163,,*MANUAL*,41,1313,80,204.00,114.50,40.44,1363,156060.00
164,164,,*MANUAL*,39,1298,74,152.00,88.30,24.34,1365,120529.00
165,165,,*MANUAL*,40,1281,77,165.00,99.25,27.30,1339,132890.00
166,166,,*MANUAL*,41,1262,78,128.00,66.73,22.66,2056,137194.00
167,167,,*MANUAL*,43,1286,59,164.00,87.49,29.98,1977,172976.00
168,168,,*MANUAL*,44,1263,57,138.00,78.08,24.89,2103,164211.00
169,169,,*MANUAL*,43,1339,59,181.00,100.13,26.63,1349,135080.00
170,170,,*MANUAL*,43,1326,63,175.00,108.14,24.63,1365,147615.00
171,171,,*MANUAL*,43,1307,58,170.00,89.67,30.15,1912,171449.00
172,172,,*MANUAL*,44,1288,45,208.00,101.72,46.87,2000,203446.00
173,173,,*MANUAL*,52,1267,44,206.00,118.08,27.69,1287,151967.00
174,174,,*MANUAL*,48,1254,45,219.00,122.19,40.33,1355,165574.00
175,175,,*MANUAL*,46,1321,48,200.00,104.17,42.18,1297,135113.00
176,176,,*MANUAL*,66,1330,40,188.00,120.04,30.56,1139,136720.00
177,177,,*MANUAL*,55,1332,40,221.00,140.25,38.59,1219,170962.00
178,178,,*MANUAL*,78,1338,43,249.00,118.97,55.22,1333,158583.00
179,179,,*MANUAL*,70,1341,50,252.00,144.28,54.31,1283,185105.00
180,180,,*MANUAL*,59,1341,49,229.00,125.28,53.14,1195,149713.00
181,181,,*MANUAL*,52,1332,56,189.00,116.81,37.02,1365,159451.00
182,182,,*MANUAL*,76,1338,59,253.00,148.31,52.43,1213,179894.00
183,183,,*MANUAL*,72,1325,47,228.00,127.99,41.87,1267,162160.00
184,184,,*MANUAL*,59,1320,42,185.00,114.87,33.25,1365,156792.00
185,185,,*MANUAL*,72,1299,44,167.00,90.74,27.33,2093,189919.00
186,186,,*MANUAL*,56,1302,44,171.00,104.72,21.42,1365,142943.00
187,187,,*MANUAL*,52,1282,42,234.00,131.97,41.00,754,99502.00
188,188,,*MANUAL*,60,1281,45,201.00,103.66,31.02,2085,216133.00
189,189,,*MANUAL*,59,1259,50,176.00,100.22,31.77,2103,210768.00
190,190,,*MANUAL*,53,1238,43,214.00,125.67,34.86,1044,131202.00
191,191,,*MANUAL*,43,1246,58,199.00,112.42,35.67,1259,141540.00
192,192,,*MANUAL*,44,1230,59,178.00,91.11,32.53,1365,124359.00
193,193,,*MANUAL*,51,1244,53,209.00,123.18,32.71,1365,168137.00
194,194,,*MANUAL*,51,1298,56,178.00,105.00,28.73,1365,143322.00
195,195,,*MANUAL*,54,1283,58,190.00,111.93,25.76,1365,152789.00
196,196,,*MANUAL*,52,1315,56,187.00,123.54,25.55,1365,168632.00
197,197,,*MANUAL*,74,1274,49,216.00,126.54,30.17,1365,172721.00
198,198,,*MANUAL*,79,1311,45,184.00,106.30,25.50,1365,145093.00
199,199,,*MANUAL*,76,1259,51,215.00,124.53,37.95,1365,169983.00
200,200,,*MANUAL*,88,1336,82,206.00,124.49,42.94,1365,169935.00
201,201,,*MANUAL*,84,1323,81,236.00,155.68,40.13,1286,200206.00
202,202,,*MANUAL*,91,1315,75,202.00,115.86,33.08,1365,158145.00
203,203,,*MANUAL*,91,1296,80,238.00,131.22,38.71,1365,179117.00
204,204,,*MANUAL*,90,1278,86,178.00,89.64,34.08,2103,188516.00
205,205,,*MANUAL*,91,1302,67,194.00,121.88,28.50,1365,166370.00
206,206,,*MANUAL*,91,1281,67,206.00,103.05,30.33,2061,212391.00
207,207,,*MANUAL*,88,1155,79,240.00,101.76,54.53,1365,138899.00
208,208,,*MANUAL*,87,1161,92,179.00,105.95,32.57,1320,139857.00
209,209,,*MANUAL*,90,1208,92,201.00,120.55,36.75,1241,149608.00
210,210,,*MANUAL*,90,1225,85,220.00,134.11,35.71,1213,162679.00
211,211,,*MANUAL*,89,1238,89,199.00,131.83,34.38,1363,179686.00
212,212,,*MANUAL*,82,1252,80,223.00,139.99,34.91,892,124870.00
213,213,,*MANUAL*,91,1255,88,206.00,131.71,34.04,1365,179789.00
214,214,,*MANUAL*,91,1260,75,225.00,139.29,36.03,1365,190131.00
215,215,,*MANUAL*,88,1257,61,214.00,120.69,43.73,1357,163778.00
216,216,,*MANUAL*,89,1245,72,211.00,130.23,36.44,1365,177769.00
217,217,,*MANUAL*,88,1355,60,219.00,116.20,35.96,1365,158614.00
218,218,,*MANUAL*,87,1340,68,202.00,108.37,33.25,1365,147924.00
219,219,,*MANUAL*,89,1323,62,203.00,123.65,29.33,1341,165820.00
220,220,,*MANUAL*,89,1299,53,233.00,127.48,43.95,1349,171969.00
221,221,,*MANUAL*,81,1285,51,220.00,120.03,38.19,1365,163845.00
222,222,,*MANUAL*,86,1272,52,228.00,113.30,48.72,1365,154657.00
223,223,,*MANUAL*,85,1339,55,250.00,141.23,49.60,1365,192773.00
224,224,,*MANUAL*,82,1312,59,192.00,112.51,36.91,1365,153578.00
225,225,,*MANUAL*,79,1296,60,222.00,128.37,31.44,1365,175228.00
226,226,,*MANUAL*,80,1266,63,216.00,127.52,34.50,1365,174064.00
227,227,,*MANUAL*,79,1326,55,209.00,127.98,36.00,1365,174690.00
228,228,,*MANUAL*,50,1317,73,190.00,115.20,35.59,1365,157248.00
229,229,,*MANUAL*,51,1298,72,191.00,103.28,36.23,1365,140983.00
230,230,,*MANUAL*,51,1272,67,174.00,101.53,28.33,1365,138586.00
231,231,,*MANUAL*,49,1256,70,168.00,94.12,25.63,1365,128476.00
232,232,,*MANUAL*,78,1325,70,231.00,126.27,46.81,1313,165787.00
233,233,,*MANUAL*,78,1307,73,196.00,125.52,33.86,1365,171330.00
234,234,,*MANUAL*,81,1284,73,232.00,124.42,48.84,1353,168342.00
235,235,,*MANUAL*,82,1268,82,200.00,117.71,38.11,1351,159029.00
236,236,,*MANUAL*,59,1254,92,100.00,45.05,15.93,2967,133674.00
237,237,,*MANUAL*,48,1322,91,197.00,120.87,32.56,1299,157007.00
238,238,,*MANUAL*,49,1304,97,197.00,112.76,26.14,1365,153923.00
239,239,,*MANUAL*,50,1288,97,201.00,121.35,29.42,1365,165637.00
240,240,,*MANUAL*,48,1270,95,167.00,107.78,25.38,1350,145505.00
241,241,,*MANUAL*,55,1272,84,161.00,82.88,33.54,2010,166587.00
242,242,,*MANUAL*,81,1328,97,206.00,124.69,34.92,1357,169202.00
243,243,,*MANUAL*,79,1306,100,193.00,122.50,31.73,1365,167207.00
244,244,,*MANUAL*,78,1284,98,222.00,115.46,44.49,1363,157371.00
245,245,,*MANUAL*,78,1270,94,223.00,123.42,35.23,1365,168463.00
246,246,,*MANUAL*,82,1295,92,242.00,142.33,36.10,1301,185167.00
247,247,,*MANUAL*,76,1289,84,203.00,128.25,28.40,1291,165572.00
248,248,,*MANUAL*,70,1282,90,224.00,143.01,39.81,1153,164890.00
249,249,,*MANUAL*,60,1282,89,231.00,147.29,34.56,1365,201053.00
250,250,,*MANUAL*,48,1287,84,196.00,122.01,32.93,1365,166549.00
251,251,,*MANUAL*,52,1308,83,217.00,139.14,30.84,1351,187984.00
252,252,,*MANUAL*,82,1312,87,228.00,119.52,55.86,1333,159325.00
253,253,,*MANUAL*,75,1321,88,241.00,156.92,33.63,1219,191290.00
254,254,,*MANUAL*,67,1317,89,232.00,167.22,27.91,1003,167721.00
255,255,,*MANUAL*,58,1318,88,229.00,157.80,30.98,1365,215401.00
256,256,,*MANUAL*,75,1334,76,236.00,141.63,45.76,1069,151403.00
257,257,,*MANUAL*,74,1335,85,250.00,169.34,47.31,1365,231155.00
258,258,,*MANUAL*,61,1335,82,230.00,151.26,41.47,1167,176519.00
259,259,,*MANUAL*,54,1330,78,241.00,148.61,45.27,1365,202853.00
260,260,,*MANUAL*,70,1307,86,228.00,150.09,34.70,1354,203226.00
261,261,,*MANUAL*,70,1297,94,233.00,151.63,27.51,1348,204392.00
262,262,,*MANUAL*,59,1297,88,202.00,127.75,31.44,1365,174380.00
263,263,,*MANUAL*,64,1295,106,181.00,92.99,33.11,1365,126926.00
264,264,,*MANUAL*,64,1273,101,192.00,101.58,34.32,1365,138658.00
265,265,,*MANUAL*,64,1239,106,156.00,83.45,27.74,1829,152637.00
266,266,,*MANUAL*,72,1248,66,196.00,84.82,33.13,1313,111363.00
267,267,,*MANUAL*,61,1246,65,191.00,100.14,26.53,1365,136687.00
268,268,,*MANUAL*,66,1245,81,198.00,92.36,30.92,2103,194233.00
269,269,,*MANUAL*,73,1232,57,184.00,106.78,30.89,1316,140526.00
270,270,,*MANUAL*,61,1232,55,176.00,112.38,26.39,1299,145977.00
271,271,,*MANUAL*,59,1231,67,172.00,104.70,28.85,1311,137259.00
272,272,,*MANUAL*,77,1236,74,198.00,115.45,34.93,1357,156662.00
273,273,*NOUSE*,*NOUSE*,0,0,0,0,0,0,0,0
274,274,,*MANUAL*,63,1227,81,208.00,132.65,32.32,1115,147902.00
275,275,,*MANUAL*,70,1228,87,215.00,144.44,33.64,1171,169139.00
276,276,,*MANUAL*,54,1226,76,210.00,126.26,35.25,1365,172342.00
277,277,,*MANUAL*,56,1206,77,158.00,68.57,28.15,2103,144198.00
278,278,,*MANUAL*,52,1182,81,149.00,79.21,28.33,1365,108123.00
279,279,,*MANUAL*,55,1214,60,148.00,82.71,25.24,1365,112893.00
280,280,,*MANUAL*,56,1200,48,204.00,104.43,43.26,1331,138992.00
281,281,,*MANUAL*,54,1175,54,196.00,107.44,31.91,1321,141928.00
282,282,,*MANUAL*,52,1181,64,159.00,84.44,25.90,1365,115266.00
283,283,,*MANUAL*,68,1227,49,233.00,121.59,50.84,1138,138365.00
284,284,,*MANUAL*,67,1199,48,180.00,100.61,29.90,1879,189053.00
285,285,,*MANUAL*,65,1176,45,153.00,76.40,23.30,2068,157988.00
286,286,,*MANUAL*,81,1215,64,190.00,74.39,31.15,2103,156448.00
287,287,,*MANUAL*,78,1200,51,201.00,94.79,44.34,2103,199336.00
288,288,,*MANUAL*,80,1177,64,180.00,78.55,35.86,2103,165192.00
289,289,,*MANUAL*,80,1229,85,235.00,147.35,40.68,1365,201139.00
290,290,,*MANUAL*,79,1207,84,153.00,70.48,27.94,2103,148214.00
291,291,,*MANUAL*,78,1182,83,161.00,75.03,28.87,1866,140005.00
292,292,,*MANUAL*,66,1214,90,175.00,104.80,33.72,1365,143057.00
293,293,,*MANUAL*,66,1184,93,175.00,77.52,34.21,2081,161319.00
294,294,,*MANUAL*,75,1172,89,230.00,102.28,43.85,1337,136746.00
295,295,,*MANUAL*,58,1171,89,215.00,109.62,38.16,1303,142829.00
296,296,,*MANUAL*,65,1163,85,173.00,96.56,35.60,1273,122923.00
297,297,,*MANUAL*,62,1159,94,231.00,119.35,47.78,1229,146680.00
298,298,,*MANUAL*,64,1150,91,202.00,74.30,44.89,1365,101425.00
299,299,,*MANUAL*,72,1159,55,144.00,73.24,25.42,2101,153879.00
300,300,,*MANUAL*,66,1144,58,163.00,71.86,34.37,2085,149837.00
301,301,,*MANUAL*,67,1137,69,166.00,83.25,32.83,1365,113641.00
302,302,,*MANUAL*,78,1150,73,219.00,92.92,47.04,1363,126655.00
303,303,,*MANUAL*,52,1150,70,180.00,72.39,39.71,2103,152240.00
304,304,,*MANUAL*,78,1088,59,75.00,29.20,12.48,4127,120522.00
305,305,,*MANUAL*,52,1075,59,73.00,27.00,10.96,4058,109561.00
306,306,,*MANUAL*,50,1075,90,91.00,35.73,14.59,3780,135043.00
307,307,,*MANUAL*,72,1067,94,112.00,39.35,16.16,4057,159660.00
308,308,,*MANUAL*,71,1021,59,59.00,20.40, 8.44,4139,84456.00
309,309,,*MANUAL*,68,949,59,78.00,17.59, 8.58,4105,72213.00
310,310,,*MANUAL*,64,886,59,54.00,19.40, 8.33,4124,80003.00
311,311,,*MANUAL*,60,1019,96,90.00,21.42,10.23,4122,88307.00
312,312,,*MANUAL*,64,944,97,64.00,18.96, 7.84,4024,76300.00
313,313,,*MANUAL*,62,862,92,48.00,17.60, 8.86,3901,68655.00
314,314,,*MANUAL*,73,821,68,48.00,16.18, 7.77,4139,66949.00
315,315,,*MANUAL*,58,785,75,55.00,17.51, 8.17,4139,72463.00
316,316,,*MANUAL*,74,720,71,61.00,15.76, 9.43,4139,65250.00
317,317,,*MANUAL*,65,674,57,68.00,19.60,10.21,4057,79526.00
318,318,,*MANUAL*,62,582,61,67.00,19.12,10.15,4139,79153.00
319,319,,*MANUAL*,66,490,57,68.00,25.64,10.96,4139,106118.00
320,320,,*MANUAL*,58,422,58,87.00,27.55,14.22,4139,114027.00
321,321,,*MANUAL*,60,632,80,53.00,18.36, 7.84,4082,74958.00
322,322,,*MANUAL*,66,532,75,65.00,31.06,10.15,4108,127614.00
323,323,,*MANUAL*,65,444,84,86.00,33.76,16.19,3669,123869.00
324,324,,*MANUAL*,73,797,96,100.00,46.83,19.99,1910,89444.00
325,325,,*MANUAL*,73,776,91,108.00,47.84,16.56,4106,196426.00
326,326,,*MANUAL*,63,744,86,104.00,48.11,16.12,4139,199127.00
327,327,,*MANUAL*,59,719,91,96.00,44.64,17.38,2950,131680.00
328,328,,*MANUAL*,62,538,91,138.00,69.82,27.17,1365,95311.00
329,329,,*MANUAL*,65,509,90,138.00,59.10,21.40,2103,124288.00
330,330,,*MANUAL*,65,478,93,129.00,56.58,28.65,2917,165055.00
331,331,,*MANUAL*,63,735,104,134.00,60.93,30.82,1365,83166.00
332,332,,*MANUAL*,63,650,100,135.00,56.20,30.27,2103,118199.00
333,333,,*MANUAL*,61,625,99,133.00,59.66,27.65,2103,125474.00
334,334,,*MANUAL*,64,766,105,125.00,56.56,26.23,2037,115218.00
335,335,,*MANUAL*,62,808,108,136.00,67.78,21.79,1365,92513.00
336,336,,*MANUAL*,63,857,110,120.00,63.46,22.02,1365,86624.00
337,337,,*MANUAL*,63,881,110,120.00,62.68,22.34,1365,85559.00
338,338,,*MANUAL*,63,956,113,117.00,49.30,22.64,2103,103682.00
339,339,,*MANUAL*,65,985,111,127.00,65.72,28.00,1900,124859.00
340,340,,*MANUAL*,64,1021,110,141.00,63.03,32.44,1365,86036.00
341,341,,*MANUAL*,61,1063,109,141.00,82.67,26.68,1365,112842.00
342,342,,*MANUAL*,62,1083,107,163.00,74.14,26.96,1365,101205.00
343,343,,*MANUAL*,63,1130,107,147.00,85.51,28.07,1365,116716.00
344,344,,*MANUAL*,58,1145,107,172.00,94.52,30.23,1337,126373.00
345,345,,*MANUAL*,63,1156,109,166.00,94.19,30.94,1363,128387.00
346,346,,*MANUAL*,56,1165,103,185.00,112.38,33.54,1252,140700.00
347,347,,*MANUAL*,67,1168,105,182.00,109.89,41.19,1166,128137.00
348,348,,*MANUAL*,62,1178,109,162.00,86.50,36.20,1943,168076.00
349,349,,*MANUAL*,56,1185,103,168.00,104.36,32.46,1365,142445.00
350,350,,*MANUAL*,70,1190,106,211.00,120.62,44.11,1219,147041.00
351,351,,*MANUAL*,60,1199,104,182.00,111.61,36.92,1251,139627.00
352,352,,*MANUAL*,69,1204,105,210.00,126.16,35.09,1310,165273.00
353,353,,*MANUAL*,61,1211,107,202.00,122.23,36.27,1231,150461.00
354,354,,*MANUAL*,68,1219,105,218.00,129.40,38.55,1331,172227.00
355,355,,*MANUAL*,40,1077,85,139.00,78.26,25.20,1365,106819.00
356,356,,*MANUAL*,40,1046,82,72.00,28.53,12.24,2969,84719.00
357,357,,*MANUAL*,44,999,97,99.00,37.78,18.65,2948,111389.00
358,358,,*MANUAL*,43,950,88,79.00,25.44,12.44,2969,75523.00
359,359,,*MANUAL*,44,895,93,77.00,36.32,15.48,2103,76382.00
360,360,,*MANUAL*,42,833,88,64.00,22.56,12.20,4139,93375.00
361,361,,*MANUAL*,44,765,86,87.00,37.25,18.94,2895,107845.00
362,362,,*MANUAL*,46,700,76,82.00,25.86,14.14,4139,107043.00
363,363,,*MANUAL*,46,658,84,91.00,35.09,16.88,2969,104182.00
364,364,,*MANUAL*,44,602,74,81.00,39.59,12.50,2103,83258.00
365,365,,*MANUAL*,47,557,72,69.00,32.17,13.65,2103,67651.00
366,366,,*MANUAL*,49,532,75,102.00,42.18,20.46,2969,125235.00
367,367,,*MANUAL*,49,491,64,66.00,30.30,13.26,2969,89961.00
368,368,,*MANUAL*,85,1068,88,173.00,91.38,34.24,1365,124739.00
369,369,,*MANUAL*,88,1044,87,105.00,42.21,17.31,2969,125326.00
370,370,,*MANUAL*,86,1001,99,106.00,49.13,19.39,2103,103316.00
371,371,,*MANUAL*,86,952,94,90.00,30.55,15.21,2969,90689.00
372,372,,*MANUAL*,85,897,96,81.00,36.73,17.21,2969,109054.00
373,373,,*MANUAL*,85,840,90,95.00,28.65,18.11,4139,118586.00
374,374,,*MANUAL*,85,803,96,91.00,33.96,19.78,4139,140576.00
375,375,,*MANUAL*,85,695,78,96.00,27.14,17.45,4139,112315.00
376,376,,*MANUAL*,83,673,90,109.00,39.38,21.63,2969,116922.00
377,377,,*MANUAL*,83,610,79,96.00,38.65,19.41,2969,114766.00
378,378,,*MANUAL*,82,554,74,113.00,36.90,20.85,2969,109565.00
379,379,,*MANUAL*,82,526,79,104.00,38.48,19.90,2969,114254.00
380,380,,*MANUAL*,84,469,72,90.00,30.15,16.86,4139,124796.00
381,381,,*MANUAL*,47,1569,70,138.00,35.10,21.92,4139,145274.00
382,382,,*MANUAL*,44,1459,71,146.00,67.55,21.42,2969,200564.00
383,383,,*MANUAL*,39,1340,75,161.00,48.80,23.00,2969,144876.00
384,384,,*MANUAL*,40,1201,72,95.00,37.18,15.84,2969,110391.00
385,385,,*MANUAL*,41,1158,61,124.00,38.63,20.88,4139,159879.00
386,386,,*MANUAL*,39,1129,87,78.00,25.96,14.67,4139,107467.00
387,387,,*MANUAL*,39,1109,78,86.00,31.00,15.70,4139,128314.00
388,388,,*MANUAL*,42,1030,61,56.00,16.48, 9.55,4139,68193.00
389,389,,*MANUAL*,43,904,70,66.00,17.85,11.00,4139,73880.00
390,390,,*MANUAL*,43,807,64,71.00,20.36,11.56,4139,84256.00
391,391,,*MANUAL*,46,660,62,58.00,19.41,10.71,4139,80337.00
392,392,,*MANUAL*,48,550,52,84.00,22.07,14.78,3877,85580.00
393,393,,*MANUAL*,51,369,57,88.00,25.30,13.76,2609,66017.00
394,394,,*MANUAL*,83,1571,68,99.00,42.23,20.81,2969,125370.00
395,395,,*MANUAL*,88,1477,66,140.00,70.73,21.69,2103,148741.00
396,396,,*MANUAL*,90,1370,64,232.00,88.25,39.56,2969,262029.00
397,397,,*MANUAL*,90,1177,87,160.00,53.48,25.71,4139,221369.00
398,398,,*MANUAL*,88,1241,56,131.00,50.77,27.99,2969,150724.00
399,399,,*MANUAL*,90,1139,74,133.00,47.76,25.16,4139,197685.00
400,400,,*MANUAL*,90,1122,87,98.00,37.77,18.28,4139,156327.00
401,401,,*MANUAL*,90,1091,75,120.00,40.07,21.54,4139,165848.00
402,402,,*MANUAL*,89,1002,73,73.00,25.94,14.06,4139,107348.00
403,403,,*MANUAL*,89,904,74,83.00,19.99,13.11,4139,82749.00
404,404,,*MANUAL*,89,802,76,72.00,21.88,14.44,4139,90578.00
405,405,,*MANUAL*,83,593,63,112.00,26.60,17.20,4083,108621.00
406,406,,*MANUAL*,84,509,58,88.00,25.58,14.20,4139,105893.00
407,407,,*MANUAL*,79,341,59,95.00,28.30,19.28,2809,79483.00
408,408,,*MANUAL*,64,154,79,74.00,24.60,16.92,2969,73041.00
409,409,,*MANUAL*,64,127,75,76.00,21.13,16.83,2969,62737.00
410,410,,*MANUAL*,65,85,74,56.00,15.28,12.50,2969,45366.00
411,411,,*MANUAL*,60,197,69,91.00,31.72,19.96,2500,79296.00
412,412,,*MANUAL*,65,194,77,117.00,44.62,17.64,2103,93839.00
413,413,,*MANUAL*,67,225,79,82.00,42.92,14.70,2103,90255.00
414,414,,*MANUAL*,67,244,83,85.00,36.75,17.25,2103,77283.00
415,415,,*MANUAL*,68,229,64,119.00,42.68,18.61,2103,89758.00
416,416,,*MANUAL*,59,255,70,72.00,26.65,12.18,2743,73089.00
417,417,,*MANUAL*,70,263,71,74.00,29.09,13.98,2969,86368.00
418,418,,*MANUAL*,60,282,78,110.00,63.02,16.51,1359,85650.00
419,419,,*MANUAL*,58,300,72,119.00,63.74,25.05,1364,86937.00
420,420,,*MANUAL*,57,314,63,140.00,81.61,20.59,1213,98997.00
421,421,,*MANUAL*,55,335,64,145.00,86.97,22.11,1079,93846.00
422,422,,*MANUAL*,55,327,72,126.00,65.72,23.75,2074,136309.00
423,423,,*MANUAL*,54,349,65,120.00,63.28,21.04,1915,121190.00
424,424,,*MANUAL*,55,347,80,127.00,58.73,27.47,2103,123508.00
425,425,,*MANUAL*,53,361,73,119.00,60.26,22.23,2029,122271.00
426,426,,*MANUAL*,54,381,74,123.00,57.64,23.91,2076,119657.00
427,427,,*MANUAL*,54,401,76,150.00,70.32,26.50,1475,103723.00
428,428,,*MANUAL*,71,287,78,107.00,63.94,17.55,1365,87275.00
429,429,,*MANUAL*,72,300,70,121.00,75.18,16.39,1339,100660.00
430,430,,*MANUAL*,72,310,63,141.00,83.08,23.40,1297,107750.00
431,431,,*MANUAL*,76,330,66,161.00,90.38,29.59,1339,121013.00
432,432,,*MANUAL*,75,321,74,133.00,75.84,23.59,1286,97529.00
433,433,,*MANUAL*,75,343,71,129.00,71.08,24.58,1292,91840.00
434,434,,*MANUAL*,75,346,82,123.00,59.72,27.94,2088,124698.00
435,435,,*MANUAL*,78,365,75,115.00,55.15,22.85,2007,110696.00
436,436,,*MANUAL*,76,389,76,122.00,60.45,22.53,2085,126046.00
437,437,,*MANUAL*,68,364,95,107.00,36.74,23.76,2969,109085.00
438,438,,*MANUAL*,67,374,53,129.00,59.16,27.78,1365,80752.00
439,439,,*MANUAL*,73,365,64,126.00,57.49,24.56,2055,118137.00
440,440,,*MANUAL*,58,361,56,120.00,67.95,17.00,2103,142900.00
441,441,,*MANUAL*,65,357,70,125.00,74.53,17.12,2103,156733.00
442,442,,*MANUAL*,65,335,85,97.00,42.11,22.74,2969,125015.00
443,443,,*MANUAL*,64,342,64,131.00,78.01,15.25,2103,164064.00
444,444,,*MANUAL*,64,326,61,131.00,68.07,18.90,2103,143158.00
445,445,,*MANUAL*,64,314,73,141.00,73.10,18.68,2967,216880.00
446,446,,*MANUAL*,65,292,61,104.00,39.14,24.60,2103,82308.00
447,447,,*MANUAL*,62,305,85,108.00,51.78,24.55,1835,95011.00
448,448,,*MANUAL*,72,304,85,104.00,44.31,26.59,2103,93186.00
449,449,,*MANUAL*,48,1523,58,121.00,57.46,27.44,2103,120838.00
450,450,,*MANUAL*,50,1498,48,144.00,57.40,33.99,2103,120719.00
451,451,,*MANUAL*,52,1457,43,194.00,63.09,36.32,2103,132673.00
452,452,,*MANUAL*,48,1417,48,169.00,62.12,36.71,2103,130641.00
453,453,,*MANUAL*,55,1363,36,157.00,51.56,33.83,2103,108434.00
454,454,,*MANUAL*,50,1340,43,185.00,84.25,36.68,2103,177181.00
455,455,,*MANUAL*,60,1239,37,207.00,95.90,39.61,1709,163898.00
456,456,,*MANUAL*,67,1235,39,172.00,79.81,35.82,1760,140465.00
457,457,,*MANUAL*,53,1171,38,123.00,43.48,28.02,2969,129103.00
458,458,,*MANUAL*,55,1139,45,125.00,50.67,24.85,2969,150448.00
459,459,,*MANUAL*,54,1082,45,116.00,45.44,23.48,2969,134904.00
460,460,,*MANUAL*,55,1015,44,128.00,42.21,28.27,4139,174720.00
461,461,,*MANUAL*,53,951,48,121.00,43.13,24.70,2969,128056.00
462,462,,*MANUAL*,55,895,46,105.00,44.65,22.73,2964,132356.00
463,463,,*MANUAL*,53,835,50,105.00,47.33,20.39,2103,99539.00
464,464,,*MANUAL*,59,794,46,114.00,39.72,25.53,2969,117926.00
465,465,,*MANUAL*,58,687,46,127.00,36.67,25.48,2969,108862.00
466,466,,*MANUAL*,57,616,47,108.00,46.56,23.60,2103,97917.00
467,467,,*MANUAL*,57,544,46,102.00,48.35,18.47,2103,101682.00
468,468,,*MANUAL*,58,497,45,125.00,42.86,25.97,2103,90129.00
469,469,,*MANUAL*,56,460,52,101.00,44.29,21.15,2103,93143.00
470,470,,*MANUAL*,81,1534,57,114.00,55.77,23.18,2103,117286.00
471,471,,*MANUAL*,78,1512,47,166.00,61.61,30.77,2103,129556.00
472,472,,*MANUAL*,77,1478,43,148.00,69.71,29.15,2103,146594.00
473,473,,*MANUAL*,87,1425,45,185.00,73.62,40.37,2103,154824.00
474,474,,*MANUAL*,84,1377,44,203.00,90.82,46.66,2103,190987.00
475,475,,*MANUAL*,78,1357,39,177.00,68.48,37.43,2103,144004.00
476,476,,*MANUAL*,76,1255,38,162.00,64.18,39.32,2103,134964.00
477,477,,*MANUAL*,78,1228,38,172.00,62.00,31.55,2969,184070.00
478,478,,*MANUAL*,77,1160,39,147.00,51.52,31.62,2969,152965.00
479,479,,*MANUAL*,83,1134,52,131.00,51.16,25.89,2103,107596.00
480,480,,*MANUAL*,77,1057,47,128.00,47.20,28.49,2969,140145.00
481,481,,*MANUAL*,81,995,53,124.00,47.53,27.48,2969,141112.00
482,482,,*MANUAL*,77,942,48,143.00,45.20,34.08,2969,134191.00
483,483,,*MANUAL*,78,880,53,124.00,44.43,29.33,2103,93431.00
484,484,,*MANUAL*,74,838,49,145.00,44.64,29.89,2103,93876.00
485,485,,*MANUAL*,78,753,50,140.00,38.38,27.74,2969,113951.00
486,486,,*MANUAL*,76,672,50,118.00,52.43,24.43,2103,110270.00
487,487,,*MANUAL*,73,588,51,127.00,54.19,27.50,2103,113964.00
488,488,,*MANUAL*,74,525,45,126.00,51.38,25.35,2103,108043.00
489,489,,*MANUAL*,75,460,52,105.00,46.17,21.90,2103,97093.00
490,490,,*MANUAL*,72,351,53,130.00,54.69,24.93,2103,115012.00
491,491,,*MANUAL*,48,1521,88,166.00,65.01,26.04,2103,136722.00
492,492,,*MANUAL*,51,1504,97,198.00,66.74,38.69,2103,140364.00
493,493,,*MANUAL*,51,1461,99,129.00,47.29,31.12,2103,99447.00
494,494,,*MANUAL*,47,1416,95,174.00,52.58,34.03,2103,110580.00
495,495,,*MANUAL*,53,1355,101,173.00,71.89,33.69,2103,151189.00
496,496,,*MANUAL*,45,1341,93,141.00,66.34,27.95,2103,139519.00
497,497,,*MANUAL*,60,1237,94,209.00,135.53,31.62,1240,168060.00
498,498,,*MANUAL*,50,1231,90,183.00,98.56,35.06,2061,203142.00
499,499,,*MANUAL*,50,1212,97,166.00,72.34,36.38,2103,152141.00
500,500,,*MANUAL*,69,1243,97,227.00,136.22,44.14,1212,165094.00
501,501,,*MANUAL*,78,1248,93,242.00,123.27,54.66,1907,235075.00
502,502,,*MANUAL*,79,1231,101,183.00,93.46,38.86,2103,196547.00
503,503,,*MANUAL*,80,1215,102,194.00,97.94,36.87,2103,205965.00
504,504,,*MANUAL*,48,1173,100,142.00,72.40,27.10,2103,152266.00
505,505,,*MANUAL*,48,1152,101,168.00,73.98,34.77,2103,155585.00
506,506,,*MANUAL*,49,1126,107,132.00,54.10,29.14,2103,113764.00
507,507,,*MANUAL*,50,1072,105,120.00,54.46,26.35,2103,114523.00
508,508,,*MANUAL*,56,993,105,118.00,55.26,21.27,2103,116222.00
509,509,,*MANUAL*,51,928,99,99.00,44.28,17.34,2103,93117.00
510,510,,*MANUAL*,54,867,104,112.00,55.11,21.38,2103,115894.00
511,511,,*MANUAL*,51,817,100,112.00,46.55,23.88,2103,97903.00
512,512,,*MANUAL*,56,796,101,136.00,69.04,30.78,1359,93830.00
513,513,,*MANUAL*,54,785,95,154.00,73.93,31.12,1365,100911.00
514,514,,*MANUAL*,55,764,95,124.00,63.05,20.32,2103,132604.00
515,515,,*MANUAL*,55,688,93,125.00,52.90,24.15,2103,111250.00
516,516,,*MANUAL*,55,565,90,106.00,37.69,19.44,2969,111888.00
517,517,,*MANUAL*,59,490,87,123.00,47.74,26.70,2877,137336.00
518,518,,*MANUAL*,82,1528,85,141.00,71.68,24.50,1365,97847.00
519,519,,*MANUAL*,79,1507,94,156.00,62.30,37.34,2103,131021.00
520,520,,*MANUAL*,79,1470,96,139.00,67.87,32.08,2103,142739.00
521,521,,*MANUAL*,85,1421,93,153.00,62.95,32.89,2103,132384.00
522,522,,*MANUAL*,77,1365,99,162.00,93.49,33.15,1777,166136.00
523,523,,*MANUAL*,83,1357,94,176.00,90.93,35.66,2103,191227.00
524,524,,*MANUAL*,77,1253,104,185.00,74.87,32.20,2103,157462.00
525,525,,*MANUAL*,80,1189,105,184.00,73.26,37.43,2103,154056.00
526,526,,*MANUAL*,79,1165,101,173.00,91.58,38.60,2103,192600.00
527,527,,*MANUAL*,74,1150,104,152.00,66.51,31.24,2103,139870.00
528,528,,*MANUAL*,77,1114,103,122.00,55.94,25.28,2103,117646.00
529,529,,*MANUAL*,77,1072,105,170.00,79.94,36.70,1365,109121.00
530,530,,*MANUAL*,78,1030,101,162.00,70.97,36.38,1331,94461.00
531,531,,*MANUAL*,73,1042,106,126.00,52.33,27.26,2103,110042.00
532,532,,*MANUAL*,75,993,106,102.00,46.42,18.93,2103,97617.00
533,533,,*MANUAL*,74,940,108,115.00,52.64,24.08,2103,110708.00
534,534,,*MANUAL*,73,866,102,105.00,48.15,19.41,2103,101257.00
535,535,,*MANUAL*,73,819,103,116.00,51.67,22.79,2103,108671.00
536,536,,*MANUAL*,73,725,93,123.00,45.04,20.87,2103,94710.00
537,537,,*MANUAL*,73,642,93,129.00,55.85,26.70,2103,117461.00
538,538,,*MANUAL*,73,571,91,124.00,46.57,28.16,2103,97945.00
539,539,,*MANUAL*,73,492,88,111.00,45.24,22.13,2969,134323.00
540,540,,*MANUAL*,66,378,80,127.00,59.28,26.62,2055,121812.00
541,541,,*MANUAL*,60,385,88,133.00,72.83,26.81,2078,151340.00
542,542,,*MANUAL*,61,398,86,159.00,88.12,25.31,1345,118526.00
543,543,,*MANUAL*,61,414,87,143.00,84.88,18.88,1290,109490.00
544,544,,*MANUAL*,53,439,83,113.00,44.56,22.78,2103,93700.00
545,545,,*MANUAL*,71,405,85,131.00,87.22,19.03,1313,114521.00
546,546,,*MANUAL*,73,388,90,132.00,72.92,24.04,1365,99541.00
547,547,,*MANUAL*,72,419,88,123.00,61.72,24.93,1898,117154.00
548,548,,*MANUAL*,78,443,83,104.00,50.76,15.56,2103,106748.00
549,549,,*MANUAL*,80,413,80,101.00,45.76,17.99,2969,135853.00
550,550,,*MANUAL*,51,409,81,120.00,42.22,23.39,2969,125347.00
551,551,,*MANUAL*,53,1235,103,160.00,69.14,37.43,2103,145398.00
552,552,,*MANUAL*,59,396,64,126.00,64.95,22.25,1525,99052.00
553,553,,*MANUAL*,68,398,64,118.00,60.48,23.51,2103,127181.00
554,554,,*MANUAL*,76,630,71,94.00,16.64,11.07,4139,68861.00
555,555,,*MANUAL*,48,904,55,130.00,68.84,19.70,1365,93964.00
556,556,,*MANUAL*,47,771,70,102.00,54.44,19.89,1365,74307.00
557,557,,*MANUAL*,48,733,84,125.00,68.52,19.70,1365,93530.00
558,558,,*MANUAL*,84,913,57,133.00,75.39,22.33,1365,102913.00
559,559,,*MANUAL*,83,864,77,142.00,60.01,29.65,1365,81919.00
560,560,,*MANUAL*,85,765,85,147.00,54.24,31.02,2103,114077.00
561,561,,*MANUAL*,48,1362,85,190.00,85.61,37.39,2103,180034.00
562,562,F1,*MANUAL*,63,1619,70,12.00, 0.83, 1.38,895,744.00
563,563,F2,*MANUAL*,64,1539,71,25.00, 6.21, 4.45,895,5561.00
564,564,F3,*MANUAL*,64,1495,75,54.00,26.22, 7.74,895,23469.00
565,565,F4,*MANUAL*,65,1353,75,20.00, 6.12, 2.75,895,5474.00
566,566,F5,*MANUAL*,65,1262,73,21.00,10.26, 2.80,895,9179.00
567,567,*NOUSE*,*NOUSE*,0,0,0,0,0,0,0,0
568,568,F6,*MANUAL*,64,1043,78, 9.00, 1.79, 1.58,895,1598.00
569,569,F7,*MANUAL*,64,931,77, 7.00, 0.94, 1.14,895,838.00
570,570,F8,*MANUAL*,65,849,75, 7.00, 0.98, 1.24,895,876.00
571,571,F9,*MANUAL*,68,760,75, 8.00, 0.98, 1.35,895,881.00
572,572,F10,*MANUAL*,65,695,74,11.00, 1.49, 1.72,895,1337.00
