0,0,*NOUSE*,*NOUSE*,0,0,0,0,0,0,0,0
1,1,,,34,1295,77,177.00,67.08,41.81,4271,286495.00
2,2,*NOUSE*,*NOUSE*,0,0,0,0,0,0,0,0
3,3,*NOUSE*,*NOUSE*,0,0,0,0,0,0,0,0
4,4,*NOUSE*,*NOUSE*,0,0,0,0,0,0,0,0
5,5,,,35,1454,76,159.00,54.85,31.53,5357,293826.00
6,6,*NOUSE*,*NOUSE*,0,0,0,0,0,0,0,0
7,7,*NOUSE*,*NOUSE*,0,0,0,0,0,0,0,0
8,8,*NOUSE*,*NOUSE*,0,0,0,0,0,0,0,0
9,9,*NOUSE*,*NOUSE*,0,0,0,0,0,0,0,0
10,10,*NOUSE*,*NOUSE*,0,0,0,0,0,0,0,0
11,11,*NOUSE*,*NOUSE*,0,0,0,0,0,0,0,0
12,12,,,35,1422,68,251.00,93.28,64.49,3427,319665.00
13,13,*NOUSE*,*NOUSE*,0,0,0,0,0,0,0,0
14,14,*NOUSE*,*NOUSE*,0,0,0,0,0,0,0,0
15,15,*NOUSE*,*NOUSE*,0,0,0,0,0,0,0,0
16,16,,,36,1038,80,136.00,41.72,25.89,6715,280154.00
17,17,,,36,1321,89,219.00,74.99,47.15,4150,311190.00
18,18,,,36,1258,75,177.00,64.03,36.82,4474,286492.00
19,19,*NOUSE*,*NOUSE*,0,0,0,0,0,0,0,0
20,20,,,35,1099,80,120.00,42.55,21.21,4474,190387.00
21,21,,,35,1143,91,127.00,43.43,22.67,5795,251703.00
22,22,,,37,1252,96,156.00,60.62,32.18,4361,264384.00
23,23,,,38,1325,71,228.00,83.99,51.48,3464,290953.00
24,24,*NOUSE*,*NOUSE*,0,0,0,0,0,0,0,0
25,25,,,39,1230,89,211.00,86.60,51.46,3740,323871.00
26,26,*NOUSE*,*NOUSE*,0,0,0,0,0,0,0,0
27,27,*NOUSE*,*NOUSE*,0,0,0,0,0,0,0,0
28,28,*NOUSE*,*NOUSE*,0,0,0,0,0,0,0,0
29,29,*NOUSE*,*NOUSE*,0,0,0,0,0,0,0,0
30,30,*NOUSE*,*NOUSE*,0,0,0,0,0,0,0,0
31,31,,,39,1475,69,209.00,77.82,49.48,4273,332512.00
32,32,*NOUSE*,*NOUSE*,0,0,0,0,0,0,0,0
33,33,*NOUSE*,*NOUSE*,0,0,0,0,0,0,0,0
34,34,*NOUSE*,*NOUSE*,0,0,0,0,0,0,0,0
35,35,,,47,1106,86,199.00,63.71,43.84,5601,356825.00
36,36,*NOUSE*,*NOUSE*,0,0,0,0,0,0,0,0
37,37,*NOUSE*,*NOUSE*,0,0,0,0,0,0,0,0
38,38,,,40,988,63,125.00,45.30,28.79,5894,266985.00
39,39,,,40,1447,63,225.00,86.99,53.70,3619,314822.00
40,40,,,40,1190,67,225.00,81.30,49.95,3590,291869.00
41,41,,,40,1170,66,193.00,69.80,46.48,3961,276473.00
42,42,*NOUSE*,*NOUSE*,0,0,0,0,0,0,0,0
43,43,*NOUSE*,*NOUSE*,0,0,0,0,0,0,0,0
44,44,,,40,1502,70,223.00,72.10,48.75,4367,314865.00
45,45,,,39,708,76,248.00,64.74,51.35,4509,291899.00
46,46,,,40,1073,78,209.00,60.95,47.14,4584,279377.00
47,47,*NOUSE*,*NOUSE*,0,0,0,0,0,0,0,0
48,48,*NOUSE*,*NOUSE*,0,0,0,0,0,0,0,0
49,49,,,40,777,87,176.00,55.98,42.39,5536,309894.00
50,50,*NOUSE*,*NOUSE*,0,0,0,0,0,0,0,0
51,51,*NOUSE*,*NOUSE*,0,0,0,0,0,0,0,0
52,52,*NOUSE*,*NOUSE*,0,0,0,0,0,0,0,0
53,53,,,40,1412,52,172.00,66.49,37.58,2310,153597.00
54,54,,,40,773,67,130.00,47.21,29.29,5717,269911.00
55,55,*NOUSE*,*NOUSE*,0,0,0,0,0,0,0,0
56,56,*NOUSE*,*NOUSE*,0,0,0,0,0,0,0,0
57,57,,,41,1508,85,208.00,61.55,43.56,5264,323984.00
58,58,*NOUSE*,*NOUSE*,0,0,0,0,0,0,0,0
59,59,,,40,878,85,105.00,35.34,19.01,7431,262622.00
60,60,*NOUSE*,*NOUSE*,0,0,0,0,0,0,0,0
61,61,,,42,1455,88,213.00,83.08,51.81,4074,338455.00
62,62,,,41,1271,107,205.00,84.05,48.00,4332,364105.00
63,63,*NOUSE*,*NOUSE*,0,0,0,0,0,0,0,0
64,64,,,41,1336,56,176.00,56.17,31.15,2506,140765.00
65,65,,,41,1390,67,215.00,75.63,46.24,4159,314527.00
66,66,,,42,1465,61,236.00,86.27,53.88,3445,297214.00
67,67,*NOUSE*,*NOUSE*,0,0,0,0,0,0,0,0
68,68,*NOUSE*,*NOUSE*,0,0,0,0,0,0,0,0
69,69,,,41,1524,73,230.00,73.05,52.55,4128,301558.00
70,70,,,42,815,69,123.00,40.59,25.11,6877,279119.00
71,71,*NOUSE*,*NOUSE*,0,0,0,0,0,0,0,0
72,72,,,43,1200,103,152.00,59.07,28.71,5687,335956.00
73,73,*NOUSE*,*NOUSE*,0,0,0,0,0,0,0,0
74,74,,,42,881,63,139.00,43.52,27.50,6065,263966.00
75,75,,,43,1489,64,200.00,75.76,44.33,4326,327730.00
76,76,*NOUSE*,*NOUSE*,0,0,0,0,0,0,0,0
77,77,*NOUSE*,*NOUSE*,0,0,0,0,0,0,0,0
78,78,,,43,517,76,102.00,36.07,19.21,6475,233564.00
79,79,*NOUSE*,*NOUSE*,0,0,0,0,0,0,0,0
80,80,*NOUSE*,*NOUSE*,0,0,0,0,0,0,0,0
81,81,,,43,1238,109,230.00,87.39,50.73,4174,364764.00
82,82,,,45,1014,58,187.00,52.44,41.39,4938,258949.00
83,83,*NOUSE*,*NOUSE*,0,0,0,0,0,0,0,0
84,84,*NOUSE*,*NOUSE*,0,0,0,0,0,0,0,0
85,85,*NOUSE*,*NOUSE*,0,0,0,0,0,0,0,0
86,86,*NOUSE*,*NOUSE*,0,0,0,0,0,0,0,0
87,87,*NOUSE*,*NOUSE*,0,0,0,0,0,0,0,0
88,88,*NOUSE*,*NOUSE*,0,0,0,0,0,0,0,0
89,89,,,43,1222,102,235.00,99.76,52.05,3158,315032.00
90,90,,,44,1350,107,224.00,69.64,39.60,3637,253287.00
91,91,,,44,621,66,148.00,45.70,30.51,5408,247148.00
92,92,,,43,348,76,97.00,39.26,19.50,3877,152204.00
93,93,*NOUSE*,*NOUSE*,0,0,0,0,0,0,0,0
94,94,*NOUSE*,*NOUSE*,0,0,0,0,0,0,0,0
95,95,*NOUSE*,*NOUSE*,0,0,0,0,0,0,0,0
96,96,,,44,1314,107,219.00,91.07,48.87,3218,293053.00
97,97,*NOUSE*,*NOUSE*,0,0,0,0,0,0,0,0
98,98,,,45,1207,51,161.00,62.46,31.97,3472,216865.00
99,99,*NOUSE*,*NOUSE*,0,0,0,0,0,0,0,0
100,100,*NOUSE*,*NOUSE*,0,0,0,0,0,0,0,0
101,101,,,47,1393,52,236.00,79.25,47.93,3417,270785.00
102,102,*NOUSE*,*NOUSE*,0,0,0,0,0,0,0,0
103,103,,,45,484,69,122.00,40.56,24.55,5514,223666.00
104,104,*NOUSE*,*NOUSE*,0,0,0,0,0,0,0,0
105,105,*NOUSE*,*NOUSE*,0,0,0,0,0,0,0,0
106,106,*NOUSE*,*NOUSE*,0,0,0,0,0,0,0,0
107,107,,,46,1532,92,144.00,53.12,29.26,5744,305103.00
108,108,*NOUSE*,*NOUSE*,0,0,0,0,0,0,0,0
109,109,*NOUSE*,*NOUSE*,0,0,0,0,0,0,0,0
110,110,*NOUSE*,*NOUSE*,0,0,0,0,0,0,0,0
111,111,,,46,1379,58,211.00,90.77,45.93,3016,273760.00
112,112,*NOUSE*,*NOUSE*,0,0,0,0,0,0,0,0
113,113,,,48,1138,70,151.00,48.09,29.07,5684,273321.00
114,114,*NOUSE*,*NOUSE*,0,0,0,0,0,0,0,0
115,115,*NOUSE*,*NOUSE*,0,0,0,0,0,0,0,0
116,116,,,46,1417,73,250.00,89.73,50.30,3485,312722.00
117,117,,,47,1246,81,195.00,81.03,40.19,3554,287974.00
118,118,*NOUSE*,*NOUSE*,0,0,0,0,0,0,0,0
119,119,,,47,295,83,126.00,50.96,28.17,4018,204741.00
120,120,,,47,316,87,119.00,44.07,25.36,4059,178872.00
121,121,,,47,1138,90,172.00,57.65,37.79,5931,341905.00
122,122,*NOUSE*,*NOUSE*,0,0,0,0,0,0,0,0
123,123,*NOUSE*,*NOUSE*,0,0,0,0,0,0,0,0
124,124,*NOUSE*,*NOUSE*,0,0,0,0,0,0,0,0
125,125,,,46,1118,109,171.00,54.49,35.31,5460,297531.00
126,126,*NOUSE*,*NOUSE*,0,0,0,0,0,0,0,0
127,127,,,48,1186,55,178.00,74.70,39.85,3580,267433.00
128,128,,,49,851,53,188.00,50.37,37.66,5523,278180.00
129,129,,,47,1229,65,187.00,77.43,37.27,3280,253955.00
130,130,,,47,1304,67,219.00,95.51,45.07,2948,281577.00
131,131,*NOUSE*,*NOUSE*,0,0,0,0,0,0,0,0
132,132,*NOUSE*,*NOUSE*,0,0,0,0,0,0,0,0
133,133,*NOUSE*,*NOUSE*,0,0,0,0,0,0,0,0
134,134,,,47,1264,82,202.00,77.60,42.87,4166,323261.00
135,135,,,47,1213,93,235.00,96.10,43.99,3249,312213.00
136,136,*NOUSE*,*NOUSE*,0,0,0,0,0,0,0,0
137,137,*NOUSE*,*NOUSE*,0,0,0,0,0,0,0,0
138,138,*NOUSE*,*NOUSE*,0,0,0,0,0,0,0,0
139,139,,,48,971,110,168.00,49.42,36.55,6201,306435.00
140,140,*NOUSE*,*NOUSE*,0,0,0,0,0,0,0,0
141,141,,,49,971,53,162.00,48.46,33.84,5099,247115.00
142,142,,,48,1364,60,203.00,87.25,41.80,3143,274236.00
143,143,,,47,1245,62,183.00,76.01,42.18,2992,227427.00
144,144,*NOUSE*,*NOUSE*,0,0,0,0,0,0,0,0
145,145,*NOUSE*,*NOUSE*,0,0,0,0,0,0,0,0
146,146,,,49,1054,63,92.00,34.46,16.34,5750,198127.00
147,147,,,49,687,62,157.00,51.09,36.13,5294,270474.00
148,148,*NOUSE*,*NOUSE*,0,0,0,0,0,0,0,0
149,149,*NOUSE*,*NOUSE*,0,0,0,0,0,0,0,0
150,150,*NOUSE*,*NOUSE*,0,0,0,0,0,0,0,0
151,151,*NOUSE*,*NOUSE*,0,0,0,0,0,0,0,0
152,152,*NOUSE*,*NOUSE*,0,0,0,0,0,0,0,0
153,153,*NOUSE*,*NOUSE*,0,0,0,0,0,0,0,0
154,154,*NOUSE*,*NOUSE*,0,0,0,0,0,0,0,0
155,155,*NOUSE*,*NOUSE*,0,0,0,0,0,0,0,0
156,156,*NOUSE*,*NOUSE*,0,0,0,0,0,0,0,0
157,157,,,50,1158,46,170.00,55.26,35.57,3740,206669.00
158,158,*NOUSE*,*NOUSE*,0,0,0,0,0,0,0,0
159,159,*NOUSE*,*NOUSE*,0,0,0,0,0,0,0,0
160,160,*NOUSE*,*NOUSE*,0,0,0,0,0,0,0,0
161,161,,,51,786,58,194.00,54.17,40.70,4974,269452.00
162,162,,,51,759,62,170.00,55.32,36.45,5292,292778.00
163,163,,,50,1287,70,193.00,87.87,39.83,3023,265645.00
164,164,,,50,315,71,144.00,53.34,29.40,3883,207110.00
165,165,,,47,1294,81,207.00,83.08,43.84,4244,352582.00
166,166,,,51,263,81,123.00,45.52,26.60,4471,203525.00
167,167,,,49,567,90,102.00,30.68,16.32,8178,250863.00
168,168,*NOUSE*,*NOUSE*,0,0,0,0,0,0,0,0
169,169,*NOUSE*,*NOUSE*,0,0,0,0,0,0,0,0
170,170,,,50,1469,104,161.00,59.63,32.47,4526,269886.00
171,171,,,50,1329,113,231.00,84.50,50.23,3656,308944.00
172,172,*NOUSE*,*NOUSE*,0,0,0,0,0,0,0,0
173,173,*NOUSE*,*NOUSE*,0,0,0,0,0,0,0,0
174,174,*NOUSE*,*NOUSE*,0,0,0,0,0,0,0,0
175,175,*NOUSE*,*NOUSE*,0,0,0,0,0,0,0,0
176,176,*NOUSE*,*NOUSE*,0,0,0,0,0,0,0,0
177,177,*NOUSE*,*NOUSE*,0,0,0,0,0,0,0,0
178,178,,,52,1406,63,229.00,82.17,52.14,3699,303942.00
179,179,*NOUSE*,*NOUSE*,0,0,0,0,0,0,0,0
180,180,,,52,285,75,137.00,54.56,31.44,3943,215131.00
181,181,*NOUSE*,*NOUSE*,0,0,0,0,0,0,0,0
182,182,,,51,1179,88,164.00,62.69,34.92,4558,285736.00
183,183,,,50,1257,100,203.00,91.05,41.88,4972,452707.00
184,184,,,52,268,95,144.00,54.74,33.62,3592,196611.00
185,185,*NOUSE*,*NOUSE*,0,0,0,0,0,0,0,0
186,186,*NOUSE*,*NOUSE*,0,0,0,0,0,0,0,0
187,187,*NOUSE*,*NOUSE*,0,0,0,0,0,0,0,0
188,188,*NOUSE*,*NOUSE*,0,0,0,0,0,0,0,0
189,189,*NOUSE*,*NOUSE*,0,0,0,0,0,0,0,0
190,190,*NOUSE*,*NOUSE*,0,0,0,0,0,0,0,0
191,191,*NOUSE*,*NOUSE*,0,0,0,0,0,0,0,0
192,192,,,52,1059,48,147.00,49.86,33.72,4018,200346.00
193,193,,,51,1257,50,149.00,57.74,29.57,3174,183257.00
194,194,,,52,996,49,196.00,52.64,41.53,4846,255104.00
195,195,*NOUSE*,*NOUSE*,0,0,0,0,0,0,0,0
196,196,,,51,1283,55,208.00,97.46,44.58,2626,255943.00
197,197,,,51,437,65,129.00,42.85,27.48,5468,234313.00
198,198,*NOUSE*,*NOUSE*,0,0,0,0,0,0,0,0
199,199,,,52,1168,73,165.00,67.41,36.47,4203,283312.00
200,200,*NOUSE*,*NOUSE*,0,0,0,0,0,0,0,0
201,201,*NOUSE*,*NOUSE*,0,0,0,0,0,0,0,0
202,202,*NOUSE*,*NOUSE*,0,0,0,0,0,0,0,0
203,203,,,52,643,109,183.00,52.91,38.11,4960,262456.00
204,204,*NOUSE*,*NOUSE*,0,0,0,0,0,0,0,0
205,205,*NOUSE*,*NOUSE*,0,0,0,0,0,0,0,0
206,206,*NOUSE*,*NOUSE*,0,0,0,0,0,0,0,0
207,207,,,53,536,59,154.00,45.61,30.85,6008,274050.00
208,208,,,53,604,62,175.00,53.62,37.08,4842,259639.00
209,209,*NOUSE*,*NOUSE*,0,0,0,0,0,0,0,0
210,210,*NOUSE*,*NOUSE*,0,0,0,0,0,0,0,0
211,211,,,51,1185,72,235.00,95.07,53.15,2643,251277.00
212,212,*NOUSE*,*NOUSE*,0,0,0,0,0,0,0,0
213,213,*NOUSE*,*NOUSE*,0,0,0,0,0,0,0,0
214,214,,,53,1163,101,215.00,77.04,51.83,3904,300768.00
215,215,*NOUSE*,*NOUSE*,0,0,0,0,0,0,0,0
216,216,*NOUSE*,*NOUSE*,0,0,0,0,0,0,0,0
217,217,*NOUSE*,*NOUSE*,0,0,0,0,0,0,0,0
218,218,*NOUSE*,*NOUSE*,0,0,0,0,0,0,0,0
219,219,,,55,355,66,142.00,52.14,31.76,4291,223727.00
220,220,*NOUSE*,*NOUSE*,0,0,0,0,0,0,0,0
221,221,*NOUSE*,*NOUSE*,0,0,0,0,0,0,0,0
222,222,*NOUSE*,*NOUSE*,0,0,0,0,0,0,0,0
223,223,,,54,253,95,139.00,48.95,30.89,3452,168991.00
224,224,,,54,491,109,168.00,48.77,33.88,4491,219027.00
225,225,*NOUSE*,*NOUSE*,0,0,0,0,0,0,0,0
226,226,*NOUSE*,*NOUSE*,0,0,0,0,0,0,0,0
227,227,,,56,1121,61,213.00,77.13,49.70,3748,289085.00
228,228,,,53,1505,68,206.00,73.97,43.19,4553,336799.00
229,229,,,56,660,76,71.00,26.49,10.07,9904,262350.00
230,230,*NOUSE*,*NOUSE*,0,0,0,0,0,0,0,0
231,231,,,55,302,94,126.00,50.62,25.12,3736,189109.00
232,232,,,56,1120,100,165.00,51.64,32.17,6370,328940.00
233,233,*NOUSE*,*NOUSE*,0,0,0,0,0,0,0,0
234,234,*NOUSE*,*NOUSE*,0,0,0,0,0,0,0,0
235,235,*NOUSE*,*NOUSE*,0,0,0,0,0,0,0,0
236,236,*NOUSE*,*NOUSE*,0,0,0,0,0,0,0,0
237,237,*NOUSE*,*NOUSE*,0,0,0,0,0,0,0,0
238,238,,,56,1069,118,176.00,52.83,38.81,5876,310426.00
239,239,*NOUSE*,*NOUSE*,0,0,0,0,0,0,0,0
240,240,*NOUSE*,*NOUSE*,0,0,0,0,0,0,0,0
241,241,,,52,1466,67,237.00,88.81,54.16,3770,334799.00
242,242,,,55,1606,69,174.00,49.87,37.92,5548,276668.00
243,243,*NOUSE*,*NOUSE*,0,0,0,0,0,0,0,0
244,244,*NOUSE*,*NOUSE*,0,0,0,0,0,0,0,0
245,245,*NOUSE*,*NOUSE*,0,0,0,0,0,0,0,0
246,246,,,56,1251,123,153.00,63.65,33.03,2528,160909.00
247,247,*NOUSE*,*NOUSE*,0,0,0,0,0,0,0,0
248,248,,,56,1194,50,179.00,84.32,38.90,3238,273032.00
249,249,*NOUSE*,*NOUSE*,0,0,0,0,0,0,0,0
250,250,,,56,1376,65,231.00,85.79,51.54,3895,334148.00
251,251,,,57,1112,73,150.00,57.38,36.33,2152,123492.00
252,252,*NOUSE*,*NOUSE*,0,0,0,0,0,0,0,0
253,253,*NOUSE*,*NOUSE*,0,0,0,0,0,0,0,0
254,254,*NOUSE*,*NOUSE*,0,0,0,0,0,0,0,0
255,255,*NOUSE*,*NOUSE*,0,0,0,0,0,0,0,0
256,256,*NOUSE*,*NOUSE*,0,0,0,0,0,0,0,0
257,257,,,58,770,103,75.00,26.52,10.48,11079,293854.00
258,258,*NOUSE*,*NOUSE*,0,0,0,0,0,0,0,0
259,259,,,57,821,111,161.00,50.55,36.40,5399,272921.00
260,260,*NOUSE*,*NOUSE*,0,0,0,0,0,0,0,0
261,261,*NOUSE*,*NOUSE*,0,0,0,0,0,0,0,0
262,262,*NOUSE*,*NOUSE*,0,0,0,0,0,0,0,0
263,263,*NOUSE*,*NOUSE*,0,0,0,0,0,0,0,0
264,264,*NOUSE*,*NOUSE*,0,0,0,0,0,0,0,0
265,265,,,58,407,109,137.00,43.90,28.23,4071,178702.00
266,266,*NOUSE*,*NOUSE*,0,0,0,0,0,0,0,0
267,267,*NOUSE*,*NOUSE*,0,0,0,0,0,0,0,0
268,268,*NOUSE*,*NOUSE*,0,0,0,0,0,0,0,0
269,269,*NOUSE*,*NOUSE*,0,0,0,0,0,0,0,0
270,270,*NOUSE*,*NOUSE*,0,0,0,0,0,0,0,0
271,271,*NOUSE*,*NOUSE*,0,0,0,0,0,0,0,0
272,272,*NOUSE*,*NOUSE*,0,0,0,0,0,0,0,0
273,273,*NOUSE*,*NOUSE*,0,0,0,0,0,0,0,0
274,274,,,58,1521,105,233.00,77.97,50.35,4035,314616.00
275,275,*NOUSE*,*NOUSE*,0,0,0,0,0,0,0,0
276,276,*NOUSE*,*NOUSE*,0,0,0,0,0,0,0,0
277,277,*NOUSE*,*NOUSE*,0,0,0,0,0,0,0,0
278,278,,,61,1470,45,147.00,57.85,26.27,4069,235406.00
279,279,*NOUSE*,*NOUSE*,0,0,0,0,0,0,0,0
280,280,*NOUSE*,*NOUSE*,0,0,0,0,0,0,0,0
281,281,,,60,733,50,220.00,61.32,47.60,4149,254413.00
282,282,*NOUSE*,*NOUSE*,0,0,0,0,0,0,0,0
283,283,*NOUSE*,*NOUSE*,0,0,0,0,0,0,0,0
284,284,,,61,255,83,129.00,59.95,26.11,3243,194408.00
285,285,,,61,1485,93,167.00,54.17,30.61,9463,512575.00
286,286,*NOUSE*,*NOUSE*,0,0,0,0,0,0,0,0
287,287,*NOUSE*,*NOUSE*,0,0,0,0,0,0,0,0
288,288,*NOUSE*,*NOUSE*,0,0,0,0,0,0,0,0
289,289,*NOUSE*,*NOUSE*,0,0,0,0,0,0,0,0
290,290,*NOUSE*,*NOUSE*,0,0,0,0,0,0,0,0
291,291,*NOUSE*,*NOUSE*,0,0,0,0,0,0,0,0
292,292,,,62,771,51,183.00,57.62,42.53,4398,253407.00
293,293,*NOUSE*,*NOUSE*,0,0,0,0,0,0,0,0
294,294,,,60,306,61,129.00,47.92,23.43,4041,193635.00
295,295,*NOUSE*,*NOUSE*,0,0,0,0,0,0,0,0
296,296,*NOUSE*,*NOUSE*,0,0,0,0,0,0,0,0
297,297,*NOUSE*,*NOUSE*,0,0,0,0,0,0,0,0
298,298,,,61,224,81,112.00,40.31,22.85,4280,172546.00
299,299,,,62,1103,106,169.00,59.87,37.23,4153,248637.00
300,300,*NOUSE*,*NOUSE*,0,0,0,0,0,0,0,0
301,301,*NOUSE*,*NOUSE*,0,0,0,0,0,0,0,0
302,302,,,62,1250,42,181.00,64.88,39.41,3049,197817.00
303,303,,,61,1010,43,193.00,58.97,42.24,4180,246479.00
304,304,,,61,1202,43,171.00,70.39,34.19,2907,204622.00
305,305,*NOUSE*,*NOUSE*,0,0,0,0,0,0,0,0
306,306,,,64,1134,56,163.00,54.62,32.99,4713,257415.00
307,307,*NOUSE*,*NOUSE*,0,0,0,0,0,0,0,0
308,308,*NOUSE*,*NOUSE*,0,0,0,0,0,0,0,0
309,309,,,62,273,69,105.00,42.15,20.43,4340,182943.00
310,310,*NOUSE*,*NOUSE*,0,0,0,0,0,0,0,0
311,311,*NOUSE*,*NOUSE*,0,0,0,0,0,0,0,0
312,312,*NOUSE*,*NOUSE*,0,0,0,0,0,0,0,0
313,313,,,65,1095,95,163.00,60.54,38.60,5851,354216.00
314,314,*NOUSE*,*NOUSE*,0,0,0,0,0,0,0,0
315,315,*NOUSE*,*NOUSE*,0,0,0,0,0,0,0,0
316,316,*NOUSE*,*NOUSE*,0,0,0,0,0,0,0,0
317,317,,,63,1502,109,184.00,61.80,34.66,4870,300958.00
318,318,,,64,1153,39,151.00,55.56,35.30,4281,237837.00
319,319,,,63,1136,40,172.00,60.65,40.30,3516,213236.00
320,320,,,63,1087,41,155.00,49.91,34.78,4263,212756.00
321,321,,,63,972,42,176.00,55.05,42.31,4209,231714.00
322,322,,,64,1048,44,179.00,55.02,39.44,4420,243208.00
323,323,,,63,651,51,208.00,57.95,44.28,4134,239565.00
324,324,,,63,566,51,202.00,54.84,41.91,4166,228445.00
325,325,,,63,1169,58,161.00,63.75,34.38,4251,271021.00
326,326,*NOUSE*,*NOUSE*,0,0,0,0,0,0,0,0
327,327,*NOUSE*,*NOUSE*,0,0,0,0,0,0,0,0
328,328,*NOUSE*,*NOUSE*,0,0,0,0,0,0,0,0
329,329,,,63,191,72,121.00,35.34,19.12,4080,144194.00
330,330,*NOUSE*,*NOUSE*,0,0,0,0,0,0,0,0
331,331,,,62,1400,95,222.00,82.54,49.59,3924,323883.00
332,332,*NOUSE*,*NOUSE*,0,0,0,0,0,0,0,0
333,333,,,65,611,96,67.00,25.63, 9.89,10115,259235.00
334,334,*NOUSE*,*NOUSE*,0,0,0,0,0,0,0,0
335,335,*NOUSE*,*NOUSE*,0,0,0,0,0,0,0,0
336,336,*NOUSE*,*NOUSE*,0,0,0,0,0,0,0,0
337,337,,,64,232,98,102.00,39.10,20.69,3851,150582.00
338,338,*NOUSE*,*NOUSE*,0,0,0,0,0,0,0,0
339,339,*NOUSE*,*NOUSE*,0,0,0,0,0,0,0,0
340,340,,,64,1347,118,191.00,69.19,40.34,4712,326014.00
341,341,,,64,1308,41,181.00,57.99,35.06,3851,223305.00
342,342,,,64,600,52,165.00,53.73,38.49,4573,245715.00
343,343,,,64,491,54,196.00,52.80,40.41,4312,227678.00
344,344,*NOUSE*,*NOUSE*,0,0,0,0,0,0,0,0
345,345,*NOUSE*,*NOUSE*,0,0,0,0,0,0,0,0
346,346,*NOUSE*,*NOUSE*,0,0,0,0,0,0,0,0
347,347,*NOUSE*,*NOUSE*,0,0,0,0,0,0,0,0
348,348,*NOUSE*,*NOUSE*,0,0,0,0,0,0,0,0
349,349,*NOUSE*,*NOUSE*,0,0,0,0,0,0,0,0
350,350,*NOUSE*,*NOUSE*,0,0,0,0,0,0,0,0
351,351,*NOUSE*,*NOUSE*,0,0,0,0,0,0,0,0
352,352,,,64,171,80,95.00,33.47,16.19,3961,132580.00
353,353,*NOUSE*,*NOUSE*,0,0,0,0,0,0,0,0
354,354,,,62,291,81,138.00,66.77,30.15,3491,233108.00
355,355,,,64,189,94,92.00,34.15,17.60,3947,134806.00
356,356,,,64,1463,108,178.00,66.47,38.27,4787,318179.00
357,357,*NOUSE*,*NOUSE*,0,0,0,0,0,0,0,0
358,358,*NOUSE*,*NOUSE*,0,0,0,0,0,0,0,0
359,359,,,65,863,41,183.00,53.45,41.52,4764,254639.00
360,360,*NOUSE*,*NOUSE*,0,0,0,0,0,0,0,0
361,361,,,65,946,41,149.00,50.57,35.24,4556,230386.00
362,362,,,65,1340,45,172.00,65.96,41.34,3750,247349.00
363,363,*NOUSE*,*NOUSE*,0,0,0,0,0,0,0,0
364,364,,,65,1635,57,176.00,48.44,36.99,5274,255457.00
365,365,*NOUSE*,*NOUSE*,0,0,0,0,0,0,0,0
366,366,,,67,324,63,150.00,60.90,31.54,3550,216179.00
367,367,*NOUSE*,*NOUSE*,0,0,0,0,0,0,0,0
368,368,*NOUSE*,*NOUSE*,0,0,0,0,0,0,0,0
369,369,,,64,1381,86,157.00,61.08,30.41,2520,153909.00
370,370,*NOUSE*,*NOUSE*,0,0,0,0,0,0,0,0
371,371,*NOUSE*,*NOUSE*,0,0,0,0,0,0,0,0
372,372,,,65,1571,95,237.00,78.31,54.14,3346,262026.00
373,373,,,64,1556,95,243.00,74.47,49.00,3422,254851.00
374,374,*NOUSE*,*NOUSE*,0,0,0,0,0,0,0,0
375,375,,,65,310,102,135.00,53.27,29.53,3637,193727.00
376,376,,,65,1137,109,158.00,53.98,33.45,4195,226459.00
377,377,*NOUSE*,*NOUSE*,0,0,0,0,0,0,0,0
378,378,*NOUSE*,*NOUSE*,0,0,0,0,0,0,0,0
379,379,*NOUSE*,*NOUSE*,0,0,0,0,0,0,0,0
380,380,,,65,1286,49,179.00,82.55,36.81,2715,224130.00
381,381,,,67,682,62,134.00,45.42,29.55,5633,255852.00
382,382,*NOUSE*,*NOUSE*,0,0,0,0,0,0,0,0
383,383,*NOUSE*,*NOUSE*,0,0,0,0,0,0,0,0
384,384,,,65,1184,102,185.00,73.17,42.24,4016,293837.00
385,385,*NOUSE*,*NOUSE*,0,0,0,0,0,0,0,0
386,386,*NOUSE*,*NOUSE*,0,0,0,0,0,0,0,0
387,387,*NOUSE*,*NOUSE*,0,0,0,0,0,0,0,0
388,388,*NOUSE*,*NOUSE*,0,0,0,0,0,0,0,0
389,389,*NOUSE*,*NOUSE*,0,0,0,0,0,0,0,0
390,390,,,67,753,58,169.00,56.73,39.85,4898,277845.00
391,391,*NOUSE*,*NOUSE*,0,0,0,0,0,0,0,0
392,392,*NOUSE*,*NOUSE*,0,0,0,0,0,0,0,0
393,393,,,68,350,64,142.00,54.32,31.62,4966,269772.00
394,394,*NOUSE*,*NOUSE*,0,0,0,0,0,0,0,0
395,395,*NOUSE*,*NOUSE*,0,0,0,0,0,0,0,0
396,396,,,66,1603,95,166.00,47.65,33.52,5473,260774.00
397,397,,,66,1656,96,167.00,45.99,32.11,5540,254758.00
398,398,,,69,428,100,69.00,25.93,10.15,6709,173939.00
399,399,,,65,1165,103,171.00,70.27,38.18,4068,285854.00
400,400,*NOUSE*,*NOUSE*,0,0,0,0,0,0,0,0
401,401,*NOUSE*,*NOUSE*,0,0,0,0,0,0,0,0
402,402,*NOUSE*,*NOUSE*,0,0,0,0,0,0,0,0
403,403,*NOUSE*,*NOUSE*,0,0,0,0,0,0,0,0
404,404,*NOUSE*,*NOUSE*,0,0,0,0,0,0,0,0
405,405,*NOUSE*,*NOUSE*,0,0,0,0,0,0,0,0
406,406,*NOUSE*,*NOUSE*,0,0,0,0,0,0,0,0
407,407,*NOUSE*,*NOUSE*,0,0,0,0,0,0,0,0
408,408,*NOUSE*,*NOUSE*,0,0,0,0,0,0,0,0
409,409,,,74,370,66,131.00,42.70,26.61,5296,226117.00
410,410,*NOUSE*,*NOUSE*,0,0,0,0,0,0,0,0
411,411,,,70,334,91,105.00,40.40,17.99,5407,218466.00
412,412,*NOUSE*,*NOUSE*,0,0,0,0,0,0,0,0
413,413,,,68,1192,47,182.00,87.18,41.54,2866,249846.00
414,414,*NOUSE*,*NOUSE*,0,0,0,0,0,0,0,0
415,415,*NOUSE*,*NOUSE*,0,0,0,0,0,0,0,0
416,416,*NOUSE*,*NOUSE*,0,0,0,0,0,0,0,0
417,417,*NOUSE*,*NOUSE*,0,0,0,0,0,0,0,0
418,418,,,74,775,59,210.00,60.45,44.52,4826,291736.00
419,419,,,74,729,62,213.00,58.54,46.43,4651,272268.00
420,420,,,71,285,70,138.00,55.14,30.29,3548,195639.00
421,421,,,71,1443,87,142.00,64.76,30.83,3134,202971.00
422,422,*NOUSE*,*NOUSE*,0,0,0,0,0,0,0,0
423,423,*NOUSE*,*NOUSE*,0,0,0,0,0,0,0,0
424,424,*NOUSE*,*NOUSE*,0,0,0,0,0,0,0,0
425,425,*NOUSE*,*NOUSE*,0,0,0,0,0,0,0,0
426,426,*NOUSE*,*NOUSE*,0,0,0,0,0,0,0,0
427,427,*NOUSE*,*NOUSE*,0,0,0,0,0,0,0,0
428,428,,,71,1468,67,192.00,67.89,41.34,4284,290857.00
429,429,*NOUSE*,*NOUSE*,0,0,0,0,0,0,0,0
430,430,,,75,1264,69,164.00,64.95,31.05,4139,268841.00
431,431,,,73,1196,75,173.00,69.52,31.02,4130,287110.00
432,432,*NOUSE*,*NOUSE*,0,0,0,0,0,0,0,0
433,433,,,72,721,90,60.00,26.20,10.00,8873,232459.00
434,434,,,72,251,93,135.00,47.31,28.31,3956,187144.00
435,435,,,74,1254,98,163.00,71.84,32.43,3286,236068.00
436,436,*NOUSE*,*NOUSE*,0,0,0,0,0,0,0,0
437,437,*NOUSE*,*NOUSE*,0,0,0,0,0,0,0,0
438,438,*NOUSE*,*NOUSE*,0,0,0,0,0,0,0,0
439,439,,,74,890,47,147.00,52.13,35.43,4703,245154.00
440,440,*NOUSE*,*NOUSE*,0,0,0,0,0,0,0,0
441,441,*NOUSE*,*NOUSE*,0,0,0,0,0,0,0,0
442,442,*NOUSE*,*NOUSE*,0,0,0,0,0,0,0,0
443,443,*NOUSE*,*NOUSE*,0,0,0,0,0,0,0,0
444,444,*NOUSE*,*NOUSE*,0,0,0,0,0,0,0,0
445,445,,,74,1572,67,232.00,67.87,49.09,5319,360976.00
446,446,,,74,1509,66,161.00,59.49,36.62,4035,240030.00
447,447,*NOUSE*,*NOUSE*,0,0,0,0,0,0,0,0
448,448,*NOUSE*,*NOUSE*,0,0,0,0,0,0,0,0
449,449,*NOUSE*,*NOUSE*,0,0,0,0,0,0,0,0
450,450,*NOUSE*,*NOUSE*,0,0,0,0,0,0,0,0
451,451,*NOUSE*,*NOUSE*,0,0,0,0,0,0,0,0
452,452,*NOUSE*,*NOUSE*,0,0,0,0,0,0,0,0
453,453,*NOUSE*,*NOUSE*,0,0,0,0,0,0,0,0
454,454,*NOUSE*,*NOUSE*,0,0,0,0,0,0,0,0
455,455,*NOUSE*,*NOUSE*,0,0,0,0,0,0,0,0
456,456,*NOUSE*,*NOUSE*,0,0,0,0,0,0,0,0
457,457,,,74,456,108,161.00,47.51,31.44,4406,209315.00
458,458,*NOUSE*,*NOUSE*,0,0,0,0,0,0,0,0
459,459,*NOUSE*,*NOUSE*,0,0,0,0,0,0,0,0
460,460,*NOUSE*,*NOUSE*,0,0,0,0,0,0,0,0
461,461,,,71,1120,63,207.00,68.60,45.07,4164,285635.00
462,462,,,76,1060,56,80.00,29.64,11.98,7421,219988.00
463,463,,,73,422,61,121.00,41.35,25.12,3326,137545.00
464,464,,,76,1557,65,195.00,59.01,41.92,4506,265914.00
465,465,,,74,1603,67,136.00,42.85,28.32,6394,273962.00
466,466,*NOUSE*,*NOUSE*,0,0,0,0,0,0,0,0
467,467,*NOUSE*,*NOUSE*,0,0,0,0,0,0,0,0
468,468,*NOUSE*,*NOUSE*,0,0,0,0,0,0,0,0
469,469,,,73,347,106,107.00,37.93,21.07,3762,142686.00
470,470,,,75,670,108,153.00,50.19,35.99,5571,279612.00
471,471,,,75,770,111,163.00,50.12,37.27,6425,322017.00
472,472,*NOUSE*,*NOUSE*,0,0,0,0,0,0,0,0
473,473,*NOUSE*,*NOUSE*,0,0,0,0,0,0,0,0
474,474,,,73,1376,67,205.00,74.08,41.84,4292,317943.00
475,475,*NOUSE*,*NOUSE*,0,0,0,0,0,0,0,0
476,476,,,74,259,78,132.00,47.67,29.99,4871,232192.00
477,477,*NOUSE*,*NOUSE*,0,0,0,0,0,0,0,0
478,478,*NOUSE*,*NOUSE*,0,0,0,0,0,0,0,0
479,479,*NOUSE*,*NOUSE*,0,0,0,0,0,0,0,0
480,480,*NOUSE*,*NOUSE*,0,0,0,0,0,0,0,0
481,481,*NOUSE*,*NOUSE*,0,0,0,0,0,0,0,0
482,482,,,78,1130,101,227.00,63.15,43.51,4583,289404.00
483,483,*NOUSE*,*NOUSE*,0,0,0,0,0,0,0,0
484,484,,,75,1400,106,188.00,69.28,39.10,4455,308664.00
485,485,*NOUSE*,*NOUSE*,0,0,0,0,0,0,0,0
486,486,*NOUSE*,*NOUSE*,0,0,0,0,0,0,0,0
487,487,,,75,1462,44,155.00,57.23,31.74,4716,269914.00
488,488,*NOUSE*,*NOUSE*,0,0,0,0,0,0,0,0
489,489,*NOUSE*,*NOUSE*,0,0,0,0,0,0,0,0
490,490,*NOUSE*,*NOUSE*,0,0,0,0,0,0,0,0
491,491,*NOUSE*,*NOUSE*,0,0,0,0,0,0,0,0
492,492,*NOUSE*,*NOUSE*,0,0,0,0,0,0,0,0
493,493,*NOUSE*,*NOUSE*,0,0,0,0,0,0,0,0
494,494,*NOUSE*,*NOUSE*,0,0,0,0,0,0,0,0
495,495,*NOUSE*,*NOUSE*,0,0,0,0,0,0,0,0
496,496,*NOUSE*,*NOUSE*,0,0,0,0,0,0,0,0
497,497,,,77,1208,57,149.00,67.71,32.42,3659,247765.00
498,498,,,76,1180,69,229.00,80.97,48.17,3349,271183.00
499,499,*NOUSE*,*NOUSE*,0,0,0,0,0,0,0,0
500,500,*NOUSE*,*NOUSE*,0,0,0,0,0,0,0,0
501,501,*NOUSE*,*NOUSE*,0,0,0,0,0,0,0,0
502,502,*NOUSE*,*NOUSE*,0,0,0,0,0,0,0,0
503,503,*NOUSE*,*NOUSE*,0,0,0,0,0,0,0,0
504,504,,,77,1160,67,127.00,48.89,25.00,4829,236110.00
505,505,,,79,1133,67,129.00,46.52,24.56,5812,270388.00
506,506,,,75,295,79,127.00,49.95,29.31,4520,225781.00
507,507,,,78,1285,83,176.00,72.04,36.44,4142,298373.00
508,508,,,79,1371,83,183.00,67.06,35.83,4120,276299.00
509,509,,,80,1103,87,175.00,51.43,37.47,5097,262127.00
510,510,*NOUSE*,*NOUSE*,0,0,0,0,0,0,0,0
511,511,*NOUSE*,*NOUSE*,0,0,0,0,0,0,0,0
512,512,,,80,1502,98,137.00,51.68,27.41,4042,208879.00
513,513,*NOUSE*,*NOUSE*,0,0,0,0,0,0,0,0
514,514,,,79,1053,103,80.00,30.30,13.06,7991,242096.00
515,515,,,76,1324,112,216.00,83.00,46.80,3898,323520.00
516,516,*NOUSE*,*NOUSE*,0,0,0,0,0,0,0,0
517,517,,,78,1189,116,147.00,53.71,29.58,5400,290050.00
518,518,*NOUSE*,*NOUSE*,0,0,0,0,0,0,0,0
519,519,,,79,1103,111,145.00,47.51,28.36,5853,278092.00
520,520,,,78,1193,56,180.00,71.71,38.14,3734,267759.00
521,521,,,84,1496,67,208.00,61.61,40.17,5633,347061.00
522,522,*NOUSE*,*NOUSE*,0,0,0,0,0,0,0,0
523,523,,,78,1422,77,149.00,65.72,33.69,1335,87734.00
524,524,,,79,1306,85,178.00,77.08,37.66,3636,280249.00
525,525,*NOUSE*,*NOUSE*,0,0,0,0,0,0,0,0
526,526,*NOUSE*,*NOUSE*,0,0,0,0,0,0,0,0
527,527,,,78,1462,105,128.00,54.92,28.16,5055,277640.00
528,528,*NOUSE*,*NOUSE*,0,0,0,0,0,0,0,0
529,529,*NOUSE*,*NOUSE*,0,0,0,0,0,0,0,0
530,530,*NOUSE*,*NOUSE*,0,0,0,0,0,0,0,0
531,531,*NOUSE*,*NOUSE*,0,0,0,0,0,0,0,0
532,532,,,80,1302,50,183.00,76.09,40.98,3026,230243.00
533,533,,,81,1108,52,140.00,46.82,29.87,5041,236034.00
534,534,*NOUSE*,*NOUSE*,0,0,0,0,0,0,0,0
535,535,*NOUSE*,*NOUSE*,0,0,0,0,0,0,0,0
536,536,*NOUSE*,*NOUSE*,0,0,0,0,0,0,0,0
537,537,*NOUSE*,*NOUSE*,0,0,0,0,0,0,0,0
538,538,*NOUSE*,*NOUSE*,0,0,0,0,0,0,0,0
539,539,*NOUSE*,*NOUSE*,0,0,0,0,0,0,0,0
540,540,,,80,1173,87,126.00,51.73,26.71,3586,185514.00
541,541,*NOUSE*,*NOUSE*,0,0,0,0,0,0,0,0
542,542,*NOUSE*,*NOUSE*,0,0,0,0,0,0,0,0
543,543,*NOUSE*,*NOUSE*,0,0,0,0,0,0,0,0
544,544,,,81,1390,51,191.00,76.78,44.01,3580,274863.00
545,545,,,81,1268,59,182.00,76.00,40.19,3093,235069.00
546,546,,,80,621,62,119.00,40.53,23.83,5524,223888.00
547,547,*NOUSE*,*NOUSE*,0,0,0,0,0,0,0,0
548,548,,,80,1225,66,174.00,78.60,36.92,3138,246662.00
549,549,*NOUSE*,*NOUSE*,0,0,0,0,0,0,0,0
550,550,,,81,1265,86,162.00,68.72,33.60,3971,272882.00
551,551,*NOUSE*,*NOUSE*,0,0,0,0,0,0,0,0
552,552,*NOUSE*,*NOUSE*,0,0,0,0,0,0,0,0
553,553,*NOUSE*,*NOUSE*,0,0,0,0,0,0,0,0
554,554,*NOUSE*,*NOUSE*,0,0,0,0,0,0,0,0
555,555,*NOUSE*,*NOUSE*,0,0,0,0,0,0,0,0
556,556,,,79,1285,52,185.00,81.88,38.62,2617,214293.00
557,557,*NOUSE*,*NOUSE*,0,0,0,0,0,0,0,0
558,558,,,82,662,70,106.00,37.30,21.12,5789,215927.00
559,559,,,82,503,73,84.00,31.17,14.59,6247,194742.00
560,560,,,81,358,73,86.00,32.96,14.75,3019,99499.00
561,561,,,82,737,77,144.00,47.45,32.15,5388,255683.00
562,562,,,81,1386,87,167.00,73.26,34.89,3181,233035.00
563,563,*NOUSE*,*NOUSE*,0,0,0,0,0,0,0,0
564,564,*NOUSE*,*NOUSE*,0,0,0,0,0,0,0,0
565,565,,,81,1235,110,191.00,82.95,41.98,3893,322921.00
566,566,*NOUSE*,*NOUSE*,0,0,0,0,0,0,0,0
567,567,*NOUSE*,*NOUSE*,0,0,0,0,0,0,0,0
568,568,*NOUSE*,*NOUSE*,0,0,0,0,0,0,0,0
569,569,*NOUSE*,*NOUSE*,0,0,0,0,0,0,0,0
570,570,,,82,431,79,83.00,29.70,14.06,6218,184694.00
571,571,*NOUSE*,*NOUSE*,0,0,0,0,0,0,0,0
572,572,,,83,1357,95,189.00,65.15,33.30,4210,274299.00
573,573,,,86,1452,88,158.00,62.74,34.52,4103,257413.00
574,574,*NOUSE*,*NOUSE*,0,0,0,0,0,0,0,0
575,575,,,83,1254,111,161.00,74.14,36.55,4366,323685.00
576,576,*NOUSE*,*NOUSE*,0,0,0,0,0,0,0,0
577,577,*NOUSE*,*NOUSE*,0,0,0,0,0,0,0,0
578,578,,,81,1175,49,138.00,56.21,31.99,3921,220382.00
579,579,*NOUSE*,*NOUSE*,0,0,0,0,0,0,0,0
580,580,*NOUSE*,*NOUSE*,0,0,0,0,0,0,0,0
581,581,*NOUSE*,*NOUSE*,0,0,0,0,0,0,0,0
582,582,*NOUSE*,*NOUSE*,0,0,0,0,0,0,0,0
583,583,*NOUSE*,*NOUSE*,0,0,0,0,0,0,0,0
584,584,*NOUSE*,*NOUSE*,0,0,0,0,0,0,0,0
585,585,*NOUSE*,*NOUSE*,0,0,0,0,0,0,0,0
586,586,*NOUSE*,*NOUSE*,0,0,0,0,0,0,0,0
587,587,,,82,1281,67,201.00,95.78,40.28,2672,255932.00
588,588,*NOUSE*,*NOUSE*,0,0,0,0,0,0,0,0
589,589,,,83,1526,90,156.00,51.01,28.64,5014,255767.00
590,590,*NOUSE*,*NOUSE*,0,0,0,0,0,0,0,0
591,591,*NOUSE*,*NOUSE*,0,0,0,0,0,0,0,0
592,592,*NOUSE*,*NOUSE*,0,0,0,0,0,0,0,0
593,593,*NOUSE*,*NOUSE*,0,0,0,0,0,0,0,0
594,594,*NOUSE*,*NOUSE*,0,0,0,0,0,0,0,0
595,595,*NOUSE*,*NOUSE*,0,0,0,0,0,0,0,0
596,596,,,86,1194,69,176.00,64.63,36.42,4133,267114.00
597,597,,,87,1521,73,172.00,54.92,35.62,5089,279465.00
598,598,*NOUSE*,*NOUSE*,0,0,0,0,0,0,0,0
599,599,*NOUSE*,*NOUSE*,0,0,0,0,0,0,0,0
600,600,*NOUSE*,*NOUSE*,0,0,0,0,0,0,0,0
601,601,*NOUSE*,*NOUSE*,0,0,0,0,0,0,0,0
602,602,*NOUSE*,*NOUSE*,0,0,0,0,0,0,0,0
603,603,*NOUSE*,*NOUSE*,0,0,0,0,0,0,0,0
604,604,*NOUSE*,*NOUSE*,0,0,0,0,0,0,0,0
605,605,*NOUSE*,*NOUSE*,0,0,0,0,0,0,0,0
606,606,*NOUSE*,*NOUSE*,0,0,0,0,0,0,0,0
607,607,*NOUSE*,*NOUSE*,0,0,0,0,0,0,0,0
608,608,*NOUSE*,*NOUSE*,0,0,0,0,0,0,0,0
609,609,*NOUSE*,*NOUSE*,0,0,0,0,0,0,0,0
610,610,*NOUSE*,*NOUSE*,0,0,0,0,0,0,0,0
611,611,,,88,1499,83,151.00,51.37,31.87,5011,257431.00
612,612,,,87,1413,91,185.00,68.99,41.78,3892,268509.00
613,613,*NOUSE*,*NOUSE*,0,0,0,0,0,0,0,0
614,614,*NOUSE*,*NOUSE*,0,0,0,0,0,0,0,0
615,615,*NOUSE*,*NOUSE*,0,0,0,0,0,0,0,0
616,616,,,87,1275,108,178.00,74.82,38.66,4236,316938.00
617,617,,,88,990,58,98.00,39.27,20.75,4403,172890.00
618,618,,,88,1176,65,177.00,56.45,38.32,4374,246926.00
619,619,*NOUSE*,*NOUSE*,0,0,0,0,0,0,0,0
620,620,,,90,1368,71,159.00,61.22,31.55,3112,190522.00
621,621,*NOUSE*,*NOUSE*,0,0,0,0,0,0,0,0
622,622,*NOUSE*,*NOUSE*,0,0,0,0,0,0,0,0
623,623,*NOUSE*,*NOUSE*,0,0,0,0,0,0,0,0
624,624,*NOUSE*,*NOUSE*,0,0,0,0,0,0,0,0
625,625,*NOUSE*,*NOUSE*,0,0,0,0,0,0,0,0
626,626,,,89,1307,72,188.00,76.95,44.25,3566,274412.00
627,627,,,89,1084,74,150.00,49.27,35.55,4264,210104.00
628,628,,,88,1322,73,179.00,70.78,38.62,3543,250764.00
629,629,,,90,1221,74,170.00,65.62,39.80,3964,260135.00
630,630,,,90,1429,85,175.00,60.71,38.16,4701,285382.00
631,631,*NOUSE*,*NOUSE*,0,0,0,0,0,0,0,0
632,632,*NOUSE*,*NOUSE*,0,0,0,0,0,0,0,0
633,633,*NOUSE*,*NOUSE*,0,0,0,0,0,0,0,0
634,634,*NOUSE*,*NOUSE*,0,0,0,0,0,0,0,0
635,635,,,89,1237,71,156.00,62.15,34.14,2930,182108.00
636,636,,,90,938,67,79.00,31.27,14.57,6405,200280.00
637,637,,,89,1254,75,119.00,54.43,21.84,4189,228022.00
638,638,*NOUSE*,*NOUSE*,0,0,0,0,0,0,0,0
639,639,*NOUSE*,*NOUSE*,0,0,0,0,0,0,0,0
640,640,*NOUSE*,*NOUSE*,0,0,0,0,0,0,0,0
641,641,,,89,1333,89,140.00,55.45,31.09,4316,239331.00
642,642,*NOUSE*,*NOUSE*,0,0,0,0,0,0,0,0
643,643,*NOUSE*,*NOUSE*,0,0,0,0,0,0,0,0
644,644,,,90,1429,64,209.00,69.57,42.60,3800,264376.00
645,645,,,92,1115,69,76.00,30.41,12.62,6992,212592.00
646,646,,,91,1274,71,173.00,68.32,38.90,3810,260282.00
647,647,,,90,1440,73,219.00,73.18,47.70,3885,284296.00
648,648,,,90,1047,76,87.00,33.87,16.35,5555,188141.00
649,649,*NOUSE*,*NOUSE*,0,0,0,0,0,0,0,0
650,650,,,91,1276,90,131.00,59.43,28.35,4614,274214.00
651,651,*NOUSE*,*NOUSE*,0,0,0,0,0,0,0,0
652,652,,,91,1292,77,143.00,60.81,30.17,4305,261786.00
653,653,,,90,907,87,83.00,28.44,13.32,6950,197667.00
654,654,*NOUSE*,*NOUSE*,0,0,0,0,0,0,0,0
655,655,*NOUSE*,*NOUSE*,0,0,0,0,0,0,0,0
656,656,*NOUSE*,*NOUSE*,0,0,0,0,0,0,0,0
657,657,,,90,1030,95,69.00,26.53,11.70,3750,99477.00
658,658,*NOUSE*,*NOUSE*,0,0,0,0,0,0,0,0
659,659,*NOUSE*,*NOUSE*,0,0,0,0,0,0,0,0
660,660,*NOUSE*,*NOUSE*,0,0,0,0,0,0,0,0
661,661,*NOUSE*,*NOUSE*,0,0,0,0,0,0,0,0
662,662,*NOUSE*,*NOUSE*,0,0,0,0,0,0,0,0
663,663,*NOUSE*,*NOUSE*,0,0,0,0,0,0,0,0
664,664,*NOUSE*,*NOUSE*,0,0,0,0,0,0,0,0
665,665,*NOUSE*,*NOUSE*,0,0,0,0,0,0,0,0
666,666,*NOUSE*,*NOUSE*,0,0,0,0,0,0,0,0
667,667,*NOUSE*,*NOUSE*,0,0,0,0,0,0,0,0
668,668,,*MANUAL*,61,1362,109,225.00,135.11,31.55,1554,209967.00
669,669,,*MANUAL*,55,1369,106,239.00,151.81,34.68,1757,266729.00
670,670,,*MANUAL*,56,1383,102,247.00,164.43,37.38,1276,209814.00
671,671,,*MANUAL*,67,1378,101,234.00,157.76,29.28,1308,206347.00
672,672,,*MANUAL*,72,1364,107,220.00,146.86,25.92,1363,200166.00
673,673,,*MANUAL*,82,1372,101,221.00,96.44,45.17,2698,260191.00
674,674,,*MANUAL*,77,1383,101,246.00,126.68,48.14,2103,266417.00
675,675,,*MANUAL*,83,1401,96,208.00,99.55,41.66,2103,209358.00
676,676,,*MANUAL*,84,1441,92,196.00,101.46,35.51,2103,213376.00
677,677,,*MANUAL*,79,1467,91,167.00,93.48,30.81,2013,188179.00
678,678,,*MANUAL*,87,1477,88,152.00,78.56,30.79,2103,165215.00
679,679,,*MANUAL*,84,1475,64,192.00,99.38,32.29,2103,208989.00
680,680,,*MANUAL*,81,1462,57,201.00,92.16,40.41,1961,180719.00
681,681,,*MANUAL*,85,1450,61,191.00,99.83,43.15,2103,209933.00
682,682,,*MANUAL*,89,1402,64,218.00,97.47,44.32,2001,195047.00
683,683,,*MANUAL*,91,1412,75,168.00,88.57,33.51,2103,186267.00
684,684,,*MANUAL*,90,1392,81,180.00,87.61,34.76,2082,182412.00
685,685,,*MANUAL*,85,1387,70,178.00,108.36,28.34,1365,147905.00
686,686,,*MANUAL*,84,1377,58,190.00,107.31,34.55,2089,224177.00
687,687,,*MANUAL*,81,1363,58,194.00,117.77,27.40,1352,159226.00
688,688,,*MANUAL*,85,1347,61,178.00,77.89,37.74,2081,162090.00
689,689,,*MANUAL*,45,1358,96,219.00,106.01,38.22,2103,222935.00
690,690,,*MANUAL*,46,1373,99,237.00,133.68,44.34,2099,280599.00
691,691,,*MANUAL*,47,1388,100,240.00,150.21,47.95,1318,197972.00
692,692,,*MANUAL*,50,1371,83,224.00,118.63,42.82,2073,245925.00
693,693,,*MANUAL*,46,1384,88,226.00,122.28,41.41,1988,243097.00
694,694,,*MANUAL*,43,1401,95,253.00,157.85,49.60,1181,186426.00
695,695,,*MANUAL*,39,1410,90,248.00,122.50,58.44,2103,257617.00
696,696,,*MANUAL*,36,1426,87,251.00,122.68,56.22,2103,257992.00
697,697,,*MANUAL*,42,1441,92,251.00,123.63,58.98,1933,238968.00
698,698,,*MANUAL*,44,1473,90,234.00,122.38,48.23,1365,167052.00
699,699,,*MANUAL*,40,1487,86,190.00,99.06,40.67,2103,208314.00
700,700,,*MANUAL*,36,1406,74,207.00,93.74,40.34,2969,278312.00
701,701,,*MANUAL*,38,1384,80,229.00,125.21,53.55,2103,263327.00
702,702,,*MANUAL*,40,1371,70,198.00,105.93,36.40,2103,222770.00
703,703,,*MANUAL*,46,1350,59,219.00,112.90,37.70,2103,237427.00
704,704,,*MANUAL*,72,1352,50,209.00,121.52,36.19,2067,251183.00
705,705,,*MANUAL*,57,1352,49,234.00,150.26,29.96,1365,205104.00
706,706,,*MANUAL*,55,1370,48,245.00,141.50,36.45,1746,247061.00
707,707,,*MANUAL*,56,1386,45,208.00,120.69,39.71,1853,223639.00
708,708,,*MANUAL*,73,1372,50,228.00,137.74,36.43,1650,227271.00
709,709,,*MANUAL*,69,1393,42,186.00,105.60,36.74,1892,199796.00
710,710,,*MANUAL*,65,1363,50,228.00,154.92,33.45,1337,207122.00
711,711,,*MANUAL*,64,1380,49,234.00,156.83,36.30,1365,214070.00
712,712,,*MANUAL*$344$363,64,1607,55,172.00,49.08,35.32,5451,267516.00
713,713,,*MANUAL*,61,1576,52,200.00,88.12,37.00,2093,184440.00
714,714,,*MANUAL*,67,1563,50,178.00,84.88,38.41,2103,178510.00
715,715,,*MANUAL*,59,1547,49,206.00,98.18,44.76,2101,206276.00
716,716,,*MANUAL*,69,1535,48,208.00,110.20,43.50,1935,213238.00
717,717,,*MANUAL*,69,1509,48,201.00,99.71,44.96,1891,188559.00
718,718,,*MANUAL*,68,1488,49,230.00,120.78,53.14,1659,200378.00
719,719,,*MANUAL*,60,1517,50,233.00,119.84,44.85,2095,251062.00
720,720,,*MANUAL*,59,1495,50,252.00,126.58,56.64,2103,266198.00
721,721,,*MANUAL*,63,1529,41,175.00,62.90,34.69,2103,132289.00
722,722,,*MANUAL*,63,1402,36,156.00,57.47,26.41,2103,120861.00
723,723,,*MANUAL*,63,1363,38,163.00,50.42,29.56,2969,149696.00
724,724,,*MANUAL*,64,1593,105,204.00,93.50,45.37,2103,196632.00
725,725,,*MANUAL*,59,1577,103,200.00,95.03,45.98,2103,199858.00
726,726,,*MANUAL*,71,1561,104,205.00,99.22,44.66,2103,208669.00
727,727,,*MANUAL*,73,1534,104,214.00,107.19,40.44,2027,217278.00
728,728,,*MANUAL*,72,1512,104,201.00,105.38,37.40,2103,221623.00
729,729,,*MANUAL*,57,1544,103,219.00,106.17,51.77,1655,175710.00
730,730,,*MANUAL*,64,1547,109,215.00,97.58,44.77,2103,205209.00
731,731,,*MANUAL*$338$316,64,1432,111,150.00,55.81,31.07,4843,270278.00
732,732,,*MANUAL*,63,1389,114,194.00,60.72,26.52,4117,249992.00
733,733,,*MANUAL*,64,1299,124,117.00,48.04,21.40,2969,142640.00
734,734,,*MANUAL*,78,1402,63,203.00,102.92,44.66,2103,216431.00
735,735,,*MANUAL*,63,1415,98,231.00,131.82,41.57,1617,213146.00
736,736,,*MANUAL*,54,1417,93,219.00,107.79,36.75,2103,226677.00
737,737,,*MANUAL*,71,1421,93,209.00,103.64,32.32,2103,217958.00
738,738,,*MANUAL*,70,1421,53,158.00,79.29,28.33,1978,156835.00
739,739,,*MANUAL*,55,1416,52,202.00,93.94,47.36,1939,182147.00
740,740,,*MANUAL*,54,1431,66,241.00,143.35,39.51,1247,178757.00
741,741,,*MANUAL*,48,1423,59,243.00,139.93,48.89,2103,294274.00
742,742,,*MANUAL*,72,1431,68,229.00,132.68,38.52,1340,177796.00
743,743,,*MANUAL*,79,1422,61,221.00,117.12,36.09,2103,246302.00
744,744,,*MANUAL*,60,1432,96,238.00,130.84,39.42,1291,168920.00
745,745,,*MANUAL*,57,1441,92,254.00,177.20,43.75,1130,200241.00
746,746,,*MANUAL*,50,1444,70,252.00,165.17,41.26,1300,214720.00
747,747,,*MANUAL*,52,1445,60,253.00,165.15,46.34,899,148466.00
748,748,,*MANUAL*,72,1445,61,249.00,143.08,48.18,1060,151665.00
749,749,,*MANUAL*,74,1444,73,253.00,121.75,57.35,2103,256039.00
750,750,,*MANUAL*,50,1442,84,254.00,98.94,44.05,2103,208063.00
751,751,,*MANUAL*,63,1534,95,210.00,106.09,37.64,1717,182163.00
752,752,,*MANUAL*,77,1534,66,212.00,107.45,47.67,1963,210930.00
753,753,,*MANUAL*,54,1572,68,241.00,105.24,56.61,2103,221330.00
754,754,,*MANUAL*,53,1557,67,235.00,95.60,55.57,2103,201055.00
755,755,,*MANUAL*,50,1531,68,243.00,137.17,61.05,796,109191.00
756,756,,*MANUAL*$222$212,53,1486,75,150.00,61.58,32.79,4469,275223.00
757,757,,*MANUAL*,56,1535,65,252.00,104.22,47.22,2640,275140.00
758,758,,*MANUAL*,69,1540,63,203.00,77.54,27.82,2103,163073.00
759,759,,*MANUAL*,69,1528,91,193.00,73.41,28.21,2103,154387.00
760,760,,*MANUAL*,57,1509,90,109.00,51.00,15.66,2103,107256.00
761,761,,*MANUAL*,85,1228,102,217.00,117.03,37.64,1365,159750.00
762,762,,*MANUAL*,90,1234,89,162.00,92.36,34.59,2103,194232.00
763,763,,*MANUAL*,86,1215,94,179.00,92.80,32.81,2102,195071.00
764,764,,*MANUAL*,80,1224,85,180.00,115.98,24.56,1247,144628.00
765,765,,*MANUAL*,89,1208,69,172.00,89.54,37.32,2071,185437.00
766,766,,*MANUAL*,82,1210,79,201.00,121.59,31.06,1339,162806.00
767,767,,*MANUAL*,88,1296,97,160.00,85.99,30.28,2101,180675.00
768,768,,*MANUAL*,89,1314,93,174.00,85.56,33.07,2101,179764.00
769,769,,*MANUAL*,83,1309,109,186.00,101.22,36.88,2078,210335.00
770,770,,*MANUAL*,89,1251,96,132.00,76.98,23.85,2969,228544.00
771,771,,*MANUAL*,63,1326,117,192.00,111.05,31.92,2103,233537.00
772,772,,*MANUAL*,68,1307,110,186.00,119.97,26.66,1896,227462.00
773,773,,*MANUAL*,71,1284,113,151.00,88.08,26.11,2938,258779.00
774,774,,*MANUAL*,57,1312,110,204.00,131.20,33.46,2103,275908.00
775,775,,*MANUAL*,54,1289,112,177.00,105.25,24.00,2103,221339.00
776,776,,*MANUAL*,59,1266,111,164.00,90.42,26.42,2969,268454.00
777,777,,*MANUAL*,75,1268,105,169.00,102.83,34.79,2103,216244.00
778,778,,*MANUAL*,78,1285,99,154.00,99.95,26.19,2103,210200.00
779,779,,*MANUAL*,70,1246,114,158.00,80.91,30.18,2969,240226.00
780,780,,*MANUAL*,72,1229,98,204.00,123.75,32.06,1365,168920.00
781,781,,*MANUAL*,71,1215,107,218.00,131.43,37.13,1365,179407.00
782,782,,*MANUAL*,56,1242,105,190.00,122.08,25.59,1877,229153.00
783,783,,*MANUAL*,56,1221,102,229.00,139.69,37.51,2103,293760.00
784,784,,*MANUAL*,36,1204,68,223.00,128.02,38.85,1343,171931.00
785,785,,*MANUAL*,43,1206,79,243.00,154.50,39.73,1197,184936.00
786,786,,*MANUAL*,38,1221,75,233.00,128.27,40.31,1357,174068.00
787,787,,*MANUAL*,38,1237,74,196.00,105.97,36.23,2103,222852.00
788,788,,*MANUAL*,47,1227,81,240.00,148.90,34.09,1229,182998.00
789,789,,*MANUAL*,35,1311,72,225.00,127.00,45.55,2103,267078.00
790,790,,*MANUAL*,36,1277,70,206.00,108.04,41.19,1809,195447.00
791,791,,*MANUAL*,37,1277,90,192.00,91.31,36.16,2938,268260.00
792,792,,*MANUAL*,36,1341,89,216.00,96.85,49.90,1963,190125.00
793,793,,*MANUAL*,38,1301,93,224.00,109.53,35.92,1991,218078.00
794,794,,*MANUAL*,44,1289,99,181.00,106.54,31.76,2083,221926.00
795,795,,*MANUAL*,49,1276,97,205.00,110.67,42.88,2103,232736.00
796,796,,*MANUAL*,51,1237,95,201.00,127.73,30.34,2103,268618.00
797,797,,*MANUAL*,46,1314,84,214.00,115.84,44.52,1317,152567.00
798,798,,*MANUAL*,48,1306,97,218.00,134.07,27.27,1365,183008.00
799,799,,*MANUAL*,48,1325,96,253.00,156.72,46.83,1167,182896.00
800,800,,*MANUAL*,55,1326,101,253.00,161.40,54.54,1365,220308.00
801,801,,*MANUAL*,69,1326,100,245.00,146.42,42.90,1273,186393.00
802,802,,*MANUAL*,78,1321,97,223.00,141.39,31.35,1365,192995.00
803,803,,*MANUAL*,76,1301,102,210.00,126.74,23.83,1365,172994.00
804,804,,*MANUAL*,82,1316,61,201.00,109.90,33.75,2003,220137.00
805,805,,*MANUAL*,44,1317,55,222.00,122.78,45.88,1347,165378.00
806,806,,*MANUAL*,45,1297,54,209.00,100.61,47.25,2103,211586.00
807,807,,*MANUAL*,50,1267,63,224.00,130.00,32.52,1300,169005.00
808,808,,*MANUAL*,42,1275,63,218.00,139.73,32.90,1365,190730.00
809,809,,*MANUAL*,59,1277,63,227.00,143.15,32.62,1290,184662.00
810,810,,*MANUAL*,71,1279,63,220.00,128.44,35.85,2103,270110.00
811,811,,*MANUAL*,63,1294,66,229.00,145.13,34.41,1201,174299.00
812,812,,*MANUAL*,70,1295,59,222.00,147.51,28.17,1355,199872.00
813,813,,*MANUAL*,58,1296,55,228.00,148.02,34.71,1365,202052.00
814,814,,*MANUAL*,73,1310,59,212.00,148.21,26.83,1222,181111.00
815,815,,*MANUAL*,63,1310,59,210.00,152.74,24.88,1153,176109.00
816,816,,*MANUAL*,53,1310,59,249.00,161.69,35.99,1365,220709.00
817,817,,*MANUAL*,50,1320,74,243.00,145.15,31.95,1299,188552.00
818,818,,*MANUAL*,54,1322,64,239.00,144.58,41.53,1365,197357.00
819,819,,*MANUAL*,70,1323,64,226.00,133.64,41.29,1351,180553.00
820,820,,*MANUAL*,76,1317,73,211.00,120.06,41.96,1365,163876.00
821,821,,*MANUAL*,79,1243,85,155.00,86.59,30.66,2103,182099.00
822,822,,*MANUAL*,56,1222,82,207.00,102.02,32.00,2087,212922.00
823,823,,*MANUAL*,71,1218,81,173.00,90.45,24.29,2103,190220.00
824,824,,*MANUAL*,63,1219,66,156.00,76.49,29.63,2103,160849.00
825,825,,*MANUAL*,69,1188,65,196.00,116.92,30.10,1125,131532.00
826,826,,*MANUAL*,58,1188,65,217.00,121.64,30.72,2103,255802.00
827,827,,*MANUAL*,52,1201,79,248.00,108.13,42.02,2103,227400.00
828,828,,*MANUAL*,69,1199,92,168.00,98.75,24.57,1946,192169.00
829,829,,*MANUAL*,58,1199,94,163.00,94.35,26.22,2103,198411.00
830,830,,*MANUAL*,78,1161,101,182.00,98.95,34.58,2103,208102.00
831,831,,*MANUAL*,82,1136,89,124.00,62.83,22.92,1850,116231.00
832,832,,*MANUAL*,68,1099,64,179.00,85.71,40.44,1919,164482.00
833,833,,*MANUAL*,62,1107,58,221.00,106.42,45.20,2103,223800.00
834,834,,*MANUAL*$138$152,49,1048,102,120.00,35.03,17.31,8128,284685.00
835,835,,*MANUAL*,71,1001,63,66.00,28.95,10.44,4051,117257.00
836,836,,*MANUAL*,66,929,56,76.00,24.69,10.73,4139,102192.00
837,837,,*MANUAL*,60,830,64,50.00,21.26, 8.31,4139,87998.00
838,838,,*MANUAL*,62,999,108,60.00,26.12, 8.05,4139,108123.00
839,839,,*MANUAL*,66,923,101,58.00,22.87, 9.51,3951,90346.00
840,840,,*MANUAL*,64,854,99,68.00,26.44, 9.26,3917,103565.00
841,841,,*MANUAL*,63,506,99,71.00,29.58,11.31,3873,114573.00
842,842,,*MANUAL*,76,372,93,68.00,26.60,11.92,4139,110105.00
843,843,,*MANUAL*,65,545,69,57.00,23.53, 8.44,4139,97403.00
844,844,,*MANUAL*,61,464,70,73.00,28.11,10.80,4055,113974.00
845,845,,*MANUAL*,55,381,70,108.00,39.47,16.93,3948,155817.00
846,846,,*MANUAL*,63,458,56,152.00,73.78,32.49,2103,155162.00
847,847,,*MANUAL*,63,432,57,157.00,75.23,35.03,2969,223359.00
848,848,,*MANUAL*,64,839,42,186.00,103.65,36.57,1343,139208.00
849,849,,*MANUAL*,60,1173,37,169.00,83.32,34.62,1933,161053.00
850,850,,*MANUAL*,68,1175,44,196.00,124.27,28.21,1365,169633.00
851,851,,*MANUAL*,69,1213,46,209.00,117.12,34.10,1288,150852.00
852,852,,*MANUAL*,59,1217,48,206.00,127.45,34.57,1365,173969.00
853,853,,*MANUAL*,72,1229,54,203.00,120.97,35.59,1301,157385.00
854,854,,*MANUAL*,68,1228,44,207.00,117.72,44.19,1071,126075.00
855,855,,*MANUAL*,60,1232,47,230.00,136.67,41.39,1365,186559.00
856,856,,*MANUAL*,55,1242,56,230.00,120.77,32.91,1365,164848.00
857,857,,*MANUAL*,47,1211,64,194.00,97.41,35.32,2103,204855.00
858,858,,*MANUAL*$610$621$609,86,1561,76,133.00,42.71,22.49,6073,259384.00
859,859,,*MANUAL*$660$638,92,1470,74,143.00,48.31,25.84,4449,214947.00
860,860,*NOUSE*,*NOUSE*,0,0,0,0,0,0,0,0
861,861,,*MANUAL*,90,1199,84,127.00,52.91,18.06,2969,157085.00
862,862,,*MANUAL*,83,1202,106,126.00,63.02,20.35,2969,187093.00
863,863,,*MANUAL*,93,1142,90,116.00,34.85,19.37,4139,144248.00
864,864,,*MANUAL*$634$607,87,888,55,110.00,41.50,22.54,5449,226121.00
865,865,,*MANUAL*$580$586,85,823,64,106.00,32.90,17.44,6541,215183.00
866,866,,*MANUAL*$581$557,83,764,64,119.00,41.36,22.92,5064,209435.00
867,867,,*MANUAL*$538$549,81,560,71,107.00,36.13,19.01,6547,236565.00
868,868,,*MANUAL*$537$547,81,470,66,114.00,36.76,20.22,5883,216233.00
869,869,,*MANUAL*$632$622$623,86,779,92,95.00,30.53,14.92,6805,207726.00
870,870,,*MANUAL*$603$614,85,644,92,110.00,32.13,16.91,5760,185081.00
871,871,,*MANUAL*$591$600$602,84,525,92,101.00,31.38,15.34,6416,201316.00
872,872,,*MANUAL*,86,855,98,149.00,88.43,23.81,1365,120703.00
873,873,,*MANUAL*$93$105,44,1572,79,153.00,45.62,28.57,6479,295594.00
874,874,,*MANUAL*,35,1345,76,209.00,60.73,31.04,4139,251380.00
875,875,,*MANUAL*$2$9,34,1198,84,129.00,50.30,26.04,5242,263672.00
876,876,,*MANUAL*$29$30,37,1120,66,92.00,36.40,16.20,7024,255683.00
877,877,,*MANUAL*$67$55$68,41,935,70,118.00,38.29,21.51,6802,260467.00
878,878,,*MANUAL*$76$56$77,40,646,74,131.00,39.61,23.72,6170,244372.00
879,879,,*MANUAL*$83$84,43,579,72,143.00,40.86,24.39,5892,240776.00
880,880,,*MANUAL*$118$106,45,437,81,105.00,34.21,18.07,6325,216390.00
881,881,,*MANUAL*$48$60,39,980,91,104.00,33.75,17.73,7486,252624.00
882,882,,*MANUAL*$50$52,38,741,93,128.00,37.45,20.75,6906,258664.00
883,883,,*MANUAL*$79$87,42,608,95,110.00,35.41,19.67,7513,266003.00
884,884,,*MANUAL*$124$109,45,479,95,106.00,33.74,16.67,6175,208315.00
885,885,,*MANUAL*,44,865,99,198.00,108.18,37.18,1365,147664.00
886,886,,*MANUAL*,69,104,78,65.00,25.56,11.93,2092,53468.00
887,887,,*MANUAL*,67,89,82,75.00,29.11,14.75,2969,86414.00
888,888,,*MANUAL*,67,65,83,58.00,23.50,12.89,2969,69783.00
889,889,,*MANUAL*,73,138,87,57.00,21.53,10.68,1891,40721.00
890,890,,*MANUAL*,65,140,81,76.00,37.22,12.93,2103,78278.00
891,891,,*MANUAL*,73,212,90,76.00,29.76,13.02,4116,122487.00
892,892,,*MANUAL*,57,208,92,91.00,29.71,14.34,4139,122959.00
893,893,,*MANUAL*,69,210,74,97.00,55.52,16.83,1365,75785.00
894,894,,*MANUAL*,70,237,83,128.00,72.11,20.85,1347,97129.00
895,895,,*MANUAL*,76,278,83,122.00,60.63,24.95,2103,127508.00
896,896,,*MANUAL*,76,319,77,129.00,69.19,23.50,1937,134017.00
897,897,,*MANUAL*,75,337,73,143.00,85.93,22.98,1351,116095.00
898,898,,*MANUAL*,56,241,87,124.00,65.37,21.18,2103,137465.00
899,899,,*MANUAL*,50,281,89,127.00,68.92,20.64,2089,143983.00
900,900,,*MANUAL*,70,294,95,110.00,66.12,15.80,2103,139045.00
901,901,,*MANUAL*,63,274,91,127.00,74.25,18.92,2093,155410.00
902,902,,*MANUAL*,64,258,99,147.00,73.84,25.36,2103,155288.00
903,903,,*MANUAL*,75,267,92,157.00,80.06,24.74,1365,109288.00
904,904,,*MANUAL*,56,293,104,106.00,49.93,25.19,2103,105012.00
905,905,,*MANUAL*,57,247,72,124.00,57.92,25.84,1984,114914.00
906,906,,*MANUAL*,68,243,71,119.00,60.15,22.84,2103,126499.00
907,907,,*MANUAL*,65,315,73,126.00,80.67,24.38,2103,169645.00
908,908,,*MANUAL*,64,336,67,179.00,108.70,26.11,1349,146633.00
909,909,,*MANUAL*,51,334,70,167.00,89.24,31.96,2103,187662.00
910,910,,*MANUAL*,45,374,73,118.00,49.85,30.39,2103,104837.00
911,911,,*MANUAL*,55,333,91,101.00,51.95,16.62,2747,142714.00
912,912,,*MANUAL*$564$594,83,1428,101,149.00,56.20,25.77,4542,255270.00
913,913,,*MANUAL*$554$553,77,1347,117,164.00,58.50,31.90,3949,231036.00
914,914,,*MANUAL*$642$583,85,1355,107,158.00,55.89,29.54,4367,244093.00
915,915,,*MANUAL*$438$437,71,1226,121,168.00,67.77,31.07,4815,326331.00
916,916,,*MANUAL*,61,1204,113,201.00,108.13,30.39,1916,207181.00
917,917,,*MANUAL*$518$531,78,1143,116,148.00,45.81,26.98,6133,280926.00
918,918,,*MANUAL*$530$495,77,1030,116,168.00,47.02,31.68,5711,268534.00
919,919,,*MANUAL*$566$567,82,956,110,139.00,44.82,28.33,5767,258456.00
920,920,,*MANUAL*$516$494,78,900,112,161.00,47.12,32.97,5659,266652.00
921,921,,*MANUAL*$501$528,77,821,108,142.00,45.19,28.82,5457,246626.00
922,922,*NOUSE*,*NOUSE*,0,0,0,0,0,0,0,0
923,923,,*MANUAL*$485$922,75,596,109,156.00,48.50,33.66,5693,276118.00
924,924,,*MANUAL*,75,505,107,147.00,55.26,31.65,2969,164078.00
925,925,,*MANUAL*$185$168,48,1505,100,135.00,60.23,28.67,4448,267903.00
926,926,,*MANUAL*$80$88,43,1424,101,173.00,65.72,32.97,4467,293582.00
927,927,,*MANUAL*,51,1362,114,218.00,74.19,47.14,2103,156023.00
928,928,,*MANUAL*,51,1202,118,190.00,93.78,41.12,2103,197228.00
929,929,,*MANUAL*$188$189,51,1168,116,184.00,54.18,35.79,4811,260649.00
930,930,,*MANUAL*,56,921,113,167.00,62.10,40.59,4139,257020.00
931,931,,*MANUAL*,53,853,108,201.00,69.12,38.01,2969,205218.00
932,932,,*MANUAL*,51,712,110,194.00,53.01,45.94,4139,219389.00
933,933,,*MANUAL*$236$235,55,567,109,156.00,49.33,34.48,5652,278822.00
934,934,,*MANUAL*$606$576,84,1527,59,145.00,51.58,28.57,4668,240761.00
935,935,,*MANUAL*,79,1494,51,184.00,60.83,35.47,2969,180617.00
936,936,,*MANUAL*$604$595,85,1417,49,143.00,54.97,26.81,4493,246979.00
937,937,,*MANUAL*,78,1369,43,200.00,67.67,43.81,2103,142307.00
938,938,,*MANUAL*$584$605,86,1334,54,135.00,49.64,26.67,4651,230870.00
939,939,*NOUSE*,*NOUSE*,0,0,0,0,0,0,0,0
940,940,,*MANUAL*$488$502,75,1140,43,158.00,54.14,33.56,4962,268635.00
941,941,,*MANUAL*,73,1003,47,155.00,67.13,33.79,2969,199307.00
942,942,,*MANUAL*,79,944,52,142.00,73.33,24.49,2103,154219.00
943,943,,*MANUAL*,75,836,50,151.00,62.21,32.11,4139,257499.00
944,944,,*MANUAL*,71,658,59,155.00,80.75,28.36,2103,169816.00
945,945,,*MANUAL*$442$415,72,528,57,139.00,42.52,25.99,5695,242149.00
946,946,,*MANUAL*,43,1534,60,174.00,67.06,38.06,2103,141031.00
947,947,,*MANUAL*,47,1502,52,164.00,73.52,34.69,1365,100357.00
948,948,,*MANUAL*$140$126,48,1464,48,159.00,60.38,33.59,4145,250293.00
949,949,,*MANUAL*,48,1362,45,210.00,81.18,42.79,2103,170728.00
950,950,,*MANUAL*$176$158,50,1112,47,167.00,53.37,33.13,4390,234300.00
951,951,,*MANUAL*$206$205,54,927,48,156.00,49.71,33.93,4990,248068.00
952,952,,*MANUAL*,50,736,72,173.00,66.47,25.81,4139,275099.00
953,953,,*MANUAL*,81,702,66,180.00,89.48,42.75,2103,188180.00
954,954,,*MANUAL*$350$328$346,65,707,65,187.00,47.50,28.43,11272,535387.00
955,955,,*MANUAL*,46,332,100,79.00,20.76,14.67,4139,85921.00
956,956,,*MANUAL*,78,310,96,87.00,24.23,14.45,4139,100281.00
957,957,,*MANUAL*,74,1254,46,156.00,70.99,32.10,1652,117283.00
958,958,,*MANUAL*,66,1263,45,157.00,83.53,27.20,2103,175654.00
959,959,,*MANUAL*,54,1402,111,207.00,94.31,43.39,2103,198344.00
960,960,,*MANUAL*,91,1351,77,159.00,57.44,24.84,3654,209868.00
961,961,,*MANUAL*,83,1358,79,172.00,83.23,32.54,2103,175038.00
962,962,,*MANUAL*,72,1249,58,109.00,44.63,14.77,4139,184706.00
963,963,,*MANUAL*,46,1357,81,205.00,115.99,35.40,1365,158323.00
964,964,,*MANUAL*,62,1443,57,247.00,110.61,52.03,2969,328402.00
965,965,,*MANUAL*$429$447,72,1489,72,148.00,55.16,29.41,5381,296800.00
966,966,,*MANUAL*,82,1296,67,224.00,114.61,41.36,1365,156438.00
967,967,f1,*MANUAL*,65,1628,82, 4.00, 0.28, 0.62,895,254.00
968,968,f2,*MANUAL*,64,1552,81,11.00, 3.74, 1.80,895,3343.00
969,969,f3,*MANUAL*,64,1422,74,79.00,21.98, 8.67,895,19673.00
970,970,f4,*MANUAL*,63,1349,75,18.00, 6.10, 2.62,895,5460.00
971,971,f5,*MANUAL*,64,1274,74,75.00,18.33, 8.40,895,16408.00
972,972,f6,*MANUAL*,64,1158,75,22.00, 8.22, 3.11,895,7354.00
973,973,f7,*MANUAL*,64,1053,83,11.00, 3.25, 1.82,895,2910.00
974,974,f8,*MANUAL*,64,757,84, 8.00, 1.77, 1.41,895,1587.00
975,975,f9,*MANUAL*,62,691,84, 5.00, 1.04, 0.96,895,930.00
976,976,f10,*MANUAL*,63,530,88, 6.00, 1.38, 1.25,895,1235.00
