0,0,*NOUSE*,*NOUSE*,0,0,0,0,0,0,0,0
1,1,,,42,1223,57,146.00,41.23,27.74,6280,258913.00
2,2,*NOUSE*,*NOUSE*,0,0,0,0,0,0,0,0
3,3,,,41,1066,64,101.00,40.61,19.62,4152,168624.00
4,4,,,45,554,78,96.00,28.02,20.89,8844,247806.00
5,5,*NOUSE*,*NOUSE*,0,0,0,0,0,0,0,0
6,6,,,42,870,87,108.00,34.44,23.80,5256,181032.00
7,7,*NOUSE*,*NOUSE*,0,0,0,0,0,0,0,0
8,8,*NOUSE*,*NOUSE*,0,0,0,0,0,0,0,0
9,9,*NOUSE*,*NOUSE*,0,0,0,0,0,0,0,0
10,10,*NOUSE*,*NOUSE*,0,0,0,0,0,0,0,0
11,11,*NOUSE*,*NOUSE*,0,0,0,0,0,0,0,0
12,12,*NOUSE*,*NOUSE*,0,0,0,0,0,0,0,0
13,13,*NOUSE*,*NOUSE*,0,0,0,0,0,0,0,0
14,14,*NOUSE*,*NOUSE*,0,0,0,0,0,0,0,0
15,15,*NOUSE*,*NOUSE*,0,0,0,0,0,0,0,0
16,16,,,47,1409,67,111.00,33.41,23.78,5943,198544.00
17,17,,,44,604,71,98.00,36.05,19.69,4348,156758.00
18,18,,,45,1002,60,148.00,36.44,21.49,5695,207540.00
19,19,*NOUSE*,*NOUSE*,0,0,0,0,0,0,0,0
20,20,*NOUSE*,*NOUSE*,0,0,0,0,0,0,0,0
21,21,*NOUSE*,*NOUSE*,0,0,0,0,0,0,0,0
22,22,,,41,919,71,92.00,52.86,12.37,1024,54128.00
23,23,*NOUSE*,*NOUSE*,0,0,0,0,0,0,0,0
24,24,*NOUSE*,*NOUSE*,0,0,0,0,0,0,0,0
25,25,*NOUSE*,*NOUSE*,0,0,0,0,0,0,0,0
26,26,*NOUSE*,*NOUSE*,0,0,0,0,0,0,0,0
27,27,,,47,520,65,96.00,39.43,20.02,4200,165623.00
28,28,,,47,1301,75,186.00,78.36,39.51,4027,315568.00
29,29,*NOUSE*,*NOUSE*,0,0,0,0,0,0,0,0
30,30,*NOUSE*,*NOUSE*,0,0,0,0,0,0,0,0
31,31,,,45,1306,66,211.00,130.32,37.29,793,103340.00
32,32,*NOUSE*,*NOUSE*,0,0,0,0,0,0,0,0
33,33,,,50,460,76,112.00,32.85,23.06,6853,225092.00
34,34,*NOUSE*,*NOUSE*,0,0,0,0,0,0,0,0
35,35,*NOUSE*,*NOUSE*,0,0,0,0,0,0,0,0
36,36,*NOUSE*,*NOUSE*,0,0,0,0,0,0,0,0
37,37,*NOUSE*,*NOUSE*,0,0,0,0,0,0,0,0
38,38,,,49,1250,81,215.00,102.55,40.54,2061,211358.00
39,39,,,49,409,62,110.00,42.68,19.36,3235,138067.00
40,40,,NO,50,1347,52,158.00,66.83,32.29,2855,190812.00
41,41,,,50,479,59,101.00,37.25,17.69,4025,149912.00
42,42,*NOUSE*,*NOUSE*,0,0,0,0,0,0,0,0
43,43,,,49,1219,79,166.00,82.36,35.18,2028,167027.00
44,44,*NOUSE*,*NOUSE*,0,0,0,0,0,0,0,0
45,45,*NOUSE*,*NOUSE*,0,0,0,0,0,0,0,0
46,46,,,49,1264,47,236.00,193.09,15.23,56,10813.00
47,47,*NOUSE*,*NOUSE*,0,0,0,0,0,0,0,0
48,48,*NOUSE*,*NOUSE*,0,0,0,0,0,0,0,0
49,49,*NOUSE*,*NOUSE*,0,0,0,0,0,0,0,0
50,50,*NOUSE*,*NOUSE*,0,0,0,0,0,0,0,0
51,51,,,59,1131,80,170.00,88.93,29.21,2192,194936.00
52,52,*NOUSE*,*NOUSE*,0,0,0,0,0,0,0,0
53,53,,,63,123,72,125.00,30.77,27.12,5171,159113.00
54,54,*NOUSE*,*NOUSE*,0,0,0,0,0,0,0,0
55,55,*NOUSE*,*NOUSE*,0,0,0,0,0,0,0,0
56,56,*NOUSE*,*NOUSE*,0,0,0,0,0,0,0,0
57,57,*NOUSE*,*NOUSE*,0,0,0,0,0,0,0,0
58,58,,,58,176,63,110.00,71.22,16.23,295,21010.00
59,59,,,64,95,71,105.00,24.65,21.94,6412,158034.00
60,60,*NOUSE*,*NOUSE*,0,0,0,0,0,0,0,0
61,61,*NOUSE*,*NOUSE*,0,0,0,0,0,0,0,0
62,62,*NOUSE*,*NOUSE*,0,0,0,0,0,0,0,0
63,63,*NOUSE*,*NOUSE*,0,0,0,0,0,0,0,0
64,64,*NOUSE*,*NOUSE*,0,0,0,0,0,0,0,0
65,65,*NOUSE*,*NOUSE*,0,0,0,0,0,0,0,0
66,66,*NOUSE*,*NOUSE*,0,0,0,0,0,0,0,0
67,67,*NOUSE*,*NOUSE*,0,0,0,0,0,0,0,0
68,68,,,66,176,76,124.00,39.40,24.38,4988,196535.00
69,69,,,66,1423,91,165.00,51.58,36.97,5358,276378.00
70,70,,,67,1295,98,137.00,45.88,29.57,6263,287326.00
71,71,*NOUSE*,*NOUSE*,0,0,0,0,0,0,0,0
72,72,*NOUSE*,*NOUSE*,0,0,0,0,0,0,0,0
73,73,*NOUSE*,*NOUSE*,0,0,0,0,0,0,0,0
74,74,,,68,1373,35,203.00,59.04,38.30,4284,252910.00
75,75,,,68,1347,34,184.00,57.95,41.33,3317,192219.00
76,76,,,67,200,69,118.00,36.89,26.79,4784,176464.00
77,77,,,67,224,76,151.00,47.58,30.37,4479,213094.00
78,78,*NOUSE*,*NOUSE*,0,0,0,0,0,0,0,0
79,79,*NOUSE*,*NOUSE*,0,0,0,0,0,0,0,0
80,80,,,69,1318,34,155.00,47.72,32.77,4241,202367.00
81,81,*NOUSE*,*NOUSE*,0,0,0,0,0,0,0,0
82,82,,,70,1289,32,189.00,70.73,41.21,3862,273144.00
83,83,,,70,1264,29,163.00,45.70,26.67,4796,219186.00
84,84,,,65,1383,91,189.00,115.90,28.47,1281,148471.00
85,85,*NOUSE*,*NOUSE*,0,0,0,0,0,0,0,0
86,86,,,66,1162,107,172.00,108.55,23.79,862,93572.00
87,87,,,74,242,58,120.00,46.82,20.35,3572,167243.00
88,88,,,69,312,60,203.00,127.47,26.42,605,77119.00
89,89,*NOUSE*,*NOUSE*,0,0,0,0,0,0,0,0
90,90,*NOUSE*,*NOUSE*,0,0,0,0,0,0,0,0
91,91,,,75,260,64,174.00,134.13,17.99,549,73636.00
92,92,*NOUSE*,*NOUSE*,0,0,0,0,0,0,0,0
93,93,*NOUSE*,*NOUSE*,0,0,0,0,0,0,0,0
94,94,*NOUSE*,*NOUSE*,0,0,0,0,0,0,0,0
95,95,*NOUSE*,*NOUSE*,0,0,0,0,0,0,0,0
96,96,*NOUSE*,*NOUSE*,0,0,0,0,0,0,0,0
97,97,,,82,571,83,146.00,49.75,30.30,5500,273600.00
98,98,*NOUSE*,*NOUSE*,0,0,0,0,0,0,0,0
99,99,*NOUSE*,*NOUSE*,0,0,0,0,0,0,0,0
100,100,*NOUSE*,*NOUSE*,0,0,0,0,0,0,0,0
101,101,*NOUSE*,*NOUSE*,0,0,0,0,0,0,0,0
102,102,*NOUSE*,*NOUSE*,0,0,0,0,0,0,0,0
103,103,*NOUSE*,*NOUSE*,0,0,0,0,0,0,0,0
104,104,,,85,352,66,147.00,58.27,29.47,4014,233900.00
105,105,,,87,795,89,155.00,40.83,30.05,5743,234458.00
106,106,*NOUSE*,*NOUSE*,0,0,0,0,0,0,0,0
107,107,*NOUSE*,*NOUSE*,0,0,0,0,0,0,0,0
108,108,,,86,1421,66,202.00,45.24,30.52,6114,276619.00
109,109,,,87,1317,77,231.00,86.15,49.03,4343,374154.00
110,110,,,88,742,85,130.00,30.69,23.29,6959,213544.00
111,111,*NOUSE*,*NOUSE*,0,0,0,0,0,0,0,0
112,112,,,84,1255,81,213.00,123.05,33.43,1418,174485.00
113,113,*NOUSE*,*NOUSE*,0,0,0,0,0,0,0,0
114,114,*NOUSE*,*NOUSE*,0,0,0,0,0,0,0,0
115,115,*NOUSE*,*NOUSE*,0,0,0,0,0,0,0,0
116,116,,,89,1343,58,189.00,85.44,41.15,2896,247424.00
117,117,*NOUSE*,*NOUSE*,0,0,0,0,0,0,0,0
118,118,*NOUSE*,*NOUSE*,0,0,0,0,0,0,0,0
119,119,*NOUSE*,*NOUSE*,0,0,0,0,0,0,0,0
120,120,,,91,995,75,134.00,36.18,23.69,7339,265491.00
121,121,*NOUSE*,*NOUSE*,0,0,0,0,0,0,0,0
122,122,,,90,876,90,138.00,42.45,28.74,5564,236216.00
123,123,*NOUSE*,*NOUSE*,0,0,0,0,0,0,0,0
124,124,*NOUSE*,*NOUSE*,0,0,0,0,0,0,0,0
125,125,*NOUSE*,*NOUSE*,0,0,0,0,0,0,0,0
126,126,*NOUSE*,*NOUSE*,0,0,0,0,0,0,0,0
127,127,*NOUSE*,*NOUSE*,0,0,0,0,0,0,0,0
128,128,,,91,974,73,118.00,39.47,23.69,5539,218634.00
129,129,*NOUSE*,*NOUSE*,0,0,0,0,0,0,0,0
130,130,,,86,1219,79,208.00,143.77,28.64,424,60959.00
131,131,*NOUSE*,*NOUSE*,0,0,0,0,0,0,0,0
132,132,,,90,1278,72,227.00,107.97,47.43,2449,264419.00
133,133,,,90,1265,45,232.00,150.27,42.35,1131,169951.00
134,134,,,93,1079,48,151.00,66.40,26.60,4016,266643.00
135,135,,,93,1289,67,249.00,111.25,55.93,2893,321846.00
136,136,*NOUSE*,*NOUSE*,0,0,0,0,0,0,0,0
137,137,,,90,1301,74,201.00,117.58,36.12,1087,127805.00
138,138,,,88,1335,76,242.00,165.22,32.06,649,107226.00
139,139,,,94,1318,63,168.00,70.40,30.15,3318,233600.00
140,140,,,95,1234,64,200.00,73.64,40.81,6214,457615.00
141,141,,,94,1053,69,125.00,44.84,24.68,5834,261620.00
142,142,,*MANUAL*,89,1023,83,225.00,121.45,41.52,895,108695.00
143,143,,*MANUAL*,90,1045,84,183.00,116.97,33.20,895,104691.00
144,144,,*MANUAL*,91,1067,81,214.00,136.58,28.95,893,121969.00
145,145,,*MANUAL*,90,1077,75,233.00,153.32,31.03,895,137220.00
146,146,,*MANUAL*,92,1090,75,229.00,145.25,26.69,895,129996.00
147,147,,*MANUAL*,91,1105,79,201.00,143.29,24.77,892,127813.00
148,148,,*MANUAL*,94,1170,73,181.00,124.25,31.31,871,108219.00
149,149,,*MANUAL*,92,1146,80,214.00,150.31,26.41,861,129414.00
150,150,,*MANUAL*,91,1128,77,183.00,112.66,28.80,1330,149843.00
151,151,,*MANUAL*,94,1151,67,197.00,139.09,25.63,895,124483.00
152,152,,*MANUAL*,92,1128,59,158.00,106.43,22.31,895,95252.00
153,153,,*MANUAL*,93,1109,65,231.00,153.62,29.47,880,135190.00
154,154,,*MANUAL*,93,1088,60,218.00,141.94,31.13,895,127036.00
155,155,,*MANUAL*,95,1103,53,227.00,153.85,38.75,895,137692.00
156,156,,*MANUAL*,94,1194,67,221.00,141.25,28.47,785,110882.00
157,157,,*MANUAL*,94,1212,64,208.00,135.76,31.20,895,121506.00
158,158,,*MANUAL*,92,1183,79,233.00,160.01,31.61,889,142252.00
159,159,,*MANUAL*,94,1200,80,214.00,138.81,31.83,895,124233.00
160,160,,*MANUAL*,91,1176,65,205.00,137.29,25.38,895,122872.00
161,161,,*MANUAL*,93,1118,47,246.00,154.02,42.05,895,137852.00
162,162,,*MANUAL*,90,1137,46,198.00,126.13,30.94,895,112890.00
163,163,,*MANUAL*,90,1155,56,233.00,147.76,38.69,895,132248.00
164,164,,*MANUAL*,90,1192,60,250.00,165.62,36.37,861,142599.00
165,165,,*MANUAL*,87,1101,69,222.00,163.08,25.53,889,144978.00
166,166,,*MANUAL*,84,1120,72,209.00,128.54,29.86,895,115046.00
167,167,,*MANUAL*,83,1135,73,224.00,155.71,24.92,895,139357.00
168,168,,*MANUAL*,82,1165,75,195.00,140.20,22.17,895,125476.00
169,169,,*MANUAL*,84,1186,73,240.00,175.82,29.41,611,107423.00
170,170,,*MANUAL*,79,1187,75,243.00,186.33,30.76,675,125772.00
171,171,,*MANUAL*,74,1189,81,249.00,177.96,32.21,895,159273.00
172,172,,*MANUAL*,81,1181,54,178.00,121.40,27.12,895,108656.00
173,173,,*MANUAL*,82,1196,59,252.00,156.80,45.26,895,140336.00
174,174,,*MANUAL*,81,1193,41,187.00,120.57,31.42,855,103088.00
175,175,,*MANUAL*,76,1201,44,203.00,141.32,30.70,895,126480.00
176,176,,*MANUAL*,82,1163,60,211.00,138.09,25.58,895,123593.00
177,177,,*MANUAL*,82,1147,60,166.00,120.34,22.32,895,107704.00
178,178,,*MANUAL*,86,1112,56,218.00,155.95,28.18,895,139576.00
179,179,,*MANUAL*,83,1106,43,225.00,149.60,34.60,895,133889.00
180,180,,*MANUAL*,82,1127,49,182.00,111.01,24.03,895,99355.00
181,181,,*MANUAL*,81,1145,41,174.00,113.49,21.51,895,101578.00
182,182,,*MANUAL*,81,1167,42,150.00,101.20,21.66,895,90573.00
183,183,,*MANUAL*,74,1178,38,184.00,126.81,26.30,895,113498.00
184,184,,*MANUAL*,45,1020,72,164.00,96.48,28.58,895,86352.00
185,185,,*MANUAL*,43,1039,82,154.00,99.81,22.85,895,89331.00
186,186,,*MANUAL*,43,1062,81,155.00,105.42,22.36,895,94351.00
187,187,,*MANUAL*,45,1078,76,185.00,129.15,22.49,893,115331.00
188,188,,*MANUAL*,42,1090,78,166.00,121.34,18.94,895,108599.00
189,189,,*MANUAL*,41,1106,79,160.00,106.40,25.26,895,95228.00
190,190,,*MANUAL*,44,1169,68,146.00,96.74,18.83,895,86586.00
191,191,,*MANUAL*,44,1150,74,168.00,117.44,22.83,895,105112.00
192,192,,*MANUAL*,44,1128,74,137.00,91.24,18.66,871,79471.00
193,193,,*MANUAL*,44,1109,65,167.00,116.82,20.13,895,104556.00
194,194,,*MANUAL*,45,1091,64,188.00,109.12,32.26,895,97659.00
195,195,,*MANUAL*,45,1104,54,163.00,107.30,24.64,895,96030.00
196,196,,*MANUAL*,45,1183,71,202.00,126.49,31.89,895,113210.00
197,197,,*MANUAL*,45,1198,71,182.00,108.06,31.13,883,95416.00
198,198,,*MANUAL*,43,1192,56,161.00,104.28,26.05,885,92290.00
199,199,,*MANUAL*,43,1208,51,164.00,90.92,33.58,895,81373.00
200,200,,*MANUAL*,44,1155,58,132.00,92.92,15.45,895,83166.00
201,201,,*MANUAL*,45,1132,58,130.00,83.48,13.63,895,74716.00
202,202,,*MANUAL*,46,1177,52,164.00,106.84,19.69,895,95620.00
203,203,,*MANUAL*,47,1121,50,185.00,117.49,27.65,895,105154.00
204,204,,*MANUAL*,48,1156,44,179.00,121.66,23.11,895,108889.00
205,205,,*MANUAL*,48,1138,44,177.00,109.74,25.78,895,98217.00
206,206,,*MANUAL*,49,1190,47,204.00,138.67,24.87,839,116346.00
207,207,,*MANUAL*,56,1180,46,185.00,131.82,24.44,895,117979.00
208,208,,*MANUAL*,56,1195,51,225.00,142.46,30.67,895,127499.00
209,209,,*MANUAL*,58,1199,34,217.00,136.35,30.26,895,122029.00
210,210,,*MANUAL*,63,1203,45,216.00,148.62,30.76,895,133015.00
211,211,,*MANUAL*,51,1097,74,182.00,133.69,17.41,893,119386.00
212,212,,*MANUAL*,50,1120,71,169.00,114.97,22.70,895,102899.00
213,213,,*MANUAL*,52,1140,69,177.00,120.72,20.02,895,108048.00
214,214,,*MANUAL*,54,1158,67,161.00,109.08,20.84,895,97627.00
215,215,,*MANUAL*,53,1183,62,178.00,110.41,32.10,895,98814.00
216,216,,*MANUAL*,53,1115,59,191.00,128.47,21.20,895,114984.00
217,217,,*MANUAL*,54,1112,43,184.00,115.91,34.59,895,103742.00
218,218,,*MANUAL*,57,1130,43,152.00,100.79,19.40,895,90208.00
219,219,,*MANUAL*,60,1153,37,143.00,100.73,16.30,895,90154.00
220,220,,*MANUAL*,60,1172,35,163.00,112.27,20.65,895,100485.00
221,221,,*MANUAL*,62,1188,35,186.00,131.67,22.55,895,117844.00
222,222,,*MANUAL*,54,1192,71,203.00,139.75,29.12,895,125072.00
223,223,,*MANUAL*,61,1190,81,206.00,155.38,26.19,895,139062.00
224,224,,*MANUAL*,53,1165,50,154.00,105.21,23.15,895,94159.00
225,225,,*MANUAL*,56,1143,52,157.00,104.94,19.98,895,93925.00
226,226,,*MANUAL*,64,1000,108,159.00,101.41,25.48,895,90766.00
227,227,,*MANUAL*,63,1018,106,172.00,110.45,28.66,895,98854.00
228,228,,*MANUAL*,65,1033,104,178.00,119.34,22.92,839,100128.00
229,229,,*MANUAL*,57,1030,100,213.00,135.11,34.11,895,120922.00
230,230,,*MANUAL*,72,1048,100,207.00,142.91,30.10,864,123476.00
231,231,,*MANUAL*,66,1050,108,197.00,120.84,28.30,861,104046.00
232,232,,*MANUAL*,59,1048,101,195.00,143.38,24.77,895,128323.00
233,233,,*MANUAL*,72,1064,100,229.00,159.81,27.47,885,141428.00
234,234,,*MANUAL*,59,1065,101,217.00,146.18,30.80,885,129366.00
235,235,,*MANUAL*,66,1073,98,232.00,152.56,37.07,895,136544.00
236,236,,*MANUAL*,65,1081,109,170.00,105.84,31.03,895,94725.00
237,237,,*MANUAL*,65,1088,99,233.00,144.85,37.12,895,129639.00
238,238,,*MANUAL*$64$73,64,1106,101,150.00,63.06,29.69,5143,324313.00
239,239,,*MANUAL*$71$78,65,1140,98,194.00,82.68,42.01,4425,365848.00
240,240,,*MANUAL*,55,1152,96,211.00,138.02,26.46,885,122148.00
241,241,,*MANUAL*,54,1169,95,196.00,133.64,24.08,895,119612.00
242,242,,*MANUAL*,52,1184,86,233.00,145.69,27.81,860,125293.00
243,243,,*MANUAL*,62,1160,93,228.00,151.09,23.41,839,126766.00
244,244,,*MANUAL*,59,1178,86,233.00,171.40,26.70,759,130091.00
245,245,,*MANUAL*,66,1177,91,237.00,167.61,28.45,811,135934.00
246,246,,*MANUAL*,61,1145,88,218.00,160.27,24.24,891,142804.00
247,247,,*MANUAL*,52,1135,91,202.00,117.66,32.53,895,105308.00
248,248,,*MANUAL*,52,1150,83,195.00,134.58,27.85,895,120446.00
249,249,,*MANUAL*,53,1168,79,232.00,140.43,36.84,883,123998.00
250,250,,*MANUAL*,62,1162,79,227.00,153.81,36.20,895,137656.00
251,251,,*MANUAL*,79,1148,97,234.00,148.45,33.12,895,132863.00
252,252,,*MANUAL*,82,1167,90,209.00,139.84,25.88,877,122640.00
253,253,,*MANUAL*,82,1182,93,218.00,137.68,25.29,895,123228.00
254,254,,*MANUAL*,74,1174,89,249.00,183.32,27.64,895,164073.00
255,255,,*MANUAL*,70,1155,93,229.00,163.08,25.00,895,145959.00
256,256,,*MANUAL*,78,1130,87,231.00,150.81,31.49,889,134072.00
257,257,,*MANUAL*,84,1145,86,234.00,159.91,31.66,877,140241.00
258,258,,*MANUAL*,70,1138,86,240.00,170.95,30.34,895,153004.00
259,259,,*MANUAL*,76,1146,79,222.00,162.00,24.64,895,144994.00
260,260,,*MANUAL*,73,1161,83,223.00,169.18,25.12,895,151412.00
261,261,,*MANUAL*,61,1111,84,138.00,52.66,15.55,2089,110013.00
262,262,,*MANUAL*,59,1091,89,231.00,147.24,26.83,853,125598.00
263,263,,*MANUAL*,50,1088,87,225.00,142.43,32.97,895,127476.00
264,264,,*MANUAL*,51,1074,91,185.00,117.41,20.59,895,105079.00
265,265,,*MANUAL*,68,1101,88,226.00,148.48,35.99,895,132890.00
266,266,,*MANUAL*,77,1090,98,177.00,107.35,26.25,895,96080.00
267,267,,*MANUAL*,80,1106,89,213.00,124.56,43.28,895,111482.00
268,268,,*MANUAL*,81,1090,86,197.00,131.43,24.79,895,117630.00
269,269,,*MANUAL*,93,1254,57,242.00,147.90,42.89,871,128824.00
270,270,,*MANUAL*,91,1264,66,203.00,137.32,31.17,895,122897.00
271,271,,*MANUAL*,89,1250,72,220.00,147.80,36.72,895,132284.00
272,272,,*MANUAL*,90,1234,72,218.00,149.48,28.93,743,111062.00
273,273,,*MANUAL*,84,1237,78,225.00,163.25,29.42,879,143494.00
274,274,,*MANUAL*,79,1242,86,241.00,150.06,37.36,895,134303.00
275,275,,*MANUAL*,75,1256,93,215.00,140.50,36.28,895,125750.00
276,276,,*MANUAL*,74,1222,90,228.00,161.33,30.07,819,132132.00
277,277,,*MANUAL*,67,1237,86,234.00,171.77,27.82,895,153737.00
278,278,*NOUSE*,*NOUSE*,0,0,0,0,0,0,0,0
279,279,,*MANUAL*$278$72,68,1228,97,197.00,78.22,32.58,3705,289817.00
280,280,*NOUSE*,*NOUSE*,0,0,0,0,0,0,0,0
281,281,,*MANUAL*$280$65,66,1250,99,178.00,70.54,34.01,4132,291476.00
282,282,,*MANUAL*,94,1333,71,246.00,167.23,46.34,895,149672.00
283,283,,*MANUAL*,93,1353,72,214.00,120.94,42.96,873,105584.00
284,284,,*MANUAL*,94,1364,65,197.00,115.71,32.83,895,103557.00
285,285,,*MANUAL*,87,1330,55,210.00,120.03,37.68,895,107428.00
286,286,,*MANUAL*,87,1317,53,213.00,130.79,39.84,895,117056.00
287,287,,*MANUAL*,88,1304,53,239.00,138.44,50.10,809,112001.00
288,288,,*MANUAL*,93,1295,53,246.00,149.14,47.26,895,133478.00
289,289,,*MANUAL*,88,1278,49,238.00,158.93,38.14,860,136683.00
290,290,,*MANUAL*,86,1226,64,216.00,146.95,38.85,895,131516.00
291,291,,*MANUAL*,83,1241,62,210.00,150.86,27.25,884,133356.00
292,292,,*MANUAL*,84,1258,54,221.00,140.28,34.97,895,125553.00
293,293,,*MANUAL*,85,1237,52,223.00,154.12,28.98,828,127610.00
294,294,,*MANUAL*,83,1254,43,228.00,142.48,43.29,828,117974.00
295,295,,*MANUAL*,83,1269,41,249.00,164.89,36.06,895,147576.00
296,296,,*MANUAL*,83,1284,37,198.00,125.58,37.29,895,112398.00
297,297,,*MANUAL*,75,1256,39,236.00,162.10,32.81,895,145077.00
298,298,,*MANUAL*,74,1242,38,217.00,143.93,27.03,848,122052.00
299,299,,*MANUAL*,69,1197,30,185.00,120.13,25.93,895,107515.00
300,300,,*MANUAL*,69,1215,27,154.00,91.87,27.10,895,82221.00
301,301,,*MANUAL*,44,1251,54,205.00,128.29,33.41,843,108151.00
302,302,,*MANUAL*,47,1260,64,175.00,124.67,21.84,847,105599.00
303,303,,*MANUAL*,47,1248,70,203.00,135.56,28.61,895,121326.00
304,304,,*MANUAL*,46,1234,67,150.00,99.28,21.81,893,88656.00
305,305,,*MANUAL*,52,1235,77,194.00,124.62,23.87,895,111538.00
306,306,,*MANUAL*,53,1243,87,216.00,143.84,40.96,892,128305.00
307,307,,*MANUAL*,58,1226,86,203.00,150.44,24.35,895,134642.00
308,308,,*MANUAL*,59,1269,93,211.00,115.65,31.18,895,103509.00
309,309,,*MANUAL*,60,1251,89,221.00,158.26,26.87,895,141645.00
310,310,,*MANUAL*,45,1265,72,209.00,124.85,37.74,895,111745.00
311,311,,*MANUAL*,44,1278,69,229.00,135.87,40.10,895,121603.00
312,312,,*MANUAL*,43,1289,66,198.00,137.66,24.88,895,123207.00
313,313,,*MANUAL*,47,1346,70,189.00,109.37,27.84,895,97890.00
314,314,,*MANUAL*$42$32,47,1320,73,164.00,77.22,30.21,2520,194584.00
315,315,,*MANUAL*,45,1377,64,148.00,95.88,26.05,895,85812.00
316,316,,*MANUAL*,46,1360,58,145.00,70.51,30.35,895,63107.00
317,317,,*MANUAL*,53,1331,49,177.00,104.21,26.59,883,92018.00
318,318,,*MANUAL*,48,1316,49,193.00,117.67,26.85,886,104253.00
319,319,,*MANUAL*,52,1306,47,197.00,135.39,28.71,813,110076.00
320,320,,*MANUAL*,45,1294,51,181.00,111.12,34.08,895,99450.00
321,321,,*MANUAL*,47,1278,50,197.00,121.85,31.26,873,106373.00
322,322,,*MANUAL*,50,1227,55,191.00,115.95,26.81,895,103776.00
323,323,,*MANUAL*,52,1240,55,204.00,120.67,27.72,895,108003.00
324,324,,*MANUAL*,53,1253,52,194.00,131.16,26.29,895,117388.00
325,325,,*MANUAL*,52,1233,43,214.00,116.30,38.20,895,104086.00
326,326,,*MANUAL*,55,1248,41,205.00,136.32,27.64,893,121737.00
327,327,,*MANUAL*,55,1263,39,219.00,144.68,34.28,895,129488.00
328,328,,*MANUAL*,61,1283,34,198.00,115.87,40.52,891,103239.00
329,329,,*MANUAL*,64,1255,39,218.00,149.10,39.46,895,133443.00
330,330,,*MANUAL*,64,1240,36,219.00,152.75,22.52,885,135180.00
331,331,,*MANUAL*,71,1232,33,214.00,134.54,32.56,881,118529.00
332,332,,*MANUAL*,64,1210,92,176.00,119.19,33.51,895,106676.00
333,333,,*MANUAL*$54$62,62,1454,90,123.00,30.52,27.32,5890,179744.00
334,334,,*MANUAL*,72,1408,89,182.00,94.23,32.49,895,84334.00
335,335,,*MANUAL*,74,1381,90,201.00,124.86,35.45,895,111752.00
336,336,,*MANUAL*,75,1366,90,205.00,127.93,33.89,895,114500.00
337,337,,*MANUAL*,75,1344,91,248.00,181.01,32.99,827,149695.00
338,338,,*MANUAL*,75,1326,93,225.00,123.53,36.90,895,110557.00
339,339,,*MANUAL*,64,1359,90,199.00,135.58,33.30,895,121345.00
340,340,,*MANUAL*,65,1340,90,225.00,147.72,36.61,1120,165442.00
341,341,*NOUSE*,*NOUSE*,0,0,0,0,0,0,0,0
342,342,*NOUSE*,*NOUSE*,0,0,0,0,0,0,0,0
343,343,,*MANUAL*$342$341,67,1343,98,170.00,78.49,27.67,1790,140498.00
344,344,,*MANUAL*$66$67,64,1456,44,137.00,34.90,26.47,4652,162366.00
345,345,,*MANUAL*,65,1417,40,164.00,90.24,27.29,895,80765.00
346,346,,*MANUAL*,67,1403,40,156.00,92.50,24.75,873,80749.00
347,347,,*MANUAL*,73,1390,41,189.00,103.92,40.89,882,91659.00
348,348,,*MANUAL*,63,1385,38,206.00,117.41,36.88,891,104609.00
349,349,,*MANUAL*,63,1359,37,223.00,134.73,34.85,873,117621.00
350,350,,*MANUAL*,76,1366,40,203.00,104.62,46.90,839,87773.00
351,351,,*MANUAL*,76,1348,38,226.00,123.49,45.17,895,110528.00
352,352,,*MANUAL*$81$79,69,1172,23,143.00,33.34,23.30,6096,203264.00
353,353,,*MANUAL*,70,994,64,184.00,115.76,26.71,895,103605.00
354,354,,*MANUAL*,67,1000,52,144.00,101.89,18.32,895,91191.00
355,355,,*MANUAL*,54,1006,63,183.00,103.72,29.02,895,92825.00
356,356,,*MANUAL*,79,1006,70,202.00,93.48,44.80,895,83661.00
357,357,,*MANUAL*,62,1006,89,180.00,88.76,42.26,892,79175.00
358,358,,*MANUAL*,66,1016,92,224.00,133.50,38.54,872,116416.00
359,359,,*MANUAL*,66,1018,82,165.00,102.97,27.48,895,92162.00
360,360,,*MANUAL*,79,1021,58,142.00,59.73,31.20,1365,81537.00
361,361,,*MANUAL*,59,1029,85,235.00,132.40,36.77,895,118495.00
362,362,,*MANUAL*,74,1027,85,234.00,131.88,38.66,895,118029.00
363,363,,*MANUAL*,56,1030,49,183.00,120.64,25.77,895,107973.00
364,364,,*MANUAL*,68,1038,40,156.00,82.86,26.35,895,74156.00
365,365,,*MANUAL*,54,1040,77,139.00,81.02,23.04,895,72512.00
366,366,,*MANUAL*,82,1040,75,161.00,112.23,18.01,895,100450.00
367,367,,*MANUAL*,66,1041,90,186.00,118.49,28.38,895,106047.00
368,368,,*MANUAL*,54,1030,61,136.00,78.27,20.86,895,70048.00
369,369,,*MANUAL*,85,1036,55,171.00,107.37,29.48,895,96098.00
370,370,,*MANUAL*,69,1061,42,155.00,109.62,21.22,895,98106.00
371,371,,*MANUAL*,55,1065,73,145.00,100.13,18.52,895,89619.00
372,372,,*MANUAL*,79,1063,71,165.00,109.21,23.83,895,97740.00
373,373,,*MANUAL*,56,1060,44,200.00,124.33,29.38,895,111271.00
374,374,,*MANUAL*,82,1071,47,177.00,125.22,18.93,895,112070.00
375,375,,*MANUAL*,67,1072,83,189.00,124.43,26.10,895,111365.00
376,376,,*MANUAL*,57,1075,47,180.00,108.37,22.47,895,96994.00
377,377,,*MANUAL*,80,1085,50,206.00,140.42,31.43,895,125672.00
378,378,,*MANUAL*,67,1080,42,208.00,142.15,26.30,895,127223.00
379,379,,*MANUAL*,55,1081,71,229.00,154.28,31.73,887,136842.00
380,380,,*MANUAL*,81,1081,68,244.00,167.19,39.22,895,149631.00
381,381,,*MANUAL*,72,1082,76,189.00,133.04,21.69,797,106035.00
382,382,,*MANUAL*,64,1085,76,191.00,133.83,16.88,895,119780.00
383,383,,*MANUAL*,56,1094,64,179.00,123.93,26.77,895,110921.00
384,384,,*MANUAL*,80,1095,63,212.00,146.98,25.96,895,131550.00
385,385,,*MANUAL*,62,1093,50,178.00,113.09,23.95,895,101214.00
386,386,,*MANUAL*,73,1096,48,186.00,126.32,29.47,895,113053.00
387,387,,*MANUAL*,64,1113,58,155.00,97.79,24.83,872,85272.00
388,388,,*MANUAL*,75,1113,56,181.00,102.81,30.37,895,92013.00
389,389,,*MANUAL*,69,1104,74,157.00,90.28,24.80,895,80800.00
390,390,,*MANUAL*,67,1245,53,180.00,123.91,24.49,895,110897.00
391,391,,*MANUAL*,58,1247,69,199.00,141.08,30.18,895,126264.00
392,392,,*MANUAL*,77,1245,71,235.00,165.36,30.54,895,147995.00
393,393,,*MANUAL*,69,1271,50,222.00,143.04,29.75,895,128020.00
394,394,,*MANUAL*,56,1272,73,212.00,136.42,31.21,895,122094.00
395,395,,*MANUAL*,78,1270,73,231.00,154.45,32.82,895,138232.00
396,396,,*MANUAL*,69,1288,47,229.00,159.37,36.44,663,105665.00
397,397,,*MANUAL*,76,1284,50,211.00,127.47,27.49,895,114082.00
398,398,,*MANUAL*,83,1284,63,198.00,127.82,32.69,895,114400.00
399,399,,*MANUAL*,74,1282,83,175.00,100.31,29.72,860,86269.00
400,400,,*MANUAL*,62,1285,82,175.00,99.17,27.69,895,88755.00
401,401,,*MANUAL*,53,1283,62,184.00,106.67,30.04,895,95474.00
402,402,,*MANUAL*,54,1292,74,221.00,152.18,28.97,799,121589.00
403,403,,*MANUAL*,61,1295,70,219.00,150.74,35.81,873,131595.00
404,404,,*MANUAL*,82,1296,75,240.00,160.05,31.60,895,143242.00
405,405,,*MANUAL*,80,1282,75,236.00,157.56,38.19,895,141020.00
406,406,,*MANUAL*,66,1303,82,164.00,107.49,23.51,827,88894.00
407,407,,*MANUAL*,58,1304,52,177.00,118.03,26.32,720,84978.00
408,408,,*MANUAL*,80,1304,55,200.00,124.00,29.52,831,103041.00
409,409,,*MANUAL*,65,1308,49,248.00,172.74,41.66,769,132840.00
410,410,,*MANUAL*,72,1303,49,253.00,170.38,49.68,895,152490.00
411,411,*NOUSE*,*NOUSE*,0,0,0,0,0,0,0,0
412,412,,*MANUAL*,60,1305,72,210.00,118.74,34.80,893,106033.00
413,413,,*MANUAL*,57,1310,62,219.00,144.50,36.24,895,129329.00
414,414,*NOUSE*,*NOUSE*,0,0,0,0,0,0,0,0
415,415,,*MANUAL*,69,1334,45,161.00,81.54,31.98,895,72975.00
416,416,,*MANUAL*,59,1324,71,183.00,114.66,27.03,895,102618.00
417,417,,*MANUAL*,79,1322,72,208.00,123.65,39.55,895,110666.00
418,418,,*MANUAL*,57,1341,62,138.00,79.13,24.42,895,70820.00
419,419,,*MANUAL*no,80,1350,61,197.00,119.35,35.79,895,106819.00
420,420,,*MANUAL*$414$411,73,1310,80,209.00,111.55,40.95,1640,182941.00
421,421,,*MANUAL*,59,1352,69,167.00,88.42,31.50,895,79137.00
422,422,,*MANUAL*,83,1352,74,211.00,114.29,40.33,895,102292.00
423,423,,*MANUAL*,72,1356,48,160.00,75.98,22.87,885,67238.00
424,424,,*MANUAL*,69,1366,45,193.00,121.96,28.89,755,92081.00
425,425,,*MANUAL*,64,1366,50,171.00,72.33,27.92,895,64732.00
426,426,,*MANUAL*,57,1371,71,197.00,116.73,34.59,723,84397.00
427,427,,*MANUAL*,82,1379,71,199.00,129.72,36.75,745,96645.00
428,428,,*MANUAL*,75,1376,72,158.00,82.76,28.47,895,74070.00
429,429,,*MANUAL*,63,1369,74,208.00,93.84,29.48,895,83983.00
430,430,,*MANUAL*,65,1390,48,185.00,100.24,37.17,895,89712.00
431,431,,*MANUAL*,65,1404,50,156.00,87.26,29.95,895,78095.00
432,432,,*MANUAL*,64,1426,50,148.00,73.65,29.98,895,65915.00
433,433,,*MANUAL*,60,1389,74,200.00,123.76,30.51,879,108782.00
434,434,,*MANUAL*,60,1399,77,193.00,117.15,33.68,895,104852.00
435,435,,*MANUAL*,58,1425,76,132.00,70.88,26.33,895,63441.00
436,436,,*MANUAL*,80,1397,72,230.00,127.89,43.47,865,110623.00
437,437,,*MANUAL*,80,1407,71,227.00,126.84,41.92,895,113521.00
438,438,,*MANUAL*,77,1431,70,173.00,91.13,32.12,895,81562.00
439,439,,*MANUAL*,87,1378,56,139.00,72.68,21.81,895,65050.00
440,440,,*MANUAL*,84,1359,48,137.00,83.68,25.47,895,74892.00
441,441,,*MANUAL*,83,1327,41,166.00,100.09,26.18,895,89578.00
442,442,,*MANUAL*,87,1297,42,170.00,98.85,29.39,895,88474.00
443,443,,*MANUAL*,80,1235,35,162.00,90.53,27.75,895,81024.00
444,444,,*MANUAL*,88,1239,44,170.00,96.08,31.54,895,85990.00
445,445,,*MANUAL*,83,1090,35,204.00,111.36,28.00,895,99668.00
446,446,,*MANUAL*,81,1035,30,134.00,65.59,26.42,895,58703.00
447,447,,*MANUAL*,86,1007,42,154.00,80.79,22.85,895,72307.00
448,448,,*MANUAL*,76,953,33,162.00,92.10,27.70,895,82428.00
449,449,,*MANUAL*,84,902,41,140.00,82.33,24.49,895,73686.00
450,450,,*MANUAL*,79,865,32,157.00,91.03,27.91,895,81469.00
451,451,,*MANUAL*,80,798,40,161.00,84.28,26.37,895,75430.00
452,452,,*MANUAL*,77,1115,34,181.00,111.06,23.10,895,99399.00
453,453,,*MANUAL*,74,754,39,166.00,99.97,19.41,895,89477.00
454,454,,*MANUAL*,80,667,41,153.00,81.12,27.16,895,72603.00
455,455,,*MANUAL*,77,617,47,171.00,87.64,25.71,895,78438.00
456,456,,*MANUAL*,77,540,42,150.00,80.08,27.55,895,71670.00
457,457,,*MANUAL*,77,469,42,157.00,87.87,23.92,895,78646.00
458,458,,*MANUAL*,78,401,45,151.00,85.40,25.65,895,76432.00
459,459,,*MANUAL*,74,307,50,163.00,103.35,20.38,861,88986.00
460,460,,*MANUAL*,67,255,54,159.00,99.55,22.43,880,87601.00
461,461,,*MANUAL*,63,393,44,155.00,86.32,21.84,895,77257.00
462,462,,*MANUAL*,65,429,41,146.00,92.19,23.12,895,82507.00
463,463,,*MANUAL*,63,482,36,141.00,85.49,27.07,895,76515.00
464,464,,*MANUAL*,63,567,41,151.00,83.98,23.50,895,75162.00
465,465,,*MANUAL*,59,640,39,155.00,80.55,23.46,895,72096.00
466,466,,*MANUAL*,59,706,37,144.00,86.00,20.01,895,76973.00
467,467,,*MANUAL*,56,752,38,149.00,87.77,22.05,895,78552.00
468,468,,*MANUAL*,56,793,37,158.00,91.75,25.82,895,82114.00
469,469,,*MANUAL*,55,861,36,141.00,75.79,22.33,895,67836.00
470,470,,*MANUAL*,55,901,37,139.00,82.26,20.48,895,73623.00
471,471,,*MANUAL*,54,989,38,124.00,68.93,20.45,895,61691.00
472,472,,*MANUAL*,61,1002,34,163.00,93.49,25.82,895,83675.00
473,473,,*MANUAL*,53,1043,35,100.00,48.34,17.31,895,43260.00
474,474,,*MANUAL*,63,1104,33,166.00,97.15,33.88,895,86947.00
475,475,,*MANUAL*,71,1094,31,181.00,113.21,31.63,895,101323.00
476,476,,*MANUAL*,52,1213,37,168.00,83.27,25.66,895,74531.00
477,477,,*MANUAL*,58,1229,32,147.00,79.99,24.62,895,71591.00
478,478,,*MANUAL*,51,1282,41,136.00,93.78,20.12,895,83934.00
479,479,,*MANUAL*,54,1325,40,147.00,79.13,24.76,895,70820.00
480,480,,*MANUAL*,54,1359,42,155.00,90.25,21.12,895,80776.00
481,481,,*MANUAL*,49,1380,52,121.00,74.82,19.45,895,66964.00
482,482,,*MANUAL*,50,1372,77,116.00,63.83,18.44,895,57126.00
483,483,,*MANUAL*,53,1342,85,147.00,82.75,23.11,895,74062.00
484,484,,*MANUAL*,53,1309,91,139.00,70.72,21.89,895,63291.00
485,485,,*MANUAL*,48,1268,85,139.00,84.85,19.57,895,75937.00
486,486,,*MANUAL*,54,1229,97,150.00,73.81,19.59,895,66062.00
487,487,,*MANUAL*,48,1212,90,142.00,75.84,22.32,895,67878.00
488,488,,*MANUAL*,54,1095,100,148.00,87.21,23.17,895,78054.00
489,489,,*MANUAL*,49,1049,95,141.00,75.66,23.66,895,67720.00
490,490,,*MANUAL*,48,1023,91,180.00,108.05,30.51,895,96703.00
491,491,,*MANUAL*,53,1008,100,165.00,87.01,28.07,895,77878.00
492,492,,*MANUAL*,50,973,95,133.00,70.64,19.87,895,63225.00
493,493,,*MANUAL*,57,886,101,151.00,90.67,19.23,893,80969.00
494,494,,*MANUAL*,50,838,91,145.00,83.51,23.52,895,74738.00
495,495,,*MANUAL*,59,782,103,148.00,96.02,19.30,895,85942.00
496,496,,*MANUAL*,56,734,92,137.00,82.53,22.71,895,73863.00
497,497,,*MANUAL*,58,694,94,149.00,95.68,19.05,895,85638.00
498,498,,*MANUAL*,59,718,95,192.00,117.35,28.54,895,105027.00
499,499,,*MANUAL*,53,684,87,181.00,115.26,29.18,895,103161.00
500,500,,*MANUAL*,53,620,85,157.00,87.66,23.70,895,78458.00
501,501,,*MANUAL*,56,495,84,131.00,73.12,21.44,895,65441.00
502,502,,*MANUAL*,54,422,79,129.00,65.78,20.73,895,58870.00
503,503,,*MANUAL*,63,267,78,136.00,91.07,21.19,895,81505.00
504,504,,*MANUAL*,72,259,76,152.00,90.34,25.74,895,80855.00
505,505,,*MANUAL*,75,428,84,144.00,94.33,19.25,895,84423.00
506,506,,*MANUAL*,75,500,88,126.00,69.97,22.00,895,62623.00
507,507,,*MANUAL*,75,557,89,165.00,98.64,23.93,895,88284.00
508,508,,*MANUAL*,79,652,91,157.00,98.26,25.27,895,87942.00
509,509,,*MANUAL*,76,725,95,153.00,97.59,18.29,895,87341.00
510,510,,*MANUAL*,80,768,99,156.00,83.47,27.14,895,74710.00
511,511,,*MANUAL*,75,823,94,152.00,76.41,25.19,895,68387.00
512,512,,*MANUAL*,80,860,95,154.00,88.98,24.67,895,79633.00
513,513,,*MANUAL*,82,902,92,192.00,117.77,27.00,895,105407.00
514,514,,*MANUAL*,83,927,94,185.00,105.87,34.81,895,94750.00
515,515,,*MANUAL*,74,917,100,135.00,69.12,24.08,895,61860.00
516,516,,*MANUAL*,80,981,98,131.00,77.22,20.54,895,69109.00
517,517,,*MANUAL*,77,1015,100,167.00,92.88,28.19,895,83129.00
518,518,,*MANUAL*,83,1035,95,176.00,103.73,33.34,895,92836.00
519,519,,*MANUAL*,82,1060,95,158.00,81.53,29.38,895,72970.00
520,520,,*MANUAL*,78,1118,99,155.00,100.55,21.92,895,89996.00
521,521,,*MANUAL*,88,1219,92,159.00,95.13,23.44,861,81911.00
522,522,,*MANUAL*,81,1225,96,201.00,110.46,34.92,895,98865.00
523,523,,*MANUAL*,88,1273,85,179.00,91.04,25.40,895,81483.00
524,524,,*MANUAL*,82,1303,92,140.00,79.14,23.70,895,70832.00
525,525,,*MANUAL*,84,1340,89,166.00,99.26,24.76,895,88838.00
526,526,,*MANUAL*,88,1367,82,120.00,69.63,21.08,895,62317.00
527,527,,*MANUAL*$61$60,65,139,78,112.00,30.50,23.68,6137,187186.00
528,528,,*MANUAL*,69,214,57,164.00,100.22,18.99,895,89698.00
529,529,,*MANUAL*,72,228,67,157.00,109.47,18.99,895,97980.00
530,530,,*MANUAL*,75,268,56,188.00,121.73,27.68,895,108945.00
531,531,,*MANUAL*,77,278,68,196.00,134.81,22.25,851,114727.00
532,532,,*MANUAL*,78,282,59,214.00,144.91,30.48,895,129690.00
533,533,,*MANUAL*,80,293,64,190.00,118.49,22.68,875,103675.00
534,534,,*MANUAL*,78,298,73,204.00,137.85,30.44,895,123374.00
535,535,,*MANUAL*,80,309,69,177.00,113.64,20.74,895,101705.00
536,536,,*MANUAL*,80,328,73,177.00,114.28,25.50,895,102279.00
537,537,,*MANUAL*,81,334,61,169.00,112.77,24.96,895,100932.00
538,538,,*MANUAL*,76,323,53,180.00,113.48,25.74,847,96118.00
539,539,,*MANUAL*,68,272,66,165.00,120.23,16.44,895,107602.00
540,540,,*MANUAL*,68,281,52,176.00,113.90,23.08,879,100116.00
541,541,,*MANUAL*,68,297,56,158.00,102.49,18.15,895,91732.00
542,542,,*MANUAL*,68,291,76,162.00,91.95,21.55,895,82294.00
543,543,,*MANUAL*,68,325,44,168.00,106.34,24.46,895,95172.00
544,544,,*MANUAL*,62,314,48,168.00,108.43,21.49,895,97049.00
545,545,,*MANUAL*,75,346,54,180.00,99.61,28.23,895,89151.00
546,546,,*MANUAL*,64,347,50,160.00,101.29,21.74,895,90659.00
547,547,,*MANUAL*$50$52,61,230,60,115.00,35.44,21.41,6767,239810.00
548,548,,*MANUAL*,64,243,70,161.00,105.18,20.07,895,94133.00
549,549,,*MANUAL*,61,259,62,163.00,113.11,24.21,895,101230.00
550,550,,*MANUAL*,61,273,54,186.00,125.82,22.33,895,112605.00
551,551,,*MANUAL*,58,280,66,165.00,115.93,18.86,877,101668.00
552,552,,*MANUAL*,58,287,58,215.00,141.59,29.10,895,126721.00
553,553,,*MANUAL*,56,299,61,177.00,116.87,19.49,895,104597.00
554,554,,*MANUAL*,54,315,60,157.00,104.78,20.55,895,93774.00
555,555,,*MANUAL*,56,305,72,175.00,97.37,28.57,895,87142.00
556,556,,*MANUAL*,54,334,54,154.00,98.48,23.18,895,88144.00
557,557,,*MANUAL*,57,349,61,155.00,97.89,21.48,895,87610.00
558,558,,*MANUAL*,68,325,79,141.00,101.57,18.54,895,90902.00
559,559,,*MANUAL*,63,328,64,171.00,116.09,22.50,889,103202.00
560,560,,*MANUAL*,60,338,68,192.00,126.50,24.40,895,113219.00
561,561,,*MANUAL*,69,346,70,191.00,139.63,22.62,831,116034.00
562,562,,*MANUAL*,78,346,72,191.00,135.73,22.03,895,121479.00
563,563,,*MANUAL*,64,361,73,168.00,120.08,18.06,895,107474.00
564,564,,*MANUAL*,78,363,76,167.00,108.52,26.95,895,97126.00
565,565,,*MANUAL*,83,387,77,147.00,86.88,25.76,895,77762.00
566,566,,*MANUAL*,52,378,68,123.00,67.38,21.53,895,60307.00
567,567,,*MANUAL*,45,1080,49,97.00,53.86,17.51,1365,73515.00
568,568,,*MANUAL*$2$5,40,988,78,78.00,25.84,13.16,5974,154360.00
569,569,,*MANUAL*,42,949,73,159.00,98.79,23.80,895,88417.00
570,570,,*MANUAL*$11$12,44,897,55,89.00,26.48,14.42,5540,146699.00
571,571,,*MANUAL*,42,826,76,109.00,44.43,21.54,1365,60642.00
572,572,,*MANUAL*$13$20,44,796,57,82.00,28.36,14.43,5493,155789.00
573,573,,*MANUAL*$7$10,43,785,88,118.00,32.52,23.54,6610,214981.00
574,574,,*MANUAL*$29$37,45,742,79,92.00,43.56,17.38,2922,127269.00
575,575,,*MANUAL*,52,779,45,158.00,106.66,22.82,895,95463.00
576,576,,*MANUAL*$21$9,45,693,80,143.00,34.45,26.58,7068,243479.00
577,577,,*MANUAL*$30$25,46,702,51,83.00,29.68,14.23,6018,178599.00
578,578,,*MANUAL*,47,667,63,145.00,90.54,21.80,895,81033.00
579,579,,*MANUAL*,47,649,77,168.00,108.53,28.07,895,97138.00
580,580,,*MANUAL*$26$44$24,48,573,51,78.00,27.97,14.25,6079,170035.00
581,581,,*MANUAL*$47$48,56,447,49,87.00,30.62,15.38,5567,170438.00
582,582,,*MANUAL*$35$34,51,356,55,130.00,36.28,27.24,6284,227993.00
583,583,,*MANUAL*,55,304,47,104.00,41.59,21.86,1365,56764.00
584,584,,*MANUAL*$119$136,90,1011,73,193.00,61.15,33.08,5547,339202.00
585,585,,*MANUAL*,87,958,88,217.00,129.56,34.75,878,113758.00
586,586,,*MANUAL*$121$129,91,922,75,139.00,38.37,26.92,5844,224218.00
587,587,,*MANUAL*$131$126,91,897,62,114.00,34.76,18.80,6218,216113.00
588,588,,*MANUAL*,91,837,79,131.00,56.71,27.00,1365,77406.00
589,589,,*MANUAL*$115$118$127,89,800,65,106.00,31.50,18.23,6704,211159.00
590,590,,*MANUAL*,87,773,55,165.00,112.49,28.86,895,100680.00
591,591,,*MANUAL*$114$113,87,698,87,155.00,53.99,32.49,6425,346865.00
592,592,,*MANUAL*,89,704,68,189.00,113.94,31.10,895,101973.00
593,593,,*MANUAL*$124$125$123,89,666,61,104.00,32.26,18.47,6220,200646.00
594,594,,*MANUAL*,84,624,85,191.00,111.17,36.26,895,99499.00
595,595,,*MANUAL*,86,602,78,118.00,53.79,23.88,2103,113122.00
596,596,,*MANUAL*$117$107,88,560,58,119.00,32.82,21.67,6160,202163.00
597,597,,*MANUAL*$100$98,85,547,75,122.00,39.61,27.39,6429,254652.00
598,598,,*MANUAL*,81,526,63,123.00,37.52,21.21,2103,78904.00
599,599,,*MANUAL*$101$96$99,84,481,73,119.00,33.95,21.17,6764,229608.00
600,600,,*MANUAL*$93$94,81,457,83,142.00,43.49,28.62,6674,290281.00
601,601,,*MANUAL*$106$103$111,86,444,58,93.00,32.77,17.87,5777,189290.00
602,602,*NOUSE*,*NOUSE*,0,0,0,0,0,0,0,0
603,603,*NOUSE*,*NOUSE*,0,0,0,0,0,0,0,0
604,604,,*MANUAL*$603$602,83,313,54,142.00,57.40,25.19,1762,101147.00
605,605,,*MANUAL*,76,709,86,160.00,86.29,20.57,895,77228.00
606,606,,*MANUAL*,76,691,82,150.00,85.76,20.72,1365,117061.00
607,607,,*MANUAL*,62,662,86,153.00,80.45,23.16,2103,169185.00
608,608,,*MANUAL*,54,644,85,139.00,84.19,23.22,895,75350.00
609,609,,*MANUAL*,53,947,48,79.00,33.91,12.72,2103,71316.00
610,610,,*MANUAL*,80,951,49,98.00,46.25,15.55,2103,97261.00
611,611,,*MANUAL*,77,952,86,151.00,53.60,21.65,2103,112724.00
612,612,,*MANUAL*,52,950,87,75.00,39.01,12.28,1365,53247.00
613,613,,*MANUAL*,56,902,88,69.00,27.83,10.36,2103,58521.00
614,614,,*MANUAL*,70,905,50,72.00,30.93,12.12,2103,65048.00
615,615,,*MANUAL*,66,861,51,59.00,25.61,10.45,2103,53855.00
616,616,,*MANUAL*,65,842,87,60.00,23.55,11.92,2103,49523.00
617,617,,*MANUAL*,66,792,58,63.00,23.45,10.75,2103,49325.00
618,618,,*MANUAL*,66,767,87,61.00,26.77,12.76,2103,56297.00
619,619,,*MANUAL*,69,728,49,62.00,21.89,10.11,2103,46043.00
620,620,,*MANUAL*,61,694,61,65.00,22.23,11.14,2103,46745.00
621,621,,*MANUAL*,71,642,68,76.00,28.31,14.71,2103,59545.00
622,622,,*MANUAL*,63,594,55,52.00,20.08, 8.43,2103,42231.00
623,623,,*MANUAL*,63,542,77,58.00,24.44,10.11,2103,51400.00
624,624,,*MANUAL*,66,508,49,68.00,23.68,10.38,2103,49790.00
625,625,,*MANUAL*,66,456,76,88.00,39.03,11.50,2103,82087.00
626,626,,*MANUAL*,68,424,55,93.00,37.08,14.36,895,33186.00
627,627,,*MANUAL*,71,388,73,112.00,51.02,16.77,895,45662.00
628,628,,*MANUAL*,66,373,49,95.00,50.07,15.70,895,44809.00
629,629,,*MANUAL*,64,966,107,144.00,92.25,21.54,895,82564.00
630,630,,*MANUAL*,63,945,104,154.00,82.68,30.70,895,74000.00
631,631,,*MANUAL*,66,892,105,172.00,107.67,25.10,895,96366.00
632,632,,*MANUAL*,66,858,105,167.00,105.69,21.56,895,94589.00
633,633,,*MANUAL*,65,832,103,165.00,82.84,37.04,895,74145.00
634,634,,*MANUAL*,67,765,107,185.00,122.66,25.49,895,109779.00
635,635,,*MANUAL*,66,746,105,195.00,114.86,30.81,895,102803.00
636,636,,*MANUAL*,66,706,100,197.00,111.65,24.32,895,99929.00
637,637,,*MANUAL*,65,628,97,188.00,115.57,34.46,895,103436.00
638,638,,*MANUAL*,64,603,96,172.00,116.58,29.43,895,104340.00
639,639,,*MANUAL*,63,553,95,178.00,122.85,24.41,895,109952.00
640,640,,*MANUAL*,65,526,91,172.00,105.77,29.19,895,94661.00
641,641,,*MANUAL*,65,467,92,188.00,124.37,30.14,895,111314.00
642,642,,*MANUAL*,65,444,93,181.00,108.24,31.46,895,96873.00
643,643,,*MANUAL*,65,423,89,205.00,120.81,28.97,895,108124.00
644,644,,*MANUAL*$19$14,43,1319,60,180.00,65.80,24.44,3178,209123.00
645,645,,*MANUAL*,42,1272,57,161.00,103.73,28.14,895,92842.00
646,646,,*MANUAL*,94,1278,57,197.00,119.73,30.10,895,107157.00
647,647,,*MANUAL*,82,1337,66,153.00,91.61,23.03,895,81987.00
648,648,,*MANUAL*,63,1287,50,191.00,109.43,37.41,895,97944.00
649,649,,*MANUAL*,85,414,71,134.00,55.19,28.80,1365,75339.00
650,650,F1,*MANUAL*,67,1456,64, 4.00, 0.54, 0.82,895,481.00
651,651,F2,*MANUAL*,69,1411,66,46.00, 8.24, 6.92,895,7374.00
652,652,F3,*MANUAL*,67,1319,65,87.00,23.92,10.94,895,21404.00
653,653,F4,*MANUAL*,67,1237,64,61.00,23.79, 8.29,895,21289.00
654,654,*NOUSE*,*NOUSE*,0,0,0,0,0,0,0,0
655,655,F5,*MANUAL*,66,1060,64,36.00,12.72, 5.64,895,11385.00
656,656,F6,*MANUAL*,66,977,63,11.00, 5.19, 1.98,895,4645.00
657,657,F7,*MANUAL*,67,900,62,53.00, 5.84, 6.55,895,5230.00
658,658,F8,*MANUAL*,89,865,73, 7.00, 0.77, 1.14,895,687.00
659,659,F9,*MANUAL*,69,438,74,15.00, 2.65, 2.21,895,2371.00
660,660,F10,*MANUAL*,66,586,72,11.00, 2.41, 2.09,895,2154.00
