0,0,*NOUSE*,*NOUSE*,0,0,0,0,0,0,0,0
1,1,*NOUSE*,*NOUSE*,0,0,0,0,0,0,0,0
2,2,*NOUSE*,*NOUSE*,0,0,0,0,0,0,0,0
3,3,*NOUSE*,*NOUSE*,0,0,0,0,0,0,0,0
4,4,*NOUSE*,*NOUSE*,0,0,0,0,0,0,0,0
5,5,*NOUSE*,*NOUSE*,0,0,0,0,0,0,0,0
6,6,*NOUSE*,*NOUSE*,0,0,0,0,0,0,0,0
7,7,*NOUSE*,*NOUSE*,0,0,0,0,0,0,0,0
8,8,*NOUSE*,*NOUSE*,0,0,0,0,0,0,0,0
9,9,*NOUSE*,*NOUSE*,0,0,0,0,0,0,0,0
10,10,*NOUSE*,*NOUSE*,0,0,0,0,0,0,0,0
11,11,*NOUSE*,*NOUSE*,0,0,0,0,0,0,0,0
12,12,*NOUSE*,*NOUSE*,0,0,0,0,0,0,0,0
13,13,*NOUSE*,*NOUSE*,0,0,0,0,0,0,0,0
14,14,*NOUSE*,*NOUSE*,0,0,0,0,0,0,0,0
15,15,*NOUSE*,*NOUSE*,0,0,0,0,0,0,0,0
16,16,*NOUSE*,*NOUSE*,0,0,0,0,0,0,0,0
17,17,*NOUSE*,*NOUSE*,0,0,0,0,0,0,0,0
18,18,*NOUSE*,*NOUSE*,0,0,0,0,0,0,0,0
19,19,*NOUSE*,*NOUSE*,0,0,0,0,0,0,0,0
20,20,*NOUSE*,*NOUSE*,0,0,0,0,0,0,0,0
21,21,*NOUSE*,*NOUSE*,0,0,0,0,0,0,0,0
22,22,*NOUSE*,*NOUSE*,0,0,0,0,0,0,0,0
23,23,*NOUSE*,*NOUSE*,0,0,0,0,0,0,0,0
24,24,*NOUSE*,*NOUSE*,0,0,0,0,0,0,0,0
25,25,*NOUSE*,*NOUSE*,0,0,0,0,0,0,0,0
26,26,*NOUSE*,*NOUSE*,0,0,0,0,0,0,0,0
27,27,*NOUSE*,*NOUSE*,0,0,0,0,0,0,0,0
28,28,*NOUSE*,*NOUSE*,0,0,0,0,0,0,0,0
29,29,*NOUSE*,*NOUSE*,0,0,0,0,0,0,0,0
30,30,*NOUSE*,*NOUSE*,0,0,0,0,0,0,0,0
31,31,*NOUSE*,*NOUSE*,0,0,0,0,0,0,0,0
32,32,*NOUSE*,*NOUSE*,0,0,0,0,0,0,0,0
33,33,*NOUSE*,*NOUSE*,0,0,0,0,0,0,0,0
34,34,*NOUSE*,*NOUSE*,0,0,0,0,0,0,0,0
35,35,*NOUSE*,*NOUSE*,0,0,0,0,0,0,0,0
36,36,*NOUSE*,*NOUSE*,0,0,0,0,0,0,0,0
37,37,*NOUSE*,*NOUSE*,0,0,0,0,0,0,0,0
38,38,,*MANUAL*,74,1321,42,198.00,99.24,42.04,1775,176157
39,39,,*MANUAL*,77,1341,43,191.00,86.36,38.85,2053,177300
40,40,,*MANUAL*,74,1362,50,241.00,115.20,56.95,1203,138583
41,41,,*MANUAL*,65,1363,49,237.00,130.38,36.76,1906,248502
42,42,,*MANUAL*,66,1378,50,204.00,105.13,41.97,1887,198382
43,43,,*MANUAL*,82,1365,49,245.00,136.48,45.55,1456,198718
44,44,,*MANUAL*,81,1379,52,239.00,122.62,45.04,1788,219240
45,45,,*MANUAL*,54,1355,60,179.00,82.13,40.91,1585,130174
46,46,,*MANUAL*,56,1374,56,189.00,95.09,38.49,2047,194647
47,47,,*MANUAL*,56,1391,54,194.00,82.45,44.37,2011,165808
48,48,,*MANUAL*,54,1356,71,173.00,76.31,37.83,1989,151780
49,49,,*MANUAL*,56,1369,68,230.00,93.47,36.51,1849,172823
50,50,,*MANUAL*,55,1385,64,190.00,83.92,34.01,1849,155165
51,51,,*MANUAL*,62,1409,45,185.00,74.60,45.53,2101,156742
52,52,,*MANUAL*,51,1409,56,197.00,80.76,44.70,2087,168542
53,53,,*MANUAL*,50,1423,60,193.00,79.72,44.35,2071,165107
54,54,,*MANUAL*,46,1436,65,163.00,77.50,34.61,2075,160813
55,55,,*MANUAL*,48,1451,61,166.00,69.83,38.51,1973,137770
56,56,,*MANUAL*,58,1448,59,188.00,79.39,42.60,2096,166411
57,57,,*MANUAL*,55,1472,60,162.00,71.82,35.47,2066,148386
58,58,,*MANUAL*,50,1486,62,140.00,59.36,26.93,2103,124833
59,59,,*MANUAL*,49,1508,69,130.00,62.95,28.65,2103,132379
60,60,,*MANUAL*,50,1522,79,138.00,65.77,27.36,2071,136216
61,61,,*MANUAL*,49,1493,81,149.00,57.52,33.46,1973,113494
62,62,,*MANUAL*,51,1472,83,157.00,76.02,28.77,1862,141553
63,63,,*MANUAL*,54,1458,91,181.00,81.90,35.11,1670,136777
64,64,,*MANUAL*,51,1447,88,183.00,82.04,39.35,2081,170719
65,65,,*MANUAL*,48,1435,79,175.00,88.72,34.01,1963,174155
66,66,,*MANUAL*,46,1413,73,156.00,76.00,28.17,1785,135654
67,67,,*MANUAL*,47,1392,70,168.00,83.44,33.24,2027,169123
68,68,,*MANUAL*,50,1370,79,164.00,65.44,31.97,2948,192913
69,69,,*MANUAL*,47,1422,83,212.00,85.06,34.07,2047,174121
70,70,,*MANUAL*,49,1401,89,174.00,80.16,40.86,2011,161197
71,71,,*MANUAL*,49,1390,83,132.00,67.21,26.13,2103,141341
72,72,,*MANUAL*,53,1376,92,195.00,81.16,45.63,2095,170036
73,73,,*MANUAL*,56,1363,91,175.00,94.61,36.08,1658,156860
74,74,,*MANUAL*,56,1353,93,203.00,77.47,49.90,1596,123636
75,75,,*MANUAL*,93,1358,58,244.00,90.47,54.28,1763,159505
76,76,,*MANUAL*,91,1375,57,236.00,114.57,52.57,2063,236351
77,77,,*MANUAL*,91,1391,56,232.00,92.27,59.38,2053,189435
78,78,,*MANUAL*,93,1361,70,252.00,109.88,56.32,1914,210312
79,79,,*MANUAL*,90,1373,72,226.00,116.89,45.08,1856,216949
80,80,,*MANUAL*,92,1385,67,198.00,97.62,40.90,1777,173473
81,81,,*MANUAL*,87,1409,47,211.00,79.25,54.87,2075,164448
82,82,,*MANUAL*,95,1408,58,246.00,98.85,61.80,2049,202547
83,83,,*MANUAL*,97,1424,62,234.00,90.41,58.35,2026,183176
84,84,,*MANUAL*,99,1444,67,245.00,105.34,63.23,1735,182767
85,85,,*MANUAL*,91,1450,62,239.00,110.96,57.29,2103,233342
86,86,,*MANUAL*,91,1465,64,243.00,95.45,53.21,1856,177159
87,87,,*MANUAL*,90,1485,64,227.00,80.52,57.19,1829,147266
88,88,,*MANUAL*,91,1504,66,203.00,73.16,48.77,2035,148873
89,89,,*MANUAL*,94,1526,74,198.00,80.95,44.39,2103,170242
90,90,,*MANUAL*,93,1510,82,203.00,78.43,46.15,1916,150263
91,91,,*MANUAL*,94,1490,78,196.00,79.02,46.33,2101,166017
92,92,,*MANUAL*,91,1472,88,198.00,103.43,43.05,1172,121216
93,93,,*MANUAL*,93,1457,87,223.00,72.94,54.85,2755,200962
94,94,,*MANUAL*,98,1441,80,236.00,101.70,59.82,1973,200650
95,95,,*MANUAL*,101,1414,74,217.00,98.76,44.59,2009,198409
96,96,,*MANUAL*,98,1393,73,240.00,99.32,54.20,1975,196159
97,97,,*MANUAL*,97,1361,82,227.00,91.83,43.42,2000,183655
98,98,,*MANUAL*,99,1424,82,245.00,98.18,59.87,1890,185558
99,99,,*MANUAL*,97,1402,86,235.00,92.15,59.25,1989,183287
100,100,,*MANUAL*,95,1386,83,216.00,100.62,44.96,1998,201035
101,101,,*MANUAL*,93,1376,91,226.00,99.89,49.18,1658,165616
102,102,,*MANUAL*,90,1366,91,223.00,121.26,47.48,1822,220941
103,103,,*MANUAL*,91,1353,95,246.00,88.37,59.80,2031,179479
104,104,,*MANUAL*,74,1344,107,216.00,73.83,51.08,1937,143000
105,105,,*MANUAL*,68,1354,104,221.00,112.57,39.50,1820,204874
106,106,,*MANUAL*,80,1355,103,232.00,121.69,43.04,1682,204686
107,107,,*MANUAL*,58,1390,104,191.00,72.97,43.10,2102,153382
108,108,,*MANUAL*,85,1387,105,206.00,81.02,46.35,2103,170393
109,109,,*MANUAL*,85,1407,106,235.00,80.01,52.77,1971,157708
110,110,,*MANUAL*,85,1373,104,238.00,96.93,58.82,1588,153918
111,111,,*MANUAL*,76,1367,100,235.00,98.29,55.04,2399,235798
112,112,,*MANUAL*,68,1368,104,244.00,157.45,38.76,869,136821
113,113,,*MANUAL*,70,1382,107,225.00,108.12,40.98,1365,147587
114,114,,*MANUAL*,67,1414,111,178.00,66.68,36.43,1807,120487
115,115,,*MANUAL*,70,1640,93,177.00,64.87,42.59,2103,136420
116,116,,*MANUAL*,71,1612,99,215.00,48.80,45.91,2969,144897
117,117,,*MANUAL*,75,1587,100,192.00,64.97,44.98,2067,134299
118,118,,*MANUAL*,71,1572,102,182.00,66.62,44.21,2958,197051
119,119,,*MANUAL*,76,1557,103,188.00,66.79,48.27,2005,133913
120,120,,*MANUAL*,70,1546,104,213.00,88.30,46.40,2103,185685
121,121,,*MANUAL*,71,1531,101,193.00,81.98,48.35,1362,111656
122,122,,*MANUAL*,67,1510,101,210.00,96.83,43.50,1517,146895
123,123,,*MANUAL*,76,1512,101,218.00,85.11,53.79,1575,134041
124,124,,*MANUAL*,76,1489,100,212.00,69.16,45.36,2101,145298
125,125,,*MANUAL*,73,1519,108,199.00,57.58,41.23,2969,170952
126,126,,*MANUAL*,72,1464,102,162.00,48.34,32.16,3714,179518
127,127,,*MANUAL*,73,1403,114,167.00,54.77,35.92,4139,226676
128,128,,*MANUAL*,74,1365,112,210.00,52.85,43.26,4139,218749
129,129,,*MANUAL*,69,1637,56,173.00,50.15,40.94,2969,148890
130,130,,*MANUAL*,72,1594,51,182.00,63.97,44.99,1943,124290
131,131,,*MANUAL*,73,1568,50,178.00,47.37,44.12,2922,138408
132,132,,*MANUAL*,77,1544,51,236.00,81.89,57.51,1860,152315
133,133,,*MANUAL*,79,1521,50,230.00,97.91,50.73,1821,178293
134,134,,*MANUAL*,80,1494,49,215.00,90.55,51.98,2103,190421
135,135,,*MANUAL*,68,1535,51,227.00,89.60,46.47,2103,188426
136,136,,*MANUAL*,66,1510,49,198.00,98.49,42.01,1549,152563
137,137,,*MANUAL*,73,1510,43,195.00,60.85,47.00,2969,180653
138,138,,*MANUAL*,74,1466,44,180.00,71.75,34.79,2687,192794
139,139,,*MANUAL*,77,1439,42,205.00,83.30,39.46,2103,175174
140,140,,*MANUAL*,72,1425,42,194.00,83.29,41.68,2103,175161
141,141,,*MANUAL*,72,1391,40,128.00,58.90,21.31,2929,172527
142,142,,*MANUAL*,74,1368,40,234.00,63.04,36.58,2969,187177
143,143,,*MANUAL*,73,1366,69,184.00,69.56,36.03,2103,146285
144,144,,*MANUAL*,64,1370,87,216.00,99.14,46.83,2103,208483
145,145,,*MANUAL*,81,1372,86,236.00,109.29,51.32,2103,229839
146,146,,*MANUAL*,75,1396,57,222.00,99.37,48.30,2103,208978
147,147,,*MANUAL*,63,1400,86,231.00,90.10,45.43,2093,188577
148,148,,*MANUAL*,87,1399,89,221.00,103.82,52.56,2103,218337
149,149,,*MANUAL*,74,1410,53,227.00,116.28,42.51,1457,169418
150,150,,*MANUAL*,66,1408,58,201.00,101.16,35.63,2103,212746
151,151,,*MANUAL*,82,1411,60,198.00,84.05,37.09,2103,176765
152,152,,*MANUAL*,88,1414,76,223.00,90.14,56.18,2095,188847
153,153,,*MANUAL*,57,1413,75,176.00,78.03,40.12,2103,164091
154,154,,*MANUAL*,65,1409,96,200.00,79.78,31.73,2103,167785
155,155,,*MANUAL*,80,1413,95,193.00,87.22,37.23,2078,181247
156,156,,*MANUAL*,66,1422,84,237.00,103.07,50.87,1183,121937
157,157,,*MANUAL*,58,1423,88,234.00,130.21,41.47,1317,171482
158,158,,*MANUAL*,82,1427,84,248.00,153.89,42.74,808,124341
159,159,,*MANUAL*,88,1420,88,247.00,129.63,49.93,1247,161646
160,160,,*MANUAL*,78,1428,58,246.00,133.76,51.66,805,107673
161,161,,*MANUAL*,73,1431,60,249.00,126.58,68.02,1414,178988
162,162,,*MANUAL*,60,1436,78,224.00,87.13,52.73,1809,157624
163,163,,*MANUAL*,63,1435,88,238.00,109.01,52.48,1827,199163
164,164,,*MANUAL*,86,1438,78,246.00,112.49,60.05,1661,186847
165,165,,*MANUAL*,83,1438,88,252.00,125.70,62.99,1930,242607
166,166,,*MANUAL*,73,1433,94,193.00,73.65,36.58,2969,218681
167,167,,*MANUAL*,62,1433,64,206.00,76.86,26.41,2968,228107
168,168,,*MANUAL*,86,1434,67,234.00,91.70,33.76,2831,259590
169,169,,*MANUAL*,82,1457,83,222.00,84.94,52.65,2103,178626
170,170,,*MANUAL*,62,1454,83,184.00,76.16,41.45,2103,160169
171,171,,*MANUAL*,71,1589,62,156.00,53.08,31.72,2103,111625
172,172,,*MANUAL*,73,1563,63,180.00,52.07,41.74,2103,109511
173,173,,*MANUAL*,73,1544,62,200.00,83.17,40.73,2103,174896
174,174,,*MANUAL*,73,1518,61,169.00,72.66,38.19,2046,148659
175,175,,*MANUAL*,74,1458,59,159.00,46.02,34.33,2969,136636
176,176,,*MANUAL*,62,1589,88,153.00,46.24,34.94,2103,97247
177,177,,*MANUAL*,62,1559,88,201.00,83.53,44.06,1959,163633
178,178,,*MANUAL*,63,1543,87,170.00,59.07,35.08,2103,124230
179,179,,*MANUAL*,61,1524,86,195.00,90.43,34.94,1156,104540
180,180,,*MANUAL*,59,1490,83,173.00,62.99,37.33,2103,132467
181,181,,*MANUAL*,80,1583,86,182.00,54.24,41.31,2089,113299
182,182,,*MANUAL*,83,1553,89,210.00,70.21,53.81,2103,147661
183,183,,*MANUAL*,82,1535,88,236.00,85.44,58.86,1649,140891
184,184,,*MANUAL*,83,1514,88,208.00,79.09,42.83,1849,146242
185,185,*NOUSE*,*NOUSE*,0,0,0,0,0,0,0,0
186,186,,*MANUAL*,82,1481,89,167.00,76.60,37.72,1028,78748
187,187,,*MANUAL*,82,1480,80,145.00,54.70,32.31,2092,114440
188,188,,*MANUAL*,79,1503,89,190.00,65.76,30.40,2715,178541
189,189,,*MANUAL*,65,1512,87,147.00,45.09,23.93,2969,133866
190,190,,*MANUAL*,62,1472,76,146.00,54.48,31.91,2103,114562
191,191,,*MANUAL*,68,1507,64,146.00,52.93,25.93,1365,72251
192,192,,*MANUAL*,78,1483,64,193.00,57.17,30.06,2969,169737
193,193,,*MANUAL*,51,1184,86,178.00,80.35,41.70,2103,168976
194,194,,*MANUAL*,53,1200,89,207.00,91.76,37.73,1778,163146
195,195,,*MANUAL*,51,1215,89,188.00,95.75,38.12,1712,163925
196,196,,*MANUAL*,54,1215,77,206.00,105.73,40.54,1339,141571
197,197,,*MANUAL*,51,1326,83,193.00,82.67,32.50,1861,153851
198,198,,*MANUAL*,50,1311,83,179.00,91.91,40.30,1945,178759
199,199,,*MANUAL*,49,1298,78,151.00,71.94,30.85,2808,202006
200,200,,*MANUAL*,49,1277,88,165.00,87.35,37.51,2046,178711
201,201,,*MANUAL*,50,1258,83,150.00,56.50,32.64,2969,167743
202,202,,*MANUAL*,51,1276,73,155.00,73.13,26.89,2881,210674
203,203,,*MANUAL*,50,1258,65,170.00,74.98,31.43,2928,219535
204,204,,*MANUAL*,49,1227,84,198.00,98.35,36.69,1769,173976
205,205,,*MANUAL*,51,1239,86,196.00,96.85,42.38,1979,191664
206,206,,*MANUAL*,59,1230,73,200.00,112.15,37.51,1829,205121
207,207,,*MANUAL*,50,1331,69,149.00,72.65,27.75,2013,146243
208,208,,*MANUAL*,51,1313,69,150.00,84.25,25.42,1933,162854
209,209,,*MANUAL*,53,1291,60,169.00,91.13,32.86,1745,159025
210,210,,*MANUAL*,54,1272,53,182.00,83.70,38.64,2013,168494
211,211,,*MANUAL*,59,1256,54,210.00,105.02,39.64,1651,173388
212,212,,*MANUAL*,54,1240,51,199.00,98.66,46.59,1957,193074
213,213,,*MANUAL*,50,1238,71,210.00,105.14,38.62,2053,215854
214,214,,*MANUAL*,51,1232,58,201.00,105.02,39.51,1813,190398
215,215,,*MANUAL*,49,1222,69,173.00,91.37,34.59,2103,192155
216,216,,*MANUAL*,55,1312,57,183.00,93.37,37.98,1863,173951
217,217,,*MANUAL*,99,1336,81,219.00,93.80,52.34,2103,197260
218,218,,*MANUAL*,98,1321,83,241.00,113.08,58.32,1915,216557
219,219,,*MANUAL*,99,1309,74,190.00,103.87,36.63,1912,198606
220,220,,*MANUAL*,100,1293,83,212.00,106.99,48.90,1750,187233
221,221,,*MANUAL*,100,1274,85,175.00,77.81,39.25,2469,192112
222,222,,*MANUAL*,99,1289,67,184.00,78.31,40.73,2713,212458
223,223,,*MANUAL*,100,1268,65,207.00,82.43,45.63,2686,221405
224,224,,*MANUAL*,99,1186,85,241.00,96.67,65.76,1731,167329
225,225,,*MANUAL*,97,1217,85,252.00,102.39,61.21,1876,192093
226,226,,*MANUAL*,98,1233,85,252.00,120.19,61.00,1744,209610
227,227,,*MANUAL*,97,1226,76,238.00,127.58,54.96,2007,256053
228,228,,*MANUAL*,100,1239,73,241.00,141.19,48.63,1344,189757
229,229,,*MANUAL*,98,1248,82,247.00,121.31,50.17,1907,231337
230,230,,*MANUAL*,91,1242,73,247.00,146.71,51.72,1633,239585
231,231,,*MANUAL*,100,1347,69,241.00,90.47,49.86,2103,190265
232,232,,*MANUAL*,99,1326,67,212.00,95.02,50.60,1844,175221
233,233,,*MANUAL*,98,1303,59,220.00,90.12,49.79,1813,163388
234,234,,*MANUAL*,95,1278,51,214.00,98.02,54.97,1900,186239
235,235,,*MANUAL*,91,1261,51,208.00,110.34,42.73,1990,219581
236,236,,*MANUAL*,95,1244,49,240.00,98.34,68.35,1571,154496
237,237,,*MANUAL*,102,1250,66,246.00,120.15,61.54,1552,186467
238,238,,*MANUAL*,94,1245,60,249.00,144.24,54.77,1749,252281
239,239,,*MANUAL*,95,1230,64,236.00,123.85,48.75,1905,235936
240,240,,*MANUAL*,89,1288,58,223.00,118.52,41.69,1959,232172
241,241,,*MANUAL*,89,1273,61,220.00,120.82,35.48,2065,249491
242,242,,*MANUAL*,91,1256,68,235.00,111.88,56.33,2026,226668
243,243,,*MANUAL*,92,1316,54,233.00,89.94,60.11,2348,211179
244,244,,*MANUAL*,87,1322,46,228.00,106.83,51.70,2023,216119
245,245,,*MANUAL*,64,1316,49,211.00,104.64,43.84,2084,218068
246,246,,*MANUAL*,62,1286,61,194.00,103.09,32.05,2019,208129
247,247,,*MANUAL*,63,1269,63,186.00,94.78,38.92,1905,180557
248,248,,*MANUAL*,60,1245,63,191.00,117.75,34.50,1616,190285
249,249,,*MANUAL*,62,1302,58,205.00,108.38,43.27,1988,215454
250,250,,*MANUAL*,87,1305,58,228.00,112.92,49.04,2785,314486
251,251,,*MANUAL*,81,1311,48,226.00,119.10,34.24,1959,233326
252,252,,*MANUAL*,72,1303,51,205.00,113.05,35.84,2041,230739
253,253,,*MANUAL*,80,1291,51,208.00,104.29,39.74,2099,218899
254,254,,*MANUAL*,66,1286,47,160.00,82.68,32.17,2103,173874
255,255,,*MANUAL*,82,1269,50,186.00,95.21,31.39,2015,191849
256,256,,*MANUAL*,70,1259,51,183.00,91.50,30.35,2969,271662
257,257,,*MANUAL*,68,1244,58,200.00,101.11,37.51,2087,211027
258,258,,*MANUAL*,83,1249,57,227.00,118.14,38.21,1987,234739
259,259,,*MANUAL*,87,1235,53,241.00,88.87,60.11,4067,361423
260,260,,*MANUAL*,61,1229,57,234.00,109.27,45.62,2037,222593
261,261,,*MANUAL*,92,1318,71,222.00,117.03,50.45,1712,200351
262,262,,*MANUAL*,91,1297,73,205.00,107.25,41.36,2103,225546
263,263,,*MANUAL*,91,1273,77,248.00,113.37,47.52,1979,224360
264,264,,*MANUAL*,97,1260,78,237.00,116.18,53.13,2103,244334
265,265,,*MANUAL*,59,1306,75,184.00,95.51,38.53,1344,128372
266,266,,*MANUAL*,60,1287,75,189.00,86.68,35.67,2103,182298
267,267,,*MANUAL*,61,1263,73,209.00,94.94,41.16,2103,199660
268,268,,*MANUAL*,60,1244,77,188.00,94.93,39.95,2103,199639
269,269,,*MANUAL*,57,1317,98,227.00,89.44,49.80,1845,165016
270,270,,*MANUAL*,58,1304,101,210.00,78.83,47.35,2360,186031
271,271,,*MANUAL*,60,1292,101,228.00,110.94,42.55,1551,172063
272,272,,*MANUAL*,59,1273,101,210.00,91.74,43.64,1553,142466
273,273,,*MANUAL*,63,1271,92,185.00,78.45,35.90,2822,221398
274,274,,*MANUAL*,90,1317,101,215.00,100.22,52.29,1682,168578
275,275,,*MANUAL*,88,1302,101,222.00,93.78,49.00,1927,180712
276,276,,*MANUAL*,87,1288,102,242.00,111.59,55.07,1453,162134
277,277,,*MANUAL*,86,1268,93,220.00,98.59,52.02,1486,146500
278,278,,*MANUAL*,92,1273,96,248.00,110.22,64.54,2089,230246
279,279,,*MANUAL*,58,1285,91,184.00,119.81,28.67,1197,143407
280,280,,*MANUAL*,67,1284,95,220.00,118.88,43.69,1833,217900
281,281,,*MANUAL*,79,1281,98,230.00,125.92,48.21,2012,253349
282,282,,*MANUAL*,92,1287,90,229.00,106.85,52.34,2055,219567
283,283,,*MANUAL*,86,1299,89,231.00,112.96,47.23,1841,207965
284,284,,*MANUAL*,78,1294,98,232.00,125.81,49.13,1621,203939
285,285,,*MANUAL*,67,1298,95,227.00,122.01,41.97,1811,220965
286,286,,*MANUAL*,59,1302,88,202.00,105.04,39.60,2101,220684
287,287,,*MANUAL*,92,1308,88,234.00,111.91,54.59,1919,214761
288,288,,*MANUAL*,88,1324,78,248.00,128.70,43.01,1254,161387
289,289,,*MANUAL*,86,1327,88,247.00,121.63,52.83,1945,236580
290,290,,*MANUAL*,64,1327,90,223.00,80.52,55.51,1886,151868
291,291,,*MANUAL*,61,1321,82,200.00,90.99,42.48,2083,189542
292,292,,*MANUAL*,59,1324,64,218.00,101.48,42.87,1748,177387
293,293,,*MANUAL*,67,1326,58,238.00,120.12,48.20,1843,221377
294,294,,*MANUAL*,78,1327,56,241.00,123.61,51.88,1661,205308
295,295,,*MANUAL*,87,1326,62,244.00,141.62,47.29,2103,297828
296,296,,*MANUAL*,84,1235,75,193.00,100.87,41.45,1657,167144
297,297,,*MANUAL*,72,1235,72,167.00,78.18,29.65,2103,164418
298,298,,*MANUAL*,78,1234,91,183.00,81.37,37.85,2014,163887
299,299,,*MANUAL*,85,1218,62,196.00,96.66,39.15,2077,200760
300,300,,*MANUAL*,71,1218,59,219.00,90.40,39.14,2074,187483
301,301,,*MANUAL*,66,1218,74,209.00,92.92,34.81,1948,181012
302,302,,*MANUAL*,88,1217,78,239.00,111.36,47.15,2096,233406
303,303,*NOUSE*,*NOUSE*,0,0,0,0,0,0,0,0
304,304,,*MANUAL*,70,1212,90,239.00,113.64,34.02,774,87956
305,305,,*MANUAL*,79,1209,89,225.00,121.39,40.58,1993,241934
306,306,,*MANUAL*,64,1207,81,236.00,109.50,51.55,1848,202352
307,307,,*MANUAL*,62,1193,78,158.00,75.44,27.54,2103,158655
308,308,,*MANUAL*,57,1168,81,171.00,70.42,35.64,2103,148103
309,309,,*MANUAL*,65,1204,59,203.00,95.40,34.85,1863,177733
310,310,,*MANUAL*,64,1190,53,212.00,99.15,42.46,1791,177580
311,311,,*MANUAL*,61,1154,55,212.00,89.87,49.65,2011,180730
312,312,,*MANUAL*,57,1163,62,170.00,70.68,32.65,1994,140934
313,313,,*MANUAL*,79,1209,52,241.00,107.62,53.45,2101,226104
314,314,,*MANUAL*,76,1190,51,188.00,83.09,41.13,2772,230312
315,315,,*MANUAL*,74,1164,47,172.00,55.23,37.47,3898,215279
316,316,,*MANUAL*,76,1194,95,231.00,103.37,49.04,2073,214287
317,317,,*MANUAL*,71,1164,98,185.00,92.84,39.37,2093,194319
318,318,,*MANUAL*,88,1202,82,253.00,118.94,57.87,2067,245850
319,319,,*MANUAL*,87,1187,84,226.00,86.73,45.91,2969,257492
320,320,,*MANUAL*,86,1163,87,190.00,69.30,44.31,2969,205737
321,321,,*MANUAL*,89,1200,62,235.00,88.90,51.38,2794,248389
322,322,,*MANUAL*,89,1187,55,240.00,112.87,56.86,2103,237363
323,323,,*MANUAL*,90,1163,65,208.00,90.18,51.26,2044,184327
324,324,,*MANUAL*,77,1150,93,249.00,102.93,60.74,2097,215850
325,325,,*MANUAL*,62,1153,93,242.00,100.91,54.90,1989,200706
326,326,,*MANUAL*,85,1145,73,190.00,63.26,33.83,2959,187191
327,327,,*MANUAL*,68,1142,86,194.00,91.50,44.24,1678,153534
328,328,,*MANUAL*,65,1138,95,231.00,117.78,53.87,1748,205876
329,329,,*MANUAL*,63,1131,90,218.00,76.91,58.66,2103,161745
330,330,,*MANUAL*,67,1132,56,183.00,93.93,38.20,2021,189834
331,331,,*MANUAL*,68,1122,65,219.00,95.86,48.97,1991,190862
332,332,,*MANUAL*,54,1137,67,206.00,101.33,39.00,1365,138317
333,333,,*MANUAL*,78,1129,64,239.00,106.03,57.04,2103,222979
334,334,,*MANUAL*,82,1100,50,117.00,41.85,22.61,4101,171630
335,335,,*MANUAL*,55,1085,55,105.00,39.58,18.77,4139,163842
336,336,,*MANUAL*,61,1081,96,130.00,45.81,19.94,4139,189597
337,337,,*MANUAL*,85,1083,92,123.00,45.20,24.12,4139,187100
338,338,,*MANUAL*,66,1029,98,96.00,43.61,17.24,4051,176654
339,339,,*MANUAL*,74,950,96,97.00,35.24,16.27,4139,145853
340,340,,*MANUAL*,73,864,92,88.00,32.79,14.97,4139,135727
341,341,,*MANUAL*,77,1031,51,99.00,39.95,17.38,4139,165334
342,342,,*MANUAL*,69,967,59,91.00,34.63,16.82,3540,122578
343,343,,*MANUAL*,70,897,58,75.00,33.29,12.15,3837,127715
344,344,,*MANUAL*,76,457,90,137.00,47.28,25.79,2928,138438
345,345,,*MANUAL*,74,535,89,105.00,42.51,16.69,3951,167974
346,346,,*MANUAL*,73,625,90,88.00,35.75,15.13,4139,147973
347,347,*NOUSE*,*NOUSE*,0,0,0,0,0,0,0,0
348,348,,*MANUAL*,61,430,66,89.00,37.92,15.43,2969,112588
349,349,,*MANUAL*,60,494,67,81.00,29.38,12.17,4108,120707
350,350,,*MANUAL*,74,585,61,79.00,28.15,15.25,4139,116526
351,351,,*MANUAL*,70,680,68,90.00,36.53,15.26,4139,151177
352,352,,*MANUAL*,77,728,76,95.00,30.75,17.13,4139,127278
353,353,,*MANUAL*,62,780,79,80.00,36.12,13.55,4008,144751
354,354,,*MANUAL*,72,817,68,87.00,32.18,13.11,4139,133186
355,355,,*MANUAL*,70,554,103,197.00,83.11,44.96,2103,174786
356,356,,*MANUAL*,66,522,100,184.00,66.73,42.18,2969,198122
357,357,,*MANUAL*,64,494,100,194.00,97.72,30.60,1360,132899
358,358,,*MANUAL*,72,703,105,228.00,103.38,53.11,1807,186805
359,359,,*MANUAL*,72,645,105,208.00,65.26,47.66,2960,193175
360,360,,*MANUAL*,71,808,110,225.00,81.00,47.55,2969,240499
361,361,,*MANUAL*,70,737,110,224.00,68.11,49.69,2946,200644
362,362,,*MANUAL*,71,862,108,238.00,102.75,58.41,2073,213008
363,363,,*MANUAL*,71,885,107,218.00,94.45,50.60,2103,198620
364,364,,*MANUAL*,69,940,110,208.00,89.44,47.76,2103,188083
365,365,,*MANUAL*,70,980,110,211.00,83.40,44.65,2103,175396
366,366,,*MANUAL*,74,1030,109,230.00,94.09,55.28,2103,197864
367,367,,*MANUAL*,72,1067,108,224.00,80.49,51.69,2103,169266
368,368,,*MANUAL*,71,1096,109,183.00,71.44,44.21,2103,150229
369,369,,*MANUAL*,71,1163,112,236.00,96.33,55.52,1825,175810
370,370,,*MANUAL*,72,1186,111,194.00,84.89,46.91,2103,178528
371,371,*NOUSE*,*NOUSE*,0,0,0,0,0,0,0,0
372,372,,*MANUAL*,71,1202,105,243.00,112.43,46.35,1605,180457
373,373,,*MANUAL*,81,1199,107,228.00,98.87,46.57,1986,196357
374,374,,*MANUAL*,75,1212,113,220.00,93.44,45.54,1957,182868
375,375,,*MANUAL*,81,1219,107,237.00,105.40,54.70,1871,197201
376,376,,*MANUAL*,69,1219,104,228.00,105.40,42.81,1633,172114
377,377,,*MANUAL*,70,1231,106,224.00,110.05,43.85,1636,180038
378,378,,*MANUAL*,78,1233,109,251.00,114.16,56.59,1567,178884
379,379,,*MANUAL*,78,1248,107,254.00,127.94,50.74,891,113995
380,380,,*MANUAL*,85,1237,103,247.00,114.93,62.13,1827,209974
381,381,,*MANUAL*,71,1246,110,252.00,114.42,51.18,1717,196458
382,382,,*MANUAL*,73,1310,112,157.00,80.26,37.33,1365,109552
383,383,,*MANUAL*,72,1291,106,226.00,102.04,48.67,2103,214587
384,384,,*MANUAL*,71,1267,111,202.00,75.64,37.49,2103,159081
385,385,,*MANUAL*,54,1560,79,107.00,36.62,20.82,2969,108715
386,386,,*MANUAL*,47,1466,73,120.00,50.71,21.87,2969,150570
387,387,,*MANUAL*,48,1349,83,159.00,44.34,26.15,4139,183535
388,388,,*MANUAL*,47,1206,79,185.00,58.61,32.67,4139,242586
389,389,,*MANUAL*,50,1205,60,119.00,43.27,23.80,4139,179080
390,390,,*MANUAL*,46,1172,66,117.00,41.04,20.53,2969,121836
391,391,,*MANUAL*,47,1155,88,121.00,39.61,18.65,4139,163938
392,392,,*MANUAL*,47,1066,80,159.00,43.06,31.12,4139,178229
393,393,,*MANUAL*,51,1033,79,224.00,68.39,51.64,2726,186428
394,394,,*MANUAL*,48,1000,95,140.00,41.65,27.51,4139,172399
395,395,,*MANUAL*,45,949,91,126.00,40.26,24.70,4139,166645
396,396,,*MANUAL*,48,897,93,130.00,37.71,26.04,4139,156091
397,397,,*MANUAL*,49,844,92,141.00,38.45,28.27,4139,159140
398,398,,*MANUAL*,49,787,100,131.00,55.46,28.09,2763,153239
399,399,,*MANUAL*,51,711,92,162.00,41.58,31.78,3973,165209
400,400,,*MANUAL*,55,660,96,121.00,41.36,25.96,2969,122789
401,401,,*MANUAL*,56,593,82,118.00,47.15,19.72,1365,64363
402,402,,*MANUAL*,55,561,83,138.00,49.32,22.52,2969,146444
403,403,,*MANUAL*,51,537,90,121.00,41.11,22.55,2969,122050
404,404,,*MANUAL*,48,484,79,89.00,30.62,17.57,4139,126722
405,405,,*MANUAL*,49,1040,67,136.00,31.87,19.18,4139,131915
406,406,,*MANUAL*,48,908,68,128.00,29.49,17.59,4139,122077
407,407,,*MANUAL*,47,805,71,109.00,26.99,17.84,4139,111732
408,408,,*MANUAL*,53,666,72,116.00,33.58,20.62,4139,138991
409,409,,*MANUAL*,50,528,66,87.00,27.15,15.44,4139,112383
410,410,,*MANUAL*,57,375,60,118.00,38.78,20.68,3846,149152
411,411,,*MANUAL*,89,1090,75,251.00,102.27,61.33,2103,215068
412,412,,*MANUAL*,93,1055,73,212.00,56.16,45.97,4139,232438
413,413,,*MANUAL*,95,996,86,199.00,57.84,44.37,4139,239398
414,414,,*MANUAL*,94,943,80,167.00,47.35,34.55,4139,195964
415,415,,*MANUAL*,94,899,85,184.00,53.45,40.76,4139,221247
416,416,,*MANUAL*,93,845,83,194.00,49.60,37.54,4139,205291
417,417,,*MANUAL*,93,790,87,186.00,54.72,39.20,3771,206344
418,418,,*MANUAL*,93,721,84,170.00,43.10,32.48,4139,178404
419,419,,*MANUAL*,93,668,89,169.00,47.62,37.31,4139,197093
420,420,,*MANUAL*,92,629,80,177.00,65.26,33.61,2553,166612
421,421,,*MANUAL*,92,576,81,145.00,46.28,30.14,4139,191559
422,422,,*MANUAL*,88,541,90,154.00,41.69,35.02,4139,172560
423,423,,*MANUAL*,84,499,79,155.00,39.22,30.59,4139,162327
424,424,,*MANUAL*,84,629,71,130.00,48.21,26.54,2965,142948
425,425,,*MANUAL*,71,166,80,149.00,54.06,30.72,2073,112069
426,426,,*MANUAL*,71,153,76,152.00,58.17,36.29,2103,122338
427,427,,*MANUAL*,70,113,76,117.00,26.09,24.53,2969,77458
428,428,,*MANUAL*,72,208,80,141.00,56.96,35.29,1764,100477
429,429,,*MANUAL*,66,203,75,149.00,60.25,28.06,2103,126697
430,430,,*MANUAL*,70,232,83,161.00,68.59,33.21,2103,144248
431,431,,*MANUAL*,68,251,85,152.00,65.77,34.80,2103,138306
432,432,,*MANUAL*,69,258,71,159.00,71.79,37.53,1919,137760
433,433,,*MANUAL*,73,270,73,159.00,51.04,30.34,3873,197679
434,434,,*MANUAL*,60,278,71,141.00,45.01,27.10,3764,169422
435,435,,*MANUAL*,63,273,82,188.00,70.47,41.65,2103,148204
436,436,,*MANUAL*,62,303,73,213.00,93.26,38.45,1976,184285
437,437,,*MANUAL*,63,315,64,203.00,91.44,45.81,1997,182600
438,438,,*MANUAL*,60,330,66,207.00,99.09,40.19,1344,133183
439,439,,*MANUAL*,62,328,76,198.00,79.94,39.39,1851,147973
440,440,,*MANUAL*,61,344,70,175.00,91.85,32.51,1621,148896
441,441,,*MANUAL*,62,351,81,153.00,70.62,35.79,1849,130575
442,442,,*MANUAL*,60,363,73,168.00,79.46,34.94,1729,137390
443,443,,*MANUAL*,60,386,75,150.00,77.80,25.93,1860,144700
444,444,,*MANUAL*,60,401,80,162.00,88.15,29.68,1749,154168
445,445,,*MANUAL*,72,286,79,171.00,70.19,45.59,2075,145639
446,446,,*MANUAL*,73,297,72,219.00,91.35,49.52,2001,182795
447,447,,*MANUAL*,73,309,65,200.00,89.54,50.14,2071,185445
448,448,,*MANUAL*,80,327,68,224.00,112.11,52.54,1625,182172
449,449,,*MANUAL*,79,319,73,221.00,86.94,51.85,1672,145362
450,450,,*MANUAL*,83,339,71,198.00,100.61,45.48,1887,189856
451,451,,*MANUAL*,83,350,81,219.00,81.07,54.00,1897,153784
452,452,,*MANUAL*,85,362,74,207.00,92.24,38.70,1854,171011
453,453,,*MANUAL*,85,388,71,188.00,78.62,38.71,2024,159126
454,454,*NOUSE*,*NOUSE*,0,0,0,0,0,0,0,0
455,455,,*MANUAL*,71,381,56,172.00,64.42,40.63,2672,172137
456,456,,*MANUAL*,72,362,67,189.00,86.47,35.44,3326,287584
457,457,,*MANUAL*,73,342,82,207.00,67.91,42.22,3877,263278
458,458,,*MANUAL*,72,344,69,181.00,97.76,28.38,2103,205579
459,459,,*MANUAL*,70,319,78,210.00,91.83,44.17,2867,263277
460,460,,*MANUAL*,69,327,62,182.00,94.77,37.69,2103,199305
461,461,,*MANUAL*,72,369,94,155.00,62.02,38.57,2103,130426
462,462,,*MANUAL*,70,378,81,188.00,87.67,33.88,1669,146313
463,463,,*MANUAL*,64,390,90,164.00,79.17,33.76,1773,140377
464,464,,*MANUAL*,65,408,90,165.00,68.92,36.53,2903,200077
465,465,,*MANUAL*,58,430,90,139.00,42.92,30.28,2969,127442
466,466,,*MANUAL*,72,393,83,207.00,109.50,39.26,1907,208817
467,467,,*MANUAL*,81,383,84,183.00,91.80,33.20,2103,193058
468,468,,*MANUAL*,78,401,87,198.00,98.73,46.69,1482,146314
469,469,,*MANUAL*,74,423,92,139.00,61.19,29.44,2103,128690
470,470,,*MANUAL*,83,444,86,155.00,52.20,31.77,2103,109780
471,471,,*MANUAL*,86,405,83,181.00,53.68,39.37,2969,159371
472,472,,*MANUAL*,54,412,81,157.00,46.78,24.87,2969,138904
473,473,,*MANUAL*,52,887,61,146.00,69.37,36.41,2103,145890
474,474,,*MANUAL*,48,778,83,152.00,65.38,28.68,2103,137503
475,475,,*MANUAL*,57,687,93,198.00,78.20,46.95,2103,164465
476,476,,*MANUAL*,87,928,55,207.00,84.91,52.43,2103,178560
477,477,,*MANUAL*,90,822,76,233.00,84.35,52.48,2103,177392
478,478,,*MANUAL*,89,743,83,243.00,86.21,61.20,2103,181296
479,479,,*MANUAL*,65,1255,96,122.00,42.13,21.82,4139,174392
480,480,*NOUSE*,*NOUSE*,0,0,0,0,0,0,0,0
481,481,*NOUSE*,*NOUSE*,0,0,0,0,0,0,0,0
482,482,,*MANUAL*,66,1232,96,229.00,144.16,36.31,792,114176
483,483,,*MANUAL*,58,1231,91,227.00,131.61,36.02,1365,179649
484,484,,*MANUAL*,60,1216,97,197.00,97.02,37.79,2103,204040
485,485,,*MANUAL*,54,1529,93,132.00,46.67,27.04,2969,138554
486,486,,*MANUAL*,55,1496,96,121.00,41.49,25.78,2103,87262
487,487,,*MANUAL*,60,1467,101,139.00,59.24,25.59,2103,124573
488,488,,*MANUAL*,54,1424,102,145.00,61.88,28.84,2103,130132
489,489,,*MANUAL*,60,1368,106,233.00,75.25,49.59,2103,158251
490,490,,*MANUAL*,55,1344,101,155.00,58.24,35.19,2103,122477
491,491,,*MANUAL*,62,1242,107,192.00,86.46,43.43,2103,181815
492,492,,*MANUAL*,61,1196,104,181.00,73.00,40.78,2969,216725
493,493,,*MANUAL*,56,1171,102,206.00,68.95,41.95,2103,145010
494,494,,*MANUAL*,62,1155,108,219.00,69.94,45.69,2103,147088
495,495,,*MANUAL*,54,1105,103,165.00,62.31,36.36,2103,131044
496,496,,*MANUAL*,63,1005,109,185.00,58.46,45.06,2969,173580
497,497,,*MANUAL*,57,952,105,181.00,69.50,41.98,2103,146154
498,498,,*MANUAL*,61,900,104,206.00,79.84,48.23,2103,167904
499,499,,*MANUAL*,60,852,106,194.00,72.07,39.75,2969,213988
500,500,,*MANUAL*,60,791,106,185.00,96.44,34.44,2103,202815
501,501,,*MANUAL*,62,705,101,212.00,79.80,42.05,2969,236933
502,502,,*MANUAL*,63,587,99,178.00,59.19,34.89,2969,175734
503,503,,*MANUAL*,54,504,97,170.00,55.12,35.12,2969,163659
504,504,,*MANUAL*,63,303,87,141.00,53.95,33.03,1821,98243
505,505,,*MANUAL*,65,288,64,158.00,70.50,33.46,2103,148251
506,506,,*MANUAL*,72,306,85,151.00,65.34,26.11,2103,137418
507,507,,*MANUAL*,76,505,95,188.00,68.53,39.71,2103,144122
508,508,,*MANUAL*,86,588,97,185.00,71.80,41.60,2103,151002
509,509,,*MANUAL*,86,649,96,189.00,73.78,43.86,2103,155166
510,510,,*MANUAL*,84,742,97,212.00,83.89,46.17,2103,176411
511,511,,*MANUAL*,84,828,104,204.00,77.88,50.69,2044,159195
512,512,,*MANUAL*,86,874,100,223.00,85.64,50.13,2103,180101
513,513,,*MANUAL*,83,928,103,214.00,81.69,52.03,2103,171796
514,514,,*MANUAL*,86,987,102,235.00,78.89,52.70,2103,165909
515,515,,*MANUAL*,85,1039,103,234.00,88.83,49.66,1885,167446
516,516,,*MANUAL*,87,1117,100,235.00,77.32,49.01,2103,162604
517,517,,*MANUAL*,87,1158,105,212.00,63.44,48.80,2103,133424
518,518,,*MANUAL*,91,1179,101,224.00,78.46,53.03,2103,165005
519,519,,*MANUAL*,92,1200,99,214.00,90.84,43.24,2019,183410
520,520,,*MANUAL*,86,1262,105,204.00,82.30,43.67,2103,173079
521,521,,*MANUAL*,94,1330,96,214.00,64.71,43.72,2103,136085
522,522,,*MANUAL*,88,1361,105,199.00,65.52,46.95,2103,137796
523,523,,*MANUAL*,95,1426,95,198.00,75.71,41.24,2103,159219
524,524,,*MANUAL*,86,1460,102,166.00,64.02,35.20,2103,134625
525,525,,*MANUAL*,88,1500,96,178.00,50.18,36.87,2103,105538
526,526,,*MANUAL*,90,1538,91,198.00,58.36,37.67,2103,122733
527,527,,*MANUAL*,89,1213,100,224.00,92.31,51.04,2103,194135
528,528,,*MANUAL*,92,1231,96,208.00,98.61,47.96,2103,207377
529,529,,*MANUAL*,78,1172,111,228.00,94.05,55.08,2103,197793
530,530,,*MANUAL*,92,1249,94,245.00,81.13,56.10,2103,170615
531,531,,*MANUAL*,90,1580,77,159.00,49.06,34.32,2969,145655
532,532,,*MANUAL*,96,1470,74,184.00,65.87,35.98,2969,195577
533,533,,*MANUAL*,101,1375,76,181.00,61.99,36.20,2969,184035
534,534,,*MANUAL*,103,1205,79,184.00,64.70,38.22,2969,192087
535,535,,*MANUAL*,100,1213,58,170.00,59.55,34.94,2969,176807
536,536,,*MANUAL*,100,1174,61,189.00,56.24,35.71,4139,232785
537,537,,*MANUAL*,99,1147,82,156.00,49.61,32.99,4139,205322
538,538,,*MANUAL*,96,1131,69,178.00,55.37,33.01,4139,229185
539,539,,*MANUAL*,94,1013,65,133.00,37.18,28.83,4139,153896
540,540,,*MANUAL*,92,901,62,150.00,42.41,28.50,4139,175521
541,541,,*MANUAL*,90,793,64,160.00,40.58,28.57,4139,167940
542,542,,*MANUAL*,91,665,64,141.00,35.43,23.37,4139,146632
543,543,,*MANUAL*,85,535,65,137.00,41.34,24.67,4139,171113
544,544,,*MANUAL*,89,1541,64,180.00,52.78,36.41,2969,156697
545,545,,*MANUAL*,87,1509,54,163.00,44.87,38.38,2969,133206
546,546,,*MANUAL*,85,1470,47,161.00,56.95,34.80,2969,169072
547,547,,*MANUAL*,93,1435,54,225.00,49.28,41.00,4139,203989
548,548,,*MANUAL*,86,1386,43,164.00,57.56,36.39,2103,121042
549,549,,*MANUAL*,91,1364,49,226.00,92.29,51.73,2103,194085
550,550,,*MANUAL*,80,1248,40,203.00,81.82,39.61,2103,172061
551,551,,*MANUAL*,74,1231,46,216.00,114.40,34.92,1701,194600
552,552,,*MANUAL*,83,1218,40,247.00,89.62,48.60,2103,188481
553,553,,*MANUAL*,83,1170,37,183.00,50.98,41.19,2969,151365
554,554,,*MANUAL*,87,1139,44,209.00,71.37,49.77,2969,211905
555,555,,*MANUAL*,77,1086,38,207.00,60.21,51.02,2969,178768
556,556,,*MANUAL*,84,1007,49,221.00,67.58,47.70,2969,200645
557,557,,*MANUAL*,74,968,46,207.00,62.57,46.08,2969,185782
558,558,,*MANUAL*,79,895,48,215.00,63.80,45.54,2969,189426
559,559,,*MANUAL*,76,843,50,183.00,55.97,45.00,2969,166172
560,560,,*MANUAL*,78,774,51,171.00,62.09,40.84,2103,130574
561,561,,*MANUAL*,78,702,51,193.00,57.39,49.24,2969,170392
562,562,,*MANUAL*,79,621,55,170.00,55.86,39.31,2969,165834
563,563,,*MANUAL*,76,546,53,193.00,52.94,42.27,2969,157168
564,564,,*MANUAL*,74,484,57,144.00,41.96,34.90,2969,124570
565,565,,*MANUAL*,87,366,61,137.00,33.30,25.14,2504,83395
566,566,,*MANUAL*,77,358,56,192.00,89.75,41.05,2103,188736
567,567,,*MANUAL*,79,373,61,203.00,101.30,36.17,2045,207152
568,568,,*MANUAL*,64,363,60,183.00,88.41,38.76,2103,185916
569,569,,*MANUAL*,57,1529,60,134.00,57.99,24.58,2103,121950
570,570,,*MANUAL*,58,1503,52,175.00,64.30,34.82,2103,135218
571,571,,*MANUAL*,59,1470,47,154.00,59.18,29.97,2103,124456
572,572,,*MANUAL*,55,1432,50,142.00,57.41,29.91,2103,120732
573,573,,*MANUAL*,64,1346,42,137.00,51.09,30.83,2048,104635
574,574,,*MANUAL*,57,1355,49,192.00,68.96,35.16,2103,145029
575,575,,*MANUAL*,65,1231,42,205.00,87.69,42.88,2103,184410
576,576,,*MANUAL*,59,1196,43,172.00,54.46,25.80,2103,114524
577,577,,*MANUAL*,61,1146,40,197.00,68.51,37.50,2102,144003
578,578,,*MANUAL*,55,1133,45,188.00,71.40,37.71,2103,150146
579,579,,*MANUAL*,58,1050,46,195.00,65.40,40.62,2103,137546
580,580,,*MANUAL*,57,973,52,170.00,71.55,34.35,2103,150474
581,581,,*MANUAL*,59,909,49,187.00,70.49,38.93,2103,148249
582,582,,*MANUAL*,58,856,54,157.00,59.23,35.51,2103,124567
583,583,,*MANUAL*,60,804,53,166.00,65.78,38.29,2103,138327
584,584,,*MANUAL*,61,708,56,189.00,68.42,37.38,2103,143881
585,585,,*MANUAL*,63,658,55,166.00,68.31,34.81,2103,143664
586,586,,*MANUAL*,64,568,55,185.00,66.08,32.21,2103,138969
587,587,,*MANUAL*,57,511,57,140.00,57.28,29.36,2103,120465
588,588,,*MANUAL*,59,451,58,103.00,39.06,21.46,2103,82151
589,589,,*MANUAL*,91,1045,94,251.00,104.95,66.50,2103,220700
590,590,,*MANUAL*,91,1023,94,246.00,103.70,65.33,2103,218079
591,591,,*MANUAL*,88,818,95,250.00,90.61,66.83,2969,269022
592,592,,*MANUAL*,57,816,105,201.00,97.60,43.63,2103,205245
593,593,,*MANUAL*,86,800,92,219.00,84.43,36.79,2969,250687
594,594,,*MANUAL*,82,777,93,158.00,63.14,29.43,4139,261329
595,595,,*MANUAL*,63,746,95,170.00,60.61,31.30,4139,250865
596,596,,*MANUAL*,58,724,96,175.00,86.75,29.26,2103,182441
597,597,,*MANUAL*,72,613,105,181.00,80.32,47.18,2103,168906
598,598,,*MANUAL*,75,1310,97,214.00,136.05,34.23,599,81494
599,599,,*MANUAL*,67,1313,95,229.00,123.38,42.29,2103,259478
600,600,,*MANUAL*,83,1314,94,244.00,144.85,45.38,2103,304629
601,601,,*MANUAL*,64,403,65,149.00,65.63,31.59,1879,123311
602,602,,*MANUAL*,75,402,67,147.00,65.00,29.78,2103,136691
603,603,f1,*MANUAL*,72,1313,74,45.00,12.05, 4.92,2103,25345
604,604,f2,*MANUAL*,68,1206,70,178.00,39.55,36.96,2103,83165
605,605,f3,*MANUAL*,69,378,70,146.00,24.88,20.95,2103,52317
606,606,f4,*MANUAL*,65,652,83,17.00, 2.17, 2.01,2969,6446
607,607,f5,*MANUAL*,63,884,86,22.00, 2.34, 2.34,4139,9681
608,608,f6,*MANUAL*,64,972,80,10.00, 1.09, 1.41,4139,4496
609,609,f7,*MANUAL*,67,1071,80,27.00, 2.56, 2.37,4139,10603
610,610,f8,*MANUAL*,66,1332,78,146.00,11.11,17.16,2969,32980
611,611,f9,*MANUAL*,67,1384,90,107.00, 9.13, 8.15,2103,19194
612,612,f10,*MANUAL*,67,907,68,65.00, 4.11, 7.88,2103,8636
