0,0,*NOUSE*,*NOUSE*,0,0,0,0,0,0,0,0
1,1,,,40,1216,64,168.00,73.00,36.44,5928,432720
2,2,,,41,1319,50,165.00,70.26,27.42,6016,422683
3,3,*NOUSE*,*NOUSE*,0,0,0,0,0,0,0,0
4,4,*NOUSE*,*NOUSE*,0,0,0,0,0,0,0,0
5,5,*NOUSE*,*NOUSE*,0,0,0,0,0,0,0,0
6,6,,,42,1419,82,145.00,59.33,26.83,3375,200235
7,7,,,47,1429,54,125.00,45.39,22.66,6185,280719
8,8,*NOUSE*,*NOUSE*,0,0,0,0,0,0,0,0
9,9,*NOUSE*,*NOUSE*,0,0,0,0,0,0,0,0
10,10,,,47,1024,34,127.00,37.87,26.45,5103,193249
11,11,,,49,1368,43,137.00,46.34,25.08,8402,389336
12,12,,,50,1000,43,95.00,20.72,16.47,11518,238598
13,13,*NOUSE*,*NOUSE*,0,0,0,0,0,0,0,0
14,14,*NOUSE*,*NOUSE*,0,0,0,0,0,0,0,0
15,15,,,46,1397,92,144.00,48.57,28.46,3933,191029
16,16,,,42,1320,94,136.00,71.81,25.50,1684,120926
17,17,*NOUSE*,*NOUSE*,0,0,0,0,0,0,0,0
18,18,*NOUSE*,*NOUSE*,0,0,0,0,0,0,0,0
19,19,,,42,1203,58,149.00,94.26,24.01,603,56836
20,20,,,52,711,61,57.00,15.42,11.76,13270,204608
21,21,*NOUSE*,*NOUSE*,0,0,0,0,0,0,0,0
22,22,*NOUSE*,*NOUSE*,0,0,0,0,0,0,0,0
23,23,*NOUSE*,*NOUSE*,0,0,0,0,0,0,0,0
24,24,,,51,1265,102,191.00,65.31,38.46,6807,444561
25,25,,,50,1273,47,167.00,70.27,30.13,5892,414048
26,26,*NOUSE*,*NOUSE*,0,0,0,0,0,0,0,0
27,27,*NOUSE*,*NOUSE*,0,0,0,0,0,0,0,0
28,28,*NOUSE*,*NOUSE*,0,0,0,0,0,0,0,0
29,29,,,52,1057,37,162.00,44.75,32.16,6627,296590
30,30,,,51,1154,41,158.00,57.07,35.12,6152,351099
31,31,,,53,1208,47,204.00,74.29,35.04,9074,674096
32,32,,,55,955,82,134.00,27.23,18.19,12139,330597
33,33,*NOUSE*,*NOUSE*,0,0,0,0,0,0,0,0
34,34,,,51,718,93,146.00,45.04,32.45,6491,292357
35,35,,,48,1362,97,135.00,51.99,31.85,3967,206226
36,36,*NOUSE*,*NOUSE*,0,0,0,0,0,0,0,0
37,37,*NOUSE*,*NOUSE*,0,0,0,0,0,0,0,0
38,38,*NOUSE*,*NOUSE*,0,0,0,0,0,0,0,0
39,39,*NOUSE*,*NOUSE*,0,0,0,0,0,0,0,0
40,40,,,46,1114,38,143.00,68.13,18.75,1390,94696
41,41,*NOUSE*,*NOUSE*,0,0,0,0,0,0,0,0
42,42,*NOUSE*,*NOUSE*,0,0,0,0,0,0,0,0
43,43,,,53,951,97,164.00,60.05,39.06,4844,290869
44,44,*NOUSE*,*NOUSE*,0,0,0,0,0,0,0,0
45,45,*NOUSE*,*NOUSE*,0,0,0,0,0,0,0,0
46,46,,,52,801,39,145.00,40.10,32.45,4211,168856
47,47,,,55,405,53,84.00,20.04,16.44,8538,171134
48,48,,,53,638,90,148.00,59.53,32.32,3928,233840
49,49,*NOUSE*,*NOUSE*,0,0,0,0,0,0,0,0
50,50,,,54,853,33,148.00,43.17,33.06,4664,201322
51,51,*NOUSE*,*NOUSE*,0,0,0,0,0,0,0,0
52,52,,,52,664,47,124.00,36.36,27.12,3714,135052
53,53,,,49,432,77,109.00,56.01,18.71,1534,85923
54,54,,,55,453,86,124.00,34.79,27.24,6128,213200
55,55,,,55,1156,106,185.00,70.46,40.61,4793,337720
56,56,*NOUSE*,*NOUSE*,0,0,0,0,0,0,0,0
57,57,*NOUSE*,*NOUSE*,0,0,0,0,0,0,0,0
58,58,*NOUSE*,*NOUSE*,0,0,0,0,0,0,0,0
59,59,,,55,535,91,103.00,32.49,21.92,6374,207104
60,60,,,50,1280,94,198.00,127.83,29.98,899,114923
61,61,*NOUSE*,*NOUSE*,0,0,0,0,0,0,0,0
62,62,*NOUSE*,*NOUSE*,0,0,0,0,0,0,0,0
63,63,,,55,1057,98,167.00,70.83,33.41,3686,261089
64,64,,,51,1103,102,168.00,95.59,24.51,1251,119582
65,65,,,54,523,47,104.00,34.96,23.20,4029,140872
66,66,*NOUSE*,*NOUSE*,0,0,0,0,0,0,0,0
67,67,*NOUSE*,*NOUSE*,0,0,0,0,0,0,0,0
68,68,*NOUSE*,*NOUSE*,0,0,0,0,0,0,0,0
69,69,*NOUSE*,*NOUSE*,0,0,0,0,0,0,0,0
70,70,*NOUSE*,*NOUSE*,0,0,0,0,0,0,0,0
71,71,,,62,620,54,65.00,15.39, 9.96,12231,188238
72,72,,,52,1197,96,192.00,146.20,17.22,324,47368
73,73,*NOUSE*,*NOUSE*,0,0,0,0,0,0,0,0
74,74,*NOUSE*,*NOUSE*,0,0,0,0,0,0,0,0
75,75,*NOUSE*,*NOUSE*,0,0,0,0,0,0,0,0
76,76,*NOUSE*,*NOUSE*,0,0,0,0,0,0,0,0
77,77,*NOUSE*,*NOUSE*,0,0,0,0,0,0,0,0
78,78,*NOUSE*,*NOUSE*,0,0,0,0,0,0,0,0
79,79,*NOUSE*,*NOUSE*,0,0,0,0,0,0,0,0
80,80,*NOUSE*,*NOUSE*,0,0,0,0,0,0,0,0
81,81,,,65,880,79,145.00,22.82,14.35,13948,318356
82,82,*NOUSE*,*NOUSE*,0,0,0,0,0,0,0,0
83,83,*NOUSE*,*NOUSE*,0,0,0,0,0,0,0,0
84,84,,,66,414,75,112.00,30.27,21.80,8692,263068
85,85,*NOUSE*,*NOUSE*,0,0,0,0,0,0,0,0
86,86,*NOUSE*,*NOUSE*,0,0,0,0,0,0,0,0
87,87,,,69,489,76,72.00,21.36,14.65,10026,214132
88,88,*NOUSE*,*NOUSE*,0,0,0,0,0,0,0,0
89,89,*NOUSE*,*NOUSE*,0,0,0,0,0,0,0,0
90,90,*NOUSE*,*NOUSE*,0,0,0,0,0,0,0,0
91,91,*NOUSE*,*NOUSE*,0,0,0,0,0,0,0,0
92,92,*NOUSE*,*NOUSE*,0,0,0,0,0,0,0,0
93,93,*NOUSE*,*NOUSE*,0,0,0,0,0,0,0,0
94,94,,,65,303,54,144.00,94.00,22.84,928,87232
95,95,*NOUSE*,*NOUSE*,0,0,0,0,0,0,0,0
96,96,,,70,994,29,154.00,41.89,37.05,5063,212071
97,97,*NOUSE*,*NOUSE*,0,0,0,0,0,0,0,0
98,98,*NOUSE*,*NOUSE*,0,0,0,0,0,0,0,0
99,99,,,72,1007,80,142.00,31.06,22.69,11299,350899
100,100,*NOUSE*,*NOUSE*,0,0,0,0,0,0,0,0
101,101,*NOUSE*,*NOUSE*,0,0,0,0,0,0,0,0
102,102,*NOUSE*,*NOUSE*,0,0,0,0,0,0,0,0
103,103,,,72,792,42,150.00,39.87,35.66,4271,170291
104,104,,,71,639,44,128.00,33.36,28.36,4510,150445
105,105,,,71,503,48,116.00,30.58,25.33,4931,150802
106,106,,,72,1375,44,159.00,54.46,33.12,6820,371442
107,107,*NOUSE*,*NOUSE*,0,0,0,0,0,0,0,0
108,108,*NOUSE*,*NOUSE*,0,0,0,0,0,0,0,0
109,109,,,67,1089,106,180.00,101.21,36.50,1239,125399
110,110,,,70,572,42,123.00,45.22,24.50,2670,120729
111,111,*NOUSE*,*NOUSE*,0,0,0,0,0,0,0,0
112,112,*NOUSE*,*NOUSE*,0,0,0,0,0,0,0,0
113,113,,,72,441,45,106.00,33.63,23.96,4062,136592
114,114,,,72,1281,44,217.00,60.94,36.39,7280,443660
115,115,*NOUSE*,*NOUSE*,0,0,0,0,0,0,0,0
116,116,*NOUSE*,*NOUSE*,0,0,0,0,0,0,0,0
117,117,,,74,594,86,130.00,42.40,29.41,5468,231856
118,118,,,73,977,92,178.00,43.16,34.77,6137,264895
119,119,,,73,864,91,166.00,39.46,33.40,6071,239579
120,120,*NOUSE*,*NOUSE*,0,0,0,0,0,0,0,0
121,121,*NOUSE*,*NOUSE*,0,0,0,0,0,0,0,0
122,122,,,74,1081,29,157.00,43.32,35.57,7940,343994
123,123,,,72,894,34,168.00,48.03,39.17,4032,193674
124,124,,,71,1220,42,184.00,112.76,30.74,1776,200261
125,125,,,74,548,90,115.00,40.20,25.90,4857,195260
126,126,,,73,757,91,127.00,42.25,30.20,6374,269320
127,127,,,74,1362,95,161.00,43.57,31.31,4346,189364
128,128,*NOUSE*,*NOUSE*,0,0,0,0,0,0,0,0
129,129,*NOUSE*,*NOUSE*,0,0,0,0,0,0,0,0
130,130,,,75,934,35,155.00,37.50,31.50,4835,181330
131,131,,,75,852,39,162.00,44.82,34.64,4258,190834
132,132,*NOUSE*,*NOUSE*,0,0,0,0,0,0,0,0
133,133,*NOUSE*,*NOUSE*,0,0,0,0,0,0,0,0
134,134,,,76,904,91,153.00,42.54,33.75,6758,287495
135,135,,,75,673,93,140.00,39.71,28.81,7902,313771
136,136,*NOUSE*,*NOUSE*,0,0,0,0,0,0,0,0
137,137,*NOUSE*,*NOUSE*,0,0,0,0,0,0,0,0
138,138,,,75,1210,51,212.00,107.00,41.80,4001,428118
139,139,,,76,1064,93,180.00,58.64,39.81,4529,265578
140,140,,,77,1165,98,184.00,56.55,38.51,5031,284521
141,141,*NOUSE*,*NOUSE*,0,0,0,0,0,0,0,0
142,142,,,76,1135,37,165.00,66.00,34.51,3271,215891
143,143,*NOUSE*,*NOUSE*,0,0,0,0,0,0,0,0
144,144,,,76,1399,91,133.00,47.94,27.70,3867,185402
145,145,,,76,1409,48,194.00,65.86,35.84,6518,429251
146,146,*NOUSE*,*NOUSE*,0,0,0,0,0,0,0,0
147,147,*NOUSE*,*NOUSE*,0,0,0,0,0,0,0,0
148,148,*NOUSE*,*NOUSE*,0,0,0,0,0,0,0,0
149,149,,,80,1432,55,128.00,49.47,26.02,5445,269350
150,150,*NOUSE*,*NOUSE*,0,0,0,0,0,0,0,0
151,151,,,76,1195,91,227.00,148.43,35.27,643,95443
152,152,,,80,1326,92,160.00,53.91,36.14,3754,202369
153,153,,,80,1337,48,159.00,71.81,25.48,3786,271883
154,154,*NOUSE*,*NOUSE*,0,0,0,0,0,0,0,0
155,155,*NOUSE*,*NOUSE*,0,0,0,0,0,0,0,0
156,156,,,85,1219,58,206.00,88.77,45.10,5137,456020
157,157,*NOUSE*,*NOUSE*,0,0,0,0,0,0,0,0
158,158,*NOUSE*,*NOUSE*,0,0,0,0,0,0,0,0
159,159,,,82,1112,96,163.00,100.09,24.09,1055,105594
160,160,*NOUSE*,*NOUSE*,0,0,0,0,0,0,0,0
161,161,*NOUSE*,*NOUSE*,0,0,0,0,0,0,0,0
162,162,,,84,1303,81,205.00,142.13,32.90,815,115834
163,163,*NOUSE*,*NOUSE*,0,0,0,0,0,0,0,0
164,164,*NOUSE*,*NOUSE*,0,0,0,0,0,0,0,0
165,165,*NOUSE*,*NOUSE*,0,0,0,0,0,0,0,0
166,166,,,89,1135,64,226.00,108.04,46.08,2355,254431
167,167,,*MANUAL*,91,1085,75,212.00,140.47,32.35,895,125725
168,168,,*MANUAL*,92,1100,78,210.00,140.39,32.15,895,125650
169,169,,*MANUAL*,82,1052,50,228.00,138.59,38.22,895,124041
170,170,,*MANUAL*,90,1114,75,229.00,149.98,35.24,895,134232
171,171,,*MANUAL*,91,1130,77,236.00,149.15,39.63,895,133490
172,172,,*MANUAL*,91,1145,80,226.00,143.16,34.69,861,123258
173,173,,*MANUAL*,90,1208,69,191.00,114.43,34.91,895,102413
174,174,,*MANUAL*,91,1191,73,241.00,141.84,30.24,895,126945
175,175,,*MANUAL*,90,1172,76,191.00,109.63,24.44,1331,145917
176,176,,*MANUAL*,90,1151,67,239.00,172.32,27.97,889,153190
177,177,,*MANUAL*,86,1148,54,245.00,149.39,42.34,895,133708
178,178,,*MANUAL*,89,1195,58,184.00,130.49,23.29,895,116792
179,179,,*MANUAL*,89,1171,58,163.00,112.55,20.70,1365,153637
180,180,,*MANUAL*,89,1224,76,230.00,145.56,41.98,895,130280
181,181,,*MANUAL*,87,1239,78,224.00,142.62,31.26,895,127649
182,182,,*MANUAL*,88,1237,64,201.00,139.15,29.15,895,124539
183,183,,*MANUAL*,88,1254,65,202.00,131.25,27.04,895,117465
184,184,,*MANUAL*,85,1201,46,245.00,160.88,32.68,895,143985
185,185,,*MANUAL*,84,1160,49,245.00,158.19,33.45,828,130979
186,186,,*MANUAL*,81,1177,47,226.00,146.68,32.14,895,131277
187,187,,*MANUAL*,83,1146,74,248.00,181.53,31.95,895,162467
188,188,,*MANUAL*,83,1164,73,219.00,150.87,30.73,895,135032
189,189,,*MANUAL*,76,1190,55,229.00,147.97,30.34,895,132437
190,190,,*MANUAL*,79,1179,65,222.00,150.76,30.56,895,134930
191,191,,*MANUAL*,79,1207,67,216.00,149.49,29.55,895,133793
192,192,,*MANUAL*,78,1226,71,231.00,150.21,42.03,895,134434
193,193,,*MANUAL*,82,1241,52,218.00,156.50,27.51,883,138192
194,194,,*MANUAL*,76,1228,52,214.00,149.87,25.52,889,133234
195,195,,*MANUAL*,76,1241,61,236.00,167.52,32.04,851,142557
196,196,,*MANUAL*,75,1245,42,242.00,138.63,31.28,895,124070
197,197,,*MANUAL*,70,1247,56,245.00,167.08,36.61,895,149536
198,198,,*MANUAL*,77,1237,77,236.00,145.44,44.71,871,126680
199,199,,*MANUAL*,72,1234,86,234.00,144.40,42.24,895,129235
200,200,,*MANUAL*,80,1160,59,222.00,152.49,26.35,889,135560
201,201,,*MANUAL*,78,1153,47,241.00,166.50,35.80,895,149017
202,202,,*MANUAL*,72,1170,51,209.00,137.64,28.63,895,123188
203,203,,*MANUAL*,70,1190,43,184.00,121.62,22.01,895,108853
204,204,,*MANUAL*,69,1235,47,215.00,157.07,23.71,895,140582
205,205,,*MANUAL*,40,1058,73,174.00,109.35,26.06,895,97866
206,206,,*MANUAL*,40,1072,82,172.00,107.05,20.86,895,95813
207,207,,*MANUAL*,39,1110,89,174.00,116.13,23.54,895,103934
208,208,,*MANUAL*,39,1129,90,195.00,129.68,26.47,895,116060
209,209,,*MANUAL*,37,1146,90,198.00,116.24,27.62,895,104036
210,210,,*MANUAL*,37,1121,79,168.00,114.51,20.43,895,102486
211,211,,*MANUAL*,35,1209,78,156.00,96.17,24.93,895,86076
212,212,,*MANUAL*,36,1191,81,196.00,123.42,25.96,881,108736
213,213,,*MANUAL*,37,1177,84,137.00,96.77,15.02,895,86606
214,214,,*MANUAL*,35,1159,73,179.00,126.42,19.32,895,113144
215,215,,*MANUAL*,36,1133,71,189.00,122.74,23.21,895,109850
216,216,,*MANUAL*,38,1147,69,177.00,119.69,21.55,895,107127
217,217,,*MANUAL*,39,1220,83,212.00,138.14,27.65,889,122809
218,218,,*MANUAL*,41,1233,83,209.00,140.11,26.48,881,123437
219,219,,*MANUAL*,38,1234,69,176.00,116.43,24.01,895,104202
220,220,,*MANUAL*,37,1248,70,152.00,100.74,22.91,895,90159
221,221,,*MANUAL*,37,1194,67,153.00,100.92,16.02,895,90324
222,222,,*MANUAL*,37,1175,65,149.00,100.58,16.34,893,89814
223,223,,*MANUAL*,40,1161,59,201.00,125.81,34.57,895,112599
224,224,,*MANUAL*,42,1188,51,176.00,132.63,19.47,895,118700
225,225,,*MANUAL*,49,1190,63,157.00,113.52,16.40,895,101602
226,226,,*MANUAL*,43,1142,80,191.00,140.33,18.65,895,125594
227,227,,*MANUAL*,46,1156,71,181.00,134.15,16.58,895,120064
228,228,,*MANUAL*,46,1173,72,168.00,123.22,18.26,895,110278
229,229,,*MANUAL*,48,1204,72,173.00,123.30,20.78,895,110354
230,230,,*MANUAL*,48,1224,73,201.00,137.93,23.49,871,120134
231,231,,*MANUAL*,46,1148,56,203.00,130.26,28.04,895,116582
232,232,,*MANUAL*,47,1175,55,180.00,129.91,18.79,895,116268
233,233,,*MANUAL*,53,1164,55,169.00,117.48,21.30,895,105142
234,234,,*MANUAL*,55,1183,46,153.00,113.75,14.90,895,101810
235,235,,*MANUAL*,58,1229,47,206.00,144.62,22.02,895,129439
236,236,,*MANUAL*,61,1245,41,198.00,144.26,20.30,895,129111
237,237,,*MANUAL*,59,1260,44,183.00,106.25,35.14,895,95092
238,238,,*MANUAL*,42,1230,55,183.00,128.03,22.81,892,114199
239,239,,*MANUAL*,50,1222,57,191.00,127.07,24.16,895,113724
240,240,,*MANUAL*,50,1237,63,196.00,142.90,26.06,889,127039
241,241,,*MANUAL*,50,1240,45,185.00,138.59,21.86,895,124036
242,242,,*MANUAL*,56,1244,57,224.00,156.53,34.63,895,140094
243,243,,*MANUAL*,51,1230,81,214.00,154.12,26.02,751,115743
244,244,,*MANUAL*,55,1233,87,234.00,159.62,34.39,895,142859
245,245,,*MANUAL*,66,1056,102,191.00,115.20,38.61,895,103103
246,246,,*MANUAL*,65,1071,101,183.00,116.69,26.09,895,104438
247,247,,*MANUAL*,60,1084,103,205.00,132.77,30.36,895,118833
248,248,,*MANUAL*,63,1102,105,218.00,139.12,30.58,877,122010
249,249,,*MANUAL*,73,1104,100,212.00,137.51,37.49,895,123074
250,250,,*MANUAL*,66,1112,107,171.00,122.09,22.59,895,109267
251,251,,*MANUAL*,58,1121,106,225.00,145.72,34.16,895,130416
252,252,,*MANUAL*,71,1126,102,241.00,152.84,31.76,895,136789
253,253,,*MANUAL*,63,1136,107,238.00,167.19,32.34,825,137929
254,254,,*MANUAL*,70,1141,104,244.00,159.74,39.95,895,142964
255,255,,*MANUAL*,66,1156,108,200.00,119.06,43.66,895,106560
256,256,,*MANUAL*,63,1175,102,167.00,95.48,24.80,895,85458
257,257,,*MANUAL*,63,1196,97,198.00,124.72,28.45,885,110377
258,258,,*MANUAL*,65,1210,102,185.00,106.83,27.64,895,95612
259,259,,*MANUAL*,49,1208,95,195.00,117.91,29.50,885,104354
260,260,,*MANUAL*,47,1225,95,208.00,124.72,38.81,889,110879
261,261,,*MANUAL*,55,1219,90,233.00,167.50,27.05,810,135679
262,262,,*MANUAL*,55,1206,86,215.00,143.99,31.90,885,127434
263,263,,*MANUAL*,59,1195,87,222.00,163.23,25.87,885,144461
264,264,,*MANUAL*,47,1182,95,205.00,125.85,34.19,895,112632
265,265,,*MANUAL*,46,1193,84,227.00,147.97,33.52,895,132435
266,266,,*MANUAL*,52,1181,84,180.00,105.95,28.68,895,94829
267,267,,*MANUAL*,80,1209,90,209.00,131.75,36.99,895,117918
268,268,,*MANUAL*,79,1224,91,223.00,144.24,35.01,857,123614
269,269,,*MANUAL*,67,1204,87,237.00,154.13,30.43,895,137948
270,270,,*MANUAL*,73,1219,86,241.00,175.18,28.85,741,129806
271,271,,*MANUAL*,69,1191,86,226.00,164.96,23.56,895,147640
272,272,,*MANUAL*,78,1181,89,207.00,134.55,34.02,895,120421
273,273,,*MANUAL*,84,1198,82,234.00,146.24,44.50,871,127377
274,274,,*MANUAL*,79,1188,78,200.00,138.30,23.47,895,123777
275,275,,*MANUAL*,76,1205,79,228.00,154.31,27.41,895,138104
276,276,,*MANUAL*,80,1217,79,243.00,156.71,41.21,895,140257
277,277,,*MANUAL*,90,1265,74,162.00,78.26,24.95,1357,106197
278,278,,*MANUAL*,86,1300,70,246.00,170.13,31.70,781,132874
279,279,,*MANUAL*,85,1280,82,191.00,129.64,24.10,895,116026
280,280,,*MANUAL*,81,1269,89,194.00,115.26,40.31,895,103155
281,281,,*MANUAL*,86,1315,74,220.00,138.27,32.21,895,123751
282,282,,*MANUAL*,80,1291,84,215.00,143.12,26.88,895,128092
283,283,,*MANUAL*,70,1270,98,241.00,153.91,37.47,828,127438
284,284,,*MANUAL*,68,1299,101,211.00,137.86,36.74,895,123387
285,285,,*MANUAL*,77,1286,95,221.00,137.63,34.39,894,123045
286,286,,*MANUAL*,67,1284,101,209.00,141.87,30.10,876,124274
287,287,,*MANUAL*,79,1302,94,193.00,118.54,30.72,871,103247
288,288,,*MANUAL*,80,1314,86,204.00,109.73,34.01,895,98212
289,289,,*MANUAL*,88,1324,66,176.00,122.90,29.60,879,108030
290,290,,*MANUAL*,36,1297,75,189.00,131.81,22.69,876,115465
291,291,,*MANUAL*,41,1301,84,190.00,134.66,20.67,895,120518
292,292,,*MANUAL*,46,1294,94,205.00,131.21,31.56,893,117168
293,293,,*MANUAL*,39,1282,86,174.00,110.34,25.42,889,98091
294,294,,*MANUAL*,58,1307,102,188.00,119.23,32.78,884,105401
295,295,,*MANUAL*,45,1264,91,221.00,127.43,36.96,895,114054
296,296,,*MANUAL*,58,1291,100,232.00,151.63,39.47,873,132369
297,297,*NOUSE*,*NOUSE*,0,0,0,0,0,0,0,0
298,298,,*MANUAL*,87,1330,77,223.00,136.25,38.24,895,121947
299,299,,*MANUAL*,86,1344,74,212.00,127.36,36.78,895,113990
300,300,,*MANUAL*,81,1355,79,212.00,122.72,34.89,839,102959
301,301,,*MANUAL*,78,1369,85,204.00,132.62,32.51,852,112988
302,302,,*MANUAL*,78,1381,82,191.00,126.29,23.97,879,111012
303,303,,*MANUAL*,81,1388,74,218.00,130.78,33.07,865,113121
304,304,,*MANUAL*,83,1401,72,191.00,113.71,31.66,895,101767
305,305,,*MANUAL*,83,1416,64,177.00,102.42,28.21,895,91666
306,306,,*MANUAL*,83,1394,61,192.00,117.39,26.47,885,103886
307,307,,*MANUAL*,77,1385,59,204.00,123.11,31.24,895,110187
308,308,,*MANUAL*,82,1366,60,224.00,142.56,39.18,825,117610
309,309,,*MANUAL*,77,1359,57,235.00,141.41,41.45,867,122605
310,310,,*MANUAL*,85,1344,60,247.00,134.07,47.10,895,119995
311,311,,*MANUAL*,81,1326,58,225.00,145.15,35.38,895,129908
312,312,,*MANUAL*,85,1306,56,245.00,135.76,55.84,705,95709
313,313,,*MANUAL*,81,1273,73,226.00,154.97,31.05,895,138697
314,314,,*MANUAL*,80,1286,71,227.00,150.87,29.77,895,135025
315,315,,*MANUAL*,78,1302,69,241.00,163.41,34.96,895,146254
316,316,,*MANUAL*,81,1273,62,213.00,131.83,31.71,895,117991
317,317,,*MANUAL*,80,1290,59,236.00,155.74,42.71,821,127860
318,318,,*MANUAL*,78,1305,57,250.00,190.45,34.83,895,170456
319,319,,*MANUAL*,76,1312,46,208.00,127.87,37.36,895,114448
320,320,,*MANUAL*,71,1291,59,247.00,183.43,31.41,895,164174
321,321,,*MANUAL*,71,1279,55,230.00,165.36,25.13,852,140886
322,322,,*MANUAL*,63,1275,51,224.00,159.08,29.00,861,136972
323,323,,*MANUAL*,85,1369,73,155.00,93.02,20.23,895,83249
324,324,,*MANUAL*,32,1315,72,173.00,108.27,26.10,881,95390
325,325,,*MANUAL*,32,1325,80,200.00,119.11,37.80,895,106599
326,326,,*MANUAL*,48,1307,98,206.00,122.18,38.38,895,109355
327,327,,*MANUAL*,37,1312,81,222.00,134.85,31.66,895,120691
328,328,,*MANUAL*,33,1336,78,199.00,138.59,28.66,893,123760
329,329,,*MANUAL*,41,1356,87,200.00,128.91,35.43,831,107126
330,330,,*MANUAL*,40,1368,86,188.00,107.65,33.06,895,96349
331,331,,*MANUAL*,41,1380,83,168.00,110.82,29.68,835,92535
332,332,,*MANUAL*,34,1363,75,131.00,83.59,16.31,895,74812
333,333,,*MANUAL*,41,1392,77,162.00,103.76,22.98,893,92660
334,334,,*MANUAL*,38,1418,68,152.00,81.99,24.45,895,73379
335,335,,*MANUAL*,38,1402,63,135.00,77.97,19.69,895,69780
336,336,,*MANUAL*,36,1383,59,161.00,84.76,22.91,719,60944
337,337,,*MANUAL*,43,1381,58,180.00,115.54,21.71,895,103404
338,338,,*MANUAL*,37,1362,59,174.00,108.35,26.43,895,96969
339,339,,*MANUAL*,38,1347,57,177.00,114.62,27.01,879,100752
340,340,,*MANUAL*,32,1332,65,160.00,107.34,20.67,895,96066
341,341,,*MANUAL*,34,1321,61,198.00,112.36,34.96,892,100224
342,342,,*MANUAL*,40,1311,61,200.00,133.19,27.41,895,119208
343,343,,*MANUAL*,44,1270,79,188.00,128.51,24.35,895,115015
344,344,,*MANUAL*,47,1283,78,179.00,126.34,24.94,895,113072
345,345,,*MANUAL*,46,1297,71,186.00,126.00,24.34,895,112768
346,346,,*MANUAL*,44,1268,65,173.00,106.30,26.55,895,95138
347,347,,*MANUAL*,44,1282,64,220.00,138.43,28.26,895,123891
348,348,,*MANUAL*,46,1295,59,213.00,148.45,28.89,895,132866
349,349,,*MANUAL*,48,1304,48,171.00,106.48,25.12,895,95297
350,350,,*MANUAL*,56,1288,61,210.00,153.60,26.25,895,137473
351,351,,*MANUAL*,54,1274,55,210.00,136.48,29.77,895,122147
352,352,,*MANUAL*,61,1538,52,135.00,62.89,17.97,895,56290
353,353,,*MANUAL*,43,1456,66,91.00,54.87,13.72,895,49111
354,354,,*MANUAL*,85,1460,67,133.00,70.63,23.57,895,63212
355,355,,*MANUAL*,64,1483,42,179.00,102.08,36.36,895,91363
356,356,,*MANUAL*,58,1467,42,152.00,99.99,22.69,895,89495
357,357,,*MANUAL*,69,1452,43,178.00,107.44,28.64,895,96158
358,358,,*MANUAL*,70,1429,42,211.00,137.27,27.96,895,122860
359,359,,*MANUAL*,68,1405,43,227.00,158.11,28.69,893,141190
360,360,,*MANUAL*,59,1439,41,208.00,127.79,25.06,895,114375
361,361,,*MANUAL*,58,1414,41,220.00,143.73,28.08,895,128636
362,362,,*MANUAL*,63,1222,32,145.00,63.10,22.79,895,56477
363,363,,*MANUAL*,60,1287,45,145.00,90.42,14.87,895,80928
364,364,,*MANUAL*,61,1305,40,171.00,118.27,20.06,895,105849
365,365,,*MANUAL*,60,1323,37,165.00,103.63,22.65,895,92751
366,366,,*MANUAL*,62,1370,39,182.00,111.86,26.55,895,100111
367,367,,*MANUAL*,61,1396,38,188.00,103.54,27.22,895,92665
368,368,,*MANUAL*,61,1535,85,133.00,74.37,21.83,895,66559
369,369,,*MANUAL*,64,1494,91,137.00,76.33,23.15,895,68315
370,370,,*MANUAL*,62,1468,92,170.00,93.65,28.12,895,83820
371,371,,*MANUAL*,66,1450,93,141.00,86.81,24.67,895,77697
372,372,,*MANUAL*,58,1439,94,185.00,107.22,35.67,895,95958
373,373,,*MANUAL*,66,1427,93,193.00,93.84,36.08,895,83983
374,374,,*MANUAL*,65,1405,96,198.00,116.75,39.53,857,100051
375,375,,*MANUAL*,65,1392,96,217.00,125.46,47.46,831,104257
376,376,,*MANUAL*,58,1416,95,177.00,103.63,36.01,895,92753
377,377,,*MANUAL*,58,1398,95,218.00,141.30,41.09,895,126467
378,378,,*MANUAL*,64,1264,108,175.00,78.58,29.84,853,67032
379,379,,*MANUAL*,63,1290,108,182.00,81.18,35.31,895,72657
380,380,,*MANUAL*,60,1340,101,151.00,73.81,20.79,895,66064
381,381,,*MANUAL*,62,1373,98,126.00,76.85,18.24,895,68782
382,382,,*MANUAL*,61,1047,55,188.00,110.45,28.28,895,98851
383,383,,*MANUAL*,62,1055,85,185.00,103.12,40.01,799,82393
384,384,,*MANUAL*,50,1059,62,158.00,92.45,28.56,895,82746
385,385,,*MANUAL*,77,1058,67,233.00,111.96,53.92,895,100207
386,386,,*MANUAL*,62,1055,46,167.00,103.16,27.06,895,92326
387,387,,*MANUAL*,61,1063,88,228.00,133.15,45.26,879,117040
388,388,,*MANUAL*,62,1066,78,174.00,109.59,31.05,895,98087
389,389,,*MANUAL*,74,1073,47,138.00,95.93,19.81,895,85854
390,390,,*MANUAL*,56,1077,85,212.00,130.94,37.48,895,117187
391,391,,*MANUAL*,71,1075,81,240.00,149.02,36.40,895,133370
392,392,,*MANUAL*,50,1085,48,199.00,125.65,25.93,895,112459
393,393,,*MANUAL*,61,1092,42,148.00,88.51,22.02,1365,120814
394,394,,*MANUAL*,49,1089,77,148.00,90.92,19.15,895,81377
395,395,,*MANUAL*,79,1089,74,178.00,121.28,22.38,895,108549
396,396,,*MANUAL*,67,1088,87,173.00,100.58,29.64,895,90019
397,397,,*MANUAL*,46,1090,60,138.00,89.72,17.49,895,80295
398,398,,*MANUAL*,79,1089,56,181.00,112.44,32.36,895,100630
399,399,,*MANUAL*,63,1118,47,168.00,116.12,18.63,895,103924
400,400,,*MANUAL*,50,1109,79,151.00,96.65,20.57,895,86501
401,401,,*MANUAL*,76,1110,75,179.00,117.50,24.53,895,105163
402,402,,*MANUAL*,51,1116,51,193.00,131.68,25.96,895,117856
403,403,,*MANUAL*,75,1114,48,202.00,143.02,29.46,895,127999
404,404,,*MANUAL*,64,1116,88,186.00,129.31,29.02,895,115736
405,405,,*MANUAL*,47,1127,61,147.00,97.44,20.29,895,87211
406,406,,*MANUAL*,78,1125,61,188.00,124.59,30.57,895,111509
407,407,,*MANUAL*,64,1135,49,221.00,140.51,30.61,889,124915
408,408,,*MANUAL*,51,1127,79,209.00,148.71,25.09,847,125956
409,409,,*MANUAL*,78,1127,77,251.00,178.65,39.61,869,155247
410,410,,*MANUAL*,59,1129,84,213.00,144.96,26.91,895,129738
411,411,,*MANUAL*,71,1130,84,214.00,138.78,33.19,895,124206
412,412,,*MANUAL*,75,1137,70,220.00,141.01,34.89,895,126201
413,413,,*MANUAL*,71,1140,56,191.00,129.31,21.67,895,115731
414,414,,*MANUAL*,57,1141,57,178.00,114.99,23.34,895,102915
415,415,,*MANUAL*,52,1139,70,179.00,127.18,23.02,829,105431
416,416,,*MANUAL*,65,1148,81,167.00,110.41,25.17,895,98819
417,417,,*MANUAL*,57,1146,70,169.00,98.88,32.67,895,88494
418,418,,*MANUAL*,72,1155,65,180.00,115.39,20.68,895,103272
419,419,,*MANUAL*,64,1284,73,221.00,111.35,32.23,895,99660
420,420,,*MANUAL*,55,1296,87,205.00,130.88,38.43,895,117136
421,421,,*MANUAL*,71,1299,88,228.00,148.72,41.32,895,133106
422,422,,*MANUAL*,62,1311,60,218.00,143.80,35.24,895,128700
423,423,,*MANUAL*,50,1318,82,182.00,117.56,33.37,895,105218
424,424,,*MANUAL*,73,1324,84,221.00,143.71,28.39,895,128616
425,425,,*MANUAL*,61,1322,50,242.00,169.09,26.59,832,140682
426,426,,*MANUAL*,69,1326,56,198.00,128.87,24.95,895,115339
427,427,,*MANUAL*,75,1334,73,195.00,113.89,38.46,889,101244
428,428,,*MANUAL*,65,1333,90,172.00,98.36,29.90,895,88032
429,429,,*MANUAL*,51,1333,87,189.00,117.69,23.77,769,90502
430,430,,*MANUAL*,46,1331,72,175.00,106.23,27.11,895,95079
431,431,,*MANUAL*,54,1325,56,197.00,122.84,25.83,895,109939
432,432,,*MANUAL*,43,1333,83,221.00,136.12,40.05,895,121824
433,433,,*MANUAL*,46,1348,79,205.00,133.55,24.61,880,117524
434,434,,*MANUAL*,67,1341,79,243.00,139.81,43.13,785,109751
435,435,,*MANUAL*,74,1339,83,248.00,162.04,40.31,895,145027
436,436,,*MANUAL*,58,1348,87,166.00,98.55,22.19,892,87904
437,437,,*MANUAL*,48,1348,59,167.00,101.44,24.74,895,90790
438,438,,*MANUAL*,73,1351,62,167.00,107.54,20.49,895,96251
439,439,,*MANUAL*,65,1341,52,239.00,152.75,43.17,751,114714
440,440,,*MANUAL*,60,1337,49,247.00,177.30,44.03,895,158683
441,441,,*MANUAL*,45,1358,69,181.00,118.82,29.10,895,106347
442,442,,*MANUAL*,50,1356,85,228.00,151.24,34.08,895,135360
443,443,,*MANUAL*,67,1357,81,233.00,147.36,43.91,861,126876
444,444,,*MANUAL*,74,1358,74,243.00,137.20,54.27,895,122793
445,445,,*MANUAL*,61,1362,51,141.00,82.18,22.59,895,73547
446,446,,*MANUAL*,50,1381,81,194.00,116.12,30.92,895,103927
447,447,,*MANUAL*,70,1373,81,212.00,128.42,39.31,895,114935
448,448,,*MANUAL*,66,1386,60,114.00,68.78,14.76,895,61560
449,449,,*MANUAL*,50,1398,73,126.00,66.41,21.46,892,59234
450,450,,*MANUAL*,71,1388,75,169.00,99.20,24.40,895,88782
451,451,,*MANUAL*,48,1406,81,152.00,80.48,24.34,895,72034
452,452,,*MANUAL*,73,1408,79,189.00,102.82,30.54,895,92025
453,453,,*MANUAL*,65,1411,51,176.00,104.20,29.40,611,63666
454,454,,*MANUAL*,54,1420,82,96.00,63.95,13.06,895,57238
455,455,,*MANUAL*,70,1427,81,159.00,81.84,31.95,769,62935
456,456,,*MANUAL*,48,1433,78,171.00,97.28,32.38,895,87066
457,457,,*MANUAL*,76,1433,79,215.00,114.66,37.16,895,102617
458,458,,*MANUAL*,59,1412,54,158.00,85.26,31.90,895,76311
459,459,,*MANUAL*,63,1441,54,177.00,97.76,29.79,895,87494
460,460,,*MANUAL*,63,1459,54,166.00,86.12,26.81,895,77077
461,461,,*MANUAL*,63,1488,52,125.00,61.79,22.51,895,55298
462,462,,*MANUAL*,50,1451,80,172.00,100.06,29.82,895,89554
463,463,,*MANUAL*,50,1464,79,159.00,93.18,26.70,895,83397
464,464,,*MANUAL*,52,1490,77,112.00,63.04,19.36,895,56418
465,465,,*MANUAL*,75,1453,78,225.00,111.69,42.66,895,99966
466,466,,*MANUAL*,75,1467,78,202.00,107.90,42.76,895,96573
467,467,,*MANUAL*,75,1491,76,150.00,72.37,34.62,895,64769
468,468,,*MANUAL*$160$148,81,1261,49,174.00,57.92,32.15,4510,261225
469,469,,*MANUAL*$89$91,68,1163,39,176.00,59.70,36.81,5910,352854
470,470,,*MANUAL*$136$146,76,1052,35,160.00,58.99,33.99,3703,218436
471,471,,*MANUAL*$143$137,75,709,46,144.00,39.62,30.44,4170,165211
472,472,,*MANUAL*$132$111,72,333,46,146.00,35.83,29.39,6641,237916
473,473,,*MANUAL*$95$86,63,272,57,115.00,36.21,25.96,4159,150580
474,474,,*MANUAL*$68$70,55,474,46,114.00,38.75,27.47,3716,144004
475,475,,*MANUAL*$58$61,54,603,41,127.00,40.28,25.12,3875,156087
476,476,,*MANUAL*,55,745,40,136.00,79.71,24.29,1365,108800
477,477,,*MANUAL*$36$37,49,912,37,140.00,48.09,29.31,3273,157383
478,478,,*MANUAL*$39$45,52,961,31,144.00,35.23,30.39,6362,224104
479,479,,*MANUAL*,61,1148,42,183.00,100.23,36.90,895,89706
480,480,,*MANUAL*$5$8,43,1257,53,152.00,55.47,26.59,4817,267213
481,481,,*MANUAL*$18$13,48,1404,48,164.00,59.78,25.95,5801,346807
482,482,,*MANUAL*$17$38,44,1250,98,136.00,59.21,28.44,2010,119012
483,483,,*MANUAL*,48,1081,96,170.00,101.79,27.58,895,91103
484,484,,*MANUAL*$22$44,49,1014,93,142.00,47.49,30.63,4661,221348
485,485,,*MANUAL*$33$21,47,883,89,145.00,52.00,29.73,5229,271912
486,486,,*MANUAL*$41$42,52,845,91,170.00,58.32,40.88,5159,300855
487,487,,*MANUAL*$23$14,47,806,88,160.00,46.93,32.13,6119,287180
488,488,,*MANUAL*,47,765,86,175.00,111.26,25.48,895,99575
489,489,,*MANUAL*,47,740,88,161.00,109.13,22.88,895,97672
490,490,,*MANUAL*,56,293,80,127.00,72.39,19.74,1255,90853
491,491,,*MANUAL*,67,296,80,142.00,74.00,21.37,861,63714
492,492,,*MANUAL*$116$133,72,463,86,122.00,38.90,30.22,5202,202350
493,493,,*MANUAL*$120$128,73,818,94,157.00,43.10,31.81,6945,299320
494,494,,*MANUAL*,77,931,83,218.00,119.72,31.99,895,107146
495,495,,*MANUAL*,77,957,85,216.00,131.58,32.67,895,117761
496,496,,*MANUAL*$147$154,79,1024,91,149.00,47.36,31.97,3486,165086
497,497,,*MANUAL*,82,1097,93,179.00,100.60,31.16,895,90038
498,498,,*MANUAL*$165$164,84,1240,92,157.00,84.34,27.87,1127,95048
499,499,,*MANUAL*$129$163,75,1262,100,203.00,65.42,42.90,5745,375838
500,500,,*MANUAL*$150$157,81,1419,80,183.00,56.22,32.43,4390,246805
501,501,,*MANUAL*,60,93,65,86.00,39.64,15.93,895,35474
502,502,*NOUSE*,*NOUSE*,0,0,0,0,0,0,0,0
503,503,,*MANUAL*,60,131,66,117.00,58.67,22.58,895,52509
504,504,,*MANUAL*,63,146,69,121.00,60.08,25.29,895,53772
505,505,,*MANUAL*,58,181,62,90.00,43.96,14.97,1353,59476
506,506,,*MANUAL*,65,185,70,104.00,64.82,17.13,895,58011
507,507,,*MANUAL*,65,207,70,115.00,66.85,17.15,895,59830
508,508,,*MANUAL*,63,228,77,104.00,60.43,16.80,895,54088
509,509,,*MANUAL*,64,235,61,133.00,84.93,15.35,895,76012
510,510,,*MANUAL*,68,250,66,92.00,47.62,16.60,1365,64995
511,511,,*MANUAL*,69,266,73,143.00,87.41,23.62,895,78232
512,512,,*MANUAL*,69,282,67,169.00,106.77,24.70,895,95561
513,513,,*MANUAL*,69,292,59,167.00,107.48,24.55,895,96198
514,514,,*MANUAL*,72,303,68,151.00,103.26,23.48,887,91588
515,515,,*MANUAL*,76,308,59,173.00,114.14,31.45,895,102152
516,516,,*MANUAL*,76,323,60,144.00,104.32,15.88,853,88985
517,517,,*MANUAL*,73,325,69,166.00,101.69,27.41,895,91012
518,518,,*MANUAL*,75,342,64,156.00,92.12,20.15,895,82446
519,519,,*MANUAL*,77,369,64,142.00,95.29,23.82,895,85286
520,520,,*MANUAL*,72,353,52,148.00,95.68,20.47,889,85062
521,521,,*MANUAL*,72,379,56,152.00,89.47,25.05,895,80080
522,522,,*MANUAL*,59,380,53,138.00,85.94,21.50,895,76915
523,523,,*MANUAL*,61,295,72,147.00,97.19,15.53,895,86988
524,524,,*MANUAL*,62,321,58,152.00,99.69,20.77,895,89221
525,525,,*MANUAL*,62,317,73,105.00,68.79,17.74,895,61569
526,526,,*MANUAL*,62,341,62,163.00,106.10,26.38,861,91351
527,527,,*MANUAL*,62,357,49,151.00,91.89,21.32,895,82245
528,528,,*MANUAL*,57,342,54,137.00,86.76,14.62,781,67762
529,529,,*MANUAL*,56,243,69,86.00,44.40,14.93,1365,60606
530,530,,*MANUAL*,55,270,73,138.00,86.22,15.71,895,77167
531,531,,*MANUAL*,54,283,66,163.00,106.12,25.47,895,94978
532,532,,*MANUAL*,54,295,61,172.00,101.12,29.31,895,90505
533,533,,*MANUAL*,51,306,68,139.00,92.74,23.73,895,83001
534,534,,*MANUAL*,51,314,59,177.00,113.66,28.16,895,101724
535,535,,*MANUAL*,49,330,63,131.00,93.46,13.79,849,79349
536,536,,*MANUAL*,50,333,72,151.00,93.87,19.96,895,84010
537,537,,*MANUAL*,48,349,68,125.00,85.36,14.14,895,76399
538,538,,*MANUAL*,50,370,68,133.00,79.49,18.69,895,71147
539,539,,*MANUAL*,50,386,69,133.00,94.78,20.32,895,84832
540,540,,*MANUAL*,61,346,80,132.00,70.31,25.10,895,62931
541,541,,*MANUAL*,59,359,72,143.00,91.85,21.45,895,82202
542,542,,*MANUAL*,71,360,73,152.00,104.15,18.89,895,93213
543,543,,*MANUAL*,56,368,81,147.00,96.36,20.88,895,86242
544,544,,*MANUAL*,70,378,76,175.00,122.40,21.12,879,107589
545,545,,*MANUAL*,60,381,75,179.00,126.94,20.15,895,113610
546,546,,*MANUAL*,56,392,81,145.00,102.94,15.65,895,92131
547,547,,*MANUAL*,69,395,79,149.00,95.47,18.13,895,85450
548,548,,*MANUAL*,77,415,77,124.00,73.34,23.44,895,65642
549,549,,*MANUAL*,35,1096,79,115.00,55.65,17.99,1365,75967
550,550,,*MANUAL*,35,1107,57,83.00,34.70,15.56,1365,47365
551,551,,*MANUAL*,37,1015,66,76.00,32.74,11.82,1365,44689
552,552,,*MANUAL*,37,1042,58,87.00,36.67,13.69,1365,50048
553,553,,*MANUAL*,40,993,62,161.00,101.59,26.45,895,90919
554,554,,*MANUAL*,37,974,62,110.00,63.95,16.88,895,57233
555,555,,*MANUAL*,37,943,54,74.00,35.38,14.85,1365,48288
556,556,,*MANUAL*,37,923,79,109.00,62.92,15.27,895,56317
557,557,,*MANUAL*,37,885,69,91.00,47.37,17.05,1365,64663
558,558,,*MANUAL*,39,840,73,109.00,63.60,16.64,1365,86819
559,559,,*MANUAL*,39,855,50,87.00,41.92,17.41,1365,57215
560,560,,*MANUAL*,47,838,41,154.00,104.20,20.51,895,93263
561,561,,*MANUAL*,40,789,72,109.00,52.76,18.97,1365,72024
562,562,,*MANUAL*,38,728,79,85.00,42.11,15.68,1365,57475
563,563,,*MANUAL*,41,732,64,131.00,81.00,16.94,895,72498
564,564,,*MANUAL*,42,737,49,74.00,36.13,12.03,1365,49314
565,565,,*MANUAL*,42,688,85,167.00,93.73,25.17,895,83884
566,566,,*MANUAL*,40,659,75,85.00,45.57,15.65,1365,62197
567,567,,*MANUAL*,42,619,79,97.00,47.71,13.68,895,42703
568,568,,*MANUAL*,43,601,55,62.00,30.47,11.82,1365,41586
569,569,,*MANUAL*,43,576,72,98.00,51.67,13.80,1365,70527
570,570,,*MANUAL*,43,526,76,80.00,38.01,14.01,1365,51886
571,571,,*MANUAL*,46,496,81,85.00,52.91,11.57,895,47351
572,572,,*MANUAL*,46,504,58,82.00,34.41,12.37,1365,46974
573,573,,*MANUAL*,43,457,71,92.00,39.70,12.84,1365,54190
574,574,,*MANUAL*,44,396,74,99.00,49.18,15.15,895,44019
575,575,,*MANUAL*,49,343,52,95.00,44.15,14.73,895,39515
576,576,,*MANUAL*,89,1069,65,138.00,74.50,27.56,1365,101695
577,577,,*MANUAL*,89,1104,53,137.00,65.10,25.58,1365,88863
578,578,,*MANUAL*,86,1040,57,118.00,62.01,21.15,895,55500
579,579,,*MANUAL*,85,1017,61,113.00,52.62,20.12,1365,71823
580,580,,*MANUAL*,86,986,58,115.00,61.17,19.05,1365,83494
581,581,,*MANUAL*,79,965,61,196.00,124.09,27.94,895,111060
582,582,,*MANUAL*,84,948,62,133.00,81.62,20.38,895,73050
583,583,,*MANUAL*,84,921,51,89.00,41.57,14.59,1365,56748
584,584,,*MANUAL*,84,912,79,150.00,103.77,16.56,895,92872
585,585,,*MANUAL*,84,872,73,119.00,65.04,19.64,1365,88782
586,586,,*MANUAL*,84,834,80,123.00,78.92,19.50,895,70637
587,587,,*MANUAL*,84,832,58,112.00,47.50,21.35,1312,62316
588,588,,*MANUAL*,79,829,49,182.00,118.60,26.10,895,106148
589,589,,*MANUAL*,83,776,77,124.00,62.44,21.09,895,55880
590,590,,*MANUAL*,83,736,84,140.00,82.86,20.53,879,72835
591,591,,*MANUAL*,83,722,58,85.00,35.44,15.08,1365,48370
592,592,,*MANUAL*,80,754,65,146.00,99.29,22.23,895,88869
593,593,,*MANUAL*,82,693,86,157.00,103.46,25.90,895,92601
594,594,*NOUSE*,*NOUSE*,0,0,0,0,0,0,0,0
595,595,,*MANUAL*,84,651,76,102.00,50.60,19.37,895,45291
596,596,,*MANUAL*,84,615,81,107.00,56.92,17.90,895,50939
597,597,,*MANUAL*,83,586,72,99.00,49.41,19.10,895,44221
598,598,,*MANUAL*,77,566,61,86.00,33.81,17.57,2103,71103
599,599,,*MANUAL*,81,530,75,99.00,52.18,16.11,1365,71232
600,600,,*MANUAL*,81,506,81,106.00,66.46,17.49,895,59482
601,601,,*MANUAL*,81,495,60,75.00,33.38,13.80,895,29874
602,602,,*MANUAL*,81,456,70,92.00,39.00,15.65,1365,53232
603,603,,*MANUAL*,82,348,49,97.00,40.18,20.08,895,35963
604,604,,*MANUAL*,80,385,70,106.00,64.53,15.21,895,57752
605,605,*NOUSE*,*NOUSE*,0,0,0,0,0,0,0,0
606,606,,*MANUAL*$102$605,73,1011,40,104.00,25.92,19.86,9033,234157
607,607,,*MANUAL*$27$28,51,1004,82,133.00,29.70,19.77,9363,278053
608,608,*NOUSE*,*NOUSE*,0,0,0,0,0,0,0,0
609,609,,*MANUAL*$90$608,64,956,40,72.00,23.40,15.90,8905,208404
610,610,,*MANUAL*$51$57,58,898,42,84.00,19.74,13.86,11615,229223
611,611,,*MANUAL*$77$79,63,833,47,142.00,27.51,20.03,11755,323374
612,612,,*MANUAL*$74$75,61,793,82,69.00,19.63,12.59,14685,288283
613,613,,*MANUAL*,67,746,50,58.00,29.13, 7.92,2969,86500
614,614,,*MANUAL*$98$594,72,665,68,75.00,18.24,12.88,12969,236519
615,615,,*MANUAL*$115$107$80,64,533,57,63.00,19.39,10.77,8069,156489
616,616,,*MANUAL*$85$73,62,451,55,88.00,26.60,15.60,7703,204881
617,617,,*MANUAL*$69$92,57,427,44,111.00,34.97,24.33,4195,146695
618,618,,*MANUAL*$62$66,59,576,77,66.00,20.41,11.22,11298,230633
619,619,,*MANUAL*,65,1016,100,177.00,105.18,27.89,895,94139
620,620,,*MANUAL*,63,993,93,188.00,115.84,28.72,895,103679
621,621,,*MANUAL*,63,961,94,174.00,117.31,27.41,895,104994
622,622,,*MANUAL*,62,925,96,187.00,114.92,25.32,895,102856
623,623,,*MANUAL*,61,886,96,172.00,104.39,32.12,895,93425
624,624,,*MANUAL*,60,839,94,197.00,134.56,25.90,895,120432
625,625,,*MANUAL*,62,819,94,213.00,134.37,29.73,895,120258
626,626,,*MANUAL*,60,748,96,163.00,106.08,24.58,895,94945
627,627,,*MANUAL*,60,714,101,161.00,102.38,27.56,895,91629
628,628,,*MANUAL*,62,634,95,170.00,102.93,27.49,895,92124
629,629,,*MANUAL*,62,595,93,152.00,96.59,22.53,895,86446
630,630,,*MANUAL*,62,573,94,148.00,93.00,19.95,895,83239
631,631,,*MANUAL*,62,507,91,154.00,92.59,20.19,895,82871
632,632,,*MANUAL*,62,484,93,135.00,91.64,18.11,895,82015
633,633,,*MANUAL*,62,463,92,158.00,102.02,21.64,895,91307
634,634,,*MANUAL*,51,662,87,129.00,72.92,20.73,1365,99536
635,635,,*MANUAL*,58,678,86,105.00,61.13,14.37,1365,83448
636,636,,*MANUAL*,72,711,84,126.00,66.57,15.92,1365,90863
637,637,,*MANUAL*,73,739,83,141.00,93.32,18.16,895,83517
638,638,,*MANUAL*,61,1266,100,226.00,166.20,27.26,895,148751
639,639,,*MANUAL*,60,1167,93,91.00,55.52,13.05,895,49694
640,640,,*MANUAL*,58,1147,95,229.00,155.31,28.11,713,110739
641,641,,*MANUAL*,50,1145,95,228.00,160.96,21.50,895,144056
642,642,,*MANUAL*,50,1129,97,186.00,133.84,19.52,895,119785
643,643,,*MANUAL*,70,1155,93,230.00,159.43,29.37,895,142686
644,644,,*MANUAL*,79,1159,85,222.00,149.78,32.14,895,134056
645,645,,*MANUAL*,79,1146,91,181.00,124.35,28.45,895,111292
646,646,,*MANUAL*,80,1132,92,192.00,134.84,24.85,895,120681
647,647,,*MANUAL*,39,1161,85,172.00,111.22,23.47,895,99538
648,648,,*MANUAL*,35,1262,81,138.00,64.53,23.68,1365,88088
649,649,,*MANUAL*,83,607,54,79.00,34.17,13.95,1365,46639
650,650,,*MANUAL*,65,1217,89,228.00,161.90,28.59,895,144900
651,651,,*MANUAL*,66,1252,101,228.00,127.97,38.99,895,114530
652,652,,*MANUAL*,49,1215,84,218.00,154.59,29.31,895,138359
653,653,F1,*MANUAL*,61,1432,73,61.00,13.46,10.08,895,12049
654,654,F2,*MANUAL*,61,1026,63,10.00, 2.52, 1.38,895,2258
655,655,F3,*MANUAL*,62,979,60,11.00, 1.65, 1.79,895,1474
656,656,F4,*MANUAL*,61,889,61, 7.00, 1.25, 1.28,895,1115
657,657,F5,*MANUAL*,61,811,63, 7.00, 0.79, 1.22,895,705
658,658,F6,*MANUAL*,61,643,64, 5.00, 0.43, 0.78,895,384
659,659,F7,*MANUAL*,61,592,63, 6.00, 0.97, 1.03,895,865
660,660,F8,*MANUAL*,58,623,42,22.00, 0.87, 2.09,895,781
661,661,F9,*MANUAL*,59,983,38, 8.00, 1.36, 1.67,895,1214
662,662,F10,*MANUAL*,61,767,90,26.00, 8.49, 4.59,895,7595
