0,0,*NOUSE*,*NOUSE*,0,0,0,0,0,0,0,0
1,1,,,37,1286,80,158.00,61.92,38.65,4392,271964.00
2,2,,,38,1247,66,156.00,62.04,35.47,4879,302688.00
3,3,*NOUSE*,*NOUSE*,0,0,0,0,0,0,0,0
4,4,*NOUSE*,*NOUSE*,0,0,0,0,0,0,0,0
5,5,*NOUSE*,*NOUSE*,0,0,0,0,0,0,0,0
6,6,*NOUSE*,*NOUSE*,0,0,0,0,0,0,0,0
7,7,,,37,1406,77,139.00,55.63,33.89,4225,235045.00
8,8,*NOUSE*,*NOUSE*,0,0,0,0,0,0,0,0
9,9,*NOUSE*,*NOUSE*,0,0,0,0,0,0,0,0
10,10,*NOUSE*,*NOUSE*,0,0,0,0,0,0,0,0
11,11,,,39,1268,70,166.00,62.06,36.00,4332,268842.00
12,12,*NOUSE*,*NOUSE*,0,0,0,0,0,0,0,0
13,13,,,40,1224,70,227.00,85.93,53.13,3554,305398.00
14,14,*NOUSE*,*NOUSE*,0,0,0,0,0,0,0,0
15,15,,,39,924,81,145.00,42.63,29.77,7220,307794.00
16,16,*NOUSE*,*NOUSE*,0,0,0,0,0,0,0,0
17,17,,,39,1246,84,164.00,63.34,35.23,4436,280998.00
18,18,,,40,1182,85,234.00,78.92,53.91,3915,308954.00
19,19,,,39,1163,85,196.00,65.09,47.31,4413,287225.00
20,20,*NOUSE*,*NOUSE*,0,0,0,0,0,0,0,0
21,21,*NOUSE*,*NOUSE*,0,0,0,0,0,0,0,0
22,22,*NOUSE*,*NOUSE*,0,0,0,0,0,0,0,0
23,23,*NOUSE*,*NOUSE*,0,0,0,0,0,0,0,0
24,24,,,39,1065,74,154.00,41.35,27.60,7280,301030.00
25,25,*NOUSE*,*NOUSE*,0,0,0,0,0,0,0,0
26,26,*NOUSE*,*NOUSE*,0,0,0,0,0,0,0,0
27,27,*NOUSE*,*NOUSE*,0,0,0,0,0,0,0,0
28,28,*NOUSE*,*NOUSE*,0,0,0,0,0,0,0,0
29,29,*NOUSE*,*NOUSE*,0,0,0,0,0,0,0,0
30,30,*NOUSE*,*NOUSE*,0,0,0,0,0,0,0,0
31,31,*NOUSE*,*NOUSE*,0,0,0,0,0,0,0,0
32,32,*NOUSE*,*NOUSE*,0,0,0,0,0,0,0,0
33,33,*NOUSE*,*NOUSE*,0,0,0,0,0,0,0,0
34,34,*NOUSE*,*NOUSE*,0,0,0,0,0,0,0,0
35,35,*NOUSE*,*NOUSE*,0,0,0,0,0,0,0,0
36,36,*NOUSE*,*NOUSE*,0,0,0,0,0,0,0,0
37,37,,,40,1192,52,145.00,53.79,30.09,4828,259714.00
38,38,*NOUSE*,*NOUSE*,0,0,0,0,0,0,0,0
39,39,*NOUSE*,*NOUSE*,0,0,0,0,0,0,0,0
40,40,*NOUSE*,*NOUSE*,0,0,0,0,0,0,0,0
41,41,*NOUSE*,*NOUSE*,0,0,0,0,0,0,0,0
42,42,*NOUSE*,*NOUSE*,0,0,0,0,0,0,0,0
43,43,*NOUSE*,*NOUSE*,0,0,0,0,0,0,0,0
44,44,*NOUSE*,*NOUSE*,0,0,0,0,0,0,0,0
45,45,,,40,865,82,170.00,48.42,38.19,6700,324412.00
46,46,,,40,1095,82,247.00,76.72,59.10,3879,297596.00
47,47,*NOUSE*,*NOUSE*,0,0,0,0,0,0,0,0
48,48,*NOUSE*,*NOUSE*,0,0,0,0,0,0,0,0
49,49,*NOUSE*,*NOUSE*,0,0,0,0,0,0,0,0
50,50,,,42,1207,66,235.00,86.92,54.88,3784,328903.00
51,51,*NOUSE*,*NOUSE*,0,0,0,0,0,0,0,0
52,52,*NOUSE*,*NOUSE*,0,0,0,0,0,0,0,0
53,53,*NOUSE*,*NOUSE*,0,0,0,0,0,0,0,0
54,54,*NOUSE*,*NOUSE*,0,0,0,0,0,0,0,0
55,55,*NOUSE*,*NOUSE*,0,0,0,0,0,0,0,0
56,56,*NOUSE*,*NOUSE*,0,0,0,0,0,0,0,0
57,57,*NOUSE*,*NOUSE*,0,0,0,0,0,0,0,0
58,58,,,47,1182,56,217.00,75.73,40.10,4479,339205.00
59,59,*NOUSE*,*NOUSE*,0,0,0,0,0,0,0,0
60,60,*NOUSE*,*NOUSE*,0,0,0,0,0,0,0,0
61,61,,,42,1518,76,110.00,40.32,21.98,4084,164675.00
62,62,*NOUSE*,*NOUSE*,0,0,0,0,0,0,0,0
63,63,*NOUSE*,*NOUSE*,0,0,0,0,0,0,0,0
64,64,*NOUSE*,*NOUSE*,0,0,0,0,0,0,0,0
65,65,*NOUSE*,*NOUSE*,0,0,0,0,0,0,0,0
66,66,*NOUSE*,*NOUSE*,0,0,0,0,0,0,0,0
67,67,,,45,1479,64,115.00,44.70,23.43,4875,217913.00
68,68,*NOUSE*,*NOUSE*,0,0,0,0,0,0,0,0
69,69,*NOUSE*,*NOUSE*,0,0,0,0,0,0,0,0
70,70,*NOUSE*,*NOUSE*,0,0,0,0,0,0,0,0
71,71,,,45,831,47,236.00,73.38,56.28,4203,308424.00
72,72,*NOUSE*,*NOUSE*,0,0,0,0,0,0,0,0
73,73,*NOUSE*,*NOUSE*,0,0,0,0,0,0,0,0
74,74,*NOUSE*,*NOUSE*,0,0,0,0,0,0,0,0
75,75,,,44,722,60,215.00,66.52,51.83,4699,312584.00
76,76,*NOUSE*,*NOUSE*,0,0,0,0,0,0,0,0
77,77,*NOUSE*,*NOUSE*,0,0,0,0,0,0,0,0
78,78,*NOUSE*,*NOUSE*,0,0,0,0,0,0,0,0
79,79,*NOUSE*,*NOUSE*,0,0,0,0,0,0,0,0
80,80,*NOUSE*,*NOUSE*,0,0,0,0,0,0,0,0
81,81,*NOUSE*,*NOUSE*,0,0,0,0,0,0,0,0
82,82,*NOUSE*,*NOUSE*,0,0,0,0,0,0,0,0
83,83,*NOUSE*,*NOUSE*,0,0,0,0,0,0,0,0
84,84,*NOUSE*,*NOUSE*,0,0,0,0,0,0,0,0
85,85,*NOUSE*,*NOUSE*,0,0,0,0,0,0,0,0
86,86,*NOUSE*,*NOUSE*,0,0,0,0,0,0,0,0
87,87,,,46,1461,63,128.00,52.75,27.72,4051,213670.00
88,88,,,46,1236,75,195.00,86.45,40.58,2923,252689.00
89,89,*NOUSE*,*NOUSE*,0,0,0,0,0,0,0,0
90,90,*NOUSE*,*NOUSE*,0,0,0,0,0,0,0,0
91,91,*NOUSE*,*NOUSE*,0,0,0,0,0,0,0,0
92,92,*NOUSE*,*NOUSE*,0,0,0,0,0,0,0,0
93,93,*NOUSE*,*NOUSE*,0,0,0,0,0,0,0,0
94,94,*NOUSE*,*NOUSE*,0,0,0,0,0,0,0,0
95,95,*NOUSE*,*NOUSE*,0,0,0,0,0,0,0,0
96,96,*NOUSE*,*NOUSE*,0,0,0,0,0,0,0,0
97,97,*NOUSE*,*NOUSE*,0,0,0,0,0,0,0,0
98,98,,,49,1047,49,120.00,36.79,21.30,7790,286618.00
99,99,*NOUSE*,*NOUSE*,0,0,0,0,0,0,0,0
100,100,*NOUSE*,*NOUSE*,0,0,0,0,0,0,0,0
101,101,*NOUSE*,*NOUSE*,0,0,0,0,0,0,0,0
102,102,,,47,1413,71,154.00,67.29,29.98,3244,218274.00
103,103,*NOUSE*,*NOUSE*,0,0,0,0,0,0,0,0
104,104,*NOUSE*,*NOUSE*,0,0,0,0,0,0,0,0
105,105,*NOUSE*,*NOUSE*,0,0,0,0,0,0,0,0
106,106,*NOUSE*,*NOUSE*,0,0,0,0,0,0,0,0
107,107,*NOUSE*,*NOUSE*,0,0,0,0,0,0,0,0
108,108,,,48,1091,40,163.00,47.01,34.24,5935,279008.00
109,109,*NOUSE*,*NOUSE*,0,0,0,0,0,0,0,0
110,110,*NOUSE*,*NOUSE*,0,0,0,0,0,0,0,0
111,111,*NOUSE*,*NOUSE*,0,0,0,0,0,0,0,0
112,112,,,47,1567,73,69.00,27.22,10.72,4631,126067.00
113,113,,,49,1145,79,201.00,63.75,41.29,4374,278831.00
114,114,,,50,1456,82,130.00,54.99,28.19,3779,207824.00
115,115,*NOUSE*,*NOUSE*,0,0,0,0,0,0,0,0
116,116,*NOUSE*,*NOUSE*,0,0,0,0,0,0,0,0
117,117,*NOUSE*,*NOUSE*,0,0,0,0,0,0,0,0
118,118,*NOUSE*,*NOUSE*,0,0,0,0,0,0,0,0
119,119,*NOUSE*,*NOUSE*,0,0,0,0,0,0,0,0
120,120,*NOUSE*,*NOUSE*,0,0,0,0,0,0,0,0
121,121,,,50,1166,46,242.00,75.24,52.04,3982,299603.00
122,122,,,49,1321,49,181.00,77.64,40.75,3043,236254.00
123,123,*NOUSE*,*NOUSE*,0,0,0,0,0,0,0,0
124,124,,,49,1535,61,90.00,37.02,16.68,3057,113178.00
125,125,*NOUSE*,*NOUSE*,0,0,0,0,0,0,0,0
126,126,*NOUSE*,*NOUSE*,0,0,0,0,0,0,0,0
127,127,*NOUSE*,*NOUSE*,0,0,0,0,0,0,0,0
128,128,*NOUSE*,*NOUSE*,0,0,0,0,0,0,0,0
129,129,*NOUSE*,*NOUSE*,0,0,0,0,0,0,0,0
130,130,,,50,1189,93,208.00,87.99,47.77,2938,258504.00
131,131,,,50,1127,96,219.00,72.25,49.33,3757,271425.00
132,132,,,49,1084,99,203.00,50.46,40.89,5180,261397.00
133,133,*NOUSE*,*NOUSE*,0,0,0,0,0,0,0,0
134,134,*NOUSE*,*NOUSE*,0,0,0,0,0,0,0,0
135,135,*NOUSE*,*NOUSE*,0,0,0,0,0,0,0,0
136,136,,,50,493,59,136.00,39.87,25.92,6195,247011.00
137,137,,,50,1316,65,211.00,84.29,42.09,2674,225379.00
138,138,,,50,292,69,247.00,92.12,62.05,3415,314605.00
139,139,,,49,1251,69,191.00,82.78,40.33,3240,268215.00
140,140,*NOUSE*,*NOUSE*,0,0,0,0,0,0,0,0
141,141,,,50,1168,77,172.00,66.47,37.50,4164,276785.00
142,142,,,55,668,87,205.00,59.15,44.28,5731,338991.00
143,143,,,50,820,93,219.00,62.29,49.03,5354,333475.00
144,144,*NOUSE*,*NOUSE*,0,0,0,0,0,0,0,0
145,145,*NOUSE*,*NOUSE*,0,0,0,0,0,0,0,0
146,146,,,51,993,35,172.00,50.63,38.88,4508,228223.00
147,147,*NOUSE*,*NOUSE*,0,0,0,0,0,0,0,0
148,148,,,51,1138,50,246.00,80.13,55.43,3438,275495.00
149,149,*NOUSE*,*NOUSE*,0,0,0,0,0,0,0,0
150,150,,,49,1230,60,202.00,95.23,43.04,1504,143222.00
151,151,*NOUSE*,*NOUSE*,0,0,0,0,0,0,0,0
152,152,*NOUSE*,*NOUSE*,0,0,0,0,0,0,0,0
153,153,*NOUSE*,*NOUSE*,0,0,0,0,0,0,0,0
154,154,*NOUSE*,*NOUSE*,0,0,0,0,0,0,0,0
155,155,*NOUSE*,*NOUSE*,0,0,0,0,0,0,0,0
156,156,,,51,451,73,146.00,41.51,28.07,4610,191353.00
157,157,*NOUSE*,*NOUSE*,0,0,0,0,0,0,0,0
158,158,,,49,1283,76,188.00,91.55,40.34,2978,272638.00
159,159,,,51,341,79,231.00,76.23,54.30,4278,326104.00
160,160,,,53,1476,75,109.00,43.07,19.63,3539,152439.00
161,161,*NOUSE*,*NOUSE*,0,0,0,0,0,0,0,0
162,162,*NOUSE*,*NOUSE*,0,0,0,0,0,0,0,0
163,163,*NOUSE*,*NOUSE*,0,0,0,0,0,0,0,0
164,164,*NOUSE*,*NOUSE*,0,0,0,0,0,0,0,0
165,165,,,52,1050,88,114.00,37.62,21.41,7278,273819.00
166,166,*NOUSE*,*NOUSE*,0,0,0,0,0,0,0,0
167,167,*NOUSE*,*NOUSE*,0,0,0,0,0,0,0,0
168,168,,,51,881,98,226.00,62.95,51.02,5366,337786.00
169,169,*NOUSE*,*NOUSE*,0,0,0,0,0,0,0,0
170,170,*NOUSE*,*NOUSE*,0,0,0,0,0,0,0,0
171,171,*NOUSE*,*NOUSE*,0,0,0,0,0,0,0,0
172,172,,,53,1115,40,177.00,52.02,35.33,6323,328899.00
173,173,,,53,808,40,216.00,53.58,43.17,4273,228945.00
174,174,,,52,1404,45,139.00,64.63,27.17,3322,214691.00
175,175,,,51,1222,47,228.00,92.64,46.46,2901,268753.00
176,176,,,52,322,67,194.00,64.88,44.34,4479,290608.00
177,177,,,50,1185,73,248.00,107.49,54.98,2440,262275.00
178,178,*NOUSE*,*NOUSE*,0,0,0,0,0,0,0,0
179,179,,,54,286,80,231.00,83.32,54.15,3974,331108.00
180,180,*NOUSE*,*NOUSE*,0,0,0,0,0,0,0,0
181,181,*NOUSE*,*NOUSE*,0,0,0,0,0,0,0,0
182,182,,,51,1331,41,146.00,58.40,29.24,2524,147390.00
183,183,,,51,1462,48,102.00,46.37,17.98,2834,131400.00
184,184,*NOUSE*,*NOUSE*,0,0,0,0,0,0,0,0
185,185,,,54,275,67,233.00,84.01,57.91,3499,293962.00
186,186,*NOUSE*,*NOUSE*,0,0,0,0,0,0,0,0
187,187,*NOUSE*,*NOUSE*,0,0,0,0,0,0,0,0
188,188,*NOUSE*,*NOUSE*,0,0,0,0,0,0,0,0
189,189,*NOUSE*,*NOUSE*,0,0,0,0,0,0,0,0
190,190,*NOUSE*,*NOUSE*,0,0,0,0,0,0,0,0
191,191,*NOUSE*,*NOUSE*,0,0,0,0,0,0,0,0
192,192,,,54,682,43,205.00,57.69,46.11,4556,262838.00
193,193,*NOUSE*,*NOUSE*,0,0,0,0,0,0,0,0
194,194,,,57,716,83,209.00,56.76,41.20,8219,466522.00
195,195,*NOUSE*,*NOUSE*,0,0,0,0,0,0,0,0
196,196,*NOUSE*,*NOUSE*,0,0,0,0,0,0,0,0
197,197,,,55,1286,47,144.00,64.36,31.46,3859,248384.00
198,198,*NOUSE*,*NOUSE*,0,0,0,0,0,0,0,0
199,199,*NOUSE*,*NOUSE*,0,0,0,0,0,0,0,0
200,200,*NOUSE*,*NOUSE*,0,0,0,0,0,0,0,0
201,201,,,55,741,56,84.00,30.52,15.00,9872,301323.00
202,202,*NOUSE*,*NOUSE*,0,0,0,0,0,0,0,0
203,203,*NOUSE*,*NOUSE*,0,0,0,0,0,0,0,0
204,204,*NOUSE*,*NOUSE*,0,0,0,0,0,0,0,0
205,205,*NOUSE*,*NOUSE*,0,0,0,0,0,0,0,0
206,206,*NOUSE*,*NOUSE*,0,0,0,0,0,0,0,0
207,207,,,55,1368,81,208.00,74.65,44.30,3166,236328.00
208,208,*NOUSE*,*NOUSE*,0,0,0,0,0,0,0,0
209,209,*NOUSE*,*NOUSE*,0,0,0,0,0,0,0,0
210,210,,,56,782,94,252.00,78.49,63.85,4043,317326.00
211,211,*NOUSE*,*NOUSE*,0,0,0,0,0,0,0,0
212,212,*NOUSE*,*NOUSE*,0,0,0,0,0,0,0,0
213,213,*NOUSE*,*NOUSE*,0,0,0,0,0,0,0,0
214,214,*NOUSE*,*NOUSE*,0,0,0,0,0,0,0,0
215,215,*NOUSE*,*NOUSE*,0,0,0,0,0,0,0,0
216,216,*NOUSE*,*NOUSE*,0,0,0,0,0,0,0,0
217,217,*NOUSE*,*NOUSE*,0,0,0,0,0,0,0,0
218,218,,,58,869,48,89.00,32.16,16.10,6433,206917.00
219,219,*NOUSE*,*NOUSE*,0,0,0,0,0,0,0,0
220,220,,,57,1322,56,214.00,85.77,44.70,3123,267875.00
221,221,*NOUSE*,*NOUSE*,0,0,0,0,0,0,0,0
222,222,,,55,1108,83,236.00,80.51,54.37,2545,204905.00
223,223,*NOUSE*,*NOUSE*,0,0,0,0,0,0,0,0
224,224,*NOUSE*,*NOUSE*,0,0,0,0,0,0,0,0
225,225,*NOUSE*,*NOUSE*,0,0,0,0,0,0,0,0
226,226,*NOUSE*,*NOUSE*,0,0,0,0,0,0,0,0
227,227,*NOUSE*,*NOUSE*,0,0,0,0,0,0,0,0
228,228,*NOUSE*,*NOUSE*,0,0,0,0,0,0,0,0
229,229,,,56,1261,43,140.00,62.33,28.59,4342,270619.00
230,230,,,58,942,47,77.00,30.89,14.22,7289,225178.00
231,231,,,58,475,49,196.00,54.74,43.61,5046,276241.00
232,232,,,55,1214,60,175.00,76.61,29.13,2144,164262.00
233,233,,,57,1135,87,246.00,84.99,52.90,3256,276743.00
234,234,*NOUSE*,*NOUSE*,0,0,0,0,0,0,0,0
235,235,*NOUSE*,*NOUSE*,0,0,0,0,0,0,0,0
236,236,,,58,771,36,206.00,53.73,45.43,4429,237965.00
237,237,,,57,1305,50,211.00,87.43,40.16,2988,261234.00
238,238,,,58,428,54,194.00,51.42,37.70,3778,194259.00
239,239,*NOUSE*,*NOUSE*,0,0,0,0,0,0,0,0
240,240,*NOUSE*,*NOUSE*,0,0,0,0,0,0,0,0
241,241,,,59,246,78,223.00,78.48,53.63,3628,284741.00
242,242,,,57,1601,80,66.00,27.21,13.34,4329,117784.00
243,243,,,60,267,86,188.00,76.69,47.13,3038,232974.00
244,244,*NOUSE*,*NOUSE*,0,0,0,0,0,0,0,0
245,245,*NOUSE*,*NOUSE*,0,0,0,0,0,0,0,0
246,246,*NOUSE*,*NOUSE*,0,0,0,0,0,0,0,0
247,247,,,57,538,93,186.00,47.23,37.83,4302,203185.00
248,248,*NOUSE*,*NOUSE*,0,0,0,0,0,0,0,0
249,249,,,59,1164,38,172.00,71.85,39.29,4005,287765.00
250,250,,,60,1141,41,174.00,56.82,35.80,5523,313808.00
251,251,*NOUSE*,*NOUSE*,0,0,0,0,0,0,0,0
252,252,*NOUSE*,*NOUSE*,0,0,0,0,0,0,0,0
253,253,,,61,647,52,98.00,33.57,16.71,8828,296356.00
254,254,*NOUSE*,*NOUSE*,0,0,0,0,0,0,0,0
255,255,*NOUSE*,*NOUSE*,0,0,0,0,0,0,0,0
256,256,,,64,1113,88,250.00,90.77,58.94,4138,375615.00
257,257,*NOUSE*,*NOUSE*,0,0,0,0,0,0,0,0
258,258,*NOUSE*,*NOUSE*,0,0,0,0,0,0,0,0
259,259,*NOUSE*,*NOUSE*,0,0,0,0,0,0,0,0
260,260,*NOUSE*,*NOUSE*,0,0,0,0,0,0,0,0
261,261,*NOUSE*,*NOUSE*,0,0,0,0,0,0,0,0
262,262,,,62,1099,57,203.00,70.18,46.28,3886,272735.00
263,263,*NOUSE*,*NOUSE*,0,0,0,0,0,0,0,0
264,264,,,61,328,59,204.00,81.63,47.58,3496,285364.00
265,265,*NOUSE*,*NOUSE*,0,0,0,0,0,0,0,0
266,266,*NOUSE*,*NOUSE*,0,0,0,0,0,0,0,0
267,267,,,61,840,82,86.00,29.96,14.32,6520,195309.00
268,268,*NOUSE*,*NOUSE*,0,0,0,0,0,0,0,0
269,269,*NOUSE*,*NOUSE*,0,0,0,0,0,0,0,0
270,270,*NOUSE*,*NOUSE*,0,0,0,0,0,0,0,0
271,271,*NOUSE*,*NOUSE*,0,0,0,0,0,0,0,0
272,272,,,59,951,103,223.00,64.24,51.77,3937,252911.00
273,273,*NOUSE*,*NOUSE*,0,0,0,0,0,0,0,0
274,274,*NOUSE*,*NOUSE*,0,0,0,0,0,0,0,0
275,275,,,60,1187,41,230.00,83.32,46.27,3649,304052.00
276,276,*NOUSE*,*NOUSE*,0,0,0,0,0,0,0,0
277,277,,,60,1395,56,163.00,69.85,32.66,3562,248820.00
278,278,*NOUSE*,*NOUSE*,0,0,0,0,0,0,0,0
279,279,*NOUSE*,*NOUSE*,0,0,0,0,0,0,0,0
280,280,*NOUSE*,*NOUSE*,0,0,0,0,0,0,0,0
281,281,*NOUSE*,*NOUSE*,0,0,0,0,0,0,0,0
282,282,,,61,343,94,222.00,88.07,56.33,3114,274252.00
283,283,*NOUSE*,*NOUSE*,0,0,0,0,0,0,0,0
284,284,*NOUSE*,*NOUSE*,0,0,0,0,0,0,0,0
285,285,,,61,1044,101,221.00,71.26,50.03,3852,274504.00
286,286,*NOUSE*,*NOUSE*,0,0,0,0,0,0,0,0
287,287,,,64,1000,46,84.00,31.68,14.66,9424,298567.00
288,288,*NOUSE*,*NOUSE*,0,0,0,0,0,0,0,0
289,289,*NOUSE*,*NOUSE*,0,0,0,0,0,0,0,0
290,290,,,62,1462,55,90.00,41.79,14.73,3547,148243.00
291,291,*NOUSE*,*NOUSE*,0,0,0,0,0,0,0,0
292,292,,,62,297,65,192.00,80.63,43.60,3666,295602.00
293,293,,,62,1344,65,128.00,44.26,23.34,5435,240561.00
294,294,*NOUSE*,*NOUSE*,0,0,0,0,0,0,0,0
295,295,,,61,365,92,245.00,94.46,59.24,3260,307954.00
296,296,*NOUSE*,*NOUSE*,0,0,0,0,0,0,0,0
297,297,,,62,1067,105,200.00,52.79,41.73,4796,253201.00
298,298,,,63,1439,39,115.00,49.42,22.22,4072,201244.00
299,299,*NOUSE*,*NOUSE*,0,0,0,0,0,0,0,0
300,300,*NOUSE*,*NOUSE*,0,0,0,0,0,0,0,0
301,301,*NOUSE*,*NOUSE*,0,0,0,0,0,0,0,0
302,302,*NOUSE*,*NOUSE*,0,0,0,0,0,0,0,0
303,303,,,62,1212,74,181.00,76.78,34.47,2700,207302.00
304,304,,,62,314,72,212.00,96.66,47.41,3473,335716.00
305,305,*NOUSE*,*NOUSE*,0,0,0,0,0,0,0,0
306,306,*NOUSE*,*NOUSE*,0,0,0,0,0,0,0,0
307,307,,,63,707,98,244.00,75.61,60.34,5042,381232.00
308,308,,,63,653,95,237.00,71.24,56.41,3872,275832.00
309,309,,,63,567,98,244.00,75.47,56.79,3838,289652.00
310,310,,,61,1123,101,229.00,80.47,49.13,3317,266921.00
311,311,,,64,1337,104,163.00,56.51,34.76,3088,174493.00
312,312,*NOUSE*,*NOUSE*,0,0,0,0,0,0,0,0
313,313,*NOUSE*,*NOUSE*,0,0,0,0,0,0,0,0
314,314,,,65,541,56,85.00,31.21,14.42,6026,188052.00
315,315,,,64,279,61,216.00,90.30,52.36,2776,250665.00
316,316,*NOUSE*,*NOUSE*,0,0,0,0,0,0,0,0
317,317,,,65,1173,85,204.00,78.59,42.85,3217,252834.00
318,318,*NOUSE*,*NOUSE*,0,0,0,0,0,0,0,0
319,319,,,63,1425,109,81.00,35.23,14.06,2902,102239.00
320,320,*NOUSE*,*NOUSE*,0,0,0,0,0,0,0,0
321,321,*NOUSE*,*NOUSE*,0,0,0,0,0,0,0,0
322,322,*NOUSE*,*NOUSE*,0,0,0,0,0,0,0,0
323,323,*NOUSE*,*NOUSE*,0,0,0,0,0,0,0,0
324,324,,,67,1050,35,195.00,54.29,41.65,4339,235550.00
325,325,,,68,1124,50,144.00,54.28,32.03,5873,318797.00
326,326,*NOUSE*,*NOUSE*,0,0,0,0,0,0,0,0
327,327,*NOUSE*,*NOUSE*,0,0,0,0,0,0,0,0
328,328,*NOUSE*,*NOUSE*,0,0,0,0,0,0,0,0
329,329,*NOUSE*,*NOUSE*,0,0,0,0,0,0,0,0
330,330,,,66,1144,89,187.00,64.30,38.06,4432,284970.00
331,331,*NOUSE*,*NOUSE*,0,0,0,0,0,0,0,0
332,332,*NOUSE*,*NOUSE*,0,0,0,0,0,0,0,0
333,333,*NOUSE*,*NOUSE*,0,0,0,0,0,0,0,0
334,334,,,66,498,94,241.00,68.93,55.87,5325,367059.00
335,335,*NOUSE*,*NOUSE*,0,0,0,0,0,0,0,0
336,336,*NOUSE*,*NOUSE*,0,0,0,0,0,0,0,0
337,337,*NOUSE*,*NOUSE*,0,0,0,0,0,0,0,0
338,338,*NOUSE*,*NOUSE*,0,0,0,0,0,0,0,0
339,339,,,67,813,35,201.00,56.90,45.50,4024,228954.00
340,340,,,68,1410,38,139.00,57.66,25.62,3855,222271.00
341,341,,,64,1629,47,66.00,25.80,10.21,3333,85991.00
342,342,*NOUSE*,*NOUSE*,0,0,0,0,0,0,0,0
343,343,,,67,208,63,197.00,54.01,42.89,4544,245440.00
344,344,*NOUSE*,*NOUSE*,0,0,0,0,0,0,0,0
345,345,*NOUSE*,*NOUSE*,0,0,0,0,0,0,0,0
346,346,*NOUSE*,*NOUSE*,0,0,0,0,0,0,0,0
347,347,,,66,321,96,177.00,57.50,38.42,4337,249368.00
348,348,*NOUSE*,*NOUSE*,0,0,0,0,0,0,0,0
349,349,*NOUSE*,*NOUSE*,0,0,0,0,0,0,0,0
350,350,*NOUSE*,*NOUSE*,0,0,0,0,0,0,0,0
351,351,*NOUSE*,*NOUSE*,0,0,0,0,0,0,0,0
352,352,*NOUSE*,*NOUSE*,0,0,0,0,0,0,0,0
353,353,,,65,1592,55,59.00,26.70,10.38,3934,105026.00
354,354,,,69,122,72,196.00,52.05,39.45,7455,388005.00
355,355,,,67,214,81,157.00,47.25,35.73,5483,259087.00
356,356,,,69,744,80,246.00,60.63,41.90,8712,528176.00
357,357,*NOUSE*,*NOUSE*,0,0,0,0,0,0,0,0
358,358,,,65,1638,87,71.00,27.95,12.23,3025,84546.00
359,359,,,65,291,82,166.00,73.19,37.68,3135,229439.00
360,360,,,67,440,94,212.00,66.05,50.86,3934,259843.00
361,361,,,66,1605,92,78.00,30.14,14.96,3675,110781.00
362,362,*NOUSE*,*NOUSE*,0,0,0,0,0,0,0,0
363,363,*NOUSE*,*NOUSE*,0,0,0,0,0,0,0,0
364,364,,,68,580,48,179.00,52.45,41.53,4046,212224.00
365,365,,,68,1213,57,149.00,65.37,30.64,2663,174072.00
366,366,,,67,93,70,164.00,49.68,36.63,4922,244510.00
367,367,,,68,186,72,189.00,50.88,38.73,4075,207356.00
368,368,,,69,142,70,115.00,40.20,24.39,2693,108262.00
369,369,*NOUSE*,*NOUSE*,0,0,0,0,0,0,0,0
370,370,*NOUSE*,*NOUSE*,0,0,0,0,0,0,0,0
371,371,*NOUSE*,*NOUSE*,0,0,0,0,0,0,0,0
372,372,*NOUSE*,*NOUSE*,0,0,0,0,0,0,0,0
373,373,,,71,1130,31,155.00,49.12,33.26,4095,201162.00
374,374,,,70,1226,45,217.00,89.71,47.55,3648,327280.00
375,375,*NOUSE*,*NOUSE*,0,0,0,0,0,0,0,0
376,376,*NOUSE*,*NOUSE*,0,0,0,0,0,0,0,0
377,377,*NOUSE*,*NOUSE*,0,0,0,0,0,0,0,0
378,378,*NOUSE*,*NOUSE*,0,0,0,0,0,0,0,0
379,379,*NOUSE*,*NOUSE*,0,0,0,0,0,0,0,0
380,380,*NOUSE*,*NOUSE*,0,0,0,0,0,0,0,0
381,381,,,68,311,55,173.00,62.55,37.65,2984,186641.00
382,382,*NOUSE*,*NOUSE*,0,0,0,0,0,0,0,0
383,383,*NOUSE*,*NOUSE*,0,0,0,0,0,0,0,0
384,384,*NOUSE*,*NOUSE*,0,0,0,0,0,0,0,0
385,385,*NOUSE*,*NOUSE*,0,0,0,0,0,0,0,0
386,386,*NOUSE*,*NOUSE*,0,0,0,0,0,0,0,0
387,387,,,71,1288,46,134.00,64.45,29.19,4216,271720.00
388,388,*NOUSE*,*NOUSE*,0,0,0,0,0,0,0,0
389,389,*NOUSE*,*NOUSE*,0,0,0,0,0,0,0,0
390,390,,,70,689,70,93.00,31.63,15.21,8631,272958.00
391,391,*NOUSE*,*NOUSE*,0,0,0,0,0,0,0,0
392,392,*NOUSE*,*NOUSE*,0,0,0,0,0,0,0,0
393,393,*NOUSE*,*NOUSE*,0,0,0,0,0,0,0,0
394,394,*NOUSE*,*NOUSE*,0,0,0,0,0,0,0,0
395,395,,,70,980,96,246.00,69.01,53.75,3942,272022.00
396,396,*NOUSE*,*NOUSE*,0,0,0,0,0,0,0,0
397,397,,,72,972,38,178.00,47.18,38.70,6205,292766.00
398,398,*NOUSE*,*NOUSE*,0,0,0,0,0,0,0,0
399,399,,,71,1167,40,240.00,72.76,49.00,4834,351716.00
400,400,*NOUSE*,*NOUSE*,0,0,0,0,0,0,0,0
401,401,,,73,1058,51,101.00,34.89,18.51,7963,277796.00
402,402,*NOUSE*,*NOUSE*,0,0,0,0,0,0,0,0
403,403,*NOUSE*,*NOUSE*,0,0,0,0,0,0,0,0
404,404,,,72,269,62,216.00,80.81,53.51,2981,240880.00
405,405,*NOUSE*,*NOUSE*,0,0,0,0,0,0,0,0
406,406,,,70,242,75,201.00,72.88,50.56,3907,284756.00
407,407,,,73,1050,87,96.00,36.11,19.05,7767,280441.00
408,408,,,72,1129,83,251.00,80.41,54.52,3592,288841.00
409,409,*NOUSE*,*NOUSE*,0,0,0,0,0,0,0,0
410,410,,,72,372,89,209.00,65.90,46.43,4577,301632.00
411,411,*NOUSE*,*NOUSE*,0,0,0,0,0,0,0,0
412,412,,,73,1197,33,156.00,57.10,31.88,4794,273755.00
413,413,*NOUSE*,*NOUSE*,0,0,0,0,0,0,0,0
414,414,*NOUSE*,*NOUSE*,0,0,0,0,0,0,0,0
415,415,*NOUSE*,*NOUSE*,0,0,0,0,0,0,0,0
416,416,,,72,423,49,183.00,54.80,39.08,3967,217389.00
417,417,*NOUSE*,*NOUSE*,0,0,0,0,0,0,0,0
418,418,*NOUSE*,*NOUSE*,0,0,0,0,0,0,0,0
419,419,*NOUSE*,*NOUSE*,0,0,0,0,0,0,0,0
420,420,*NOUSE*,*NOUSE*,0,0,0,0,0,0,0,0
421,421,*NOUSE*,*NOUSE*,0,0,0,0,0,0,0,0
422,422,,,71,263,83,175.00,57.15,38.94,4627,264412.00
423,423,*NOUSE*,*NOUSE*,0,0,0,0,0,0,0,0
424,424,*NOUSE*,*NOUSE*,0,0,0,0,0,0,0,0
425,425,,,74,779,90,191.00,56.29,43.65,6038,339880.00
426,426,*NOUSE*,*NOUSE*,0,0,0,0,0,0,0,0
427,427,*NOUSE*,*NOUSE*,0,0,0,0,0,0,0,0
428,428,*NOUSE*,*NOUSE*,0,0,0,0,0,0,0,0
429,429,,,74,1321,42,165.00,59.57,36.07,4220,251370.00
430,430,*NOUSE*,*NOUSE*,0,0,0,0,0,0,0,0
431,431,*NOUSE*,*NOUSE*,0,0,0,0,0,0,0,0
432,432,*NOUSE*,*NOUSE*,0,0,0,0,0,0,0,0
433,433,,,76,1139,55,163.00,51.67,33.96,5019,259321.00
434,434,,,72,1459,82,116.00,52.11,24.41,2696,140486.00
435,435,*NOUSE*,*NOUSE*,0,0,0,0,0,0,0,0
436,436,*NOUSE*,*NOUSE*,0,0,0,0,0,0,0,0
437,437,*NOUSE*,*NOUSE*,0,0,0,0,0,0,0,0
438,438,,,75,1200,86,209.00,83.48,39.98,3391,283074.00
439,439,*NOUSE*,*NOUSE*,0,0,0,0,0,0,0,0
440,440,,,75,692,89,188.00,50.14,39.59,7442,373146.00
441,441,,,74,618,91,184.00,50.44,37.70,6674,336660.00
442,442,,,72,1236,102,159.00,59.12,30.53,2740,162000.00
443,443,,,74,721,38,203.00,51.86,42.59,4555,236245.00
444,444,*NOUSE*,*NOUSE*,0,0,0,0,0,0,0,0
445,445,,,76,857,48,213.00,60.21,45.89,4953,298244.00
446,446,*NOUSE*,*NOUSE*,0,0,0,0,0,0,0,0
447,447,*NOUSE*,*NOUSE*,0,0,0,0,0,0,0,0
448,448,*NOUSE*,*NOUSE*,0,0,0,0,0,0,0,0
449,449,,,74,302,78,202.00,69.90,48.11,4069,284420.00
450,450,*NOUSE*,*NOUSE*,0,0,0,0,0,0,0,0
451,451,*NOUSE*,*NOUSE*,0,0,0,0,0,0,0,0
452,452,,,76,994,93,221.00,62.57,51.34,4357,272615.00
453,453,,,75,553,89,154.00,44.23,33.24,6801,300837.00
454,454,*NOUSE*,*NOUSE*,0,0,0,0,0,0,0,0
455,455,,,75,1211,94,176.00,76.67,37.71,3136,240440.00
456,456,,,73,1456,100,112.00,44.32,20.27,3704,164157.00
457,457,,,74,1343,40,121.00,48.80,26.20,2372,115763.00
458,458,*NOUSE*,*NOUSE*,0,0,0,0,0,0,0,0
459,459,*NOUSE*,*NOUSE*,0,0,0,0,0,0,0,0
460,460,,,76,1282,59,153.00,74.60,32.96,3581,267129.00
461,461,,,74,584,65,114.00,33.12,20.91,7221,239165.00
462,462,,,75,1266,64,156.00,64.01,30.74,3751,240108.00
463,463,*NOUSE*,*NOUSE*,0,0,0,0,0,0,0,0
464,464,*NOUSE*,*NOUSE*,0,0,0,0,0,0,0,0
465,465,,,74,285,62,243.00,90.16,60.96,3290,296642.00
466,466,,,76,1142,73,155.00,60.08,37.18,2823,169610.00
467,467,,,75,280,73,208.00,67.19,49.38,3602,242023.00
468,468,*NOUSE*,*NOUSE*,0,0,0,0,0,0,0,0
469,469,,,74,1598,79,59.00,25.22,10.67,4600,116002.00
470,470,,,75,1226,88,194.00,85.20,39.64,2780,236866.00
471,471,,,74,1121,99,180.00,57.45,39.06,5093,292587.00
472,472,,,76,1092,97,185.00,50.76,36.77,4352,220915.00
473,473,,,75,1267,100,175.00,74.60,39.86,2953,220302.00
474,474,*NOUSE*,*NOUSE*,0,0,0,0,0,0,0,0
475,475,*NOUSE*,*NOUSE*,0,0,0,0,0,0,0,0
476,476,,,77,1184,69,203.00,88.54,44.08,3234,286353.00
477,477,,,76,1165,72,163.00,59.16,32.32,4382,259241.00
478,478,,,76,338,71,190.00,57.29,42.63,4439,254312.00
479,479,,,77,1283,75,169.00,71.07,33.08,3583,254647.00
480,480,,,77,1287,86,175.00,87.01,35.23,2654,230918.00
481,481,,,76,447,85,172.00,48.22,36.80,5707,275216.00
482,482,,,76,1251,93,193.00,76.01,40.75,2978,226348.00
483,483,*NOUSE*,*NOUSE*,0,0,0,0,0,0,0,0
484,484,,,77,1146,98,200.00,60.84,41.22,4307,262029.00
485,485,*NOUSE*,*NOUSE*,0,0,0,0,0,0,0,0
486,486,*NOUSE*,*NOUSE*,0,0,0,0,0,0,0,0
487,487,*NOUSE*,*NOUSE*,0,0,0,0,0,0,0,0
488,488,*NOUSE*,*NOUSE*,0,0,0,0,0,0,0,0
489,489,*NOUSE*,*NOUSE*,0,0,0,0,0,0,0,0
490,490,*NOUSE*,*NOUSE*,0,0,0,0,0,0,0,0
491,491,,,78,1284,99,183.00,70.40,34.51,3012,212048.00
492,492,*NOUSE*,*NOUSE*,0,0,0,0,0,0,0,0
493,493,,,79,1414,98,97.00,42.11,16.87,2962,124731.00
494,494,*NOUSE*,*NOUSE*,0,0,0,0,0,0,0,0
495,495,,,80,1457,57,131.00,49.50,23.62,4369,216246.00
496,496,*NOUSE*,*NOUSE*,0,0,0,0,0,0,0,0
497,497,*NOUSE*,*NOUSE*,0,0,0,0,0,0,0,0
498,498,*NOUSE*,*NOUSE*,0,0,0,0,0,0,0,0
499,499,*NOUSE*,*NOUSE*,0,0,0,0,0,0,0,0
500,500,,,78,1235,74,185.00,69.46,36.65,3436,238653.00
501,501,*NOUSE*,*NOUSE*,0,0,0,0,0,0,0,0
502,502,,,80,1380,85,140.00,56.43,27.02,3208,181040.00
503,503,,,77,1173,97,139.00,57.31,29.01,1864,106828.00
504,504,*NOUSE*,*NOUSE*,0,0,0,0,0,0,0,0
505,505,,,79,1305,98,164.00,69.76,34.34,2403,167634.00
506,506,*NOUSE*,*NOUSE*,0,0,0,0,0,0,0,0
507,507,*NOUSE*,*NOUSE*,0,0,0,0,0,0,0,0
508,508,*NOUSE*,*NOUSE*,0,0,0,0,0,0,0,0
509,509,*NOUSE*,*NOUSE*,0,0,0,0,0,0,0,0
510,510,*NOUSE*,*NOUSE*,0,0,0,0,0,0,0,0
511,511,,,77,317,72,182.00,63.98,44.95,4005,256237.00
512,512,,,81,608,78,154.00,45.35,31.91,7985,362154.00
513,513,*NOUSE*,*NOUSE*,0,0,0,0,0,0,0,0
514,514,,,81,712,80,222.00,60.26,50.53,4956,298658.00
515,515,*NOUSE*,*NOUSE*,0,0,0,0,0,0,0,0
516,516,,,81,917,79,112.00,36.98,23.62,6834,252742.00
517,517,,,80,865,84,159.00,44.66,30.71,4690,209449.00
518,518,*NOUSE*,*NOUSE*,0,0,0,0,0,0,0,0
519,519,*NOUSE*,*NOUSE*,0,0,0,0,0,0,0,0
520,520,*NOUSE*,*NOUSE*,0,0,0,0,0,0,0,0
521,521,*NOUSE*,*NOUSE*,0,0,0,0,0,0,0,0
522,522,,,79,1536,55,67.00,32.93,12.05,4953,163126.00
523,523,*NOUSE*,*NOUSE*,0,0,0,0,0,0,0,0
524,524,,,81,534,71,143.00,40.84,28.17,5379,219663.00
525,525,,,82,1196,74,208.00,73.61,42.91,3842,282794.00
526,526,*NOUSE*,*NOUSE*,0,0,0,0,0,0,0,0
527,527,*NOUSE*,*NOUSE*,0,0,0,0,0,0,0,0
528,528,,,80,409,77,137.00,41.97,28.29,6167,258823.00
529,529,*NOUSE*,*NOUSE*,0,0,0,0,0,0,0,0
530,530,*NOUSE*,*NOUSE*,0,0,0,0,0,0,0,0
531,531,,,81,965,84,159.00,43.51,31.62,5797,252255.00
532,532,*NOUSE*,*NOUSE*,0,0,0,0,0,0,0,0
533,533,*NOUSE*,*NOUSE*,0,0,0,0,0,0,0,0
534,534,*NOUSE*,*NOUSE*,0,0,0,0,0,0,0,0
535,535,*NOUSE*,*NOUSE*,0,0,0,0,0,0,0,0
536,536,*NOUSE*,*NOUSE*,0,0,0,0,0,0,0,0
537,537,,,83,1272,53,168.00,65.28,35.69,3792,247549.00
538,538,*NOUSE*,*NOUSE*,0,0,0,0,0,0,0,0
539,539,*NOUSE*,*NOUSE*,0,0,0,0,0,0,0,0
540,540,,,83,447,66,116.00,35.94,22.78,6934,249235.00
541,541,,,83,1048,72,213.00,59.33,48.10,4379,259825.00
542,542,,,81,366,77,141.00,44.20,28.98,4539,200644.00
543,543,*NOUSE*,*NOUSE*,0,0,0,0,0,0,0,0
544,544,*NOUSE*,*NOUSE*,0,0,0,0,0,0,0,0
545,545,*NOUSE*,*NOUSE*,0,0,0,0,0,0,0,0
546,546,*NOUSE*,*NOUSE*,0,0,0,0,0,0,0,0
547,547,*NOUSE*,*NOUSE*,0,0,0,0,0,0,0,0
548,548,,,83,1348,46,118.00,48.27,23.82,1870,90270.00
549,549,*NOUSE*,*NOUSE*,0,0,0,0,0,0,0,0
550,550,*NOUSE*,*NOUSE*,0,0,0,0,0,0,0,0
551,551,*NOUSE*,*NOUSE*,0,0,0,0,0,0,0,0
552,552,,,84,737,60,203.00,56.63,45.14,4843,274279.00
553,553,*NOUSE*,*NOUSE*,0,0,0,0,0,0,0,0
554,554,,,84,1207,62,175.00,65.48,40.84,4379,286740.00
555,555,*NOUSE*,*NOUSE*,0,0,0,0,0,0,0,0
556,556,*NOUSE*,*NOUSE*,0,0,0,0,0,0,0,0
557,557,*NOUSE*,*NOUSE*,0,0,0,0,0,0,0,0
558,558,,,84,773,54,117.00,36.51,21.72,4193,153080.00
559,559,*NOUSE*,*NOUSE*,0,0,0,0,0,0,0,0
560,560,*NOUSE*,*NOUSE*,0,0,0,0,0,0,0,0
561,561,*NOUSE*,*NOUSE*,0,0,0,0,0,0,0,0
562,562,,,85,1016,70,121.00,38.49,24.19,5397,207710.00
563,563,*NOUSE*,*NOUSE*,0,0,0,0,0,0,0,0
564,564,,,84,670,71,113.00,36.39,22.43,7436,270574.00
565,565,*NOUSE*,*NOUSE*,0,0,0,0,0,0,0,0
566,566,*NOUSE*,*NOUSE*,0,0,0,0,0,0,0,0
567,567,*NOUSE*,*NOUSE*,0,0,0,0,0,0,0,0
568,568,,,88,1334,68,127.00,43.50,24.95,4718,205224.00
569,569,,,87,1223,69,177.00,64.38,40.98,4045,260422.00
570,570,,,85,1435,85,145.00,59.33,32.66,3041,180409.00
571,571,*NOUSE*,*NOUSE*,0,0,0,0,0,0,0,0
572,572,,,86,1072,67,96.00,32.51,17.56,7313,237748.00
573,573,*NOUSE*,*NOUSE*,0,0,0,0,0,0,0,0
574,574,*NOUSE*,*NOUSE*,0,0,0,0,0,0,0,0
575,575,*NOUSE*,*NOUSE*,0,0,0,0,0,0,0,0
576,576,,,86,1518,70,85.00,37.29,16.23,4269,159180.00
577,577,,,86,1250,82,130.00,51.39,25.18,4576,235179.00
578,578,,,86,1184,83,170.00,58.87,38.51,4793,282154.00
579,579,*NOUSE*,*NOUSE*,0,0,0,0,0,0,0,0
580,580,,,87,1162,84,150.00,52.14,34.04,4525,235930.00
581,581,,,87,1316,84,144.00,57.37,30.12,3582,205492.00
582,582,*NOUSE*,*NOUSE*,0,0,0,0,0,0,0,0
583,583,*NOUSE*,*NOUSE*,0,0,0,0,0,0,0,0
584,584,*NOUSE*,*NOUSE*,0,0,0,0,0,0,0,0
585,585,,,86,1294,64,137.00,57.43,29.78,3624,208130.00
586,586,,,88,1274,68,133.00,55.03,31.94,4344,239056.00
587,587,*NOUSE*,*NOUSE*,0,0,0,0,0,0,0,0
588,588,,,86,1223,83,161.00,64.16,38.86,3851,247062.00
589,589,,,89,1314,69,136.00,51.14,30.28,4394,224707.00
590,590,*NOUSE*,*NOUSE*,0,0,0,0,0,0,0,0
591,591,*NOUSE*,*NOUSE*,0,0,0,0,0,0,0,0
592,592,,,88,1098,78,94.00,36.72,18.17,2268,83283.00
593,593,,,89,1271,84,156.00,54.71,33.88,4388,240082.00
594,594,,,91,1289,78,119.00,48.45,26.92,4771,231133.00
595,595,*NOUSE*,*NOUSE*,0,0,0,0,0,0,0,0
596,596,*NOUSE*,*NOUSE*,0,0,0,0,0,0,0,0
597,597,*NOUSE*,*NOUSE*,0,0,0,0,0,0,0,0
598,598,*NOUSE*,*NOUSE*,0,0,0,0,0,0,0,0
599,599,*NOUSE*,*NOUSE*,0,0,0,0,0,0,0,0
600,600,*NOUSE*,*NOUSE*,0,0,0,0,0,0,0,0
601,601,*NOUSE*,*NOUSE*,0,0,0,0,0,0,0,0
602,602,,*MANUAL*,44,1496,85,132.00,66.78,27.24,1937,129357.00
603,603,,*MANUAL*,45,1478,88,143.00,75.88,25.17,1365,103573.00
604,604,,*MANUAL*,46,1461,93,123.00,65.27,29.22,1797,117290.00
605,605,,*MANUAL*,45,1447,92,154.00,73.38,30.62,1359,99721.00
606,606,,*MANUAL*,43,1503,67,139.00,63.63,29.01,2103,133813.00
607,607,,*MANUAL*,61,1341,37,149.00,72.45,30.77,2103,152354.00
608,608,,*MANUAL*,64,1358,44,195.00,109.60,28.46,1531,167802.00
609,609,,*MANUAL*,55,1361,49,191.00,108.78,36.56,2087,227021.00
610,610,,*MANUAL*,71,1366,44,168.00,112.77,23.06,1907,215044.00
611,611,,*MANUAL*,58,1380,48,206.00,114.62,43.10,1894,217082.00
612,612,,*MANUAL*,67,1376,49,181.00,134.56,20.51,1243,167262.00
613,613,,*MANUAL*,45,1358,59,158.00,93.77,24.88,1365,127996.00
614,614,,*MANUAL*,48,1373,54,198.00,116.78,31.59,1365,159406.00
615,615,,*MANUAL*,51,1387,53,216.00,141.77,38.56,1119,158636.00
616,616,,*MANUAL*,46,1353,73,186.00,97.05,35.62,1302,126357.00
617,617,,*MANUAL*,47,1370,70,168.00,104.70,29.29,1359,142284.00
618,618,,*MANUAL*,47,1382,65,160.00,107.89,22.68,1125,121372.00
619,619,,*MANUAL*,44,1393,55,229.00,119.32,49.27,1365,162866.00
620,620,,*MANUAL*,41,1408,60,173.00,98.86,35.24,1365,134950.00
621,621,,*MANUAL*,51,1435,46,148.00,69.48,30.21,2040,141740.00
622,622,,*MANUAL*,39,1427,66,163.00,92.97,30.00,1242,115467.00
623,623,,*MANUAL*,39,1439,80,182.00,98.79,33.70,1345,132869.00
624,624,,*MANUAL*,40,1429,88,151.00,78.44,38.33,1355,106289.00
625,625,,*MANUAL*,40,1399,87,183.00,93.86,40.51,1365,128118.00
626,626,,*MANUAL*,39,1382,71,201.00,99.93,44.82,2055,205351.00
627,627,,*MANUAL*,43,1362,85,148.00,83.33,28.30,2030,169164.00
628,628,,*MANUAL*,42,1387,82,172.00,105.24,24.96,1276,134282.00
629,629,,*MANUAL*,46,1378,90,166.00,86.85,37.22,2088,181347.00
630,630,,*MANUAL*,52,1361,92,176.00,109.12,31.63,1362,148626.00
631,631,,*MANUAL*,52,1346,93,211.00,108.62,35.29,975,105900.00
632,632,,*MANUAL*,84,1496,77,102.00,51.92,22.97,2103,109180.00
633,633,,*MANUAL*,81,1481,86,122.00,68.68,22.26,1324,90932.00
634,634,,*MANUAL*,81,1467,86,116.00,71.36,21.67,1231,87840.00
635,635,,*MANUAL*,81,1452,86,141.00,76.74,25.46,1323,101529.00
636,636,,*MANUAL*,79,1507,61,98.00,50.39,18.66,2103,105979.00
637,637,,*MANUAL*,85,1486,62,85.00,42.78,13.86,2867,122643.00
638,638,,*MANUAL*,79,1474,58,117.00,59.25,21.31,1836,108780.00
639,639,,*MANUAL*,78,1358,53,147.00,75.04,27.80,2103,157806.00
640,640,,*MANUAL*,77,1378,48,180.00,107.42,32.82,1330,142866.00
641,641,,*MANUAL*,71,1392,44,169.00,98.45,31.54,1781,175340.00
642,642,,*MANUAL*,81,1354,70,142.00,89.68,20.49,1365,122408.00
643,643,,*MANUAL*,78,1367,67,135.00,86.00,18.51,1365,117396.00
644,644,,*MANUAL*,77,1383,60,147.00,81.95,18.92,1819,149062.00
645,645,,*MANUAL*,81,1394,50,165.00,77.59,33.89,2103,163181.00
646,646,,*MANUAL*,86,1402,83,141.00,72.94,31.92,1244,90734.00
647,647,,*MANUAL*,87,1434,74,144.00,66.54,32.43,1363,90695.00
648,648,,*MANUAL*,85,1389,76,142.00,89.04,20.72,1298,115569.00
649,649,,*MANUAL*,77,1362,88,150.00,91.79,20.19,1297,119051.00
650,650,,*MANUAL*,86,1366,80,119.00,65.42,22.28,2103,137581.00
651,651,,*MANUAL*,86,1382,66,146.00,79.01,29.18,2103,166160.00
652,652,,*MANUAL*,87,1407,69,120.00,66.72,22.61,2073,138311.00
653,653,,*MANUAL*,69,1352,98,193.00,120.35,25.92,1061,127687.00
654,654,,*MANUAL*,61,1352,100,187.00,131.46,22.65,979,128703.00
655,655,,*MANUAL*,54,1373,99,180.00,101.40,38.18,1262,127963.00
656,656,,*MANUAL*,52,1391,98,147.00,90.99,28.57,1363,124021.00
657,657,,*MANUAL*,64,1366,99,167.00,115.24,28.78,1361,156842.00
658,658,,*MANUAL*,62,1381,98,164.00,110.78,22.60,1184,131168.00
659,659,,*MANUAL*,74,1373,97,156.00,86.82,33.89,1365,118504.00
660,660,,*MANUAL*,67,1393,101,164.00,93.78,29.98,1183,110944.00
661,661,,*MANUAL*,75,1391,96,153.00,84.08,29.74,1365,114773.00
662,662,,*MANUAL*,79,1442,53,134.00,68.06,24.87,1939,131974.00
663,663,,*MANUAL*,85,1428,56,130.00,63.94,26.29,2103,134457.00
664,664,,*MANUAL*,82,1409,54,139.00,67.15,30.42,1365,91664.00
665,665,,*MANUAL*,62,1572,45,105.00,47.89,27.24,2103,100717.00
666,666,,*MANUAL*,63,1555,45,125.00,55.66,27.35,2075,115504.00
667,667,,*MANUAL*,70,1543,46,123.00,57.65,27.42,2101,121133.00
668,668,,*MANUAL*,68,1516,44,141.00,90.04,23.92,1347,121289.00
669,669,,*MANUAL*,68,1491,45,128.00,82.79,21.23,1173,97110.00
670,670,,*MANUAL*,58,1526,47,138.00,79.29,30.11,1159,91902.00
671,671,,*MANUAL*,58,1503,46,156.00,85.22,34.98,1026,87437.00
672,672,,*MANUAL*,64,1527,39,121.00,39.86,23.12,2103,83825.00
673,673,,*MANUAL*,64,1473,42,113.00,53.83,25.37,2000,107650.00
674,674,,*MANUAL*,62,1394,35,144.00,36.19,23.71,4139,149793.00
675,675,,*MANUAL*,62,1288,34,116.00,41.38,23.81,4139,171275.00
676,676,,*MANUAL*,62,1581,94,88.00,34.16,20.94,2103,71838.00
677,677,,*MANUAL*,68,1565,94,87.00,44.16,17.73,2099,92698.00
678,678,,*MANUAL*,61,1552,96,111.00,47.22,25.46,2011,94967.00
679,679,,*MANUAL*,67,1542,97,124.00,69.41,24.28,1365,94738.00
680,680,,*MANUAL*,68,1523,98,139.00,78.77,23.07,1185,93341.00
681,681,,*MANUAL*,69,1504,97,138.00,85.25,22.46,706,60184.00
682,682,,*MANUAL*,60,1526,98,134.00,66.97,30.54,1365,91418.00
683,683,,*MANUAL*,60,1502,96,131.00,84.70,24.52,573,48534.00
684,684,,*MANUAL*,63,1502,104,137.00,52.54,29.95,2835,148938.00
685,685,,*MANUAL*,62,1467,100,97.00,47.05,19.44,3597,169253.00
686,686,,*MANUAL*,63,1377,108,127.00,38.47,23.35,2969,114230.00
687,687,,*MANUAL*,68,1364,79,148.00,82.59,28.96,2103,173696.00
688,688,,*MANUAL*,51,1397,81,167.00,78.01,39.89,2103,164046.00
689,689,,*MANUAL*,76,1401,81,165.00,87.70,27.31,1972,172944.00
690,690,,*MANUAL*,60,1415,51,178.00,111.68,27.41,1410,157468.00
691,691,,*MANUAL*,55,1421,57,174.00,87.62,32.77,2064,180855.00
692,692,,*MANUAL*,68,1414,53,166.00,87.41,30.25,1365,119321.00
693,693,,*MANUAL*,75,1413,69,136.00,71.29,26.81,2093,149216.00
694,694,,*MANUAL*,69,1411,88,122.00,60.91,21.36,2889,175965.00
695,695,,*MANUAL*,56,1413,89,133.00,76.48,20.00,1335,102097.00
696,696,,*MANUAL*,54,1421,79,181.00,92.31,33.15,1240,114465.00
697,697,,*MANUAL*,46,1419,85,191.00,115.13,32.69,1365,157148.00
698,698,,*MANUAL*,72,1424,77,158.00,98.69,28.24,1274,125729.00
699,699,,*MANUAL*,79,1420,83,161.00,83.27,27.37,1365,113666.00
700,700,,*MANUAL*,53,1442,56,183.00,107.68,37.10,1122,120822.00
701,701,,*MANUAL*,60,1433,56,192.00,123.86,28.87,1253,155198.00
702,702,,*MANUAL*,47,1442,73,175.00,93.74,41.12,1114,104422.00
703,703,,*MANUAL*,52,1439,87,177.00,101.78,29.10,1016,103404.00
704,704,,*MANUAL*,75,1440,71,141.00,77.64,26.56,2043,158621.00
705,705,,*MANUAL*,72,1439,84,163.00,89.40,32.34,1078,96368.00
706,706,,*MANUAL*,62,1435,88,164.00,79.96,30.61,2969,237394.00
707,707,,*MANUAL*,71,1435,59,149.00,78.29,19.78,2103,164649.00
708,708,,*MANUAL*,40,1447,64,151.00,69.10,36.49,2091,144497.00
709,709,,*MANUAL*,48,1436,64,166.00,84.45,26.59,2103,177604.00
710,710,,*MANUAL*,64,1548,57,83.00,40.71,20.36,2103,85608.00
711,711,,*MANUAL*,64,1527,56,102.00,51.45,23.17,2103,108191.00
712,712,,*MANUAL*,62,1496,55,124.00,74.61,17.54,2097,156463.00
713,713,,*MANUAL*,54,1558,82,112.00,40.04,28.18,2103,84204.00
714,714,,*MANUAL*,56,1541,82,122.00,49.62,27.53,1610,79893.00
715,715,,*MANUAL*,51,1519,83,145.00,62.21,25.20,1693,105321.00
716,716,,*MANUAL*,52,1490,84,154.00,69.45,34.57,1365,94793.00
717,717,,*MANUAL*,75,1560,80,99.00,47.32,21.78,1995,94395.00
718,718,,*MANUAL*,75,1542,81,107.00,49.73,23.90,2103,104579.00
719,719,,*MANUAL*,75,1521,80,117.00,65.08,23.53,1181,76855.00
720,720,,*MANUAL*,73,1489,84,113.00,51.21,20.61,2103,107697.00
721,721,,*MANUAL*,58,1509,61,113.00,45.45,22.07,2085,94770.00
722,722,,*MANUAL*,68,1479,58,107.00,53.42,19.33,2967,158504.00
723,723,,*MANUAL*,67,1522,83,112.00,45.33,17.07,1947,88264.00
724,724,,*MANUAL*,58,1511,83,106.00,45.27,19.22,2103,95213.00
725,725,,*MANUAL*,38,1151,66,242.00,118.45,49.35,1320,156360.00
726,726,,*MANUAL*,43,1195,78,236.00,140.34,46.53,1365,191566.00
727,727,,*MANUAL*,40,1208,85,241.00,139.30,45.91,1362,189721.00
728,728,,*MANUAL*,39,1225,86,207.00,115.03,39.57,1354,155745.00
729,729,,*MANUAL*,46,1218,76,219.00,142.57,35.39,1365,194605.00
730,730,,*MANUAL*,41,1316,87,187.00,103.12,40.40,1353,139518.00
731,731,,*MANUAL*,39,1301,85,224.00,131.60,39.10,1313,172786.00
732,732,,*MANUAL*,39,1335,70,174.00,104.20,27.98,1284,133796.00
733,733,,*MANUAL*,41,1293,67,162.00,96.04,28.69,2093,201021.00
734,734,,*MANUAL*,42,1272,54,190.00,94.58,41.88,1991,188313.00
735,735,,*MANUAL*,41,1236,52,218.00,112.47,47.37,2066,232355.00
736,736,,*MANUAL*,41,1221,58,218.00,143.81,30.72,1365,196299.00
737,737,,*MANUAL*,50,1283,60,163.00,102.72,25.19,1365,140211.00
738,738,,*MANUAL*,50,1266,59,201.00,129.31,28.46,1365,176506.00
739,739,,*MANUAL*,40,1314,71,185.00,97.42,37.60,2077,202349.00
740,740,,*MANUAL*,48,1305,75,210.00,125.53,32.13,1299,163066.00
741,741,,*MANUAL*,45,1253,51,179.00,111.60,30.20,1365,152338.00
742,742,,*MANUAL*,45,1307,55,191.00,108.70,34.05,1359,147728.00
743,743,,*MANUAL*,52,1298,60,182.00,117.27,30.67,1365,160078.00
744,744,,*MANUAL*,69,1321,55,234.00,134.44,39.27,1145,153938.00
745,745,,*MANUAL*,77,1317,59,221.00,134.96,36.30,1357,183141.00
746,746,,*MANUAL*,61,1316,39,173.00,90.62,34.54,2103,190567.00
747,747,,*MANUAL*,70,1306,46,184.00,110.69,27.83,2097,232113.00
748,748,,*MANUAL*,53,1241,46,184.00,90.64,37.30,2969,269111.00
749,749,,*MANUAL*,69,1267,45,151.00,91.95,24.31,2057,189147.00
750,750,,*MANUAL*,70,1245,47,196.00,105.34,33.17,2087,219844.00
751,751,,*MANUAL*,79,1257,49,176.00,91.70,32.45,2103,192840.00
752,752,,*MANUAL*,83,1240,50,215.00,94.06,47.15,2103,197812.00
753,753,,*MANUAL*,87,1300,86,166.00,91.52,33.26,1365,124930.00
754,754,,*MANUAL*,87,1250,65,153.00,75.53,28.30,2066,156043.00
755,755,,*MANUAL*,86,1139,83,206.00,112.52,38.20,1365,153591.00
756,756,,*MANUAL*,78,1215,72,204.00,118.86,30.19,1347,160103.00
757,757,,*MANUAL*,85,1209,82,197.00,96.91,34.41,2103,203798.00
758,758,,*MANUAL*,76,1250,65,185.00,111.35,32.56,1365,151991.00
759,759,,*MANUAL*,78,1307,72,160.00,92.86,26.98,1269,117838.00
760,760,,*MANUAL*,75,1229,57,214.00,114.78,36.71,1288,147834.00
761,761,,*MANUAL*,75,1300,58,170.00,107.92,28.44,1356,146342.00
762,762,,*MANUAL*,56,1316,89,225.00,123.96,39.56,1201,148871.00
763,763,,*MANUAL*,69,1316,89,214.00,121.86,44.87,1285,156595.00
764,764,,*MANUAL*,51,1314,82,225.00,127.08,37.86,1365,173464.00
765,765,,*MANUAL*,75,1310,82,185.00,118.15,29.46,1365,161268.00
766,766,,*MANUAL*,48,1297,91,228.00,157.94,34.87,1202,189845.00
767,767,,*MANUAL*,50,1309,101,185.00,100.61,37.36,1363,137127.00
768,768,,*MANUAL*,51,1269,100,173.00,112.95,28.03,1347,152146.00
769,769,,*MANUAL*,52,1250,96,200.00,115.76,35.61,1228,142151.00
770,770,,*MANUAL*,49,1256,87,208.00,117.22,40.12,2103,246514.00
771,771,,*MANUAL*,38,1265,86,202.00,103.99,46.48,1363,141742.00
772,772,,*MANUAL*,49,1271,85,185.00,117.15,28.59,1359,159209.00
773,773,,*MANUAL*,60,1266,90,216.00,148.85,29.56,1227,182635.00
774,774,,*MANUAL*,69,1261,88,213.00,136.77,35.67,1281,175203.00
775,775,,*MANUAL*,68,1247,85,167.00,87.60,34.78,2103,184214.00
776,776,,*MANUAL*,49,1287,101,219.00,82.69,51.03,2103,173899.00
777,777,,*MANUAL*,65,1297,93,204.00,142.98,34.72,503,71919.00
778,778,,*MANUAL*,58,1301,95,225.00,154.80,37.84,1365,211307.00
779,779,,*MANUAL*,71,1300,95,212.00,118.87,38.81,1365,162253.00
780,780,,*MANUAL*,79,1267,87,194.00,126.99,26.39,1365,173335.00
781,781,,*MANUAL*,68,1276,89,187.00,124.84,30.40,1339,167159.00
782,782,,*MANUAL*,60,1282,96,213.00,127.64,33.49,1352,172572.00
783,783,,*MANUAL*,55,1291,86,222.00,134.30,31.89,1365,183317.00
784,784,,*MANUAL*,63,1283,109,152.00,71.32,27.79,2103,149996.00
785,785,,*MANUAL*,62,1261,101,178.00,98.44,32.72,2103,207012.00
786,786,,*MANUAL*,61,1227,101,194.00,94.57,33.26,1907,180343.00
787,787,,*MANUAL*,54,1230,87,114.00,58.34,14.32,3897,227344.00
788,788,,*MANUAL*,54,1200,49,184.00,88.41,39.28,2090,184769.00
789,789,,*MANUAL*,67,1196,47,186.00,102.85,28.43,2030,208785.00
790,790,,*MANUAL*,73,1196,59,178.00,108.90,26.02,2094,228030.00
791,791,,*MANUAL*,52,1197,64,213.00,114.43,40.89,2103,240656.00
792,792,,*MANUAL*,59,1189,78,233.00,150.27,30.73,1222,183625.00
793,793,,*MANUAL*,68,1188,78,228.00,124.71,40.28,1365,170224.00
794,794,,*MANUAL*,47,1144,62,224.00,111.99,46.94,2103,235522.00
795,795,,*MANUAL*,75,1181,49,183.00,94.66,26.25,1971,186578.00
796,796,,*MANUAL*,61,1123,83,237.00,129.22,40.65,1365,176388.00
797,797,,*MANUAL*,60,1109,53,192.00,96.82,41.50,2033,196844.00
798,798,,*MANUAL*,52,1111,64,254.00,92.80,67.43,2103,195161.00
799,799,,*MANUAL*,74,1111,63,201.00,88.83,45.74,1997,177387.00
800,800,,*MANUAL*$166$181,53,999,88,102.00,33.11,17.02,7802,258324.00
801,801,,*MANUAL*,59,927,84,82.00,32.91,12.27,4080,134289.00
802,802,,*MANUAL*,69,792,50,79.00,34.02,13.36,4139,140821.00
803,803,,*MANUAL*$278$266,61,598,84,111.00,34.84,17.67,8685,302605.00
804,804,,*MANUAL*$345$344,66,485,81,100.00,39.17,19.38,6122,239815.00
805,805,,*MANUAL*$357$346,67,403,84,105.00,39.84,21.34,7192,286494.00
806,806,,*MANUAL*$301$327$326,66,451,56,97.00,36.79,18.13,7314,269102.00
807,807,,*MANUAL*,58,385,68,111.00,46.86,25.58,4139,193945.00
808,808,*NOUSE*,*NOUSE*,0,0,0,0,0,0,0,0
809,809,,*MANUAL*,63,601,101,245.00,93.75,64.05,2103,197155.00
810,810,,*MANUAL*,64,765,95,247.00,100.86,58.75,2103,212111.00
811,811,,*MANUAL*,59,828,100,253.00,123.20,63.85,2008,247387.00
812,812,,*MANUAL*,58,850,100,250.00,95.06,63.74,2103,199906.00
813,813,,*MANUAL*,59,923,103,235.00,113.24,51.10,1327,150272.00
814,814,,*MANUAL*,61,988,102,209.00,95.65,47.02,2103,201156.00
815,815,,*MANUAL*,64,1105,105,217.00,103.55,52.08,1921,198914.00
816,816,,*MANUAL*,63,1141,108,198.00,81.40,46.77,2092,170284.00
817,817,,*MANUAL*,58,1152,103,249.00,131.94,52.76,972,128249.00
818,818,,*MANUAL*,69,1160,101,206.00,102.28,43.28,1887,193007.00
819,819,,*MANUAL*,63,1169,105,225.00,99.79,49.90,2009,200472.00
820,820,,*MANUAL*,54,1175,101,217.00,131.66,39.04,1365,179710.00
821,821,,*MANUAL*,68,1183,99,230.00,140.06,38.19,1047,146640.00
822,822,,*MANUAL*,61,1188,100,236.00,154.39,45.36,1309,202097.00
823,823,,*MANUAL*,68,1197,100,252.00,148.62,51.43,1277,189793.00
824,824,,*MANUAL*,60,1203,101,253.00,147.30,54.72,1333,196345.00
825,825,,*MANUAL*,62,1213,107,212.00,118.54,40.20,1347,159677.00
826,826,,*MANUAL*,75,763,82,195.00,82.38,36.68,2969,244598.00
827,827,,*MANUAL*,56,691,84,219.00,93.74,44.66,2887,270640.00
828,828,,*MANUAL*,71,165,71,171.00,81.53,31.63,1907,155475.00
829,829,,*MANUAL*,62,165,67,157.00,68.18,37.56,2103,143386.00
830,830,,*MANUAL*,72,228,66,138.00,47.59,27.08,3639,173172.00
831,831,,*MANUAL*,60,227,70,136.00,59.25,25.95,4139,245217.00
832,832,,*MANUAL*,56,262,72,222.00,120.76,49.80,2057,248399.00
833,833,,*MANUAL*,50,306,75,219.00,116.22,47.58,1904,221287.00
834,834,,*MANUAL*,55,306,85,233.00,111.47,51.72,2103,234425.00
835,835,,*MANUAL*,51,323,82,228.00,122.18,43.52,2007,245224.00
836,836,,*MANUAL*,55,360,82,238.00,152.44,40.96,1244,189632.00
837,837,,*MANUAL*,75,299,66,191.00,97.81,42.79,2103,205690.00
838,838,,*MANUAL*,72,323,62,206.00,110.17,34.37,2103,231683.00
839,839,,*MANUAL*,66,272,75,192.00,117.36,32.72,2103,246808.00
840,840,,*MANUAL*,60,332,85,220.00,122.02,38.51,2090,255025.00
841,841,,*MANUAL*,60,355,65,228.00,112.20,46.93,1611,180752.00
842,842,,*MANUAL*,71,354,64,182.00,93.14,34.92,2101,195689.00
843,843,,*MANUAL*,64,352,85,247.00,140.99,50.77,1966,277177.00
844,844,,*MANUAL*,73,336,86,202.00,129.19,34.21,1365,176349.00
845,845,,*MANUAL*,74,353,83,237.00,145.34,42.78,1365,198395.00
846,846,*NOUSE*,*NOUSE*,0,0,0,0,0,0,0,0
847,847,*NOUSE*,*NOUSE*,0,0,0,0,0,0,0,0
848,848,,*MANUAL*$847$846,54,393,90,225.00,93.52,49.71,1673,156460.00
849,849,,*MANUAL*$63$35,39,975,87,181.00,51.47,39.70,5533,284758.00
850,850,,*MANUAL*$77$69,44,798,77,166.00,42.87,31.49,7395,317053.00
851,851,,*MANUAL*,42,744,75,220.00,65.03,46.22,2786,181172.00
852,852,,*MANUAL*$103$101,47,661,75,147.00,43.81,29.24,6555,287197.00
853,853,,*MANUAL*$95$90,45,607,86,166.00,46.97,32.52,7924,372171.00
854,854,,*MANUAL*$104$93,47,559,72,169.00,51.83,37.02,7490,388174.00
855,855,,*MANUAL*,52,492,83,194.00,76.07,36.35,2969,225865.00
856,856,,*MANUAL*$526$529,82,803,78,137.00,40.96,27.38,6901,282672.00
857,857,,*MANUAL*,85,749,77,134.00,54.20,30.82,2969,160929.00
858,858,,*MANUAL*$545$556,83,638,83,163.00,48.75,35.46,6050,294913.00
859,859,,*MANUAL*$555$544,82,501,78,148.00,42.05,29.45,6219,261491.00
860,860,,*MANUAL*,50,372,87,204.00,57.66,42.03,4139,238635.00
861,861,,*MANUAL*,39,1464,82,113.00,45.58,23.87,4139,188664.00
862,862,,*MANUAL*,38,1345,80,157.00,52.60,25.72,4139,217729.00
863,863,,*MANUAL*$14$4,37,1181,69,142.00,48.77,26.08,6025,293820.00
864,864,,*MANUAL*$30$28$25,39,1118,81,140.00,42.21,22.95,7429,313571.00
865,865,,*MANUAL*$23$22,38,1118,62,147.00,45.78,27.77,5690,260496.00
866,866,,*MANUAL*$51$41$48,39,1008,63,121.00,35.66,21.41,8012,285691.00
867,867,,*MANUAL*$49$40$39,39,870,58,134.00,37.09,24.70,7871,291971.00
868,868,,*MANUAL*$73$83,44,776,51,139.00,39.44,25.20,7040,277630.00
869,869,,*MANUAL*$99$109,46,640,56,136.00,39.81,24.07,7307,290888.00
870,870,,*MANUAL*,50,361,67,218.00,42.67,35.59,4139,176594.00
871,871,,*MANUAL*,46,697,79,253.00,122.34,68.15,2103,257286.00
872,872,,*MANUAL*,74,1474,76,91.00,42.23,16.85,2969,125379.00
873,873,,*MANUAL*,86,1461,75,107.00,46.14,16.59,4139,190971.00
874,874,,*MANUAL*,92,1345,79,95.00,33.00,18.30,3935,129854.00
875,875,,*MANUAL*,81,1346,88,154.00,63.01,33.43,2103,132516.00
876,876,,*MANUAL*$596$597,90,1173,68,103.00,41.15,19.00,5169,212711.00
877,877,,*MANUAL*,85,1189,52,137.00,49.37,27.83,4139,204334.00
878,878,,*MANUAL*,87,1112,63,138.00,44.85,25.15,4139,185634.00
879,879,,*MANUAL*$550$549,82,975,58,97.00,31.81,16.67,7515,239073.00
880,880,,*MANUAL*$509$496,79,900,58,118.00,34.85,20.16,6762,235672.00
881,881,,*MANUAL*$535$547,82,635,51,134.00,34.77,21.05,7171,249357.00
882,882,,*MANUAL*$539$538,81,504,57,110.00,37.15,22.51,5710,212127.00
883,883,,*MANUAL*,77,343,56,156.00,25.05,22.68,2969,74378.00
884,884,,*MANUAL*,84,1565,70,71.00,24.34,12.96,4139,100761.00
885,885,,*MANUAL*,76,1498,46,124.00,46.99,26.94,2969,139519.00
886,886,,*MANUAL*,73,1465,44,95.00,53.55,17.95,2103,112612.00
887,887,,*MANUAL*$494$521,78,1418,43,108.00,51.32,19.84,3005,154228.00
888,888,,*MANUAL*$362$371,68,1228,34,159.00,61.60,29.77,3922,241589.00
889,889,,*MANUAL*,76,1106,43,164.00,62.47,37.41,2969,185462.00
890,890,,*MANUAL*$337$338,66,908,35,183.00,52.35,41.15,5080,265950.00
891,891,,*MANUAL*,69,859,38,191.00,76.93,45.52,2969,228398.00
892,892,,*MANUAL*$414$413,73,661,40,190.00,51.19,40.06,5587,286002.00
893,893,,*MANUAL*,71,509,46,199.00,77.01,43.61,2103,161953.00
894,894,,*MANUAL*,83,1522,83,99.00,43.04,19.02,2103,90518.00
895,895,,*MANUAL*,77,1498,96,130.00,50.01,23.64,2103,105181.00
896,896,,*MANUAL*,75,1344,104,163.00,62.18,29.11,2103,130775.00
897,897,,*MANUAL*$533$534,81,1324,97,112.00,41.58,20.29,4691,195045.00
898,898,,*MANUAL*,64,1223,86,228.00,122.08,40.96,1365,166634.00
899,899,,*MANUAL*,59,1209,87,247.00,142.34,44.19,1201,170951.00
900,900,,*MANUAL*,51,1205,89,250.00,157.36,51.11,1365,214793.00
901,901,,*MANUAL*$483$427,71,1036,101,192.00,56.52,42.70,5132,290053.00
902,902,,*MANUAL*$426$411,73,945,94,196.00,51.56,40.59,5282,272348.00
903,903,,*MANUAL*$370$396,70,889,99,196.00,53.17,42.65,5900,313674.00
904,904,,*MANUAL*,72,831,95,196.00,64.89,45.67,4139,268597.00
905,905,,*MANUAL*,71,257,68,225.00,106.95,44.77,1789,191325.00
906,906,,*MANUAL*,63,250,63,216.00,85.83,46.86,2969,254822.00
907,907,,*MANUAL*,48,1534,86,135.00,44.46,27.73,4139,184002.00
908,908,,*MANUAL*,52,1505,99,142.00,48.83,28.37,2969,144962.00
909,909,,*MANUAL*,52,1464,103,95.00,47.58,20.40,2103,100057.00
910,910,,*MANUAL*,46,1415,100,108.00,43.30,23.86,2969,128571.00
911,911,,*MANUAL*,47,1344,99,191.00,59.19,37.48,2077,122945.00
912,912,,*MANUAL*,54,1355,104,185.00,80.23,40.94,2103,168726.00
913,913,,*MANUAL*,53,1220,103,193.00,70.98,45.32,2103,149262.00
914,914,,*MANUAL*,50,1152,100,237.00,91.96,55.29,2103,193389.00
915,915,,*MANUAL*,55,1107,102,209.00,91.00,56.38,2103,191368.00
916,916,,*MANUAL*$225$226,56,1025,101,186.00,54.77,42.37,4716,258284.00
917,917,,*MANUAL*,49,920,95,225.00,84.04,49.72,2969,249529.00
918,918,,*MANUAL*,49,748,81,250.00,136.10,72.11,1705,232042.00
919,919,,*MANUAL*,57,751,88,242.00,98.54,56.56,2969,292571.00
920,920,,*MANUAL*,60,458,88,211.00,78.09,52.41,2689,209997.00
921,921,,*MANUAL*,51,1505,52,153.00,56.20,33.85,2103,118180.00
922,922,*NOUSE*,*NOUSE*,0,0,0,0,0,0,0,0
923,923,,*MANUAL*$922$65,43,1423,52,133.00,65.37,23.09,2454,160424.00
924,924,,*MANUAL*,44,1343,51,123.00,60.21,22.70,2103,126628.00
925,925,,*MANUAL*,61,1217,39,210.00,105.16,44.50,2317,243645.00
926,926,,*MANUAL*,53,1215,34,204.00,62.96,49.82,2969,186935.00
927,927,,*MANUAL*$120$97,47,1157,35,161.00,48.35,28.08,5916,286065.00
928,928,,*MANUAL*,45,941,42,208.00,80.93,44.36,2969,240274.00
929,929,,*MANUAL*,50,880,38,195.00,61.95,46.17,2969,183915.00
930,930,,*MANUAL*$199$198,55,600,48,207.00,53.68,42.89,4648,249494.00
931,931,,*MANUAL*$219$202,55,520,51,189.00,57.32,42.54,4839,277380.00
932,932,,*MANUAL*,83,1221,56,196.00,105.13,41.35,2103,221097.00
933,933,,*MANUAL*$126$125,50,520,76,152.00,46.20,31.88,6825,315333.00
934,934,,*MANUAL*,67,462,93,222.00,138.92,44.19,895,124336.00
935,935,,*MANUAL*,59,1400,103,145.00,94.56,22.95,895,84628.00
936,936,,*MANUAL*,82,1308,52,175.00,99.95,30.21,1365,136434.00
937,937,F1,*MANUAL*,66,1565,72,20.00, 4.07, 3.28,895,3640.00
938,938,F2,*MANUAL*,66,1499,71,30.00, 8.64, 3.09,895,7731.00
939,939,F3,*MANUAL*,66,1400,74,63.00,15.28, 8.42,895,13677.00
940,940,F4,*MANUAL*,62,1303,74,43.00,20.54, 5.76,895,18382.00
941,941,F5,*MANUAL*,63,1233,69,24.00,13.73, 3.27,895,12287.00
942,942,F6,*MANUAL*,60,1171,69,43.00,14.96, 5.47,895,13388.00
943,943,F7,*MANUAL*,60,1129,68,17.00, 7.18, 2.53,895,6427.00
944,944,F8,*MANUAL*,60,947,69, 6.00, 1.27, 1.13,895,1140.00
945,945,F9,*MANUAL*,60,863,69, 6.00, 2.07, 1.22,895,1850.00
946,946,F10,*MANUAL*,60,625,69, 9.00, 1.95, 1.31,895,1745.00
