0,0,*NOUSE*,*NOUSE*,0,0,0,0,0,0,0,0
1,1,,,32,1267,64,183.00,69.55,44.12,3349,232916
2,2,,,32,1227,73,171.00,67.76,42.96,4364,295693
3,3,,,32,1247,56,244.00,83.64,56.38,3319,277600
4,4,,,33,1205,55,232.00,90.53,57.09,2868,259627
5,5,*NOUSE*,*NOUSE*,0,0,0,0,0,0,0,0
6,6,,,33,1250,72,194.00,73.34,45.68,4158,304968
7,7,,,34,1183,52,235.00,88.17,56.51,3314,292201
8,8,,,34,1152,54,226.00,69.70,52.94,3799,264785
9,9,,,34,1171,57,237.00,79.38,54.66,3617,287132
10,10,,,34,1403,59,251.00,78.94,60.07,3401,268472
11,11,*NOUSE*,*NOUSE*,0,0,0,0,0,0,0,0
12,12,,,32,1117,65,137.00,50.27,29.43,5277,265301
13,13,,,33,1450,67,173.00,53.92,34.03,4852,261635
14,14,,,34,1182,73,207.00,76.66,49.09,4091,313618
15,15,,,35,1130,52,220.00,77.66,54.85,3546,275398
16,16,,,35,1223,56,190.00,69.07,40.61,2948,203624
17,17,,,34,1325,60,159.00,56.01,32.77,4003,224204
18,18,*NOUSE*,*NOUSE*,0,0,0,0,0,0,0,0
19,19,*NOUSE*,*NOUSE*,0,0,0,0,0,0,0,0
20,20,,,34,1363,67,241.00,92.62,63.10,3073,284623
21,21,,,35,1309,71,221.00,72.69,52.10,3893,282994
22,22,*NOUSE*,*NOUSE*,0,0,0,0,0,0,0,0
23,23,*NOUSE*,*NOUSE*,0,0,0,0,0,0,0,0
24,24,*NOUSE*,*NOUSE*,0,0,0,0,0,0,0,0
25,25,*NOUSE*,*NOUSE*,0,0,0,0,0,0,0,0
26,26,,,35,1278,56,246.00,89.67,55.60,3239,290430
27,27,,,35,1062,60,104.00,37.86,19.94,3595,136121
28,28,,,35,1093,59,253.00,75.41,58.91,3630,273739
29,29,*NOUSE*,*NOUSE*,0,0,0,0,0,0,0,0
30,30,,,37,1194,60,215.00,97.27,53.73,2769,269335
31,31,*NOUSE*,*NOUSE*,0,0,0,0,0,0,0,0
32,32,,,35,1428,57,253.00,84.87,58.36,3220,273281
33,33,*NOUSE*,*NOUSE*,0,0,0,0,0,0,0,0
34,34,*NOUSE*,*NOUSE*,0,0,0,0,0,0,0,0
35,35,,,37,1501,71,214.00,59.91,43.99,4865,291452
36,36,,,37,1271,77,239.00,88.37,50.46,3198,282596
37,37,*NOUSE*,*NOUSE*,0,0,0,0,0,0,0,0
38,38,*NOUSE*,*NOUSE*,0,0,0,0,0,0,0,0
39,39,*NOUSE*,*NOUSE*,0,0,0,0,0,0,0,0
40,40,,,38,1461,55,228.00,74.70,50.27,3723,278103
41,41,*NOUSE*,*NOUSE*,0,0,0,0,0,0,0,0
42,42,*NOUSE*,*NOUSE*,0,0,0,0,0,0,0,0
43,43,*NOUSE*,*NOUSE*,0,0,0,0,0,0,0,0
44,44,*NOUSE*,*NOUSE*,0,0,0,0,0,0,0,0
45,45,*NOUSE*,*NOUSE*,0,0,0,0,0,0,0,0
46,46,*NOUSE*,*NOUSE*,0,0,0,0,0,0,0,0
47,47,,,39,1440,78,228.00,82.16,52.84,3693,303431
48,48,*NOUSE*,*NOUSE*,0,0,0,0,0,0,0,0
49,49,,,39,1423,79,252.00,91.18,58.47,3252,296506
50,50,,,38,1224,90,238.00,94.35,54.75,3581,337856
51,51,,,39,1430,47,237.00,88.14,54.45,2600,229165
52,52,,,40,852,51,154.00,47.37,30.55,5649,267593
53,53,,,40,1359,55,237.00,95.90,56.68,2732,262009
54,54,*NOUSE*,*NOUSE*,0,0,0,0,0,0,0,0
55,55,*NOUSE*,*NOUSE*,0,0,0,0,0,0,0,0
56,56,,,40,692,57,182.00,50.21,39.59,5343,268273
57,57,,,39,795,59,128.00,39.12,22.54,6522,255140
58,58,*NOUSE*,*NOUSE*,0,0,0,0,0,0,0,0
59,59,,,39,840,71,118.00,36.26,19.75,5905,214141
60,60,,,39,1332,79,209.00,67.46,44.85,4794,323418
61,61,,,38,1247,86,230.00,92.80,51.46,3362,312002
62,62,*NOUSE*,*NOUSE*,0,0,0,0,0,0,0,0
63,63,,,39,1315,88,191.00,62.81,40.55,4578,287528
64,64,,,40,940,47,168.00,50.99,34.18,4658,237495
65,65,,,40,895,55,142.00,41.39,25.29,6146,254372
66,66,*NOUSE*,*NOUSE*,0,0,0,0,0,0,0,0
67,67,*NOUSE*,*NOUSE*,0,0,0,0,0,0,0,0
68,68,,,41,966,75,124.00,41.96,25.19,6704,281306
69,69,*NOUSE*,*NOUSE*,0,0,0,0,0,0,0,0
70,70,*NOUSE*,*NOUSE*,0,0,0,0,0,0,0,0
71,71,*NOUSE*,*NOUSE*,0,0,0,0,0,0,0,0
72,72,*NOUSE*,*NOUSE*,0,0,0,0,0,0,0,0
73,73,*NOUSE*,*NOUSE*,0,0,0,0,0,0,0,0
74,74,*NOUSE*,*NOUSE*,0,0,0,0,0,0,0,0
75,75,,,40,1511,56,145.00,57.10,34.71,2433,138917
76,76,*NOUSE*,*NOUSE*,0,0,0,0,0,0,0,0
77,77,,,41,615,56,108.00,39.82,22.87,5704,227128
78,78,*NOUSE*,*NOUSE*,0,0,0,0,0,0,0,0
79,79,,,40,1547,73,143.00,46.50,29.40,5479,254785
80,80,,,40,740,82,96.00,32.89,16.52,6144,202106
81,81,*NOUSE*,*NOUSE*,0,0,0,0,0,0,0,0
82,82,,,41,1299,42,161.00,58.03,35.53,3863,224177
83,83,*NOUSE*,*NOUSE*,0,0,0,0,0,0,0,0
84,84,,,42,1327,50,209.00,77.08,47.96,2934,226158
85,85,*NOUSE*,*NOUSE*,0,0,0,0,0,0,0,0
86,86,,,43,1215,66,212.00,97.99,42.73,3075,301320
87,87,,,43,595,66,107.00,36.56,20.44,5619,205443
88,88,*NOUSE*,*NOUSE*,0,0,0,0,0,0,0,0
89,89,*NOUSE*,*NOUSE*,0,0,0,0,0,0,0,0
90,90,*NOUSE*,*NOUSE*,0,0,0,0,0,0,0,0
91,91,,,42,1457,78,224.00,74.84,47.20,4092,306261
92,92,*NOUSE*,*NOUSE*,0,0,0,0,0,0,0,0
93,93,,,43,1156,39,180.00,58.48,36.51,4314,252278
94,94,*NOUSE*,*NOUSE*,0,0,0,0,0,0,0,0
95,95,*NOUSE*,*NOUSE*,0,0,0,0,0,0,0,0
96,96,,,44,1009,58,206.00,62.85,48.31,4058,255032
97,97,,,43,529,67,93.00,32.95,17.07,5490,180916
98,98,,,44,1280,66,244.00,101.67,52.01,2811,285795
99,99,*NOUSE*,*NOUSE*,0,0,0,0,0,0,0,0
100,100,,,44,1260,80,219.00,103.83,45.95,2816,292393
101,101,,,43,1179,45,231.00,90.89,50.23,3158,287016
102,102,,,44,1129,42,190.00,69.76,43.46,3760,262300
103,103,*NOUSE*,*NOUSE*,0,0,0,0,0,0,0,0
104,104,,,42,1251,52,243.00,119.74,56.22,2253,269781
105,105,,,44,1143,79,158.00,53.42,31.35,5004,267313
106,106,*NOUSE*,*NOUSE*,0,0,0,0,0,0,0,0
107,107,*NOUSE*,*NOUSE*,0,0,0,0,0,0,0,0
108,108,*NOUSE*,*NOUSE*,0,0,0,0,0,0,0,0
109,109,*NOUSE*,*NOUSE*,0,0,0,0,0,0,0,0
110,110,,,43,1145,100,189.00,52.49,34.87,5512,289301
111,111,,,45,1266,40,238.00,92.01,50.63,2554,234990
112,112,,,44,1235,44,219.00,94.19,50.34,2569,241970
113,113,*NOUSE*,*NOUSE*,0,0,0,0,0,0,0,0
114,114,*NOUSE*,*NOUSE*,0,0,0,0,0,0,0,0
115,115,*NOUSE*,*NOUSE*,0,0,0,0,0,0,0,0
116,116,*NOUSE*,*NOUSE*,0,0,0,0,0,0,0,0
117,117,*NOUSE*,*NOUSE*,0,0,0,0,0,0,0,0
118,118,*NOUSE*,*NOUSE*,0,0,0,0,0,0,0,0
119,119,,,44,1261,66,226.00,97.17,47.75,3302,320841
120,120,,,46,1350,70,234.00,93.29,51.93,3186,297214
121,121,*NOUSE*,*NOUSE*,0,0,0,0,0,0,0,0
122,122,,,46,1213,36,162.00,67.41,33.77,3103,209159
123,123,,,47,1039,36,180.00,51.24,35.55,4262,218402
124,124,,,46,1441,38,165.00,65.44,36.22,3510,229710
125,125,*NOUSE*,*NOUSE*,0,0,0,0,0,0,0,0
126,126,,,44,1474,42,142.00,54.22,26.57,3722,201792
127,127,*NOUSE*,*NOUSE*,0,0,0,0,0,0,0,0
128,128,*NOUSE*,*NOUSE*,0,0,0,0,0,0,0,0
129,129,,,47,674,50,145.00,44.72,28.42,6054,270742
130,130,,,47,1140,59,153.00,54.04,29.54,4854,262305
131,131,,,44,1111,65,222.00,75.42,48.06,4185,315625
132,132,*NOUSE*,*NOUSE*,0,0,0,0,0,0,0,0
133,133,,,46,1184,63,249.00,111.13,55.02,3140,348957
134,134,*NOUSE*,*NOUSE*,0,0,0,0,0,0,0,0
135,135,,,46,1406,66,222.00,81.73,42.12,2706,221154
136,136,*NOUSE*,*NOUSE*,0,0,0,0,0,0,0,0
137,137,*NOUSE*,*NOUSE*,0,0,0,0,0,0,0,0
138,138,,,45,1229,78,233.00,103.63,51.43,3300,341970
139,139,*NOUSE*,*NOUSE*,0,0,0,0,0,0,0,0
140,140,,,47,1110,38,197.00,60.95,38.31,3718,226621
141,141,*NOUSE*,*NOUSE*,0,0,0,0,0,0,0,0
142,142,,,46,1251,40,199.00,96.37,46.30,2269,218653
143,143,*NOUSE*,*NOUSE*,0,0,0,0,0,0,0,0
144,144,,,48,774,45,177.00,53.91,38.69,5152,277722
145,145,,,46,1391,56,244.00,94.88,57.80,2464,233773
146,146,,,47,1163,59,144.00,57.21,27.88,3041,173972
147,147,*NOUSE*,*NOUSE*,0,0,0,0,0,0,0,0
148,148,*NOUSE*,*NOUSE*,0,0,0,0,0,0,0,0
149,149,*NOUSE*,*NOUSE*,0,0,0,0,0,0,0,0
150,150,*NOUSE*,*NOUSE*,0,0,0,0,0,0,0,0
151,151,*NOUSE*,*NOUSE*,0,0,0,0,0,0,0,0
152,152,*NOUSE*,*NOUSE*,0,0,0,0,0,0,0,0
153,153,,,47,1166,89,235.00,77.70,51.31,3968,308317
154,154,*NOUSE*,*NOUSE*,0,0,0,0,0,0,0,0
155,155,*NOUSE*,*NOUSE*,0,0,0,0,0,0,0,0
156,156,,,46,1365,45,239.00,105.66,51.98,2009,212275
157,157,*NOUSE*,*NOUSE*,0,0,0,0,0,0,0,0
158,158,,,49,1050,51,89.00,35.96,17.03,7133,256510
159,159,,,49,1105,53,189.00,79.87,48.01,3010,240396
160,160,,,48,563,72,74.00,26.34,10.19,6487,170877
161,161,,,47,1246,73,220.00,92.91,47.32,3394,315346
162,162,,,46,1180,77,215.00,90.39,44.31,3437,310676
163,163,,,47,1328,95,189.00,67.61,36.81,3354,226767
164,164,*NOUSE*,*NOUSE*,0,0,0,0,0,0,0,0
165,165,*NOUSE*,*NOUSE*,0,0,0,0,0,0,0,0
166,166,,,49,1190,40,207.00,82.62,45.52,3128,258428
167,167,,,48,1351,44,233.00,94.59,52.37,2387,225798
168,168,,,49,1225,51,222.00,79.96,42.22,2698,215722
169,169,*NOUSE*,*NOUSE*,0,0,0,0,0,0,0,0
170,170,,,50,587,50,130.00,43.95,25.42,5247,230609
171,171,,,47,359,57,80.00,33.98,14.66,2192,74478
172,172,*NOUSE*,*NOUSE*,0,0,0,0,0,0,0,0
173,173,*NOUSE*,*NOUSE*,0,0,0,0,0,0,0,0
174,174,*NOUSE*,*NOUSE*,0,0,0,0,0,0,0,0
175,175,*NOUSE*,*NOUSE*,0,0,0,0,0,0,0,0
176,176,,,47,1218,91,203.00,98.73,41.08,3273,323128
177,177,*NOUSE*,*NOUSE*,0,0,0,0,0,0,0,0
178,178,*NOUSE*,*NOUSE*,0,0,0,0,0,0,0,0
179,179,*NOUSE*,*NOUSE*,0,0,0,0,0,0,0,0
180,180,*NOUSE*,*NOUSE*,0,0,0,0,0,0,0,0
181,181,*NOUSE*,*NOUSE*,0,0,0,0,0,0,0,0
182,182,*NOUSE*,*NOUSE*,0,0,0,0,0,0,0,0
183,183,,,50,936,37,151.00,47.94,30.14,5413,259484
184,184,,,50,1405,45,182.00,68.50,36.57,2998,205357
185,185,,,49,1334,44,253.00,96.57,59.57,2398,231586
186,186,*NOUSE*,*NOUSE*,0,0,0,0,0,0,0,0
187,187,*NOUSE*,*NOUSE*,0,0,0,0,0,0,0,0
188,188,,,51,306,63,128.00,45.77,25.84,4616,211295
189,189,,,51,334,65,127.00,45.22,27.94,4224,191029
190,190,,,49,1197,70,201.00,88.70,36.82,3732,331040
191,191,,,50,274,70,157.00,54.67,37.42,3411,186467
192,192,*NOUSE*,*NOUSE*,0,0,0,0,0,0,0,0
193,193,,,50,1382,91,232.00,93.36,50.35,4049,378012
194,194,,,51,1261,92,193.00,77.28,40.73,4451,343968
195,195,*NOUSE*,*NOUSE*,0,0,0,0,0,0,0,0
196,196,*NOUSE*,*NOUSE*,0,0,0,0,0,0,0,0
197,197,*NOUSE*,*NOUSE*,0,0,0,0,0,0,0,0
198,198,*NOUSE*,*NOUSE*,0,0,0,0,0,0,0,0
199,199,*NOUSE*,*NOUSE*,0,0,0,0,0,0,0,0
200,200,*NOUSE*,*NOUSE*,0,0,0,0,0,0,0,0
201,201,,,51,386,51,95.00,33.72,17.48,5319,179366
202,202,,,52,1587,62,228.00,53.34,43.45,3544,189034
203,203,*NOUSE*,*NOUSE*,0,0,0,0,0,0,0,0
204,204,,,50,1123,82,151.00,55.17,31.29,6178,340839
205,205,,,56,294,80,125.00,48.59,23.54,4056,197085
206,206,*NOUSE*,*NOUSE*,0,0,0,0,0,0,0,0
207,207,,,53,898,95,188.00,55.48,42.63,4715,261611
208,208,,,53,802,97,183.00,53.98,41.05,4242,228978
209,209,*NOUSE*,*NOUSE*,0,0,0,0,0,0,0,0
210,210,*NOUSE*,*NOUSE*,0,0,0,0,0,0,0,0
211,211,,,53,1142,33,235.00,76.73,53.75,3389,260025
212,212,*NOUSE*,*NOUSE*,0,0,0,0,0,0,0,0
213,213,,,52,1243,47,225.00,103.92,49.73,2836,294722
214,214,*NOUSE*,*NOUSE*,0,0,0,0,0,0,0,0
215,215,,,52,657,58,67.00,27.15,10.70,7981,216661
216,216,*NOUSE*,*NOUSE*,0,0,0,0,0,0,0,0
217,217,*NOUSE*,*NOUSE*,0,0,0,0,0,0,0,0
218,218,*NOUSE*,*NOUSE*,0,0,0,0,0,0,0,0
219,219,,,53,1302,85,247.00,106.62,60.74,3035,323596
220,220,*NOUSE*,*NOUSE*,0,0,0,0,0,0,0,0
221,221,*NOUSE*,*NOUSE*,0,0,0,0,0,0,0,0
222,222,,,53,647,95,139.00,45.05,28.45,4143,186628
223,223,*NOUSE*,*NOUSE*,0,0,0,0,0,0,0,0
224,224,,,52,1366,54,241.00,94.21,55.01,3108,292816
225,225,,,55,325,52,138.00,52.49,30.92,3871,203182
226,226,*NOUSE*,*NOUSE*,0,0,0,0,0,0,0,0
227,227,*NOUSE*,*NOUSE*,0,0,0,0,0,0,0,0
228,228,*NOUSE*,*NOUSE*,0,0,0,0,0,0,0,0
229,229,*NOUSE*,*NOUSE*,0,0,0,0,0,0,0,0
230,230,,,54,764,87,60.00,27.05, 8.60,5837,157870
231,231,,,52,1242,89,187.00,85.23,39.30,2824,240676
232,232,*NOUSE*,*NOUSE*,0,0,0,0,0,0,0,0
233,233,,,54,587,94,131.00,43.78,27.10,3727,163151
234,234,*NOUSE*,*NOUSE*,0,0,0,0,0,0,0,0
235,235,*NOUSE*,*NOUSE*,0,0,0,0,0,0,0,0
236,236,*NOUSE*,*NOUSE*,0,0,0,0,0,0,0,0
237,237,*NOUSE*,*NOUSE*,0,0,0,0,0,0,0,0
238,238,,,55,1165,35,226.00,94.20,53.61,2787,262525
239,239,*NOUSE*,*NOUSE*,0,0,0,0,0,0,0,0
240,240,*NOUSE*,*NOUSE*,0,0,0,0,0,0,0,0
241,241,*NOUSE*,*NOUSE*,0,0,0,0,0,0,0,0
242,242,,,54,1130,50,219.00,82.98,45.18,3416,283448
243,243,*NOUSE*,*NOUSE*,0,0,0,0,0,0,0,0
244,244,*NOUSE*,*NOUSE*,0,0,0,0,0,0,0,0
245,245,*NOUSE*,*NOUSE*,0,0,0,0,0,0,0,0
246,246,,,53,1199,84,221.00,92.38,39.00,3880,358422
247,247,*NOUSE*,*NOUSE*,0,0,0,0,0,0,0,0
248,248,*NOUSE*,*NOUSE*,0,0,0,0,0,0,0,0
249,249,*NOUSE*,*NOUSE*,0,0,0,0,0,0,0,0
250,250,*NOUSE*,*NOUSE*,0,0,0,0,0,0,0,0
251,251,*NOUSE*,*NOUSE*,0,0,0,0,0,0,0,0
252,252,*NOUSE*,*NOUSE*,0,0,0,0,0,0,0,0
253,253,,,53,1214,73,172.00,81.62,33.57,4101,334727
254,254,*NOUSE*,*NOUSE*,0,0,0,0,0,0,0,0
255,255,*NOUSE*,*NOUSE*,0,0,0,0,0,0,0,0
256,256,*NOUSE*,*NOUSE*,0,0,0,0,0,0,0,0
257,257,*NOUSE*,*NOUSE*,0,0,0,0,0,0,0,0
258,258,*NOUSE*,*NOUSE*,0,0,0,0,0,0,0,0
259,259,*NOUSE*,*NOUSE*,0,0,0,0,0,0,0,0
260,260,,,55,1186,57,197.00,90.87,40.00,3402,309138
261,261,,,53,1504,61,151.00,60.72,28.46,1488,90353
262,262,*NOUSE*,*NOUSE*,0,0,0,0,0,0,0,0
263,263,,,58,992,82,72.00,31.03,11.96,8603,266987
264,264,,,58,1106,84,185.00,69.93,41.04,4565,319251
265,265,*NOUSE*,*NOUSE*,0,0,0,0,0,0,0,0
266,266,,,58,1096,30,218.00,65.05,46.23,3392,220664
267,267,,,57,1433,34,149.00,62.48,28.94,3200,199932
268,268,*NOUSE*,*NOUSE*,0,0,0,0,0,0,0,0
269,269,*NOUSE*,*NOUSE*,0,0,0,0,0,0,0,0
270,270,*NOUSE*,*NOUSE*,0,0,0,0,0,0,0,0
271,271,*NOUSE*,*NOUSE*,0,0,0,0,0,0,0,0
272,272,,,59,919,45,73.00,28.76,10.38,7829,225162
273,273,,,59,1112,47,253.00,92.79,58.85,3712,344422
274,274,,,60,1120,54,199.00,85.42,46.46,2793,238583
275,275,*NOUSE*,*NOUSE*,0,0,0,0,0,0,0,0
276,276,,,59,1096,76,211.00,74.42,46.76,3939,293146
277,277,*NOUSE*,*NOUSE*,0,0,0,0,0,0,0,0
278,278,*NOUSE*,*NOUSE*,0,0,0,0,0,0,0,0
279,279,,,56,423,85,81.00,35.40,15.60,2108,74633
280,280,,,58,1188,94,238.00,88.07,49.26,3898,343307
281,281,,,59,1047,28,169.00,52.26,38.83,4416,230792
282,282,*NOUSE*,*NOUSE*,0,0,0,0,0,0,0,0
283,283,,,58,1111,33,210.00,70.60,47.41,3415,241114
284,284,,,57,1245,34,209.00,86.53,48.53,1915,165706
285,285,*NOUSE*,*NOUSE*,0,0,0,0,0,0,0,0
286,286,,,61,1145,47,176.00,62.18,36.92,4624,287525
287,287,,,57,342,74,99.00,41.73,20.62,3669,153113
288,288,*NOUSE*,*NOUSE*,0,0,0,0,0,0,0,0
289,289,*NOUSE*,*NOUSE*,0,0,0,0,0,0,0,0
290,290,,,59,1139,95,174.00,54.06,31.46,5998,324273
291,291,,,59,1197,28,201.00,76.29,43.85,2850,217426
292,292,,,60,1127,29,196.00,67.34,44.92,3558,239605
293,293,*NOUSE*,*NOUSE*,0,0,0,0,0,0,0,0
294,294,,,59,1566,48,169.00,50.79,36.73,5045,256211
295,295,,,60,362,46,111.00,44.21,23.53,5099,225419
296,296,,,60,194,74,127.00,43.41,26.21,3932,170689
297,297,*NOUSE*,*NOUSE*,0,0,0,0,0,0,0,0
298,298,,,60,1450,81,151.00,55.99,30.13,6534,365855
299,299,,,59,1318,100,237.00,72.03,46.35,4858,349945
300,300,*NOUSE*,*NOUSE*,0,0,0,0,0,0,0,0
301,301,,,59,1265,28,187.00,62.16,36.99,3559,221210
302,302,*NOUSE*,*NOUSE*,0,0,0,0,0,0,0,0
303,303,*NOUSE*,*NOUSE*,0,0,0,0,0,0,0,0
304,304,,,62,817,34,207.00,58.54,45.42,5675,332219
305,305,,,61,713,37,189.00,53.47,40.54,5127,274135
306,306,*NOUSE*,*NOUSE*,0,0,0,0,0,0,0,0
307,307,*NOUSE*,*NOUSE*,0,0,0,0,0,0,0,0
308,308,,,65,695,51,135.00,43.13,23.11,11917,513972
309,309,,,61,1174,51,208.00,81.83,42.72,3335,272889
310,310,*NOUSE*,*NOUSE*,0,0,0,0,0,0,0,0
311,311,,,62,281,68,134.00,65.03,24.40,3563,231719
312,312,,,61,1388,82,230.00,85.11,50.29,4010,341308
313,313,*NOUSE*,*NOUSE*,0,0,0,0,0,0,0,0
314,314,*NOUSE*,*NOUSE*,0,0,0,0,0,0,0,0
315,315,*NOUSE*,*NOUSE*,0,0,0,0,0,0,0,0
316,316,*NOUSE*,*NOUSE*,0,0,0,0,0,0,0,0
317,317,*NOUSE*,*NOUSE*,0,0,0,0,0,0,0,0
318,318,,,59,1166,94,175.00,76.19,40.24,3613,275287
319,319,,,59,1295,98,200.00,92.66,47.23,3592,332841
320,320,,,62,1024,27,218.00,67.01,50.21,3647,244368
321,321,*NOUSE*,*NOUSE*,0,0,0,0,0,0,0,0
322,322,,,62,760,39,207.00,65.55,47.19,4421,289811
323,323,*NOUSE*,*NOUSE*,0,0,0,0,0,0,0,0
324,324,*NOUSE*,*NOUSE*,0,0,0,0,0,0,0,0
325,325,,,62,191,57,112.00,37.16,21.82,4665,173337
326,326,,,61,174,65,130.00,39.00,23.74,4718,183994
327,327,*NOUSE*,*NOUSE*,0,0,0,0,0,0,0,0
328,328,,,62,1523,86,196.00,62.78,40.93,5748,360835
329,329,*NOUSE*,*NOUSE*,0,0,0,0,0,0,0,0
330,330,,,64,1559,98,192.00,63.33,45.44,4614,292208
331,331,*NOUSE*,*NOUSE*,0,0,0,0,0,0,0,0
332,332,,,64,842,34,213.00,55.89,44.22,5775,322771
333,333,*NOUSE*,*NOUSE*,0,0,0,0,0,0,0,0
334,334,*NOUSE*,*NOUSE*,0,0,0,0,0,0,0,0
335,335,*NOUSE*,*NOUSE*,0,0,0,0,0,0,0,0
336,336,,,63,632,40,147.00,50.97,33.81,5152,262605
337,337,,,63,590,41,135.00,46.55,28.69,5450,253706
338,338,,,63,565,42,156.00,46.68,33.78,4868,227227
339,339,*NOUSE*,*NOUSE*,0,0,0,0,0,0,0,0
340,340,*NOUSE*,*NOUSE*,0,0,0,0,0,0,0,0
341,341,,,62,1366,70,181.00,74.67,37.60,3475,259461
342,342,*NOUSE*,*NOUSE*,0,0,0,0,0,0,0,0
343,343,*NOUSE*,*NOUSE*,0,0,0,0,0,0,0,0
344,344,*NOUSE*,*NOUSE*,0,0,0,0,0,0,0,0
345,345,,,62,1570,87,163.00,48.43,33.14,5049,244510
346,346,,,62,1542,88,216.00,68.28,47.07,4103,280133
347,347,*NOUSE*,*NOUSE*,0,0,0,0,0,0,0,0
348,348,,,63,967,28,174.00,53.87,39.99,3865,208208
349,349,,,64,938,28,205.00,54.23,40.88,4128,223847
350,350,*NOUSE*,*NOUSE*,0,0,0,0,0,0,0,0
351,351,,,63,1599,46,161.00,47.71,34.90,4825,230215
352,352,*NOUSE*,*NOUSE*,0,0,0,0,0,0,0,0
353,353,*NOUSE*,*NOUSE*,0,0,0,0,0,0,0,0
354,354,*NOUSE*,*NOUSE*,0,0,0,0,0,0,0,0
355,355,,,64,148,64,109.00,36.88,19.42,4815,177577
356,356,*NOUSE*,*NOUSE*,0,0,0,0,0,0,0,0
357,357,*NOUSE*,*NOUSE*,0,0,0,0,0,0,0,0
358,358,,,65,930,85,78.00,28.76,11.25,7344,211181
359,359,*NOUSE*,*NOUSE*,0,0,0,0,0,0,0,0
360,360,*NOUSE*,*NOUSE*,0,0,0,0,0,0,0,0
361,361,,,64,1576,97,185.00,58.83,42.68,4385,257978
362,362,,,70,769,96,149.00,47.47,31.92,5001,237407
363,363,*NOUSE*,*NOUSE*,0,0,0,0,0,0,0,0
364,364,*NOUSE*,*NOUSE*,0,0,0,0,0,0,0,0
365,365,*NOUSE*,*NOUSE*,0,0,0,0,0,0,0,0
366,366,,,68,666,50,119.00,39.03,22.28,6835,266777
367,367,,,64,1630,53,154.00,47.59,34.01,4549,216498
368,368,*NOUSE*,*NOUSE*,0,0,0,0,0,0,0,0
369,369,,,64,1628,87,162.00,46.46,32.45,4872,226376
370,370,*NOUSE*,*NOUSE*,0,0,0,0,0,0,0,0
371,371,*NOUSE*,*NOUSE*,0,0,0,0,0,0,0,0
372,372,*NOUSE*,*NOUSE*,0,0,0,0,0,0,0,0
373,373,,,65,914,28,183.00,59.05,42.30,4162,245752
374,374,,,66,422,35,156.00,44.65,30.06,5153,230104
375,375,,,63,1404,44,166.00,65.45,32.62,3834,250934
376,376,*NOUSE*,*NOUSE*,0,0,0,0,0,0,0,0
377,377,*NOUSE*,*NOUSE*,0,0,0,0,0,0,0,0
378,378,,,68,995,39,77.00,31.70,12.27,6089,193029
379,379,*NOUSE*,*NOUSE*,0,0,0,0,0,0,0,0
380,380,*NOUSE*,*NOUSE*,0,0,0,0,0,0,0,0
381,381,*NOUSE*,*NOUSE*,0,0,0,0,0,0,0,0
382,382,*NOUSE*,*NOUSE*,0,0,0,0,0,0,0,0
383,383,*NOUSE*,*NOUSE*,0,0,0,0,0,0,0,0
384,384,*NOUSE*,*NOUSE*,0,0,0,0,0,0,0,0
385,385,,,65,114,66,85.00,33.70,16.38,3617,121885
386,386,,,66,96,69,132.00,40.39,24.41,5669,228949
387,387,*NOUSE*,*NOUSE*,0,0,0,0,0,0,0,0
388,388,,,66,314,80,123.00,48.66,24.48,3701,180109
389,389,,,69,519,90,105.00,36.62,19.74,3514,128693
390,390,,,65,1507,97,227.00,81.63,54.16,3018,246354
391,391,*NOUSE*,*NOUSE*,0,0,0,0,0,0,0,0
392,392,*NOUSE*,*NOUSE*,0,0,0,0,0,0,0,0
393,393,*NOUSE*,*NOUSE*,0,0,0,0,0,0,0,0
394,394,,,69,1264,91,148.00,62.42,30.08,5569,347601
395,395,,,67,1141,32,237.00,78.09,50.28,3453,269659
396,396,*NOUSE*,*NOUSE*,0,0,0,0,0,0,0,0
397,397,,,66,72,70,129.00,42.36,26.43,4104,173837
398,398,,,66,1213,73,155.00,73.05,30.29,4438,324203
399,399,*NOUSE*,*NOUSE*,0,0,0,0,0,0,0,0
400,400,*NOUSE*,*NOUSE*,0,0,0,0,0,0,0,0
401,401,*NOUSE*,*NOUSE*,0,0,0,0,0,0,0,0
402,402,*NOUSE*,*NOUSE*,0,0,0,0,0,0,0,0
403,403,,,66,1488,94,225.00,87.01,51.68,3507,305157
404,404,*NOUSE*,*NOUSE*,0,0,0,0,0,0,0,0
405,405,*NOUSE*,*NOUSE*,0,0,0,0,0,0,0,0
406,406,*NOUSE*,*NOUSE*,0,0,0,0,0,0,0,0
407,407,*NOUSE*,*NOUSE*,0,0,0,0,0,0,0,0
408,408,,,68,1368,50,218.00,76.21,46.22,3470,264462
409,409,*NOUSE*,*NOUSE*,0,0,0,0,0,0,0,0
410,410,*NOUSE*,*NOUSE*,0,0,0,0,0,0,0,0
411,411,*NOUSE*,*NOUSE*,0,0,0,0,0,0,0,0
412,412,,,69,1447,52,207.00,75.67,45.80,3088,233656
413,413,*NOUSE*,*NOUSE*,0,0,0,0,0,0,0,0
414,414,*NOUSE*,*NOUSE*,0,0,0,0,0,0,0,0
415,415,,,70,1573,62,158.00,45.40,32.46,5709,259199
416,416,*NOUSE*,*NOUSE*,0,0,0,0,0,0,0,0
417,417,,,65,1198,85,199.00,85.98,35.54,4238,364392
418,418,*NOUSE*,*NOUSE*,0,0,0,0,0,0,0,0
419,419,*NOUSE*,*NOUSE*,0,0,0,0,0,0,0,0
420,420,,,68,639,83,53.00,23.22, 7.59,6334,147074
421,421,,,69,609,93,120.00,40.71,23.11,4204,171139
422,422,*NOUSE*,*NOUSE*,0,0,0,0,0,0,0,0
423,423,,,71,953,33,167.00,51.91,34.82,4336,225063
424,424,*NOUSE*,*NOUSE*,0,0,0,0,0,0,0,0
425,425,*NOUSE*,*NOUSE*,0,0,0,0,0,0,0,0
426,426,,,72,1033,31,161.00,48.98,32.65,5047,247183
427,427,,,69,1100,34,153.00,53.42,31.68,4270,228112
428,428,,,71,741,44,162.00,47.19,32.44,6175,291390
429,429,*NOUSE*,*NOUSE*,0,0,0,0,0,0,0,0
430,430,,,66,1185,57,214.00,95.26,37.74,2326,221576
431,431,*NOUSE*,*NOUSE*,0,0,0,0,0,0,0,0
432,432,*NOUSE*,*NOUSE*,0,0,0,0,0,0,0,0
433,433,,,71,1540,62,251.00,71.58,51.40,6059,433732
434,434,,,70,1196,71,177.00,79.10,31.84,3832,303102
435,435,*NOUSE*,*NOUSE*,0,0,0,0,0,0,0,0
436,436,*NOUSE*,*NOUSE*,0,0,0,0,0,0,0,0
437,437,,,68,1286,91,195.00,90.91,44.36,3568,324384
438,438,*NOUSE*,*NOUSE*,0,0,0,0,0,0,0,0
439,439,*NOUSE*,*NOUSE*,0,0,0,0,0,0,0,0
440,440,,,70,1437,35,162.00,56.77,31.42,4066,230847
441,441,*NOUSE*,*NOUSE*,0,0,0,0,0,0,0,0
442,442,*NOUSE*,*NOUSE*,0,0,0,0,0,0,0,0
443,443,,,69,1128,52,228.00,84.17,51.35,3840,323214
444,444,*NOUSE*,*NOUSE*,0,0,0,0,0,0,0,0
445,445,*NOUSE*,*NOUSE*,0,0,0,0,0,0,0,0
446,446,,,71,1555,63,196.00,55.47,41.75,2235,123967
447,447,*NOUSE*,*NOUSE*,0,0,0,0,0,0,0,0
448,448,*NOUSE*,*NOUSE*,0,0,0,0,0,0,0,0
449,449,,,71,678,94,129.00,43.84,25.60,3928,172201
450,450,*NOUSE*,*NOUSE*,0,0,0,0,0,0,0,0
451,451,*NOUSE*,*NOUSE*,0,0,0,0,0,0,0,0
452,452,*NOUSE*,*NOUSE*,0,0,0,0,0,0,0,0
453,453,*NOUSE*,*NOUSE*,0,0,0,0,0,0,0,0
454,454,,,73,467,38,102.00,38.29,20.10,3882,148640
455,455,*NOUSE*,*NOUSE*,0,0,0,0,0,0,0,0
456,456,*NOUSE*,*NOUSE*,0,0,0,0,0,0,0,0
457,457,,,73,1109,71,189.00,63.24,42.91,4524,286100
458,458,*NOUSE*,*NOUSE*,0,0,0,0,0,0,0,0
459,459,*NOUSE*,*NOUSE*,0,0,0,0,0,0,0,0
460,460,,,73,810,96,140.00,46.22,30.10,4568,211131
461,461,*NOUSE*,*NOUSE*,0,0,0,0,0,0,0,0
462,462,*NOUSE*,*NOUSE*,0,0,0,0,0,0,0,0
463,463,,,69,1346,37,219.00,89.73,50.27,2530,227021
464,464,*NOUSE*,*NOUSE*,0,0,0,0,0,0,0,0
465,465,,,72,348,48,127.00,52.05,27.69,4221,219685
466,466,,,72,1395,49,191.00,76.71,41.60,3264,250378
467,467,,,74,1143,58,129.00,51.52,24.09,5316,273875
468,468,,,73,1167,61,153.00,55.43,26.46,4305,238608
469,469,,,75,1407,61,167.00,73.25,36.29,3107,227589
470,470,,,74,266,60,128.00,45.92,27.59,4456,204609
471,471,*NOUSE*,*NOUSE*,0,0,0,0,0,0,0,0
472,472,*NOUSE*,*NOUSE*,0,0,0,0,0,0,0,0
473,473,,,71,1404,79,201.00,79.81,38.94,2871,229131
474,474,,,69,297,78,110.00,50.42,22.84,3090,155792
475,475,,,72,255,73,127.00,49.49,29.34,4197,207716
476,476,*NOUSE*,*NOUSE*,0,0,0,0,0,0,0,0
477,477,*NOUSE*,*NOUSE*,0,0,0,0,0,0,0,0
478,478,*NOUSE*,*NOUSE*,0,0,0,0,0,0,0,0
479,479,*NOUSE*,*NOUSE*,0,0,0,0,0,0,0,0
480,480,*NOUSE*,*NOUSE*,0,0,0,0,0,0,0,0
481,481,,,75,1128,37,145.00,54.22,31.18,4886,264914
482,482,,,74,1330,44,205.00,76.23,44.39,2747,209393
483,483,*NOUSE*,*NOUSE*,0,0,0,0,0,0,0,0
484,484,*NOUSE*,*NOUSE*,0,0,0,0,0,0,0,0
485,485,*NOUSE*,*NOUSE*,0,0,0,0,0,0,0,0
486,486,,,76,1138,77,158.00,55.60,35.30,4696,261108
487,487,,,73,1180,80,167.00,68.58,31.74,3847,263824
488,488,,,70,1169,92,204.00,73.53,49.26,4501,330942
489,489,*NOUSE*,*NOUSE*,0,0,0,0,0,0,0,0
490,490,*NOUSE*,*NOUSE*,0,0,0,0,0,0,0,0
491,491,*NOUSE*,*NOUSE*,0,0,0,0,0,0,0,0
492,492,,,75,1287,39,207.00,89.33,45.16,2551,227872
493,493,,,73,1473,41,131.00,53.53,23.80,3790,202878
494,494,,,75,1358,42,211.00,85.85,44.43,2513,215746
495,495,*NOUSE*,*NOUSE*,0,0,0,0,0,0,0,0
496,496,,,77,327,65,119.00,41.59,25.00,4585,190706
497,497,,,73,1184,64,227.00,101.55,48.17,2683,272472
498,498,*NOUSE*,*NOUSE*,0,0,0,0,0,0,0,0
499,499,,,75,1044,83,90.00,34.63,15.41,7333,253912
500,500,*NOUSE*,*NOUSE*,0,0,0,0,0,0,0,0
501,501,*NOUSE*,*NOUSE*,0,0,0,0,0,0,0,0
502,502,*NOUSE*,*NOUSE*,0,0,0,0,0,0,0,0
503,503,*NOUSE*,*NOUSE*,0,0,0,0,0,0,0,0
504,504,*NOUSE*,*NOUSE*,0,0,0,0,0,0,0,0
505,505,,,76,1185,43,186.00,74.68,38.82,3174,237044
506,506,*NOUSE*,*NOUSE*,0,0,0,0,0,0,0,0
507,507,,,75,765,43,192.00,66.79,48.12,4211,281268
508,508,,,79,568,65,83.00,31.44,14.74,4677,147046
509,509,*NOUSE*,*NOUSE*,0,0,0,0,0,0,0,0
510,510,,,76,1345,65,182.00,75.05,38.77,3248,243750
511,511,,,75,285,68,120.00,50.77,27.03,4265,216554
512,512,*NOUSE*,*NOUSE*,0,0,0,0,0,0,0,0
513,513,*NOUSE*,*NOUSE*,0,0,0,0,0,0,0,0
514,514,*NOUSE*,*NOUSE*,0,0,0,0,0,0,0,0
515,515,*NOUSE*,*NOUSE*,0,0,0,0,0,0,0,0
516,516,*NOUSE*,*NOUSE*,0,0,0,0,0,0,0,0
517,517,,,74,1251,37,198.00,91.72,47.46,2434,223238
518,518,,,78,379,49,88.00,34.89,16.43,4294,149800
519,519,,,76,1249,51,172.00,82.34,36.73,2749,226355
520,520,,,77,1282,63,192.00,90.12,42.38,2848,256669
521,521,,,77,1259,64,191.00,78.83,38.94,3299,260061
522,522,*NOUSE*,*NOUSE*,0,0,0,0,0,0,0,0
523,523,*NOUSE*,*NOUSE*,0,0,0,0,0,0,0,0
524,524,*NOUSE*,*NOUSE*,0,0,0,0,0,0,0,0
525,525,*NOUSE*,*NOUSE*,0,0,0,0,0,0,0,0
526,526,*NOUSE*,*NOUSE*,0,0,0,0,0,0,0,0
527,527,*NOUSE*,*NOUSE*,0,0,0,0,0,0,0,0
528,528,,,77,1157,41,176.00,61.90,36.73,3784,234245
529,529,*NOUSE*,*NOUSE*,0,0,0,0,0,0,0,0
530,530,,,79,685,57,156.00,47.73,33.75,4861,231995
531,531,*NOUSE*,*NOUSE*,0,0,0,0,0,0,0,0
532,532,*NOUSE*,*NOUSE*,0,0,0,0,0,0,0,0
533,533,,,80,1479,73,154.00,52.72,33.88,4878,257172
534,534,*NOUSE*,*NOUSE*,0,0,0,0,0,0,0,0
535,535,,,79,1234,89,169.00,73.35,37.33,3822,280350
536,536,,,78,1146,99,131.00,44.42,25.33,5393,239573
537,537,,,79,1303,39,163.00,54.27,31.27,3300,179107
538,538,*NOUSE*,*NOUSE*,0,0,0,0,0,0,0,0
539,539,*NOUSE*,*NOUSE*,0,0,0,0,0,0,0,0
540,540,,,81,1461,53,185.00,61.29,42.47,4466,273724
541,541,,,79,1366,57,185.00,80.98,41.05,2749,222605
542,542,*NOUSE*,*NOUSE*,0,0,0,0,0,0,0,0
543,543,,,78,303,63,118.00,45.90,25.11,4680,214826
544,544,,,80,835,89,179.00,55.30,41.24,3970,219531
545,545,*NOUSE*,*NOUSE*,0,0,0,0,0,0,0,0
546,546,,,81,1353,52,179.00,70.85,43.35,3174,224888
547,547,,,79,519,65,61.00,26.90,10.83,5098,137115
548,548,*NOUSE*,*NOUSE*,0,0,0,0,0,0,0,0
549,549,*NOUSE*,*NOUSE*,0,0,0,0,0,0,0,0
550,550,*NOUSE*,*NOUSE*,0,0,0,0,0,0,0,0
551,551,*NOUSE*,*NOUSE*,0,0,0,0,0,0,0,0
552,552,*NOUSE*,*NOUSE*,0,0,0,0,0,0,0,0
553,553,*NOUSE*,*NOUSE*,0,0,0,0,0,0,0,0
554,554,,,82,1107,53,220.00,60.68,47.14,3800,230584
555,555,*NOUSE*,*NOUSE*,0,0,0,0,0,0,0,0
556,556,*NOUSE*,*NOUSE*,0,0,0,0,0,0,0,0
557,557,*NOUSE*,*NOUSE*,0,0,0,0,0,0,0,0
558,558,,,79,1208,77,175.00,83.06,36.85,3114,258664
559,559,,,80,1327,77,156.00,58.28,30.94,4063,236804
560,560,*NOUSE*,*NOUSE*,0,0,0,0,0,0,0,0
561,561,*NOUSE*,*NOUSE*,0,0,0,0,0,0,0,0
562,562,*NOUSE*,*NOUSE*,0,0,0,0,0,0,0,0
563,563,,,82,1377,53,224.00,76.55,48.12,3172,242814
564,564,*NOUSE*,*NOUSE*,0,0,0,0,0,0,0,0
565,565,,,83,1046,54,197.00,55.50,42.30,4219,234139
566,566,*NOUSE*,*NOUSE*,0,0,0,0,0,0,0,0
567,567,,,82,418,64,70.00,28.14,12.38,4928,138661
568,568,*NOUSE*,*NOUSE*,0,0,0,0,0,0,0,0
569,569,*NOUSE*,*NOUSE*,0,0,0,0,0,0,0,0
570,570,*NOUSE*,*NOUSE*,0,0,0,0,0,0,0,0
571,571,*NOUSE*,*NOUSE*,0,0,0,0,0,0,0,0
572,572,*NOUSE*,*NOUSE*,0,0,0,0,0,0,0,0
573,573,,,79,1198,90,177.00,74.15,36.15,3792,281173
574,574,*NOUSE*,*NOUSE*,0,0,0,0,0,0,0,0
575,575,,,83,1123,52,194.00,61.73,41.90,4958,306033
576,576,*NOUSE*,*NOUSE*,0,0,0,0,0,0,0,0
577,577,,,83,799,60,96.00,32.80,16.13,6847,224577
578,578,,,81,1480,55,217.00,64.21,46.28,3918,251568
579,579,*NOUSE*,*NOUSE*,0,0,0,0,0,0,0,0
580,580,,,82,1497,66,169.00,51.07,33.91,4958,253201
581,581,*NOUSE*,*NOUSE*,0,0,0,0,0,0,0,0
582,582,,,79,319,79,71.00,31.37,11.53,1552,48682
583,583,*NOUSE*,*NOUSE*,0,0,0,0,0,0,0,0
584,584,,,86,1140,48,190.00,57.04,40.54,5308,302757
585,585,,,84,1174,48,184.00,58.95,38.99,4175,246137
586,586,*NOUSE*,*NOUSE*,0,0,0,0,0,0,0,0
587,587,*NOUSE*,*NOUSE*,0,0,0,0,0,0,0,0
588,588,,,83,862,54,105.00,37.55,19.49,6301,236582
589,589,,,83,1549,72,107.00,42.47,22.18,4174,177275
590,590,*NOUSE*,*NOUSE*,0,0,0,0,0,0,0,0
591,591,,,86,1195,77,177.00,66.18,36.56,4334,286839
592,592,,,85,956,44,129.00,41.68,23.70,4709,196279
593,593,,,84,1187,60,181.00,74.96,40.51,3696,277052
594,594,*NOUSE*,*NOUSE*,0,0,0,0,0,0,0,0
595,595,*NOUSE*,*NOUSE*,0,0,0,0,0,0,0,0
596,596,*NOUSE*,*NOUSE*,0,0,0,0,0,0,0,0
597,597,,,84,1221,51,127.00,54.33,22.40,4111,223334
598,598,*NOUSE*,*NOUSE*,0,0,0,0,0,0,0,0
599,599,,,86,1157,49,181.00,58.79,41.21,4414,259501
600,600,,,85,1356,65,200.00,66.23,44.64,3940,260937
601,601,*NOUSE*,*NOUSE*,0,0,0,0,0,0,0,0
602,602,*NOUSE*,*NOUSE*,0,0,0,0,0,0,0,0
603,603,*NOUSE*,*NOUSE*,0,0,0,0,0,0,0,0
604,604,*NOUSE*,*NOUSE*,0,0,0,0,0,0,0,0
605,605,*NOUSE*,*NOUSE*,0,0,0,0,0,0,0,0
606,606,,,86,1119,80,110.00,37.73,20.05,7387,278687
607,607,*NOUSE*,*NOUSE*,0,0,0,0,0,0,0,0
608,608,,,87,1406,54,194.00,65.93,44.15,4085,269343
609,609,*NOUSE*,*NOUSE*,0,0,0,0,0,0,0,0
610,610,*NOUSE*,*NOUSE*,0,0,0,0,0,0,0,0
611,611,,,85,1197,49,172.00,66.88,39.05,3563,238294
612,612,,,87,1018,56,109.00,36.27,20.85,5526,200426
613,613,,,87,1379,63,147.00,54.27,34.96,4207,228318
614,614,,,86,1307,67,169.00,56.61,32.66,3902,220896
615,615,*NOUSE*,*NOUSE*,0,0,0,0,0,0,0,0
616,616,,,86,1243,66,135.00,55.92,24.01,4065,227318
617,617,,,84,1429,75,174.00,57.90,39.42,4609,266857
618,618,,,84,1293,51,193.00,73.70,43.86,3326,245118
619,619,*NOUSE*,*NOUSE*,0,0,0,0,0,0,0,0
620,620,,,86,1392,54,184.00,66.18,42.23,3719,246140
621,621,*NOUSE*,*NOUSE*,0,0,0,0,0,0,0,0
622,622,*NOUSE*,*NOUSE*,0,0,0,0,0,0,0,0
623,623,*NOUSE*,*NOUSE*,0,0,0,0,0,0,0,0
624,624,*NOUSE*,*NOUSE*,0,0,0,0,0,0,0,0
625,625,,,87,1291,66,158.00,61.48,37.75,4061,249672
626,626,*NOUSE*,*NOUSE*,0,0,0,0,0,0,0,0
627,627,*NOUSE*,*NOUSE*,0,0,0,0,0,0,0,0
628,628,*NOUSE*,*NOUSE*,0,0,0,0,0,0,0,0
629,629,*NOUSE*,*NOUSE*,0,0,0,0,0,0,0,0
630,630,,,87,1241,50,194.00,66.34,39.14,3457,229327
631,631,,,88,1261,56,140.00,58.65,30.48,4575,268312
632,632,,,87,1181,73,163.00,59.57,34.10,4176,248770
633,633,*NOUSE*,*NOUSE*,0,0,0,0,0,0,0,0
634,634,*NOUSE*,*NOUSE*,0,0,0,0,0,0,0,0
635,635,,,87,1319,56,97.00,41.57,16.90,4234,176002
636,636,*NOUSE*,*NOUSE*,0,0,0,0,0,0,0,0
637,637,*NOUSE*,*NOUSE*,0,0,0,0,0,0,0,0
638,638,*NOUSE*,*NOUSE*,0,0,0,0,0,0,0,0
639,639,*NOUSE*,*NOUSE*,0,0,0,0,0,0,0,0
640,640,*NOUSE*,*NOUSE*,0,0,0,0,0,0,0,0
641,641,*NOUSE*,*NOUSE*,0,0,0,0,0,0,0,0
642,642,*NOUSE*,*NOUSE*,0,0,0,0,0,0,0,0
643,643,*NOUSE*,*NOUSE*,0,0,0,0,0,0,0,0
644,644,*NOUSE*,*NOUSE*,0,0,0,0,0,0,0,0
645,645,*NOUSE*,*NOUSE*,0,0,0,0,0,0,0,0
646,646,*NOUSE*,*NOUSE*,0,0,0,0,0,0,0,0
647,647,*NOUSE*,*NOUSE*,0,0,0,0,0,0,0,0
648,648,*NOUSE*,*NOUSE*,0,0,0,0,0,0,0,0
649,649,*NOUSE*,*NOUSE*,0,0,0,0,0,0,0,0
650,650,*NOUSE*,*NOUSE*,0,0,0,0,0,0,0,0
651,651,*NOUSE*,*NOUSE*,0,0,0,0,0,0,0,0
652,652,*NOUSE*,*NOUSE*,0,0,0,0,0,0,0,0
653,653,,*MANUAL*,62,1341,91,243.00,158.86,42.36,1158,183955
654,654,,*MANUAL*,71,1344,88,242.00,142.63,52.22,1213,173016
655,655,,*MANUAL*,54,1347,89,249.00,173.12,38.13,1335,231119
656,656,,*MANUAL*,64,1356,83,237.00,170.91,29.56,1281,218937
657,657,,*MANUAL*,55,1365,87,251.00,165.99,44.58,1299,215623
658,658,,*MANUAL*,78,1347,80,216.00,114.69,46.71,2068,237178
659,659,,*MANUAL*,73,1359,81,227.00,152.63,42.90,1168,178273
660,660,,*MANUAL*,80,1331,63,169.00,103.09,25.15,1259,129785
661,661,,*MANUAL*,75,1362,70,212.00,115.98,31.06,2103,243908
662,662,,*MANUAL*,72,1375,87,197.00,104.26,41.61,1773,184859
663,663,,*MANUAL*,80,1377,77,220.00,125.19,36.60,1365,170886
664,664,,*MANUAL*,81,1391,74,199.00,124.53,36.08,1253,156030
665,665,,*MANUAL*,87,1399,68,206.00,98.03,38.37,2089,204794
666,666,,*MANUAL*,83,1410,77,184.00,101.14,37.67,1365,138062
667,667,,*MANUAL*,76,1449,76,186.00,94.97,38.77,1935,183760
668,668,,*MANUAL*,82,1458,73,176.00,81.85,34.17,2103,172137
669,669,,*MANUAL*,79,1446,50,214.00,109.50,41.09,1915,209693
670,670,,*MANUAL*$561$598,81,1429,49,195.00,64.74,41.90,3991,258397
671,671,,*MANUAL*,84,1338,55,168.00,85.97,30.45,2072,178124
672,672,,*MANUAL*,75,1343,48,174.00,111.71,34.20,1365,152489
673,673,,*MANUAL*,46,1354,85,249.00,156.59,55.11,1365,213741
674,674,,*MANUAL*,46,1368,83,254.00,167.65,57.91,1335,223808
675,675,,*MANUAL*,43,1337,68,223.00,129.93,37.73,1345,174758
676,676,,*MANUAL*,44,1367,72,250.00,145.28,47.92,1361,197724
677,677,,*MANUAL*,41,1382,78,252.00,143.48,61.92,1365,195854
678,678,,*MANUAL*,36,1395,76,253.00,138.32,55.55,1365,188810
679,679,,*MANUAL*,36,1410,73,246.00,139.40,48.79,1365,190284
680,680,,*MANUAL*,38,1477,77,188.00,94.67,45.72,2008,190105
681,681,,*MANUAL*,37,1480,59,208.00,78.94,52.21,1954,154244
682,682,,*MANUAL*,39,1446,51,219.00,117.68,42.97,1343,158048
683,683,,*MANUAL*,38,1386,55,254.00,157.21,58.02,1262,198399
684,684,,*MANUAL*,33,1385,64,239.00,100.77,54.06,2103,211929
685,685,,*MANUAL*,36,1346,60,213.00,85.96,49.94,2754,236725
686,686,,*MANUAL*,40,1373,60,236.00,137.02,46.31,1365,187031
687,687,,*MANUAL*,45,1344,55,238.00,138.61,45.11,1365,189209
688,688,,*MANUAL*,59,1313,35,226.00,89.68,47.41,2007,179996
689,689,,*MANUAL*,64,1327,36,209.00,132.90,39.02,1365,181410
690,690,,*MANUAL*,56,1342,38,215.00,123.71,45.43,1213,150066
691,691,,*MANUAL*,61,1357,34,218.00,126.74,43.90,1251,158552
692,692,,*MANUAL*,53,1363,35,210.00,114.43,46.32,1365,156201
693,693,,*MANUAL*,63,1372,35,208.00,109.13,42.24,1365,148963
694,694,,*MANUAL*,63,1404,85,232.00,150.36,40.85,1254,188557
695,695,,*MANUAL*,54,1401,81,213.00,103.27,33.87,2103,217167
696,696,,*MANUAL*,49,1422,58,251.00,147.30,50.13,1329,195757
697,697,,*MANUAL*,42,1413,54,235.00,138.41,46.25,1365,188932
698,698,,*MANUAL*,68,1416,55,228.00,133.49,43.56,1313,175269
699,699,,*MANUAL*,74,1411,48,215.00,120.05,46.27,1365,163864
700,700,,*MANUAL*,59,1421,80,252.00,162.04,60.83,848,137414
701,701,,*MANUAL*,67,1428,80,236.00,117.87,55.75,1191,140381
702,702,,*MANUAL*,50,1434,50,227.00,126.15,48.24,1347,169919
703,703,,*MANUAL*,47,1435,66,248.00,136.76,57.37,1279,174912
704,704,,*MANUAL*,67,1429,49,235.00,124.66,49.62,1281,159687
705,705,,*MANUAL*,72,1434,62,206.00,114.78,42.63,1359,155984
706,706,,*MANUAL*,73,1424,73,209.00,99.02,31.85,2103,208239
707,707,,*MANUAL*,48,1426,75,216.00,120.68,37.95,2103,253782
708,708,,*MANUAL*,57,1424,46,193.00,96.92,32.45,2103,203833
709,709,,*MANUAL*,47,1454,57,204.00,96.86,47.05,2103,203705
710,710,,*MANUAL*,61,1491,85,200.00,104.08,34.65,1073,111673
711,711,,*MANUAL*,49,1555,64,238.00,117.90,53.49,1365,160932
712,712,,*MANUAL*,49,1541,63,253.00,125.87,57.08,1365,171808
713,713,,*MANUAL*,48,1522,62,238.00,101.75,55.57,1365,138882
714,714,,*MANUAL*,47,1481,55,205.00,94.84,49.40,1244,117987
715,715,,*MANUAL*,70,1519,60,217.00,118.46,46.25,1324,156845
716,716,,*MANUAL*,70,1487,55,173.00,81.14,38.66,2099,170304
717,717,,*MANUAL*,64,1504,57,120.00,57.28,21.32,2103,120454
718,718,,*MANUAL*,47,1478,64,164.00,65.80,34.41,2046,134630
719,719,,*MANUAL*,71,1467,59,143.00,65.01,31.42,2103,136719
720,720,,*MANUAL*,65,1499,82,203.00,74.93,37.60,2103,157578
721,721,,*MANUAL*,55,1473,78,158.00,58.88,23.57,2859,168324
722,722,,*MANUAL*,53,1534,97,207.00,93.99,49.12,1610,151331
723,723,,*MANUAL*,53,1503,96,239.00,119.50,52.49,2103,251314
724,724,,*MANUAL*,53,1483,93,247.00,114.72,55.09,2025,232308
725,725,,*MANUAL*,62,1530,102,182.00,67.32,46.10,4139,278620
726,726,,*MANUAL*,59,1470,95,236.00,76.86,49.21,4116,316339
727,727,,*MANUAL*$347$316,59,1424,96,180.00,67.35,36.45,4780,321915
728,728,,*MANUAL*$329$315,61,1394,97,195.00,66.99,39.37,4708,315396
729,729,,*MANUAL*$300$317,59,1368,100,129.00,55.73,24.32,4124,229821
730,730,,*MANUAL*$372$371,62,1273,105,152.00,55.13,24.65,4337,239094
731,731,,*MANUAL*,63,1549,46,184.00,81.57,39.84,2093,170736
732,732,,*MANUAL*,55,1537,48,204.00,87.98,45.61,1985,174640
733,733,,*MANUAL*,63,1528,47,216.00,96.14,46.06,2103,202182
734,734,,*MANUAL*,53,1513,46,245.00,118.74,49.58,1183,140475
735,735,,*MANUAL*,54,1487,41,228.00,113.70,53.27,1269,144283
736,736,,*MANUAL*,61,1503,43,214.00,111.40,42.61,1365,152060
737,737,,*MANUAL*,61,1480,40,246.00,130.88,53.53,1365,178651
738,738,,*MANUAL*,58,1515,37,168.00,62.74,33.82,2103,131946
739,739,,*MANUAL*$293$302,59,1392,29,145.00,47.85,24.55,3899,186554
740,740,,*MANUAL*,60,1340,29,185.00,54.99,37.92,2969,163280
741,741,,*MANUAL*,87,1226,72,154.00,68.75,26.15,2543,174822
742,742,,*MANUAL*,88,1202,63,171.00,93.08,37.16,1365,127058
743,743,,*MANUAL*,87,1278,54,208.00,114.97,40.57,1326,152455
744,744,,*MANUAL*,86,1270,71,173.00,77.51,32.44,2963,229653
745,745,,*MANUAL*,82,1288,81,205.00,101.05,37.66,1801,181995
746,746,,*MANUAL*,73,1302,93,213.00,125.91,39.67,1309,164813
747,747,,*MANUAL*,66,1302,84,225.00,147.61,39.85,1365,201493
748,748,,*MANUAL*,45,1294,79,249.00,142.17,49.83,1365,194057
749,749,,*MANUAL*,74,1295,75,219.00,134.98,34.64,1365,184252
750,750,,*MANUAL*,47,1295,94,250.00,151.13,48.32,1365,206299
751,751,,*MANUAL*,35,1205,68,246.00,164.24,37.82,1353,222215
752,752,,*MANUAL*,35,1197,79,231.00,144.26,37.46,1364,196770
753,753,,*MANUAL*,39,1293,55,223.00,130.71,48.51,1326,173320
754,754,,*MANUAL*,35,1291,72,229.00,122.09,49.78,1365,166649
755,755,,*MANUAL*,39,1285,87,247.00,133.15,46.91,1359,180949
756,756,,*MANUAL*,83,1216,87,190.00,99.95,39.07,1895,189408
757,757,,*MANUAL*,84,1249,86,176.00,83.26,39.60,2089,173921
758,758,,*MANUAL*,75,1244,78,177.00,120.46,23.65,1365,164426
759,759,,*MANUAL*,77,1262,79,172.00,105.00,23.49,1365,143325
760,760,,*MANUAL*,75,1279,80,193.00,109.42,35.50,2103,230114
761,761,,*MANUAL*,66,1243,91,156.00,102.75,24.99,2103,216083
762,762,,*MANUAL*,71,1220,89,187.00,100.72,31.88,2969,299050
763,763,,*MANUAL*,39,1210,79,234.00,142.21,38.35,1365,194123
764,764,,*MANUAL*,41,1195,91,248.00,143.13,50.25,1352,193507
765,765,,*MANUAL*,48,1277,82,242.00,152.13,35.07,1359,206739
766,766,,*MANUAL*,56,1282,91,214.00,145.41,28.94,1365,198481
767,767,,*MANUAL*,79,1276,48,211.00,147.16,29.61,1193,175556
768,768,,*MANUAL*,76,1266,37,212.00,126.21,40.48,1365,172283
769,769,,*MANUAL*,79,1235,43,233.00,132.99,36.46,1235,164246
770,770,,*MANUAL*,70,1234,44,233.00,128.74,42.29,1348,173539
771,771,,*MANUAL*,63,1249,44,240.00,146.92,38.58,1365,200550
772,772,,*MANUAL*,44,1284,44,221.00,113.84,45.11,1247,141959
773,773,,*MANUAL*,60,1277,45,228.00,156.12,27.87,1040,162366
774,774,,*MANUAL*,51,1277,46,254.00,179.77,35.65,1365,245386
775,775,,*MANUAL*,70,1279,43,239.00,156.67,37.81,1365,213856
776,776,,*MANUAL*,73,1266,52,217.00,113.20,36.82,1365,154519
777,777,,*MANUAL*,63,1264,42,219.00,138.86,39.43,1297,180100
778,778,,*MANUAL*,54,1259,48,229.00,146.73,37.75,1365,200289
779,779,,*MANUAL*,59,1214,33,208.00,90.43,40.74,1334,120634
780,780,,*MANUAL*,65,1219,44,143.00,49.51,19.37,4139,204935
781,781,,*MANUAL*$340$324,62,1201,58,192.00,76.70,34.08,4734,363095
782,782,,*MANUAL*,73,1135,90,217.00,114.01,43.19,1365,155621
783,783,,*MANUAL*$407$405,68,1062,42,86.00,34.41,15.61,6416,220766
784,784,,*MANUAL*$150$152,48,1052,84,107.00,37.99,18.04,7531,286123
785,785,,*MANUAL*,60,852,86,74.00,33.65,12.07,3745,126004
786,786,,*MANUAL*,65,833,46,71.00,28.48,11.50,4139,117870
787,787,,*MANUAL*,72,737,71,49.00,19.90, 8.55,4122,82039
788,788,,*MANUAL*,63,566,58,57.00,22.06, 7.56,4139,91316
789,789,,*MANUAL*,58,522,83,48.00,20.21, 7.95,4139,83654
790,790,,*MANUAL*,55,473,55,55.00,22.42, 8.75,4139,92780
791,791,,*MANUAL*,73,370,74,56.00,24.11, 9.85,4139,99779
792,792,,*MANUAL*,71,431,53,56.00,22.29, 8.16,4139,92245
793,793,,*MANUAL*,51,384,71,63.00,24.82,10.75,2969,73692
794,794,,*MANUAL*,66,153,74,114.00,42.58,22.14,2969,126406
795,795,,*MANUAL*,55,217,73,85.00,37.56,15.17,3783,142108
796,796,,*MANUAL*,68,211,70,92.00,37.12,17.27,4139,153631
797,797,,*MANUAL*,70,229,58,125.00,55.67,29.05,1365,75986
798,798,,*MANUAL*,71,239,70,138.00,81.49,26.40,1365,111229
799,799,,*MANUAL*,74,291,55,130.00,67.76,25.50,2097,142098
800,800,,*MANUAL*,76,342,61,128.00,83.18,17.49,1194,99311
801,801,,*MANUAL*,57,231,63,152.00,86.69,21.94,1363,118164
802,802,,*MANUAL*,55,243,71,132.00,74.35,23.08,1979,147146
803,803,,*MANUAL*,55,255,76,146.00,67.14,34.82,2097,140795
804,804,,*MANUAL*,53,263,63,139.00,74.21,28.67,1987,147449
805,805,,*MANUAL*,50,288,67,131.00,72.49,22.87,1937,140415
806,806,,*MANUAL*,53,292,56,130.00,75.42,25.30,2073,156353
807,807,,*MANUAL*,64,298,63,130.00,82.77,19.21,2103,174072
808,808,,*MANUAL*$381$339,63,278,52,107.00,45.30,20.67,4338,196513
809,809,,*MANUAL*,63,267,78,127.00,66.86,22.72,2069,138328
810,810,,*MANUAL*,74,271,74,158.00,88.07,36.56,1365,120220
811,811,,*MANUAL*,64,259,62,120.00,82.45,18.76,1926,158797
812,812,*NOUSE*,*NOUSE*,0,0,0,0,0,0,0,0
813,813,,*MANUAL*$812$359,63,231,81,104.00,40.58,24.07,2852,115721
814,814,,*MANUAL*,56,252,55,155.00,73.51,29.70,1291,94902
815,815,,*MANUAL*,67,252,54,149.00,88.11,18.41,1365,120264
816,816,,*MANUAL*,69,341,77,116.00,64.86,21.68,2103,136394
817,817,,*MANUAL*,69,319,58,128.00,60.74,27.05,2969,180332
818,818,,*MANUAL*$379$380,64,312,43,123.00,46.01,21.22,4150,190960
819,819,,*MANUAL*,74,328,46,134.00,63.26,30.04,2103,133034
820,820,,*MANUAL*,57,344,52,145.00,99.93,18.84,876,87539
821,821,,*MANUAL*,63,335,55,149.00,95.28,24.80,1365,130059
822,822,,*MANUAL*,63,482,36,142.00,62.77,32.82,2969,186370
823,823,,*MANUAL*,64,449,36,126.00,65.01,28.38,2969,193003
824,824,,*MANUAL*,60,1153,30,211.00,103.33,44.86,1977,204281
825,825,,*MANUAL*,70,1158,31,207.00,132.04,33.50,1365,180240
826,826,,*MANUAL*,68,1173,32,228.00,132.02,42.90,1351,178365
827,827,,*MANUAL*,58,1179,31,243.00,137.18,48.98,1365,187253
828,828,,*MANUAL*,65,1188,34,241.00,107.34,56.23,1365,146521
829,829,,*MANUAL*,64,1201,44,231.00,134.60,48.25,1299,174851
830,830,,*MANUAL*,75,1197,45,228.00,138.44,39.71,1365,188971
831,831,,*MANUAL*,53,1206,45,241.00,146.73,47.24,1307,191781
832,832,,*MANUAL*,43,1204,50,229.00,145.30,39.41,1365,198336
833,833,,*MANUAL*$621$622,88,904,57,97.00,33.19,17.13,6427,213301
834,834,,*MANUAL*,83,732,57,111.00,36.96,19.02,4139,152965
835,835,,*MANUAL*$586$587,82,611,54,85.00,31.17,13.87,5318,165760
836,836,,*MANUAL*$564$576,80,499,51,73.00,29.64,12.71,5416,160548
837,837,,*MANUAL*,83,719,76,139.00,79.01,18.78,1365,107854
838,838,,*MANUAL*$66$74,41,984,59,131.00,43.10,26.02,5855,252328
839,839,,*MANUAL*,38,744,57,139.00,45.88,24.73,3731,171172
840,840,,*MANUAL*$48$58,38,658,70,91.00,33.16,16.17,6170,204606
841,841,,*MANUAL*$132$147,46,448,59,91.00,28.24,12.75,6251,176520
842,842,,*MANUAL*,83,350,56,103.00,34.95,19.96,4139,144678
843,843,,*MANUAL*,86,1440,59,163.00,51.91,29.85,4139,214839
844,844,,*MANUAL*$640$641,90,1132,64,106.00,35.90,18.32,5744,206216
845,845,,*MANUAL*$629$619,86,1084,56,91.00,30.05,12.43,5851,175847
846,846,,*MANUAL*$624$638,87,1061,66,89.00,32.78,15.60,6444,211254
847,847,,*MANUAL*$643$642,89,964,71,89.00,31.06,15.00,6061,188258
848,848,,*MANUAL*$628$605,85,863,78,83.00,29.63,13.62,6670,197600
849,849,,*MANUAL*$581$570,81,782,85,90.00,30.99,14.90,6335,196324
850,850,,*MANUAL*,82,608,78,72.00,23.44,12.22,4139,97004
851,851,,*MANUAL*,78,487,79,60.00,18.65,11.77,4139,77206
852,852,,*MANUAL*,43,844,88,206.00,123.30,35.09,1217,150051
853,853,,*MANUAL*,42,771,73,210.00,113.10,35.56,1365,154380
854,854,,*MANUAL*$42$37,36,1123,81,147.00,55.40,30.02,5208,288511
855,855,,*MANUAL*,36,1036,66,138.00,43.27,24.86,4139,179096
856,856,,*MANUAL*$89$90,43,919,77,106.00,37.22,19.84,6342,236069
857,857,,*MANUAL*$99$107,43,607,85,87.00,29.05,13.53,5484,159298
858,858,,*MANUAL*,43,494,75,78.00,24.37,13.73,4139,100860
859,859,,*MANUAL*,56,313,74,133.00,66.56,25.67,1674,111417
860,860,,*MANUAL*,49,310,79,115.00,30.62,23.17,2969,90925
861,861,,*MANUAL*,79,1512,56,166.00,52.16,32.38,2969,154861
862,862,,*MANUAL*$545$538,78,1378,40,143.00,56.25,24.55,3470,195199
863,863,,*MANUAL*$503$491,73,1322,33,178.00,58.14,35.87,3262,189659
864,864,,*MANUAL*,70,1207,32,172.00,81.47,37.15,2103,171331
865,865,,*MANUAL*$504$527,77,908,37,152.00,46.48,31.05,5695,264731
866,866,,*MANUAL*$424$425,70,861,35,177.00,51.15,34.97,5271,269605
867,867,,*MANUAL*$441$464,72,795,39,157.00,48.33,31.63,5945,287342
868,868,,*MANUAL*,77,715,50,174.00,74.02,37.19,2969,219753
869,869,,*MANUAL*$444$442,72,647,45,124.00,43.14,26.34,5435,234484
870,870,,*MANUAL*$550$557,78,1508,82,126.00,47.86,26.00,5975,285980
871,871,,*MANUAL*$513$501,75,1470,86,138.00,50.59,24.21,5157,260885
872,872,,*MANUAL*$502$524,74,1434,91,153.00,54.21,27.25,4838,262281
873,873,*NOUSE*,*NOUSE*,0,0,0,0,0,0,0,0
874,874,,*MANUAL*$873$572,80,1383,88,172.00,65.09,31.69,3296,214550
875,875,,*MANUAL*,69,1325,97,183.00,75.26,31.20,2037,153313
876,876,,*MANUAL*,77,1319,88,148.00,74.02,24.72,2103,155654
877,877,,*MANUAL*$461$452,70,1202,102,159.00,67.24,32.37,4809,323369
878,878,,*MANUAL*,58,1216,98,198.00,111.49,38.84,2103,234458
879,879,,*MANUAL*$451$439,72,1106,96,172.00,54.31,34.67,5869,318774
880,880,,*MANUAL*$526$515,77,1059,98,147.00,44.97,27.48,5958,267960
881,881,,*MANUAL*$525$490,76,999,95,188.00,50.66,36.32,5536,280442
882,882,,*MANUAL*,79,937,95,135.00,54.24,34.31,4139,224512
883,883,,*MANUAL*$479$450,72,867,97,176.00,49.36,35.11,4965,245096
884,884,,*MANUAL*$419$399,67,456,83,99.00,36.74,17.63,3541,130105
885,885,,*MANUAL*,69,416,84,123.00,43.87,26.50,2969,130245
886,886,,*MANUAL*$95$83,42,1383,42,158.00,62.27,33.12,3341,208046
887,887,,*MANUAL*,48,1318,35,193.00,84.20,46.38,2103,177071
888,888,*NOUSE*,*NOUSE*,0,0,0,0,0,0,0,0
889,889,,*MANUAL*$888$212,54,988,33,165.00,48.75,33.92,3991,194558
890,890,,*MANUAL*,46,974,41,232.00,126.08,44.02,1113,140332
891,891,,*MANUAL*,49,966,44,216.00,123.19,43.41,1365,168151
892,892,,*MANUAL*$182$165,49,880,37,165.00,49.60,32.60,5201,257953
893,893,*NOUSE*,*NOUSE*,0,0,0,0,0,0,0,0
894,894,,*MANUAL*$893$94,46,819,40,165.00,54.08,33.48,5009,270874
895,895,,*MANUAL*,47,752,51,143.00,62.67,27.94,4137,259278
896,896,*NOUSE*,*NOUSE*,0,0,0,0,0,0,0,0
897,897,,*MANUAL*$353$896,54,725,54,163.00,43.61,25.65,12988,566360
898,898,,*MANUAL*,43,500,54,106.00,31.47,22.03,4139,130246
899,899,,*MANUAL*,50,517,49,121.00,51.65,25.97,2969,153362
900,900,,*MANUAL*$241$240,53,433,43,109.00,39.10,21.24,4858,189969
901,901,,*MANUAL*$108$81$92,42,1511,85,171.00,52.30,30.81,5663,296173
902,902,,*MANUAL*,45,1472,89,234.00,82.63,44.35,2969,245342
903,903,,*MANUAL*$154$155,46,1429,92,177.00,64.13,34.55,4638,297428
904,904,,*MANUAL*$62$72,40,1395,87,179.00,72.11,40.15,2832,204219
905,905,,*MANUAL*,49,1202,102,189.00,77.42,42.85,2969,229860
906,906,,*MANUAL*$197$198$178,50,1110,99,205.00,58.22,39.68,5810,338286
907,907,,*MANUAL*$181$180$199,50,1069,101,166.00,52.34,36.17,6612,346057
908,908,,*MANUAL*$235$232,54,1022,96,183.00,55.84,41.66,5014,279963
909,909,,*MANUAL*$206$195,50,957,96,178.00,52.45,38.37,6021,315825
910,910,,*MANUAL*,50,852,95,175.00,70.71,38.95,2969,209925
911,911,,*MANUAL*$179$177,49,705,96,179.00,48.60,32.57,4190,203624
912,912,,*MANUAL*$220$248,53,494,86,106.00,38.11,19.48,3609,137549
913,913,,*MANUAL*$410$409,70,542,47,109.00,35.61,17.79,4801,170969
914,914,,*MANUAL*$566$579,81,656,61,76.00,28.59,12.83,5817,166326
915,915,,*MANUAL*,77,1227,68,196.00,109.16,37.00,2103,229554
916,916,,*MANUAL*,77,1212,61,176.00,90.34,30.77,2103,189993
917,917,,*MANUAL*,43,1234,63,235.00,101.13,56.09,2969,300248
918,918,,*MANUAL*,72,1292,57,232.00,147.05,34.80,799,117489
919,919,,*MANUAL*,68,1295,50,252.00,169.03,37.43,895,151283
920,920,,*MANUAL*,53,1293,52,251.00,171.58,41.83,881,151161
921,921,,*MANUAL*,47,1293,61,251.00,170.00,40.50,895,152148
922,922,,*MANUAL*,45,1267,53,235.00,164.90,32.90,895,147583
923,923,f1,*MANUAL*,58,1616,70, 9.00, 2.25, 1.51,895,2015
924,924,f2,*MANUAL*,59,1488,63,82.00,20.24,11.00,895,18113
925,925,f3,*MANUAL*,60,1420,62,91.00,29.66,12.88,895,26548
926,926,f4,*MANUAL*,60,1345,61,34.00,17.55, 3.75,895,15708
927,927,f5,*MANUAL*,60,1291,60,88.00,31.44,10.23,895,28142
928,928,f6,*MANUAL*,60,1244,60,34.00,13.86, 3.82,895,12403
929,929,f7,*MANUAL*,58,1168,71,53.00,16.31, 5.24,895,14601
930,930,f8,*MANUAL*,58,1082,63,19.00, 8.93, 2.12,895,7991
931,931,f9,*MANUAL*,58,964,66,12.00, 4.83, 1.92,895,4325
932,932,f10,*MANUAL*,58,890,65,14.00, 4.50, 2.16,895,4026
