0,0,*NOUSE*,*NOUSE*,0,0,0,0,0,0,0,0
1,1,*NOUSE*,*NOUSE*,0,0,0,0,0,0,0,0
2,2,*NOUSE*,*NOUSE*,0,0,0,0,0,0,0,0
3,3,,,36,1149,50,165.00,52.90,31.89,4190,221644
4,4,*NOUSE*,*NOUSE*,0,0,0,0,0,0,0,0
5,5,*NOUSE*,*NOUSE*,0,0,0,0,0,0,0,0
6,6,*NOUSE*,*NOUSE*,0,0,0,0,0,0,0,0
7,7,*NOUSE*,*NOUSE*,0,0,0,0,0,0,0,0
8,8,*NOUSE*,*NOUSE*,0,0,0,0,0,0,0,0
9,9,*NOUSE*,*NOUSE*,0,0,0,0,0,0,0,0
10,10,,,36,1294,71,171.00,59.32,33.93,3389,201049
11,11,*NOUSE*,*NOUSE*,0,0,0,0,0,0,0,0
12,12,,,38,1165,46,167.00,60.18,37.95,3563,214423
13,13,*NOUSE*,*NOUSE*,0,0,0,0,0,0,0,0
14,14,*NOUSE*,*NOUSE*,0,0,0,0,0,0,0,0
15,15,,,38,1254,58,131.00,63.69,28.96,3614,230175
16,16,*NOUSE*,*NOUSE*,0,0,0,0,0,0,0,0
17,17,*NOUSE*,*NOUSE*,0,0,0,0,0,0,0,0
18,18,*NOUSE*,*NOUSE*,0,0,0,0,0,0,0,0
19,19,,,37,1279,72,152.00,63.61,33.81,3895,247767
20,20,*NOUSE*,*NOUSE*,0,0,0,0,0,0,0,0
21,21,*NOUSE*,*NOUSE*,0,0,0,0,0,0,0,0
22,22,*NOUSE*,*NOUSE*,0,0,0,0,0,0,0,0
23,23,,,37,1070,52,75.00,31.23,13.07,5359,167349
24,24,*NOUSE*,*NOUSE*,0,0,0,0,0,0,0,0
25,25,*NOUSE*,*NOUSE*,0,0,0,0,0,0,0,0
26,26,*NOUSE*,*NOUSE*,0,0,0,0,0,0,0,0
27,27,*NOUSE*,*NOUSE*,0,0,0,0,0,0,0,0
28,28,*NOUSE*,*NOUSE*,0,0,0,0,0,0,0,0
29,29,*NOUSE*,*NOUSE*,0,0,0,0,0,0,0,0
30,30,*NOUSE*,*NOUSE*,0,0,0,0,0,0,0,0
31,31,,,38,1178,72,157.00,68.48,36.70,3884,265979
32,32,*NOUSE*,*NOUSE*,0,0,0,0,0,0,0,0
33,33,,,35,980,78,79.00,28.94,12.78,5522,159799
34,34,*NOUSE*,*NOUSE*,0,0,0,0,0,0,0,0
35,35,,,38,1189,81,166.00,69.40,36.60,3794,263314
36,36,*NOUSE*,*NOUSE*,0,0,0,0,0,0,0,0
37,37,,,39,1196,49,169.00,71.31,36.51,3256,232193
38,38,,,38,849,45,108.00,38.55,21.63,3949,152228
39,39,,,39,1182,49,177.00,72.60,40.23,3166,229856
40,40,*NOUSE*,*NOUSE*,0,0,0,0,0,0,0,0
41,41,*NOUSE*,*NOUSE*,0,0,0,0,0,0,0,0
42,42,,,39,1170,60,182.00,75.51,42.88,2950,222754
43,43,,,39,677,57,109.00,35.60,18.66,5372,191270
44,44,*NOUSE*,*NOUSE*,0,0,0,0,0,0,0,0
45,45,*NOUSE*,*NOUSE*,0,0,0,0,0,0,0,0
46,46,,,41,756,63,155.00,46.47,31.79,5362,249184
47,47,,,39,1457,76,143.00,51.23,29.11,4996,255950
48,48,*NOUSE*,*NOUSE*,0,0,0,0,0,0,0,0
49,49,*NOUSE*,*NOUSE*,0,0,0,0,0,0,0,0
50,50,,,38,1232,89,184.00,70.95,36.98,3868,274433
51,51,*NOUSE*,*NOUSE*,0,0,0,0,0,0,0,0
52,52,,,39,787,48,89.00,30.97,14.82,5559,172174
53,53,,,40,1459,60,188.00,61.67,41.45,4133,254876
54,54,,,38,1213,70,120.00,57.06,21.77,3900,222525
55,55,*NOUSE*,*NOUSE*,0,0,0,0,0,0,0,0
56,56,,,41,1315,71,177.00,71.17,38.40,3406,242392
57,57,,,37,877,74,95.00,27.70,12.58,5762,159618
58,58,*NOUSE*,*NOUSE*,0,0,0,0,0,0,0,0
59,59,,,41,1315,84,179.00,64.83,34.90,3591,232800
60,60,,,40,818,85,142.00,48.22,32.28,4366,210525
61,61,*NOUSE*,*NOUSE*,0,0,0,0,0,0,0,0
62,62,,,39,1271,91,193.00,78.37,40.84,3613,283168
63,63,*NOUSE*,*NOUSE*,0,0,0,0,0,0,0,0
64,64,*NOUSE*,*NOUSE*,34,1320,89,107.00,46.86,20.39,101,4733
65,65,*NOUSE*,*NOUSE*,0,0,0,0,0,0,0,0
66,66,,,40,1235,49,169.00,71.78,37.32,3358,241021
67,67,,,41,1104,54,195.00,55.91,37.24,3627,202801
68,68,,,42,1442,55,174.00,61.83,35.19,4199,259611
69,69,,,42,1424,51,157.00,65.45,35.15,3266,213768
70,70,*NOUSE*,*NOUSE*,0,0,0,0,0,0,0,0
71,71,,,39,1235,68,134.00,58.56,23.82,2786,163158
72,72,*NOUSE*,*NOUSE*,0,0,0,0,0,0,0,0
73,73,*NOUSE*,*NOUSE*,0,0,0,0,0,0,0,0
74,74,*NOUSE*,*NOUSE*,0,0,0,0,0,0,0,0
75,75,*NOUSE*,*NOUSE*,0,0,0,0,0,0,0,0
76,76,,,42,1363,85,198.00,70.92,42.37,3781,268142
77,77,*NOUSE*,*NOUSE*,0,0,0,0,0,0,0,0
78,78,,,41,1216,49,124.00,65.45,25.31,2902,189949
79,79,*NOUSE*,*NOUSE*,0,0,0,0,0,0,0,0
80,80,,,41,1297,51,178.00,61.26,35.69,3477,212984
81,81,,,41,1283,53,202.00,81.60,42.17,2703,220572
82,82,,,42,1350,54,215.00,83.38,47.16,2967,247384
83,83,,,41,624,55,102.00,37.77,21.00,5526,208694
84,84,,,40,576,63,100.00,33.06,18.11,6822,225546
85,85,*NOUSE*,*NOUSE*,0,0,0,0,0,0,0,0
86,86,*NOUSE*,*NOUSE*,0,0,0,0,0,0,0,0
87,87,*NOUSE*,*NOUSE*,0,0,0,0,0,0,0,0
88,88,*NOUSE*,*NOUSE*,0,0,0,0,0,0,0,0
89,89,*NOUSE*,*NOUSE*,0,0,0,0,0,0,0,0
90,90,,,43,1481,49,145.00,58.38,29.61,1913,111685
91,91,*NOUSE*,*NOUSE*,0,0,0,0,0,0,0,0
92,92,*NOUSE*,*NOUSE*,0,0,0,0,0,0,0,0
93,93,*NOUSE*,*NOUSE*,0,0,0,0,0,0,0,0
94,94,,,46,1246,69,171.00,72.25,33.90,4174,301581
95,95,*NOUSE*,*NOUSE*,0,0,0,0,0,0,0,0
96,96,*NOUSE*,*NOUSE*,0,0,0,0,0,0,0,0
97,97,*NOUSE*,*NOUSE*,0,0,0,0,0,0,0,0
98,98,*NOUSE*,*NOUSE*,0,0,0,0,0,0,0,0
99,99,*NOUSE*,*NOUSE*,0,0,0,0,0,0,0,0
100,100,*NOUSE*,*NOUSE*,0,0,0,0,0,0,0,0
101,101,,,43,1078,103,148.00,47.04,26.79,4795,225573
102,102,*NOUSE*,*NOUSE*,0,0,0,0,0,0,0,0
103,103,*NOUSE*,*NOUSE*,0,0,0,0,0,0,0,0
104,104,*NOUSE*,*NOUSE*,0,0,0,0,0,0,0,0
105,105,*NOUSE*,*NOUSE*,0,0,0,0,0,0,0,0
106,106,,,44,700,47,172.00,51.13,36.96,3970,202969
107,107,,,42,505,52,124.00,43.99,26.26,2867,126121
108,108,,,42,527,67,96.00,31.51,16.15,6120,192848
109,109,,,45,1345,74,166.00,76.62,35.35,2691,206175
110,110,*NOUSE*,*NOUSE*,0,0,0,0,0,0,0,0
111,111,,,44,1246,86,152.00,72.77,33.36,3340,243055
112,112,,,42,506,87,98.00,31.04,15.70,6089,189005
113,113,,,45,1150,93,194.00,73.55,43.14,4147,305014
114,114,,,44,1282,101,197.00,84.41,46.71,3602,304032
115,115,*NOUSE*,*NOUSE*,0,0,0,0,0,0,0,0
116,116,*NOUSE*,*NOUSE*,0,0,0,0,0,0,0,0
117,117,,,46,987,40,181.00,50.11,37.98,3601,180433
118,118,,,44,1338,55,188.00,83.28,41.73,2645,220288
119,119,*NOUSE*,*NOUSE*,0,0,0,0,0,0,0,0
120,120,*NOUSE*,*NOUSE*,0,0,0,0,0,0,0,0
121,121,,,46,1270,68,188.00,83.67,39.35,2869,240037
122,122,*NOUSE*,*NOUSE*,0,0,0,0,0,0,0,0
123,123,,,46,1116,75,183.00,60.43,39.66,4073,246126
124,124,,,45,1163,79,166.00,63.62,31.71,3680,234107
125,125,,,43,1453,91,149.00,60.96,30.70,2195,133800
126,126,*NOUSE*,*NOUSE*,0,0,0,0,0,0,0,0
127,127,,,45,1036,89,86.00,32.23,15.39,6925,223179
128,128,*NOUSE*,*NOUSE*,0,0,0,0,0,0,0,0
129,129,*NOUSE*,*NOUSE*,0,0,0,0,0,0,0,0
130,130,*NOUSE*,*NOUSE*,0,0,0,0,0,0,0,0
131,131,*NOUSE*,*NOUSE*,0,0,0,0,0,0,0,0
132,132,,,46,971,39,170.00,49.96,37.10,3678,183768
133,133,,,46,1297,39,136.00,53.15,27.46,4014,213337
134,134,*NOUSE*,*NOUSE*,0,0,0,0,0,0,0,0
135,135,*NOUSE*,*NOUSE*,0,0,0,0,0,0,0,0
136,136,*NOUSE*,*NOUSE*,0,0,0,0,0,0,0,0
137,137,*NOUSE*,*NOUSE*,0,0,0,0,0,0,0,0
138,138,,,45,1191,94,203.00,88.86,43.08,3136,278651
139,139,*NOUSE*,*NOUSE*,0,0,0,0,0,0,0,0
140,140,*NOUSE*,*NOUSE*,0,0,0,0,0,0,0,0
141,141,*NOUSE*,*NOUSE*,0,0,0,0,0,0,0,0
142,142,*NOUSE*,*NOUSE*,0,0,0,0,0,0,0,0
143,143,*NOUSE*,*NOUSE*,0,0,0,0,0,0,0,0
144,144,*NOUSE*,*NOUSE*,0,0,0,0,0,0,0,0
145,145,*NOUSE*,*NOUSE*,0,0,0,0,0,0,0,0
146,146,*NOUSE*,*NOUSE*,0,0,0,0,0,0,0,0
147,147,,,48,606,47,144.00,47.42,31.97,4987,236490
148,148,,,47,1125,59,127.00,50.93,23.42,4241,215982
149,149,,,48,1223,62,167.00,71.03,34.30,3484,247473
150,150,*NOUSE*,*NOUSE*,0,0,0,0,0,0,0,0
151,151,,,47,348,69,156.00,51.16,34.82,4404,225319
152,152,*NOUSE*,*NOUSE*,0,0,0,0,0,0,0,0
153,153,*NOUSE*,*NOUSE*,0,0,0,0,0,0,0,0
154,154,*NOUSE*,*NOUSE*,0,0,0,0,0,0,0,0
155,155,*NOUSE*,*NOUSE*,0,0,0,0,0,0,0,0
156,156,*NOUSE*,*NOUSE*,0,0,0,0,0,0,0,0
157,157,*NOUSE*,*NOUSE*,0,0,0,0,0,0,0,0
158,158,*NOUSE*,*NOUSE*,0,0,0,0,0,0,0,0
159,159,,,49,1419,39,151.00,57.82,32.66,3523,203713
160,160,*NOUSE*,*NOUSE*,0,0,0,0,0,0,0,0
161,161,*NOUSE*,*NOUSE*,0,0,0,0,0,0,0,0
162,162,*NOUSE*,*NOUSE*,0,0,0,0,0,0,0,0
163,163,*NOUSE*,*NOUSE*,0,0,0,0,0,0,0,0
164,164,,,47,323,70,160.00,53.08,34.33,4480,237799
165,165,,,49,303,74,167.00,58.50,39.12,3797,222127
166,166,*NOUSE*,*NOUSE*,0,0,0,0,0,0,0,0
167,167,*NOUSE*,*NOUSE*,0,0,0,0,0,0,0,0
168,168,*NOUSE*,*NOUSE*,0,0,0,0,0,0,0,0
169,169,,,48,1356,98,189.00,70.80,39.69,3808,269619
170,170,*NOUSE*,*NOUSE*,0,0,0,0,0,0,0,0
171,171,*NOUSE*,*NOUSE*,0,0,0,0,0,0,0,0
172,172,*NOUSE*,*NOUSE*,0,0,0,0,0,0,0,0
173,173,,,49,1059,37,127.00,44.16,24.84,4269,188506
174,174,,,48,1175,43,177.00,81.95,35.78,2602,213229
175,175,,,48,1348,43,208.00,88.83,47.10,2287,203143
176,176,,,50,1023,48,88.00,34.10,15.00,4599,156806
177,177,*NOUSE*,*NOUSE*,0,0,0,0,0,0,0,0
178,178,,,49,448,47,148.00,50.33,33.39,2775,139652
179,179,*NOUSE*,*NOUSE*,0,0,0,0,0,0,0,0
180,180,*NOUSE*,*NOUSE*,0,0,0,0,0,0,0,0
181,181,,,47,1207,59,155.00,76.11,31.06,2899,220647
182,182,,,50,1554,61,150.00,46.74,31.63,5227,244288
183,183,,,48,1150,64,146.00,57.95,24.99,3770,218478
184,184,,,49,307,62,171.00,60.03,40.10,3597,215930
185,185,*NOUSE*,*NOUSE*,0,0,0,0,0,0,0,0
186,186,*NOUSE*,*NOUSE*,0,0,0,0,0,0,0,0
187,187,*NOUSE*,*NOUSE*,0,0,0,0,0,0,0,0
188,188,*NOUSE*,*NOUSE*,0,0,0,0,0,0,0,0
189,189,*NOUSE*,*NOUSE*,0,0,0,0,0,0,0,0
190,190,*NOUSE*,*NOUSE*,0,0,0,0,0,0,0,0
191,191,*NOUSE*,*NOUSE*,0,0,0,0,0,0,0,0
192,192,*NOUSE*,*NOUSE*,0,0,0,0,0,0,0,0
193,193,*NOUSE*,*NOUSE*,0,0,0,0,0,0,0,0
194,194,,,51,1104,38,136.00,52.05,29.06,3713,193244
195,195,,,48,1186,37,165.00,77.84,36.11,2755,214439
196,196,*NOUSE*,*NOUSE*,0,0,0,0,0,0,0,0
197,197,*NOUSE*,*NOUSE*,0,0,0,0,0,0,0,0
198,198,,,47,1188,56,182.00,91.51,36.92,1799,164621
199,199,,,49,1229,81,171.00,73.56,35.73,3388,249234
200,200,*NOUSE*,*NOUSE*,0,0,0,0,0,0,0,0
201,201,*NOUSE*,*NOUSE*,0,0,0,0,0,0,0,0
202,202,*NOUSE*,*NOUSE*,0,0,0,0,0,0,0,0
203,203,*NOUSE*,*NOUSE*,0,0,0,0,0,0,0,0
204,204,*NOUSE*,*NOUSE*,0,0,0,0,0,0,0,0
205,205,*NOUSE*,*NOUSE*,0,0,0,0,0,0,0,0
206,206,*NOUSE*,*NOUSE*,0,0,0,0,0,0,0,0
207,207,,,50,1260,37,185.00,76.66,40.51,2859,219178
208,208,,,53,1006,34,136.00,47.57,28.94,3714,176684
209,209,,,51,760,35,144.00,46.40,30.09,4370,202766
210,210,*NOUSE*,*NOUSE*,0,0,0,0,0,0,0,0
211,211,,,49,1277,39,176.00,80.03,41.23,2274,181998
212,212,*NOUSE*,*NOUSE*,0,0,0,0,0,0,0,0
213,213,*NOUSE*,*NOUSE*,0,0,0,0,0,0,0,0
214,214,,,51,341,56,165.00,60.37,36.37,4118,248614
215,215,,,49,1368,58,187.00,71.38,38.71,3182,227147
216,216,*NOUSE*,*NOUSE*,0,0,0,0,0,0,0,0
217,217,*NOUSE*,*NOUSE*,0,0,0,0,0,0,0,0
218,218,,,51,1104,91,145.00,51.72,28.81,5217,269832
219,219,,,52,1086,89,148.00,54.83,31.41,4964,272162
220,220,*NOUSE*,*NOUSE*,0,0,0,0,0,0,0,0
221,221,,,49,1199,106,158.00,70.90,32.70,3507,248641
222,222,*NOUSE*,*NOUSE*,0,0,0,0,0,0,0,0
223,223,,,51,1334,40,239.00,88.48,49.01,2695,238449
224,224,*NOUSE*,*NOUSE*,0,0,0,0,0,0,0,0
225,225,*NOUSE*,*NOUSE*,0,0,0,0,0,0,0,0
226,226,,,49,1462,57,173.00,62.39,35.16,3504,218628
227,227,*NOUSE*,*NOUSE*,0,0,0,0,0,0,0,0
228,228,,,50,1442,63,146.00,59.55,29.47,3124,186025
229,229,*NOUSE*,*NOUSE*,0,0,0,0,0,0,0,0
230,230,,,53,690,76,69.00,26.74,10.68,6793,181648
231,231,*NOUSE*,*NOUSE*,0,0,0,0,0,0,0,0
232,232,,,53,362,76,166.00,51.06,33.42,4554,232514
233,233,*NOUSE*,*NOUSE*,0,0,0,0,0,0,0,0
234,234,*NOUSE*,*NOUSE*,0,0,0,0,0,0,0,0
235,235,,,52,1250,98,153.00,68.54,33.10,4256,291694
236,236,*NOUSE*,*NOUSE*,0,0,0,0,0,0,0,0
237,237,,,51,1203,43,185.00,84.43,38.05,2782,234897
238,238,,,58,1085,52,181.00,64.62,39.11,3082,199151
239,239,*NOUSE*,*NOUSE*,0,0,0,0,0,0,0,0
240,240,,,51,1425,60,170.00,64.36,34.66,3255,209484
241,241,,,53,405,61,88.00,35.53,16.94,4540,161319
242,242,,,55,258,75,174.00,62.37,40.24,3898,243118
243,243,,,53,271,82,171.00,54.40,38.66,3945,214599
244,244,*NOUSE*,*NOUSE*,0,0,0,0,0,0,0,0
245,245,,,53,1514,98,204.00,67.13,45.71,4318,289856
246,246,*NOUSE*,*NOUSE*,0,0,0,0,0,0,0,0
247,247,*NOUSE*,*NOUSE*,0,0,0,0,0,0,0,0
248,248,*NOUSE*,*NOUSE*,0,0,0,0,0,0,0,0
249,249,*NOUSE*,*NOUSE*,0,0,0,0,0,0,0,0
250,250,*NOUSE*,*NOUSE*,0,0,0,0,0,0,0,0
251,251,*NOUSE*,*NOUSE*,0,0,0,0,0,0,0,0
252,252,*NOUSE*,*NOUSE*,0,0,0,0,0,0,0,0
253,253,,,49,1168,60,229.00,104.32,48.19,2602,271452
254,254,,,54,380,55,176.00,60.16,41.12,4167,250667
255,255,,,54,495,59,89.00,33.50,14.65,5442,182307
256,256,,,50,1180,70,188.00,81.74,32.27,3260,266476
257,257,,,54,266,63,169.00,56.44,36.05,4164,234999
258,258,,,54,241,69,154.00,51.07,36.24,4070,207847
259,259,*NOUSE*,*NOUSE*,0,0,0,0,0,0,0,0
260,260,*NOUSE*,*NOUSE*,0,0,0,0,0,0,0,0
261,261,,,55,990,95,73.00,31.90,13.18,7862,250764
262,262,,,53,1228,95,159.00,71.47,32.47,4124,294733
263,263,*NOUSE*,*NOUSE*,0,0,0,0,0,0,0,0
264,264,*NOUSE*,*NOUSE*,0,0,0,0,0,0,0,0
265,265,,,54,1378,50,175.00,68.54,33.16,3640,249477
266,266,,,55,1110,56,217.00,76.06,44.64,3341,254125
267,267,*NOUSE*,*NOUSE*,0,0,0,0,0,0,0,0
268,268,*NOUSE*,*NOUSE*,0,0,0,0,0,0,0,0
269,269,*NOUSE*,*NOUSE*,0,0,0,0,0,0,0,0
270,270,,,55,161,69,135.00,45.45,27.96,4530,205910
271,271,*NOUSE*,*NOUSE*,0,0,0,0,0,0,0,0
272,272,*NOUSE*,*NOUSE*,47,1394,78,86.00,47.90,12.97,89,4263
273,273,*NOUSE*,*NOUSE*,0,0,0,0,0,0,0,0
274,274,,,55,1418,103,187.00,65.18,38.19,5064,330064
275,275,*NOUSE*,*NOUSE*,0,0,0,0,0,0,0,0
276,276,*NOUSE*,*NOUSE*,0,0,0,0,0,0,0,0
277,277,*NOUSE*,*NOUSE*,0,0,0,0,0,0,0,0
278,278,,,59,1095,51,227.00,86.82,46.81,3156,273989
279,279,*NOUSE*,*NOUSE*,0,0,0,0,0,0,0,0
280,280,*NOUSE*,*NOUSE*,0,0,0,0,0,0,0,0
281,281,,,54,1342,56,222.00,79.00,46.41,3222,254535
282,282,,,57,788,79,61.00,26.84, 9.76,6601,177175
283,283,*NOUSE*,*NOUSE*,0,0,0,0,0,0,0,0
284,284,,,56,1175,96,227.00,89.57,45.51,3834,343416
285,285,*NOUSE*,*NOUSE*,0,0,0,0,0,0,0,0
286,286,,,57,1166,36,227.00,97.03,50.33,2325,225590
287,287,,,56,1464,40,212.00,73.56,43.71,3229,237511
288,288,,,56,1446,40,187.00,69.01,40.94,3083,212747
289,289,,,54,1200,70,129.00,69.10,22.40,2312,159751
290,290,,,55,123,67,107.00,39.45,21.61,3706,146213
291,291,*NOUSE*,*NOUSE*,0,0,0,0,0,0,0,0
292,292,*NOUSE*,*NOUSE*,0,0,0,0,0,0,0,0
293,293,,,58,251,84,136.00,47.06,30.07,3253,153081
294,294,*NOUSE*,*NOUSE*,0,0,0,0,0,0,0,0
295,295,,,57,937,90,61.00,27.74, 9.64,7528,208827
296,296,*NOUSE*,*NOUSE*,0,0,0,0,0,0,0,0
297,297,,,55,1154,99,159.00,71.25,34.42,3946,281138
298,298,*NOUSE*,*NOUSE*,0,0,0,0,0,0,0,0
299,299,*NOUSE*,*NOUSE*,0,0,0,0,0,0,0,0
300,300,*NOUSE*,*NOUSE*,0,0,0,0,0,0,0,0
301,301,,,58,1305,108,197.00,70.69,41.63,4926,348238
302,302,,,57,826,47,76.00,24.92, 8.04,5946,148196
303,303,*NOUSE*,*NOUSE*,0,0,0,0,0,0,0,0
304,304,,,58,1193,43,213.00,94.54,43.41,2975,281261
305,305,*NOUSE*,*NOUSE*,0,0,0,0,0,0,0,0
306,306,,,56,96,74,128.00,41.40,25.24,3571,147834
307,307,,,55,1450,78,127.00,54.27,25.47,2715,147348
308,308,,,58,207,77,155.00,46.58,32.40,3850,179337
309,309,*NOUSE*,*NOUSE*,0,0,0,0,0,0,0,0
310,310,*NOUSE*,*NOUSE*,0,0,0,0,0,0,0,0
311,311,*NOUSE*,*NOUSE*,0,0,0,0,0,0,0,0
312,312,,,57,1557,99,177.00,56.28,38.37,4352,244951
313,313,*NOUSE*,*NOUSE*,0,0,0,0,0,0,0,0
314,314,*NOUSE*,*NOUSE*,0,0,0,0,0,0,0,0
315,315,,,60,500,46,189.00,56.35,44.69,4366,246018
316,316,,,59,905,51,59.00,25.81, 8.34,5451,140678
317,317,,,59,185,68,146.00,47.03,31.50,3739,175844
318,318,*NOUSE*,*NOUSE*,0,0,0,0,0,0,0,0
319,319,,,60,862,83,69.00,27.01, 9.75,7586,204888
320,320,,,58,1551,88,145.00,47.65,29.38,5427,258601
321,321,*NOUSE*,*NOUSE*,0,0,0,0,0,0,0,0
322,322,,,59,1364,89,228.00,81.68,45.78,3693,301646
323,323,,,60,1534,99,201.00,64.43,45.93,4107,264623
324,324,*NOUSE*,*NOUSE*,0,0,0,0,0,0,0,0
325,325,*NOUSE*,*NOUSE*,0,0,0,0,0,0,0,0
326,326,,,60,915,32,159.00,47.35,34.34,4307,203945
327,327,*NOUSE*,*NOUSE*,0,0,0,0,0,0,0,0
328,328,,,60,570,41,201.00,58.92,46.08,4526,266679
329,329,,,59,468,45,175.00,56.81,41.67,4196,238366
330,330,,,60,1154,55,181.00,76.92,37.61,2929,225304
331,331,*NOUSE*,*NOUSE*,0,0,0,0,0,0,0,0
332,332,,,61,1098,61,189.00,78.72,40.63,2813,221436
333,333,,,57,68,75,120.00,42.74,26.25,3292,140700
334,334,*NOUSE*,*NOUSE*,0,0,0,0,0,0,0,0
335,335,*NOUSE*,*NOUSE*,0,0,0,0,0,0,0,0
336,336,*NOUSE*,*NOUSE*,0,0,0,0,0,0,0,0
337,337,*NOUSE*,*NOUSE*,0,0,0,0,0,0,0,0
338,338,*NOUSE*,*NOUSE*,0,0,0,0,0,0,0,0
339,339,*NOUSE*,*NOUSE*,0,0,0,0,0,0,0,0
340,340,,,57,1282,107,204.00,91.04,44.73,3608,328488
341,341,,,60,1180,33,210.00,99.76,48.36,2421,241511
342,342,*NOUSE*,*NOUSE*,0,0,0,0,0,0,0,0
343,343,*NOUSE*,*NOUSE*,0,0,0,0,0,0,0,0
344,344,,,60,1605,56,167.00,51.37,36.14,4375,224750
345,345,,,61,300,62,155.00,56.64,35.35,3829,216877
346,346,,,61,216,62,142.00,45.13,30.55,4415,199271
347,347,*NOUSE*,*NOUSE*,0,0,0,0,0,0,0,0
348,348,*NOUSE*,*NOUSE*,0,0,0,0,0,0,0,0
349,349,,,61,1340,77,189.00,74.87,38.44,4220,315962
350,350,*NOUSE*,*NOUSE*,0,0,0,0,0,0,0,0
351,351,,,60,305,79,139.00,60.98,32.31,3662,223308
352,352,,,60,1611,91,164.00,51.27,34.84,4495,230470
353,353,*NOUSE*,*NOUSE*,0,0,0,0,0,0,0,0
354,354,*NOUSE*,*NOUSE*,0,0,0,0,0,0,0,0
355,355,*NOUSE*,*NOUSE*,0,0,0,0,0,0,0,0
356,356,,,62,817,28,163.00,49.52,35.08,4273,211619
357,357,,,60,944,33,165.00,55.53,38.22,3852,213888
358,358,,,61,836,30,157.00,49.63,35.60,3192,158406
359,359,,,61,985,34,179.00,51.23,38.26,3975,203620
360,360,,,62,748,31,141.00,49.53,32.66,3912,193771
361,361,,,61,1299,37,165.00,59.52,33.32,3346,199151
362,362,,,62,715,34,188.00,54.40,41.24,3248,176707
363,363,*NOUSE*,*NOUSE*,0,0,0,0,0,0,0,0
364,364,,,61,601,41,192.00,54.34,42.26,4563,247946
365,365,,,60,443,45,188.00,63.73,44.88,4002,255044
366,366,,,61,1531,47,190.00,56.51,38.25,3543,200198
367,367,,,60,1571,48,148.00,47.78,30.63,4662,222758
368,368,*NOUSE*,*NOUSE*,0,0,0,0,0,0,0,0
369,369,,,62,595,57,75.00,29.10,12.88,6470,188262
370,370,*NOUSE*,*NOUSE*,0,0,0,0,0,0,0,0
371,371,*NOUSE*,*NOUSE*,0,0,0,0,0,0,0,0
372,372,*NOUSE*,*NOUSE*,0,0,0,0,0,0,0,0
373,373,*NOUSE*,*NOUSE*,0,0,0,0,0,0,0,0
374,374,,,60,342,89,197.00,64.99,42.42,2856,185602
375,375,,,63,1472,99,246.00,87.85,51.17,3953,347282
376,376,,,61,1210,107,178.00,72.80,34.48,3897,283683
377,377,*NOUSE*,*NOUSE*,0,0,0,0,0,0,0,0
378,378,*NOUSE*,*NOUSE*,0,0,0,0,0,0,0,0
379,379,,,63,1037,33,186.00,54.65,39.11,3628,198259
380,380,*NOUSE*,*NOUSE*,0,0,0,0,0,0,0,0
381,381,,,64,977,49,65.00,29.24,10.18,5369,157000
382,382,,,61,327,50,166.00,55.95,34.95,3831,214339
383,383,*NOUSE*,*NOUSE*,0,0,0,0,0,0,0,0
384,384,,,61,1189,59,141.00,68.82,25.02,4092,281627
385,385,,,59,325,73,171.00,76.81,38.58,3012,231342
386,386,*NOUSE*,*NOUSE*,0,0,0,0,0,0,0,0
387,387,,,62,395,82,94.00,34.68,16.93,4538,157394
388,388,*NOUSE*,*NOUSE*,0,0,0,0,0,0,0,0
389,389,*NOUSE*,*NOUSE*,0,0,0,0,0,0,0,0
390,390,*NOUSE*,*NOUSE*,0,0,0,0,0,0,0,0
391,391,*NOUSE*,*NOUSE*,0,0,0,0,0,0,0,0
392,392,,,64,343,62,180.00,66.82,40.70,4035,269625
393,393,,,64,652,79,62.00,27.14,10.68,7123,193305
394,394,*NOUSE*,*NOUSE*,0,0,0,0,0,0,0,0
395,395,*NOUSE*,*NOUSE*,0,0,0,0,0,0,0,0
396,396,*NOUSE*,*NOUSE*,0,0,0,0,0,0,0,0
397,397,*NOUSE*,*NOUSE*,0,0,0,0,0,0,0,0
398,398,*NOUSE*,*NOUSE*,0,0,0,0,0,0,0,0
399,399,*NOUSE*,*NOUSE*,0,0,0,0,0,0,0,0
400,400,*NOUSE*,*NOUSE*,0,0,0,0,0,0,0,0
401,401,,,65,1122,54,169.00,61.81,32.90,4133,255481
402,402,,,65,250,67,160.00,59.09,39.61,3612,213423
403,403,,,64,464,94,168.00,46.11,33.57,4076,187928
404,404,*NOUSE*,*NOUSE*,0,0,0,0,0,0,0,0
405,405,*NOUSE*,*NOUSE*,0,0,0,0,0,0,0,0
406,406,,,65,1363,103,210.00,80.05,45.39,3944,315733
407,407,,,64,1204,27,208.00,72.62,44.12,2972,215838
408,408,,,63,1264,32,166.00,62.43,31.39,3218,200886
409,409,,,64,1061,34,170.00,64.13,40.74,3501,224506
410,410,*NOUSE*,*NOUSE*,0,0,0,0,0,0,0,0
411,411,*NOUSE*,*NOUSE*,0,0,0,0,0,0,0,0
412,412,,,65,1211,43,98.00,48.76,14.69,2466,120237
413,413,,,67,1029,47,96.00,37.20,16.21,5907,219720
414,414,*NOUSE*,*NOUSE*,0,0,0,0,0,0,0,0
415,415,*NOUSE*,*NOUSE*,0,0,0,0,0,0,0,0
416,416,,,66,265,73,184.00,64.98,41.99,3364,218609
417,417,*NOUSE*,*NOUSE*,0,0,0,0,0,0,0,0
418,418,*NOUSE*,*NOUSE*,0,0,0,0,0,0,0,0
419,419,*NOUSE*,*NOUSE*,0,0,0,0,0,0,0,0
420,420,*NOUSE*,*NOUSE*,0,0,0,0,0,0,0,0
421,421,*NOUSE*,*NOUSE*,0,0,0,0,0,0,0,0
422,422,,,66,1145,99,231.00,88.76,54.56,3247,288188
423,423,,,66,1244,101,169.00,77.76,37.90,4055,315306
424,424,*NOUSE*,*NOUSE*,0,0,0,0,0,0,0,0
425,425,*NOUSE*,*NOUSE*,0,0,0,0,0,0,0,0
426,426,,,65,1188,29,233.00,90.16,50.36,2434,219449
427,427,,,64,1372,28,125.00,49.09,23.77,2347,115213
428,428,,,68,1360,36,159.00,61.52,33.69,4000,246074
429,429,*NOUSE*,*NOUSE*,0,0,0,0,0,0,0,0
430,430,*NOUSE*,*NOUSE*,0,0,0,0,0,0,0,0
431,431,*NOUSE*,*NOUSE*,0,0,0,0,0,0,0,0
432,432,*NOUSE*,*NOUSE*,0,0,0,0,0,0,0,0
433,433,*NOUSE*,*NOUSE*,0,0,0,0,0,0,0,0
434,434,,,63,364,78,183.00,65.58,40.79,3334,218631
435,435,,,67,1174,80,194.00,96.21,40.48,2113,203284
436,436,*NOUSE*,*NOUSE*,0,0,0,0,0,0,0,0
437,437,*NOUSE*,*NOUSE*,0,0,0,0,0,0,0,0
438,438,*NOUSE*,*NOUSE*,0,0,0,0,0,0,0,0
439,439,*NOUSE*,*NOUSE*,0,0,0,0,0,0,0,0
440,440,*NOUSE*,*NOUSE*,0,0,0,0,0,0,0,0
441,441,,,67,1091,105,180.00,59.85,39.71,5196,310986
442,442,*NOUSE*,*NOUSE*,0,0,0,0,0,0,0,0
443,443,,,67,1050,107,168.00,53.84,37.38,4834,260243
444,444,*NOUSE*,*NOUSE*,0,0,0,0,0,0,0,0
445,445,,,67,1221,32,190.00,62.57,31.94,3500,218987
446,446,,,66,1172,34,192.00,89.39,44.16,1708,152670
447,447,*NOUSE*,*NOUSE*,0,0,0,0,0,0,0,0
448,448,,,69,735,40,154.00,49.45,33.11,4180,206688
449,449,,,69,952,37,166.00,55.15,35.68,3620,199657
450,450,,,68,661,43,197.00,53.70,38.09,3397,182418
451,451,,,66,1186,46,220.00,105.09,46.51,2504,263133
452,452,*NOUSE*,*NOUSE*,0,0,0,0,0,0,0,0
453,453,*NOUSE*,*NOUSE*,0,0,0,0,0,0,0,0
454,454,*NOUSE*,*NOUSE*,0,0,0,0,0,0,0,0
455,455,*NOUSE*,*NOUSE*,0,0,0,0,0,0,0,0
456,456,*NOUSE*,*NOUSE*,0,0,0,0,0,0,0,0
457,457,*NOUSE*,*NOUSE*,0,0,0,0,0,0,0,0
458,458,*NOUSE*,*NOUSE*,0,0,0,0,0,0,0,0
459,459,*NOUSE*,*NOUSE*,0,0,0,0,0,0,0,0
460,460,,,69,1258,90,234.00,104.02,49.35,3304,343691
461,461,*NOUSE*,*NOUSE*,0,0,0,0,0,0,0,0
462,462,*NOUSE*,*NOUSE*,0,0,0,0,0,0,0,0
463,463,*NOUSE*,*NOUSE*,0,0,0,0,0,0,0,0
464,464,*NOUSE*,*NOUSE*,0,0,0,0,0,0,0,0
465,465,,,68,1146,110,179.00,64.36,37.99,4229,272198
466,466,*NOUSE*,*NOUSE*,0,0,0,0,0,0,0,0
467,467,,,66,1454,41,224.00,76.02,50.62,2682,203880
468,468,*NOUSE*,*NOUSE*,0,0,0,0,0,0,0,0
469,469,*NOUSE*,*NOUSE*,0,0,0,0,0,0,0,0
470,470,,,65,1343,38,190.00,80.66,43.06,2617,211090
471,471,*NOUSE*,*NOUSE*,0,0,0,0,0,0,0,0
472,472,*NOUSE*,*NOUSE*,0,0,0,0,0,0,0,0
473,473,*NOUSE*,*NOUSE*,0,0,0,0,0,0,0,0
474,474,,,68,1425,59,225.00,83.28,48.51,3341,278252
475,475,*NOUSE*,*NOUSE*,0,0,0,0,0,0,0,0
476,476,,,69,396,59,163.00,50.91,38.15,4345,221212
477,477,,,69,1369,60,201.00,79.11,45.36,3191,252450
478,478,,,68,1339,58,221.00,87.14,48.91,3445,300212
479,479,,,65,270,61,174.00,60.53,36.66,3226,195265
480,480,*NOUSE*,*NOUSE*,0,0,0,0,0,0,0,0
481,481,*NOUSE*,*NOUSE*,0,0,0,0,0,0,0,0
482,482,*NOUSE*,*NOUSE*,0,0,0,0,0,0,0,0
483,483,*NOUSE*,*NOUSE*,0,0,0,0,0,0,0,0
484,484,,,66,1195,77,165.00,86.03,31.95,3123,268664
485,485,*NOUSE*,*NOUSE*,0,0,0,0,0,0,0,0
486,486,*NOUSE*,*NOUSE*,0,0,0,0,0,0,0,0
487,487,*NOUSE*,*NOUSE*,0,0,0,0,0,0,0,0
488,488,*NOUSE*,*NOUSE*,65,383,92,87.00,44.94,19.19,53,2382
489,489,*NOUSE*,*NOUSE*,0,0,0,0,0,0,0,0
490,490,*NOUSE*,*NOUSE*,0,0,0,0,0,0,0,0
491,491,,,70,852,39,158.00,51.60,34.48,3375,174157
492,492,*NOUSE*,*NOUSE*,0,0,0,0,0,0,0,0
493,493,,,65,1380,50,179.00,72.70,35.71,3309,240557
494,494,,,67,1251,53,217.00,110.20,45.63,2418,266468
495,495,*NOUSE*,*NOUSE*,0,0,0,0,0,0,0,0
496,496,,,67,378,56,194.00,68.97,45.39,3511,242159
497,497,,,68,1283,60,240.00,108.26,50.29,2222,240560
498,498,*NOUSE*,*NOUSE*,0,0,0,0,0,0,0,0
499,499,,,71,742,70,64.00,27.64,10.48,6953,192197
500,500,,,70,296,78,208.00,74.15,52.61,3122,231504
501,501,*NOUSE*,*NOUSE*,0,0,0,0,0,0,0,0
502,502,,,70,1089,76,211.00,62.03,43.85,4409,273502
503,503,*NOUSE*,*NOUSE*,0,0,0,0,0,0,0,0
504,504,,,72,1227,83,205.00,93.69,44.60,4075,381786
505,505,*NOUSE*,*NOUSE*,0,0,0,0,0,0,0,0
506,506,*NOUSE*,*NOUSE*,0,0,0,0,0,0,0,0
507,507,*NOUSE*,*NOUSE*,0,0,0,0,0,0,0,0
508,508,*NOUSE*,*NOUSE*,0,0,0,0,0,0,0,0
509,509,*NOUSE*,*NOUSE*,0,0,0,0,0,0,0,0
510,510,,,69,671,97,179.00,50.44,35.83,4404,222119
511,511,*NOUSE*,*NOUSE*,0,0,0,0,0,0,0,0
512,512,,,68,1107,59,228.00,94.75,50.55,2748,260363
513,513,*NOUSE*,*NOUSE*,0,0,0,0,0,0,0,0
514,514,,,70,1280,72,252.00,105.26,55.48,2805,295262
515,515,*NOUSE*,*NOUSE*,0,0,0,0,0,0,0,0
516,516,*NOUSE*,*NOUSE*,0,0,0,0,0,0,0,0
517,517,*NOUSE*,*NOUSE*,0,0,0,0,0,0,0,0
518,518,,,72,351,70,182.00,58.80,42.77,3707,217989
519,519,*NOUSE*,*NOUSE*,0,0,0,0,0,0,0,0
520,520,,,70,1156,90,192.00,84.18,43.50,3406,286726
521,521,*NOUSE*,*NOUSE*,0,0,0,0,0,0,0,0
522,522,*NOUSE*,*NOUSE*,0,0,0,0,0,0,0,0
523,523,,,69,1181,101,244.00,119.23,56.39,3157,376417
524,524,,,72,809,38,151.00,48.67,31.89,4145,201742
525,525,*NOUSE*,*NOUSE*,0,0,0,0,0,0,0,0
526,526,,,71,1144,72,158.00,65.96,32.87,4064,268079
527,527,,,70,1164,70,244.00,110.76,48.05,2165,239787
528,528,,,71,1330,78,215.00,91.71,44.13,3279,300713
529,529,,,72,1241,90,204.00,99.48,44.65,2792,277762
530,530,*NOUSE*,*NOUSE*,0,0,0,0,0,0,0,0
531,531,*NOUSE*,*NOUSE*,0,0,0,0,0,0,0,0
532,532,*NOUSE*,*NOUSE*,0,0,0,0,0,0,0,0
533,533,*NOUSE*,*NOUSE*,0,0,0,0,0,0,0,0
534,534,,,73,1169,51,200.00,80.10,40.57,2988,239330
535,535,,,72,1323,58,202.00,79.21,42.77,2935,232469
536,536,,,74,1257,62,237.00,103.28,49.50,2442,252213
537,537,,,71,286,70,181.00,69.89,46.28,2921,204139
538,538,*NOUSE*,*NOUSE*,0,0,0,0,0,0,0,0
539,539,*NOUSE*,*NOUSE*,0,0,0,0,0,0,0,0
540,540,*NOUSE*,*NOUSE*,0,0,0,0,0,0,0,0
541,541,,,73,1212,80,225.00,92.28,49.44,3817,352235
542,542,,,74,1118,90,204.00,67.27,42.17,5625,378401
543,543,*NOUSE*,*NOUSE*,0,0,0,0,0,0,0,0
544,544,,,72,1420,87,231.00,76.45,49.07,4003,306044
545,545,*NOUSE*,*NOUSE*,0,0,0,0,0,0,0,0
546,546,*NOUSE*,*NOUSE*,0,0,0,0,0,0,0,0
547,547,,,73,763,41,164.00,52.58,37.99,3972,208867
548,548,,,73,1058,40,166.00,58.12,35.91,3505,203696
549,549,,,74,1260,47,209.00,92.94,47.06,2393,222397
550,550,*NOUSE*,*NOUSE*,0,0,0,0,0,0,0,0
551,551,*NOUSE*,*NOUSE*,0,0,0,0,0,0,0,0
552,552,*NOUSE*,*NOUSE*,0,0,0,0,0,0,0,0
553,553,,,75,1012,65,204.00,59.72,45.92,4092,244382
554,554,*NOUSE*,*NOUSE*,0,0,0,0,0,0,0,0
555,555,*NOUSE*,*NOUSE*,0,0,0,0,0,0,0,0
556,556,,,70,326,73,180.00,66.63,44.47,3372,224677
557,557,*NOUSE*,*NOUSE*,0,0,0,0,0,0,0,0
558,558,,,74,830,88,173.00,55.05,40.84,4314,237490
559,559,,,69,1280,105,236.00,99.43,55.22,3077,305938
560,560,*NOUSE*,*NOUSE*,0,0,0,0,0,0,0,0
561,561,,,73,1093,43,188.00,63.26,40.08,3607,228168
562,562,,,74,1348,49,195.00,76.21,39.24,2843,216664
563,563,*NOUSE*,*NOUSE*,0,0,0,0,0,0,0,0
564,564,*NOUSE*,*NOUSE*,0,0,0,0,0,0,0,0
565,565,*NOUSE*,*NOUSE*,0,0,0,0,0,0,0,0
566,566,*NOUSE*,*NOUSE*,0,0,0,0,0,0,0,0
567,567,*NOUSE*,*NOUSE*,0,0,0,0,0,0,0,0
568,568,,,73,1344,82,197.00,101.13,41.12,2247,227237
569,569,,,73,1194,86,208.00,108.61,41.45,2638,286519
570,570,*NOUSE*,*NOUSE*,0,0,0,0,0,0,0,0
571,571,,,74,1440,87,180.00,66.76,40.69,4632,309247
572,572,,,75,1461,85,207.00,67.32,44.48,4768,320984
573,573,*NOUSE*,*NOUSE*,0,0,0,0,0,0,0,0
574,574,*NOUSE*,*NOUSE*,0,0,0,0,0,0,0,0
575,575,*NOUSE*,*NOUSE*,0,0,0,0,0,0,0,0
576,576,,,76,1223,47,195.00,77.47,44.55,3232,250369
577,577,*NOUSE*,*NOUSE*,0,0,0,0,0,0,0,0
578,578,*NOUSE*,*NOUSE*,0,0,0,0,0,0,0,0
579,579,*NOUSE*,*NOUSE*,0,0,0,0,0,0,0,0
580,580,,,74,1183,52,222.00,93.52,47.19,2621,245113
581,581,*NOUSE*,*NOUSE*,0,0,0,0,0,0,0,0
582,582,,,76,565,62,137.00,45.13,29.65,5381,242841
583,583,,,75,1196,69,201.00,90.22,40.65,2933,264613
584,584,,,77,1483,76,202.00,59.02,43.46,4785,282406
585,585,*NOUSE*,*NOUSE*,0,0,0,0,0,0,0,0
586,586,*NOUSE*,*NOUSE*,0,0,0,0,0,0,0,0
587,587,*NOUSE*,*NOUSE*,0,0,0,0,0,0,0,0
588,588,,,74,1210,97,222.00,99.19,50.01,2907,288351
589,589,*NOUSE*,*NOUSE*,0,0,0,0,0,0,0,0
590,590,,,77,1124,45,173.00,66.07,38.47,3558,235077
591,591,*NOUSE*,*NOUSE*,0,0,0,0,0,0,0,0
592,592,*NOUSE*,*NOUSE*,0,0,0,0,0,0,0,0
593,593,*NOUSE*,*NOUSE*,0,0,0,0,0,0,0,0
594,594,*NOUSE*,*NOUSE*,0,0,0,0,0,0,0,0
595,595,,,77,1347,68,222.00,88.28,52.59,2992,264127
596,596,,,77,1028,76,111.00,41.43,21.00,5998,248519
597,597,*NOUSE*,*NOUSE*,0,0,0,0,0,0,0,0
598,598,*NOUSE*,*NOUSE*,0,0,0,0,0,0,0,0
599,599,,,76,1175,93,242.00,106.63,55.46,2714,289393
600,600,*NOUSE*,*NOUSE*,0,0,0,0,0,0,0,0
601,601,*NOUSE*,*NOUSE*,0,0,0,0,0,0,0,0
602,602,*NOUSE*,*NOUSE*,0,0,0,0,0,0,0,0
603,603,,,76,686,50,193.00,57.86,42.99,3845,222468
604,604,,,77,664,54,133.00,39.36,24.41,5478,215639
605,605,*NOUSE*,*NOUSE*,0,0,0,0,0,0,0,0
606,606,*NOUSE*,*NOUSE*,0,0,0,0,0,0,0,0
607,607,,,78,1456,68,199.00,61.37,43.03,4204,258005
608,608,*NOUSE*,*NOUSE*,0,0,0,0,0,0,0,0
609,609,*NOUSE*,*NOUSE*,0,0,0,0,0,0,0,0
610,610,*NOUSE*,*NOUSE*,0,0,0,0,0,0,0,0
611,611,,,77,1190,100,245.00,102.24,55.32,2723,278388
612,612,*NOUSE*,*NOUSE*,0,0,0,0,0,0,0,0
613,613,,,78,846,49,130.00,42.57,23.95,4103,174655
614,614,*NOUSE*,*NOUSE*,0,0,0,0,0,0,0,0
615,615,*NOUSE*,*NOUSE*,0,0,0,0,0,0,0,0
616,616,,,79,1154,69,231.00,92.13,55.21,2822,259998
617,617,,,78,1398,87,228.00,83.91,50.50,3385,284048
618,618,,,75,1265,98,223.00,100.60,50.34,2823,283993
619,619,,,78,1113,98,137.00,48.70,25.79,4740,230825
620,620,*NOUSE*,*NOUSE*,71,1301,106,65.00,44.50,20.36,4,178
621,621,,,79,947,48,162.00,48.74,31.80,4227,206032
622,622,,,79,794,52,119.00,36.43,20.96,5442,198225
623,623,*NOUSE*,*NOUSE*,0,0,0,0,0,0,0,0
624,624,*NOUSE*,*NOUSE*,0,0,0,0,0,0,0,0
625,625,,,80,989,63,163.00,45.58,30.19,5014,228532
626,626,,,79,1053,61,110.00,36.74,18.42,6410,235528
627,627,*NOUSE*,*NOUSE*,0,0,0,0,0,0,0,0
628,628,,,79,1070,76,132.00,40.87,22.92,6361,259955
629,629,,,80,1355,77,232.00,89.41,56.81,3104,277520
630,630,*NOUSE*,*NOUSE*,0,0,0,0,0,0,0,0
631,631,*NOUSE*,*NOUSE*,0,0,0,0,0,0,0,0
632,632,*NOUSE*,*NOUSE*,71,1400,90,78.00,56.18,12.24,28,1573
633,633,*NOUSE*,*NOUSE*,0,0,0,0,0,0,0,0
634,634,,,78,1098,60,251.00,78.89,58.29,3194,251969
635,635,,,80,1358,62,218.00,83.56,54.25,3101,259131
636,636,,,78,1421,61,212.00,70.13,47.01,3334,233801
637,637,,,80,722,68,165.00,51.68,38.61,4519,233561
638,638,*NOUSE*,*NOUSE*,0,0,0,0,0,0,0,0
639,639,*NOUSE*,*NOUSE*,0,0,0,0,0,0,0,0
640,640,,,81,1434,77,165.00,56.89,36.28,4663,265260
641,641,,,79,950,76,102.00,34.49,17.75,6235,215051
642,642,,,80,1292,84,234.00,72.47,47.90,3902,282771
643,643,,,79,1162,86,237.00,95.22,54.77,2861,272430
644,644,,,78,1225,95,215.00,95.00,48.39,3067,291356
645,645,,,80,1388,51,179.00,62.80,36.85,3215,201893
646,646,,,81,1142,60,213.00,72.30,50.25,3741,270487
647,647,,,82,1123,60,210.00,68.23,47.58,3907,266588
648,648,,,82,1229,63,215.00,78.29,50.86,3606,282304
649,649,*NOUSE*,*NOUSE*,0,0,0,0,0,0,0,0
650,650,,,82,1396,74,253.00,94.41,61.52,3071,289938
651,651,*NOUSE*,*NOUSE*,0,0,0,0,0,0,0,0
652,652,,,80,1274,84,230.00,88.73,50.99,3113,276210
653,653,*NOUSE*,*NOUSE*,0,0,0,0,0,0,0,0
654,654,*NOUSE*,*NOUSE*,0,0,0,0,0,0,0,0
655,655,*NOUSE*,*NOUSE*,0,0,0,0,0,0,0,0
656,656,,,80,1406,66,237.00,88.49,58.49,2715,240248
657,657,,,79,1337,61,220.00,91.06,56.37,2633,239771
658,658,,,81,1209,64,162.00,65.85,34.44,4066,267748
659,659,*NOUSE*,*NOUSE*,0,0,0,0,0,0,0,0
660,660,*NOUSE*,*NOUSE*,0,0,0,0,0,0,0,0
661,661,,,80,1251,87,180.00,81.53,42.67,3286,267907
662,662,,,82,1384,68,252.00,91.08,59.14,3735,340192
663,663,,,83,1370,73,205.00,75.55,48.07,3462,261542
664,664,,,81,1201,82,175.00,77.63,40.25,2509,194782
665,665,*NOUSE*,*NOUSE*,0,0,0,0,0,0,0,0
666,666,*NOUSE*,*NOUSE*,0,0,0,0,0,0,0,0
667,667,,,80,1280,67,212.00,81.66,50.75,3104,253487
668,668,*NOUSE*,*NOUSE*,0,0,0,0,0,0,0,0
669,669,*NOUSE*,*NOUSE*,0,0,0,0,0,0,0,0
670,670,*NOUSE*,*NOUSE*,0,0,0,0,0,0,0,0
671,671,,,82,1226,78,170.00,73.55,39.93,2423,178223
672,672,*NOUSE*,*NOUSE*,0,0,0,0,0,0,0,0
673,673,,*MANUAL*,42,1140,42,153.00,84.82,25.96,895,75914
674,674,,*MANUAL*,65,1245,36,188.00,111.68,35.60,893,99729
675,675,,*MANUAL*,69,1160,39,190.00,127.68,29.69,861,109933
676,676,,*MANUAL*,63,1156,32,188.00,121.81,28.92,895,109018
677,677,,*MANUAL*,58,1143,36,217.00,134.24,33.60,872,117058
678,678,,*MANUAL*,68,1122,37,195.00,133.80,30.66,773,103427
679,679,,*MANUAL*,61,1121,33,192.00,110.62,39.11,895,99006
680,680,,*MANUAL*,64,1100,39,192.00,120.58,32.20,895,107916
681,681,,*MANUAL*,68,1141,36,216.00,130.73,35.33,895,116999
682,682,,*MANUAL*,80,1166,62,211.00,140.10,31.61,895,125388
683,683,,*MANUAL*,81,1186,63,212.00,128.91,35.94,889,114600
684,684,,*MANUAL*,82,1248,73,187.00,122.24,35.94,895,109405
685,685,,*MANUAL*,79,1263,70,245.00,156.06,44.53,895,139670
686,686,,*MANUAL*,79,1179,80,223.00,152.83,32.36,895,136786
687,687,,*MANUAL*$464$462,66,1203,95,196.00,96.63,37.27,3358,324490
688,688,,*MANUAL*$489$486,65,1224,96,163.00,85.96,36.08,3560,306016
689,689,,*MANUAL*,64,1265,100,230.00,154.80,25.56,895,138544
690,690,,*MANUAL*,71,1268,76,222.00,132.62,46.30,895,118694
691,691,,*MANUAL*,72,1246,75,224.00,147.63,39.92,895,132129
692,692,,*MANUAL*,74,1179,68,220.00,152.15,34.86,895,136176
693,693,,*MANUAL*,39,1269,55,217.00,141.53,28.98,880,124548
694,694,,*MANUAL*,38,1195,64,198.00,113.17,40.23,895,101284
695,695,,*MANUAL*,38,1204,87,183.00,119.51,36.18,895,106961
696,696,,*MANUAL*,42,1216,90,170.00,125.62,19.96,895,112431
697,697,,*MANUAL*,39,1259,77,161.00,92.48,25.58,1353,125121
698,698,,*MANUAL*,46,1203,79,175.00,127.65,22.31,895,114245
699,699,,*MANUAL*,52,1209,90,171.00,121.79,23.98,895,108999
700,700,,*MANUAL*,52,1270,98,212.00,153.92,23.40,895,137762
701,701,,*MANUAL*,47,1264,84,174.00,122.02,27.60,895,109211
702,702,,*MANUAL*,46,1282,84,220.00,140.85,31.78,895,126060
703,703,,*MANUAL*,71,1281,90,249.00,170.29,41.54,832,141681
704,704,,*MANUAL*,54,1287,92,242.00,163.57,34.22,895,146394
705,705,,*MANUAL*,65,1287,94,254.00,173.83,51.81,895,155577
706,706,,*MANUAL*,53,1285,55,218.00,154.49,28.53,864,133481
707,707,,*MANUAL*,48,1283,63,220.00,133.08,38.32,895,119104
708,708,,*MANUAL*,52,1245,40,209.00,139.31,26.36,839,116879
709,709,,*MANUAL*,75,1276,52,235.00,146.48,46.63,846,123919
710,710,,*MANUAL*,75,1245,49,200.00,130.90,34.68,895,117159
711,711,,*MANUAL*,69,1271,55,239.00,192.90,18.84,467,90086
712,712,,*MANUAL*,54,1271,50,216.00,170.96,21.22,439,75053
713,713,,*MANUAL*,62,1272,51,229.00,173.91,21.74,485,84348
714,714,,*MANUAL*,47,1268,50,219.00,169.05,22.59,485,81990
715,715,,*MANUAL*,59,1253,45,202.00,131.03,30.26,895,117268
716,716,,*MANUAL*,53,1255,56,190.00,128.51,30.28,895,115019
717,717,,*MANUAL*,67,1235,50,198.00,139.38,29.38,889,123912
718,718,,*MANUAL*,59,1241,45,205.00,146.95,26.31,895,131520
719,719,,*MANUAL*,48,1244,53,177.00,114.39,26.31,895,102381
720,720,,*MANUAL*,76,1237,61,222.00,145.81,33.32,895,130504
721,721,,*MANUAL*,78,1323,71,191.00,135.21,23.08,839,113440
722,722,,*MANUAL*,74,1313,94,237.00,131.73,43.56,895,117894
723,723,,*MANUAL*,73,1333,96,247.00,159.34,50.98,883,140694
724,724,,*MANUAL*,71,1350,96,253.00,179.44,45.37,882,158269
725,725,,*MANUAL*,75,1307,58,190.00,113.69,36.61,895,101750
726,726,,*MANUAL*,35,1373,70,140.00,82.37,24.62,895,73724
727,727,,*MANUAL*,38,1352,69,173.00,115.74,22.69,895,103583
728,728,,*MANUAL*,41,1318,55,158.00,100.27,26.00,894,89644
729,729,,*MANUAL*,48,1324,49,201.00,117.67,32.72,895,105314
730,730,,*MANUAL*,41,1363,62,168.00,119.66,23.14,895,107092
731,731,,*MANUAL*,48,1329,72,184.00,124.67,27.57,895,111576
732,732,,*MANUAL*,42,1332,86,190.00,130.74,29.76,895,117008
733,733,,*MANUAL*,44,1348,89,207.00,133.37,37.65,885,118035
734,734,,*MANUAL*,67,1312,41,214.00,150.05,33.75,829,124391
735,735,,*MANUAL*,58,1315,39,215.00,152.91,28.18,864,132116
736,736,,*MANUAL*,70,1329,43,221.00,135.74,38.47,879,119315
737,737,,*MANUAL*,60,1329,40,224.00,158.33,34.28,895,141704
738,738,,*MANUAL*,57,1347,35,188.00,121.21,32.50,895,108484
739,739,,*MANUAL*,40,1378,56,188.00,107.95,34.40,895,96611
740,740,,*MANUAL*,37,1397,61,214.00,115.59,43.55,895,103453
741,741,,*MANUAL*,40,1408,57,191.00,119.04,28.96,895,106541
742,742,,*MANUAL*,38,1481,67,172.00,97.55,23.73,895,87309
743,743,,*MANUAL*$153$98,44,1440,80,203.00,70.14,40.77,3961,277829
744,744,,*MANUAL*,40,1422,79,189.00,119.64,31.93,895,107079
745,745,,*MANUAL*,42,1408,83,214.00,150.34,29.57,864,129890
746,746,,*MANUAL*,35,1395,76,174.00,104.77,25.74,895,93767
747,747,,*MANUAL*,39,1382,82,187.00,122.40,25.70,895,109548
748,748,,*MANUAL*,55,1322,98,237.00,153.54,33.68,842,129283
749,749,,*MANUAL*,64,1327,97,244.00,184.90,24.44,895,165485
750,750,,*MANUAL*,49,1330,96,212.00,158.20,27.59,895,141593
751,751,,*MANUAL*,63,1342,96,242.00,176.76,27.66,889,157137
752,752,,*MANUAL*,53,1342,91,223.00,158.69,31.00,895,142027
753,753,,*MANUAL*,81,1381,86,250.00,162.78,46.38,895,145685
754,754,,*MANUAL*,80,1363,89,253.00,155.64,54.65,721,112217
755,755,,*MANUAL*,79,1343,92,246.00,165.25,44.79,895,147901
756,756,,*MANUAL*,74,1367,92,253.00,160.10,53.83,895,143287
757,757,,*MANUAL*,57,1512,45,180.00,101.80,34.23,895,91108
758,758,,*MANUAL*,64,1501,43,185.00,102.90,41.08,895,92096
759,759,,*MANUAL*,56,1485,43,194.00,113.12,34.61,895,101244
760,760,,*MANUAL*,65,1474,43,210.00,115.70,41.09,877,101465
761,761,,*MANUAL*,50,1489,94,204.00,130.23,34.47,895,116557
762,762,,*MANUAL*,51,1464,96,239.00,136.63,44.96,889,121461
763,763,,*MANUAL*,62,1497,101,221.00,147.45,31.74,785,115745
764,764,,*MANUAL*,57,1494,105,186.00,104.14,37.57,895,93205
765,765,,*MANUAL*$298$296,56,1442,100,179.00,62.19,35.92,5172,321643
766,766,,*MANUAL*$299$275,55,1377,107,177.00,70.65,39.49,4341,306685
767,767,,*MANUAL*$325$300,56,1343,109,143.00,61.00,25.86,3717,226730
768,768,,*MANUAL*$377$354,57,1257,112,150.00,58.47,22.55,3522,205940
769,769,,*MANUAL*,59,1475,35,153.00,77.92,24.59,895,69739
770,770,,*MANUAL*$430$429,64,1417,39,126.00,51.62,23.65,3751,193615
771,771,,*MANUAL*,62,1323,29,153.00,49.52,23.74,895,44320
772,772,,*MANUAL*$597$609,76,1542,78,126.00,45.34,28.16,5592,253568
773,773,,*MANUAL*$638$649,78,1502,66,137.00,47.68,28.59,2836,135213
774,774,,*MANUAL*$602$578,76,1465,52,137.00,54.15,28.62,3992,216148
775,775,,*MANUAL*$601$591,77,1427,47,163.00,58.76,34.59,3425,201259
776,776,,*MANUAL*,75,1316,44,192.00,80.64,40.37,895,72170
777,777,,*MANUAL*,78,1292,54,177.00,86.27,30.49,895,77208
778,778,,*MANUAL*$560$589,73,1191,39,190.00,69.35,36.35,3699,256526
779,779,,*MANUAL*$577$592,76,1146,44,194.00,63.67,33.64,3901,248386
780,780,,*MANUAL*,71,907,41,142.00,84.11,22.88,895,75277
781,781,,*MANUAL*$471$472,68,531,50,160.00,46.44,31.62,4304,199858
782,782,,*MANUAL*,68,445,52,150.00,85.10,32.49,895,76165
783,783,,*MANUAL*$586$587,73,1493,90,176.00,57.40,33.09,5075,291302
784,784,,*MANUAL*$530$545,71,1456,96,157.00,64.47,32.53,3429,221079
785,785,,*MANUAL*$522$508,69,1423,101,195.00,64.46,34.19,4714,303871
786,786,,*MANUAL*$573$575,74,1387,99,182.00,70.45,34.41,3647,256922
787,787,,*MANUAL*$511$574,68,1314,108,174.00,74.10,34.79,3334,247059
788,788,,*MANUAL*,75,1301,104,169.00,95.53,30.57,895,85497
789,789,,*MANUAL*$314$390,58,1190,105,180.00,85.54,35.52,3879,331828
790,790,,*MANUAL*$424$442,67,1003,106,165.00,54.94,38.29,4990,274151
791,791,,*MANUAL*$405$440,67,924,100,195.00,50.38,35.26,5387,271403
792,792,,*MANUAL*$509$389,68,875,99,169.00,49.69,35.12,5508,273686
793,793,,*MANUAL*$507$463,69,810,94,185.00,49.76,36.87,4714,234591
794,794,,*MANUAL*$521$505,69,763,93,156.00,54.40,36.05,4139,225175
795,795,,*MANUAL*$438$420,66,614,94,184.00,49.03,36.46,4491,220182
796,796,,*MANUAL*,65,538,95,138.00,61.80,27.15,1365,84360
797,797,,*MANUAL*$388$421,63,387,95,140.00,42.94,26.33,4381,188127
798,798,,*MANUAL*,38,1527,70,144.00,70.24,24.09,1365,95873
799,799,,*MANUAL*$146$162,46,1453,43,145.00,56.88,26.83,3265,185701
800,800,,*MANUAL*$158$157,45,1372,39,126.00,49.52,22.38,3687,182596
801,801,,*MANUAL*,51,1317,33,166.00,84.32,34.58,895,75466
802,802,,*MANUAL*$236$248,53,1212,30,177.00,64.87,31.12,3502,227165
803,803,,*MANUAL*$156$144,46,1156,36,132.00,59.99,25.49,3314,198809
804,804,,*MANUAL*$210$222,51,883,34,135.00,46.29,27.95,3543,163994
805,805,,*MANUAL*$143$145,46,808,33,131.00,45.04,26.56,4486,202031
806,806,,*MANUAL*$196$212,50,684,44,140.00,46.20,27.65,4497,207769
807,807,,*MANUAL*$180$213,48,546,49,128.00,41.87,27.60,4879,204302
808,808,,*MANUAL*$97$74,42,1491,81,135.00,47.70,25.07,5371,256178
809,809,,*MANUAL*$137$126,44,1425,93,149.00,59.45,29.30,4354,258833
810,810,,*MANUAL*$189$61,40,1387,92,145.00,65.21,30.38,3237,211099
811,811,,*MANUAL*$140$171,45,1307,103,148.00,60.90,30.06,4367,265945
812,812,,*MANUAL*$104$116,42,1168,105,124.00,52.29,23.18,5219,272917
813,813,,*MANUAL*$131$130,44,1113,107,158.00,55.57,30.94,5288,293831
814,814,,*MANUAL*$172$170,47,1044,108,157.00,46.82,29.72,5069,237315
815,815,,*MANUAL*$102$103,43,958,101,141.00,46.16,28.11,4987,230194
816,816,,*MANUAL*$142$141,47,908,102,149.00,49.01,31.63,4894,239873
817,817,,*MANUAL*$139$128,45,849,96,155.00,45.24,29.39,5761,260634
818,818,,*MANUAL*$190$205,50,803,95,166.00,46.25,31.23,4929,227984
819,819,,*MANUAL*$167$168,47,726,97,154.00,46.21,29.44,4810,222289
820,820,,*MANUAL*$192$191,49,644,97,160.00,48.00,33.48,4253,204145
821,821,,*MANUAL*$246$206,50,500,96,169.00,52.49,35.91,3641,191121
822,822,,*MANUAL*$234$204,50,586,96,152.00,47.63,32.89,4152,197775
823,823,,*MANUAL*$203$233,50,439,92,153.00,46.06,30.58,4314,198696
824,824,,*MANUAL*,51,322,92,200.00,92.42,34.12,894,82627
825,825,,*MANUAL*,51,743,50,116.00,61.09,21.68,1353,82656
826,826,,*MANUAL*$239$227$224,54,720,55,154.00,43.21,26.32,9487,409952
827,827,,*MANUAL*$383$368,64,697,54,149.00,46.86,28.60,9248,433365
828,828,,*MANUAL*$411$414,65,679,45,141.00,47.44,27.61,4677,221861
829,829,,*MANUAL*,73,723,49,200.00,108.56,39.29,745,80878
830,830,,*MANUAL*$44$29,37,1429,65,127.00,50.18,25.26,4376,219594
831,831,,*MANUAL*$26$8,35,1324,63,125.00,48.95,24.29,3591,175787
832,832,,*MANUAL*$4$5,34,1135,61,101.00,38.43,16.42,4820,185216
833,833,,*MANUAL*,35,1139,82,110.00,50.44,18.74,2051,103458
834,834,,*MANUAL*,36,1089,60,104.00,48.99,19.79,880,43111
835,835,,*MANUAL*,38,1033,58,147.00,96.52,23.67,895,86389
836,836,,*MANUAL*$70$24,37,1007,56,87.00,33.92,16.70,4868,165101
837,837,,*MANUAL*$40$14,36,909,51,120.00,34.35,19.48,5120,175882
838,838,,*MANUAL*$72$85,40,442,68,108.00,34.45,18.43,5078,174933
839,839,,*MANUAL*$58$99$86$95,38,761,77,79.00,30.11,13.60,3769,113481
840,840,,*MANUAL*$87$75,39,644,82,87.00,30.45,15.14,6017,183223
841,841,,*MANUAL*,44,329,85,90.00,34.90,15.39,1331,46451
842,842,,*MANUAL*,45,942,35,133.00,76.34,21.96,895,68325
843,843,,*MANUAL*,36,949,44,137.00,75.88,19.65,895,67909
844,844,,*MANUAL*,41,745,44,114.00,60.47,20.06,1365,82539
845,845,,*MANUAL*,44,365,61,142.00,71.88,28.01,1353,97258
846,846,,*MANUAL*,45,401,54,140.00,82.57,28.40,895,73902
847,847,,*MANUAL*,76,1317,82,234.00,164.11,30.28,895,146879
848,848,,*MANUAL*,84,1325,78,163.00,95.36,33.39,895,85348
849,849,,*MANUAL*,78,905,56,124.00,53.59,26.27,1365,73149
850,850,,*MANUAL*$581$566,74,520,65,114.00,36.37,20.84,5351,194594
851,851,,*MANUAL*$605$567$554,74,446,67,128.00,38.58,22.98,5413,208823
852,852,,*MANUAL*,79,726,50,198.00,88.74,38.36,895,79425
853,853,,*MANUAL*$614$564,76,607,53,136.00,41.80,24.95,5597,233955
854,854,,*MANUAL*$565$513,71,489,57,156.00,43.43,28.68,5057,219616
855,855,,*MANUAL*,75,378,66,147.00,64.30,27.69,1337,85972
856,856,*NOUSE*,*NOUSE*,0,0,0,0,0,0,0,0
857,857,,*MANUAL*$653$856,78,887,76,96.00,34.01,17.14,6307,214527
858,858,,*MANUAL*$665$651$659,80,776,74,108.00,32.97,16.86,6326,208584
859,859,,*MANUAL*$608$610,76,629,75,114.00,33.64,20.07,6618,222635
860,860,,*MANUAL*$557$570,72,522,84,120.00,35.76,20.94,5999,214501
861,861,,*MANUAL*,70,320,89,102.00,41.26,16.19,895,36928
862,862,,*MANUAL*$437$487,68,1033,90,110.00,38.51,18.29,6404,246614
863,863,,*MANUAL*$386$372,61,552,80,71.00,26.90,10.75,5007,134696
864,864,,*MANUAL*$418$337,60,451,83,75.00,29.91,12.31,5553,166117
865,865,,*MANUAL*,51,359,56,188.00,132.41,27.11,895,118510
866,866,,*MANUAL*,49,292,81,186.00,119.55,36.41,895,106997
867,867,,*MANUAL*,50,284,68,161.00,107.13,29.94,789,84525
868,868,,*MANUAL*,67,349,55,193.00,125.83,29.00,895,112621
869,869,,*MANUAL*,70,369,69,199.00,130.10,34.61,895,116440
870,870,,*MANUAL*,63,363,58,207.00,138.06,32.68,895,123567
871,871,,*MANUAL*,64,330,87,170.00,98.08,26.68,895,87785
872,872,,*MANUAL*,51,336,82,171.00,111.45,24.63,895,99744
873,873,*NOUSE*,*NOUSE*,0,0,0,0,0,0,0,0
874,874,,*MANUAL*,59,282,70,167.00,111.13,20.49,1365,151697
875,875,,*MANUAL*,65,226,76,109.00,54.68,22.90,1343,73430
876,876,,*MANUAL*,54,227,76,108.00,44.39,19.87,1365,60586
877,877,,*MANUAL*$350$336,59,156,79,117.00,38.32,21.38,3182,121924
878,878,,*MANUAL*,44,1092,66,163.00,109.09,24.47,895,97639
879,879,,*MANUAL*,56,1172,58,181.00,134.37,18.49,361,48507
880,880,,*MANUAL*,62,1170,62,208.00,144.67,24.30,895,129479
881,881,,*MANUAL*,52,1186,87,187.00,126.88,25.65,895,113556
882,882,,*MANUAL*,63,1184,93,197.00,131.13,26.30,895,117364
883,883,,*MANUAL*,52,1377,88,200.00,122.67,30.07,869,106600
884,884,,*MANUAL*,67,1377,89,244.00,150.76,32.41,880,132668
885,885,,*MANUAL*,59,1380,93,229.00,175.28,27.94,485,85010
886,886,,*MANUAL*,73,1387,58,243.00,162.62,35.98,476,77407
887,887,,*MANUAL*,67,1389,64,253.00,180.51,36.11,485,87546
888,888,,*MANUAL*,53,1392,63,241.00,155.35,36.34,483,75032
889,889,,*MANUAL*,47,1387,56,199.00,139.02,24.91,485,67424
890,890,,*MANUAL*,58,1400,51,197.00,101.86,33.50,886,90249
891,891,*NOUSE*,*NOUSE*,0,0,0,0,0,0,0,0
892,892,,*MANUAL*,69,1401,83,194.00,112.82,26.27,861,97140
893,893,,*MANUAL*,52,1405,56,214.00,154.25,22.97,485,74813
894,894,,*MANUAL*,67,1404,58,225.00,129.74,49.32,895,116113
895,895,,*MANUAL*,49,1407,70,210.00,125.44,37.90,895,112265
896,896,,*MANUAL*,71,1407,69,249.00,149.76,38.96,895,134038
897,897,,*MANUAL*,56,1403,87,253.00,194.95,24.79,353,68817
898,898,,*MANUAL*,62,1403,88,252.00,188.94,31.77,485,91637
899,899,,*MANUAL*$321$338,58,1431,86,151.00,55.87,29.22,6340,354236
900,900,,*MANUAL*,49,1527,60,197.00,115.80,44.09,895,103639
901,901,,*MANUAL*,49,1514,58,184.00,121.22,33.73,895,108494
902,902,,*MANUAL*,47,1493,58,208.00,107.86,48.22,785,84673
903,903,,*MANUAL*,52,1487,56,191.00,88.72,33.52,891,79048
904,904,,*MANUAL*,63,1482,58,177.00,75.32,27.32,817,61540
905,905,,*MANUAL*$481$456$455,68,1557,64,158.00,47.30,31.39,5373,254146
906,906,,*MANUAL*,68,1524,65,209.00,109.30,44.34,895,97823
907,907,,*MANUAL*,68,1511,63,222.00,120.71,51.21,895,108038
908,908,,*MANUAL*,70,1486,61,226.00,108.92,41.91,895,97484
909,909,,*MANUAL*,70,1456,58,211.00,114.44,35.84,895,102422
910,910,*NOUSE*,*NOUSE*,0,0,0,0,0,0,0,0
911,911,,*MANUAL*,57,1516,89,198.00,111.99,33.67,895,100228
912,912,,*MANUAL*,57,1498,88,201.00,112.58,35.37,895,100762
913,913,,*MANUAL*,57,1471,89,180.00,114.55,30.39,867,99312
914,914,,*MANUAL*,61,1479,85,158.00,80.45,27.61,895,72006
915,915,,*MANUAL*$285$313,55,1125,103,144.00,55.95,30.06,5404,302353
916,916,,*MANUAL*,68,311,74,187.00,116.33,28.29,821,95505
917,917,,*MANUAL*,69,311,65,186.00,111.83,37.40,895,100092
918,918,,*MANUAL*,60,286,87,134.00,89.46,24.19,889,79526
919,919,,*MANUAL*,66,278,82,178.00,113.78,36.22,895,101834
920,920,,*MANUAL*,60,644,41,189.00,111.97,39.06,895,100210
921,921,,*MANUAL*,68,1441,65,132.00,88.43,17.55,871,77025
922,922,,*MANUAL*,77,1438,61,199.00,114.25,34.05,895,102250
923,923,,*MANUAL*,55,1226,46,204.00,127.08,35.29,828,105219
924,924,,*MANUAL*,47,1228,42,200.00,130.64,27.86,895,116923
925,925,,*MANUAL*$217$154,46,584,80,91.00,30.00,15.12,4820,144600
926,926,,*MANUAL*$516$515,71,1381,71,216.00,89.00,45.66,2491,221700
927,927,,*MANUAL*$229$186,47,1381,72,167.00,71.14,34.12,3404,242150
928,928,,*MANUAL*$538$517,72,1123,71,168.00,65.93,35.90,4141,273025
929,929,,*MANUAL*$669$660,82,1128,78,164.00,52.83,30.62,5083,268555
930,930,,*MANUAL*,50,1402,81,206.00,127.45,28.18,895,114065
931,931,,*MANUAL*$244$260,57,1077,82,190.00,66.10,39.71,4031,266436
932,932,,*MANUAL*$65$51,38,1318,94,141.00,56.61,29.00,4533,256623
933,933,,*MANUAL*,72,1219,60,177.00,105.53,31.28,895,94453
934,934,*NOUSE*,*NOUSE*,0,0,0,0,0,0,0,0
935,935,,*MANUAL*$934$122,43,1128,79,154.00,72.77,29.91,1934,140735
936,936,F1,*MANUAL*,66,1512,77,24.00, 9.96, 2.86,895,8914
937,937,F2,*MANUAL*,60,1468,67,30.00,12.72, 3.85,895,11381
938,938,F3,*MANUAL*,61,1398,67,161.00,55.86,21.81,895,49998
939,939,F4,*MANUAL*,60,1316,66,27.00,13.87, 3.49,895,12417
940,940,F5,*MANUAL*,60,1260,65,83.00,26.38, 8.28,895,23612
941,941,F6,*MANUAL*,60,1214,66,54.00,18.94, 5.35,895,16948
942,942,F7,*MANUAL*,60,1136,66,39.00,16.44, 4.50,895,14716
943,943,F8,*MANUAL*,60,1072,65,26.00,14.14, 3.29,895,12654
944,944,F9,*MANUAL*,60,787,38, 9.00, 2.70, 1.39,895,2419
945,945,F10,*MANUAL*,59,627,39,10.00, 1.98, 1.71,895,1775
