0,0,*NOUSE*,*NOUSE*,0,0,0,0,0,0,0,0
1,1,,,36,1065,55,183.00,58.10,37.47,3924,227970.00
2,2,,,36,1050,54,161.00,51.41,33.67,4094,210470.00
3,3,*NOUSE*,*NOUSE*,0,0,0,0,0,0,0,0
4,4,,,34,1014,61,103.00,39.06,19.76,5690,222245.00
5,5,,,34,976,60,95.00,33.41,15.99,5728,191367.00
6,6,*NOUSE*,*NOUSE*,0,0,0,0,0,0,0,0
7,7,,,33,1210,70,102.00,38.83,17.57,2877,111703.00
8,8,*NOUSE*,*NOUSE*,0,0,0,0,0,0,0,0
9,9,,,36,894,58,104.00,36.91,22.25,5651,208563.00
10,10,*NOUSE*,*NOUSE*,0,0,0,0,0,0,0,0
11,11,,,38,1078,62,175.00,63.09,38.60,3976,250826.00
12,12,,,37,1090,58,167.00,58.99,34.60,4023,237333.00
13,13,,,37,1167,68,165.00,61.57,37.33,3676,226326.00
14,14,*NOUSE*,*NOUSE*,0,0,0,0,0,0,0,0
15,15,*NOUSE*,*NOUSE*,0,0,0,0,0,0,0,0
16,16,,,35,1267,76,133.00,47.90,25.59,4083,195566.00
17,17,*NOUSE*,*NOUSE*,0,0,0,0,0,0,0,0
18,18,,,38,999,53,185.00,55.84,40.95,4130,230603.00
19,19,*NOUSE*,*NOUSE*,0,0,0,0,0,0,0,0
20,20,,,36,654,67,90.00,29.77,14.38,6151,183116.00
21,21,,,40,1209,60,141.00,51.47,26.68,4138,212980.00
22,22,*NOUSE*,*NOUSE*,0,0,0,0,0,0,0,0
23,23,,,38,1151,69,142.00,54.56,28.67,4126,225133.00
24,24,,,38,1257,67,151.00,51.36,27.86,3601,184943.00
25,25,,,38,1115,83,142.00,56.95,29.52,4097,233325.00
26,26,,,38,852,46,149.00,40.54,27.85,5072,205611.00
27,27,*NOUSE*,*NOUSE*,0,0,0,0,0,0,0,0
28,28,,,38,595,50,99.00,35.52,20.24,6538,232250.00
29,29,*NOUSE*,*NOUSE*,0,0,0,0,0,0,0,0
30,30,,,39,1241,65,136.00,54.61,30.22,3632,198346.00
31,31,*NOUSE*,*NOUSE*,0,0,0,0,0,0,0,0
32,32,,,38,1319,68,107.00,40.87,20.52,4513,184462.00
33,33,*NOUSE*,*NOUSE*,0,0,0,0,0,0,0,0
34,34,*NOUSE*,*NOUSE*,0,0,0,0,0,0,0,0
35,35,*NOUSE*,*NOUSE*,0,0,0,0,0,0,0,0
36,36,,,38,1196,82,126.00,44.96,25.59,4336,194944.00
37,37,*NOUSE*,*NOUSE*,0,0,0,0,0,0,0,0
38,38,,,39,1160,82,160.00,60.44,31.95,3852,232813.00
39,39,,,37,1177,84,163.00,57.50,33.59,3558,204598.00
40,40,*NOUSE*,*NOUSE*,0,0,0,0,0,0,0,0
41,41,*NOUSE*,*NOUSE*,0,0,0,0,0,0,0,0
42,42,,,39,915,58,180.00,54.06,42.30,4092,221232.00
43,43,,,38,1115,62,148.00,55.09,27.83,3986,219574.00
44,44,*NOUSE*,*NOUSE*,0,0,0,0,0,0,0,0
45,45,*NOUSE*,*NOUSE*,0,0,0,0,0,0,0,0
46,46,,,40,1181,67,145.00,65.40,33.87,2878,188224.00
47,47,*NOUSE*,*NOUSE*,0,0,0,0,0,0,0,0
48,48,*NOUSE*,*NOUSE*,0,0,0,0,0,0,0,0
49,49,,,40,1079,82,178.00,65.54,38.20,3989,261436.00
50,50,*NOUSE*,*NOUSE*,0,0,0,0,0,0,0,0
51,51,*NOUSE*,*NOUSE*,0,0,0,0,0,0,0,0
52,52,*NOUSE*,*NOUSE*,0,0,0,0,0,0,0,0
53,53,*NOUSE*,*NOUSE*,0,0,0,0,0,0,0,0
54,54,,,40,1137,79,140.00,60.81,30.03,3795,230774.00
55,55,*NOUSE*,*NOUSE*,0,0,0,0,0,0,0,0
56,56,,,41,622,46,173.00,45.24,35.10,5171,233936.00
57,57,,,40,765,52,124.00,38.65,23.62,5174,199988.00
58,58,,,41,712,53,115.00,35.58,20.61,5421,192859.00
59,59,,,41,1290,66,153.00,57.56,32.90,3223,185511.00
60,60,,,41,1362,71,131.00,44.39,25.83,3878,172157.00
61,61,*NOUSE*,*NOUSE*,0,0,0,0,0,0,0,0
62,62,*NOUSE*,*NOUSE*,0,0,0,0,0,0,0,0
63,63,*NOUSE*,*NOUSE*,0,0,0,0,0,0,0,0
64,64,*NOUSE*,*NOUSE*,0,0,0,0,0,0,0,0
65,65,,,42,1214,79,148.00,58.99,32.12,3712,218967.00
66,66,,,42,551,42,109.00,36.58,21.55,5514,201705.00
67,67,*NOUSE*,*NOUSE*,0,0,0,0,0,0,0,0
68,68,,,42,467,56,120.00,34.20,20.32,5424,185521.00
69,69,*NOUSE*,*NOUSE*,0,0,0,0,0,0,0,0
70,70,,,43,685,65,167.00,44.57,33.74,4921,219328.00
71,71,,,42,1348,62,142.00,48.60,27.91,3486,169427.00
72,72,*NOUSE*,*NOUSE*,0,0,0,0,0,0,0,0
73,73,*NOUSE*,*NOUSE*,0,0,0,0,0,0,0,0
74,74,*NOUSE*,*NOUSE*,0,0,0,0,0,0,0,0
75,75,,,43,1267,85,180.00,66.13,35.14,3341,220931.00
76,76,,,44,750,88,160.00,46.16,35.74,5476,252756.00
77,77,*NOUSE*,*NOUSE*,0,0,0,0,0,0,0,0
78,78,*NOUSE*,*NOUSE*,0,0,0,0,0,0,0,0
79,79,,,41,1189,51,99.00,42.40,20.09,3546,150343.00
80,80,,,43,1301,57,148.00,50.56,31.08,3418,172824.00
81,81,*NOUSE*,*NOUSE*,0,0,0,0,0,0,0,0
82,82,*NOUSE*,*NOUSE*,0,0,0,0,0,0,0,0
83,83,,,44,965,37,187.00,48.71,35.41,4352,212007.00
84,84,*NOUSE*,*NOUSE*,0,0,0,0,0,0,0,0
85,85,,,44,895,41,208.00,58.80,47.79,3983,234196.00
86,86,*NOUSE*,*NOUSE*,0,0,0,0,0,0,0,0
87,87,*NOUSE*,*NOUSE*,0,0,0,0,0,0,0,0
88,88,*NOUSE*,*NOUSE*,0,0,0,0,0,0,0,0
89,89,*NOUSE*,*NOUSE*,0,0,0,0,0,0,0,0
90,90,*NOUSE*,*NOUSE*,0,0,0,0,0,0,0,0
91,91,,,44,1316,52,140.00,52.49,29.28,3286,172466.00
92,92,,,43,992,70,175.00,54.59,37.56,4504,245878.00
93,93,*NOUSE*,*NOUSE*,0,0,0,0,0,0,0,0
94,94,,,43,1024,80,134.00,43.54,28.36,5091,221657.00
95,95,,,45,1286,94,116.00,49.18,24.87,3044,149689.00
96,96,*NOUSE*,*NOUSE*,0,0,0,0,0,0,0,0
97,97,,,45,435,45,83.00,32.24,16.63,5917,190754.00
98,98,*NOUSE*,*NOUSE*,0,0,0,0,0,0,0,0
99,99,,,46,294,58,133.00,43.09,28.36,5529,238242.00
100,100,*NOUSE*,*NOUSE*,0,0,0,0,0,0,0,0
101,101,,,44,1379,67,123.00,43.17,26.48,3610,155854.00
102,102,*NOUSE*,*NOUSE*,0,0,0,0,0,0,0,0
103,103,*NOUSE*,*NOUSE*,0,0,0,0,0,0,0,0
104,104,*NOUSE*,*NOUSE*,0,0,0,0,0,0,0,0
105,105,*NOUSE*,*NOUSE*,0,0,0,0,0,0,0,0
106,106,*NOUSE*,*NOUSE*,0,0,0,0,0,0,0,0
107,107,*NOUSE*,*NOUSE*,0,0,0,0,0,0,0,0
108,108,,,46,834,40,178.00,44.20,33.11,5180,228941.00
109,109,*NOUSE*,*NOUSE*,0,0,0,0,0,0,0,0
110,110,,,46,1058,42,159.00,60.33,34.39,3795,228957.00
111,111,*NOUSE*,*NOUSE*,0,0,0,0,0,0,0,0
112,112,*NOUSE*,*NOUSE*,0,0,0,0,0,0,0,0
113,113,,,45,1241,54,122.00,58.52,26.74,2349,137461.00
114,114,*NOUSE*,*NOUSE*,0,0,0,0,0,0,0,0
115,115,*NOUSE*,*NOUSE*,0,0,0,0,0,0,0,0
116,116,*NOUSE*,*NOUSE*,0,0,0,0,0,0,0,0
117,117,,,45,1105,67,167.00,75.20,31.51,2822,212206.00
118,118,,,48,939,86,96.00,34.27,18.46,7448,255208.00
119,119,,,47,1109,95,203.00,89.38,44.86,3422,305858.00
120,120,,,45,1170,95,173.00,76.48,39.28,3111,237944.00
121,121,,,46,1130,94,183.00,73.71,37.92,3810,280841.00
122,122,,,46,991,97,158.00,51.48,36.31,5185,266909.00
123,123,,,47,773,99,162.00,45.84,35.27,5793,265563.00
124,124,,,46,1003,34,177.00,49.54,33.17,4414,218674.00
125,125,,,49,615,36,155.00,44.08,30.90,5971,263203.00
126,126,,,47,796,42,159.00,44.47,32.59,5103,226912.00
127,127,*NOUSE*,*NOUSE*,0,0,0,0,0,0,0,0
128,128,,,47,344,47,106.00,37.91,21.05,6010,227817.00
129,129,,,47,1097,48,194.00,69.42,38.80,3164,219657.00
130,130,*NOUSE*,*NOUSE*,0,0,0,0,0,0,0,0
131,131,*NOUSE*,*NOUSE*,0,0,0,0,0,0,0,0
132,132,*NOUSE*,*NOUSE*,0,0,0,0,0,0,0,0
133,133,,,46,1025,60,133.00,45.30,24.72,3925,177808.00
134,134,*NOUSE*,*NOUSE*,0,0,0,0,0,0,0,0
135,135,*NOUSE*,*NOUSE*,0,0,0,0,0,0,0,0
136,136,,,48,1061,81,175.00,63.45,33.59,3783,240019.00
137,137,,,46,653,90,140.00,42.36,28.76,4691,198714.00
138,138,,,47,892,91,134.00,44.95,29.39,5746,258297.00
139,139,,,50,1269,97,164.00,63.56,32.10,4202,267069.00
140,140,,,46,1203,99,133.00,47.56,25.97,3878,184440.00
141,141,,,49,909,35,182.00,53.22,39.83,3995,212609.00
142,142,*NOUSE*,*NOUSE*,0,0,0,0,0,0,0,0
143,143,*NOUSE*,*NOUSE*,0,0,0,0,0,0,0,0
144,144,*NOUSE*,*NOUSE*,0,0,0,0,0,0,0,0
145,145,*NOUSE*,*NOUSE*,0,0,0,0,0,0,0,0
146,146,,,46,1161,59,183.00,80.26,36.30,2261,181471.00
147,147,*NOUSE*,*NOUSE*,0,0,0,0,0,0,0,0
148,148,*NOUSE*,*NOUSE*,0,0,0,0,0,0,0,0
149,149,,,48,596,84,131.00,42.65,28.60,4461,190246.00
150,150,*NOUSE*,*NOUSE*,0,0,0,0,0,0,0,0
151,151,*NOUSE*,*NOUSE*,0,0,0,0,0,0,0,0
152,152,,,49,865,38,198.00,53.52,42.74,4273,228679.00
153,153,,,49,477,42,118.00,35.76,24.11,5789,206999.00
154,154,*NOUSE*,*NOUSE*,0,0,0,0,0,0,0,0
155,155,,,48,1112,50,211.00,73.87,43.53,2892,213622.00
156,156,*NOUSE*,*NOUSE*,0,0,0,0,0,0,0,0
157,157,,,49,1010,50,224.00,69.97,46.09,3448,241265.00
158,158,*NOUSE*,*NOUSE*,0,0,0,0,0,0,0,0
159,159,*NOUSE*,*NOUSE*,0,0,0,0,0,0,0,0
160,160,*NOUSE*,*NOUSE*,0,0,0,0,0,0,0,0
161,161,,,49,1050,63,158.00,56.57,29.49,3817,215911.00
162,162,*NOUSE*,*NOUSE*,0,0,0,0,0,0,0,0
163,163,*NOUSE*,*NOUSE*,0,0,0,0,0,0,0,0
164,164,,,48,1169,74,189.00,79.12,36.91,2666,210937.00
165,165,,,48,1228,78,176.00,68.63,35.46,2981,204577.00
166,166,*NOUSE*,*NOUSE*,0,0,0,0,0,0,0,0
167,167,,,51,697,42,151.00,45.30,33.53,4893,221631.00
168,168,*NOUSE*,*NOUSE*,0,0,0,0,0,0,0,0
169,169,,,50,678,46,154.00,54.75,34.84,5241,286943.00
170,170,*NOUSE*,*NOUSE*,0,0,0,0,0,0,0,0
171,171,,,48,1124,73,181.00,75.84,37.78,3068,232677.00
172,172,*NOUSE*,*NOUSE*,0,0,0,0,0,0,0,0
173,173,*NOUSE*,*NOUSE*,0,0,0,0,0,0,0,0
174,174,,,50,455,83,141.00,40.57,26.92,4640,188266.00
175,175,,,49,1356,88,148.00,50.78,27.21,3886,197317.00
176,176,,,48,1251,91,166.00,72.60,35.65,3149,228626.00
177,177,,,49,1113,37,161.00,62.51,33.68,2275,142216.00
178,178,*NOUSE*,*NOUSE*,0,0,0,0,0,0,0,0
179,179,*NOUSE*,*NOUSE*,0,0,0,0,0,0,0,0
180,180,*NOUSE*,*NOUSE*,0,0,0,0,0,0,0,0
181,181,*NOUSE*,*NOUSE*,0,0,0,0,0,0,0,0
182,182,*NOUSE*,*NOUSE*,0,0,0,0,0,0,0,0
183,183,*NOUSE*,*NOUSE*,0,0,0,0,0,0,0,0
184,184,*NOUSE*,*NOUSE*,0,0,0,0,0,0,0,0
185,185,*NOUSE*,*NOUSE*,0,0,0,0,0,0,0,0
186,186,*NOUSE*,*NOUSE*,0,0,0,0,0,0,0,0
187,187,,,50,1150,76,196.00,73.59,34.63,3163,232775.00
188,188,,,49,1108,81,191.00,89.39,35.68,3350,299462.00
189,189,*NOUSE*,*NOUSE*,0,0,0,0,0,0,0,0
190,190,*NOUSE*,*NOUSE*,0,0,0,0,0,0,0,0
191,191,*NOUSE*,*NOUSE*,0,0,0,0,0,0,0,0
192,192,,,52,835,100,217.00,49.04,38.05,5671,278122.00
193,193,*NOUSE*,*NOUSE*,0,0,0,0,0,0,0,0
194,194,,,53,529,38,155.00,45.90,31.51,5172,237394.00
195,195,*NOUSE*,*NOUSE*,0,0,0,0,0,0,0,0
196,196,*NOUSE*,*NOUSE*,0,0,0,0,0,0,0,0
197,197,*NOUSE*,*NOUSE*,0,0,0,0,0,0,0,0
198,198,*NOUSE*,*NOUSE*,0,0,0,0,0,0,0,0
199,199,*NOUSE*,*NOUSE*,0,0,0,0,0,0,0,0
200,200,,,52,608,57,66.00,27.67,11.10,7971,220590.00
201,201,,,52,1179,54,189.00,65.93,37.26,3044,200690.00
202,202,,,51,1149,59,172.00,71.22,34.50,2733,194653.00
203,203,,,49,1065,62,218.00,89.33,46.58,2968,265133.00
204,204,*NOUSE*,*NOUSE*,0,0,0,0,0,0,0,0
205,205,*NOUSE*,*NOUSE*,0,0,0,0,0,0,0,0
206,206,,,52,304,69,147.00,46.96,28.15,4296,201757.00
207,207,,,52,1076,70,186.00,75.98,35.60,3367,255809.00
208,208,*NOUSE*,*NOUSE*,0,0,0,0,0,0,0,0
209,209,*NOUSE*,*NOUSE*,0,0,0,0,0,0,0,0
210,210,*NOUSE*,*NOUSE*,0,0,0,0,0,0,0,0
211,211,,,52,715,96,156.00,45.40,32.03,4802,218032.00
212,212,*NOUSE*,*NOUSE*,0,0,0,0,0,0,0,0
213,213,,,51,1025,105,180.00,47.87,35.09,5488,262722.00
214,214,*NOUSE*,*NOUSE*,0,0,0,0,0,0,0,0
215,215,*NOUSE*,*NOUSE*,0,0,0,0,0,0,0,0
216,216,*NOUSE*,*NOUSE*,0,0,0,0,0,0,0,0
217,217,,,55,998,56,184.00,66.89,37.48,3732,249638.00
218,218,,,56,181,73,138.00,49.29,31.47,5254,258974.00
219,219,*NOUSE*,*NOUSE*,0,0,0,0,0,0,0,0
220,220,*NOUSE*,*NOUSE*,0,0,0,0,0,0,0,0
221,221,*NOUSE*,*NOUSE*,0,0,0,0,0,0,0,0
222,222,*NOUSE*,*NOUSE*,0,0,0,0,0,0,0,0
223,223,*NOUSE*,*NOUSE*,0,0,0,0,0,0,0,0
224,224,*NOUSE*,*NOUSE*,0,0,0,0,0,0,0,0
225,225,*NOUSE*,*NOUSE*,0,0,0,0,0,0,0,0
226,226,*NOUSE*,*NOUSE*,0,0,0,0,0,0,0,0
227,227,*NOUSE*,*NOUSE*,0,0,0,0,0,0,0,0
228,228,*NOUSE*,*NOUSE*,0,0,0,0,0,0,0,0
229,229,*NOUSE*,*NOUSE*,0,0,0,0,0,0,0,0
230,230,,,53,1044,34,181.00,76.25,43.39,3112,237282.00
231,231,*NOUSE*,*NOUSE*,0,0,0,0,0,0,0,0
232,232,,,57,1022,47,184.00,58.71,38.25,4056,238126.00
233,233,*NOUSE*,*NOUSE*,0,0,0,0,0,0,0,0
234,234,,,50,1179,67,176.00,71.10,36.37,2654,188696.00
235,235,,,56,976,73,208.00,64.95,43.84,4238,275279.00
236,236,*NOUSE*,*NOUSE*,0,0,0,0,0,0,0,0
237,237,,,57,208,79,139.00,48.77,32.49,4179,203817.00
238,238,,,54,526,84,133.00,41.39,26.70,3945,163276.00
239,239,*NOUSE*,*NOUSE*,0,0,0,0,0,0,0,0
240,240,,,59,201,62,160.00,50.98,33.61,3834,195453.00
241,241,*NOUSE*,*NOUSE*,0,0,0,0,0,0,0,0
242,242,,,59,392,72,78.00,28.75,12.84,5213,149854.00
243,243,*NOUSE*,*NOUSE*,0,0,0,0,0,0,0,0
244,244,*NOUSE*,*NOUSE*,0,0,0,0,0,0,0,0
245,245,,,54,1138,83,159.00,76.81,33.82,3619,277985.00
246,246,*NOUSE*,*NOUSE*,0,0,0,0,0,0,0,0
247,247,*NOUSE*,*NOUSE*,0,0,0,0,0,0,0,0
248,248,,,55,1246,104,131.00,54.33,25.61,3694,200713.00
249,249,*NOUSE*,*NOUSE*,0,0,0,0,0,0,0,0
250,250,*NOUSE*,*NOUSE*,0,0,0,0,0,0,0,0
251,251,,,56,1497,44,131.00,39.37,24.28,3580,140934.00
252,252,,,57,323,46,149.00,53.06,31.74,4291,227667.00
253,253,,,61,812,50,73.00,27.95,12.38,8380,234220.00
254,254,*NOUSE*,*NOUSE*,0,0,0,0,0,0,0,0
255,255,,,54,1312,55,146.00,54.25,31.54,3610,195835.00
256,256,*NOUSE*,*NOUSE*,0,0,0,0,0,0,0,0
257,257,*NOUSE*,*NOUSE*,0,0,0,0,0,0,0,0
258,258,,,60,893,82,89.00,33.61,15.31,7714,259303.00
259,259,,,56,986,86,177.00,66.52,42.22,3709,246715.00
260,260,,,56,1121,83,189.00,79.80,39.09,3474,277215.00
261,261,,,56,1079,85,174.00,81.74,35.46,3667,299752.00
262,262,*NOUSE*,*NOUSE*,0,0,0,0,0,0,0,0
263,263,,,58,961,31,222.00,61.71,47.59,3686,227480.00
264,264,,,58,821,33,187.00,52.49,41.61,4460,234122.00
265,265,,,60,418,47,85.00,32.06,14.29,6354,203684.00
266,266,,,58,340,52,105.00,38.68,18.46,4710,182161.00
267,267,*NOUSE*,*NOUSE*,0,0,0,0,0,0,0,0
268,268,,,57,1494,77,111.00,35.37,20.20,3925,138840.00
269,269,*NOUSE*,*NOUSE*,0,0,0,0,0,0,0,0
270,270,,,59,833,86,72.00,29.34,12.07,7210,211528.00
271,271,*NOUSE*,*NOUSE*,0,0,0,0,0,0,0,0
272,272,*NOUSE*,*NOUSE*,0,0,0,0,0,0,0,0
273,273,*NOUSE*,*NOUSE*,0,0,0,0,0,0,0,0
274,274,*NOUSE*,*NOUSE*,0,0,0,0,0,0,0,0
275,275,,,60,1016,29,178.00,60.34,40.88,3463,208948.00
276,276,,,59,933,32,222.00,65.19,51.14,3453,225111.00
277,277,*NOUSE*,*NOUSE*,0,0,0,0,0,0,0,0
278,278,*NOUSE*,*NOUSE*,0,0,0,0,0,0,0,0
279,279,*NOUSE*,*NOUSE*,0,0,0,0,0,0,0,0
280,280,*NOUSE*,*NOUSE*,0,0,0,0,0,0,0,0
281,281,,,59,1198,37,162.00,58.07,38.84,3054,177360.00
282,282,,,57,1469,40,126.00,39.52,24.87,3474,137289.00
283,283,*NOUSE*,*NOUSE*,0,0,0,0,0,0,0,0
284,284,*NOUSE*,*NOUSE*,0,0,0,0,0,0,0,0
285,285,*NOUSE*,*NOUSE*,0,0,0,0,0,0,0,0
286,286,*NOUSE*,*NOUSE*,0,0,0,0,0,0,0,0
287,287,*NOUSE*,*NOUSE*,0,0,0,0,0,0,0,0
288,288,*NOUSE*,*NOUSE*,0,0,0,0,0,0,0,0
289,289,*NOUSE*,*NOUSE*,0,0,0,0,0,0,0,0
290,290,*NOUSE*,*NOUSE*,0,0,0,0,0,0,0,0
291,291,,,61,694,77,75.00,29.14,12.37,7577,220791.00
292,292,,,58,1437,78,120.00,37.66,23.76,4237,159573.00
293,293,*NOUSE*,*NOUSE*,0,0,0,0,0,0,0,0
294,294,,,59,236,79,153.00,60.60,32.02,1857,112525.00
295,295,,,62,761,87,74.00,30.08,13.74,8390,252401.00
296,296,*NOUSE*,*NOUSE*,0,0,0,0,0,0,0,0
297,297,*NOUSE*,*NOUSE*,0,0,0,0,0,0,0,0
298,298,,,60,1027,92,149.00,43.00,26.66,7138,306918.00
299,299,,,60,844,31,200.00,60.11,47.10,3811,229074.00
300,300,*NOUSE*,*NOUSE*,0,0,0,0,0,0,0,0
301,301,*NOUSE*,*NOUSE*,0,0,0,0,0,0,0,0
302,302,*NOUSE*,*NOUSE*,0,0,0,0,0,0,0,0
303,303,*NOUSE*,*NOUSE*,0,0,0,0,0,0,0,0
304,304,*NOUSE*,*NOUSE*,0,0,0,0,0,0,0,0
305,305,,,61,1052,49,214.00,72.08,42.19,3333,240249.00
306,306,,,63,508,50,69.00,26.90,11.88,4773,128392.00
307,307,*NOUSE*,*NOUSE*,0,0,0,0,0,0,0,0
308,308,,,60,147,61,140.00,38.40,25.45,4364,167573.00
309,309,*NOUSE*,*NOUSE*,0,0,0,0,0,0,0,0
310,310,*NOUSE*,*NOUSE*,0,0,0,0,0,0,0,0
311,311,,,58,1105,91,209.00,83.76,38.17,3330,278912.00
312,312,*NOUSE*,*NOUSE*,0,0,0,0,0,0,0,0
313,313,,,61,595,33,196.00,56.18,43.19,5219,293224.00
314,314,,,62,401,37,155.00,45.79,32.12,5885,269450.00
315,315,*NOUSE*,*NOUSE*,0,0,0,0,0,0,0,0
316,316,,,60,1333,37,113.00,44.89,21.92,2743,123137.00
317,317,,,63,737,55,76.00,28.25,11.05,6868,194050.00
318,318,*NOUSE*,*NOUSE*,0,0,0,0,0,0,0,0
319,319,*NOUSE*,*NOUSE*,0,0,0,0,0,0,0,0
320,320,,,61,251,70,168.00,74.09,28.88,2848,211004.00
321,321,*NOUSE*,*NOUSE*,0,0,0,0,0,0,0,0
322,322,*NOUSE*,*NOUSE*,0,0,0,0,0,0,0,0
323,323,*NOUSE*,*NOUSE*,0,0,0,0,0,0,0,0
324,324,*NOUSE*,*NOUSE*,0,0,0,0,0,0,0,0
325,325,*NOUSE*,*NOUSE*,0,0,0,0,0,0,0,0
326,326,,,62,434,37,153.00,44.63,33.60,4860,216888.00
327,327,*NOUSE*,*NOUSE*,54,298,46,78.00,37.03,15.87,58,2148.00
328,328,,,61,165,53,123.00,39.46,24.49,4162,164230.00
329,329,*NOUSE*,*NOUSE*,0,0,0,0,0,0,0,0
330,330,*NOUSE*,*NOUSE*,0,0,0,0,0,0,0,0
331,331,,,61,1089,54,157.00,64.90,31.67,4136,268417.00
332,332,*NOUSE*,*NOUSE*,0,0,0,0,0,0,0,0
333,333,,,60,267,66,174.00,73.93,32.32,2864,211740.00
334,334,*NOUSE*,*NOUSE*,0,0,0,0,0,0,0,0
335,335,*NOUSE*,*NOUSE*,0,0,0,0,0,0,0,0
336,336,*NOUSE*,*NOUSE*,0,0,0,0,0,0,0,0
337,337,,,61,1214,73,151.00,45.33,28.35,4861,220360.00
338,338,*NOUSE*,*NOUSE*,0,0,0,0,0,0,0,0
339,339,*NOUSE*,*NOUSE*,0,0,0,0,0,0,0,0
340,340,,,61,1400,91,164.00,49.24,33.05,4038,198842.00
341,341,*NOUSE*,*NOUSE*,0,0,0,0,0,0,0,0
342,342,,,58,1151,94,185.00,75.68,35.29,3358,254117.00
343,343,,,61,1067,92,217.00,80.81,43.41,3836,309975.00
344,344,*NOUSE*,*NOUSE*,0,0,0,0,0,0,0,0
345,345,,,62,1167,30,177.00,51.85,35.06,3285,170317.00
346,346,,,63,679,35,194.00,57.78,41.97,4616,266690.00
347,347,,,63,1295,34,117.00,42.07,22.85,3407,143340.00
348,348,,,63,1102,31,220.00,73.25,47.85,2897,212208.00
349,349,,,63,754,35,206.00,59.70,47.06,3758,224337.00
350,350,*NOUSE*,*NOUSE*,0,0,0,0,0,0,0,0
351,351,*NOUSE*,*NOUSE*,0,0,0,0,0,0,0,0
352,352,*NOUSE*,*NOUSE*,0,0,0,0,0,0,0,0
353,353,,,62,1050,93,176.00,64.82,35.36,3779,244953.00
354,354,,,64,1122,32,174.00,56.83,38.44,3333,189429.00
355,355,,,63,267,42,141.00,45.97,27.95,4115,189177.00
356,356,,,63,240,54,114.00,47.78,23.73,3746,178970.00
357,357,*NOUSE*,*NOUSE*,0,0,0,0,0,0,0,0
358,358,*NOUSE*,*NOUSE*,0,0,0,0,0,0,0,0
359,359,*NOUSE*,*NOUSE*,0,0,0,0,0,0,0,0
360,360,*NOUSE*,*NOUSE*,0,0,0,0,0,0,0,0
361,361,,,64,1435,87,147.00,48.41,33.71,3498,169348.00
362,362,,,63,1301,100,145.00,52.75,33.03,4418,233069.00
363,363,,,64,1204,101,184.00,63.78,40.19,4316,275287.00
364,364,*NOUSE*,*NOUSE*,0,0,0,0,0,0,0,0
365,365,,,63,1149,35,170.00,70.65,37.88,2258,159538.00
366,366,*NOUSE*,*NOUSE*,0,0,0,0,0,0,0,0
367,367,*NOUSE*,*NOUSE*,0,0,0,0,0,0,0,0
368,368,*NOUSE*,*NOUSE*,0,0,0,0,0,0,0,0
369,369,,,64,171,64,132.00,52.27,32.20,3589,187600.00
370,370,,,63,1379,77,141.00,49.54,29.75,2501,123898.00
371,371,,,64,364,82,139.00,45.87,30.03,3217,147569.00
372,372,,,65,408,82,137.00,41.90,28.96,3598,150740.00
373,373,,,69,242,77,188.00,65.20,42.09,3553,231641.00
374,374,*NOUSE*,*NOUSE*,0,0,0,0,0,0,0,0
375,375,,,65,735,36,207.00,61.01,45.67,4569,278747.00
376,376,,,66,775,39,206.00,52.40,41.40,4278,224182.00
377,377,*NOUSE*,*NOUSE*,0,0,0,0,0,0,0,0
378,378,*NOUSE*,*NOUSE*,0,0,0,0,0,0,0,0
379,379,*NOUSE*,*NOUSE*,0,0,0,0,0,0,0,0
380,380,*NOUSE*,*NOUSE*,0,0,0,0,0,0,0,0
381,381,*NOUSE*,*NOUSE*,0,0,0,0,0,0,0,0
382,382,*NOUSE*,*NOUSE*,0,0,0,0,0,0,0,0
383,383,*NOUSE*,*NOUSE*,0,0,0,0,0,0,0,0
384,384,,,67,226,79,157.00,57.79,36.61,3298,190580.00
385,385,,,66,604,87,156.00,46.35,33.36,3935,182376.00
386,386,,,67,1415,87,166.00,49.89,34.39,3823,190747.00
387,387,,,66,1277,103,172.00,57.49,33.15,4337,249337.00
388,388,*NOUSE*,*NOUSE*,0,0,0,0,0,0,0,0
389,389,*NOUSE*,*NOUSE*,0,0,0,0,0,0,0,0
390,390,,,66,1009,50,231.00,68.90,45.05,3758,258914.00
391,391,,,65,1329,92,162.00,56.00,30.88,4538,254114.00
392,392,,,68,940,47,130.00,39.32,21.47,6376,250681.00
393,393,,,66,1082,43,231.00,102.99,55.03,2472,254599.00
394,394,,,68,1447,52,131.00,37.42,24.31,4002,149755.00
395,395,,,68,984,76,227.00,73.42,50.54,4324,317465.00
396,396,*NOUSE*,*NOUSE*,0,0,0,0,0,0,0,0
397,397,*NOUSE*,*NOUSE*,0,0,0,0,0,0,0,0
398,398,*NOUSE*,*NOUSE*,0,0,0,0,0,0,0,0
399,399,*NOUSE*,*NOUSE*,0,0,0,0,0,0,0,0
400,400,,,68,548,84,140.00,43.80,31.06,4298,188241.00
401,401,,,67,459,84,129.00,42.77,27.08,4320,184753.00
402,402,*NOUSE*,*NOUSE*,0,0,0,0,0,0,0,0
403,403,,,66,1171,107,141.00,51.70,25.24,2519,130241.00
404,404,,,67,529,35,183.00,53.02,38.48,5030,266711.00
405,405,,,69,666,39,196.00,59.44,41.03,4168,247765.00
406,406,*NOUSE*,*NOUSE*,0,0,0,0,0,0,0,0
407,407,*NOUSE*,*NOUSE*,0,0,0,0,0,0,0,0
408,408,*NOUSE*,*NOUSE*,0,0,0,0,0,0,0,0
409,409,,,71,296,66,146.00,49.88,33.39,3857,192405.00
410,410,,,70,1015,87,227.00,74.39,53.15,4022,299193.00
411,411,,,70,781,98,200.00,56.71,43.66,5283,299604.00
412,412,*NOUSE*,*NOUSE*,0,0,0,0,0,0,0,0
413,413,*NOUSE*,*NOUSE*,0,0,0,0,0,0,0,0
414,414,,,68,1061,35,224.00,89.00,52.12,2548,226779.00
415,415,*NOUSE*,*NOUSE*,0,0,0,0,0,0,0,0
416,416,,,70,1423,52,144.00,44.34,31.75,2643,117185.00
417,417,,,78,648,70,189.00,54.05,40.87,5285,285654.00
418,418,,,73,939,86,141.00,42.77,25.99,6174,264038.00
419,419,,,70,677,94,174.00,49.72,38.42,4494,223463.00
420,420,*NOUSE*,*NOUSE*,0,0,0,0,0,0,0,0
421,421,*NOUSE*,*NOUSE*,0,0,0,0,0,0,0,0
422,422,*NOUSE*,*NOUSE*,0,0,0,0,0,0,0,0
423,423,*NOUSE*,*NOUSE*,0,0,0,0,0,0,0,0
424,424,*NOUSE*,*NOUSE*,0,0,0,0,0,0,0,0
425,425,*NOUSE*,*NOUSE*,0,0,0,0,0,0,0,0
426,426,,,72,1407,51,169.00,46.95,36.71,4952,232473.00
427,427,,,71,1316,55,191.00,62.60,36.96,3494,218738.00
428,428,*NOUSE*,*NOUSE*,0,0,0,0,0,0,0,0
429,429,,,67,1095,71,194.00,76.24,36.93,3410,259983.00
430,430,,,72,967,38,179.00,52.13,38.73,4429,230869.00
431,431,,,71,1324,37,143.00,51.79,28.70,2773,143619.00
432,432,*NOUSE*,*NOUSE*,0,0,0,0,0,0,0,0
433,433,,,70,1132,44,222.00,95.48,50.97,2524,240989.00
434,434,*NOUSE*,*NOUSE*,0,0,0,0,0,0,0,0
435,435,,,73,828,41,200.00,55.46,43.48,4275,237088.00
436,436,,,74,648,44,204.00,55.60,43.32,4488,249529.00
437,437,*NOUSE*,*NOUSE*,0,0,0,0,0,0,0,0
438,438,*NOUSE*,*NOUSE*,0,0,0,0,0,0,0,0
439,439,,,71,295,51,174.00,63.74,41.11,2735,174324.00
440,440,*NOUSE*,*NOUSE*,0,0,0,0,0,0,0,0
441,441,,,72,1178,53,249.00,89.83,51.75,2517,226090.00
442,442,*NOUSE*,*NOUSE*,0,0,0,0,0,0,0,0
443,443,*NOUSE*,*NOUSE*,0,0,0,0,0,0,0,0
444,444,*NOUSE*,*NOUSE*,0,0,0,0,0,0,0,0
445,445,*NOUSE*,*NOUSE*,0,0,0,0,0,0,0,0
446,446,,,72,255,60,146.00,54.45,33.55,3633,197806.00
447,447,,,72,1074,70,233.00,93.79,50.14,3050,286071.00
448,448,,,68,1077,84,207.00,87.80,40.57,3511,308274.00
449,449,*NOUSE*,*NOUSE*,0,0,0,0,0,0,0,0
450,450,,,71,998,99,192.00,61.58,46.11,4971,306123.00
451,451,*NOUSE*,*NOUSE*,0,0,0,0,0,0,0,0
452,452,*NOUSE*,*NOUSE*,0,0,0,0,0,0,0,0
453,453,,,74,1115,50,204.00,68.02,36.92,3805,258824.00
454,454,*NOUSE*,*NOUSE*,0,0,0,0,0,0,0,0
455,455,,,73,1252,55,192.00,69.12,41.88,3152,217851.00
456,456,,,71,235,66,151.00,54.38,35.47,3280,178371.00
457,457,*NOUSE*,*NOUSE*,0,0,0,0,0,0,0,0
458,458,*NOUSE*,*NOUSE*,0,0,0,0,0,0,0,0
459,459,*NOUSE*,*NOUSE*,0,0,0,0,0,0,0,0
460,460,,,74,893,93,217.00,58.15,45.30,4669,271495.00
461,461,,,72,1094,35,175.00,72.94,39.76,1262,92045.00
462,462,,,74,1020,37,213.00,55.56,41.94,4083,226858.00
463,463,,,72,1269,47,153.00,55.64,30.29,3453,192125.00
464,464,*NOUSE*,*NOUSE*,0,0,0,0,0,0,0,0
465,465,,,73,1024,59,175.00,56.55,37.78,3905,220826.00
466,466,,,75,1266,64,183.00,67.59,37.60,3315,224053.00
467,467,*NOUSE*,*NOUSE*,0,0,0,0,0,0,0,0
468,468,*NOUSE*,*NOUSE*,0,0,0,0,0,0,0,0
469,469,,,74,1046,88,238.00,81.39,54.81,4204,342162.00
470,470,,,72,1390,87,146.00,52.12,34.21,1899,98977.00
471,471,*NOUSE*,*NOUSE*,0,0,0,0,0,0,0,0
472,472,,,70,1151,95,169.00,76.46,35.38,2995,229000.00
473,473,*NOUSE*,*NOUSE*,0,0,0,0,0,0,0,0
474,474,,,76,682,44,224.00,68.38,51.66,3777,258256.00
475,475,,,73,1047,61,178.00,61.41,38.18,4210,258518.00
476,476,,,73,1063,61,243.00,96.38,54.64,3019,290982.00
477,477,*NOUSE*,*NOUSE*,0,0,0,0,0,0,0,0
478,478,*NOUSE*,*NOUSE*,0,0,0,0,0,0,0,0
479,479,*NOUSE*,*NOUSE*,0,0,0,0,0,0,0,0
480,480,*NOUSE*,*NOUSE*,0,0,0,0,0,0,0,0
481,481,,,75,1126,81,194.00,86.66,40.02,3925,340156.00
482,482,*NOUSE*,*NOUSE*,0,0,0,0,0,0,0,0
483,483,*NOUSE*,*NOUSE*,0,0,0,0,0,0,0,0
484,484,,,76,729,43,186.00,54.69,40.86,4897,267813.00
485,485,,,73,271,67,152.00,51.98,34.88,3925,204003.00
486,486,*NOUSE*,*NOUSE*,0,0,0,0,0,0,0,0
487,487,,,75,1298,66,191.00,71.61,41.37,3118,223267.00
488,488,,,75,426,74,98.00,32.66,17.50,4882,159450.00
489,489,,,76,1017,74,226.00,76.45,51.52,3843,293791.00
490,490,*NOUSE*,*NOUSE*,0,0,0,0,0,0,0,0
491,491,*NOUSE*,*NOUSE*,0,0,0,0,0,0,0,0
492,492,*NOUSE*,*NOUSE*,0,0,0,0,0,0,0,0
493,493,*NOUSE*,*NOUSE*,0,0,0,0,0,0,0,0
494,494,*NOUSE*,*NOUSE*,0,0,0,0,0,0,0,0
495,495,*NOUSE*,*NOUSE*,0,0,0,0,0,0,0,0
496,496,,,78,984,91,204.00,67.40,48.97,4383,295412.00
497,497,*NOUSE*,*NOUSE*,0,0,0,0,0,0,0,0
498,498,*NOUSE*,*NOUSE*,0,0,0,0,0,0,0,0
499,499,*NOUSE*,*NOUSE*,0,0,0,0,0,0,0,0
500,500,,,78,624,51,212.00,61.08,44.03,4271,260882.00
501,501,,,81,1018,51,233.00,67.99,49.46,4401,299209.00
502,502,*NOUSE*,*NOUSE*,0,0,0,0,0,0,0,0
503,503,*NOUSE*,*NOUSE*,0,0,0,0,0,0,0,0
504,504,*NOUSE*,*NOUSE*,0,0,0,0,0,0,0,0
505,505,*NOUSE*,*NOUSE*,0,0,0,0,0,0,0,0
506,506,*NOUSE*,*NOUSE*,0,0,0,0,0,0,0,0
507,507,,,78,594,53,129.00,40.49,23.95,4931,199666.00
508,508,,,78,996,55,244.00,75.14,59.03,3472,260870.00
509,509,*NOUSE*,*NOUSE*,0,0,0,0,0,0,0,0
510,510,*NOUSE*,*NOUSE*,0,0,0,0,0,0,0,0
511,511,*NOUSE*,*NOUSE*,0,0,0,0,0,0,0,0
512,512,,,77,1228,72,184.00,77.50,41.88,2787,216006.00
513,513,*NOUSE*,*NOUSE*,0,0,0,0,0,0,0,0
514,514,*NOUSE*,*NOUSE*,0,0,0,0,0,0,0,0
515,515,*NOUSE*,*NOUSE*,0,0,0,0,0,0,0,0
516,516,*NOUSE*,*NOUSE*,0,0,0,0,0,0,0,0
517,517,,,78,1140,42,185.00,89.11,44.56,2173,193626.00
518,518,*NOUSE*,*NOUSE*,0,0,0,0,0,0,0,0
519,519,*NOUSE*,*NOUSE*,0,0,0,0,0,0,0,0
520,520,*NOUSE*,*NOUSE*,0,0,0,0,0,0,0,0
521,521,*NOUSE*,*NOUSE*,0,0,0,0,0,0,0,0
522,522,,,79,938,61,244.00,75.68,59.95,3604,272740.00
523,523,,,76,1177,65,217.00,93.44,44.86,2603,243218.00
524,524,*NOUSE*,*NOUSE*,0,0,0,0,0,0,0,0
525,525,,,77,1115,69,219.00,90.33,48.40,3089,279029.00
526,526,*NOUSE*,*NOUSE*,0,0,0,0,0,0,0,0
527,527,*NOUSE*,*NOUSE*,0,0,0,0,0,0,0,0
528,528,*NOUSE*,*NOUSE*,0,0,0,0,0,0,0,0
529,529,*NOUSE*,*NOUSE*,0,0,0,0,0,0,0,0
530,530,*NOUSE*,*NOUSE*,0,0,0,0,0,0,0,0
531,531,,,78,1258,91,190.00,66.37,35.98,3832,254315.00
532,532,,,75,1180,95,205.00,89.48,48.93,2840,254126.00
533,533,*NOUSE*,*NOUSE*,0,0,0,0,0,0,0,0
534,534,,,80,1331,52,182.00,61.82,36.57,2899,179203.00
535,535,,,78,1099,62,208.00,95.33,48.03,2646,252242.00
536,536,*NOUSE*,*NOUSE*,0,0,0,0,0,0,0,0
537,537,*NOUSE*,*NOUSE*,0,0,0,0,0,0,0,0
538,538,*NOUSE*,*NOUSE*,0,0,0,0,0,0,0,0
539,539,,,79,782,88,230.00,73.54,54.14,3677,270405.00
540,540,*NOUSE*,*NOUSE*,0,0,0,0,0,0,0,0
541,541,*NOUSE*,*NOUSE*,0,0,0,0,0,0,0,0
542,542,*NOUSE*,*NOUSE*,0,0,0,0,0,0,0,0
543,543,,,80,1210,42,162.00,57.28,34.40,2556,146402.00
544,544,,,79,1123,43,211.00,85.69,46.24,2356,201874.00
545,545,,,78,1349,39,126.00,47.45,26.15,2765,131197.00
546,546,,,79,1321,47,178.00,65.56,37.77,2311,151520.00
547,547,,,80,541,51,141.00,39.83,25.02,5796,230879.00
548,548,*NOUSE*,*NOUSE*,0,0,0,0,0,0,0,0
549,549,,,79,1165,68,225.00,95.62,43.46,2536,242485.00
550,550,*NOUSE*,*NOUSE*,0,0,0,0,0,0,0,0
551,551,,,86,1238,69,192.00,72.61,47.20,3219,233733.00
552,552,*NOUSE*,*NOUSE*,0,0,0,0,0,0,0,0
553,553,*NOUSE*,*NOUSE*,0,0,0,0,0,0,0,0
554,554,*NOUSE*,*NOUSE*,0,0,0,0,0,0,0,0
555,555,*NOUSE*,*NOUSE*,0,0,0,0,0,0,0,0
556,556,*NOUSE*,*NOUSE*,0,0,0,0,0,0,0,0
557,557,,,81,1290,42,149.00,50.46,28.70,3263,164645.00
558,558,,,81,817,56,158.00,43.06,27.93,5550,238966.00
559,559,*NOUSE*,*NOUSE*,0,0,0,0,0,0,0,0
560,560,*NOUSE*,*NOUSE*,0,0,0,0,0,0,0,0
561,561,*NOUSE*,*NOUSE*,0,0,0,0,0,0,0,0
562,562,*NOUSE*,*NOUSE*,0,0,0,0,0,0,0,0
563,563,*NOUSE*,*NOUSE*,0,0,0,0,0,0,0,0
564,564,,,80,1252,45,168.00,64.10,40.49,2626,168325.00
565,565,*NOUSE*,*NOUSE*,0,0,0,0,0,0,0,0
566,566,,,83,670,52,144.00,45.47,29.91,4846,220330.00
567,567,,,82,1410,67,122.00,36.01,19.89,4512,162473.00
568,568,,,82,792,75,115.00,38.70,22.97,6032,233465.00
569,569,*NOUSE*,*NOUSE*,0,0,0,0,0,0,0,0
570,570,*NOUSE*,*NOUSE*,0,0,0,0,0,0,0,0
571,571,*NOUSE*,*NOUSE*,0,0,0,0,0,0,0,0
572,572,,,81,1114,87,214.00,92.43,47.39,3332,307975.00
573,573,*NOUSE*,*NOUSE*,0,0,0,0,0,0,0,0
574,574,,,83,1236,55,208.00,73.96,46.27,2793,206566.00
575,575,,,83,1306,54,191.00,63.44,40.53,2863,181634.00
576,576,*NOUSE*,*NOUSE*,0,0,0,0,0,0,0,0
577,577,,,85,922,57,192.00,53.23,40.21,5009,266647.00
578,578,*NOUSE*,*NOUSE*,0,0,0,0,0,0,0,0
579,579,*NOUSE*,*NOUSE*,0,0,0,0,0,0,0,0
580,580,*NOUSE*,*NOUSE*,0,0,0,0,0,0,0,0
581,581,,,84,1038,47,224.00,65.76,50.72,3842,252664.00
582,582,,,83,1056,51,233.00,76.52,52.87,3441,263300.00
583,583,*NOUSE*,*NOUSE*,0,0,0,0,0,0,0,0
584,584,,,85,1263,55,186.00,66.79,43.05,2882,192478.00
585,585,,,84,1357,63,147.00,49.99,32.87,3093,154604.00
586,586,,,83,1248,60,172.00,71.69,42.26,2831,202966.00
587,587,*NOUSE*,*NOUSE*,0,0,0,0,0,0,0,0
588,588,*NOUSE*,*NOUSE*,0,0,0,0,0,0,0,0
589,589,,,83,1265,79,219.00,72.52,45.45,3517,255064.00
590,590,*NOUSE*,*NOUSE*,0,0,0,0,0,0,0,0
591,591,,,85,713,57,156.00,46.28,30.14,4260,197163.00
592,592,*NOUSE*,*NOUSE*,0,0,0,0,0,0,0,0
593,593,,,85,877,69,125.00,39.97,23.25,6822,272695.00
594,594,*NOUSE*,*NOUSE*,0,0,0,0,0,0,0,0
595,595,*NOUSE*,*NOUSE*,0,0,0,0,0,0,0,0
596,596,*NOUSE*,*NOUSE*,0,0,0,0,0,0,0,0
597,597,*NOUSE*,*NOUSE*,0,0,0,0,0,0,0,0
598,598,*NOUSE*,*NOUSE*,0,0,0,0,0,0,0,0
599,599,,,84,1277,89,166.00,62.51,34.15,3206,200404.00
600,600,,,85,1223,60,174.00,67.79,41.16,2640,178970.00
601,601,,,86,1320,61,138.00,52.05,32.17,3284,170944.00
602,602,*NOUSE*,*NOUSE*,0,0,0,0,0,0,0,0
603,603,,,86,1014,77,164.00,53.15,35.81,4975,264407.00
604,604,*NOUSE*,*NOUSE*,0,0,0,0,0,0,0,0
605,605,*NOUSE*,*NOUSE*,0,0,0,0,0,0,0,0
606,606,,,85,1179,57,195.00,77.05,47.43,2917,224747.00
607,607,*NOUSE*,*NOUSE*,0,0,0,0,0,0,0,0
608,608,,,86,1068,74,245.00,86.38,53.17,4121,355966.00
609,609,,,87,1264,67,169.00,59.01,35.05,3384,199686.00
610,610,,,87,1190,72,196.00,61.44,41.35,3755,230709.00
611,611,,,87,1173,72,201.00,77.37,46.13,3232,250051.00
612,612,,,88,1111,73,193.00,70.29,43.29,3093,217402.00
613,613,*NOUSE*,*NOUSE*,0,0,0,0,0,0,0,0
614,614,*NOUSE*,*NOUSE*,0,0,0,0,0,0,0,0
615,615,,,89,1058,66,144.00,53.84,30.95,2138,115119.00
616,616,,,88,1148,62,191.00,63.98,38.47,3589,229608.00
617,617,*NOUSE*,*NOUSE*,0,0,0,0,0,0,0,0
618,618,*NOUSE*,*NOUSE*,0,0,0,0,0,0,0,0
619,619,*NOUSE*,*NOUSE*,0,0,0,0,0,0,0,0
620,620,*NOUSE*,*NOUSE*,0,0,0,0,0,0,0,0
621,621,*NOUSE*,*NOUSE*,0,0,0,0,0,0,0,0
622,622,*NOUSE*,*NOUSE*,0,0,0,0,0,0,0,0
623,623,,*MANUAL*,57,988,47,218.00,128.08,36.01,809,103617.00
624,624,,*MANUAL*,62,995,46,232.00,132.43,47.51,895,118526.00
625,625,,*MANUAL*$210$135,48,1004,82,120.00,41.93,23.59,5502,230685.00
626,626,,*MANUAL*,50,1047,90,194.00,118.18,29.01,1320,155992.00
627,627,,*MANUAL*$515$494,76,1061,79,228.00,87.51,46.97,3091,270506.00
628,628,,*MANUAL*,60,1068,54,239.00,158.45,25.54,435,68924.00
629,629,,*MANUAL*,67,1068,54,224.00,128.34,29.83,485,62244.00
630,630,,*MANUAL*$309$290,56,1096,72,161.00,70.98,29.32,3577,253893.00
631,631,,*MANUAL*,54,1227,54,197.00,102.87,35.02,1076,110689.00
632,632,,*MANUAL*,69,1226,56,227.00,123.84,35.92,1022,126569.00
633,633,,*MANUAL*$360$359,63,1244,81,168.00,59.19,35.55,4210,249182.00
634,634,,*MANUAL*,63,1262,87,196.00,142.84,18.97,465,66419.00
635,635,,*MANUAL*,55,1265,84,153.00,99.96,19.62,485,48479.00
636,636,,*MANUAL*,70,1265,84,171.00,107.72,19.83,485,52244.00
637,637,,*MANUAL*,49,1268,67,153.00,78.31,26.27,1305,102199.00
638,638,,*MANUAL*,59,1268,46,129.00,69.03,23.08,895,61779.00
639,639,,*MANUAL*,50,1273,53,178.00,115.67,21.50,723,83633.00
640,640,,*MANUAL*,55,1271,57,182.00,110.59,34.21,895,98974.00
641,641,,*MANUAL*,70,1282,58,215.00,123.33,36.02,757,93361.00
642,642,,*MANUAL*,77,1284,55,210.00,150.08,25.10,889,133423.00
643,643,,*MANUAL*$236$224,53,1286,77,131.00,56.18,25.71,3603,202428.00
644,644,,*MANUAL*,76,1285,75,160.00,92.45,20.74,815,75344.00
645,645,,*MANUAL*,55,1290,52,187.00,130.25,26.86,479,62392.00
646,646,,*MANUAL*,54,1290,63,166.00,99.07,29.10,485,48051.00
647,647,,*MANUAL*,63,1291,46,177.00,97.87,23.83,871,85247.00
648,648,,*MANUAL*,72,1294,49,210.00,117.25,43.48,895,104941.00
649,649,,*MANUAL*,61,1278,88,214.00,146.05,33.72,411,60027.00
650,650,,*MANUAL*,66,1282,87,232.00,146.38,36.65,485,70996.00
651,651,,*MANUAL*$182$181,49,1442,52,105.00,33.51,19.66,4441,148822.00
652,652,,*MANUAL*,52,1412,52,128.00,54.73,31.87,1365,74705.00
653,653,,*MANUAL*,53,1395,52,153.00,73.34,31.95,1365,100103.00
654,654,,*MANUAL*,54,1371,52,172.00,80.50,33.99,1069,86053.00
655,655,,*MANUAL*,52,1343,53,136.00,73.84,26.47,895,66088.00
656,656,,*MANUAL*$256$241,54,1322,63,120.00,45.88,23.56,2516,115438.00
657,657,,*MANUAL*,75,1380,50,162.00,88.40,28.89,1009,89191.00
658,658,,*MANUAL*,73,1348,50,159.00,84.22,28.50,1085,91379.00
659,659,,*MANUAL*$444$445,71,1332,61,122.00,46.92,23.75,3700,173613.00
660,660,,*MANUAL*,61,1405,79,154.00,71.13,29.69,895,63659.00
661,661,,*MANUAL*,63,1359,78,159.00,93.50,29.02,1236,115560.00
662,662,,*MANUAL*,63,1308,83,138.00,52.46,29.00,2103,110331.00
663,663,,*MANUAL*,58,1330,76,113.00,53.64,18.25,1365,73217.00
664,664,,*MANUAL*,68,1364,74,131.00,55.98,26.12,895,50106.00
665,665,,*MANUAL*,69,1366,48,115.00,54.07,20.49,895,48395.00
666,666,,*MANUAL*,58,1357,49,111.00,51.33,13.73,895,45938.00
667,667,,*MANUAL*$15$22,37,1067,70,171.00,61.38,35.48,3670,225254.00
668,668,,*MANUAL*,39,1132,63,169.00,102.47,24.87,1355,138848.00
669,669,,*MANUAL*,37,1092,76,189.00,117.07,25.68,1274,149147.00
670,670,,*MANUAL*,42,1092,90,202.00,130.39,32.95,821,107050.00
671,671,,*MANUAL*,44,1148,93,154.00,95.91,23.62,1365,130913.00
672,672,,*MANUAL*,50,1088,91,212.00,139.77,31.14,895,125098.00
673,673,,*MANUAL*,58,1172,93,192.00,121.81,23.47,1332,162248.00
674,674,,*MANUAL*,45,1088,70,189.00,118.66,24.14,1365,161970.00
675,675,,*MANUAL*,83,1072,52,235.00,148.20,32.93,867,128487.00
676,676,,*MANUAL*,85,1089,53,242.00,141.69,35.95,877,124261.00
677,677,,*MANUAL*,86,1113,56,161.00,94.05,26.57,1365,128379.00
678,678,,*MANUAL*,88,1127,52,195.00,111.01,34.73,1365,151523.00
679,679,,*MANUAL*,88,1163,55,223.00,128.07,38.80,1293,165595.00
680,680,,*MANUAL*,86,1132,71,168.00,96.78,28.76,1365,132099.00
681,681,,*MANUAL*,86,1090,70,241.00,144.08,42.01,1341,193205.00
682,682,,*MANUAL*,84,1080,80,248.00,159.41,40.31,895,142674.00
683,683,,*MANUAL*,84,1095,86,250.00,147.01,49.48,1358,199643.00
684,684,,*MANUAL*,86,1134,85,209.00,111.92,51.94,1310,146616.00
685,685,,*MANUAL*,86,1155,77,192.00,102.88,39.29,1360,139911.00
686,686,,*MANUAL*,83,1172,86,232.00,124.67,40.87,895,111576.00
687,687,,*MANUAL*,78,1085,89,242.00,172.64,34.48,895,154516.00
688,688,,*MANUAL*$482$468,72,1106,87,191.00,89.07,37.70,3132,278979.00
689,689,,*MANUAL*,68,1166,90,197.00,122.57,29.07,1347,165103.00
690,690,,*MANUAL*,79,1142,84,206.00,118.91,29.41,1365,162307.00
691,691,,*MANUAL*,77,1161,83,210.00,133.33,39.53,1365,182000.00
692,692,,*MANUAL*,77,1180,81,238.00,158.63,24.97,867,137532.00
693,693,,*MANUAL*,77,1097,75,230.00,161.28,28.53,895,144343.00
694,694,,*MANUAL*,77,1143,68,194.00,121.10,31.63,895,108385.00
695,695,,*MANUAL*,80,1081,64,244.00,140.86,33.86,1365,192270.00
696,696,,*MANUAL*,79,1170,44,219.00,130.67,31.86,855,111719.00
697,697,,*MANUAL*,79,1154,44,187.00,130.31,27.02,895,116631.00
698,698,,*MANUAL*,47,1169,47,191.00,119.28,23.55,804,95899.00
699,699,,*MANUAL*,47,1153,47,188.00,118.90,23.23,876,104160.00
700,700,,*MANUAL*,50,1139,46,187.00,127.33,20.94,821,104539.00
701,701,,*MANUAL*,72,1167,48,246.00,173.56,21.25,476,82613.00
702,702,,*MANUAL*,54,1167,48,215.00,153.08,24.09,476,72865.00
703,703,,*MANUAL*,63,1165,45,211.00,136.76,26.60,895,122399.00
704,704,,*MANUAL*,79,1159,57,216.00,149.78,26.26,895,134050.00
705,705,,*MANUAL*,68,1151,46,197.00,135.23,29.73,829,112103.00
706,706,,*MANUAL*,57,1151,45,213.00,124.23,30.75,839,104233.00
707,707,,*MANUAL*,59,1139,45,190.00,139.82,27.56,839,117308.00
708,708,,*MANUAL*,50,1135,60,161.00,95.96,22.50,895,85883.00
709,709,,*MANUAL*,44,1125,52,185.00,118.33,27.95,879,104014.00
710,710,,*MANUAL*,54,1124,48,214.00,122.34,41.81,877,107292.00
711,711,,*MANUAL*,80,1139,54,208.00,132.30,31.46,895,118411.00
712,712,,*MANUAL*,70,1100,42,124.00,51.58,16.95,895,46164.00
713,713,,*MANUAL*,75,1085,49,250.00,145.42,44.53,1365,198497.00
714,714,,*MANUAL*,77,1069,44,222.00,125.15,42.62,1365,170828.00
715,715,,*MANUAL*,49,1082,46,187.00,121.42,22.73,894,108547.00
716,716,,*MANUAL*,47,1072,40,183.00,118.77,20.34,879,104403.00
717,717,,*MANUAL*$84$96,43,1039,40,160.00,50.01,30.41,3895,194786.00
718,718,,*MANUAL*,75,1044,36,189.00,98.40,39.91,1365,134310.00
719,719,,*MANUAL*,58,1000,30,194.00,115.73,29.82,1301,150561.00
720,720,,*MANUAL*,58,1031,28,174.00,104.59,25.68,895,93604.00
721,721,,*MANUAL*,64,1041,33,212.00,144.84,28.48,821,118915.00
722,722,,*MANUAL*,60,1056,29,201.00,117.28,29.08,895,104969.00
723,723,,*MANUAL*,56,1068,36,219.00,152.23,28.44,895,136248.00
724,724,,*MANUAL*,64,1074,31,239.00,143.94,47.80,895,128823.00
725,725,,*MANUAL*,55,1081,35,242.00,160.02,30.85,889,142254.00
726,726,,*MANUAL*,62,1088,30,243.00,149.73,46.20,895,134012.00
727,727,,*MANUAL*,37,1243,78,171.00,90.36,28.01,1244,112402.00
728,728,,*MANUAL*,39,1224,67,144.00,76.97,19.91,1277,98290.00
729,729,,*MANUAL*,46,1245,78,159.00,99.00,23.39,895,88602.00
730,730,,*MANUAL*,45,1218,89,166.00,98.93,26.29,867,85769.00
731,731,,*MANUAL*,47,1236,93,185.00,113.52,33.07,1349,153133.00
732,732,,*MANUAL*,47,1226,60,193.00,100.29,26.81,1365,136901.00
733,733,,*MANUAL*,77,1227,54,210.00,132.60,24.50,895,118678.00
734,734,,*MANUAL*,81,1216,70,204.00,127.37,28.91,895,113992.00
735,735,,*MANUAL*,80,1243,74,184.00,114.34,27.21,895,102330.00
736,736,,*MANUAL*,82,1211,82,197.00,107.98,37.47,895,96643.00
737,737,,*MANUAL*,81,1228,85,193.00,125.39,29.79,879,110221.00
738,738,,*MANUAL*,81,1243,86,212.00,132.68,35.46,879,116626.00
739,739,,*MANUAL*,53,1214,42,192.00,116.61,24.81,1239,144474.00
740,740,,*MANUAL*,65,1210,41,213.00,129.38,30.28,712,92119.00
741,741,,*MANUAL*,61,1224,40,211.00,128.10,23.63,759,97227.00
742,742,,*MANUAL*,60,1241,37,168.00,107.72,30.73,833,89732.00
743,743,,*MANUAL*,52,1229,39,213.00,106.67,36.09,1365,145611.00
744,744,,*MANUAL*,71,1223,41,207.00,119.66,35.33,1365,163332.00
745,745,,*MANUAL*,57,1262,34,153.00,76.41,32.29,1147,87648.00
746,746,,*MANUAL*,71,1242,39,163.00,87.51,40.17,1365,119445.00
747,747,,*MANUAL*,66,1185,99,178.00,106.43,34.02,1365,145280.00
748,748,,*MANUAL*,57,1187,84,198.00,135.55,33.91,779,105596.00
749,749,,*MANUAL*,69,1185,85,227.00,151.36,27.45,895,135464.00
750,750,,*MANUAL*,53,1185,102,202.00,112.55,29.61,1365,153633.00
751,751,,*MANUAL*,50,1180,85,214.00,137.00,29.03,1365,187004.00
752,752,,*MANUAL*,52,1162,86,195.00,115.45,26.17,1365,157590.00
753,753,,*MANUAL*,62,1222,95,193.00,137.29,19.15,821,112711.00
754,754,,*MANUAL*,53,1222,94,195.00,125.19,25.83,895,112045.00
755,755,,*MANUAL*,74,1224,92,192.00,133.51,22.65,895,119487.00
756,756,,*MANUAL*,58,1236,90,202.00,121.53,28.28,895,108768.00
757,757,,*MANUAL*,73,1236,88,221.00,154.32,23.06,895,138116.00
758,758,,*MANUAL*,38,1286,79,152.00,88.61,24.10,1361,120600.00
759,759,,*MANUAL*,46,1293,85,154.00,96.25,24.25,895,86147.00
760,760,,*MANUAL*,47,1306,83,172.00,99.73,26.94,895,89259.00
761,761,,*MANUAL*,45,1320,80,149.00,94.08,24.98,895,84201.00
762,762,,*MANUAL*,46,1336,80,170.00,88.77,29.85,1365,121166.00
763,763,,*MANUAL*,42,1348,76,130.00,79.85,17.80,895,71462.00
764,764,,*MANUAL*,42,1330,60,152.00,88.04,25.85,1365,120176.00
765,765,,*MANUAL*,38,1275,63,154.00,93.32,25.94,895,83520.00
766,766,,*MANUAL*,84,1286,79,207.00,112.18,42.01,1361,152682.00
767,767,,*MANUAL*,87,1297,74,199.00,120.86,35.53,895,108174.00
768,768,,*MANUAL*,80,1305,82,183.00,102.76,39.12,889,91357.00
769,769,,*MANUAL*,81,1315,77,197.00,111.44,34.01,895,99736.00
770,770,,*MANUAL*$592$595,84,1337,68,153.00,51.82,33.06,3228,167280.00
771,771,,*MANUAL*,81,1350,51,168.00,92.64,33.88,1365,126449.00
772,772,,*MANUAL*,87,1293,61,195.00,128.44,34.59,895,114952.00
773,773,,*MANUAL*,87,1280,58,214.00,123.12,39.55,895,110193.00
774,774,,*MANUAL*,62,1437,39,132.00,54.89,29.40,1365,74925.00
775,775,,*MANUAL*,66,1402,36,152.00,75.77,33.18,1339,101458.00
776,776,,*MANUAL*,68,1374,35,167.00,78.67,36.25,1209,95110.00
777,777,,*MANUAL*,67,1353,37,194.00,101.08,35.72,1264,127760.00
778,778,,*MANUAL*,59,1417,38,142.00,67.14,22.82,895,60093.00
779,779,,*MANUAL*,60,1392,36,153.00,71.48,32.73,1365,97577.00
780,780,,*MANUAL*,61,1368,36,170.00,96.74,30.55,895,86582.00
781,781,,*MANUAL*,59,1350,36,197.00,111.46,37.31,895,99760.00
782,782,,*MANUAL*,64,1260,31,144.00,63.80,25.55,895,57105.00
783,783,,*MANUAL*,62,1219,31,126.00,61.77,24.77,895,55282.00
784,784,,*MANUAL*,60,1377,92,167.00,95.38,28.24,1185,113028.00
785,785,,*MANUAL*,61,1353,90,177.00,104.67,26.84,1281,134076.00
786,786,,*MANUAL*,70,1359,89,178.00,111.82,28.69,1365,152640.00
787,787,,*MANUAL*,67,1374,95,151.00,79.03,30.83,1365,107873.00
788,788,,*MANUAL*$412$420,66,1241,103,133.00,51.88,21.58,3402,176503.00
789,789,,*MANUAL*,82,1378,48,140.00,66.71,27.88,1365,91055.00
790,790,,*MANUAL*,72,1208,38,187.00,95.43,38.89,1365,130265.00
791,791,,*MANUAL*,68,999,33,191.00,91.66,41.41,1365,125111.00
792,792,,*MANUAL*,70,882,33,209.00,98.22,44.59,1365,134077.00
793,793,,*MANUAL*$423$421,70,589,40,183.00,53.77,37.73,4463,239968.00
794,794,,*MANUAL*$406$407,69,475,42,138.00,40.64,28.37,4712,191502.00
795,795,,*MANUAL*,71,386,44,124.00,56.68,25.94,1365,77368.00
796,796,,*MANUAL*$127$131,51,659,46,144.00,44.62,26.79,11603,517724.00
797,797,,*MANUAL*$303$302,64,630,44,188.00,48.04,32.05,11201,538113.00
798,798,,*MANUAL*$367$378,67,607,45,166.00,48.81,33.58,5499,268416.00
799,799,,*MANUAL*$513$527,77,1404,77,156.00,46.39,30.93,4520,209668.00
800,800,,*MANUAL*$554$553,79,1373,83,126.00,47.72,27.16,2840,135526.00
801,801,*NOUSE*,*NOUSE*,0,0,0,0,0,0,0,0
802,802,,*MANUAL*$562$530,76,1327,91,130.00,51.29,24.73,3690,189249.00
803,803,,*MANUAL*$516$556,75,1208,101,153.00,58.63,32.22,3107,182153.00
804,804,,*MANUAL*$571$563,81,1199,91,157.00,55.14,33.83,3782,208528.00
805,805,,*MANUAL*,73,1101,101,175.00,92.81,32.34,1365,126683.00
806,806,,*MANUAL*,69,1088,98,197.00,124.74,28.95,895,111645.00
807,807,,*MANUAL*$541$533$542,80,1041,96,192.00,52.32,38.05,4972,260114.00
808,808,,*MANUAL*$449$471,74,834,95,176.00,50.39,37.25,6358,320377.00
809,809,,*MANUAL*$473$505,75,727,97,183.00,55.47,41.93,4751,263551.00
810,810,,*MANUAL*$104$103,42,1429,69,87.00,30.76,14.82,4259,131003.00
811,811,,*MANUAL*,47,1376,51,151.00,68.22,26.15,1365,93122.00
812,812,,*MANUAL*$154$143,46,1344,44,114.00,42.65,19.91,3522,150227.00
813,813,,*MANUAL*$179$195,49,1309,40,105.00,40.58,20.59,3224,130844.00
814,814,*NOUSE*,*NOUSE*,0,0,0,0,0,0,0,0
815,815,,*MANUAL*,52,1255,54,169.00,91.40,26.30,1113,101729.00
816,816,,*MANUAL*,44,1259,50,149.00,70.11,21.08,1365,95695.00
817,817,,*MANUAL*,44,1213,41,139.00,66.57,31.40,895,59578.00
818,818,,*MANUAL*$178$166,51,737,41,176.00,46.39,33.02,5494,254847.00
819,819,,*MANUAL*,53,375,39,129.00,60.59,25.65,1868,113182.00
820,820,,*MANUAL*,58,218,51,142.00,76.84,29.32,1339,102887.00
821,821,,*MANUAL*,67,215,55,150.00,97.30,23.88,895,87085.00
822,822,,*MANUAL*$189$173,48,1381,81,99.00,36.76,17.09,4620,169834.00
823,823,,*MANUAL*$220$229,52,1330,94,136.00,51.54,27.52,4428,228230.00
824,824,,*MANUAL*,58,1100,104,180.00,87.67,32.92,1365,119674.00
825,825,,*MANUAL*$193$212,50,1075,103,159.00,62.42,33.65,4146,258809.00
826,826,,*MANUAL*$262$247,56,957,99,201.00,57.01,41.98,4930,281038.00
827,827,,*MANUAL*$208$219,52,371,80,131.00,40.00,23.50,3569,142747.00
828,828,,*MANUAL*,52,261,79,139.00,66.87,26.44,1243,83121.00
829,829,,*MANUAL*,38,1045,87,135.00,49.61,21.87,2969,147284.00
830,830,,*MANUAL*$44$6,35,947,64,90.00,33.79,17.19,5719,193218.00
831,831,,*MANUAL*$37$34$48,37,905,79,110.00,33.78,18.81,6547,221133.00
832,832,,*MANUAL*$10$3,35,809,54,106.00,37.32,22.00,5931,221346.00
833,833,,*MANUAL*$90$67,42,521,54,116.00,34.53,20.58,5242,181017.00
834,834,,*MANUAL*$78$77,43,388,52,114.00,33.43,18.92,5610,187559.00
835,835,,*MANUAL*$41$27,37,675,47,136.00,42.18,27.36,5094,214876.00
836,836,,*MANUAL*,45,315,49,114.00,52.22,22.24,2080,108621.00
837,837,,*MANUAL*$53$31$33,38,841,73,91.00,31.07,14.00,6080,188897.00
838,838,,*MANUAL*$63$61$62,41,740,71,94.00,31.31,14.73,5784,181099.00
839,839,,*MANUAL*$93$100,42,430,67,74.00,27.03,11.27,5012,135498.00
840,840,,*MANUAL*,44,275,71,120.00,50.49,21.91,1809,91334.00
841,841,,*MANUAL*$162$163,49,509,67,89.00,30.96,15.76,5377,166463.00
842,842,*NOUSE*,*NOUSE*,0,0,0,0,0,0,0,0
843,843,,*MANUAL*$598$596$588,85,969,73,158.00,45.10,29.38,5795,261358.00
844,844,,*MANUAL*$583$576,83,974,57,114.00,38.93,21.69,6908,268915.00
845,845,,*MANUAL*$565$580,84,865,45,187.00,51.69,38.82,5307,274296.00
846,846,,*MANUAL*$559$548,81,773,53,172.00,47.95,34.36,4904,235143.00
847,847,,*MANUAL*$561$509$510,78,495,60,127.00,39.77,23.13,4978,197996.00
848,848,,*MANUAL*$511$486,75,456,62,123.00,37.74,21.42,4666,176108.00
849,849,,*MANUAL*$524$502,77,374,61,113.00,34.93,20.09,4964,173393.00
850,850,*NOUSE*,*NOUSE*,0,0,0,0,0,0,0,0
851,851,,*MANUAL*$579$578,83,680,78,135.00,35.40,19.94,6228,220475.00
852,852,,*MANUAL*$519$498,76,426,50,124.00,39.37,22.00,5338,210163.00
853,853,,*MANUAL*$850$526,78,539,73,102.00,32.31,15.81,5715,184650.00
854,854,,*MANUAL*$72$73,41,547,70,81.00,28.65,12.82,5408,154940.00
855,855,,*MANUAL*,76,321,59,114.00,53.51,21.71,1327,71013.00
856,856,,*MANUAL*,73,302,81,78.00,33.52,16.39,1365,45761.00
857,857,,*MANUAL*$156$158$144,50,935,49,115.00,36.33,19.13,6660,241947.00
858,858,,*MANUAL*$396$397,67,645,78,76.00,30.28,12.87,5394,163326.00
859,859,,*MANUAL*$267$289,60,566,73,75.00,27.45,11.61,6281,172415.00
860,860,,*MANUAL*$293$243$257,57,475,76,67.00,26.05,10.01,6150,160218.00
861,861,,*MANUAL*$322$338,61,334,78,87.00,32.64,15.58,4236,138269.00
862,862,,*MANUAL*$379$368,67,880,49,97.00,32.74,16.20,5356,175363.00
863,863,,*MANUAL*,63,376,39,184.00,107.00,24.94,1365,146049.00
864,864,,*MANUAL*,64,500,38,170.00,62.08,33.87,2969,184322.00
865,865,,*MANUAL*$312$324,61,653,32,189.00,56.64,41.97,4634,262477.00
866,866,,*MANUAL*,59,882,31,213.00,123.06,41.69,1365,167975.00
867,867,,*MANUAL*,70,313,65,173.00,97.64,27.61,1365,133284.00
868,868,,*MANUAL*,70,314,51,177.00,96.73,28.15,1365,132043.00
869,869,,*MANUAL*,62,304,52,194.00,125.94,31.37,1147,144451.00
870,870,*NOUSE*,*NOUSE*,0,0,0,0,0,0,0,0
871,871,,*MANUAL*,56,287,48,140.00,87.98,20.52,1361,119735.00
872,872,,*MANUAL*,66,284,55,153.00,86.15,31.37,1365,117594.00
873,873,,*MANUAL*,63,306,74,173.00,96.42,25.65,895,86297.00
874,874,,*MANUAL*,52,254,63,143.00,95.96,19.32,1313,126000.00
875,875,,*MANUAL*,55,253,52,154.00,90.01,27.84,1365,122862.00
876,876,,*MANUAL*,51,238,65,175.00,90.31,23.80,1363,123088.00
877,877,,*MANUAL*,56,226,62,217.00,108.78,28.76,1355,147403.00
878,878,,*MANUAL*,52,225,74,189.00,98.32,26.91,1365,134200.00
879,879,,*MANUAL*,55,214,66,178.00,119.54,23.41,895,106990.00
880,880,,*MANUAL*,73,255,72,142.00,89.06,20.76,1365,121570.00
881,881,,*MANUAL*,67,215,70,171.00,101.20,29.84,1365,138132.00
882,882,,*MANUAL*,57,284,81,143.00,93.39,19.54,851,79471.00
883,883,,*MANUAL*,52,277,71,155.00,99.36,18.77,895,88926.00
884,884,,*MANUAL*,48,268,55,148.00,80.01,21.22,1365,109213.00
885,885,,*MANUAL*,66,279,78,132.00,82.30,19.77,1365,112344.00
886,886,,*MANUAL*,62,262,78,141.00,89.29,19.57,1365,121876.00
887,887,,*MANUAL*$398$381,67,192,73,123.00,41.76,23.00,4344,181426.00
888,888,,*MANUAL*$204$205,52,183,63,124.00,37.47,21.52,4744,177764.00
889,889,,*MANUAL*$334$335,61,115,67,104.00,34.66,18.81,4493,155725.00
890,890,,*MANUAL*$285$307,58,118,54,109.00,37.04,20.24,4309,159612.00
891,891,,*MANUAL*$318$332,59,48,59,129.00,32.43,18.40,4448,144266.00
892,892,,*MANUAL*,59,90,55,98.00,29.12,18.93,1365,39754.00
893,893,,*MANUAL*,59,75,57,125.00,40.36,25.06,2969,119839.00
894,894,,*MANUAL*,72,336,55,119.00,51.17,22.08,1365,69852.00
895,895,,*MANUAL*,71,1127,93,155.00,101.57,17.16,1301,132137.00
896,896,,*MANUAL*,60,1129,94,156.00,102.68,18.09,1365,140158.00
897,897,,*MANUAL*,87,1203,63,143.00,59.26,25.66,2074,122909.00
898,898,,*MANUAL*,81,1208,53,177.00,93.85,40.72,895,83998.00
899,899,,*MANUAL*,82,1346,79,156.00,69.79,27.67,1205,84097.00
900,900,,*MANUAL*,76,1339,76,174.00,97.33,30.70,1365,132852.00
901,901,,*MANUAL*,53,306,47,182.00,112.08,21.32,895,100308.00
902,902,f1,*MANUAL*,52,1260,68,127.00,22.52,24.13,895,20156.00
903,903,f2,*MANUAL*,52,1237,62,51.00,13.09, 8.23,895,11720.00
904,904,f3,*MANUAL*,63,1222,58,170.00,44.63,31.70,895,39947.00
905,905,f4,*MANUAL*,62,1151,51,199.00,52.49,37.44,895,46975.00
906,906,f5,*MANUAL*,62,1132,48,169.00,51.98,36.56,895,46522.00
907,907,f6,*MANUAL*,62,1111,43,81.00,28.84,16.85,895,25808.00
908,908,f7,*MANUAL*,64,1040,40,167.00,22.38,26.18,895,20027.00
909,909,f8,*MANUAL*,63,984,46,196.00,36.67,48.75,895,32823.00
910,910,f9,*MANUAL*,65,967,45,49.00, 8.05, 8.14,821,6608.00
911,911,f10,*MANUAL*,64,959,46,27.00, 3.31, 3.62,895,2965.00
