0,0,*NOUSE*,*NOUSE*,0,0,0,0,0,0,0,0
1,1,*NOUSE*,*NOUSE*,0,0,0,0,0,0,0,0
2,2,*NOUSE*,*NOUSE*,0,0,0,0,0,0,0,0
3,3,,,30,1294,66,132.00,52.60,31.12,3647,191840
4,4,,,32,1178,52,142.00,55.29,31.79,4201,232270
5,5,*NOUSE*,*NOUSE*,0,0,0,0,0,0,0,0
6,6,*NOUSE*,*NOUSE*,0,0,0,0,0,0,0,0
7,7,*NOUSE*,*NOUSE*,0,0,0,0,0,0,0,0
8,8,*NOUSE*,*NOUSE*,0,0,0,0,0,0,0,0
9,9,,,33,1158,60,154.00,53.02,30.39,3969,210433
10,10,,,32,1197,63,167.00,58.06,38.21,3911,227058
11,11,*NOUSE*,*NOUSE*,0,0,0,0,0,0,0,0
12,12,,,34,1269,67,209.00,68.23,45.31,3960,270197
13,13,,,32,1215,66,176.00,52.04,35.76,3845,200077
14,14,*NOUSE*,*NOUSE*,0,0,0,0,0,0,0,0
15,15,,,34,1160,44,157.00,60.44,36.22,3304,199684
16,16,*NOUSE*,*NOUSE*,0,0,0,0,0,0,0,0
17,17,*NOUSE*,*NOUSE*,0,0,0,0,0,0,0,0
18,18,*NOUSE*,*NOUSE*,0,0,0,0,0,0,0,0
19,19,*NOUSE*,*NOUSE*,0,0,0,0,0,0,0,0
20,20,,,33,1341,62,137.00,50.73,27.61,4181,212103
21,21,*NOUSE*,*NOUSE*,0,0,0,0,0,0,0,0
22,22,*NOUSE*,*NOUSE*,0,0,0,0,0,0,0,0
23,23,,,34,1178,69,162.00,60.10,36.52,3849,231331
24,24,*NOUSE*,*NOUSE*,0,0,0,0,0,0,0,0
25,25,*NOUSE*,*NOUSE*,0,0,0,0,0,0,0,0
26,26,*NOUSE*,*NOUSE*,0,0,0,0,0,0,0,0
27,27,,,33,936,63,102.00,30.45,14.06,4237,129013
28,28,,,35,1372,70,174.00,59.07,37.88,4201,248159
29,29,*NOUSE*,*NOUSE*,0,0,0,0,0,0,0,0
30,30,,,35,1100,70,192.00,65.56,43.18,3451,226237
31,31,,,35,1314,74,179.00,61.21,39.90,3741,228983
32,32,,,36,1093,47,198.00,62.51,43.18,2709,169337
33,33,,,36,1107,47,210.00,74.18,46.14,2467,183004
34,34,,,34,905,48,104.00,35.95,20.21,3642,130934
35,35,,,36,1120,46,191.00,67.05,41.10,2702,181178
36,36,*NOUSE*,*NOUSE*,0,0,0,0,0,0,0,0
37,37,,,36,1042,52,200.00,54.34,40.88,3221,175028
38,38,,,35,1099,57,202.00,72.38,47.36,2764,200060
39,39,,,34,1060,57,110.00,43.17,24.06,3657,157889
40,40,,,34,1014,54,80.00,28.95,12.20,4667,135112
41,41,*NOUSE*,*NOUSE*,0,0,0,0,0,0,0,0
42,42,,,34,1395,69,160.00,49.71,33.01,4416,219523
43,43,,,35,1142,45,126.00,57.57,26.00,2844,163717
44,44,,,36,1081,50,169.00,53.42,38.14,3126,167001
45,45,*NOUSE*,*NOUSE*,0,0,0,0,0,0,0,0
46,46,*NOUSE*,*NOUSE*,0,0,0,0,0,0,0,0
47,47,,,37,1161,75,199.00,71.01,40.60,3245,230429
48,48,*NOUSE*,*NOUSE*,0,0,0,0,0,0,0,0
49,49,,,36,961,57,150.00,44.35,31.67,3321,147287
50,50,*NOUSE*,*NOUSE*,0,0,0,0,0,0,0,0
51,51,,,36,1439,66,116.00,41.82,24.18,4846,202664
52,52,*NOUSE*,*NOUSE*,0,0,0,0,0,0,0,0
53,53,*NOUSE*,*NOUSE*,0,0,0,0,0,0,0,0
54,54,,,37,1052,76,124.00,42.43,22.48,4278,181533
55,55,,,39,1333,44,200.00,69.41,44.03,4132,286811
56,56,,,37,816,49,98.00,36.75,19.24,2924,107463
57,57,*NOUSE*,*NOUSE*,0,0,0,0,0,0,0,0
58,58,*NOUSE*,*NOUSE*,0,0,0,0,0,0,0,0
59,59,,,39,1240,78,188.00,64.64,38.60,4131,267013
60,60,,,40,634,74,115.00,39.25,22.48,7866,308723
61,61,*NOUSE*,*NOUSE*,0,0,0,0,0,0,0,0
62,62,,,39,930,44,151.00,45.61,33.66,3135,143002
63,63,,,37,768,47,73.00,27.93,12.23,3633,101470
64,64,*NOUSE*,*NOUSE*,0,0,0,0,0,0,0,0
65,65,,,39,689,49,141.00,42.48,29.92,3300,140168
66,66,,,38,1399,51,126.00,52.91,26.65,2722,144031
67,67,*NOUSE*,*NOUSE*,0,0,0,0,0,0,0,0
68,68,,,41,1188,57,174.00,78.58,36.64,2463,193533
69,69,*NOUSE*,*NOUSE*,0,0,0,0,0,0,0,0
70,70,*NOUSE*,*NOUSE*,0,0,0,0,0,0,0,0
71,71,,,37,709,67,65.00,24.14,10.15,4238,102323
72,72,,,37,786,68,73.00,26.32,11.98,3342,87957
73,73,*NOUSE*,*NOUSE*,0,0,0,0,0,0,0,0
74,74,*NOUSE*,*NOUSE*,0,0,0,0,0,0,0,0
75,75,*NOUSE*,*NOUSE*,0,0,0,0,0,0,0,0
76,76,,,40,1146,78,183.00,75.92,39.63,2764,209839
77,77,,,39,1240,87,166.00,60.78,34.47,2680,162878
78,78,,,39,956,40,169.00,46.27,34.61,3411,157841
79,79,*NOUSE*,*NOUSE*,0,0,0,0,0,0,0,0
80,80,*NOUSE*,*NOUSE*,0,0,0,0,0,0,0,0
81,81,,,39,604,48,87.00,33.26,16.45,3551,118113
82,82,*NOUSE*,*NOUSE*,0,0,0,0,0,0,0,0
83,83,,,39,480,49,87.00,31.10,14.87,3939,122501
84,84,*NOUSE*,*NOUSE*,0,0,0,0,0,0,0,0
85,85,*NOUSE*,*NOUSE*,0,0,0,0,0,0,0,0
86,86,*NOUSE*,*NOUSE*,0,0,0,0,0,0,0,0
87,87,*NOUSE*,*NOUSE*,0,0,0,0,0,0,0,0
88,88,*NOUSE*,*NOUSE*,0,0,0,0,0,0,0,0
89,89,*NOUSE*,*NOUSE*,0,0,0,0,0,0,0,0
90,90,,,40,736,59,113.00,37.49,23.19,3246,121690
91,91,,,43,275,69,145.00,51.01,30.83,3407,173781
92,92,*NOUSE*,*NOUSE*,0,0,0,0,0,0,0,0
93,93,,,39,1298,85,141.00,64.02,30.43,2553,163431
94,94,,,42,1063,39,189.00,54.26,38.37,3134,170065
95,95,*NOUSE*,*NOUSE*,0,0,0,0,0,0,0,0
96,96,*NOUSE*,*NOUSE*,0,0,0,0,0,0,0,0
97,97,*NOUSE*,*NOUSE*,0,0,0,0,0,0,0,0
98,98,,,43,276,57,138.00,48.62,29.26,4063,197529
99,99,*NOUSE*,*NOUSE*,0,0,0,0,0,0,0,0
100,100,,,42,291,61,122.00,42.13,24.66,3840,161765
101,101,*NOUSE*,*NOUSE*,0,0,0,0,0,0,0,0
102,102,,,42,312,67,118.00,43.80,25.63,3944,172742
103,103,,,44,256,62,155.00,51.10,33.46,3594,183650
104,104,*NOUSE*,*NOUSE*,0,0,0,0,0,0,0,0
105,105,,,44,262,72,168.00,55.56,37.43,3575,198632
106,106,,,43,1254,70,186.00,73.30,38.72,3102,227381
107,107,,,42,1366,79,175.00,66.93,38.85,3337,223331
108,108,*NOUSE*,*NOUSE*,0,0,0,0,0,0,0,0
109,109,,,41,829,81,125.00,42.86,27.99,3175,136079
110,110,*NOUSE*,*NOUSE*,0,0,0,0,0,0,0,0
111,111,*NOUSE*,*NOUSE*,0,0,0,0,0,0,0,0
112,112,,,42,891,39,126.00,41.45,25.89,3358,139175
113,113,*NOUSE*,*NOUSE*,0,0,0,0,0,0,0,0
114,114,*NOUSE*,*NOUSE*,0,0,0,0,0,0,0,0
115,115,*NOUSE*,*NOUSE*,0,0,0,0,0,0,0,0
116,116,*NOUSE*,*NOUSE*,0,0,0,0,0,0,0,0
117,117,,,46,1301,91,184.00,72.69,38.83,3661,266134
118,118,,,42,912,92,124.00,40.09,24.13,4031,161597
119,119,,,44,1186,32,199.00,77.51,40.90,2394,185548
120,120,*NOUSE*,*NOUSE*,0,0,0,0,0,0,0,0
121,121,*NOUSE*,*NOUSE*,0,0,0,0,0,0,0,0
122,122,*NOUSE*,*NOUSE*,0,0,0,0,0,0,0,0
123,123,,,42,1170,55,167.00,73.77,35.31,2551,188179
124,124,*NOUSE*,*NOUSE*,0,0,0,0,0,0,0,0
125,125,,,43,1307,64,188.00,83.10,42.71,1832,152234
126,126,,,46,247,73,150.00,52.88,35.38,3473,183647
127,127,,,44,1068,75,168.00,49.53,33.61,3837,190063
128,128,*NOUSE*,*NOUSE*,0,0,0,0,0,0,0,0
129,129,*NOUSE*,*NOUSE*,0,0,0,0,0,0,0,0
130,130,*NOUSE*,*NOUSE*,0,0,0,0,0,0,0,0
131,131,*NOUSE*,*NOUSE*,0,0,0,0,0,0,0,0
132,132,,,43,1083,93,144.00,45.85,28.54,4426,202939
133,133,,,45,943,36,129.00,45.22,29.05,3624,163871
134,134,*NOUSE*,*NOUSE*,0,0,0,0,0,0,0,0
135,135,,,44,1167,43,190.00,91.85,36.23,1975,181403
136,136,,,45,1069,54,176.00,53.53,31.87,3070,164344
137,137,,,44,1153,66,192.00,80.21,37.28,2640,211746
138,138,*NOUSE*,*NOUSE*,0,0,0,0,0,0,0,0
139,139,,,42,1272,73,182.00,83.73,36.25,2414,202124
140,140,*NOUSE*,*NOUSE*,0,0,0,0,0,0,0,0
141,141,*NOUSE*,*NOUSE*,0,0,0,0,0,0,0,0
142,142,,,45,1197,86,235.00,96.23,53.10,2871,276289
143,143,,,46,1089,83,236.00,69.25,48.05,3865,267643
144,144,*NOUSE*,*NOUSE*,0,0,0,0,0,0,0,0
145,145,*NOUSE*,*NOUSE*,0,0,0,0,0,0,0,0
146,146,*NOUSE*,*NOUSE*,0,0,0,0,0,0,0,0
147,147,,,45,1100,37,211.00,90.96,48.07,1930,175554
148,148,,,45,846,37,149.00,42.07,29.21,3441,144773
149,149,*NOUSE*,*NOUSE*,0,0,0,0,0,0,0,0
150,150,,,44,1148,49,154.00,70.02,31.54,2037,142627
151,151,,,46,1470,54,145.00,43.73,31.64,4564,199564
152,152,*NOUSE*,*NOUSE*,0,0,0,0,0,0,0,0
153,153,,,46,1045,59,193.00,56.14,39.81,3329,186904
154,154,*NOUSE*,*NOUSE*,0,0,0,0,0,0,0,0
155,155,,,44,1183,73,196.00,94.28,42.63,2505,236167
156,156,,,45,1280,83,221.00,77.17,47.18,3032,233986
157,157,*NOUSE*,*NOUSE*,0,0,0,0,0,0,0,0
158,158,,,45,797,85,133.00,37.79,23.48,4160,157226
159,159,,,44,1387,86,156.00,56.84,30.28,4009,227886
160,160,,,45,1224,91,165.00,55.13,33.83,3202,176532
161,161,*NOUSE*,*NOUSE*,0,0,0,0,0,0,0,0
162,162,,,45,1081,34,143.00,54.09,34.58,1257,67992
163,163,,,46,1140,36,176.00,70.93,34.05,2461,174562
164,164,*NOUSE*,*NOUSE*,0,0,0,0,0,0,0,0
165,165,,,45,1111,41,196.00,104.74,39.11,1529,160146
166,166,*NOUSE*,*NOUSE*,0,0,0,0,0,0,0,0
167,167,,,45,1181,44,220.00,98.42,44.08,2223,218797
168,168,*NOUSE*,*NOUSE*,0,0,0,0,0,0,0,0
169,169,,,47,585,42,116.00,39.28,21.90,3498,137384
170,170,,,49,706,47,136.00,42.17,24.90,7018,295955
171,171,*NOUSE*,*NOUSE*,0,0,0,0,0,0,0,0
172,172,,,45,382,53,79.00,29.72,14.12,3313,98478
173,173,*NOUSE*,*NOUSE*,0,0,0,0,0,0,0,0
174,174,,,46,1087,56,164.00,61.22,32.71,2727,166950
175,175,*NOUSE*,*NOUSE*,0,0,0,0,0,0,0,0
176,176,,,45,1168,69,176.00,84.00,35.62,2314,194373
177,177,*NOUSE*,*NOUSE*,0,0,0,0,0,0,0,0
178,178,,,47,1008,78,95.00,33.79,16.69,4783,161627
179,179,*NOUSE*,*NOUSE*,0,0,0,0,0,0,0,0
180,180,*NOUSE*,*NOUSE*,0,0,0,0,0,0,0,0
181,181,*NOUSE*,*NOUSE*,0,0,0,0,0,0,0,0
182,182,*NOUSE*,*NOUSE*,0,0,0,0,0,0,0,0
183,183,*NOUSE*,*NOUSE*,0,0,0,0,0,0,0,0
184,184,,,47,1336,33,144.00,55.11,28.26,4666,257134
185,185,*NOUSE*,*NOUSE*,0,0,0,0,0,0,0,0
186,186,*NOUSE*,*NOUSE*,0,0,0,0,0,0,0,0
187,187,,,47,122,62,86.00,33.94,16.31,2712,92052
188,188,,,47,109,67,104.00,37.05,20.02,2935,108751
189,189,*NOUSE*,*NOUSE*,0,0,0,0,0,0,0,0
190,190,*NOUSE*,*NOUSE*,0,0,0,0,0,0,0,0
191,191,*NOUSE*,*NOUSE*,0,0,0,0,0,0,0,0
192,192,,,48,553,86,103.00,35.27,17.84,3730,131551
193,193,,,48,474,86,111.00,37.99,20.48,3710,140940
194,194,,,47,703,89,115.00,38.65,22.09,3539,136783
195,195,*NOUSE*,*NOUSE*,0,0,0,0,0,0,0,0
196,196,*NOUSE*,*NOUSE*,0,0,0,0,0,0,0,0
197,197,*NOUSE*,*NOUSE*,0,0,0,0,0,0,0,0
198,198,,,46,1102,55,231.00,103.04,50.51,1940,199897
199,199,,,47,159,59,87.00,34.22,16.68,2644,90474
200,200,,,48,626,89,109.00,34.18,17.53,4591,156928
201,201,*NOUSE*,*NOUSE*,0,0,0,0,0,0,0,0
202,202,*NOUSE*,*NOUSE*,0,0,0,0,0,0,0,0
203,203,*NOUSE*,*NOUSE*,0,0,0,0,0,0,0,0
204,204,*NOUSE*,*NOUSE*,0,0,0,0,0,0,0,0
205,205,,,46,1293,52,225.00,81.96,48.87,2907,238264
206,206,*NOUSE*,*NOUSE*,0,0,0,0,0,0,0,0
207,207,,,48,1351,58,196.00,71.94,42.70,3522,253367
208,208,,,48,1267,58,220.00,81.11,48.70,3311,268564
209,209,*NOUSE*,*NOUSE*,0,0,0,0,0,0,0,0
210,210,,,52,159,66,99.00,37.93,19.69,3081,116867
211,211,*NOUSE*,*NOUSE*,0,0,0,0,0,0,0,0
212,212,,,51,320,70,125.00,48.77,26.72,3589,175029
213,213,*NOUSE*,*NOUSE*,0,0,0,0,0,0,0,0
214,214,*NOUSE*,*NOUSE*,0,0,0,0,0,0,0,0
215,215,*NOUSE*,*NOUSE*,0,0,0,0,0,0,0,0
216,216,*NOUSE*,*NOUSE*,0,0,0,0,0,0,0,0
217,217,,,50,1237,42,226.00,102.70,51.95,2929,300817
218,218,*NOUSE*,*NOUSE*,0,0,0,0,0,0,0,0
219,219,*NOUSE*,*NOUSE*,0,0,0,0,0,0,0,0
220,220,*NOUSE*,*NOUSE*,0,0,0,0,0,0,0,0
221,221,,,50,179,55,92.00,33.77,17.80,2869,96887
222,222,,,52,650,61,53.00,23.17, 8.33,5329,123487
223,223,*NOUSE*,*NOUSE*,0,0,0,0,0,0,0,0
224,224,,,50,1169,81,179.00,76.40,37.49,3492,266795
225,225,*NOUSE*,*NOUSE*,0,0,0,0,0,0,0,0
226,226,*NOUSE*,*NOUSE*,0,0,0,0,0,0,0,0
227,227,*NOUSE*,*NOUSE*,0,0,0,0,0,0,0,0
228,228,,,51,1049,92,167.00,50.13,35.28,4500,225595
229,229,*NOUSE*,*NOUSE*,0,0,0,0,0,0,0,0
230,230,,,50,1130,28,160.00,71.35,30.41,1877,133918
231,231,,,51,1304,43,172.00,67.69,33.51,4187,283400
232,232,*NOUSE*,*NOUSE*,0,0,0,0,0,0,0,0
233,233,*NOUSE*,*NOUSE*,0,0,0,0,0,0,0,0
234,234,,,51,456,54,68.00,27.48,11.42,3961,108851
235,235,,,52,196,53,95.00,30.51,16.38,3517,107314
236,236,*NOUSE*,*NOUSE*,0,0,0,0,0,0,0,0
237,237,,,46,1101,72,173.00,73.22,35.81,2322,170015
238,238,*NOUSE*,*NOUSE*,0,0,0,0,0,0,0,0
239,239,,,49,70,66,96.00,31.03,14.89,3463,107461
240,240,*NOUSE*,*NOUSE*,0,0,0,0,0,0,0,0
241,241,*NOUSE*,*NOUSE*,0,0,0,0,0,0,0,0
242,242,*NOUSE*,*NOUSE*,0,0,0,0,0,0,0,0
243,243,*NOUSE*,*NOUSE*,0,0,0,0,0,0,0,0
244,244,*NOUSE*,*NOUSE*,0,0,0,0,0,0,0,0
245,245,,,53,1435,90,192.00,60.20,42.68,2878,173264
246,246,*NOUSE*,*NOUSE*,0,0,0,0,0,0,0,0
247,247,*NOUSE*,*NOUSE*,0,0,0,0,0,0,0,0
248,248,,,53,302,43,111.00,41.43,22.78,3156,130743
249,249,*NOUSE*,*NOUSE*,0,0,0,0,0,0,0,0
250,250,,,53,265,49,110.00,39.91,20.49,3337,133168
251,251,,,51,502,76,51.00,21.55, 7.05,4748,102309
252,252,,,51,1149,80,154.00,72.89,33.55,3332,242855
253,253,*NOUSE*,*NOUSE*,0,0,0,0,0,0,0,0
254,254,*NOUSE*,*NOUSE*,0,0,0,0,0,0,0,0
255,255,,,53,912,30,158.00,46.90,33.18,2737,128371
256,256,,,54,814,31,168.00,47.13,37.82,2219,104589
257,257,*NOUSE*,*NOUSE*,0,0,0,0,0,0,0,0
258,258,,,56,457,41,106.00,38.57,21.86,3882,149723
259,259,*NOUSE*,*NOUSE*,0,0,0,0,0,0,0,0
260,260,*NOUSE*,*NOUSE*,0,0,0,0,0,0,0,0
261,261,,,52,1053,76,150.00,50.67,31.51,4401,222998
262,262,,,53,741,73,56.00,23.99, 8.78,4434,106391
263,263,,,53,941,80,77.00,26.45,12.00,6292,166412
264,264,*NOUSE*,*NOUSE*,0,0,0,0,0,0,0,0
265,265,*NOUSE*,*NOUSE*,0,0,0,0,0,0,0,0
266,266,,,55,694,31,144.00,45.30,31.61,2848,129016
267,267,*NOUSE*,*NOUSE*,0,0,0,0,0,0,0,0
268,268,,,55,478,38,123.00,40.43,25.32,3131,126599
269,269,,,54,1490,41,163.00,45.48,34.17,4251,193330
270,270,,,55,869,31,150.00,42.42,30.75,4242,179939
271,271,*NOUSE*,*NOUSE*,0,0,0,0,0,0,0,0
272,272,*NOUSE*,*NOUSE*,0,0,0,0,0,0,0,0
273,273,*NOUSE*,*NOUSE*,0,0,0,0,0,0,0,0
274,274,*NOUSE*,*NOUSE*,0,0,0,0,0,0,0,0
275,275,*NOUSE*,*NOUSE*,0,0,0,0,0,0,0,0
276,276,*NOUSE*,*NOUSE*,0,0,0,0,0,0,0,0
277,277,*NOUSE*,*NOUSE*,0,0,0,0,0,0,0,0
278,278,*NOUSE*,*NOUSE*,0,0,0,0,0,0,0,0
279,279,*NOUSE*,*NOUSE*,0,0,0,0,0,0,0,0
280,280,*NOUSE*,*NOUSE*,0,0,0,0,0,0,0,0
281,281,*NOUSE*,*NOUSE*,0,0,0,0,0,0,0,0
282,282,,,55,982,27,172.00,51.59,39.37,2929,151095
283,283,,,56,1025,27,186.00,52.66,42.00,2679,141080
284,284,,,53,934,31,149.00,53.40,34.58,2740,146329
285,285,*NOUSE*,*NOUSE*,0,0,0,0,0,0,0,0
286,286,*NOUSE*,*NOUSE*,0,0,0,0,0,0,0,0
287,287,*NOUSE*,*NOUSE*,0,0,0,0,0,0,0,0
288,288,,,55,1092,43,202.00,87.22,46.17,1883,164226
289,289,,,55,806,69,69.00,26.02,10.55,4413,114839
290,290,,,55,1295,80,224.00,83.54,48.78,3076,256980
291,291,,,56,1109,82,211.00,84.50,43.93,2888,244043
292,292,*NOUSE*,*NOUSE*,0,0,0,0,0,0,0,0
293,293,,,57,1453,89,185.00,58.51,43.38,3505,205072
294,294,*NOUSE*,*NOUSE*,0,0,0,0,0,0,0,0
295,295,,,56,1001,27,200.00,52.13,39.96,3102,161719
296,296,*NOUSE*,*NOUSE*,0,0,0,0,0,0,0,0
297,297,*NOUSE*,*NOUSE*,0,0,0,0,0,0,0,0
298,298,,,56,621,35,116.00,40.10,24.32,2919,117053
299,299,*NOUSE*,*NOUSE*,0,0,0,0,0,0,0,0
300,300,,,57,435,40,119.00,40.96,24.79,2855,116941
301,301,,,56,1067,41,187.00,65.65,37.01,2638,173186
302,302,,,59,1051,49,218.00,75.35,47.24,1942,146323
303,303,*NOUSE*,*NOUSE*,0,0,0,0,0,0,0,0
304,304,,,58,940,47,92.00,29.54,14.19,3523,104058
305,305,*NOUSE*,*NOUSE*,0,0,0,0,0,0,0,0
306,306,*NOUSE*,*NOUSE*,0,0,0,0,0,0,0,0
307,307,*NOUSE*,*NOUSE*,0,0,0,0,0,0,0,0
308,308,*NOUSE*,*NOUSE*,0,0,0,0,0,0,0,0
309,309,,,56,1266,76,213.00,83.17,44.60,3404,283122
310,310,*NOUSE*,*NOUSE*,0,0,0,0,0,0,0,0
311,311,*NOUSE*,*NOUSE*,0,0,0,0,0,0,0,0
312,312,*NOUSE*,*NOUSE*,0,0,0,0,0,0,0,0
313,313,,,56,1320,97,188.00,59.64,38.96,3084,183933
314,314,*NOUSE*,*NOUSE*,0,0,0,0,0,0,0,0
315,315,,,58,1185,24,172.00,61.45,37.49,3028,186058
316,316,,,57,1052,26,195.00,70.15,43.55,2005,140644
317,317,,,55,798,31,149.00,50.19,35.48,2336,117247
318,318,*NOUSE*,*NOUSE*,0,0,0,0,0,0,0,0
319,319,,,57,577,33,122.00,43.18,25.71,2787,120352
320,320,*NOUSE*,*NOUSE*,0,0,0,0,0,0,0,0
321,321,*NOUSE*,*NOUSE*,0,0,0,0,0,0,0,0
322,322,*NOUSE*,*NOUSE*,0,0,0,0,0,0,0,0
323,323,*NOUSE*,*NOUSE*,0,0,0,0,0,0,0,0
324,324,*NOUSE*,*NOUSE*,0,0,0,0,0,0,0,0
325,325,*NOUSE*,*NOUSE*,0,0,0,0,0,0,0,0
326,326,*NOUSE*,*NOUSE*,0,0,0,0,0,0,0,0
327,327,,,57,1513,76,165.00,43.51,30.64,4361,189768
328,328,,,57,881,78,54.00,23.75, 8.12,6189,147006
329,329,,,55,269,69,134.00,62.67,26.18,2535,158871
330,330,*NOUSE*,*NOUSE*,0,0,0,0,0,0,0,0
331,331,,,57,1221,96,180.00,66.44,41.46,4178,277605
332,332,*NOUSE*,*NOUSE*,0,0,0,0,0,0,0,0
333,333,*NOUSE*,*NOUSE*,0,0,0,0,0,0,0,0
334,334,,,57,1260,28,136.00,50.55,26.10,1397,70625
335,335,,,61,1063,30,205.00,68.92,43.26,2221,153080
336,336,*NOUSE*,*NOUSE*,0,0,0,0,0,0,0,0
337,337,*NOUSE*,*NOUSE*,0,0,0,0,0,0,0,0
338,338,,,57,221,57,138.00,48.33,29.99,2764,133595
339,339,,,57,1464,78,140.00,44.39,28.54,4170,185117
340,340,*NOUSE*,*NOUSE*,0,0,0,0,0,0,0,0
341,341,*NOUSE*,*NOUSE*,0,0,0,0,0,0,0,0
342,342,*NOUSE*,*NOUSE*,0,0,0,0,0,0,0,0
343,343,*NOUSE*,*NOUSE*,0,0,0,0,0,0,0,0
344,344,,,57,1199,90,209.00,92.59,50.16,2426,224626
345,345,*NOUSE*,*NOUSE*,0,0,0,0,0,0,0,0
346,346,*NOUSE*,*NOUSE*,0,0,0,0,0,0,0,0
347,347,*NOUSE*,*NOUSE*,0,0,0,0,0,0,0,0
348,348,*NOUSE*,*NOUSE*,0,0,0,0,0,0,0,0
349,349,*NOUSE*,*NOUSE*,0,0,0,0,0,0,0,0
350,350,*NOUSE*,*NOUSE*,0,0,0,0,0,0,0,0
351,351,*NOUSE*,*NOUSE*,0,0,0,0,0,0,0,0
352,352,,,58,1092,84,179.00,73.60,38.73,3198,235369
353,353,*NOUSE*,*NOUSE*,0,0,0,0,0,0,0,0
354,354,*NOUSE*,*NOUSE*,0,0,0,0,0,0,0,0
355,355,*NOUSE*,*NOUSE*,0,0,0,0,0,0,0,0
356,356,*NOUSE*,*NOUSE*,0,0,0,0,0,0,0,0
357,357,*NOUSE*,*NOUSE*,0,0,0,0,0,0,0,0
358,358,,,59,1117,27,247.00,103.62,56.18,1704,176563
359,359,*NOUSE*,*NOUSE*,0,0,0,0,0,0,0,0
360,360,*NOUSE*,*NOUSE*,0,0,0,0,0,0,0,0
361,361,,,57,1237,28,144.00,65.23,31.23,1711,111608
362,362,,,60,831,34,147.00,40.89,27.11,2943,120331
363,363,,,60,727,37,137.00,46.39,28.07,2804,130083
364,364,,,60,602,74,61.00,22.16, 8.36,5402,119722
365,365,*NOUSE*,*NOUSE*,0,0,0,0,0,0,0,0
366,366,*NOUSE*,*NOUSE*,0,0,0,0,0,0,0,0
367,367,*NOUSE*,*NOUSE*,0,0,0,0,0,0,0,0
368,368,*NOUSE*,*NOUSE*,0,0,0,0,0,0,0,0
369,369,*NOUSE*,*NOUSE*,0,0,0,0,0,0,0,0
370,370,,,59,653,39,106.00,39.21,20.00,2413,94625
371,371,*NOUSE*,*NOUSE*,0,0,0,0,0,0,0,0
372,372,*NOUSE*,*NOUSE*,0,0,0,0,0,0,0,0
373,373,*NOUSE*,*NOUSE*,0,0,0,0,0,0,0,0
374,374,*NOUSE*,*NOUSE*,0,0,0,0,0,0,0,0
375,375,*NOUSE*,*NOUSE*,0,0,0,0,0,0,0,0
376,376,*NOUSE*,*NOUSE*,0,0,0,0,0,0,0,0
377,377,*NOUSE*,*NOUSE*,0,0,0,0,0,0,0,0
378,378,*NOUSE*,*NOUSE*,0,0,0,0,0,0,0,0
379,379,*NOUSE*,*NOUSE*,0,0,0,0,0,0,0,0
380,380,*NOUSE*,*NOUSE*,0,0,0,0,0,0,0,0
381,381,,,63,1199,48,247.00,102.22,56.31,2594,265164
382,382,*NOUSE*,*NOUSE*,0,0,0,0,0,0,0,0
383,383,*NOUSE*,*NOUSE*,0,0,0,0,0,0,0,0
384,384,*NOUSE*,*NOUSE*,0,0,0,0,0,0,0,0
385,385,,,62,257,59,149.00,55.93,34.78,3098,173285
386,386,*NOUSE*,*NOUSE*,0,0,0,0,0,0,0,0
387,387,,,62,247,69,163.00,58.87,37.84,2980,175432
388,388,,,62,446,85,120.00,40.32,24.35,3701,149212
389,389,*NOUSE*,*NOUSE*,0,0,0,0,0,0,0,0
390,390,*NOUSE*,*NOUSE*,0,0,0,0,0,0,0,0
391,391,*NOUSE*,*NOUSE*,0,0,0,0,0,0,0,0
392,392,*NOUSE*,*NOUSE*,0,0,0,0,0,0,0,0
393,393,*NOUSE*,*NOUSE*,0,0,0,0,0,0,0,0
394,394,*NOUSE*,*NOUSE*,0,0,0,0,0,0,0,0
395,395,*NOUSE*,*NOUSE*,0,0,0,0,0,0,0,0
396,396,*NOUSE*,*NOUSE*,0,0,0,0,0,0,0,0
397,397,*NOUSE*,*NOUSE*,0,0,0,0,0,0,0,0
398,398,*NOUSE*,*NOUSE*,0,0,0,0,0,0,0,0
399,399,*NOUSE*,*NOUSE*,0,0,0,0,0,0,0,0
400,400,,,63,1472,53,168.00,44.14,32.36,4957,218802
401,401,*NOUSE*,*NOUSE*,0,0,0,0,0,0,0,0
402,402,*NOUSE*,*NOUSE*,0,0,0,0,0,0,0,0
403,403,*NOUSE*,*NOUSE*,0,0,0,0,0,0,0,0
404,404,*NOUSE*,*NOUSE*,0,0,0,0,0,0,0,0
405,405,,,62,1143,79,183.00,85.34,36.37,3217,274526
406,406,*NOUSE*,*NOUSE*,0,0,0,0,0,0,0,0
407,407,*NOUSE*,*NOUSE*,0,0,0,0,0,0,0,0
408,408,*NOUSE*,*NOUSE*,0,0,0,0,0,0,0,0
409,409,*NOUSE*,*NOUSE*,0,0,0,0,0,0,0,0
410,410,*NOUSE*,*NOUSE*,0,0,0,0,0,0,0,0
411,411,,,64,262,69,176.00,66.49,42.01,2515,167228
412,412,*NOUSE*,*NOUSE*,0,0,0,0,0,0,0,0
413,413,,,64,727,87,146.00,43.77,31.06,3274,143301
414,414,*NOUSE*,*NOUSE*,0,0,0,0,0,0,0,0
415,415,*NOUSE*,*NOUSE*,0,0,0,0,0,0,0,0
416,416,*NOUSE*,*NOUSE*,0,0,0,0,0,0,0,0
417,417,*NOUSE*,*NOUSE*,0,0,0,0,0,0,0,0
418,418,,,67,292,57,125.00,44.69,26.61,3309,147865
419,419,*NOUSE*,*NOUSE*,0,0,0,0,0,0,0,0
420,420,,,65,1113,62,228.00,93.30,43.80,2673,249392
421,421,*NOUSE*,*NOUSE*,0,0,0,0,0,0,0,0
422,422,*NOUSE*,*NOUSE*,0,0,0,0,0,0,0,0
423,423,*NOUSE*,*NOUSE*,0,0,0,0,0,0,0,0
424,424,,,65,982,78,105.00,35.87,18.98,5024,180202
425,425,,,63,320,70,125.00,50.15,28.33,2899,145374
426,426,,,66,764,84,159.00,43.37,30.55,3330,144410
427,427,*NOUSE*,*NOUSE*,0,0,0,0,0,0,0,0
428,428,,,65,580,86,129.00,40.49,25.88,3613,146284
429,429,*NOUSE*,*NOUSE*,0,0,0,0,0,0,0,0
430,430,*NOUSE*,*NOUSE*,0,0,0,0,0,0,0,0
431,431,*NOUSE*,*NOUSE*,0,0,0,0,0,0,0,0
432,432,*NOUSE*,*NOUSE*,0,0,0,0,0,0,0,0
433,433,*NOUSE*,*NOUSE*,0,0,0,0,0,0,0,0
434,434,,,64,1262,42,225.00,85.75,44.39,2934,251582
435,435,,,67,738,42,155.00,48.44,35.08,2606,126228
436,436,,,67,1141,48,176.00,78.46,34.93,3052,239449
437,437,*NOUSE*,*NOUSE*,0,0,0,0,0,0,0,0
438,438,*NOUSE*,*NOUSE*,0,0,0,0,0,0,0,0
439,439,*NOUSE*,*NOUSE*,0,0,0,0,0,0,0,0
440,440,,,65,1348,58,239.00,85.54,52.81,3410,291701
441,441,,,67,1086,54,199.00,72.76,43.45,2672,194402
442,442,*NOUSE*,*NOUSE*,0,0,0,0,0,0,0,0
443,443,,,67,326,56,128.00,49.36,29.61,3581,176768
444,444,*NOUSE*,*NOUSE*,0,0,0,0,0,0,0,0
445,445,*NOUSE*,*NOUSE*,0,0,0,0,0,0,0,0
446,446,*NOUSE*,*NOUSE*,0,0,0,0,0,0,0,0
447,447,*NOUSE*,*NOUSE*,0,0,0,0,0,0,0,0
448,448,*NOUSE*,*NOUSE*,0,0,0,0,0,0,0,0
449,449,*NOUSE*,*NOUSE*,0,0,0,0,0,0,0,0
450,450,*NOUSE*,*NOUSE*,0,0,0,0,0,0,0,0
451,451,,,66,1198,60,240.00,99.70,50.65,2547,253927
452,452,,,66,1102,56,249.00,114.15,57.27,1851,211296
453,453,*NOUSE*,*NOUSE*,0,0,0,0,0,0,0,0
454,454,,,66,274,62,144.00,56.61,35.69,2924,165540
455,455,,,69,1061,78,226.00,70.49,47.32,3134,220904
456,456,*NOUSE*,*NOUSE*,0,0,0,0,0,0,0,0
457,457,*NOUSE*,*NOUSE*,0,0,0,0,0,0,0,0
458,458,,,67,1040,91,159.00,50.12,31.37,4330,217008
459,459,*NOUSE*,*NOUSE*,0,0,0,0,0,0,0,0
460,460,*NOUSE*,*NOUSE*,0,0,0,0,0,0,0,0
461,461,,,70,1142,37,183.00,78.02,41.16,2445,190756
462,462,*NOUSE*,*NOUSE*,0,0,0,0,0,0,0,0
463,463,,,69,1173,48,242.00,110.50,52.67,2056,227183
464,464,*NOUSE*,*NOUSE*,0,0,0,0,0,0,0,0
465,465,*NOUSE*,*NOUSE*,0,0,0,0,0,0,0,0
466,466,*NOUSE*,*NOUSE*,0,0,0,0,0,0,0,0
467,467,,,69,1069,51,185.00,61.38,38.97,2918,179113
468,468,,,69,1294,54,247.00,93.38,56.60,2871,268101
469,469,*NOUSE*,*NOUSE*,0,0,0,0,0,0,0,0
470,470,*NOUSE*,*NOUSE*,0,0,0,0,0,0,0,0
471,471,*NOUSE*,*NOUSE*,0,0,0,0,0,0,0,0
472,472,,,66,309,59,139.00,48.52,31.72,2987,144923
473,473,*NOUSE*,*NOUSE*,0,0,0,0,0,0,0,0
474,474,,,69,1148,67,217.00,101.18,45.82,2476,250515
475,475,,,68,1194,72,251.00,129.11,57.47,1879,242594
476,476,*NOUSE*,*NOUSE*,0,0,0,0,0,0,0,0
477,477,,,68,350,75,68.00,27.38,12.11,4395,120356
478,478,*NOUSE*,*NOUSE*,0,0,0,0,0,0,0,0
479,479,*NOUSE*,*NOUSE*,0,0,0,0,0,0,0,0
480,480,*NOUSE*,*NOUSE*,0,0,0,0,0,0,0,0
481,481,*NOUSE*,*NOUSE*,0,0,0,0,0,0,0,0
482,482,,,69,1327,35,147.00,56.25,28.35,2602,146357
483,483,,,68,1103,42,228.00,97.91,55.18,1835,179674
484,484,,,69,465,48,93.00,33.31,16.52,3704,123376
485,485,*NOUSE*,*NOUSE*,0,0,0,0,0,0,0,0
486,486,*NOUSE*,*NOUSE*,0,0,0,0,0,0,0,0
487,487,,,69,1163,57,237.00,97.84,48.10,2494,244009
488,488,,,70,1248,67,238.00,84.53,50.38,3013,254679
489,489,*NOUSE*,*NOUSE*,0,0,0,0,0,0,0,0
490,490,*NOUSE*,*NOUSE*,0,0,0,0,0,0,0,0
491,491,,,67,1331,77,197.00,90.87,39.39,1274,115770
492,492,*NOUSE*,*NOUSE*,0,0,0,0,0,0,0,0
493,493,*NOUSE*,*NOUSE*,0,0,0,0,0,0,0,0
494,494,,,70,681,43,144.00,47.34,30.67,3028,143344
495,495,*NOUSE*,*NOUSE*,0,0,0,0,0,0,0,0
496,496,*NOUSE*,*NOUSE*,0,0,0,0,0,0,0,0
497,497,*NOUSE*,*NOUSE*,0,0,0,0,0,0,0,0
498,498,,,73,1283,79,246.00,89.16,54.64,3523,314097
499,499,*NOUSE*,*NOUSE*,0,0,0,0,0,0,0,0
500,500,*NOUSE*,*NOUSE*,0,0,0,0,0,0,0,0
501,501,,,72,1173,36,238.00,109.84,53.31,1874,205841
502,502,*NOUSE*,*NOUSE*,0,0,0,0,0,0,0,0
503,503,,,70,818,42,107.00,36.72,21.52,2884,105888
504,504,,,72,1342,46,237.00,88.82,52.88,2861,254128
505,505,*NOUSE*,*NOUSE*,0,0,0,0,0,0,0,0
506,506,*NOUSE*,*NOUSE*,0,0,0,0,0,0,0,0
507,507,,,73,641,49,83.00,29.30,13.26,4419,129466
508,508,,,72,962,58,205.00,56.73,46.28,3383,191901
509,509,*NOUSE*,*NOUSE*,0,0,0,0,0,0,0,0
510,510,,,69,1261,74,234.00,105.54,48.28,1961,206965
511,511,*NOUSE*,*NOUSE*,0,0,0,0,0,0,0,0
512,512,,,73,1341,78,239.00,73.27,50.44,3231,236738
513,513,,,71,1018,87,145.00,42.63,29.87,4289,182851
514,514,*NOUSE*,*NOUSE*,0,0,0,0,0,0,0,0
515,515,*NOUSE*,*NOUSE*,0,0,0,0,0,0,0,0
516,516,,,71,593,42,90.00,33.23,16.72,3464,115122
517,517,*NOUSE*,*NOUSE*,0,0,0,0,0,0,0,0
518,518,,,73,908,44,141.00,41.98,26.39,3392,142396
519,519,*NOUSE*,*NOUSE*,0,0,0,0,0,0,0,0
520,520,*NOUSE*,*NOUSE*,0,0,0,0,0,0,0,0
521,521,,,72,1044,59,205.00,64.02,44.09,2879,184306
522,522,,,72,1443,63,161.00,46.25,31.25,4690,216926
523,523,*NOUSE*,*NOUSE*,0,0,0,0,0,0,0,0
524,524,*NOUSE*,*NOUSE*,0,0,0,0,0,0,0,0
525,525,,,69,1091,81,245.00,92.97,57.66,2596,241344
526,526,,,72,1235,81,223.00,76.02,48.89,3128,237803
527,527,,,73,1114,86,240.00,92.99,54.42,2623,243900
528,528,,,71,1070,94,163.00,51.24,31.79,4487,229907
529,529,,,70,1159,31,207.00,89.30,47.26,1722,153779
530,530,*NOUSE*,*NOUSE*,0,0,0,0,0,0,0,0
531,531,,,72,1227,48,225.00,77.68,49.85,2763,214638
532,532,,,75,1352,54,241.00,85.41,53.18,3469,296278
533,533,*NOUSE*,*NOUSE*,0,0,0,0,0,0,0,0
534,534,,,72,1191,34,215.00,88.18,50.80,1104,97348
535,535,*NOUSE*,*NOUSE*,0,0,0,0,0,0,0,0
536,536,*NOUSE*,*NOUSE*,0,0,0,0,0,0,0,0
537,537,*NOUSE*,*NOUSE*,0,0,0,0,0,0,0,0
538,538,,,75,797,60,88.00,27.91,12.60,3844,107302
539,539,,,73,416,58,87.00,27.62,13.46,4347,120072
540,540,*NOUSE*,*NOUSE*,0,0,0,0,0,0,0,0
541,541,*NOUSE*,*NOUSE*,0,0,0,0,0,0,0,0
542,542,*NOUSE*,*NOUSE*,0,0,0,0,0,0,0,0
543,543,,,75,1207,42,148.00,59.31,32.95,3056,181237
544,544,*NOUSE*,*NOUSE*,0,0,0,0,0,0,0,0
545,545,*NOUSE*,*NOUSE*,0,0,0,0,0,0,0,0
546,546,,,75,892,68,89.00,29.85,15.37,5116,152707
547,547,*NOUSE*,*NOUSE*,0,0,0,0,0,0,0,0
548,548,,,72,1395,77,161.00,58.19,31.15,3920,228107
549,549,*NOUSE*,*NOUSE*,0,0,0,0,0,0,0,0
550,550,,,75,983,52,102.00,36.35,21.37,2273,82630
551,551,*NOUSE*,*NOUSE*,0,0,0,0,0,0,0,0
552,552,*NOUSE*,*NOUSE*,0,0,0,0,0,0,0,0
553,553,,,75,1406,60,213.00,64.03,45.89,3558,227824
554,554,,,75,587,61,82.00,27.48,13.70,3901,107211
555,555,*NOUSE*,*NOUSE*,0,0,0,0,0,0,0,0
556,556,*NOUSE*,*NOUSE*,0,0,0,0,0,0,0,0
557,557,,,73,1142,81,215.00,101.44,50.85,2130,216063
558,558,*NOUSE*,*NOUSE*,0,0,0,0,0,0,0,0
559,559,,,76,1032,52,202.00,58.78,44.96,2820,165767
560,560,*NOUSE*,*NOUSE*,0,0,0,0,0,0,0,0
561,561,*NOUSE*,*NOUSE*,0,0,0,0,0,0,0,0
562,562,,,78,1386,67,237.00,71.40,52.14,3277,233985
563,563,,,78,1210,70,208.00,67.88,46.96,3827,259782
564,564,*NOUSE*,*NOUSE*,0,0,0,0,0,0,0,0
565,565,,,78,1118,51,236.00,97.33,59.17,2038,198354
566,566,*NOUSE*,*NOUSE*,0,0,0,0,0,0,0,0
567,567,,,78,1091,57,246.00,87.58,60.86,2283,199942
568,568,*NOUSE*,*NOUSE*,0,0,0,0,0,0,0,0
569,569,*NOUSE*,*NOUSE*,0,0,0,0,0,0,0,0
570,570,*NOUSE*,*NOUSE*,0,0,0,0,0,0,0,0
571,571,,,78,1077,55,207.00,69.36,50.22,2541,176235
572,572,,,77,1199,55,225.00,81.77,51.40,2965,242447
573,573,,,78,1290,59,251.00,101.27,60.13,2395,242548
574,574,,,76,1172,69,205.00,90.63,49.29,2665,241521
575,575,,,79,1118,64,226.00,97.53,56.15,2236,218088
576,576,*NOUSE*,*NOUSE*,0,0,0,0,0,0,0,0
577,577,*NOUSE*,*NOUSE*,0,0,0,0,0,0,0,0
578,578,,,78,1139,51,165.00,67.91,39.43,3123,212082
579,579,*NOUSE*,*NOUSE*,0,0,0,0,0,0,0,0
580,580,,,80,1341,64,179.00,57.67,36.38,4170,240488
581,581,,,79,1154,64,196.00,76.80,46.27,2765,212358
582,582,,,80,1282,69,216.00,75.56,47.09,3016,227875
583,583,,,77,1191,70,225.00,86.30,53.51,2956,255105
584,584,*NOUSE*,*NOUSE*,0,0,0,0,0,0,0,0
585,585,*NOUSE*,*NOUSE*,0,0,0,0,0,0,0,0
586,586,,,79,1039,73,138.00,48.73,28.10,3691,179874
587,587,*NOUSE*,*NOUSE*,0,0,0,0,0,0,0,0
588,588,*NOUSE*,*NOUSE*,0,0,0,0,0,0,0,0
589,589,*NOUSE*,*NOUSE*,0,0,0,0,0,0,0,0
590,590,*NOUSE*,*NOUSE*,0,0,0,0,0,0,0,0
591,591,*NOUSE*,*NOUSE*,0,0,0,0,0,0,0,0
592,592,,*MANUAL*,77,1058,50,194.00,118.88,31.14,873,103784
593,593,,*MANUAL*,79,1103,59,240.00,166.56,37.84,659,109760
594,594,,*MANUAL*,78,1095,75,226.00,151.51,34.84,881,133484
595,595,,*MANUAL*,78,1110,76,244.00,164.06,39.27,886,145356
596,596,*NOUSE*,*NOUSE*,0,0,0,0,0,0,0,0
597,597,,*MANUAL*,79,1157,50,228.00,149.31,33.50,813,121389
598,598,,*MANUAL*,78,1136,67,197.00,132.19,24.04,773,102184
599,599,,*MANUAL*,77,1182,55,249.00,172.77,43.77,799,138040
600,600,,*MANUAL*,76,1157,78,241.00,137.81,41.24,847,116729
601,601,,*MANUAL*,76,1131,82,250.00,163.15,43.76,853,139165
602,602,,*MANUAL*,74,1120,74,251.00,160.16,37.44,895,143346
603,603,,*MANUAL*,73,1108,58,252.00,181.29,38.76,895,162257
604,604,,*MANUAL*,71,1132,68,244.00,162.16,41.99,843,136702
605,605,,*MANUAL*,68,1159,73,229.00,157.20,27.98,893,140384
606,606,,*MANUAL*,69,1183,59,248.00,162.43,39.44,895,145374
607,607,,*MANUAL*,71,1180,79,234.00,150.94,31.79,861,129961
608,608,,*MANUAL*,65,1175,72,238.00,159.40,32.49,895,142664
609,609,,*MANUAL*,67,1128,84,245.00,152.70,34.74,873,133308
610,610,,*MANUAL*,62,1163,82,199.00,128.25,21.92,895,114781
611,611,,*MANUAL*,61,1182,82,227.00,168.76,29.05,889,150031
612,612,,*MANUAL*,35,1124,61,213.00,127.71,28.85,849,108424
613,613,,*MANUAL*,36,1115,74,200.00,129.91,28.63,839,108996
614,614,,*MANUAL*,35,1142,61,178.00,93.14,25.21,839,78143
615,615,,*MANUAL*,35,1190,45,176.00,118.05,28.83,895,105659
616,616,,*MANUAL*,37,1133,75,217.00,129.20,35.31,895,115630
617,617,,*MANUAL*,41,1123,70,211.00,135.06,27.29,892,120475
618,618,,*MANUAL*,41,1119,82,218.00,140.21,41.39,895,125487
619,619,,*MANUAL*,38,1196,75,214.00,142.65,26.40,803,114545
620,620,,*MANUAL*,44,1200,70,228.00,145.63,36.85,861,125387
621,621,,*MANUAL*,50,1204,77,253.00,166.46,42.27,885,147313
622,622,,*MANUAL*,60,1200,78,253.00,182.13,39.61,894,162824
623,623,,*MANUAL*,44,1197,48,227.00,151.77,28.82,871,132189
624,624,,*MANUAL*,52,1192,40,225.00,154.71,32.37,795,122994
625,625,,*MANUAL*,43,1199,39,230.00,133.23,39.57,895,119240
626,626,,*MANUAL*,48,1132,80,192.00,121.76,25.40,895,108974
627,627,,*MANUAL*,51,1187,82,228.00,155.80,32.21,895,139441
628,628,,*MANUAL*,57,1040,29,223.00,115.53,41.88,879,101550
629,629,,*MANUAL*,54,1075,30,218.00,127.07,41.41,804,102168
630,630,,*MANUAL*,63,1076,30,207.00,125.30,39.08,828,103752
631,631,,*MANUAL*,59,1084,28,192.00,113.56,30.44,839,95278
632,632,,*MANUAL*,54,1091,32,243.00,158.89,44.52,821,130449
633,633,,*MANUAL*,62,1095,33,244.00,152.22,49.23,867,131973
634,634,,*MANUAL*,54,1103,32,254.00,164.68,51.83,781,128612
635,635,,*MANUAL*,61,1105,31,253.00,149.52,60.85,895,133817
636,636,,*MANUAL*,60,1133,28,174.00,89.83,22.54,895,80399
637,637,,*MANUAL*,57,1161,29,163.00,117.23,21.59,871,102108
638,638,,*MANUAL*,45,1168,30,183.00,109.77,27.90,889,97589
639,639,,*MANUAL*,34,1203,49,183.00,117.89,23.96,895,105513
640,640,,*MANUAL*,66,1181,37,246.00,179.36,36.51,847,151918
641,641,,*MANUAL*,58,1186,39,249.00,178.45,29.96,895,159714
642,642,,*MANUAL*,60,1157,38,223.00,161.99,29.04,756,122463
643,643,,*MANUAL*,66,1163,40,228.00,157.57,32.81,889,140079
644,644,,*MANUAL*,51,1154,38,224.00,147.73,26.86,821,121285
645,645,,*MANUAL*,42,1154,38,202.00,131.56,29.56,895,117750
646,646,,*MANUAL*,54,1171,36,207.00,130.21,31.89,895,116542
647,647,,*MANUAL*,62,1114,40,254.00,189.20,43.27,777,147007
648,648,,*MANUAL*,70,1115,44,250.00,164.60,42.52,895,147320
649,649,,*MANUAL*,53,1120,38,248.00,173.45,36.91,821,142400
650,650,,*MANUAL*,45,1124,39,244.00,140.80,42.23,895,126018
651,651,,*MANUAL*$8$17,31,1228,56,103.00,40.29,20.84,2499,100673
652,652,,*MANUAL*,37,1281,60,193.00,124.97,26.84,892,111470
653,653,,*MANUAL*,37,1266,54,201.00,143.25,26.61,803,115028
654,654,,*MANUAL*,35,1252,59,197.00,113.12,27.86,847,95811
655,655,,*MANUAL*,43,1250,54,185.00,133.39,23.56,895,119385
656,656,,*MANUAL*,45,1252,43,241.00,162.57,32.02,829,134771
657,657,,*MANUAL*,40,1235,47,224.00,125.28,39.44,895,112125
658,658,,*MANUAL*,50,1276,38,189.00,113.22,30.16,895,101333
659,659,,*MANUAL*,51,1259,43,238.00,162.34,33.97,895,145290
660,660,*NOUSE*,*NOUSE*,0,0,0,0,0,0,0,0
661,661,,*MANUAL*$660$121,42,1272,47,211.00,107.05,45.53,1795,192158
662,662,,*MANUAL*,35,1289,52,222.00,140.27,32.59,895,125538
663,663,,*MANUAL*,33,1303,55,201.00,133.09,27.20,885,117788
664,664,,*MANUAL*,32,1313,59,211.00,148.43,27.96,895,132848
665,665,,*MANUAL*,39,1350,50,187.00,127.21,32.10,895,113857
666,666,,*MANUAL*,36,1361,57,213.00,127.17,32.81,895,113819
667,667,,*MANUAL*,36,1381,59,205.00,123.34,32.10,843,103978
668,668,,*MANUAL*,36,1347,74,192.00,103.03,36.43,659,67895
669,669,,*MANUAL*,41,1348,79,216.00,142.56,33.90,895,127590
670,670,,*MANUAL*,41,1330,80,218.00,123.13,36.96,839,103306
671,671,,*MANUAL*,37,1291,75,209.00,116.03,38.06,895,103848
672,672,,*MANUAL*,40,1239,66,173.00,107.04,28.00,895,95805
673,673,,*MANUAL*,43,1262,84,239.00,152.77,42.86,621,94869
674,674,,*MANUAL*,50,1261,85,243.00,170.62,28.70,895,152704
675,675,,*MANUAL*,50,1248,90,219.00,156.86,30.06,885,138820
676,676,,*MANUAL*,54,1238,91,230.00,138.94,32.34,895,124355
677,677,*NOUSE*,*NOUSE*,0,0,0,0,0,0,0,0
678,678,,*MANUAL*$677$566,80,1223,63,165.00,59.03,32.54,3591,211982
679,679,,*MANUAL*,73,1267,61,251.00,177.59,37.30,536,95189
680,680,,*MANUAL*,77,1264,69,251.00,162.90,38.51,895,145798
681,681,,*MANUAL*,76,1255,56,232.00,150.43,38.81,895,134638
682,682,,*MANUAL*,76,1235,58,195.00,135.96,26.52,895,121682
683,683,,*MANUAL*,68,1244,54,227.00,149.67,31.70,835,124978
684,684,,*MANUAL*,66,1245,45,250.00,179.60,37.74,865,155350
685,685,,*MANUAL*,62,1231,40,223.00,166.14,26.69,825,137066
686,686,,*MANUAL*,56,1246,45,250.00,174.68,36.89,895,156342
687,687,,*MANUAL*,77,1273,58,250.00,179.23,34.36,885,158615
688,688,,*MANUAL*,80,1301,64,249.00,170.19,48.67,843,143467
689,689,,*MANUAL*,77,1326,52,222.00,119.37,46.88,895,106839
690,690,,*MANUAL*,77,1368,59,207.00,135.72,34.54,895,121468
691,691,,*MANUAL*,77,1365,72,226.00,124.31,36.67,803,99817
692,692,,*MANUAL*,73,1360,78,230.00,134.40,38.79,895,120285
693,693,,*MANUAL*,76,1323,78,225.00,133.25,50.60,895,119261
694,694,,*MANUAL*,74,1308,81,247.00,142.35,51.81,823,117154
695,695,,*MANUAL*,79,1299,77,241.00,146.71,53.83,895,131305
696,696,,*MANUAL*,73,1235,71,223.00,149.76,30.56,895,134039
697,697,,*MANUAL*,69,1252,85,231.00,166.40,34.73,823,136951
698,698,,*MANUAL*,67,1270,85,237.00,153.29,38.02,895,137192
699,699,,*MANUAL*,67,1288,89,224.00,134.39,39.21,843,113293
700,700,,*MANUAL*,61,1259,87,236.00,165.06,30.86,895,147733
701,701,,*MANUAL*,62,1248,90,231.00,160.60,29.05,895,143739
702,702,,*MANUAL*,63,1417,89,222.00,120.47,46.23,703,84691
703,703,,*MANUAL*,61,1391,94,215.00,122.54,50.23,795,97421
704,704,,*MANUAL*,63,1372,92,241.00,154.80,47.14,839,129877
705,705,,*MANUAL*,53,1403,93,232.00,128.54,43.15,895,115042
706,706,,*MANUAL*,54,1385,94,245.00,152.35,44.67,895,136351
707,707,,*MANUAL*$365$353,57,1174,94,150.00,55.94,24.60,3007,168217
708,708,,*MANUAL*$333$355,57,1259,102,134.00,51.01,26.37,3355,171151
709,709,,*MANUAL*,57,1291,96,183.00,114.82,26.64,895,102764
710,710,,*MANUAL*$367$354,58,1357,94,188.00,67.90,36.95,2797,189930
711,711,*NOUSE*,*NOUSE*,0,0,0,0,0,0,0,0
712,712,,*MANUAL*$343$711,58,1419,95,198.00,74.40,44.03,2125,158098
713,713,,*MANUAL*$287$323,56,1516,44,175.00,50.96,37.22,3767,191965
714,714,,*MANUAL*,52,1453,41,208.00,106.96,36.68,895,95732
715,715,,*MANUAL*,59,1437,39,197.00,114.28,41.61,895,102283
716,716,,*MANUAL*,52,1424,40,209.00,127.28,40.39,895,113917
717,717,,*MANUAL*,59,1414,40,225.00,133.48,43.18,895,119466
718,718,,*MANUAL*,60,1393,40,233.00,152.84,40.27,843,128841
719,719,,*MANUAL*,61,1364,40,237.00,154.68,45.88,855,132253
720,720,,*MANUAL*,52,1398,41,236.00,150.33,36.14,895,134545
721,721,,*MANUAL*,53,1376,42,252.00,152.90,53.92,811,124003
722,722,,*MANUAL*,58,1217,33,190.00,130.01,31.96,895,116361
723,723,,*MANUAL*$318$360,57,1299,30,147.00,53.57,27.01,4551,243803
724,724,*NOUSE*,*NOUSE*,0,0,0,0,0,0,0,0
725,725,,*MANUAL*$724$377,56,1376,34,216.00,88.63,36.27,1377,122039
726,726,,*MANUAL*,62,1033,67,214.00,115.06,48.92,829,95387
727,727,,*MANUAL*,62,1039,74,224.00,102.58,46.49,895,91810
728,728,,*MANUAL*,60,1049,40,250.00,151.32,49.25,875,132405
729,729,,*MANUAL*,47,1059,49,218.00,113.61,46.52,895,101677
730,730,,*MANUAL*,68,1058,45,244.00,127.52,59.12,821,104696
731,731,,*MANUAL*$341$351,59,1068,88,184.00,51.32,32.56,4975,255341
732,732,,*MANUAL*,71,1066,69,206.00,119.07,32.26,861,102522
733,733,,*MANUAL*,70,1098,70,241.00,137.53,43.04,895,123091
734,734,,*MANUAL*,60,1105,48,234.00,174.09,26.31,521,90700
735,735,,*MANUAL*,53,1105,48,246.00,170.28,34.72,895,152401
736,736,,*MANUAL*,63,1117,75,229.00,136.68,37.44,895,122328
737,737,,*MANUAL*,51,1119,74,216.00,137.14,28.54,895,122736
738,738,,*MANUAL*,48,1113,61,202.00,113.70,32.18,831,94488
739,739,,*MANUAL*,41,1128,54,187.00,120.99,23.92,895,108284
740,740,,*MANUAL*,39,1113,59,204.00,142.15,27.73,895,127225
741,741,,*MANUAL*,57,1127,47,169.00,100.97,23.89,847,85523
742,742,*NOUSE*,*NOUSE*,0,0,0,0,0,0,0,0
743,743,,*MANUAL*$742$275,51,1131,61,143.00,84.61,26.46,1485,125647
744,744,*NOUSE*,*NOUSE*,0,0,0,0,0,0,0,0
745,745,,*MANUAL*,65,1267,60,253.00,180.76,40.02,893,161418
746,746,,*MANUAL*,58,1308,83,233.00,169.41,26.45,678,114861
747,747,,*MANUAL*,50,1310,79,187.00,114.88,31.14,895,102817
748,748,,*MANUAL*,63,1306,44,206.00,113.34,29.97,895,101437
749,749,,*MANUAL*,71,1303,65,237.00,138.81,51.23,895,124235
750,750,,*MANUAL*,65,1309,80,225.00,130.47,34.73,895,116773
751,751,,*MANUAL*,42,1311,49,226.00,145.84,33.02,839,122359
752,752,,*MANUAL*,49,1313,55,233.00,150.17,38.51,895,134405
753,753,,*MANUAL*,65,1315,56,253.00,175.23,43.77,813,142464
754,754,,*MANUAL*,72,1313,52,253.00,166.45,51.57,895,148974
755,755,*NOUSE*,*NOUSE*,0,0,0,0,0,0,0,0
756,756,,*MANUAL*$755$299,57,1325,41,194.00,73.02,34.74,3099,226295
757,757,*NOUSE*,*NOUSE*,0,0,0,0,0,0,0,0
758,758,*NOUSE*,*NOUSE*,0,0,0,0,0,0,0,0
759,759,,*MANUAL*$241$758,47,1326,72,174.00,76.80,33.13,2294,176170
760,760,,*MANUAL*,57,1322,84,248.00,126.82,39.14,730,92575
761,761,,*MANUAL*,55,1329,80,252.00,179.68,39.93,895,160815
762,762,,*MANUAL*,46,1333,62,207.00,110.67,43.68,895,99054
763,763,,*MANUAL*,50,1332,50,235.00,156.05,40.60,895,139668
764,764,,*MANUAL*,66,1330,51,254.00,172.22,42.98,895,154140
765,765,,*MANUAL*,71,1331,63,230.00,130.07,52.68,895,116417
766,766,*NOUSE*,*NOUSE*,0,0,0,0,0,0,0,0
767,767,,*MANUAL*$766$375,57,1354,83,182.00,69.54,34.38,1744,121270
768,768,,*MANUAL*$190$209,46,1374,66,159.00,57.09,29.89,3719,212322
769,769,,*MANUAL*$421$422,66,1372,64,189.00,69.55,40.52,3042,211572
770,770,*NOUSE*,*NOUSE*,0,0,0,0,0,0,0,0
771,771,,*MANUAL*$770$310,52,1373,80,156.00,74.84,27.94,1471,110090
772,772,*NOUSE*,*NOUSE*,0,0,0,0,0,0,0,0
773,773,,*MANUAL*$772$220,45,1380,57,170.00,84.53,38.33,1371,115886
774,774,,*MANUAL*,67,1378,56,178.00,93.84,41.84,895,83985
775,775,,*MANUAL*,63,1394,53,188.00,93.32,29.34,895,83525
776,776,,*MANUAL*,48,1405,52,149.00,86.77,21.17,679,58914
777,777,,*MANUAL*,45,1406,59,210.00,126.18,35.10,895,112929
778,778,,*MANUAL*,67,1405,55,243.00,150.64,43.88,889,133919
779,779,,*MANUAL*,57,1392,85,204.00,123.75,33.00,774,95782
780,780,,*MANUAL*,61,1396,80,186.00,99.92,31.18,895,89426
781,781,,*MANUAL*,56,1415,83,195.00,109.05,38.50,895,97597
782,782,,*MANUAL*,57,1434,81,197.00,99.06,39.13,895,88658
783,783,,*MANUAL*,44,1434,56,206.00,118.07,38.91,895,105672
784,784,,*MANUAL*,44,1447,55,204.00,98.19,38.55,895,87880
785,785,,*MANUAL*,65,1432,52,230.00,101.57,51.57,895,90902
786,786,,*MANUAL*,64,1447,52,232.00,117.49,49.64,895,105154
787,787,*NOUSE*,*NOUSE*,0,0,0,0,0,0,0,0
788,788,,*MANUAL*$787$549,73,1393,49,175.00,66.51,33.94,2382,158424
789,789,*NOUSE*,*NOUSE*,0,0,0,0,0,0,0,0
790,790,,*MANUAL*$789$517,69,1373,42,211.00,86.43,42.98,1823,157554
791,791,,*MANUAL*,70,1270,50,235.00,147.22,40.23,774,113950
792,792,*NOUSE*,*NOUSE*,0,0,0,0,0,0,0,0
793,793,,*MANUAL*$792$570,74,1277,45,223.00,88.77,46.06,1576,139906
794,794,*NOUSE*,*NOUSE*,0,0,0,0,0,0,0,0
795,795,,*MANUAL*$794$542,69,1226,35,197.00,83.88,40.54,1487,124733
796,796,,*MANUAL*,67,1117,33,223.00,104.87,43.07,895,93862
797,797,,*MANUAL*$535$515,71,1084,40,162.00,53.21,30.47,2734,145476
798,798,,*MANUAL*,72,1057,37,223.00,112.72,38.26,895,100882
799,799,,*MANUAL*,66,1044,33,195.00,105.41,34.74,895,94341
800,800,*NOUSE*,*NOUSE*,0,0,0,0,0,0,0,0
801,801,,*MANUAL*$800$493,68,997,36,155.00,66.68,36.29,1858,123900
802,802,,*MANUAL*,62,943,32,153.00,76.80,26.37,895,68736
803,803,,*MANUAL*$416$449,65,871,36,144.00,45.24,29.22,3446,155913
804,804,,*MANUAL*$415$394,64,776,33,110.00,34.92,19.22,3344,116756
805,805,,*MANUAL*,64,706,41,184.00,109.02,31.55,769,83833
806,806,,*MANUAL*$379$397,63,633,41,104.00,37.83,20.02,3424,129539
807,807,,*MANUAL*$396$395,61,521,40,92.00,35.56,16.52,3534,125678
808,808,,*MANUAL*,63,409,44,88.00,48.12,13.17,895,43070
809,809,,*MANUAL*,59,246,50,126.00,74.45,19.64,821,61123
810,810,,*MANUAL*,51,242,49,139.00,79.92,24.69,895,71529
811,811,,*MANUAL*,52,411,46,99.00,54.38,17.48,895,48667
812,812,*NOUSE*,*NOUSE*,0,0,0,0,0,0,0,0
813,813,,*MANUAL*$85$196,46,657,45,111.00,39.62,21.26,4866,192767
814,814,,*MANUAL*,46,724,43,125.00,79.54,16.85,879,69917
815,815,,*MANUAL*,45,798,39,144.00,74.35,29.83,895,66545
816,816,,*MANUAL*,44,1002,34,131.00,76.94,21.46,895,68862
817,817,,*MANUAL*$182$183,47,1051,32,181.00,59.68,36.54,2991,178489
818,818,,*MANUAL*,38,1223,38,161.00,71.86,22.54,889,63887
819,819,*NOUSE*,*NOUSE*,0,0,0,0,0,0,0,0
820,820,,*MANUAL*$819$195,46,1231,31,155.00,70.08,31.44,2220,155573
821,821,,*MANUAL*,40,1284,40,174.00,89.24,31.97,895,79867
822,822,*NOUSE*,*NOUSE*,0,0,0,0,0,0,0,0
823,823,,*MANUAL*$822$120,43,1368,43,165.00,63.93,32.96,2452,156753
824,824,,*MANUAL*$108$128,42,1412,80,133.00,45.69,24.12,4616,210894
825,825,,*MANUAL*$227$226,48,1349,90,144.00,56.22,27.41,3570,200693
826,826,,*MANUAL*$202$247,49,1122,92,191.00,68.10,36.44,3292,224177
827,827,,*MANUAL*$144$161,44,1029,91,126.00,39.43,22.67,3966,156360
828,828,,*MANUAL*$229$214,49,975,93,137.00,41.21,25.71,4061,167337
829,829,,*MANUAL*$215$280,50,862,92,129.00,40.51,25.67,3995,161843
830,830,,*MANUAL*$201$213,49,770,88,132.00,38.60,23.31,3585,138379
831,831,,*MANUAL*$244$253,51,421,86,98.00,35.24,17.58,5048,177894
832,832,,*MANUAL*,50,287,81,122.00,72.94,17.05,805,58713
833,833,,*MANUAL*,56,231,75,116.00,69.78,19.41,895,62453
834,834,,*MANUAL*$412$480,67,403,84,112.00,36.07,20.33,4213,151949
835,835,,*MANUAL*$340$479,63,493,82,121.00,38.00,22.11,4254,161673
836,836,,*MANUAL*$427$459,66,643,87,136.00,40.35,25.29,3906,157613
837,837,*NOUSE*,*NOUSE*,0,0,0,0,0,0,0,0
838,838,,*MANUAL*$837$492,65,808,82,159.00,59.64,34.25,1474,87905
839,839,,*MANUAL*$447$456,68,852,85,164.00,44.83,31.13,3859,172986
840,840,,*MANUAL*$408$429,64,925,93,155.00,43.24,29.33,5074,219376
841,841,,*MANUAL*,64,1129,93,174.00,94.89,35.32,895,84928
842,842,*NOUSE*,*NOUSE*,0,0,0,0,0,0,0,0
843,843,,*MANUAL*$842$430,60,1112,96,164.00,75.65,35.31,1475,111589
844,844,,*MANUAL*,73,1207,85,164.00,83.42,32.50,895,74663
845,845,,*MANUAL*,66,1194,86,252.00,170.71,39.23,895,152786
846,846,*NOUSE*,*NOUSE*,0,0,0,0,0,0,0,0
847,847,,*MANUAL*$846$514,67,1221,92,174.00,78.76,36.41,2015,158711
848,848,*NOUSE*,*NOUSE*,0,0,0,0,0,0,0,0
849,849,,*MANUAL*$848$585,74,1289,88,188.00,77.52,40.97,1545,119770
850,850,,*MANUAL*$457$499,68,1339,90,147.00,54.42,28.60,3554,193400
851,851,*NOUSE*,*NOUSE*,0,0,0,0,0,0,0,0
852,852,,*MANUAL*$851$540,71,1375,87,210.00,82.78,44.12,1576,130455
853,853,,*MANUAL*,50,191,71,100.00,61.11,14.17,895,54696
854,854,,*MANUAL*,58,200,67,88.00,45.89,19.54,895,41069
855,855,,*MANUAL*,58,233,64,155.00,104.54,20.46,895,93560
856,856,,*MANUAL*,64,279,53,147.00,91.72,26.56,889,81539
857,857,,*MANUAL*,60,285,74,123.00,85.83,16.16,884,75873
858,858,,*MANUAL*,54,246,61,152.00,96.83,19.09,895,86664
859,859,*NOUSE*,*NOUSE*,0,0,0,0,0,0,0,0
860,860,,*MANUAL*,55,282,59,148.00,100.27,18.82,895,89745
861,861,,*MANUAL*,58,299,79,147.00,91.38,24.25,895,81783
862,862,,*MANUAL*,49,291,71,143.00,91.79,20.08,867,79585
863,863,,*MANUAL*,47,217,69,92.00,39.95,14.54,1359,54296
864,864,,*MANUAL*,50,212,58,117.00,72.95,17.40,895,65291
865,865,*NOUSE*,*NOUSE*,0,0,0,0,0,0,0,0
866,866,,*MANUAL*$865$175,47,237,65,146.00,66.91,32.85,1686,112816
867,867,,*MANUAL*,57,305,55,141.00,91.52,22.56,883,80812
868,868,,*MANUAL*,48,311,54,141.00,95.35,18.43,895,85336
869,869,,*MANUAL*,60,319,47,159.00,91.00,25.55,618,56236
870,870,,*MANUAL*,56,321,52,179.00,116.91,23.28,895,104637
871,871,,*MANUAL*,46,330,53,160.00,99.35,21.70,803,79776
872,872,,*MANUAL*,63,338,48,145.00,89.02,19.31,892,79407
873,873,,*MANUAL*,54,351,46,112.00,66.61,17.49,895,59616
874,874,,*MANUAL*$506$485,70,374,50,95.00,32.94,15.93,3902,128541
875,875,*NOUSE*,*NOUSE*,0,0,0,0,0,0,0,0
876,876,,*MANUAL*$875$588,79,1058,67,172.00,61.86,33.71,1662,102818
877,877,,*MANUAL*,78,990,65,93.00,36.89,19.20,1365,50350
878,878,,*MANUAL*$537$552,75,938,60,124.00,39.93,23.57,4209,168050
879,879,,*MANUAL*$505$530,73,861,46,116.00,35.28,20.59,4307,151947
880,880,,*MANUAL*,71,797,77,184.00,102.91,30.34,895,92103
881,881,,*MANUAL*$536$544,73,760,49,74.00,29.91,13.10,3484,104214
882,882,,*MANUAL*$561$568,75,722,68,100.00,27.94,14.42,3883,108492
883,883,,*MANUAL*,72,712,57,156.00,84.27,27.95,895,75419
884,884,*NOUSE*,*NOUSE*,0,0,0,0,0,0,0,0
885,885,,*MANUAL*$884$576,73,708,43,151.00,54.87,28.07,1554,85268
886,886,,*MANUAL*$496$445,70,513,62,113.00,39.23,21.19,6730,264032
887,887,,*MANUAL*$469$520,69,489,53,92.00,32.61,15.93,3930,128171
888,888,,*MANUAL*$533$547,72,471,71,68.00,26.17,11.45,4145,108486
889,889,,*MANUAL*,72,342,52,111.00,46.30,20.18,895,41438
890,890,,*MANUAL*,68,291,72,91.00,31.49,17.47,1365,42986
891,891,,*MANUAL*,42,287,77,97.00,41.81,17.52,1365,57070
892,892,,*MANUAL*$45$74,34,1021,70,91.00,32.08,15.67,4179,134082
893,893,,*MANUAL*$58$46,35,979,67,84.00,29.10,13.28,4425,128782
894,894,,*MANUAL*$75$73,36,872,72,62.00,23.73, 9.81,4188,99402
895,895,*NOUSE*,*NOUSE*,0,0,0,0,0,0,0,0
896,896,,*MANUAL*$67$895,37,848,50,93.00,30.94,15.25,3582,110831
897,897,,*MANUAL*,38,726,49,118.00,58.90,21.89,895,52715
898,898,,*MANUAL*$97$69,39,648,55,83.00,28.42,12.83,3871,110003
899,899,,*MANUAL*,36,586,67,55.00,18.51,10.72,2103,38934
900,900,,*MANUAL*,42,569,61,62.00,26.64,12.44,1365,36360
901,901,,*MANUAL*,46,513,43,86.00,44.30,14.75,830,36768
902,902,,*MANUAL*,40,517,50,89.00,42.35,17.43,1365,57804
903,903,,*MANUAL*$92$116,38,457,71,68.00,24.36,10.11,3895,94876
904,904,,*MANUAL*$152$101,40,424,60,60.00,23.81, 9.02,3962,94338
905,905,,*MANUAL*,40,333,58,124.00,58.08,23.05,895,51979
906,906,,*MANUAL*$324$322,60,672,44,117.00,42.80,24.15,6478,277270
907,907,*NOUSE*,*NOUSE*,0,0,0,0,0,0,0,0
908,908,*NOUSE*,*NOUSE*,0,0,0,0,0,0,0,0
909,909,,*MANUAL*$908$437,63,995,44,124.00,44.07,21.48,1535,67652
910,910,,*MANUAL*$96$206,46,1004,49,84.00,34.41,14.56,3767,129640
911,911,,*MANUAL*$271$273,53,858,48,64.00,23.34, 9.16,4571,106666
912,912,*NOUSE*,*NOUSE*,0,0,0,0,0,0,0,0
913,913,,*MANUAL*$417$912,53,782,44,54.00,24.20, 8.25,2172,52566
914,914,,*MANUAL*$490$402,63,701,66,64.00,26.28,10.55,3089,81185
915,915,,*MANUAL*$347$326,58,550,53,59.00,21.55, 7.82,3022,65111
916,916,,*MANUAL*$259$186,47,357,60,64.00,29.32,11.74,2497,73202
917,917,,*MANUAL*$374$386,61,422,76,78.00,31.01,14.10,3484,108039
918,918,,*MANUAL*,48,749,40,150.00,74.23,26.05,839,62281
919,919,,*MANUAL*,56,746,35,153.00,78.93,30.34,895,70646
920,920,,*MANUAL*,56,554,34,134.00,74.48,20.03,895,66661
921,921,,*MANUAL*$462$219,57,1041,44,193.00,61.08,41.73,2583,157759
922,922,,*MANUAL*,81,1173,56,212.00,118.69,42.21,895,106224
923,923,,*MANUAL*,61,1129,64,184.00,114.71,31.29,895,102663
924,924,,*MANUAL*,54,253,74,143.00,91.17,18.36,895,81598
925,925,,*MANUAL*,43,1138,64,190.00,140.18,21.22,895,125461
926,926,,*MANUAL*,63,1130,40,125.00,72.90,21.20,895,65249
927,927,,*MANUAL*,72,1125,57,227.00,160.28,30.23,895,143454
928,928,,*MANUAL*,72,1155,45,251.00,159.88,35.91,895,143094
929,929,,*MANUAL*,69,1188,48,239.00,161.37,36.77,895,144428
930,930,F1,*MANUAL*,56,1492,63,22.00, 3.37, 4.30,895,3018
931,931,F2,*MANUAL*,56,1412,65,48.00, 7.90, 6.25,895,7072
932,932,F3,*MANUAL*,56,1310,64,60.00,23.64, 9.28,895,21156
933,933,F4,*MANUAL*,56,1233,64,27.00, 8.81, 3.64,895,7883
934,934,F5,*MANUAL*,56,1150,62,44.00,20.41, 6.31,895,18264
935,935,F6,*MANUAL*,57,1056,60,26.00, 9.11, 3.85,895,8150
936,936,F7,*MANUAL*,57,1008,58,16.00, 1.51, 1.75,895,1348
937,937,F8,*MANUAL*,57,920,56, 5.00, 0.88, 1.03,895,789
938,938,F9,*MANUAL*,56,775,66, 5.00, 0.47, 0.77,895,420
939,939,F10,*MANUAL*,55,378,70, 6.00, 0.76, 1.09,895,677
