0,0,*NOUSE*,*NOUSE*,0,0,0,0,0,0,0,0
1,1,*NOUSE*,*NOUSE*,0,0,0,0,0,0,0,0
2,2,,,43,1077,75,129.00,39.39,24.55,6136,241710
3,3,,,44,1008,79,148.00,42.21,28.56,4715,199005
4,4,*NOUSE*,*NOUSE*,0,0,0,0,0,0,0,0
5,5,,,44,939,64,140.00,39.87,26.49,5853,233331
6,6,*NOUSE*,*NOUSE*,0,0,0,0,0,0,0,0
7,7,*NOUSE*,*NOUSE*,0,0,0,0,0,0,0,0
8,8,,,44,1021,65,115.00,36.38,22.64,7249,263754
9,9,*NOUSE*,*NOUSE*,0,0,0,0,0,0,0,0
10,10,*NOUSE*,*NOUSE*,0,0,0,0,0,0,0,0
11,11,,,45,1162,65,218.00,77.19,52.30,3411,263301
12,12,,,46,1146,65,170.00,69.40,41.67,3702,256936
13,13,*NOUSE*,*NOUSE*,0,0,0,0,0,0,0,0
14,14,,,46,1108,65,239.00,85.81,57.21,3035,260421
15,15,*NOUSE*,*NOUSE*,0,0,0,0,0,0,0,0
16,16,,,46,1067,60,238.00,75.88,56.63,3640,276187
17,17,*NOUSE*,*NOUSE*,0,0,0,0,0,0,0,0
18,18,*NOUSE*,*NOUSE*,0,0,0,0,0,0,0,0
19,19,,,47,1145,82,166.00,58.30,34.82,4012,233904
20,20,,,45,950,85,114.00,34.33,21.59,6261,214949
21,21,*NOUSE*,*NOUSE*,0,0,0,0,0,0,0,0
22,22,,,48,836,53,114.00,31.85,18.94,6161,196216
23,23,*NOUSE*,*NOUSE*,0,0,0,0,0,0,0,0
24,24,,,47,1093,63,245.00,78.06,55.18,3272,255409
25,25,,,46,973,67,230.00,70.96,56.01,3312,235004
26,26,,,48,655,67,134.00,30.88,19.61,5636,174054
27,27,*NOUSE*,*NOUSE*,0,0,0,0,0,0,0,0
28,28,*NOUSE*,*NOUSE*,0,0,0,0,0,0,0,0
29,29,*NOUSE*,*NOUSE*,0,0,0,0,0,0,0,0
30,30,*NOUSE*,*NOUSE*,0,0,0,0,0,0,0,0
31,31,*NOUSE*,*NOUSE*,0,0,0,0,0,0,0,0
32,32,,,47,1207,79,185.00,72.06,45.29,3187,229655
33,33,*NOUSE*,*NOUSE*,0,0,0,0,0,0,0,0
34,34,,,47,1107,81,224.00,74.93,51.42,3142,235423
35,35,*NOUSE*,*NOUSE*,0,0,0,0,0,0,0,0
36,36,*NOUSE*,*NOUSE*,0,0,0,0,0,0,0,0
37,37,,,48,785,46,157.00,44.31,31.05,4163,184479
38,38,,,49,703,59,202.00,54.81,43.95,3585,196486
39,39,,,49,1046,63,215.00,68.13,52.35,3864,263271
40,40,*NOUSE*,*NOUSE*,0,0,0,0,0,0,0,0
41,41,,,46,1072,93,132.00,40.16,25.99,5260,211221
42,42,,,49,879,53,155.00,45.63,33.83,4686,213803
43,43,,,50,758,68,95.00,29.54,17.06,6185,182706
44,44,*NOUSE*,*NOUSE*,0,0,0,0,0,0,0,0
45,45,*NOUSE*,*NOUSE*,0,0,0,0,0,0,0,0
46,46,*NOUSE*,*NOUSE*,0,0,0,0,0,0,0,0
47,47,,,48,1041,79,235.00,73.09,53.17,3284,240022
48,48,*NOUSE*,*NOUSE*,0,0,0,0,0,0,0,0
49,49,*NOUSE*,*NOUSE*,0,0,0,0,0,0,0,0
50,50,*NOUSE*,*NOUSE*,0,0,0,0,0,0,0,0
51,51,,,50,1119,90,227.00,84.47,50.08,2775,234400
52,52,*NOUSE*,*NOUSE*,0,0,0,0,0,0,0,0
53,53,*NOUSE*,*NOUSE*,0,0,0,0,0,0,0,0
54,54,*NOUSE*,*NOUSE*,0,0,0,0,0,0,0,0
55,55,*NOUSE*,*NOUSE*,0,0,0,0,0,0,0,0
56,56,,,51,1167,93,199.00,75.19,45.26,2790,209779
57,57,*NOUSE*,*NOUSE*,0,0,0,0,0,0,0,0
58,58,*NOUSE*,*NOUSE*,0,0,0,0,0,0,0,0
59,59,*NOUSE*,*NOUSE*,0,0,0,0,0,0,0,0
60,60,*NOUSE*,*NOUSE*,0,0,0,0,0,0,0,0
61,61,*NOUSE*,*NOUSE*,0,0,0,0,0,0,0,0
62,62,*NOUSE*,*NOUSE*,0,0,0,0,0,0,0,0
63,63,*NOUSE*,*NOUSE*,0,0,0,0,0,0,0,0
64,64,,,53,540,69,128.00,41.07,28.50,5254,215800
65,65,*NOUSE*,*NOUSE*,0,0,0,0,0,0,0,0
66,66,,,51,561,83,91.00,31.59,18.54,3904,123313
67,67,*NOUSE*,*NOUSE*,0,0,0,0,0,0,0,0
68,68,*NOUSE*,*NOUSE*,0,0,0,0,0,0,0,0
69,69,*NOUSE*,*NOUSE*,0,0,0,0,0,0,0,0
70,70,*NOUSE*,*NOUSE*,0,0,0,0,0,0,0,0
71,71,,,52,646,49,207.00,65.16,47.03,3029,197373
72,72,,,53,918,48,204.00,64.00,50.09,3785,242224
73,73,*NOUSE*,*NOUSE*,0,0,0,0,0,0,0,0
74,74,*NOUSE*,*NOUSE*,0,0,0,0,0,0,0,0
75,75,,,53,1377,85,131.00,42.22,29.77,4093,172820
76,76,*NOUSE*,*NOUSE*,0,0,0,0,0,0,0,0
77,77,,,54,1098,47,199.00,67.19,45.45,4094,275066
78,78,*NOUSE*,*NOUSE*,0,0,0,0,0,0,0,0
79,79,*NOUSE*,*NOUSE*,0,0,0,0,0,0,0,0
80,80,*NOUSE*,*NOUSE*,0,0,0,0,0,0,0,0
81,81,*NOUSE*,*NOUSE*,0,0,0,0,0,0,0,0
82,82,*NOUSE*,*NOUSE*,0,0,0,0,0,0,0,0
83,83,*NOUSE*,*NOUSE*,0,0,0,0,0,0,0,0
84,84,,,53,475,70,87.00,30.20,17.22,5795,174983
85,85,*NOUSE*,*NOUSE*,0,0,0,0,0,0,0,0
86,86,,,55,1315,76,202.00,64.38,39.73,3061,197059
87,87,,,55,1067,80,189.00,56.03,38.45,4429,248162
88,88,*NOUSE*,*NOUSE*,0,0,0,0,0,0,0,0
89,89,*NOUSE*,*NOUSE*,0,0,0,0,0,0,0,0
90,90,*NOUSE*,*NOUSE*,0,0,0,0,0,0,0,0
91,91,*NOUSE*,*NOUSE*,0,0,0,0,0,0,0,0
92,92,*NOUSE*,*NOUSE*,0,0,0,0,0,0,0,0
93,93,*NOUSE*,*NOUSE*,0,0,0,0,0,0,0,0
94,94,*NOUSE*,*NOUSE*,0,0,0,0,0,0,0,0
95,95,*NOUSE*,*NOUSE*,0,0,0,0,0,0,0,0
96,96,*NOUSE*,*NOUSE*,0,0,0,0,0,0,0,0
97,97,*NOUSE*,*NOUSE*,0,0,0,0,0,0,0,0
98,98,*NOUSE*,*NOUSE*,0,0,0,0,0,0,0,0
99,99,*NOUSE*,*NOUSE*,0,0,0,0,0,0,0,0
100,100,*NOUSE*,*NOUSE*,0,0,0,0,0,0,0,0
101,101,*NOUSE*,*NOUSE*,0,0,0,0,0,0,0,0
102,102,,,55,1130,85,219.00,93.55,46.01,2629,245956
103,103,*NOUSE*,*NOUSE*,0,0,0,0,0,0,0,0
104,104,*NOUSE*,*NOUSE*,0,0,0,0,0,0,0,0
105,105,*NOUSE*,*NOUSE*,0,0,0,0,0,0,0,0
106,106,*NOUSE*,*NOUSE*,0,0,0,0,0,0,0,0
107,107,*NOUSE*,*NOUSE*,0,0,0,0,0,0,0,0
108,108,*NOUSE*,*NOUSE*,0,0,0,0,0,0,0,0
109,109,*NOUSE*,*NOUSE*,0,0,0,0,0,0,0,0
110,110,*NOUSE*,*NOUSE*,0,0,0,0,0,0,0,0
111,111,,,56,1138,71,209.00,83.88,45.17,3298,276651
112,112,,,54,382,77,74.00,25.26,12.95,4217,106542
113,113,,,55,1416,85,123.00,38.97,23.15,2792,108815
114,114,,,59,965,88,104.00,34.64,19.83,6604,228785
115,115,*NOUSE*,*NOUSE*,0,0,0,0,0,0,0,0
116,116,*NOUSE*,*NOUSE*,0,0,0,0,0,0,0,0
117,117,*NOUSE*,*NOUSE*,0,0,0,0,0,0,0,0
118,118,,,57,1012,43,175.00,50.56,36.65,4766,240973
119,119,*NOUSE*,*NOUSE*,0,0,0,0,0,0,0,0
120,120,,,58,978,52,110.00,32.05,18.10,7315,234412
121,121,*NOUSE*,*NOUSE*,0,0,0,0,0,0,0,0
122,122,*NOUSE*,*NOUSE*,0,0,0,0,0,0,0,0
123,123,*NOUSE*,*NOUSE*,0,0,0,0,0,0,0,0
124,124,*NOUSE*,*NOUSE*,0,0,0,0,0,0,0,0
125,125,,,58,1339,78,227.00,72.67,45.06,2623,190619
126,126,*NOUSE*,*NOUSE*,0,0,0,0,0,0,0,0
127,127,*NOUSE*,*NOUSE*,0,0,0,0,0,0,0,0
128,128,,,57,1034,84,217.00,76.49,51.33,3189,243917
129,129,*NOUSE*,*NOUSE*,0,0,0,0,0,0,0,0
130,130,,,59,864,44,160.00,45.52,34.95,4746,216045
131,131,*NOUSE*,*NOUSE*,0,0,0,0,0,0,0,0
132,132,*NOUSE*,*NOUSE*,0,0,0,0,0,0,0,0
133,133,*NOUSE*,*NOUSE*,0,0,0,0,0,0,0,0
134,134,*NOUSE*,*NOUSE*,0,0,0,0,0,0,0,0
135,135,*NOUSE*,*NOUSE*,0,0,0,0,0,0,0,0
136,136,*NOUSE*,*NOUSE*,0,0,0,0,0,0,0,0
137,137,*NOUSE*,*NOUSE*,0,0,0,0,0,0,0,0
138,138,*NOUSE*,*NOUSE*,0,0,0,0,0,0,0,0
139,139,*NOUSE*,*NOUSE*,0,0,0,0,0,0,0,0
140,140,*NOUSE*,*NOUSE*,0,0,0,0,0,0,0,0
141,141,,,60,763,39,151.00,46.26,35.78,3948,182624
142,142,,,60,1143,43,183.00,61.03,35.57,4716,287820
143,143,*NOUSE*,*NOUSE*,0,0,0,0,0,0,0,0
144,144,*NOUSE*,*NOUSE*,0,0,0,0,0,0,0,0
145,145,*NOUSE*,*NOUSE*,0,0,0,0,0,0,0,0
146,146,*NOUSE*,*NOUSE*,0,0,0,0,0,0,0,0
147,147,*NOUSE*,*NOUSE*,0,0,0,0,0,0,0,0
148,148,,,58,519,76,84.00,25.57,14.13,5910,151106
149,149,*NOUSE*,*NOUSE*,0,0,0,0,0,0,0,0
150,150,,,59,1161,85,226.00,80.74,42.72,2946,237869
151,151,*NOUSE*,*NOUSE*,0,0,0,0,0,0,0,0
152,152,*NOUSE*,*NOUSE*,0,0,0,0,0,0,0,0
153,153,,,59,1154,54,221.00,86.86,46.98,3014,261786
154,154,,,59,1299,65,184.00,71.59,43.30,3118,223228
155,155,*NOUSE*,*NOUSE*,0,0,0,0,0,0,0,0
156,156,*NOUSE*,*NOUSE*,0,0,0,0,0,0,0,0
157,157,*NOUSE*,*NOUSE*,0,0,0,0,0,0,0,0
158,158,*NOUSE*,*NOUSE*,0,0,0,0,0,0,0,0
159,159,*NOUSE*,*NOUSE*,0,0,0,0,0,0,0,0
160,160,*NOUSE*,*NOUSE*,0,0,0,0,0,0,0,0
161,161,*NOUSE*,*NOUSE*,0,0,0,0,0,0,0,0
162,162,*NOUSE*,*NOUSE*,0,0,0,0,0,0,0,0
163,163,,,60,1088,91,198.00,63.84,43.58,3572,228035
164,164,*NOUSE*,*NOUSE*,0,0,0,0,0,0,0,0
165,165,*NOUSE*,*NOUSE*,0,0,0,0,0,0,0,0
166,166,*NOUSE*,*NOUSE*,0,0,0,0,0,0,0,0
167,167,*NOUSE*,*NOUSE*,0,0,0,0,0,0,0,0
168,168,*NOUSE*,*NOUSE*,0,0,0,0,0,0,0,0
169,169,*NOUSE*,*NOUSE*,0,0,0,0,0,0,0,0
170,170,*NOUSE*,*NOUSE*,0,0,0,0,0,0,0,0
171,171,,,65,673,52,122.00,33.16,19.76,9253,306797
172,172,*NOUSE*,*NOUSE*,0,0,0,0,0,0,0,0
173,173,*NOUSE*,*NOUSE*,0,0,0,0,0,0,0,0
174,174,*NOUSE*,*NOUSE*,0,0,0,0,0,0,0,0
175,175,*NOUSE*,*NOUSE*,0,0,0,0,0,0,0,0
176,176,*NOUSE*,*NOUSE*,0,0,0,0,0,0,0,0
177,177,*NOUSE*,*NOUSE*,0,0,0,0,0,0,0,0
178,178,*NOUSE*,*NOUSE*,0,0,0,0,0,0,0,0
179,179,,,60,1100,81,201.00,67.91,40.58,3489,236933
180,180,*NOUSE*,*NOUSE*,0,0,0,0,0,0,0,0
181,181,*NOUSE*,*NOUSE*,0,0,0,0,0,0,0,0
182,182,,,63,1054,90,156.00,44.95,30.42,5094,228963
183,183,,,61,1205,101,214.00,79.30,46.87,2244,177946
184,184,*NOUSE*,*NOUSE*,0,0,0,0,0,0,0,0
185,185,*NOUSE*,*NOUSE*,0,0,0,0,0,0,0,0
186,186,*NOUSE*,*NOUSE*,0,0,0,0,0,0,0,0
187,187,*NOUSE*,*NOUSE*,0,0,0,0,0,0,0,0
188,188,,,62,893,46,216.00,60.37,48.50,3579,216049
189,189,*NOUSE*,*NOUSE*,0,0,0,0,0,0,0,0
190,190,*NOUSE*,*NOUSE*,0,0,0,0,0,0,0,0
191,191,*NOUSE*,*NOUSE*,0,0,0,0,0,0,0,0
192,192,*NOUSE*,*NOUSE*,0,0,0,0,0,0,0,0
193,193,,,61,382,59,101.00,36.15,21.79,3885,140446
194,194,,,61,1108,66,245.00,98.79,57.58,2810,277594
195,195,*NOUSE*,*NOUSE*,0,0,0,0,0,0,0,0
196,196,*NOUSE*,*NOUSE*,0,0,0,0,0,0,0,0
197,197,*NOUSE*,*NOUSE*,0,0,0,0,0,0,0,0
198,198,,,62,834,99,184.00,48.55,37.89,4649,225732
199,199,*NOUSE*,*NOUSE*,0,0,0,0,0,0,0,0
200,200,,,62,1048,109,189.00,50.62,37.27,3900,197405
201,201,*NOUSE*,*NOUSE*,0,0,0,0,0,0,0,0
202,202,*NOUSE*,*NOUSE*,0,0,0,0,0,0,0,0
203,203,*NOUSE*,*NOUSE*,0,0,0,0,0,0,0,0
204,204,*NOUSE*,*NOUSE*,0,0,0,0,0,0,0,0
205,205,*NOUSE*,*NOUSE*,0,0,0,0,0,0,0,0
206,206,*NOUSE*,*NOUSE*,0,0,0,0,0,0,0,0
207,207,*NOUSE*,*NOUSE*,0,0,0,0,0,0,0,0
208,208,*NOUSE*,*NOUSE*,0,0,0,0,0,0,0,0
209,209,*NOUSE*,*NOUSE*,0,0,0,0,0,0,0,0
210,210,,,64,1178,101,201.00,60.27,39.11,3257,196301
211,211,,,65,718,40,136.00,42.18,28.88,3772,159093
212,212,,,64,698,48,93.00,30.98,17.11,4352,134816
213,213,*NOUSE*,*NOUSE*,0,0,0,0,0,0,0,0
214,214,*NOUSE*,*NOUSE*,0,0,0,0,0,0,0,0
215,215,,,67,624,61,54.00,21.77, 9.16,6955,151445
216,216,,,64,1489,68,112.00,32.85,20.77,4062,133454
217,217,*NOUSE*,*NOUSE*,0,0,0,0,0,0,0,0
218,218,*NOUSE*,*NOUSE*,0,0,0,0,0,0,0,0
219,219,*NOUSE*,*NOUSE*,0,0,0,0,0,0,0,0
220,220,*NOUSE*,*NOUSE*,0,0,0,0,0,0,0,0
221,221,*NOUSE*,*NOUSE*,0,0,0,0,0,0,0,0
222,222,*NOUSE*,*NOUSE*,0,0,0,0,0,0,0,0
223,223,*NOUSE*,*NOUSE*,0,0,0,0,0,0,0,0
224,224,*NOUSE*,*NOUSE*,0,0,0,0,0,0,0,0
225,225,,,68,419,63,64.00,24.77,11.59,5706,141355
226,226,*NOUSE*,*NOUSE*,0,0,0,0,0,0,0,0
227,227,*NOUSE*,*NOUSE*,0,0,0,0,0,0,0,0
228,228,*NOUSE*,*NOUSE*,0,0,0,0,0,0,0,0
229,229,,,66,444,93,125.00,40.54,26.75,3335,135206
230,230,,,64,1193,100,203.00,76.81,40.57,2345,180124
231,231,,,66,1161,101,161.00,59.38,32.96,3580,212589
232,232,*NOUSE*,*NOUSE*,0,0,0,0,0,0,0,0
233,233,*NOUSE*,*NOUSE*,0,0,0,0,0,0,0,0
234,234,*NOUSE*,*NOUSE*,0,0,0,0,0,0,0,0
235,235,*NOUSE*,*NOUSE*,0,0,0,0,0,0,0,0
236,236,,,67,328,62,115.00,40.24,23.08,3849,154897
237,237,,,64,1277,69,217.00,82.82,51.36,3168,262372
238,238,*NOUSE*,*NOUSE*,0,0,0,0,0,0,0,0
239,239,*NOUSE*,*NOUSE*,0,0,0,0,0,0,0,0
240,240,,,66,1141,85,150.00,60.02,29.34,3668,220152
241,241,,,67,311,87,97.00,35.47,20.23,3359,119154
242,242,*NOUSE*,*NOUSE*,0,0,0,0,0,0,0,0
243,243,,,70,920,89,68.00,25.75,11.87,7561,194727
244,244,,,71,1302,94,192.00,63.90,41.43,3425,218869
245,245,,,66,525,96,122.00,39.26,26.08,3879,152295
246,246,*NOUSE*,*NOUSE*,0,0,0,0,0,0,0,0
247,247,,,67,379,96,109.00,36.47,24.60,3273,119382
248,248,*NOUSE*,*NOUSE*,0,0,0,0,0,0,0,0
249,249,*NOUSE*,*NOUSE*,0,0,0,0,0,0,0,0
250,250,*NOUSE*,*NOUSE*,0,0,0,0,0,0,0,0
251,251,*NOUSE*,*NOUSE*,0,0,0,0,0,0,0,0
252,252,*NOUSE*,*NOUSE*,0,0,0,0,0,0,0,0
253,253,*NOUSE*,*NOUSE*,0,0,0,0,0,0,0,0
254,254,*NOUSE*,*NOUSE*,0,0,0,0,0,0,0,0
255,255,*NOUSE*,*NOUSE*,0,0,0,0,0,0,0,0
256,256,*NOUSE*,*NOUSE*,0,0,0,0,0,0,0,0
257,257,*NOUSE*,*NOUSE*,0,0,0,0,0,0,0,0
258,258,*NOUSE*,*NOUSE*,0,0,0,0,0,0,0,0
259,259,*NOUSE*,*NOUSE*,0,0,0,0,0,0,0,0
260,260,*NOUSE*,*NOUSE*,0,0,0,0,0,0,0,0
261,261,*NOUSE*,*NOUSE*,0,0,0,0,0,0,0,0
262,262,*NOUSE*,*NOUSE*,0,0,0,0,0,0,0,0
263,263,*NOUSE*,*NOUSE*,0,0,0,0,0,0,0,0
264,264,,,70,725,76,57.00,22.54, 9.93,6905,155655
265,265,*NOUSE*,*NOUSE*,0,0,0,0,0,0,0,0
266,266,*NOUSE*,*NOUSE*,0,0,0,0,0,0,0,0
267,267,*NOUSE*,*NOUSE*,0,0,0,0,0,0,0,0
268,268,*NOUSE*,*NOUSE*,0,0,0,0,0,0,0,0
269,269,,,69,1116,109,198.00,67.44,41.50,3107,209539
270,270,*NOUSE*,*NOUSE*,0,0,0,0,0,0,0,0
271,271,*NOUSE*,*NOUSE*,0,0,0,0,0,0,0,0
272,272,*NOUSE*,*NOUSE*,0,0,0,0,0,0,0,0
273,273,*NOUSE*,*NOUSE*,0,0,0,0,0,0,0,0
274,274,*NOUSE*,*NOUSE*,0,0,0,0,0,0,0,0
275,275,,,74,392,84,60.00,22.67, 9.45,5528,125340
276,276,*NOUSE*,*NOUSE*,0,0,0,0,0,0,0,0
277,277,*NOUSE*,*NOUSE*,0,0,0,0,0,0,0,0
278,278,*NOUSE*,*NOUSE*,0,0,0,0,0,0,0,0
279,279,*NOUSE*,*NOUSE*,0,0,0,0,0,0,0,0
280,280,,,74,796,82,62.00,22.36,10.26,8785,196416
281,281,*NOUSE*,,67,1376,74,72.00,32.16,15.65,81,2605
282,282,*NOUSE*,*NOUSE*,0,0,0,0,0,0,0,0
283,283,,,70,1106,95,210.00,73.88,44.29,2868,211889
284,284,*NOUSE*,*NOUSE*,0,0,0,0,0,0,0,0
285,285,,,72,1016,39,203.00,61.57,45.13,4046,249115
286,286,*NOUSE*,*NOUSE*,0,0,0,0,0,0,0,0
287,287,*NOUSE*,*NOUSE*,0,0,0,0,0,0,0,0
288,288,,,71,283,56,103.00,36.50,20.72,3290,120072
289,289,,,70,176,60,86.00,28.48,14.88,2872,81797
290,290,*NOUSE*,*NOUSE*,0,0,0,0,0,0,0,0
291,291,*NOUSE*,*NOUSE*,0,0,0,0,0,0,0,0
292,292,,,75,869,89,61.00,22.17, 9.59,8765,194296
293,293,*NOUSE*,*NOUSE*,0,0,0,0,0,0,0,0
294,294,,,71,1301,110,132.00,48.26,25.63,3325,160454
295,295,,,72,1339,107,130.00,47.40,27.43,3486,165240
296,296,*NOUSE*,*NOUSE*,0,0,0,0,0,0,0,0
297,297,,,73,1098,52,192.00,74.39,40.90,3319,246906
298,298,,,77,843,53,52.00,21.25, 8.92,7786,165456
299,299,*NOUSE*,*NOUSE*,0,0,0,0,0,0,0,0
300,300,,,71,1166,57,214.00,94.75,47.31,3014,285566
301,301,*NOUSE*,*NOUSE*,0,0,0,0,0,0,0,0
302,302,*NOUSE*,*NOUSE*,0,0,0,0,0,0,0,0
303,303,*NOUSE*,*NOUSE*,0,0,0,0,0,0,0,0
304,304,,,70,158,68,83.00,28.14,13.96,2824,79459
305,305,*NOUSE*,*NOUSE*,0,0,0,0,0,0,0,0
306,306,*NOUSE*,*NOUSE*,0,0,0,0,0,0,0,0
307,307,*NOUSE*,*NOUSE*,0,0,0,0,0,0,0,0
308,308,*NOUSE*,*NOUSE*,0,0,0,0,0,0,0,0
309,309,*NOUSE*,*NOUSE*,0,0,0,0,0,0,0,0
310,310,*NOUSE*,*NOUSE*,0,0,0,0,0,0,0,0
311,311,*NOUSE*,*NOUSE*,0,0,0,0,0,0,0,0
312,312,*NOUSE*,*NOUSE*,0,0,0,0,0,0,0,0
313,313,*NOUSE*,*NOUSE*,0,0,0,0,0,0,0,0
314,314,*NOUSE*,*NOUSE*,0,0,0,0,0,0,0,0
315,315,*NOUSE*,*NOUSE*,0,0,0,0,0,0,0,0
316,316,*NOUSE*,*NOUSE*,0,0,0,0,0,0,0,0
317,317,*NOUSE*,*NOUSE*,0,0,0,0,0,0,0,0
318,318,*NOUSE*,*NOUSE*,0,0,0,0,0,0,0,0
319,319,*NOUSE*,*NOUSE*,0,0,0,0,0,0,0,0
320,320,*NOUSE*,*NOUSE*,0,0,0,0,0,0,0,0
321,321,,,72,1091,94,159.00,64.32,33.53,2903,186713
322,322,*NOUSE*,*NOUSE*,0,0,0,0,0,0,0,0
323,323,*NOUSE*,*NOUSE*,0,0,0,0,0,0,0,0
324,324,*NOUSE*,*NOUSE*,0,0,0,0,0,0,0,0
325,325,*NOUSE*,*NOUSE*,0,0,0,0,0,0,0,0
326,326,*NOUSE*,*NOUSE*,0,0,0,0,0,0,0,0
327,327,*NOUSE*,*NOUSE*,0,0,0,0,0,0,0,0
328,328,*NOUSE*,*NOUSE*,0,0,0,0,0,0,0,0
329,329,*NOUSE*,*NOUSE*,0,0,0,0,0,0,0,0
330,330,,,77,763,50,54.00,21.01, 8.98,7023,147575
331,331,*NOUSE*,*NOUSE*,0,0,0,0,0,0,0,0
332,332,*NOUSE*,*NOUSE*,0,0,0,0,0,0,0,0
333,333,*NOUSE*,*NOUSE*,0,0,0,0,0,0,0,0
334,334,*NOUSE*,*NOUSE*,0,0,0,0,0,0,0,0
335,335,,,78,1032,96,166.00,57.22,37.62,3889,222547
336,336,*NOUSE*,*NOUSE*,0,0,0,0,0,0,0,0
337,337,*NOUSE*,*NOUSE*,0,0,0,0,0,0,0,0
338,338,,,74,1373,106,124.00,44.42,27.19,3321,147503
339,339,*NOUSE*,*NOUSE*,0,0,0,0,0,0,0,0
340,340,*NOUSE*,*NOUSE*,0,0,0,0,0,0,0,0
341,341,*NOUSE*,*NOUSE*,0,0,0,0,0,0,0,0
342,342,*NOUSE*,*NOUSE*,0,0,0,0,0,0,0,0
343,343,*NOUSE*,*NOUSE*,0,0,0,0,0,0,0,0
344,344,*NOUSE*,*NOUSE*,0,0,0,0,0,0,0,0
345,345,*NOUSE*,*NOUSE*,0,0,0,0,0,0,0,0
346,346,*NOUSE*,*NOUSE*,0,0,0,0,0,0,0,0
347,347,*NOUSE*,,68,1262,41,64.00,35.52,11.85,33,1172
348,348,*NOUSE*,*NOUSE*,0,0,0,0,0,0,0,0
349,349,*NOUSE*,*NOUSE*,0,0,0,0,0,0,0,0
350,350,*NOUSE*,*NOUSE*,0,0,0,0,0,0,0,0
351,351,*NOUSE*,*NOUSE*,0,0,0,0,0,0,0,0
352,352,*NOUSE*,*NOUSE*,0,0,0,0,0,0,0,0
353,353,*NOUSE*,*NOUSE*,0,0,0,0,0,0,0,0
354,354,*NOUSE*,*NOUSE*,0,0,0,0,0,0,0,0
355,355,,,73,169,83,87.00,29.39,14.91,2990,87888
356,356,,,75,211,87,99.00,34.62,19.38,2849,98638
357,357,*NOUSE*,*NOUSE*,0,0,0,0,0,0,0,0
358,358,*NOUSE*,*NOUSE*,0,0,0,0,0,0,0,0
359,359,*NOUSE*,*NOUSE*,0,0,0,0,0,0,0,0
360,360,*NOUSE*,*NOUSE*,0,0,0,0,0,0,0,0
361,361,*NOUSE*,*NOUSE*,0,0,0,0,0,0,0,0
362,362,*NOUSE*,*NOUSE*,0,0,0,0,0,0,0,0
363,363,*NOUSE*,*NOUSE*,0,0,0,0,0,0,0,0
364,364,*NOUSE*,*NOUSE*,0,0,0,0,0,0,0,0
365,365,*NOUSE*,*NOUSE*,0,0,0,0,0,0,0,0
366,366,*NOUSE*,*NOUSE*,0,0,0,0,0,0,0,0
367,367,*NOUSE*,*NOUSE*,0,0,0,0,0,0,0,0
368,368,*NOUSE*,*NOUSE*,0,0,0,0,0,0,0,0
369,369,,,74,64,74,76.00,25.01,11.37,2704,67622
370,370,,,77,583,81,51.00,21.04, 8.41,6804,143157
371,371,*NOUSE*,*NOUSE*,0,0,0,0,0,0,0,0
372,372,*NOUSE*,*NOUSE*,0,0,0,0,0,0,0,0
373,373,*NOUSE*,*NOUSE*,0,0,0,0,0,0,0,0
374,374,*NOUSE*,*NOUSE*,0,0,0,0,0,0,0,0
375,375,*NOUSE*,*NOUSE*,0,0,0,0,0,0,0,0
376,376,*NOUSE*,*NOUSE*,0,0,0,0,0,0,0,0
377,377,*NOUSE*,*NOUSE*,0,0,0,0,0,0,0,0
378,378,*NOUSE*,*NOUSE*,0,0,0,0,0,0,0,0
379,379,*NOUSE*,*NOUSE*,0,0,0,0,0,0,0,0
380,380,*NOUSE*,*NOUSE*,0,0,0,0,0,0,0,0
381,381,*NOUSE*,*NOUSE*,0,0,0,0,0,0,0,0
382,382,,,83,918,54,69.00,23.54,10.71,8015,188695
383,383,*NOUSE*,*NOUSE*,0,0,0,0,0,0,0,0
384,384,*NOUSE*,*NOUSE*,0,0,0,0,0,0,0,0
385,385,*NOUSE*,*NOUSE*,0,0,0,0,0,0,0,0
386,386,*NOUSE*,*NOUSE*,0,0,0,0,0,0,0,0
387,387,*NOUSE*,*NOUSE*,0,0,0,0,0,0,0,0
388,388,,,79,1309,55,127.00,45.95,23.56,4958,227844
389,389,,,79,225,57,94.00,31.95,17.72,3451,110272
390,390,,,84,624,55,106.00,31.24,18.82,5380,168080
391,391,*NOUSE*,*NOUSE*,0,0,0,0,0,0,0,0
392,392,*NOUSE*,*NOUSE*,0,0,0,0,0,0,0,0
393,393,*NOUSE*,*NOUSE*,0,0,0,0,0,0,0,0
394,394,*NOUSE*,*NOUSE*,0,0,0,0,0,0,0,0
395,395,*NOUSE*,*NOUSE*,0,0,0,0,0,0,0,0
396,396,*NOUSE*,*NOUSE*,0,0,0,0,0,0,0,0
397,397,*NOUSE*,*NOUSE*,0,0,0,0,0,0,0,0
398,398,*NOUSE*,*NOUSE*,0,0,0,0,0,0,0,0
399,399,*NOUSE*,*NOUSE*,0,0,0,0,0,0,0,0
400,400,*NOUSE*,*NOUSE*,0,0,0,0,0,0,0,0
401,401,*NOUSE*,*NOUSE*,0,0,0,0,0,0,0,0
402,402,*NOUSE*,*NOUSE*,0,0,0,0,0,0,0,0
403,403,*NOUSE*,*NOUSE*,0,0,0,0,0,0,0,0
404,404,*NOUSE*,*NOUSE*,0,0,0,0,0,0,0,0
405,405,*NOUSE*,*NOUSE*,0,0,0,0,0,0,0,0
406,406,*NOUSE*,*NOUSE*,0,0,0,0,0,0,0,0
407,407,*NOUSE*,*NOUSE*,0,0,0,0,0,0,0,0
408,408,*NOUSE*,*NOUSE*,0,0,0,0,0,0,0,0
409,409,*NOUSE*,*NOUSE*,0,0,0,0,0,0,0,0
410,410,*NOUSE*,*NOUSE*,0,0,0,0,0,0,0,0
411,411,*NOUSE*,*NOUSE*,0,0,0,0,0,0,0,0
412,412,,,83,311,85,103.00,32.58,18.63,3540,115340
413,413,*NOUSE*,*NOUSE*,0,0,0,0,0,0,0,0
414,414,*NOUSE*,*NOUSE*,0,0,0,0,0,0,0,0
415,415,,,81,1308,105,162.00,54.96,33.27,3479,191215
416,416,,,82,1024,111,150.00,45.41,32.77,2642,119976
417,417,,,85,682,46,81.00,28.05,15.52,3955,110930
418,418,*NOUSE*,*NOUSE*,0,0,0,0,0,0,0,0
419,419,*NOUSE*,*NOUSE*,0,0,0,0,0,0,0,0
420,420,,,84,1153,64,158.00,64.30,31.84,4205,270367
421,421,*NOUSE*,*NOUSE*,0,0,0,0,0,0,0,0
422,422,*NOUSE*,*NOUSE*,0,0,0,0,0,0,0,0
423,423,*NOUSE*,*NOUSE*,0,0,0,0,0,0,0,0
424,424,*NOUSE*,*NOUSE*,0,0,0,0,0,0,0,0
425,425,*NOUSE*,*NOUSE*,0,0,0,0,0,0,0,0
426,426,*NOUSE*,*NOUSE*,0,0,0,0,0,0,0,0
427,427,*NOUSE*,*NOUSE*,0,0,0,0,0,0,0,0
428,428,*NOUSE*,*NOUSE*,0,0,0,0,0,0,0,0
429,429,*NOUSE*,*NOUSE*,0,0,0,0,0,0,0,0
430,430,*NOUSE*,*NOUSE*,0,0,0,0,0,0,0,0
431,431,,,82,718,40,121.00,39.28,28.94,3584,140788
432,432,,,84,786,40,137.00,40.13,29.43,3942,158201
433,433,*NOUSE*,*NOUSE*,0,0,0,0,0,0,0,0
434,434,*NOUSE*,*NOUSE*,0,0,0,0,0,0,0,0
435,435,,,83,1277,68,179.00,64.18,38.93,3656,234659
436,436,*NOUSE*,*NOUSE*,0,0,0,0,0,0,0,0
437,437,*NOUSE*,*NOUSE*,0,0,0,0,0,0,0,0
438,438,,,85,1304,67,152.00,58.99,34.17,3533,208412
439,439,*NOUSE*,*NOUSE*,0,0,0,0,0,0,0,0
440,440,*NOUSE*,*NOUSE*,0,0,0,0,0,0,0,0
441,441,*NOUSE*,*NOUSE*,0,0,0,0,0,0,0,0
442,442,*NOUSE*,*NOUSE*,0,0,0,0,0,0,0,0
443,443,,,84,1120,82,187.00,76.77,32.95,2832,217419
444,444,*NOUSE*,*NOUSE*,0,0,0,0,0,0,0,0
445,445,,,85,1064,95,193.00,61.85,41.96,3510,217094
446,446,*NOUSE*,*NOUSE*,0,0,0,0,0,0,0,0
447,447,,,86,980,54,73.00,25.13,11.39,7712,193841
448,448,,,85,367,56,105.00,31.91,19.39,4093,130593
449,449,*NOUSE*,*NOUSE*,0,0,0,0,0,0,0,0
450,450,*NOUSE*,*NOUSE*,0,0,0,0,0,0,0,0
451,451,*NOUSE*,*NOUSE*,0,0,0,0,0,0,0,0
452,452,*NOUSE*,*NOUSE*,0,0,0,0,0,0,0,0
453,453,*NOUSE*,*NOUSE*,0,0,0,0,0,0,0,0
454,454,*NOUSE*,*NOUSE*,0,0,0,0,0,0,0,0
455,455,*NOUSE*,*NOUSE*,0,0,0,0,0,0,0,0
456,456,*NOUSE*,*NOUSE*,0,0,0,0,0,0,0,0
457,457,,,85,340,85,56.00,22.70, 9.19,3929,89202
458,458,*NOUSE*,*NOUSE*,0,0,0,0,0,0,0,0
459,459,*NOUSE*,*NOUSE*,0,0,0,0,0,0,0,0
460,460,*NOUSE*,*NOUSE*,0,0,0,0,0,0,0,0
461,461,,,85,1232,107,124.00,41.00,25.77,2550,104555
462,462,*NOUSE*,*NOUSE*,0,0,0,0,0,0,0,0
463,463,,,86,1358,51,110.00,38.95,20.63,4570,177979
464,464,*NOUSE*,*NOUSE*,0,0,0,0,0,0,0,0
465,465,*NOUSE*,*NOUSE*,0,0,0,0,0,0,0,0
466,466,*NOUSE*,*NOUSE*,0,0,0,0,0,0,0,0
467,467,*NOUSE*,*NOUSE*,0,0,0,0,0,0,0,0
468,468,*NOUSE*,*NOUSE*,0,0,0,0,0,0,0,0
469,469,*NOUSE*,*NOUSE*,0,0,0,0,0,0,0,0
470,470,*NOUSE*,*NOUSE*,0,0,0,0,0,0,0,0
471,471,*NOUSE*,*NOUSE*,0,0,0,0,0,0,0,0
472,472,*NOUSE*,*NOUSE*,0,0,0,0,0,0,0,0
473,473,*NOUSE*,*NOUSE*,0,0,0,0,0,0,0,0
474,474,*NOUSE*,*NOUSE*,0,0,0,0,0,0,0,0
475,475,,,87,1092,68,137.00,53.74,26.53,3767,202444
476,476,*NOUSE*,*NOUSE*,0,0,0,0,0,0,0,0
477,477,,,86,1107,71,202.00,80.25,43.63,2851,228791
478,478,,,85,1489,71,95.00,32.44,19.72,3713,120450
479,479,*NOUSE*,*NOUSE*,0,0,0,0,0,0,0,0
480,480,,,87,1103,87,162.00,63.37,30.76,3455,218948
481,481,,,89,1040,90,185.00,54.17,38.67,3877,210012
482,482,,,88,374,92,98.00,32.63,19.50,3453,112669
483,483,*NOUSE*,*NOUSE*,0,0,0,0,0,0,0,0
484,484,*NOUSE*,*NOUSE*,0,0,0,0,0,0,0,0
485,485,*NOUSE*,*NOUSE*,0,0,0,0,0,0,0,0
486,486,,,88,1382,96,103.00,35.12,18.98,4823,169400
487,487,*NOUSE*,*NOUSE*,0,0,0,0,0,0,0,0
488,488,*NOUSE*,*NOUSE*,0,0,0,0,0,0,0,0
489,489,*NOUSE*,*NOUSE*,0,0,0,0,0,0,0,0
490,490,,,87,1058,111,125.00,40.38,26.49,4339,175188
491,491,*NOUSE*,*NOUSE*,0,0,0,0,0,0,0,0
492,492,,,89,704,45,101.00,32.83,21.01,3191,104772
493,493,*NOUSE*,*NOUSE*,0,0,0,0,0,0,0,0
494,494,*NOUSE*,*NOUSE*,0,0,0,0,0,0,0,0
495,495,*NOUSE*,*NOUSE*,0,0,0,0,0,0,0,0
496,496,*NOUSE*,*NOUSE*,0,0,0,0,0,0,0,0
497,497,*NOUSE*,*NOUSE*,0,0,0,0,0,0,0,0
498,498,,,85,1092,95,175.00,62.56,39.62,3916,245000
499,499,,,88,1122,101,199.00,76.52,41.35,2503,191538
500,500,*NOUSE*,*NOUSE*,0,0,0,0,0,0,0,0
501,501,*NOUSE*,*NOUSE*,0,0,0,0,0,0,0,0
502,502,*NOUSE*,*NOUSE*,0,0,0,0,0,0,0,0
503,503,,,90,332,63,94.00,30.78,17.66,3881,119454
504,504,*NOUSE*,*NOUSE*,0,0,0,0,0,0,0,0
505,505,*NOUSE*,*NOUSE*,0,0,0,0,0,0,0,0
506,506,*NOUSE*,*NOUSE*,0,0,0,0,0,0,0,0
507,507,,,88,1271,85,147.00,70.85,31.66,2624,185905
508,508,*NOUSE*,*NOUSE*,0,0,0,0,0,0,0,0
509,509,*NOUSE*,*NOUSE*,0,0,0,0,0,0,0,0
510,510,*NOUSE*,*NOUSE*,0,0,0,0,0,0,0,0
511,511,*NOUSE*,*NOUSE*,0,0,0,0,0,0,0,0
512,512,*NOUSE*,*NOUSE*,0,0,0,0,0,0,0,0
513,513,*NOUSE*,*NOUSE*,0,0,0,0,0,0,0,0
514,514,*NOUSE*,*NOUSE*,0,0,0,0,0,0,0,0
515,515,*NOUSE*,*NOUSE*,0,0,0,0,0,0,0,0
516,516,,,91,1017,49,116.00,39.64,24.39,5280,209292
517,517,,,90,1177,75,171.00,71.08,36.88,3152,224036
518,518,,,92,494,79,86.00,29.53,16.91,5278,155834
519,519,*NOUSE*,*NOUSE*,0,0,0,0,0,0,0,0
520,520,*NOUSE*,*NOUSE*,0,0,0,0,0,0,0,0
521,521,*NOUSE*,*NOUSE*,0,0,0,0,0,0,0,0
522,522,*NOUSE*,*NOUSE*,0,0,0,0,0,0,0,0
523,523,,,91,1156,54,167.00,65.65,36.00,3824,251058
524,524,*NOUSE*,*NOUSE*,0,0,0,0,0,0,0,0
525,525,*NOUSE*,*NOUSE*,0,0,0,0,0,0,0,0
526,526,*NOUSE*,*NOUSE*,0,0,0,0,0,0,0,0
527,527,*NOUSE*,*NOUSE*,0,0,0,0,0,0,0,0
528,528,,,92,1067,86,136.00,47.14,31.24,3716,175177
529,529,*NOUSE*,*NOUSE*,0,0,0,0,0,0,0,0
530,530,*NOUSE*,*NOUSE*,0,0,0,0,0,0,0,0
531,531,,,91,857,99,130.00,41.39,29.68,3627,150132
532,532,*NOUSE*,*NOUSE*,0,0,0,0,0,0,0,0
533,533,*NOUSE*,*NOUSE*,0,0,0,0,0,0,0,0
534,534,*NOUSE*,*NOUSE*,0,0,0,0,0,0,0,0
535,535,*NOUSE*,*NOUSE*,0,0,0,0,0,0,0,0
536,536,*NOUSE*,*NOUSE*,0,0,0,0,0,0,0,0
537,537,*NOUSE*,*NOUSE*,0,0,0,0,0,0,0,0
538,538,*NOUSE*,*NOUSE*,0,0,0,0,0,0,0,0
539,539,*NOUSE*,*NOUSE*,0,0,0,0,0,0,0,0
540,540,*NOUSE*,*NOUSE*,0,0,0,0,0,0,0,0
541,541,*NOUSE*,*NOUSE*,0,0,0,0,0,0,0,0
542,542,*NOUSE*,*NOUSE*,0,0,0,0,0,0,0,0
543,543,*NOUSE*,*NOUSE*,0,0,0,0,0,0,0,0
544,544,*NOUSE*,*NOUSE*,0,0,0,0,0,0,0,0
545,545,*NOUSE*,*NOUSE*,0,0,0,0,0,0,0,0
546,546,*NOUSE*,*NOUSE*,0,0,0,0,0,0,0,0
547,547,*NOUSE*,*NOUSE*,0,0,0,0,0,0,0,0
548,548,*NOUSE*,*NOUSE*,0,0,0,0,0,0,0,0
549,549,*NOUSE*,*NOUSE*,0,0,0,0,0,0,0,0
550,550,*NOUSE*,*NOUSE*,0,0,0,0,0,0,0,0
551,551,*NOUSE*,*NOUSE*,0,0,0,0,0,0,0,0
552,552,*NOUSE*,*NOUSE*,0,0,0,0,0,0,0,0
553,553,,,93,734,44,97.00,33.57,20.44,4187,140562
554,554,*NOUSE*,*NOUSE*,0,0,0,0,0,0,0,0
555,555,*NOUSE*,*NOUSE*,0,0,0,0,0,0,0,0
556,556,*NOUSE*,*NOUSE*,0,0,0,0,0,0,0,0
557,557,*NOUSE*,*NOUSE*,0,0,0,0,0,0,0,0
558,558,*NOUSE*,*NOUSE*,0,0,0,0,0,0,0,0
559,559,*NOUSE*,*NOUSE*,0,0,0,0,0,0,0,0
560,560,*NOUSE*,*NOUSE*,0,0,0,0,0,0,0,0
561,561,*NOUSE*,*NOUSE*,0,0,0,0,0,0,0,0
562,562,*NOUSE*,*NOUSE*,0,0,0,0,0,0,0,0
563,563,*NOUSE*,*NOUSE*,0,0,0,0,0,0,0,0
564,564,,,94,428,67,88.00,27.18,13.27,3824,103946
565,565,*NOUSE*,*NOUSE*,0,0,0,0,0,0,0,0
566,566,,,94,510,92,64.00,23.79,10.64,4884,116204
567,567,*NOUSE*,*NOUSE*,0,0,0,0,0,0,0,0
568,568,*NOUSE*,*NOUSE*,0,0,0,0,0,0,0,0
569,569,*NOUSE*,*NOUSE*,0,0,0,0,0,0,0,0
570,570,*NOUSE*,*NOUSE*,0,0,0,0,0,0,0,0
571,571,*NOUSE*,*NOUSE*,0,0,0,0,0,0,0,0
572,572,*NOUSE*,*NOUSE*,0,0,0,0,0,0,0,0
573,573,*NOUSE*,*NOUSE*,0,0,0,0,0,0,0,0
574,574,*NOUSE*,*NOUSE*,0,0,0,0,0,0,0,0
575,575,*NOUSE*,*NOUSE*,0,0,0,0,0,0,0,0
576,576,*NOUSE*,*NOUSE*,0,0,0,0,0,0,0,0
577,577,*NOUSE*,*NOUSE*,0,0,0,0,0,0,0,0
578,578,*NOUSE*,*NOUSE*,0,0,0,0,0,0,0,0
579,579,,,96,1196,95,155.00,67.86,34.59,2703,183433
580,580,,,95,1304,54,97.00,41.56,17.57,3429,142501
581,581,*NOUSE*,*NOUSE*,0,0,0,0,0,0,0,0
582,582,,,97,636,60,100.00,34.36,20.58,3948,135643
583,583,*NOUSE*,*NOUSE*,0,0,0,0,0,0,0,0
584,584,*NOUSE*,*NOUSE*,0,0,0,0,0,0,0,0
585,585,*NOUSE*,*NOUSE*,0,0,0,0,0,0,0,0
586,586,,,99,661,73,96.00,29.86,18.36,4236,126490
587,587,,,96,389,74,57.00,21.11, 8.84,3755,79279
588,588,,,98,1029,76,165.00,47.03,36.06,3995,187898
589,589,,,95,553,87,66.00,22.98,10.60,5198,119469
590,590,*NOUSE*,*NOUSE*,0,0,0,0,0,0,0,0
591,591,*NOUSE*,*NOUSE*,0,0,0,0,0,0,0,0
592,592,*NOUSE*,*NOUSE*,0,0,0,0,0,0,0,0
593,593,*NOUSE*,*NOUSE*,0,0,0,0,0,0,0,0
594,594,*NOUSE*,*NOUSE*,0,0,0,0,0,0,0,0
595,595,*NOUSE*,*NOUSE*,0,0,0,0,0,0,0,0
596,596,*NOUSE*,*NOUSE*,0,0,0,0,0,0,0,0
597,597,*NOUSE*,*NOUSE*,0,0,0,0,0,0,0,0
598,598,,,96,1447,73,83.00,28.37,13.53,4239,120269
599,599,*NOUSE*,*NOUSE*,0,0,0,0,0,0,0,0
600,600,*NOUSE*,*NOUSE*,0,0,0,0,0,0,0,0
601,601,*NOUSE*,*NOUSE*,0,0,0,0,0,0,0,0
602,602,*NOUSE*,*NOUSE*,0,0,0,0,0,0,0,0
603,603,*NOUSE*,*NOUSE*,0,0,0,0,0,0,0,0
604,604,*NOUSE*,*NOUSE*,0,0,0,0,0,0,0,0
605,605,*NOUSE*,*NOUSE*,0,0,0,0,0,0,0,0
606,606,,,100,1220,86,136.00,45.85,28.78,3619,165939
607,607,*NOUSE*,*NOUSE*,0,0,0,0,0,0,0,0
608,608,,,101,1073,67,124.00,45.81,29.25,4277,195933
609,609,*NOUSE*,*NOUSE*,0,0,0,0,0,0,0,0
610,610,*NOUSE*,*NOUSE*,0,0,0,0,0,0,0,0
611,611,*NOUSE*,*NOUSE*,0,0,0,0,0,0,0,0
612,612,*NOUSE*,*NOUSE*,0,0,0,0,0,0,0,0
613,613,*NOUSE*,*NOUSE*,0,0,0,0,0,0,0,0
614,614,,,101,1184,86,166.00,55.67,31.66,3600,200424
615,615,,,102,1143,89,140.00,49.79,29.92,3880,193192
616,616,*NOUSE*,*NOUSE*,0,0,0,0,0,0,0,0
617,617,*NOUSE*,*NOUSE*,0,0,0,0,0,0,0,0
618,618,,,101,777,53,88.00,29.15,15.11,4486,130784
619,619,,,100,1210,71,145.00,56.96,32.23,3319,189048
620,620,*NOUSE*,*NOUSE*,0,0,0,0,0,0,0,0
621,621,,,103,1051,78,90.00,32.02,16.36,4880,156278
622,622,*NOUSE*,*NOUSE*,0,0,0,0,0,0,0,0
623,623,*NOUSE*,*NOUSE*,0,0,0,0,0,0,0,0
624,624,*NOUSE*,*NOUSE*,0,0,0,0,0,0,0,0
625,625,*NOUSE*,*NOUSE*,0,0,0,0,0,0,0,0
626,626,*NOUSE*,*NOUSE*,0,0,0,0,0,0,0,0
627,627,,,101,1102,89,166.00,57.02,34.51,4002,228196
628,628,*NOUSE*,*NOUSE*,0,0,0,0,0,0,0,0
629,629,*NOUSE*,*NOUSE*,0,0,0,0,0,0,0,0
630,630,*NOUSE*,*NOUSE*,0,0,0,0,0,0,0,0
631,631,*NOUSE*,*NOUSE*,0,0,0,0,0,0,0,0
632,632,*NOUSE*,*NOUSE*,0,0,0,0,0,0,0,0
633,633,*NOUSE*,*NOUSE*,0,0,0,0,0,0,0,0
634,634,*NOUSE*,*NOUSE*,0,0,0,0,0,0,0,0
635,635,*NOUSE*,*NOUSE*,0,0,0,0,0,0,0,0
636,636,,,104,822,63,63.00,21.47, 8.78,5461,117235
637,637,*NOUSE*,*NOUSE*,0,0,0,0,0,0,0,0
638,638,,,103,1194,71,163.00,54.40,36.88,4361,237235
639,639,*NOUSE*,*NOUSE*,0,0,0,0,0,0,0,0
640,640,*NOUSE*,*NOUSE*,0,0,0,0,0,0,0,0
641,641,*NOUSE*,*NOUSE*,0,0,0,0,0,0,0,0
642,642,*NOUSE*,*NOUSE*,0,0,0,0,0,0,0,0
643,643,*NOUSE*,*NOUSE*,0,0,0,0,0,0,0,0
644,644,*NOUSE*,*NOUSE*,0,0,0,0,0,0,0,0
645,645,*NOUSE*,*NOUSE*,0,0,0,0,0,0,0,0
646,646,*NOUSE*,*NOUSE*,0,0,0,0,0,0,0,0
647,647,*NOUSE*,*NOUSE*,0,0,0,0,0,0,0,0
648,648,*NOUSE*,*NOUSE*,0,0,0,0,0,0,0,0
649,649,*NOUSE*,*NOUSE*,0,0,0,0,0,0,0,0
650,650,,,104,1177,75,143.00,46.13,28.86,4756,219373
651,651,,,104,1010,76,74.00,24.60,11.53,5590,137535
652,652,*NOUSE*,*NOUSE*,0,0,0,0,0,0,0,0
653,653,*NOUSE*,*NOUSE*,0,0,0,0,0,0,0,0
654,654,*NOUSE*,*NOUSE*,0,0,0,0,0,0,0,0
655,655,*NOUSE*,*NOUSE*,0,0,0,0,0,0,0,0
656,656,*NOUSE*,*NOUSE*,0,0,0,0,0,0,0,0
657,657,,*MANUAL*,75,388,53,140.00,85.69,25.67,895,76695
658,658,,*MANUAL*,74,411,53,136.00,82.76,25.90,895,74071
659,659,,*MANUAL*,74,451,52,157.00,86.72,23.27,895,77617
660,660,,*MANUAL*,75,514,47,161.00,98.54,28.29,895,88189
661,661,,*MANUAL*,77,545,45,150.00,78.81,33.07,1365,107571
662,662,,*MANUAL*,77,608,42,158.00,97.64,25.50,895,87392
663,663,,*MANUAL*,76,632,39,164.00,91.77,33.22,895,82135
664,664,,*MANUAL*,75,689,38,91.00,54.24,12.82,895,48549
665,665,,*MANUAL*,77,741,35,149.00,90.85,28.75,895,81312
666,666,,*MANUAL*,77,758,34,163.00,99.89,27.32,895,89403
667,667,,*MANUAL*,77,834,39,161.00,97.52,25.07,895,87282
668,668,,*MANUAL*,76,866,38,164.00,80.07,38.40,1365,109299
669,669,,*MANUAL*,74,898,37,183.00,94.30,37.86,1353,127593
670,670,,*MANUAL*,74,956,38,179.00,97.84,34.87,1365,133546
671,671,,*MANUAL*,72,984,39,172.00,96.59,30.04,1365,131841
672,672,,*MANUAL*,93,973,96,73.00,31.50,12.87,2095,65991
673,673,,*MANUAL*,86,678,75,32.00, 9.66, 4.58,2103,20318
674,674,,*MANUAL*,74,515,60,70.00,19.54, 8.80,2103,41103
675,675,,*MANUAL*,70,493,84,48.00,14.41, 7.14,2103,30298
676,676,,*MANUAL*,71,340,67,66.00,23.09, 9.18,1357,31330
677,677,,*MANUAL*,101,973,78,155.00,81.41,26.80,1365,111126
678,678,,*MANUAL*,99,811,95,156.00,80.04,24.38,895,71635
679,679,,*MANUAL*,80,645,56,123.00,43.94,19.81,2103,92406
680,680,,*MANUAL*$640$622,103,943,78,81.00,28.84,14.84,4910,141618
681,681,,*MANUAL*$633$642,103,908,89,72.00,22.81,10.36,5819,132729
682,682,,*MANUAL*$643$634,104,876,58,85.00,30.60,15.64,4654,142430
683,683,,*MANUAL*$632$630,101,796,81,64.00,21.57,10.03,5091,109824
684,684,,*MANUAL*$645$635$655,103,720,59,54.00,19.75, 7.95,4340,85732
685,685,,*MANUAL*$626$616,101,700,85,57.00,20.00, 8.24,4904,98102
686,686,,*MANUAL*$567$595,96,665,57,67.00,22.41, 9.90,4130,92565
687,687,,*MANUAL*,96,584,65,68.00,22.45,12.68,2103,47203
688,688,,*MANUAL*$568$570,94,537,64,80.00,28.40,14.22,4731,134347
689,689,,*MANUAL*$574$565,94,458,78,66.00,24.05,10.89,4948,119014
690,690,,*MANUAL*,91,309,60,73.00,40.25,12.07,828,33327
691,691,,*MANUAL*,87,273,82,69.00,27.32,11.96,1259,34392
692,692,*NOUSE*,*NOUSE*,0,0,0,0,0,0,0,0
693,693,,*MANUAL*$54$692,47,882,76,110.00,30.13,17.41,6552,197427
694,694,,*MANUAL*$21$49,49,742,47,121.00,34.28,21.24,4889,167619
695,695,,*MANUAL*$57$52,51,692,48,127.00,37.23,22.40,4696,174839
696,696,,*MANUAL*$83$62,52,592,63,108.00,30.48,18.31,5333,162562
697,697,,*MANUAL*,55,559,57,150.00,65.11,29.42,1323,86137
698,698,,*MANUAL*,55,432,87,78.00,27.44,14.82,2103,57705
699,699,,*MANUAL*$63$99$100,52,443,64,101.00,35.94,22.33,4346,156191
700,700,,*MANUAL*,55,314,71,101.00,50.05,18.45,865,43289
701,701,,*MANUAL*,57,342,73,103.00,51.32,25.53,895,45930
702,702,,*MANUAL*,60,270,91,51.00,20.67, 9.89,818,16909
703,703,,*MANUAL*,95,1402,63,88.00,47.76,14.17,895,42746
704,704,,*MANUAL*,87,1403,52,106.00,54.87,15.81,895,49113
705,705,,*MANUAL*,88,1251,45,121.00,60.94,20.81,895,54539
706,706,*NOUSE*,*NOUSE*,0,0,0,0,0,0,0,0
707,707,,*MANUAL*$552$551,91,1413,86,95.00,35.01,17.17,4442,155511
708,708,,*MANUAL*$512$470,85,1344,103,113.00,41.64,21.93,4006,166826
709,709,,*MANUAL*,91,1298,98,120.00,67.37,18.10,895,60293
710,710,,*MANUAL*,57,1398,93,132.00,60.07,17.87,895,53762
711,711,,*MANUAL*,60,1347,103,146.00,65.67,25.49,895,58774
712,712,,*MANUAL*,54,1295,97,157.00,85.41,27.33,895,76446
713,713,,*MANUAL*,60,1233,104,156.00,82.58,27.23,894,73823
714,714,,*MANUAL*,53,1225,97,177.00,71.99,31.81,1365,98271
715,715,,*MANUAL*,88,1183,105,150.00,90.58,19.99,895,81071
716,716,,*MANUAL*,54,1411,60,127.00,72.44,20.69,895,64838
717,717,,*MANUAL*,57,1380,53,108.00,59.34,16.39,895,53106
718,718,,*MANUAL*$190$189,61,1347,47,132.00,46.78,25.56,4158,194513
719,719,,*MANUAL*,52,1289,53,164.00,80.44,26.67,895,71996
720,720,,*MANUAL*,59,1248,44,124.00,63.11,20.71,885,55853
721,721,,*MANUAL*,51,1231,51,147.00,64.79,26.11,1365,88435
722,722,,*MANUAL*$433$403,83,469,54,95.00,31.62,18.66,5026,158914
723,723,,*MANUAL*$502$514,87,601,48,140.00,40.52,28.05,4078,165255
724,724,,*MANUAL*$535$537,92,822,47,128.00,34.59,23.26,4910,169852
725,725,,*MANUAL*,84,894,43,180.00,71.21,32.12,1365,97206
726,726,,*MANUAL*,93,1044,57,140.00,81.19,21.52,1353,109851
727,727,,*MANUAL*$554$536,93,1076,47,127.00,40.67,21.96,5005,203547
728,728,,*MANUAL*,87,1135,44,149.00,71.27,23.90,895,63789
729,729,,*MANUAL*,87,1038,48,155.00,89.94,25.43,895,80494
730,730,,*MANUAL*$172$192,60,478,54,117.00,35.23,23.70,5095,179516
731,731,,*MANUAL*,65,544,52,143.00,75.27,24.98,1356,102069
732,732,,*MANUAL*$251$250,63,644,47,169.00,52.48,37.59,3155,165569
733,733,,*MANUAL*$186$185,62,832,40,179.00,49.46,36.50,4227,209087
734,734,,*MANUAL*,61,934,41,163.00,81.10,33.92,1365,110697
735,735,,*MANUAL*,53,1053,50,192.00,100.85,34.74,1365,137656
736,736,,*MANUAL*,54,1072,43,161.00,76.14,26.56,1365,103925
737,737,,*MANUAL*,59,1035,46,176.00,96.10,27.46,1365,131178
738,738,,*MANUAL*$206$217,64,594,91,153.00,42.27,30.89,4294,181493
739,739,,*MANUAL*$219$228,63,656,94,165.00,41.47,28.60,4842,200821
740,740,,*MANUAL*$258$266,67,737,92,150.00,42.13,30.31,4775,201186
741,741,,*MANUAL*,61,782,92,151.00,78.35,26.08,1365,106947
742,742,,*MANUAL*$137$138$184,58,880,97,197.00,46.75,36.61,4652,217461
743,743,,*MANUAL*$209$208,64,952,101,193.00,45.61,35.05,4613,210421
744,744,,*MANUAL*$129$139,56,1017,101,183.00,46.95,34.21,4563,214213
745,745,,*MANUAL*$116$115,55,1083,107,170.00,46.95,33.07,4226,198395
746,746,,*MANUAL*,64,1130,109,171.00,84.98,30.22,1365,115993
747,747,,*MANUAL*$408$428,82,406,93,115.00,37.36,22.53,3146,117529
748,748,,*MANUAL*,84,481,97,109.00,44.83,19.42,1365,61192
749,749,,*MANUAL*$458$485,85,554,98,122.00,38.20,23.87,3966,151519
750,750,,*MANUAL*$469$484,85,619,98,129.00,38.19,23.88,4507,172140
751,751,,*MANUAL*$468$483,85,703,97,141.00,39.63,27.43,4512,178812
752,752,,*MANUAL*$511$530,89,741,98,132.00,38.59,25.42,4941,190686
753,753,,*MANUAL*$472$460,85,797,101,136.00,40.85,28.60,4992,203903
754,754,,*MANUAL*$471$488,86,915,105,141.00,40.83,28.56,4630,189061
755,755,,*MANUAL*,85,969,105,140.00,63.70,26.77,1365,86951
756,756,,*MANUAL*$430$491,82,1112,111,161.00,55.57,32.86,3335,185328
757,757,*NOUSE*,*NOUSE*,0,0,0,0,0,0,0,0
758,758,,*MANUAL*,80,187,74,55.00,18.93, 9.94,895,16946
759,759,,*MANUAL*,79,209,67,117.00,60.41,14.51,881,53224
760,760,,*MANUAL*,80,224,75,99.00,59.78,13.20,894,53442
761,761,,*MANUAL*,81,238,81,107.00,68.85,15.20,879,60521
762,762,,*MANUAL*,84,242,65,103.00,68.62,12.38,885,60731
763,763,,*MANUAL*,86,248,74,119.00,77.86,20.82,895,69688
764,764,,*MANUAL*,85,261,72,127.00,71.15,16.09,879,62537
765,765,,*MANUAL*,82,262,62,106.00,67.06,18.89,887,59478
766,766,,*MANUAL*,86,275,67,110.00,64.91,13.72,895,58096
767,767,,*MANUAL*,87,296,72,112.00,63.91,16.90,895,57203
768,768,,*MANUAL*,87,313,68,117.00,75.91,15.90,895,67936
769,769,,*MANUAL*,80,270,86,106.00,59.40,12.18,891,52928
770,770,,*MANUAL*,68,190,80,46.00,16.65, 7.66,895,14899
771,771,,*MANUAL*,69,206,69,114.00,53.43,14.41,895,47816
772,772,,*MANUAL*,66,218,81,106.00,58.32,19.03,895,52200
773,773,,*MANUAL*,64,231,85,125.00,75.19,20.15,885,66543
774,774,,*MANUAL*,60,243,75,108.00,73.32,18.09,876,64225
775,775,,*MANUAL*,62,245,84,129.00,72.60,29.91,895,64976
776,776,,*MANUAL*,60,259,78,109.00,70.20,17.55,895,62831
777,777,,*MANUAL*,60,265,67,125.00,71.19,22.30,895,63711
778,778,,*MANUAL*,60,275,76,111.00,71.66,17.71,895,64138
779,779,,*MANUAL*,61,295,82,116.00,70.49,17.99,895,63085
780,780,,*MANUAL*,67,283,88,109.00,68.79,15.77,895,61570
781,781,,*MANUAL*,68,266,91,105.00,57.21,16.30,895,51202
782,782,,*MANUAL*,75,294,65,107.00,63.26,17.19,895,56618
783,783,,*MANUAL*,75,307,65,135.00,91.19,19.62,895,81619
784,784,,*MANUAL*,63,296,68,120.00,77.45,17.47,895,69320
785,785,,*MANUAL*,63,310,69,136.00,89.14,17.34,895,79776
786,786,,*MANUAL*,83,303,57,119.00,76.13,16.04,895,68132
787,787,,*MANUAL*,82,318,58,125.00,78.03,19.29,895,69837
788,788,,*MANUAL*,67,229,67,90.00,48.94,16.60,773,37834
789,789,,*MANUAL*,77,286,94,116.00,60.65,17.59,895,54279
790,790,,*MANUAL*,73,271,77,116.00,72.23,13.31,895,64649
791,791,,*MANUAL*,73,254,61,94.00,48.62,13.64,1365,66366
792,792,,*MANUAL*,73,254,81,93.00,60.17,12.49,1365,82132
793,793,,*MANUAL*,73,234,72,92.00,53.58,13.82,1365,73135
794,794,,*MANUAL*,74,234,88,115.00,62.23,15.88,895,55693
795,795,,*MANUAL*,69,134,69,62.00,31.98,10.70,895,28625
796,796,,*MANUAL*,71,104,72,60.00,27.89,11.89,895,24958
797,797,,*MANUAL*,72,89,75,69.00,32.50,16.48,1365,44365
798,798,*NOUSE*,*NOUSE*,0,0,0,0,0,0,0,0
799,799,,*MANUAL*,79,128,80,58.00,23.17, 8.42,1365,31628
800,800,,*MANUAL*,74,1033,62,225.00,133.60,39.10,799,106745
801,801,,*MANUAL*,63,1025,71,194.00,114.89,33.69,895,102824
802,802,,*MANUAL*,73,1041,65,180.00,110.94,23.84,879,97517
803,803,,*MANUAL*,71,1041,98,172.00,90.68,37.22,895,81161
804,804,,*MANUAL*,82,1048,62,209.00,105.74,36.26,895,94638
805,805,,*MANUAL*,69,1048,58,226.00,142.38,32.12,895,127428
806,806,,*MANUAL*,73,1071,99,159.00,78.69,24.67,1365,107411
807,807,,*MANUAL*,73,1064,49,174.00,112.81,24.53,895,100963
808,808,,*MANUAL*,89,1065,69,138.00,71.79,19.94,1365,97996
809,809,,*MANUAL*$175$173,59,1064,62,211.00,62.98,39.49,4131,260187
810,810,,*MANUAL*$226$155,60,1089,62,171.00,62.35,37.14,4007,249834
811,811,,*MANUAL*,63,1122,77,208.00,124.20,29.35,895,111161
812,812,,*MANUAL*,77,1120,93,173.00,107.31,24.31,831,89175
813,813,,*MANUAL*,68,1120,91,192.00,114.71,22.67,895,102668
814,814,,*MANUAL*,79,1115,63,171.00,109.60,25.51,845,92608
815,815,,*MANUAL*,70,1115,60,197.00,131.40,22.42,895,117606
816,816,,*MANUAL*$333$399,75,1137,69,170.00,59.27,28.79,4678,277266
817,817,,*MANUAL*$411$400,80,1136,88,156.00,63.11,29.79,3815,240766
818,818,,*MANUAL*$371$320,73,1278,88,155.00,57.94,32.11,4084,236608
819,819,,*MANUAL*,64,1314,54,149.00,87.53,28.29,892,78078
820,820,,*MANUAL*,89,1318,76,133.00,79.53,24.39,895,71175
821,821,,*MANUAL*,72,1316,96,182.00,119.39,26.58,796,95036
822,822,,*MANUAL*,79,1314,90,150.00,84.29,23.22,895,75444
823,823,,*MANUAL*,64,1312,92,169.00,90.82,25.61,895,81280
824,824,,*MANUAL*,63,1321,66,206.00,122.28,31.76,803,98194
825,825,,*MANUAL*,57,1316,62,219.00,136.20,32.89,895,121903
826,826,,*MANUAL*,81,1325,67,191.00,116.78,30.38,785,91670
827,827,,*MANUAL*,88,1323,63,194.00,118.26,26.32,895,105845
828,828,,*MANUAL*,72,1333,55,129.00,76.06,16.19,895,68077
829,829,,*MANUAL*,81,1339,62,159.00,92.13,29.06,895,82453
830,830,,*MANUAL*,60,1336,66,208.00,126.08,29.28,885,111582
831,831,,*MANUAL*,85,1339,77,194.00,121.22,29.18,881,106796
832,832,,*MANUAL*,80,1336,86,136.00,88.25,17.99,829,73162
833,833,,*MANUAL*,60,1333,87,172.00,90.30,20.03,835,75401
834,834,,*MANUAL*,74,1337,92,236.00,127.72,51.15,713,91064
835,835,,*MANUAL*,72,1330,93,205.00,112.47,37.36,895,100665
836,836,,*MANUAL*,83,1357,70,146.00,88.78,23.96,894,79371
837,837,,*MANUAL*,61,1358,68,191.00,100.86,35.41,895,90272
838,838,,*MANUAL*,73,1370,93,106.00,51.39,25.73,895,45994
839,839,,*MANUAL*,87,1376,78,99.00,51.29,12.92,895,45903
840,840,,*MANUAL*,60,1374,73,112.00,60.16,16.70,895,53840
841,841,,*MANUAL*,61,1390,67,152.00,85.58,29.69,865,74023
842,842,,*MANUAL*,87,1390,69,128.00,58.50,23.77,895,52356
843,843,,*MANUAL*,68,1397,87,86.00,45.35,12.94,895,40587
844,844,,*MANUAL*,78,1414,87,94.00,49.99,14.80,813,40639
845,845,*NOUSE*,*NOUSE*,0,0,0,0,0,0,0,0
846,846,,*MANUAL*,66,1410,64,119.00,62.37,18.62,895,55822
847,847,,*MANUAL*,60,1422,64,160.00,84.33,28.55,895,75471
848,848,,*MANUAL*,89,1422,65,133.00,69.18,24.42,895,61916
849,849,,*MANUAL*,71,1412,92,135.00,83.15,24.16,879,73089
850,850,,*MANUAL*,71,1437,91,130.00,80.31,25.24,885,71075
851,851,,*MANUAL*,71,1455,92,142.00,74.96,22.74,879,65888
852,852,,*MANUAL*$358$357,73,1485,94,105.00,33.89,19.65,3594,121816
853,853,,*MANUAL*,88,1444,65,133.00,67.74,25.44,895,60623
854,854,,*MANUAL*,86,1461,69,137.00,72.92,26.32,895,65261
855,855,,*MANUAL*,61,1461,67,155.00,78.82,30.20,895,70545
856,856,,*MANUAL*,61,1445,65,158.00,83.47,32.31,895,74706
857,857,,*MANUAL*$648$653$652,103,1018,94,68.00,24.38,10.41,5529,134807
858,858,,*MANUAL*$599$617,98,1097,99,112.00,41.68,20.10,3459,144176
859,859,,*MANUAL*,102,1090,66,146.00,90.05,18.18,892,80327
860,860,,*MANUAL*,102,1096,76,152.00,93.96,19.67,895,84092
861,861,,*MANUAL*,98,1118,91,168.00,107.86,26.74,895,96532
862,862,,*MANUAL*,102,1110,78,166.00,99.02,22.48,895,88622
863,863,,*MANUAL*,102,1119,69,152.00,95.70,19.01,881,84309
864,864,,*MANUAL*,102,1127,84,167.00,114.70,20.27,895,102654
865,865,,*MANUAL*,103,1141,71,118.00,76.96,14.24,895,68877
866,866,,*MANUAL*,103,1162,83,130.00,86.08,16.29,895,77042
867,867,,*MANUAL*,103,1158,70,145.00,97.60,17.27,895,87349
868,868,,*MANUAL*,101,1204,85,140.00,96.45,19.70,895,86320
869,869,,*MANUAL*,98,1159,97,167.00,107.47,21.04,889,95537
870,870,,*MANUAL*,95,1133,99,206.00,114.71,28.65,895,102668
871,871,,*MANUAL*,91,1146,95,199.00,114.08,25.09,895,102098
872,872,,*MANUAL*,90,1205,89,170.00,118.98,21.47,880,104703
873,873,,*MANUAL*,89,1188,92,171.00,113.94,19.78,895,101977
874,874,,*MANUAL*,45,1128,65,237.00,154.63,31.83,895,138398
875,875,,*MANUAL*,45,1122,77,248.00,161.62,41.08,892,144165
876,876,,*MANUAL*,46,1167,79,186.00,122.09,25.07,895,109271
877,877,,*MANUAL*,46,1180,70,223.00,132.47,25.30,895,118564
878,878,,*MANUAL*,46,1196,64,234.00,147.40,41.23,895,131925
879,879,,*MANUAL*,48,1211,65,223.00,136.19,36.16,895,121887
880,880,,*MANUAL*,48,1189,81,205.00,112.43,33.27,895,100628
881,881,,*MANUAL*,48,1223,83,206.00,124.32,29.67,895,111269
882,882,,*MANUAL*,51,1198,91,195.00,123.26,36.26,895,110315
883,883,,*MANUAL*,51,1134,97,218.00,135.40,34.56,895,121186
884,884,,*MANUAL*,54,1152,97,202.00,125.22,31.69,895,112069
885,885,,*MANUAL*,59,1207,85,210.00,145.03,28.48,832,120664
886,886,,*MANUAL*,59,1189,88,207.00,131.20,23.59,895,117423
887,887,,*MANUAL*,56,1177,87,187.00,123.85,22.62,895,110845
888,888,,*MANUAL*,93,1174,90,154.00,96.63,18.49,895,86484
889,889,,*MANUAL*,75,1214,107,162.00,101.62,24.27,797,80995
890,890,,*MANUAL*,75,1198,106,176.00,109.05,23.04,870,94870
891,891,,*MANUAL*,88,1206,104,183.00,113.70,34.10,895,101765
892,892,,*MANUAL*,63,1213,91,214.00,129.34,35.90,895,115757
893,893,,*MANUAL*,84,1213,93,194.00,118.06,31.66,895,105665
894,894,,*MANUAL*,81,1192,100,198.00,118.78,23.57,895,106312
895,895,,*MANUAL*,82,1169,102,151.00,90.86,17.94,895,81320
896,896,,*MANUAL*,80,1154,106,135.00,87.75,17.25,895,78536
897,897,,*MANUAL*,79,1136,103,164.00,101.12,26.38,895,90498
898,898,,*MANUAL*,63,1141,98,173.00,106.14,26.86,895,94995
899,899,,*MANUAL*,58,1121,100,213.00,130.07,35.74,895,116410
900,900,,*MANUAL*,89,1159,90,155.00,107.47,16.89,895,96188
901,901,,*MANUAL*,91,1131,88,171.00,123.62,18.58,895,110640
902,902,,*MANUAL*,91,1196,77,165.00,113.82,16.78,895,101870
903,903,,*MANUAL*,92,1154,76,178.00,105.40,31.00,895,94337
904,904,,*MANUAL*,91,1138,75,157.00,102.85,22.09,895,92052
905,905,,*MANUAL*,92,1121,72,165.00,115.63,19.55,895,103493
906,906,,*MANUAL*,59,1198,73,217.00,135.56,35.56,895,121322
907,907,,*MANUAL*,58,1179,72,205.00,138.13,24.31,895,123626
908,908,,*MANUAL*,57,1155,71,229.00,125.70,48.05,895,112499
909,909,,*MANUAL*,53,1120,69,231.00,164.12,34.63,895,146889
910,910,,*MANUAL*,65,1215,61,224.00,147.42,38.82,893,131647
911,911,,*MANUAL*,84,1213,65,202.00,123.77,32.37,895,110770
912,912,,*MANUAL*,60,1210,70,229.00,150.62,35.08,895,134808
913,913,,*MANUAL*,90,1208,74,174.00,103.60,27.02,895,92723
914,914,,*MANUAL*,75,1194,37,155.00,82.63,30.74,1365,112796
915,915,,*MANUAL*,75,1170,45,198.00,127.45,27.07,895,114066
916,916,,*MANUAL*,75,1140,44,171.00,85.56,22.92,1365,116792
917,917,,*MANUAL*,72,1201,57,209.00,145.22,20.00,831,120674
918,918,*NOUSE*,*NOUSE*,0,0,0,0,0,0,0,0
919,919,,*MANUAL*,63,1201,55,235.00,173.09,22.09,864,149550
920,920,,*MANUAL*,55,1207,53,226.00,156.06,29.63,895,139674
921,921,,*MANUAL*,94,1207,57,182.00,113.82,25.48,892,101523
922,922,,*MANUAL*,93,1192,51,163.00,109.68,24.65,895,98168
923,923,,*MANUAL*,57,1191,45,206.00,139.05,24.29,895,124448
924,924,,*MANUAL*,83,1186,58,186.00,125.76,21.13,879,110542
925,925,,*MANUAL*,69,1183,52,210.00,148.93,21.49,895,133290
926,926,,*MANUAL*,66,1185,63,221.00,146.82,30.66,889,130527
927,927,,*MANUAL*,61,1167,62,196.00,135.28,22.52,892,120674
928,928,,*MANUAL*,87,1175,49,174.00,118.04,19.43,895,105647
929,929,,*MANUAL*,61,1172,47,205.00,142.49,25.35,885,126105
930,930,,*MANUAL*,83,1172,61,196.00,134.61,23.61,879,118326
931,931,,*MANUAL*,93,1169,62,177.00,119.37,18.61,895,106835
932,932,,*MANUAL*,53,1169,54,226.00,142.35,29.88,895,127406
933,933,,*MANUAL*,91,1188,65,181.00,124.87,18.34,895,111759
934,934,,*MANUAL*,56,1189,60,244.00,162.11,28.03,895,145092
935,935,,*MANUAL*,80,1138,57,77.00,39.88,12.58,1365,54443
936,936,,*MANUAL*,80,1121,52,191.00,126.87,32.01,879,111520
937,937,,*MANUAL*,90,1121,55,185.00,126.78,22.95,895,113469
938,938,,*MANUAL*,93,1104,53,137.00,85.94,17.28,895,76918
939,939,,*MANUAL*,67,1128,56,238.00,159.07,34.18,865,137594
940,940,,*MANUAL*,57,1128,55,229.00,151.97,34.67,895,136014
941,941,,*MANUAL*,56,1113,51,192.00,121.41,30.83,895,108665
942,942,,*MANUAL*,75,1121,32,184.00,120.18,26.03,895,107565
943,943,,*MANUAL*,76,1106,38,235.00,156.90,40.50,847,132892
944,944,,*MANUAL*,68,1111,40,244.00,173.04,32.16,895,154868
945,945,,*MANUAL*,67,1093,38,244.00,149.55,32.11,895,133849
946,946,,*MANUAL*,83,1091,38,198.00,126.10,36.13,895,112858
947,947,,*MANUAL*,74,1078,34,192.00,127.63,25.64,895,114227
948,948,,*MANUAL*,81,1065,37,216.00,128.93,22.33,895,115394
949,949,,*MANUAL*,65,1068,37,225.00,135.88,30.22,895,121617
950,950,,*MANUAL*,76,1049,42,225.00,132.17,40.71,895,118293
951,951,,*MANUAL*,73,1042,31,188.00,105.75,25.17,895,94644
952,952,,*MANUAL*,73,1032,43,188.00,132.18,24.42,895,118301
953,953,,*MANUAL*,103,1240,85,117.00,46.72,21.38,895,41812
954,954,,*MANUAL*,102,1340,81,97.00,59.41,15.59,895,53176
955,955,,*MANUAL*,44,1231,73,126.00,52.27,23.24,1365,71355
956,956,,*MANUAL*,45,1353,76,139.00,60.57,23.56,1365,82679
957,957,,*MANUAL*,97,1244,71,127.00,82.51,13.73,893,73684
958,958,,*MANUAL*,99,1273,78,142.00,104.26,16.99,889,92683
959,959,,*MANUAL*,100,1299,72,161.00,98.76,20.86,895,88392
960,960,,*MANUAL*,93,1247,85,156.00,98.76,20.10,895,88391
961,961,,*MANUAL*,93,1240,98,165.00,80.75,30.25,895,72269
962,962,,*MANUAL*,92,1241,61,144.00,90.76,19.59,839,76149
963,963,,*MANUAL*,90,1257,67,150.00,97.25,19.04,895,87042
964,964,,*MANUAL*,91,1260,81,155.00,97.35,21.25,895,87130
965,965,,*MANUAL*,102,1289,81,125.00,83.09,17.38,895,74365
966,966,,*MANUAL*,89,1261,97,191.00,125.02,22.25,853,106639
967,967,,*MANUAL*,96,1268,97,181.00,106.97,34.31,895,95740
968,968,,*MANUAL*,47,1268,79,199.00,130.78,33.52,895,117049
969,969,,*MANUAL*,47,1289,77,177.00,108.04,28.85,875,94536
970,970,,*MANUAL*,48,1254,70,176.00,112.51,25.38,895,100693
971,971,,*MANUAL*,54,1246,78,214.00,122.11,30.79,895,109288
972,972,,*MANUAL*,54,1248,91,189.00,102.77,34.13,895,91975
973,973,,*MANUAL*,53,1240,62,223.00,108.02,37.00,895,96675
974,974,,*MANUAL*,57,1259,79,188.00,124.38,25.82,895,111321
975,975,,*MANUAL*,58,1273,83,170.00,121.43,22.57,885,107463
976,976,,*MANUAL*,56,1262,93,194.00,126.57,29.05,895,113277
977,977,,*MANUAL*,59,1274,96,214.00,139.49,29.78,885,123445
978,978,,*MANUAL*,60,1253,63,191.00,135.66,25.38,895,121414
979,979,,*MANUAL*,52,1276,69,185.00,132.21,22.51,895,118331
980,980,,*MANUAL*,55,1265,61,200.00,135.90,27.65,895,121632
981,981,,*MANUAL*,97,1282,70,148.00,90.52,23.79,895,81016
982,982,,*MANUAL*,96,1269,68,159.00,103.37,20.53,895,92517
983,983,,*MANUAL*,87,1260,56,194.00,119.99,30.64,895,107395
984,984,,*MANUAL*,74,1235,48,168.00,115.05,22.90,895,102971
985,985,,*MANUAL*,67,1245,51,203.00,152.51,23.41,885,134974
986,986,,*MANUAL*,77,1248,54,188.00,131.17,24.19,895,117393
987,987,,*MANUAL*,64,1262,53,218.00,151.02,26.13,895,135161
988,988,,*MANUAL*,77,1267,54,195.00,140.06,27.98,879,123115
989,989,,*MANUAL*,69,1274,52,200.00,147.69,24.01,895,132182
990,990,,*MANUAL*,64,1283,45,188.00,116.93,34.82,881,103012
991,991,,*MANUAL*,57,1277,55,198.00,133.89,30.05,895,119832
992,992,,*MANUAL*,87,1279,53,149.00,97.84,20.68,895,87563
993,993,,*MANUAL*,93,1287,60,141.00,88.29,21.24,895,79017
994,994,,*MANUAL*,71,1244,106,213.00,100.19,35.58,895,89670
995,995,,*MANUAL*,65,1253,100,189.00,123.12,24.36,895,110188
996,996,,*MANUAL*,80,1254,100,190.00,116.89,26.28,895,104614
997,997,,*MANUAL*,79,1269,100,186.00,123.55,24.74,885,109345
998,998,,*MANUAL*,67,1266,100,189.00,127.79,26.21,895,114368
999,999,,*MANUAL*,78,1288,104,200.00,108.94,38.86,895,97504
1000,1000,,*MANUAL*,85,1278,98,190.00,130.78,25.64,895,117050
1001,1001,,*MANUAL*,63,1288,100,165.00,98.90,30.86,895,88512
1002,1002,,*MANUAL*,56,1282,89,221.00,124.28,39.37,871,108250
1003,1003,,*MANUAL*,50,1287,66,212.00,134.47,33.64,895,120351
1004,1004,,*MANUAL*,45,1321,68,206.00,110.97,43.28,895,99319
1005,1005,,*MANUAL*,47,1306,87,215.00,112.45,37.98,895,100646
1006,1006,,*MANUAL*,47,1302,69,190.00,117.46,34.87,895,105130
1007,1007,,*MANUAL*,52,1339,59,178.00,101.74,30.14,895,91060
1008,1008,,*MANUAL*,52,1291,86,239.00,130.80,35.16,895,117063
1009,1009,,*MANUAL*,53,1322,96,179.00,106.10,31.10,895,94956
1010,1010,,*MANUAL*,51,1352,64,165.00,96.80,27.75,895,86640
1011,1011,,*MANUAL*,51,1369,65,156.00,98.97,26.97,895,88575
1012,1012,,*MANUAL*,51,1390,68,194.00,100.60,35.46,895,90033
1013,1013,,*MANUAL*,48,1399,76,134.00,79.40,21.10,895,71063
1014,1014,,*MANUAL*,51,1335,88,168.00,98.33,25.79,895,88001
1015,1015,,*MANUAL*,54,1354,88,183.00,102.00,30.78,895,91291
1016,1016,,*MANUAL*,100,1310,69,142.00,85.45,22.76,895,76477
1017,1017,,*MANUAL*,98,1311,88,139.00,75.51,24.95,895,67580
1018,1018,,*MANUAL*,99,1281,91,169.00,98.22,27.60,879,86332
1019,1019,,*MANUAL*,99,1330,68,148.00,83.68,29.15,895,74896
1020,1020,,*MANUAL*,95,1343,64,132.00,81.97,20.98,895,73367
1021,1021,,*MANUAL*,94,1337,90,155.00,86.44,26.42,895,77361
1022,1022,,*MANUAL*,91,1288,89,188.00,114.92,28.70,895,102857
1023,1023,,*MANUAL*,94,1356,90,113.00,68.05,15.81,895,60901
1024,1024,,*MANUAL*,98,1371,85,114.00,71.16,17.02,895,63689
1025,1025,,*MANUAL*,99,1389,79,129.00,67.64,17.38,895,60540
1026,1026,,*MANUAL*,93,1359,64,144.00,80.46,24.45,867,69760
1027,1027,,*MANUAL*,98,1363,72,144.00,86.69,18.00,895,77588
1028,1028,,*MANUAL*,94,1379,68,136.00,82.81,19.04,895,74113
1029,1029,,*MANUAL*$73$74,51,1447,73,105.00,35.59,19.70,4258,151545
1030,1030,,*MANUAL*$379$385,74,1536,96,79.00,26.25,12.07,3844,100898
1031,1031,,*MANUAL*,74,1517,60,106.00,36.81,23.59,1365,50251
1032,1032,,*MANUAL*,73,1491,56,124.00,51.84,22.34,1365,70767
1033,1033,,*MANUAL*,75,1462,53,129.00,64.70,22.11,895,57908
1034,1034,,*MANUAL*,76,1425,50,131.00,82.95,24.52,895,74243
1035,1035,,*MANUAL*,76,1400,52,161.00,106.91,28.44,888,94932
1036,1036,,*MANUAL*,78,1379,54,190.00,104.08,32.89,895,93148
1037,1037,,*MANUAL*,70,1443,50,106.00,60.97,19.73,895,54571
1038,1038,,*MANUAL*,69,1412,49,153.00,91.30,26.52,895,81713
1039,1039,,*MANUAL*,69,1389,51,182.00,114.34,24.34,862,98565
1040,1040,,*MANUAL*,69,1371,52,191.00,113.17,37.11,895,101286
1041,1041,,*MANUAL*,73,1393,43,127.00,46.63,20.76,1365,63652
1042,1042,,*MANUAL*$345$348,74,1327,40,102.00,39.94,18.68,4838,193210
1043,1043,,*MANUAL*,74,1286,38,130.00,58.98,23.39,2103,124039
1044,1044,*NOUSE*,*NOUSE*,0,0,0,0,0,0,0,0
1045,1045,,*MANUAL*,72,1465,103,138.00,69.17,20.55,895,61910
1046,1046,,*MANUAL*,75,1451,101,147.00,80.18,21.57,861,69038
1047,1047,,*MANUAL*,68,1444,99,145.00,84.24,23.20,895,75394
1048,1048,,*MANUAL*,80,1427,96,144.00,85.14,23.61,831,70749
1049,1049,,*MANUAL*,78,1403,103,157.00,89.51,29.35,895,80115
1050,1050,,*MANUAL*,68,1411,102,148.00,86.17,28.56,895,77122
1051,1051,,*MANUAL*,69,1392,103,162.00,98.34,28.59,895,88012
1052,1052,,*MANUAL*,74,1426,103,141.00,68.12,19.61,895,60969
1053,1053,,*MANUAL*$308$284,70,1264,113,104.00,37.71,17.33,3255,122750
1054,1054,,*MANUAL*,72,1213,114,126.00,57.32,26.18,895,51297
1055,1055,,*MANUAL*,52,790,82,178.00,97.90,37.77,1365,133639
1056,1056,,*MANUAL*,76,1269,40,117.00,53.54,17.87,1365,73082
1057,1057,,*MANUAL*,97,1234,55,111.00,49.77,16.33,1365,67930
1058,1058,,*MANUAL*,84,1201,57,199.00,142.21,18.65,895,127277
1059,1059,,*MANUAL*,84,1411,62,95.00,39.87,11.17,895,35681
1060,1060,f1,*MANUAL*,73,821,40,17.00, 2.84, 2.92,895,2544
1061,1061,f2,*MANUAL*,63,777,40,48.00, 3.48, 4.51,895,3115
1062,1062,f3,*MANUAL*,63,656,42,28.00, 1.43, 2.41,895,1282
1063,1063,f4,*MANUAL*,65,632,41,52.00, 6.19, 7.34,895,5539
1064,1064,f5,*MANUAL*,62,556,51,99.00,16.77,18.63,895,15005
1065,1065,f6,*MANUAL*,63,535,54,118.00,12.41,22.54,895,11111
1066,1066,f7,*MANUAL*,65,537,42,19.00, 1.10, 2.09,895,988
1067,1067,f8,*MANUAL*,65,386,51,44.00, 4.23, 7.15,895,3788
1068,1068,f9,*MANUAL*,64,373,55,61.00, 2.73, 6.82,895,2444
1069,1069,f10,*MANUAL*,64,340,60,24.00, 1.29, 2.46,895,1155
