0,0,*NOUSE*,*NOUSE*,0,0,0,0,0,0,0,0
1,1,*NOUSE*,*NOUSE*,0,0,0,0,0,0,0,0
2,2,*NOUSE*,*NOUSE*,0,0,0,0,0,0,0,0
3,3,*NOUSE*,*NOUSE*,0,0,0,0,0,0,0,0
4,4,*NOUSE*,*NOUSE*,0,0,0,0,0,0,0,0
5,5,*NOUSE*,*NOUSE*,0,0,0,0,0,0,0,0
6,6,*NOUSE*,*NOUSE*,0,0,0,0,0,0,0,0
7,7,,,43,1123,56,226.00,74.88,48.37,3495,261689.00
8,8,*NOUSE*,*NOUSE*,0,0,0,0,0,0,0,0
9,9,*NOUSE*,*NOUSE*,0,0,0,0,0,0,0,0
10,10,*NOUSE*,*NOUSE*,0,0,0,0,0,0,0,0
11,11,*NOUSE*,*NOUSE*,0,0,0,0,0,0,0,0
12,12,*NOUSE*,*NOUSE*,0,0,0,0,0,0,0,0
13,13,*NOUSE*,*NOUSE*,0,0,0,0,0,0,0,0
14,14,*NOUSE*,*NOUSE*,0,0,0,0,0,0,0,0
15,15,*NOUSE*,*NOUSE*,0,0,0,0,0,0,0,0
16,16,*NOUSE*,*NOUSE*,0,0,0,0,0,0,0,0
17,17,*NOUSE*,*NOUSE*,0,0,0,0,0,0,0,0
18,18,,,45,1250,59,173.00,59.20,40.19,4420,261660.00
19,19,,,45,1099,74,206.00,66.00,43.77,4070,268640.00
20,20,*NOUSE*,*NOUSE*,0,0,0,0,0,0,0,0
21,21,*NOUSE*,*NOUSE*,0,0,0,0,0,0,0,0
22,22,*NOUSE*,*NOUSE*,0,0,0,0,0,0,0,0
23,23,,,50,1080,50,188.00,61.62,41.05,5231,322342.00
24,24,*NOUSE*,*NOUSE*,0,0,0,0,0,0,0,0
25,25,*NOUSE*,*NOUSE*,0,0,0,0,0,0,0,0
26,26,,,44,1381,61,152.00,55.17,33.40,3777,208363.00
27,27,*NOUSE*,*NOUSE*,0,0,0,0,0,0,0,0
28,28,*NOUSE*,*NOUSE*,0,0,0,0,0,0,0,0
29,29,*NOUSE*,*NOUSE*,0,0,0,0,0,0,0,0
30,30,,,45,1074,75,190.00,58.58,40.53,4535,265672.00
31,31,*NOUSE*,*NOUSE*,0,0,0,0,0,0,0,0
32,32,*NOUSE*,*NOUSE*,0,0,0,0,0,0,0,0
33,33,*NOUSE*,*NOUSE*,0,0,0,0,0,0,0,0
34,34,*NOUSE*,*NOUSE*,0,0,0,0,0,0,0,0
35,35,*NOUSE*,*NOUSE*,0,0,0,0,0,0,0,0
36,36,*NOUSE*,*NOUSE*,0,0,0,0,0,0,0,0
37,37,,,46,1229,74,184.00,76.09,47.31,3235,246142.00
38,38,,,45,1164,75,153.00,64.19,36.12,3352,215156.00
39,39,*NOUSE*,*NOUSE*,0,0,0,0,0,0,0,0
40,40,,,46,1364,67,209.00,72.66,48.65,3513,255247.00
41,41,*NOUSE*,*NOUSE*,0,0,0,0,0,0,0,0
42,42,*NOUSE*,*NOUSE*,0,0,0,0,0,0,0,0
43,43,*NOUSE*,*NOUSE*,0,0,0,0,0,0,0,0
44,44,,,48,1435,56,182.00,56.81,39.20,4469,253881.00
45,45,*NOUSE*,*NOUSE*,0,0,0,0,0,0,0,0
46,46,*NOUSE*,*NOUSE*,0,0,0,0,0,0,0,0
47,47,*NOUSE*,*NOUSE*,0,0,0,0,0,0,0,0
48,48,,,48,1259,74,193.00,60.86,38.36,4107,249950.00
49,49,*NOUSE*,*NOUSE*,0,0,0,0,0,0,0,0
50,50,*NOUSE*,*NOUSE*,0,0,0,0,0,0,0,0
51,51,*NOUSE*,*NOUSE*,0,0,0,0,0,0,0,0
52,52,*NOUSE*,*NOUSE*,0,0,0,0,0,0,0,0
53,53,*NOUSE*,*NOUSE*,0,0,0,0,0,0,0,0
54,54,*NOUSE*,*NOUSE*,0,0,0,0,0,0,0,0
55,55,,,49,729,72,161.00,37.32,21.99,7701,287439.00
56,56,,,48,1054,71,217.00,59.41,44.73,4401,261450.00
57,57,*NOUSE*,*NOUSE*,0,0,0,0,0,0,0,0
58,58,*NOUSE*,*NOUSE*,0,0,0,0,0,0,0,0
59,59,*NOUSE*,*NOUSE*,0,0,0,0,0,0,0,0
60,60,*NOUSE*,*NOUSE*,0,0,0,0,0,0,0,0
61,61,*NOUSE*,*NOUSE*,0,0,0,0,0,0,0,0
62,62,*NOUSE*,*NOUSE*,0,0,0,0,0,0,0,0
63,63,*NOUSE*,*NOUSE*,0,0,0,0,0,0,0,0
64,64,*NOUSE*,*NOUSE*,0,0,0,0,0,0,0,0
65,65,*NOUSE*,*NOUSE*,0,0,0,0,0,0,0,0
66,66,*NOUSE*,*NOUSE*,0,0,0,0,0,0,0,0
67,67,*NOUSE*,*NOUSE*,0,0,0,0,0,0,0,0
68,68,,,52,1419,50,171.00,59.65,36.91,4481,267288.00
69,69,*NOUSE*,*NOUSE*,0,0,0,0,0,0,0,0
70,70,*NOUSE*,*NOUSE*,0,0,0,0,0,0,0,0
71,71,*NOUSE*,*NOUSE*,0,0,0,0,0,0,0,0
72,72,,,50,1299,74,210.00,86.59,48.57,2280,197426.00
73,73,*NOUSE*,*NOUSE*,43,1286,74,42.00,21.90, 6.42,48,1051.00
74,74,*NOUSE*,*NOUSE*,0,0,0,0,0,0,0,0
75,75,,,54,773,41,207.00,52.20,41.98,6046,315581.00
76,76,*NOUSE*,*NOUSE*,0,0,0,0,0,0,0,0
77,77,*NOUSE*,*NOUSE*,0,0,0,0,0,0,0,0
78,78,,,52,659,59,160.00,44.78,33.04,5677,254191.00
79,79,,,53,985,67,193.00,52.81,42.28,4493,237289.00
80,80,*NOUSE*,*NOUSE*,0,0,0,0,0,0,0,0
81,81,*NOUSE*,*NOUSE*,0,0,0,0,0,0,0,0
82,82,*NOUSE*,*NOUSE*,0,0,0,0,0,0,0,0
83,83,*NOUSE*,*NOUSE*,0,0,0,0,0,0,0,0
84,84,*NOUSE*,*NOUSE*,0,0,0,0,0,0,0,0
85,85,*NOUSE*,*NOUSE*,0,0,0,0,0,0,0,0
86,86,,,52,1171,62,229.00,89.37,42.50,2949,263560.00
87,87,,,53,1087,67,158.00,62.47,36.53,4227,264061.00
88,88,,,52,541,74,130.00,40.20,25.37,6064,243752.00
89,89,*NOUSE*,*NOUSE*,0,0,0,0,0,0,0,0
90,90,,,52,1240,85,157.00,51.83,29.74,2909,150780.00
91,91,*NOUSE*,*NOUSE*,0,0,0,0,0,0,0,0
92,92,*NOUSE*,*NOUSE*,0,0,0,0,0,0,0,0
93,93,,,54,1121,40,179.00,63.25,33.53,4510,285264.00
94,94,,,55,1069,42,195.00,70.95,44.40,4176,296302.00
95,95,*NOUSE*,*NOUSE*,0,0,0,0,0,0,0,0
96,96,,,53,412,49,93.00,30.61,15.95,5471,167465.00
97,97,,,53,483,58,134.00,36.61,22.50,5385,197161.00
98,98,,,52,1487,57,108.00,37.44,21.93,5786,216622.00
99,99,,,53,444,61,98.00,35.14,20.08,5643,198321.00
100,100,*NOUSE*,*NOUSE*,0,0,0,0,0,0,0,0
101,101,*NOUSE*,*NOUSE*,0,0,0,0,0,0,0,0
102,102,,,53,1107,82,173.00,65.58,35.57,3464,227154.00
103,103,*NOUSE*,*NOUSE*,0,0,0,0,0,0,0,0
104,104,*NOUSE*,*NOUSE*,0,0,0,0,0,0,0,0
105,105,*NOUSE*,*NOUSE*,0,0,0,0,0,0,0,0
106,106,*NOUSE*,*NOUSE*,0,0,0,0,0,0,0,0
107,107,,,57,1109,61,167.00,62.93,35.47,4235,266529.00
108,108,*NOUSE*,*NOUSE*,0,0,0,0,0,0,0,0
109,109,,,55,635,76,191.00,53.79,41.29,4664,250898.00
110,110,*NOUSE*,*NOUSE*,0,0,0,0,0,0,0,0
111,111,*NOUSE*,*NOUSE*,0,0,0,0,0,0,0,0
112,112,,,58,543,31,144.00,41.44,29.28,6637,275069.00
113,113,*NOUSE*,*NOUSE*,0,0,0,0,0,0,0,0
114,114,*NOUSE*,*NOUSE*,0,0,0,0,0,0,0,0
115,115,*NOUSE*,*NOUSE*,0,0,0,0,0,0,0,0
116,116,*NOUSE*,*NOUSE*,0,0,0,0,0,0,0,0
117,117,*NOUSE*,*NOUSE*,0,0,0,0,0,0,0,0
118,118,*NOUSE*,*NOUSE*,0,0,0,0,0,0,0,0
119,119,*NOUSE*,*NOUSE*,0,0,0,0,0,0,0,0
120,120,*NOUSE*,*NOUSE*,0,0,0,0,0,0,0,0
121,121,,,55,1131,79,192.00,91.91,40.71,2790,256426.00
122,122,,,54,1203,87,197.00,88.17,43.78,2183,192479.00
123,123,*NOUSE*,*NOUSE*,0,0,0,0,0,0,0,0
124,124,,,54,1080,90,170.00,58.86,34.58,2908,171162.00
125,125,*NOUSE*,*NOUSE*,0,0,0,0,0,0,0,0
126,126,,,57,743,35,168.00,47.25,35.83,5156,243603.00
127,127,,,57,602,32,189.00,49.87,37.03,4595,229146.00
128,128,*NOUSE*,*NOUSE*,0,0,0,0,0,0,0,0
129,129,*NOUSE*,*NOUSE*,0,0,0,0,0,0,0,0
130,130,*NOUSE*,*NOUSE*,0,0,0,0,0,0,0,0
131,131,*NOUSE*,*NOUSE*,0,0,0,0,0,0,0,0
132,132,*NOUSE*,*NOUSE*,0,0,0,0,0,0,0,0
133,133,*NOUSE*,*NOUSE*,0,0,0,0,0,0,0,0
134,134,,,57,1046,56,179.00,62.42,42.36,4251,265350.00
135,135,,,57,269,59,141.00,46.33,31.75,4116,190697.00
136,136,,,55,1127,59,236.00,106.61,49.18,2826,301282.00
137,137,,,57,249,61,128.00,46.33,27.17,3853,178525.00
138,138,,,55,418,72,106.00,36.36,21.19,5476,199130.00
139,139,*NOUSE*,*NOUSE*,0,0,0,0,0,0,0,0
140,140,*NOUSE*,*NOUSE*,0,0,0,0,0,0,0,0
141,141,,,55,1172,86,197.00,74.42,42.18,2656,197658.00
142,142,*NOUSE*,*NOUSE*,0,0,0,0,0,0,0,0
143,143,*NOUSE*,*NOUSE*,0,0,0,0,0,0,0,0
144,144,*NOUSE*,*NOUSE*,0,0,0,0,0,0,0,0
145,145,*NOUSE*,*NOUSE*,0,0,0,0,0,0,0,0
146,146,*NOUSE*,*NOUSE*,0,0,0,0,0,0,0,0
147,147,,,57,1271,79,206.00,90.05,43.84,2706,243679.00
148,148,*NOUSE*,*NOUSE*,0,0,0,0,0,0,0,0
149,149,,,58,764,85,185.00,51.86,38.98,5053,262040.00
150,150,,,58,874,88,193.00,51.43,39.49,5521,283955.00
151,151,*NOUSE*,*NOUSE*,0,0,0,0,0,0,0,0
152,152,,,64,1073,95,193.00,63.91,41.27,4081,260823.00
153,153,*NOUSE*,*NOUSE*,0,0,0,0,0,0,0,0
154,154,,,58,1382,33,149.00,55.55,28.66,4258,236552.00
155,155,,,58,1190,38,158.00,67.83,30.03,3785,256719.00
156,156,*NOUSE*,*NOUSE*,0,0,0,0,0,0,0,0
157,157,*NOUSE*,*NOUSE*,0,0,0,0,0,0,0,0
158,158,,,60,281,46,135.00,43.92,25.51,4371,191963.00
159,159,*NOUSE*,*NOUSE*,0,0,0,0,0,0,0,0
160,160,,,57,324,74,115.00,38.38,21.79,5029,192989.00
161,161,,,59,599,75,145.00,43.58,28.93,6592,287283.00
162,162,,,58,1324,73,229.00,91.29,50.06,3242,295959.00
163,163,*NOUSE*,*NOUSE*,0,0,0,0,0,0,0,0
164,164,,,63,1411,84,196.00,70.76,39.57,4494,317994.00
165,165,,,59,698,86,226.00,62.92,47.36,4465,280937.00
166,166,,,58,1376,87,138.00,52.62,28.79,4229,222550.00
167,167,,,60,722,88,217.00,55.60,45.61,5542,308142.00
168,168,*NOUSE*,*NOUSE*,0,0,0,0,0,0,0,0
169,169,*NOUSE*,*NOUSE*,0,0,0,0,0,0,0,0
170,170,*NOUSE*,*NOUSE*,0,0,0,0,0,0,0,0
171,171,*NOUSE*,*NOUSE*,0,0,0,0,0,0,0,0
172,172,*NOUSE*,*NOUSE*,0,0,0,0,0,0,0,0
173,173,*NOUSE*,*NOUSE*,0,0,0,0,0,0,0,0
174,174,*NOUSE*,*NOUSE*,0,0,0,0,0,0,0,0
175,175,*NOUSE*,*NOUSE*,0,0,0,0,0,0,0,0
176,176,*NOUSE*,*NOUSE*,0,0,0,0,0,0,0,0
177,177,*NOUSE*,*NOUSE*,0,0,0,0,0,0,0,0
178,178,*NOUSE*,*NOUSE*,0,0,0,0,0,0,0,0
179,179,,,62,1076,80,235.00,83.63,48.27,3928,328484.00
180,180,,,58,1303,87,196.00,71.26,38.08,2964,211206.00
181,181,*NOUSE*,*NOUSE*,0,0,0,0,0,0,0,0
182,182,*NOUSE*,*NOUSE*,0,0,0,0,0,0,0,0
183,183,*NOUSE*,*NOUSE*,0,0,0,0,0,0,0,0
184,184,*NOUSE*,*NOUSE*,0,0,0,0,0,0,0,0
185,185,*NOUSE*,*NOUSE*,0,0,0,0,0,0,0,0
186,186,*NOUSE*,*NOUSE*,0,0,0,0,0,0,0,0
187,187,*NOUSE*,*NOUSE*,0,0,0,0,0,0,0,0
188,188,*NOUSE*,*NOUSE*,0,0,0,0,0,0,0,0
189,189,,,59,1226,40,189.00,89.70,37.83,3153,282814.00
190,190,*NOUSE*,*NOUSE*,0,0,0,0,0,0,0,0
191,191,,,60,1399,61,150.00,55.51,28.55,2240,124347.00
192,192,*NOUSE*,*NOUSE*,0,0,0,0,0,0,0,0
193,193,,,61,233,67,138.00,48.09,28.58,3681,177019.00
194,194,*NOUSE*,*NOUSE*,0,0,0,0,0,0,0,0
195,195,,,58,1165,76,178.00,79.14,33.44,3068,242815.00
196,196,*NOUSE*,*NOUSE*,54,1287,78,193.00,133.46,28.92,54,7207.00
197,197,*NOUSE*,*NOUSE*,54,589,80,96.00,53.81,25.15,53,2852.00
198,198,*NOUSE*,*NOUSE*,54,1123,86,94.00,51.17,19.37,40,2047.00
199,199,*NOUSE*,*NOUSE*,0,0,0,0,0,0,0,0
200,200,*NOUSE*,*NOUSE*,0,0,0,0,0,0,0,0
201,201,,,62,399,34,131.00,42.70,28.60,4278,182674.00
202,202,*NOUSE*,*NOUSE*,0,0,0,0,0,0,0,0
203,203,*NOUSE*,*NOUSE*,0,0,0,0,0,0,0,0
204,204,*NOUSE*,*NOUSE*,0,0,0,0,0,0,0,0
205,205,,,62,173,54,91.00,34.40,16.90,2710,93228.00
206,206,,,62,211,61,136.00,51.78,30.46,3314,171585.00
207,207,,,62,1509,67,162.00,43.72,31.85,5416,236804.00
208,208,*NOUSE*,*NOUSE*,0,0,0,0,0,0,0,0
209,209,,,62,931,81,77.00,30.40,13.08,6801,206753.00
210,210,*NOUSE*,*NOUSE*,0,0,0,0,0,0,0,0
211,211,,,66,1063,75,187.00,72.16,41.89,3081,222329.00
212,212,*NOUSE*,*NOUSE*,0,0,0,0,0,0,0,0
213,213,,,64,1060,84,231.00,89.95,53.96,2976,267701.00
214,214,,,69,1051,81,202.00,58.17,41.06,4220,245481.00
215,215,*NOUSE*,*NOUSE*,0,0,0,0,0,0,0,0
216,216,,,62,1041,92,161.00,50.32,31.98,3738,188102.00
217,217,*NOUSE*,*NOUSE*,0,0,0,0,0,0,0,0
218,218,*NOUSE*,*NOUSE*,0,0,0,0,0,0,0,0
219,219,,,63,639,54,97.00,27.75,12.66,7768,215534.00
220,220,*NOUSE*,*NOUSE*,0,0,0,0,0,0,0,0
221,221,*NOUSE*,*NOUSE*,0,0,0,0,0,0,0,0
222,222,*NOUSE*,*NOUSE*,0,0,0,0,0,0,0,0
223,223,*NOUSE*,*NOUSE*,0,0,0,0,0,0,0,0
224,224,*NOUSE*,*NOUSE*,0,0,0,0,0,0,0,0
225,225,*NOUSE*,*NOUSE*,0,0,0,0,0,0,0,0
226,226,*NOUSE*,*NOUSE*,0,0,0,0,0,0,0,0
227,227,*NOUSE*,*NOUSE*,0,0,0,0,0,0,0,0
228,228,,,65,1074,33,176.00,50.60,32.04,6826,345378.00
229,229,,,65,262,35,137.00,56.57,28.97,3432,194149.00
230,230,,,62,1151,46,175.00,81.29,32.67,3617,294025.00
231,231,,,64,368,44,70.00,26.56,10.81,4239,112607.00
232,232,*NOUSE*,*NOUSE*,0,0,0,0,0,0,0,0
233,233,*NOUSE*,*NOUSE*,0,0,0,0,0,0,0,0
234,234,*NOUSE*,*NOUSE*,0,0,0,0,0,0,0,0
235,235,,,65,289,75,160.00,64.21,36.20,2631,168932.00
236,236,*NOUSE*,*NOUSE*,0,0,0,0,0,0,0,0
237,237,*NOUSE*,*NOUSE*,0,0,0,0,0,0,0,0
238,238,*NOUSE*,*NOUSE*,0,0,0,0,0,0,0,0
239,239,,,66,1123,29,196.00,74.69,42.25,4883,364697.00
240,240,*NOUSE*,*NOUSE*,0,0,0,0,0,0,0,0
241,241,*NOUSE*,*NOUSE*,0,0,0,0,0,0,0,0
242,242,*NOUSE*,*NOUSE*,0,0,0,0,0,0,0,0
243,243,*NOUSE*,*NOUSE*,0,0,0,0,0,0,0,0
244,244,,,68,1036,59,179.00,61.29,40.37,3750,229822.00
245,245,,,62,1300,73,250.00,90.98,51.47,3780,343923.00
246,246,*NOUSE*,*NOUSE*,0,0,0,0,0,0,0,0
247,247,*NOUSE*,*NOUSE*,0,0,0,0,0,0,0,0
248,248,*NOUSE*,*NOUSE*,0,0,0,0,0,0,0,0
249,249,*NOUSE*,*NOUSE*,0,0,0,0,0,0,0,0
250,250,*NOUSE*,*NOUSE*,0,0,0,0,0,0,0,0
251,251,*NOUSE*,*NOUSE*,0,0,0,0,0,0,0,0
252,252,,,67,735,77,67.00,27.35,11.55,10180,278472.00
253,253,,,66,533,83,163.00,51.11,35.94,5169,264164.00
254,254,*NOUSE*,*NOUSE*,0,0,0,0,0,0,0,0
255,255,*NOUSE*,*NOUSE*,0,0,0,0,0,0,0,0
256,256,*NOUSE*,*NOUSE*,0,0,0,0,0,0,0,0
257,257,,,67,676,88,196.00,52.78,38.56,6090,321408.00
258,258,,,66,1235,34,182.00,83.86,38.79,3753,314720.00
259,259,*NOUSE*,*NOUSE*,0,0,0,0,0,0,0,0
260,260,*NOUSE*,*NOUSE*,0,0,0,0,0,0,0,0
261,261,*NOUSE*,*NOUSE*,0,0,0,0,0,0,0,0
262,262,*NOUSE*,*NOUSE*,0,0,0,0,0,0,0,0
263,263,,,67,1322,41,231.00,87.25,48.68,3609,314886.00
264,264,*NOUSE*,*NOUSE*,0,0,0,0,0,0,0,0
265,265,,,66,200,71,109.00,48.02,26.01,2451,117685.00
266,266,,,68,1117,74,184.00,74.96,37.44,3437,257628.00
267,267,*NOUSE*,*NOUSE*,0,0,0,0,0,0,0,0
268,268,*NOUSE*,*NOUSE*,0,0,0,0,0,0,0,0
269,269,*NOUSE*,*NOUSE*,0,0,0,0,0,0,0,0
270,270,,,67,1058,98,182.00,64.06,41.84,3218,206135.00
271,271,,,67,1342,24,167.00,53.82,29.05,4522,243356.00
272,272,*NOUSE*,*NOUSE*,0,0,0,0,0,0,0,0
273,273,,,66,1218,25,150.00,52.67,22.30,2523,132896.00
274,274,*NOUSE*,*NOUSE*,0,0,0,0,0,0,0,0
275,275,*NOUSE*,*NOUSE*,0,0,0,0,0,0,0,0
276,276,*NOUSE*,*NOUSE*,0,0,0,0,0,0,0,0
277,277,,,69,154,50,100.00,37.25,21.00,4589,170933.00
278,278,,,68,139,65,101.00,33.67,19.28,4416,148668.00
279,279,*NOUSE*,*NOUSE*,0,0,0,0,0,0,0,0
280,280,*NOUSE*,*NOUSE*,0,0,0,0,0,0,0,0
281,281,*NOUSE*,*NOUSE*,0,0,0,0,0,0,0,0
282,282,,,69,506,83,197.00,47.89,37.63,4613,220921.00
283,283,,,67,1144,96,188.00,75.56,42.71,2235,168875.00
284,284,,,69,870,94,192.00,52.43,40.87,6009,315056.00
285,285,*NOUSE*,*NOUSE*,0,0,0,0,0,0,0,0
286,286,,,68,1428,26,179.00,63.22,34.66,1823,115244.00
287,287,*NOUSE*,*NOUSE*,0,0,0,0,0,0,0,0
288,288,,,69,236,42,147.00,57.15,26.14,3401,194362.00
289,289,,,68,188,42,105.00,37.82,22.65,3710,140306.00
290,290,*NOUSE*,*NOUSE*,0,0,0,0,0,0,0,0
291,291,*NOUSE*,*NOUSE*,0,0,0,0,0,0,0,0
292,292,*NOUSE*,*NOUSE*,0,0,0,0,0,0,0,0
293,293,*NOUSE*,*NOUSE*,0,0,0,0,0,0,0,0
294,294,,,69,244,53,152.00,69.32,29.03,3448,239016.00
295,295,,,67,1152,65,183.00,65.86,26.19,4351,286558.00
296,296,*NOUSE*,*NOUSE*,0,0,0,0,0,0,0,0
297,297,*NOUSE*,*NOUSE*,0,0,0,0,0,0,0,0
298,298,,,70,897,95,180.00,50.19,38.94,4824,242100.00
299,299,,,68,1209,97,158.00,58.66,31.92,3408,199901.00
300,300,*NOUSE*,*NOUSE*,0,0,0,0,0,0,0,0
301,301,,,69,1371,27,151.00,58.33,29.66,4363,254506.00
302,302,*NOUSE*,*NOUSE*,0,0,0,0,0,0,0,0
303,303,,,70,1400,29,178.00,60.96,32.10,3340,203606.00
304,304,*NOUSE*,*NOUSE*,0,0,0,0,0,0,0,0
305,305,*NOUSE*,*NOUSE*,0,0,0,0,0,0,0,0
306,306,,,71,777,39,81.00,26.80,10.95,8491,227562.00
307,307,*NOUSE*,*NOUSE*,0,0,0,0,0,0,0,0
308,308,,,72,303,76,138.00,45.88,28.70,4328,198562.00
309,309,,,69,938,95,164.00,49.48,34.07,4259,210738.00
310,310,*NOUSE*,*NOUSE*,0,0,0,0,0,0,0,0
311,311,,,75,438,31,153.00,42.14,29.65,5108,215241.00
312,312,,,71,1044,50,138.00,50.40,29.71,4945,249230.00
313,313,*NOUSE*,*NOUSE*,0,0,0,0,0,0,0,0
314,314,*NOUSE*,*NOUSE*,0,0,0,0,0,0,0,0
315,315,,,70,1537,78,145.00,41.96,29.50,4808,201722.00
316,316,,,71,432,84,162.00,45.97,34.15,4794,220373.00
317,317,,,71,771,90,218.00,60.03,45.36,4983,299122.00
318,318,*NOUSE*,*NOUSE*,0,0,0,0,0,0,0,0
319,319,*NOUSE*,*NOUSE*,0,0,0,0,0,0,0,0
320,320,*NOUSE*,*NOUSE*,0,0,0,0,0,0,0,0
321,321,,,72,995,98,191.00,49.33,39.31,4660,229901.00
322,322,,,69,1454,42,191.00,74.48,39.47,2250,167580.00
323,323,*NOUSE*,*NOUSE*,0,0,0,0,0,0,0,0
324,324,*NOUSE*,*NOUSE*,0,0,0,0,0,0,0,0
325,325,,,73,585,63,72.00,26.51,10.64,8203,217495.00
326,326,,,72,1087,80,155.00,65.13,31.96,3102,202029.00
327,327,*NOUSE*,*NOUSE*,0,0,0,0,0,0,0,0
328,328,,,72,698,91,182.00,61.92,43.55,5195,321665.00
329,329,,,72,1014,99,165.00,54.82,39.24,4325,237081.00
330,330,*NOUSE*,*NOUSE*,0,0,0,0,0,0,0,0
331,331,,,73,596,28,160.00,46.08,32.47,4707,216901.00
332,332,*NOUSE*,*NOUSE*,0,0,0,0,0,0,0,0
333,333,,,75,1062,46,122.00,43.16,24.27,6194,267322.00
334,334,*NOUSE*,*NOUSE*,0,0,0,0,0,0,0,0
335,335,*NOUSE*,*NOUSE*,0,0,0,0,0,0,0,0
336,336,,,73,469,68,74.00,27.23,10.46,4681,127467.00
337,337,*NOUSE*,*NOUSE*,0,0,0,0,0,0,0,0
338,338,*NOUSE*,*NOUSE*,0,0,0,0,0,0,0,0
339,339,,,72,1561,73,139.00,39.99,26.53,5229,209099.00
340,340,,,72,249,79,119.00,45.32,24.19,3135,142063.00
341,341,*NOUSE*,*NOUSE*,0,0,0,0,0,0,0,0
342,342,,,72,403,83,148.00,45.37,31.28,5070,230031.00
343,343,*NOUSE*,*NOUSE*,0,0,0,0,0,0,0,0
344,344,*NOUSE*,*NOUSE*,0,0,0,0,0,0,0,0
345,345,*NOUSE*,*NOUSE*,0,0,0,0,0,0,0,0
346,346,*NOUSE*,*NOUSE*,0,0,0,0,0,0,0,0
347,347,*NOUSE*,*NOUSE*,0,0,0,0,0,0,0,0
348,348,*NOUSE*,*NOUSE*,0,0,0,0,0,0,0,0
349,349,,,77,1051,30,115.00,40.10,22.49,6338,254160.00
350,350,*NOUSE*,*NOUSE*,0,0,0,0,0,0,0,0
351,351,*NOUSE*,*NOUSE*,0,0,0,0,0,0,0,0
352,352,*NOUSE*,*NOUSE*,0,0,0,0,0,0,0,0
353,353,*NOUSE*,*NOUSE*,0,0,0,0,0,0,0,0
354,354,,,70,325,73,82.00,36.16,16.00,1785,64554.00
355,355,*NOUSE*,*NOUSE*,0,0,0,0,0,0,0,0
356,356,*NOUSE*,*NOUSE*,0,0,0,0,0,0,0,0
357,357,*NOUSE*,*NOUSE*,0,0,0,0,0,0,0,0
358,358,*NOUSE*,*NOUSE*,0,0,0,0,0,0,0,0
359,359,*NOUSE*,*NOUSE*,0,0,0,0,0,0,0,0
360,360,,,76,1184,37,138.00,54.91,23.62,5180,284436.00
361,361,,,72,457,38,70.00,29.60,12.46,1973,58406.00
362,362,,,74,61,57,96.00,30.36,17.55,3978,120754.00
363,363,*NOUSE*,*NOUSE*,0,0,0,0,0,0,0,0
364,364,,,75,655,92,195.00,50.86,38.28,5631,286417.00
365,365,*NOUSE*,*NOUSE*,0,0,0,0,0,0,0,0
366,366,*NOUSE*,*NOUSE*,0,0,0,0,0,0,0,0
367,367,*NOUSE*,*NOUSE*,0,0,0,0,0,0,0,0
368,368,*NOUSE*,*NOUSE*,0,0,0,0,0,0,0,0
369,369,,,75,171,50,94.00,31.60,15.19,4870,153896.00
370,370,,,75,77,59,78.00,29.77,15.09,3648,108589.00
371,371,,,74,36,61,81.00,30.71,15.67,3297,101264.00
372,372,*NOUSE*,*NOUSE*,0,0,0,0,0,0,0,0
373,373,*NOUSE*,*NOUSE*,0,0,0,0,0,0,0,0
374,374,*NOUSE*,*NOUSE*,0,0,0,0,0,0,0,0
375,375,*NOUSE*,*NOUSE*,0,0,0,0,0,0,0,0
376,376,*NOUSE*,*NOUSE*,0,0,0,0,0,0,0,0
377,377,,,75,1225,38,160.00,73.66,33.37,4196,309081.00
378,378,*NOUSE*,*NOUSE*,0,0,0,0,0,0,0,0
379,379,*NOUSE*,*NOUSE*,0,0,0,0,0,0,0,0
380,380,,,74,284,47,127.00,46.28,23.40,4083,188955.00
381,381,,,78,1137,53,175.00,78.14,31.09,3152,246287.00
382,382,*NOUSE*,*NOUSE*,0,0,0,0,0,0,0,0
383,383,*NOUSE*,*NOUSE*,0,0,0,0,0,0,0,0
384,384,,,76,1296,68,221.00,78.41,42.49,3395,266191.00
385,385,,,75,1072,77,199.00,82.51,43.85,3077,253873.00
386,386,,,78,527,76,141.00,42.94,28.90,5035,216189.00
387,387,*NOUSE*,*NOUSE*,0,0,0,0,0,0,0,0
388,388,*NOUSE*,*NOUSE*,0,0,0,0,0,0,0,0
389,389,,,78,1268,30,155.00,59.92,29.86,3938,235950.00
390,390,,,77,1451,33,205.00,73.49,44.36,4243,311823.00
391,391,,,73,1150,46,159.00,74.83,29.11,3896,291548.00
392,392,*NOUSE*,*NOUSE*,0,0,0,0,0,0,0,0
393,393,*NOUSE*,*NOUSE*,0,0,0,0,0,0,0,0
394,394,,,79,507,47,79.00,26.54,12.36,6618,175674.00
395,395,*NOUSE*,*NOUSE*,0,0,0,0,0,0,0,0
396,396,,,78,1106,61,150.00,54.56,26.74,3246,177105.00
397,397,*NOUSE*,*NOUSE*,0,0,0,0,0,0,0,0
398,398,*NOUSE*,*NOUSE*,0,0,0,0,0,0,0,0
399,399,*NOUSE*,*NOUSE*,0,0,0,0,0,0,0,0
400,400,*NOUSE*,*NOUSE*,0,0,0,0,0,0,0,0
401,401,*NOUSE*,*NOUSE*,0,0,0,0,0,0,0,0
402,402,*NOUSE*,*NOUSE*,0,0,0,0,0,0,0,0
403,403,*NOUSE*,*NOUSE*,0,0,0,0,0,0,0,0
404,404,*NOUSE*,*NOUSE*,71,1152,88,80.00,55.62, 9.92,52,2892.00
405,405,*NOUSE*,*NOUSE*,73,665,1,72.00,26.40,16.63,187,4936.00
406,406,*NOUSE*,*NOUSE*,0,0,0,0,0,0,0,0
407,407,*NOUSE*,*NOUSE*,0,0,0,0,0,0,0,0
408,408,*NOUSE*,*NOUSE*,0,0,0,0,0,0,0,0
409,409,,,79,1206,39,130.00,61.42,26.34,4655,285895.00
410,410,*NOUSE*,*NOUSE*,0,0,0,0,0,0,0,0
411,411,*NOUSE*,*NOUSE*,0,0,0,0,0,0,0,0
412,412,*NOUSE*,*NOUSE*,0,0,0,0,0,0,0,0
413,413,*NOUSE*,*NOUSE*,0,0,0,0,0,0,0,0
414,414,*NOUSE*,*NOUSE*,0,0,0,0,0,0,0,0
415,415,*NOUSE*,*NOUSE*,0,0,0,0,0,0,0,0
416,416,,,77,1159,29,171.00,66.23,31.24,5098,337643.00
417,417,,,80,1324,31,165.00,62.28,32.85,4442,276669.00
418,418,*NOUSE*,*NOUSE*,0,0,0,0,0,0,0,0
419,419,*NOUSE*,*NOUSE*,0,0,0,0,0,0,0,0
420,420,,,82,1085,66,135.00,51.56,27.17,4542,234170.00
421,421,*NOUSE*,*NOUSE*,0,0,0,0,0,0,0,0
422,422,*NOUSE*,*NOUSE*,0,0,0,0,0,0,0,0
423,423,*NOUSE*,*NOUSE*,0,0,0,0,0,0,0,0
424,424,*NOUSE*,*NOUSE*,0,0,0,0,0,0,0,0
425,425,*NOUSE*,*NOUSE*,0,0,0,0,0,0,0,0
426,426,*NOUSE*,*NOUSE*,0,0,0,0,0,0,0,0
427,427,*NOUSE*,*NOUSE*,0,0,0,0,0,0,0,0
428,428,*NOUSE*,*NOUSE*,0,0,0,0,0,0,0,0
429,429,*NOUSE*,*NOUSE*,0,0,0,0,0,0,0,0
430,430,*NOUSE*,*NOUSE*,0,0,0,0,0,0,0,0
431,431,*NOUSE*,*NOUSE*,0,0,0,0,0,0,0,0
432,432,*NOUSE*,*NOUSE*,0,0,0,0,0,0,0,0
433,433,*NOUSE*,*NOUSE*,0,0,0,0,0,0,0,0
434,434,*NOUSE*,*NOUSE*,0,0,0,0,0,0,0,0
435,435,,,82,1051,63,139.00,44.95,28.55,5154,231695.00
436,436,,,82,236,62,152.00,50.35,29.30,4255,214248.00
437,437,*NOUSE*,*NOUSE*,0,0,0,0,0,0,0,0
438,438,*NOUSE*,*NOUSE*,0,0,0,0,0,0,0,0
439,439,*NOUSE*,*NOUSE*,0,0,0,0,0,0,0,0
440,440,,,82,930,84,145.00,43.49,32.03,5139,223473.00
441,441,*NOUSE*,*NOUSE*,0,0,0,0,0,0,0,0
442,442,*NOUSE*,*NOUSE*,0,0,0,0,0,0,0,0
443,443,*NOUSE*,*NOUSE*,0,0,0,0,0,0,0,0
444,444,*NOUSE*,*NOUSE*,0,0,0,0,0,0,0,0
445,445,,,81,804,30,134.00,40.26,27.20,5952,239598.00
446,446,,,81,652,31,167.00,45.42,34.39,4753,215880.00
447,447,*NOUSE*,*NOUSE*,0,0,0,0,0,0,0,0
448,448,*NOUSE*,*NOUSE*,0,0,0,0,0,0,0,0
449,449,,,81,1119,41,140.00,54.98,23.97,4836,265899.00
450,450,,,86,759,37,161.00,42.05,31.29,7381,310381.00
451,451,*NOUSE*,*NOUSE*,0,0,0,0,0,0,0,0
452,452,,,81,1161,43,166.00,82.33,31.33,3236,266416.00
453,453,,,83,275,52,125.00,41.46,24.74,5529,229239.00
454,454,*NOUSE*,*NOUSE*,0,0,0,0,0,0,0,0
455,455,*NOUSE*,*NOUSE*,0,0,0,0,0,0,0,0
456,456,*NOUSE*,*NOUSE*,0,0,0,0,0,0,0,0
457,457,*NOUSE*,*NOUSE*,0,0,0,0,0,0,0,0
458,458,*NOUSE*,*NOUSE*,0,0,0,0,0,0,0,0
459,459,,,80,1186,87,199.00,87.66,38.25,2541,222738.00
460,460,*NOUSE*,*NOUSE*,0,0,0,0,0,0,0,0
461,461,,,82,1410,37,143.00,59.05,26.00,3653,215718.00
462,462,*NOUSE*,*NOUSE*,0,0,0,0,0,0,0,0
463,463,*NOUSE*,*NOUSE*,0,0,0,0,0,0,0,0
464,464,*NOUSE*,*NOUSE*,0,0,0,0,0,0,0,0
465,465,*NOUSE*,*NOUSE*,0,0,0,0,0,0,0,0
466,466,*NOUSE*,*NOUSE*,0,0,0,0,0,0,0,0
467,467,*NOUSE*,*NOUSE*,0,0,0,0,0,0,0,0
468,468,*NOUSE*,*NOUSE*,0,0,0,0,0,0,0,0
469,469,,,83,1300,80,207.00,83.15,42.99,3032,252115.00
470,470,*NOUSE*,*NOUSE*,0,0,0,0,0,0,0,0
471,471,*NOUSE*,*NOUSE*,0,0,0,0,0,0,0,0
472,472,,,83,704,85,170.00,49.77,36.86,6259,311538.00
473,473,*NOUSE*,*NOUSE*,0,0,0,0,0,0,0,0
474,474,*NOUSE*,*NOUSE*,74,708,94,118.00,39.88,26.70,94,3749.00
475,475,,,85,1034,34,108.00,34.67,16.69,5652,195963.00
476,476,,,87,1256,37,120.00,48.30,23.74,4780,230865.00
477,477,*NOUSE*,*NOUSE*,0,0,0,0,0,0,0,0
478,478,,,83,229,52,141.00,48.70,30.45,4479,218149.00
479,479,*NOUSE*,*NOUSE*,0,0,0,0,0,0,0,0
480,480,,,83,1181,49,150.00,69.82,27.50,2914,203445.00
481,481,,,84,1338,54,176.00,76.92,35.16,3204,246441.00
482,482,,,83,1150,67,180.00,76.67,34.56,3304,253320.00
483,483,*NOUSE*,*NOUSE*,0,0,0,0,0,0,0,0
484,484,*NOUSE*,*NOUSE*,0,0,0,0,0,0,0,0
485,485,*NOUSE*,*NOUSE*,0,0,0,0,0,0,0,0
486,486,*NOUSE*,*NOUSE*,0,0,0,0,0,0,0,0
487,487,*NOUSE*,*NOUSE*,0,0,0,0,0,0,0,0
488,488,*NOUSE*,*NOUSE*,0,0,0,0,0,0,0,0
489,489,*NOUSE*,*NOUSE*,0,0,0,0,0,0,0,0
490,490,*NOUSE*,*NOUSE*,0,0,0,0,0,0,0,0
491,491,,,86,1446,43,114.00,46.54,21.66,5630,262027.00
492,492,,,83,248,53,122.00,44.46,26.65,4945,219837.00
493,493,*NOUSE*,*NOUSE*,0,0,0,0,0,0,0,0
494,494,*NOUSE*,*NOUSE*,0,0,0,0,0,0,0,0
495,495,*NOUSE*,*NOUSE*,0,0,0,0,0,0,0,0
496,496,*NOUSE*,*NOUSE*,0,0,0,0,0,0,0,0
497,497,,,84,614,80,170.00,45.41,30.60,6357,288677.00
498,498,*NOUSE*,*NOUSE*,0,0,0,0,0,0,0,0
499,499,*NOUSE*,*NOUSE*,0,0,0,0,0,0,0,0
500,500,*NOUSE*,*NOUSE*,0,0,0,0,0,0,0,0
501,501,*NOUSE*,*NOUSE*,0,0,0,0,0,0,0,0
502,502,*NOUSE*,*NOUSE*,0,0,0,0,0,0,0,0
503,503,*NOUSE*,*NOUSE*,0,0,0,0,0,0,0,0
504,504,*NOUSE*,*NOUSE*,0,0,0,0,0,0,0,0
505,505,,,86,1085,28,97.00,34.45,17.38,4442,153025.00
506,506,,,87,1272,46,156.00,57.05,29.17,5327,303930.00
507,507,*NOUSE*,*NOUSE*,0,0,0,0,0,0,0,0
508,508,*NOUSE*,*NOUSE*,0,0,0,0,0,0,0,0
509,509,*NOUSE*,*NOUSE*,0,0,0,0,0,0,0,0
510,510,*NOUSE*,*NOUSE*,0,0,0,0,0,0,0,0
511,511,,,86,549,68,112.00,35.25,21.09,5266,185631.00
512,512,*NOUSE*,*NOUSE*,0,0,0,0,0,0,0,0
513,513,*NOUSE*,*NOUSE*,0,0,0,0,0,0,0,0
514,514,*NOUSE*,*NOUSE*,0,0,0,0,0,0,0,0
515,515,*NOUSE*,*NOUSE*,0,0,0,0,0,0,0,0
516,516,*NOUSE*,*NOUSE*,0,0,0,0,0,0,0,0
517,517,*NOUSE*,*NOUSE*,0,0,0,0,0,0,0,0
518,518,*NOUSE*,*NOUSE*,0,0,0,0,0,0,0,0
519,519,*NOUSE*,*NOUSE*,0,0,0,0,0,0,0,0
520,520,,,88,908,79,127.00,36.08,22.93,5734,206905.00
521,521,*NOUSE*,*NOUSE*,0,0,0,0,0,0,0,0
522,522,*NOUSE*,*NOUSE*,0,0,0,0,0,0,0,0
523,523,*NOUSE*,*NOUSE*,0,0,0,0,0,0,0,0
524,524,*NOUSE*,*NOUSE*,0,0,0,0,0,0,0,0
525,525,*NOUSE*,*NOUSE*,0,0,0,0,0,0,0,0
526,526,,,89,587,59,90.00,29.49,13.82,7200,212358.00
527,527,*NOUSE*,*NOUSE*,0,0,0,0,0,0,0,0
528,528,*NOUSE*,*NOUSE*,0,0,0,0,0,0,0,0
529,529,*NOUSE*,*NOUSE*,0,0,0,0,0,0,0,0
530,530,*NOUSE*,*NOUSE*,0,0,0,0,0,0,0,0
531,531,*NOUSE*,*NOUSE*,0,0,0,0,0,0,0,0
532,532,*NOUSE*,*NOUSE*,0,0,0,0,0,0,0,0
533,533,*NOUSE*,*NOUSE*,0,0,0,0,0,0,0,0
534,534,,,88,1137,37,167.00,76.64,32.87,3606,276348.00
535,535,*NOUSE*,*NOUSE*,0,0,0,0,0,0,0,0
536,536,*NOUSE*,*NOUSE*,0,0,0,0,0,0,0,0
537,537,,,89,1063,73,153.00,47.98,32.88,5091,244267.00
538,538,*NOUSE*,*NOUSE*,0,0,0,0,0,0,0,0
539,539,*NOUSE*,*NOUSE*,0,0,0,0,0,0,0,0
540,540,*NOUSE*,*NOUSE*,0,0,0,0,0,0,0,0
541,541,*NOUSE*,*NOUSE*,0,0,0,0,0,0,0,0
542,542,*NOUSE*,*NOUSE*,0,0,0,0,0,0,0,0
543,543,*NOUSE*,*NOUSE*,0,0,0,0,0,0,0,0
544,544,,,89,1485,56,107.00,37.01,20.06,5880,217643.00
545,545,*NOUSE*,*NOUSE*,0,0,0,0,0,0,0,0
546,546,,,91,684,56,125.00,37.80,25.24,6295,237961.00
547,547,*NOUSE*,*NOUSE*,0,0,0,0,0,0,0,0
548,548,*NOUSE*,*NOUSE*,0,0,0,0,0,0,0,0
549,549,,,91,1114,66,170.00,64.13,36.57,4255,272853.00
550,550,*NOUSE*,*NOUSE*,0,0,0,0,0,0,0,0
551,551,*NOUSE*,*NOUSE*,0,0,0,0,0,0,0,0
552,552,*NOUSE*,*NOUSE*,0,0,0,0,0,0,0,0
553,553,*NOUSE*,*NOUSE*,0,0,0,0,0,0,0,0
554,554,,,91,797,74,136.00,37.70,24.93,6176,232856.00
555,555,*NOUSE*,*NOUSE*,0,0,0,0,0,0,0,0
556,556,*NOUSE*,*NOUSE*,0,0,0,0,0,0,0,0
557,557,*NOUSE*,*NOUSE*,0,0,0,0,0,0,0,0
558,558,*NOUSE*,*NOUSE*,0,0,0,0,0,0,0,0
559,559,*NOUSE*,*NOUSE*,0,0,0,0,0,0,0,0
560,560,,,93,1251,55,163.00,44.98,27.22,6625,298023.00
561,561,*NOUSE*,*NOUSE*,0,0,0,0,0,0,0,0
562,562,*NOUSE*,*NOUSE*,0,0,0,0,0,0,0,0
563,563,,,93,963,64,114.00,37.60,24.33,5197,195387.00
564,564,*NOUSE*,*NOUSE*,0,0,0,0,0,0,0,0
565,565,*NOUSE*,*NOUSE*,0,0,0,0,0,0,0,0
566,566,,,92,1106,76,153.00,54.67,34.32,4529,247595.00
567,567,*NOUSE*,*NOUSE*,0,0,0,0,0,0,0,0
568,568,,,92,1439,58,144.00,46.69,28.83,5794,270500.00
569,569,*NOUSE*,*NOUSE*,0,0,0,0,0,0,0,0
570,570,,,92,1161,75,140.00,57.79,23.47,3932,227236.00
571,571,*NOUSE*,*NOUSE*,0,0,0,0,0,0,0,0
572,572,,,94,1210,55,164.00,54.15,32.19,6506,352312.00
573,573,,,94,939,68,76.00,28.93,13.48,5742,166137.00
574,574,*NOUSE*,*NOUSE*,0,0,0,0,0,0,0,0
575,575,,,93,690,74,120.00,34.21,19.03,7033,240618.00
576,576,*NOUSE*,*NOUSE*,0,0,0,0,0,0,0,0
577,577,*NOUSE*,*NOUSE*,0,0,0,0,0,0,0,0
578,578,,,95,1118,52,157.00,59.09,30.86,4658,275263.00
579,579,*NOUSE*,*NOUSE*,0,0,0,0,0,0,0,0
580,580,,,90,1232,73,171.00,71.06,39.23,3630,257950.00
581,581,*NOUSE*,*NOUSE*,0,0,0,0,0,0,0,0
582,582,,,93,1140,75,155.00,70.89,36.01,3437,243655.00
583,583,,,91,1062,45,85.00,36.62,16.60,3448,126252.00
584,584,*NOUSE*,*NOUSE*,0,0,0,0,0,0,0,0
585,585,,,94,1384,59,118.00,44.58,23.97,4736,211130.00
586,586,,,95,1201,70,137.00,55.19,29.06,4508,248819.00
587,587,*NOUSE*,*NOUSE*,90,1269,79,137.00,53.25,24.07,169,8999.00
588,588,*NOUSE*,*NOUSE*,0,0,0,0,0,0,0,0
589,589,,,95,1358,61,199.00,65.86,43.72,5276,347455.00
590,590,*NOUSE*,*NOUSE*,0,0,0,0,0,0,0,0
591,591,,,94,1178,76,183.00,68.08,38.61,4417,300727.00
592,592,*NOUSE*,*NOUSE*,0,0,0,0,0,0,0,0
593,593,*NOUSE*,*NOUSE*,0,0,0,0,0,0,0,0
594,594,*NOUSE*,*NOUSE*,0,0,0,0,0,0,0,0
595,595,*NOUSE*,*NOUSE*,0,0,0,0,0,0,0,0
596,596,*NOUSE*,*NOUSE*,0,0,0,0,0,0,0,0
597,597,,,96,1081,62,95.00,34.92,17.68,2702,94346.00
598,598,*NOUSE*,*NOUSE*,0,0,0,0,0,0,0,0
599,599,*NOUSE*,*NOUSE*,0,0,0,0,0,0,0,0
600,600,*NOUSE*,*NOUSE*,0,0,0,0,0,0,0,0
601,601,*NOUSE*,*NOUSE*,0,0,0,0,0,0,0,0
602,602,*NOUSE*,*NOUSE*,0,0,0,0,0,0,0,0
603,603,*NOUSE*,*NOUSE*,0,0,0,0,0,0,0,0
604,604,,*MANUAL*,71,374,84,160.00,76.34,38.61,2052,156650.00
605,605,,*MANUAL*,67,578,85,172.00,83.20,39.72,2042,169902.00
606,606,,*MANUAL*,71,793,90,211.00,109.67,39.65,1365,149705.00
607,607,,*MANUAL*$243$157,61,977,44,77.00,30.12,13.58,7127,214651.00
608,608,,*MANUAL*,84,982,41,69.00,34.65,10.49,2103,72862.00
609,609,,*MANUAL*$498$467,82,984,83,82.00,30.23,13.95,6843,206844.00
610,610,,*MANUAL*$237$223,63,987,83,90.00,32.05,15.20,6763,216737.00
611,611,*NOUSE*,*NOUSE*,0,0,0,0,0,0,0,0
612,612,,*MANUAL*$343$611,68,864,76,68.00,25.81,10.26,8202,211666.00
613,613,*NOUSE*,*NOUSE*,0,0,0,0,0,0,0,0
614,614,,*MANUAL*$613$413,76,389,69,79.00,29.27,12.01,6326,185148.00
615,615,,*MANUAL*,80,1079,46,149.00,77.78,25.91,1365,106176.00
616,616,,*MANUAL*,67,1103,31,155.00,105.83,19.44,1295,137052.00
617,617,,*MANUAL*,55,1103,32,208.00,130.24,33.62,1365,177781.00
618,618,,*MANUAL*,79,1103,31,193.00,116.40,26.28,1365,158890.00
619,619,,*MANUAL*,80,1124,58,187.00,118.03,32.52,1303,153798.00
620,620,,*MANUAL*,64,1131,66,207.00,145.02,23.96,865,125446.00
621,621,,*MANUAL*,74,1131,67,202.00,128.21,30.77,895,114750.00
622,622,,*MANUAL*,57,1137,52,218.00,136.11,32.57,895,121822.00
623,623,,*MANUAL*,58,1140,34,207.00,128.38,32.96,889,114132.00
624,624,,*MANUAL*,74,1137,34,171.00,116.91,20.07,895,104637.00
625,625,,*MANUAL*,67,1296,52,201.00,119.30,35.81,895,106771.00
626,626,,*MANUAL*,82,1325,67,198.00,108.40,33.70,1321,143195.00
627,627,,*MANUAL*,66,1335,39,244.00,174.81,22.65,485,84784.00
628,628,,*MANUAL*,75,1337,40,194.00,114.23,26.17,485,55402.00
629,629,,*MANUAL*,58,1336,44,222.00,135.08,26.70,485,65512.00
630,630,,*MANUAL*,54,1337,61,219.00,135.34,38.39,881,119232.00
631,631,,*MANUAL*,65,1338,81,171.00,104.66,22.38,485,50762.00
632,632,,*MANUAL*,77,1338,77,160.00,95.53,18.78,895,85498.00
633,633,,*MANUAL*,79,1345,63,204.00,151.01,21.62,456,68862.00
634,634,,*MANUAL*,84,1342,69,236.00,159.48,26.00,773,123275.00
635,635,,*MANUAL*,56,1336,74,249.00,157.45,34.75,885,139344.00
636,636,,*MANUAL*,63,1355,66,250.00,165.68,40.48,895,148280.00
637,637,,*MANUAL*,66,1352,40,252.00,190.73,29.57,481,91741.00
638,638,,*MANUAL*,73,1356,41,249.00,178.50,38.97,394,70329.00
639,639,*NOUSE*,*NOUSE*,0,0,0,0,0,0,0,0
640,640,,*MANUAL*,81,1362,61,225.00,126.22,46.32,895,112969.00
641,641,,*MANUAL*,56,1363,73,248.00,155.50,50.41,895,139175.00
642,642,,*MANUAL*,77,1363,74,231.00,136.54,34.59,895,122202.00
643,643,,*MANUAL*,57,1357,50,199.00,121.94,21.46,879,107181.00
644,644,,*MANUAL*,79,1354,46,211.00,110.39,26.16,895,98799.00
645,645,,*MANUAL*,72,1354,80,164.00,88.78,21.75,895,79459.00
646,646,,*MANUAL*,59,1384,67,207.00,139.44,24.29,895,124803.00
647,647,,*MANUAL*,78,1384,67,159.00,109.08,18.57,885,96533.00
648,648,,*MANUAL*$455$399,80,1504,68,114.00,36.36,20.37,7285,264861.00
649,649,,*MANUAL*,78,1479,70,197.00,112.32,33.29,895,100524.00
650,650,,*MANUAL*,78,1467,68,194.00,121.04,30.06,895,108334.00
651,651,,*MANUAL*,79,1446,70,177.00,115.15,26.66,657,75651.00
652,652,,*MANUAL*,78,1419,71,178.00,101.37,31.87,885,89714.00
653,653,,*MANUAL*,60,1483,68,202.00,99.03,40.47,1365,135180.00
654,654,,*MANUAL*,59,1465,68,162.00,91.39,34.36,895,81791.00
655,655,,*MANUAL*,58,1445,68,211.00,132.32,29.87,607,80318.00
656,656,,*MANUAL*,57,1411,69,183.00,107.17,34.10,886,94955.00
657,657,,*MANUAL*$412$383,79,1401,63,156.00,52.93,23.88,3548,187806.00
658,658,,*MANUAL*,73,1435,72,142.00,71.76,18.33,485,34804.00
659,659,,*MANUAL*,62,1430,72,154.00,70.62,18.96,895,63208.00
660,660,,*MANUAL*$323$307,71,1499,41,159.00,42.30,28.17,5024,212513.00
661,661,,*MANUAL*,68,1475,40,202.00,86.06,34.30,1327,114205.00
662,662,,*MANUAL*,69,1433,42,192.00,120.10,32.83,685,82266.00
663,663,,*MANUAL*,68,1390,43,157.00,74.78,27.63,895,66924.00
664,664,,*MANUAL*,64,1428,47,162.00,82.85,25.10,895,74153.00
665,665,,*MANUAL*,71,1415,47,136.00,64.78,20.29,895,57981.00
666,666,,*MANUAL*$13$21$12,42,1093,44,133.00,43.28,24.27,5872,254117.00
667,667,,*MANUAL*,41,1090,63,122.00,57.93,24.26,2103,121829.00
668,668,,*MANUAL*$65$45,48,1022,60,110.00,35.27,20.16,6115,215647.00
669,669,,*MANUAL*$69$46,49,993,54,108.00,32.60,18.07,6560,213875.00
670,670,,*MANUAL*$57$41,47,958,66,124.00,39.00,25.58,5504,214682.00
671,671,,*MANUAL*$58$59,49,855,76,170.00,39.82,26.24,6705,267023.00
672,672,*NOUSE*,*NOUSE*,0,0,0,0,0,0,0,0
673,673,,*MANUAL*,48,585,68,140.00,47.73,24.77,2967,141617.00
674,674,,*MANUAL*$100$118$105,52,365,60,98.00,29.65,15.50,6379,189123.00
675,675,,*MANUAL*$60$66,48,910,81,141.00,40.67,25.98,5744,233637.00
676,676,,*MANUAL*$81$82,51,807,80,160.00,46.53,30.42,5436,252921.00
677,677,,*MANUAL*$111$108,54,672,79,141.00,42.22,26.44,5944,250949.00
678,678,,*MANUAL*,52,293,65,115.00,54.45,21.33,1171,63758.00
679,679,,*MANUAL*$43$51$49$64,47,879,51,125.00,34.29,20.65,7277,249520.00
680,680,,*MANUAL*$62$63,48,782,56,120.00,33.80,19.96,6485,219194.00
681,681,,*MANUAL*$95$77,50,684,53,111.00,32.97,19.25,6956,229342.00
682,682,,*MANUAL*$42$52,47,534,46,102.00,32.31,16.80,6913,223353.00
683,683,,*MANUAL*,53,245,44,101.00,39.20,18.42,1119,43866.00
684,684,,*MANUAL*,47,1115,69,212.00,121.73,35.16,1307,159105.00
685,685,,*MANUAL*,45,1125,74,201.00,116.63,29.75,1365,159194.00
686,686,,*MANUAL*,45,1140,76,200.00,121.74,28.10,1334,162407.00
687,687,,*MANUAL*,45,1181,76,234.00,130.46,36.33,1301,169733.00
688,688,,*MANUAL*,45,1206,71,174.00,110.49,23.88,1203,132918.00
689,689,,*MANUAL*,44,1187,61,164.00,104.00,19.44,1333,138638.00
690,690,,*MANUAL*,42,1162,59,186.00,104.31,29.50,1365,142389.00
691,691,,*MANUAL*,42,1142,60,229.00,150.04,27.02,867,130084.00
692,692,,*MANUAL*,44,1136,50,232.00,130.22,42.39,1365,177753.00
693,693,,*MANUAL*,43,1151,43,245.00,135.06,41.59,1271,171664.00
694,694,,*MANUAL*,45,1169,44,212.00,122.95,38.33,1283,157741.00
695,695,,*MANUAL*,44,1190,46,206.00,112.04,39.23,1362,152594.00
696,696,,*MANUAL*,43,1212,55,215.00,117.02,35.44,1299,152015.00
697,697,,*MANUAL*,44,1230,62,194.00,127.57,32.36,895,114172.00
698,698,,*MANUAL*,45,1232,48,183.00,113.52,36.19,1287,146098.00
699,699,,*MANUAL*,50,1203,50,182.00,117.06,28.14,1365,159786.00
700,700,,*MANUAL*,53,1217,52,213.00,133.25,30.34,1365,181885.00
701,701,,*MANUAL*,53,1235,55,225.00,145.39,35.90,1365,198455.00
702,702,,*MANUAL*,53,1184,50,196.00,124.37,28.52,895,111313.00
703,703,,*MANUAL*,51,1152,51,210.00,140.47,26.89,1365,191746.00
704,704,,*MANUAL*,50,1148,35,247.00,164.00,35.82,895,146780.00
705,705,,*MANUAL*,54,1166,41,210.00,126.03,30.91,1365,172028.00
706,706,,*MANUAL*,56,1208,39,163.00,103.00,22.00,1365,140591.00
707,707,,*MANUAL*,52,1219,68,211.00,132.57,33.15,1333,176721.00
708,708,,*MANUAL*,52,1196,62,198.00,111.74,29.21,1365,152529.00
709,709,,*MANUAL*,52,1156,65,223.00,131.35,30.21,895,117562.00
710,710,,*MANUAL*,50,1138,66,222.00,150.75,33.53,895,134917.00
711,711,,*MANUAL*,92,1090,75,151.00,98.68,22.81,895,88319.00
712,712,,*MANUAL*,94,1125,74,185.00,117.37,30.58,886,103987.00
713,713,,*MANUAL*,92,1217,76,199.00,129.38,26.82,895,115795.00
714,714,,*MANUAL*,93,1185,61,141.00,87.67,19.83,1365,119672.00
715,715,,*MANUAL*,93,1163,59,133.00,79.81,15.95,1360,108544.00
716,716,,*MANUAL*,94,1141,61,184.00,115.13,24.64,1309,150701.00
717,717,,*MANUAL*,94,1132,48,147.00,109.50,16.70,895,98004.00
718,718,,*MANUAL*,92,1153,45,206.00,115.99,35.26,1321,153219.00
719,719,,*MANUAL*,89,1170,44,170.00,106.44,21.64,1365,145292.00
720,720,,*MANUAL*,91,1191,47,158.00,101.61,20.41,1349,137077.00
721,721,,*MANUAL*,94,1230,58,153.00,107.54,21.19,895,96250.00
722,722,,*MANUAL*,88,1223,45,164.00,97.30,29.27,1339,130281.00
723,723,,*MANUAL*,85,1201,50,158.00,97.49,24.02,1365,133068.00
724,724,,*MANUAL*,81,1217,52,171.00,107.23,19.66,1365,146373.00
725,725,,*MANUAL*,81,1236,54,171.00,114.69,27.96,879,100812.00
726,726,,*MANUAL*,84,1150,50,198.00,130.52,27.08,895,116817.00
727,727,,*MANUAL*,84,1221,66,184.00,114.60,31.35,1168,133857.00
728,728,,*MANUAL*,83,1196,62,156.00,107.00,19.55,895,95768.00
729,729,,*MANUAL*,83,1169,65,159.00,92.78,25.87,1365,126650.00
730,730,,*MANUAL*,87,1132,62,173.00,119.93,22.20,1365,163698.00
731,731,,*MANUAL*,66,1258,29,174.00,103.11,24.90,1365,140750.00
732,732,,*MANUAL*,61,1243,44,232.00,147.84,40.39,873,129063.00
733,733,,*MANUAL*,76,1241,46,210.00,136.58,23.74,839,114592.00
734,734,,*MANUAL*,81,1241,38,200.00,130.71,26.48,895,116983.00
735,735,,*MANUAL*,52,1243,39,230.00,144.72,36.92,895,129525.00
736,736,,*MANUAL*,61,1231,77,239.00,159.69,32.73,769,122804.00
737,737,,*MANUAL*,75,1231,75,210.00,143.04,31.31,828,118433.00
738,738,,*MANUAL*,79,1229,67,195.00,130.25,28.62,895,116576.00
739,739,,*MANUAL*,56,1229,70,218.00,153.96,27.00,895,137791.00
740,740,,*MANUAL*,80,1221,84,215.00,131.75,34.07,836,110145.00
741,741,,*MANUAL*,80,1203,89,208.00,124.11,27.88,892,110709.00
742,742,,*MANUAL*,55,1220,84,233.00,131.90,36.74,866,114224.00
743,743,,*MANUAL*,75,1216,80,230.00,180.89,19.32,475,85924.00
744,744,,*MANUAL*,68,1216,83,220.00,167.24,25.09,418,69906.00
745,745,,*MANUAL*,61,1214,81,224.00,175.16,20.85,485,84954.00
746,746,,*MANUAL*,82,1209,75,219.00,150.92,26.69,889,134171.00
747,747,,*MANUAL*,53,1207,74,211.00,144.53,34.59,895,129354.00
748,748,,*MANUAL*,77,1199,74,189.00,130.31,25.61,895,116630.00
749,749,,*MANUAL*,62,1200,81,215.00,142.77,24.16,821,117217.00
750,750,,*MANUAL*,70,1199,85,216.00,143.56,33.95,895,128485.00
751,751,,*MANUAL*,56,1189,88,194.00,122.92,25.35,875,107555.00
752,752,,*MANUAL*,61,1184,78,241.00,176.28,24.48,473,83381.00
753,753,,*MANUAL*,70,1182,81,227.00,176.68,17.78,485,85688.00
754,754,,*MANUAL*,82,1184,71,175.00,99.13,25.54,895,88717.00
755,755,,*MANUAL*,53,1185,76,241.00,183.90,26.54,485,89193.00
756,756,,*MANUAL*,85,1172,83,235.00,149.45,27.61,835,124794.00
757,757,,*MANUAL*,77,1170,84,239.00,128.62,40.18,895,115115.00
758,758,,*MANUAL*,65,1187,93,187.00,119.30,29.02,895,106776.00
759,759,,*MANUAL*$268$269,65,1160,94,154.00,56.68,26.29,3469,196638.00
760,760,,*MANUAL*,72,1156,82,104.00,52.87,13.26,895,47316.00
761,761,,*MANUAL*,75,1142,79,225.00,150.53,32.24,843,126894.00
762,762,,*MANUAL*,55,1144,81,246.00,151.71,40.90,781,118484.00
763,763,,*MANUAL*,63,1143,79,245.00,172.18,35.87,895,154097.00
764,764,,*MANUAL*,83,1141,84,214.00,130.89,23.77,895,117144.00
765,765,,*MANUAL*,84,1127,78,197.00,124.16,25.77,895,111124.00
766,766,,*MANUAL*,80,1126,91,212.00,131.35,28.51,836,109806.00
767,767,,*MANUAL*$531$503,85,1077,85,150.00,53.99,31.36,4634,250184.00
768,768,,*MANUAL*,65,1133,92,225.00,157.51,32.56,485,76394.00
769,769,,*MANUAL*,72,1126,92,238.00,187.28,20.24,426,79780.00
770,770,,*MANUAL*,67,1121,96,224.00,146.89,42.21,855,125591.00
771,771,,*MANUAL*,74,1113,89,221.00,139.84,30.02,895,125156.00
772,772,,*MANUAL*,63,1112,91,187.00,125.90,26.33,837,105378.00
773,773,,*MANUAL*,67,1104,94,206.00,123.15,33.57,895,110222.00
774,774,,*MANUAL*,74,1090,93,214.00,136.78,35.24,873,119408.00
775,775,,*MANUAL*,66,1090,98,217.00,129.50,38.05,803,103990.00
776,776,,*MANUAL*,59,1094,92,193.00,119.95,40.26,895,107352.00
777,777,,*MANUAL*,44,1334,63,204.00,112.94,39.34,1365,154165.00
778,778,,*MANUAL*,50,1313,63,239.00,125.80,36.87,869,109319.00
779,779,,*MANUAL*,46,1301,59,234.00,150.25,34.09,825,123955.00
780,780,,*MANUAL*,47,1280,71,199.00,107.30,39.23,1188,127474.00
781,781,,*MANUAL*,51,1270,66,206.00,128.03,33.10,867,111003.00
782,782,,*MANUAL*,51,1288,58,221.00,138.63,31.17,895,124070.00
783,783,,*MANUAL*,53,1306,56,225.00,134.39,39.86,895,120278.00
784,784,,*MANUAL*,50,1291,44,229.00,150.77,33.74,880,132674.00
785,785,,*MANUAL*,51,1306,42,248.00,148.08,43.39,895,132528.00
786,786,,*MANUAL*,55,1287,72,220.00,138.95,28.78,895,124361.00
787,787,,*MANUAL*,94,1327,56,149.00,88.66,19.01,1365,121019.00
788,788,,*MANUAL*,88,1307,66,201.00,107.45,31.85,1365,146666.00
789,789,,*MANUAL*,88,1292,72,195.00,115.96,28.73,895,103784.00
790,790,,*MANUAL*,86,1273,60,179.00,118.44,19.97,893,105766.00
791,791,,*MANUAL*,84,1300,53,180.00,116.93,19.82,713,83370.00
792,792,,*MANUAL*,82,1288,60,179.00,103.35,27.47,1365,141067.00
793,793,,*MANUAL*,92,1300,55,183.00,121.30,21.99,895,108560.00
794,794,,*MANUAL*,87,1272,73,172.00,103.02,22.03,893,92000.00
795,795,,*MANUAL*$499$539,84,1261,79,202.00,63.98,37.33,4169,266734.00
796,796,,*MANUAL*,81,1281,77,225.00,136.84,31.29,803,109880.00
797,797,,*MANUAL*,68,1248,92,182.00,95.76,33.16,895,85704.00
798,798,,*MANUAL*,63,1259,91,225.00,140.21,35.04,801,112306.00
799,799,,*MANUAL*,70,1267,87,231.00,148.79,34.68,895,133171.00
800,800,,*MANUAL*,64,1279,85,236.00,161.91,32.47,886,143449.00
801,801,,*MANUAL*,70,1292,86,213.00,151.26,26.78,894,135224.00
802,802,,*MANUAL*,56,1287,85,236.00,135.83,39.01,895,121567.00
803,803,,*MANUAL*,76,1282,84,250.00,172.66,37.75,895,154528.00
804,804,,*MANUAL*,75,1303,89,185.00,110.60,32.54,879,97215.00
805,805,,*MANUAL*,65,1279,36,248.00,161.69,31.16,827,133717.00
806,806,,*MANUAL*,58,1285,40,248.00,162.61,31.07,895,145532.00
807,807,,*MANUAL*,73,1285,37,224.00,147.20,24.49,891,131156.00
808,808,,*MANUAL*,74,1298,42,221.00,144.20,23.61,895,129059.00
809,809,,*MANUAL*,59,1298,40,243.00,164.81,30.24,895,147502.00
810,810,,*MANUAL*,55,1323,36,182.00,113.07,27.61,895,101198.00
811,811,,*MANUAL*,83,1287,42,216.00,140.75,29.55,895,125973.00
812,812,,*MANUAL*,83,1307,41,198.00,136.25,25.01,895,121942.00
813,813,,*MANUAL*,89,1320,44,179.00,104.64,27.63,895,93654.00
814,814,,*MANUAL*,93,1343,45,168.00,98.92,28.01,895,88533.00
815,815,,*MANUAL*,94,1358,50,182.00,124.68,18.50,895,111591.00
816,816,,*MANUAL*,84,1372,46,182.00,126.31,23.88,823,103956.00
817,817,,*MANUAL*,90,1379,48,191.00,104.60,37.24,1365,142784.00
818,818,,*MANUAL*,84,1398,49,140.00,85.40,23.78,895,76429.00
819,819,,*MANUAL*,89,1416,51,136.00,82.18,20.64,1365,112176.00
820,820,,*MANUAL*,89,1421,67,169.00,114.21,27.51,895,102216.00
821,821,,*MANUAL*,89,1399,71,181.00,110.54,25.96,895,98931.00
822,822,,*MANUAL*,84,1382,76,185.00,112.35,29.09,895,100557.00
823,823,,*MANUAL*,88,1367,71,176.00,116.33,24.93,895,104113.00
824,824,,*MANUAL*,93,1343,68,233.00,142.64,36.47,895,127664.00
825,825,,*MANUAL*,91,1323,69,197.00,125.67,36.88,895,112476.00
826,826,,*MANUAL*,53,1314,75,246.00,148.83,36.82,895,133203.00
827,827,,*MANUAL*,45,1321,71,228.00,129.39,48.84,895,115806.00
828,828,,*MANUAL*,46,1347,69,218.00,130.57,32.13,895,116863.00
829,829,,*MANUAL*,56,1351,74,252.00,152.91,50.12,895,136858.00
830,830,,*MANUAL*,45,1321,48,228.00,123.81,47.02,895,110809.00
831,831,,*MANUAL*,48,1335,47,244.00,148.05,39.95,895,132501.00
832,832,,*MANUAL*,44,1349,50,249.00,149.53,44.87,823,123061.00
833,833,,*MANUAL*,47,1396,48,231.00,105.46,43.81,799,84262.00
834,834,,*MANUAL*,54,1393,47,236.00,132.25,45.45,895,118363.00
835,835,,*MANUAL*,50,1372,49,204.00,131.01,29.14,895,117257.00
836,836,,*MANUAL*,48,1425,65,192.00,97.48,40.42,895,87242.00
837,837,,*MANUAL*,47,1407,67,190.00,119.70,32.70,895,107135.00
838,838,,*MANUAL*,50,1395,72,203.00,116.06,34.13,1365,158418.00
839,839,,*MANUAL*,51,1379,74,202.00,118.64,38.09,895,106181.00
840,840,,*MANUAL*$334$351,72,1551,39,142.00,36.95,23.16,5482,202539.00
841,841,,*MANUAL*,70,1497,31,166.00,89.61,33.47,1365,122314.00
842,842,,*MANUAL*,67,1481,31,175.00,104.46,31.88,895,93490.00
843,843,,*MANUAL*,66,1463,30,213.00,99.30,42.73,1365,135546.00
844,844,,*MANUAL*,64,1442,34,209.00,131.19,34.19,895,117414.00
845,845,,*MANUAL*,64,1415,34,217.00,128.81,36.26,852,109746.00
846,846,,*MANUAL*,76,1430,35,201.00,130.81,24.05,895,117076.00
847,847,,*MANUAL*$300$302,67,1298,24,115.00,43.92,18.74,3168,139123.00
848,848,,*MANUAL*,73,1505,82,192.00,88.65,35.98,1365,121003.00
849,849,,*MANUAL*,73,1473,84,208.00,112.63,42.93,883,99452.00
850,850,,*MANUAL*,73,1448,85,216.00,122.99,43.49,837,102945.00
851,851,,*MANUAL*,74,1420,86,189.00,128.04,29.61,862,110373.00
852,852,,*MANUAL*,66,1491,83,167.00,75.38,32.71,895,67469.00
853,853,,*MANUAL*,65,1467,85,215.00,114.94,45.75,895,102873.00
854,854,,*MANUAL*,65,1443,85,208.00,112.67,40.57,1365,153791.00
855,855,,*MANUAL*,68,1431,90,179.00,67.88,32.33,1365,92650.00
856,856,,*MANUAL*$356$319,70,1388,89,125.00,49.74,22.90,4675,232539.00
857,857,,*MANUAL*,68,1301,97,158.00,65.80,20.64,895,58890.00
858,858,,*MANUAL*,68,1271,98,150.00,61.62,19.82,895,55152.00
859,859,,*MANUAL*$430$460,80,1381,32,134.00,53.99,24.53,4900,264546.00
860,860,,*MANUAL*$555$571,88,1338,36,135.00,57.59,22.30,2354,135576.00
861,861,,*MANUAL*,64,1160,28,201.00,118.09,33.93,895,105691.00
862,862,,*MANUAL*$428$444,82,994,27,117.00,35.58,21.70,5222,185800.00
863,863,,*MANUAL*$406$407,80,916,27,124.00,37.52,23.55,5704,214005.00
864,864,,*MANUAL*$330$358,75,864,26,148.00,41.67,28.52,5948,247843.00
865,865,,*MANUAL*$344$345,75,749,28,172.00,48.03,35.11,4698,225664.00
866,866,,*MANUAL*$346$348,73,352,31,122.00,42.73,27.07,4226,180561.00
867,867,*NOUSE*,*NOUSE*,0,0,0,0,0,0,0,0
868,868,,*MANUAL*,86,1446,73,141.00,78.60,26.39,1365,107289.00
869,869,,*MANUAL*,82,1415,82,144.00,75.88,25.44,1365,103578.00
870,870,,*MANUAL*$441$473,81,1367,88,134.00,50.74,22.84,4569,231836.00
871,871,,*MANUAL*$540$512,86,1318,83,159.00,51.31,23.48,4067,208663.00
872,872,,*MANUAL*,79,1261,92,191.00,88.90,28.88,895,79569.00
873,873,,*MANUAL*$513$488,85,1240,86,129.00,47.62,24.55,5028,239436.00
874,874,,*MANUAL*$425$424,78,1148,93,184.00,69.07,33.98,3097,213917.00
875,875,,*MANUAL*$502$487,83,1101,85,151.00,59.04,29.83,2209,130430.00
876,876,,*MANUAL*$426$523,80,1061,91,154.00,55.50,33.08,4584,254398.00
877,877,,*MANUAL*$521$504,86,1019,93,146.00,43.68,28.01,5149,224899.00
878,878,,*MANUAL*,80,954,93,140.00,70.73,23.81,1339,94701.00
879,879,,*MANUAL*$442$423,81,889,87,185.00,45.48,33.63,5603,254813.00
880,880,,*MANUAL*$374$375,77,826,86,142.00,39.08,25.78,7260,283707.00
881,881,,*MANUAL*$486$489,84,763,83,159.00,47.82,34.68,5406,258511.00
882,882,,*MANUAL*$466$457,82,465,75,112.00,37.05,20.93,6959,257850.00
883,883,,*MANUAL*$529$468,82,362,76,114.00,35.95,21.94,5156,185352.00
884,884,,*MANUAL*,78,202,68,109.00,60.11,20.99,1365,82046.00
885,885,,*MANUAL*,86,947,85,177.00,92.68,27.26,1365,126504.00
886,886,,*MANUAL*$598$596,99,1019,52,72.00,25.22,10.15,5425,136812.00
887,887,,*MANUAL*$595$600,97,1023,73,71.00,26.67,11.48,5190,138392.00
888,888,,*MANUAL*,97,976,54,70.00,30.90,10.76,2103,64975.00
889,889,,*MANUAL*,91,632,74,150.00,93.58,21.45,1365,127738.00
890,890,,*MANUAL*$551$565,92,871,68,89.00,29.99,16.02,6371,191056.00
891,891,,*MANUAL*$574$564,92,732,66,97.00,30.75,16.21,6454,198463.00
892,892,,*MANUAL*$518$545,87,519,61,90.00,33.21,16.99,5421,180055.00
893,893,,*MANUAL*$561$527,88,459,59,86.00,28.74,13.87,6562,188562.00
894,894,,*MANUAL*$535$509,89,364,54,66.00,24.09,10.66,6422,154681.00
895,895,,*MANUAL*$550$569,90,424,65,89.00,31.24,16.04,5523,172514.00
896,896,,*MANUAL*,87,293,59,96.00,46.86,14.53,1356,63547.00
897,897,,*MANUAL*,85,329,68,100.00,49.63,19.12,1365,67745.00
898,898,,*MANUAL*$514$533,87,409,41,79.00,26.45,12.14,5560,147038.00
899,899,,*MANUAL*$576$558,91,634,44,90.00,27.30,13.34,6840,186730.00
900,900,*NOUSE*,*NOUSE*,0,0,0,0,0,0,0,0
901,901,,*MANUAL*$557$559,90,772,48,78.00,27.42,12.40,5735,157265.00
902,902,,*MANUAL*$556$543,90,884,45,62.00,23.71, 9.97,7147,169452.00
903,903,,*MANUAL*,83,257,37,103.00,44.75,16.00,1271,56881.00
904,904,,*MANUAL*$305$324,71,938,36,73.00,25.65,10.43,7306,187381.00
905,905,,*MANUAL*$248$261,66,878,37,67.00,26.92,11.38,7686,206945.00
906,906,,*MANUAL*$365$367$353,75,682,46,83.00,25.90,10.56,8012,207472.00
907,907,,*MANUAL*$204$218,63,544,43,66.00,27.24,10.85,6426,175057.00
908,908,*NOUSE*,*NOUSE*,0,0,0,0,0,0,0,0
909,909,,*MANUAL*$143$177,56,313,46,70.00,26.03,11.07,6425,167244.00
910,910,,*MANUAL*$132$130$103$115,54,1452,44,137.00,47.71,25.82,5085,242623.00
911,911,,*MANUAL*,57,1421,38,211.00,95.59,31.22,1365,130487.00
912,912,,*MANUAL*$83$84,52,1341,36,175.00,74.35,32.69,1744,129670.00
913,913,,*MANUAL*,57,1268,32,187.00,102.25,30.05,1335,136499.00
914,914,,*MANUAL*,49,1264,39,173.00,81.73,35.03,1365,111564.00
915,915,,*MANUAL*,58,1175,29,176.00,81.35,34.09,895,72805.00
916,916,,*MANUAL*$91$74,52,1068,28,148.00,43.99,27.19,6663,293110.00
917,917,,*MANUAL*$190$172,60,1038,33,142.00,43.21,27.44,5891,254529.00
918,918,,*MANUAL*$125$185,57,1015,33,128.00,39.10,24.21,4548,177840.00
919,919,,*MANUAL*$184$153,59,948,28,152.00,44.03,30.45,5591,246156.00
920,920,,*MANUAL*$113$114,56,855,32,177.00,45.82,33.16,5371,246112.00
921,921,,*MANUAL*$200$170,60,802,30,187.00,46.91,36.89,5368,251807.00
922,922,,*MANUAL*$186$187,60,692,33,184.00,47.99,36.13,4846,232542.00
923,923,*NOUSE*,*NOUSE*,0,0,0,0,0,0,0,0
924,924,,*MANUAL*$174$175,60,350,36,132.00,41.84,24.97,4990,208793.00
925,925,,*MANUAL*$484$471,84,671,79,155.00,40.77,25.54,6598,269013.00
926,926,,*MANUAL*$439$483$422,83,644,77,163.00,46.01,30.22,11225,516447.00
927,927,,*MANUAL*$221$224$246,66,618,78,187.00,54.63,35.68,10828,591485.00
928,928,,*MANUAL*,59,287,64,168.00,102.02,24.55,1365,139263.00
929,929,,*MANUAL*,64,272,72,179.00,90.32,31.40,1288,116331.00
930,930,,*MANUAL*,70,280,68,173.00,118.08,24.44,874,103200.00
931,931,,*MANUAL*,58,234,56,158.00,85.12,19.79,1365,116191.00
932,932,,*MANUAL*,59,221,55,185.00,113.25,30.97,895,101362.00
933,933,,*MANUAL*,64,202,49,141.00,85.28,21.08,1219,103953.00
934,934,,*MANUAL*,65,191,61,125.00,72.72,22.26,733,53301.00
935,935,,*MANUAL*,64,163,65,134.00,81.32,14.24,1027,83512.00
936,936,,*MANUAL*,68,166,74,114.00,52.51,20.83,893,46895.00
937,937,,*MANUAL*,75,110,59,111.00,52.89,19.32,1320,69809.00
938,938,,*MANUAL*,67,104,53,104.00,53.16,15.20,1365,72567.00
939,939,,*MANUAL*,79,287,67,161.00,95.64,24.65,1365,130550.00
940,940,,*MANUAL*,79,268,67,156.00,90.81,23.45,1339,121600.00
941,941,,*MANUAL*,68,263,67,142.00,92.44,21.18,1365,126187.00
942,942,,*MANUAL*,72,250,31,114.00,65.80,17.47,895,58890.00
943,943,,*MANUAL*,75,255,42,136.00,87.59,17.75,895,78389.00
944,944,,*MANUAL*,81,216,48,180.00,114.88,27.12,895,102820.00
945,945,,*MANUAL*,77,210,58,139.00,85.58,18.84,895,76596.00
946,946,,*MANUAL*,73,203,45,138.00,95.44,16.83,1316,125603.00
947,947,,*MANUAL*,73,192,58,153.00,94.13,17.96,1365,128483.00
948,948,,*MANUAL*,73,163,64,138.00,92.04,18.44,1365,125635.00
949,949,,*MANUAL*,60,251,45,127.00,75.94,15.31,1365,103652.00
950,950,,*MANUAL*,51,1442,73,194.00,75.69,38.94,2103,159179.00
951,951,,*MANUAL*$140$120,53,1411,82,127.00,57.24,26.25,2838,162442.00
952,952,,*MANUAL*,52,1336,83,212.00,70.20,38.14,895,62826.00
953,953,,*MANUAL*,57,1266,91,180.00,98.32,29.46,895,87995.00
954,954,*NOUSE*,*NOUSE*,0,0,0,0,0,0,0,0
955,955,,*MANUAL*$181$182,59,1011,91,170.00,48.84,33.32,4196,204936.00
956,956,,*MANUAL*$215$217,63,918,91,177.00,47.53,35.55,5158,245162.00
957,957,,*MANUAL*,62,808,89,209.00,86.08,37.76,1365,117497.00
958,958,,*MANUAL*,57,581,80,177.00,89.01,29.61,1365,121497.00
959,959,,*MANUAL*$210$212,63,467,78,144.00,44.25,27.94,5982,264722.00
960,960,,*MANUAL*,61,379,79,135.00,63.82,27.96,1365,87110.00
961,961,,*MANUAL*,96,1267,61,128.00,58.70,20.64,895,52537.00
962,962,,*MANUAL*,47,1273,52,216.00,107.27,41.15,1254,134517.00
963,963,,*MANUAL*,42,1276,62,198.00,72.62,34.35,2103,152721.00
964,964,,*MANUAL*,70,213,46,173.00,99.54,18.73,895,89086.00
965,965,,*MANUAL*,70,225,54,176.00,106.14,22.17,895,94994.00
966,966,,*MANUAL*,71,218,70,118.00,58.16,18.25,1365,79385.00
967,967,,*MANUAL*,85,530,39,73.00,26.23,13.21,2103,55153.00
968,968,,*MANUAL*,74,526,29,134.00,76.10,20.28,1365,103881.00
969,969,,*MANUAL*,56,454,34,162.00,62.50,34.02,1365,85306.00
970,970,,*MANUAL*,48,1357,47,241.00,137.73,53.06,895,123271.00
971,971,,*MANUAL*,58,1123,92,193.00,96.79,37.27,1365,132119.00
972,972,f1,*MANUAL*,67,1109,41,66.00,17.99, 8.71,895,16098.00
973,973,f2,*MANUAL*,73,982,57,32.00,11.50, 4.78,895,10291.00
974,974,f3,*MANUAL*,73,951,51, 9.00, 1.07, 1.36,895,959.00
975,975,f4,*MANUAL*,73,928,46,40.00, 5.44, 6.88,895,4873.00
976,976,f5,*MANUAL*,74,885,53,19.00, 6.36, 3.75,895,5692.00
977,977,f6,*MANUAL*,73,791,57,29.00, 5.80, 4.68,895,5190.00
978,978,f7,*MANUAL*,72,695,58,21.00, 8.07, 4.25,895,7223.00
979,979,f8,*MANUAL*,72,602,64,16.00, 3.85, 3.01,895,3446.00
980,980,f9,*MANUAL*,71,561,61,13.00, 1.42, 1.37,895,1271.00
981,981,f10,*MANUAL*,69,480,66,53.00,11.10,10.76,895,9936.00
