0,0,*NOUSE*,*NOUSE*,0,0,0,0,0,0,0,0
1,1,,,38,1337,76,146.00,60.58,31.82,4630,280491
2,2,,,38,1265,79,182.00,66.57,40.69,4033,268484
3,3,,,38,1238,83,156.00,56.82,35.46,4210,239213
4,4,*NOUSE*,*NOUSE*,0,0,0,0,0,0,0,0
5,5,*NOUSE*,*NOUSE*,0,0,0,0,0,0,0,0
6,6,*NOUSE*,*NOUSE*,0,0,0,0,0,0,0,0
7,7,,,40,1493,58,179.00,60.32,36.44,4972,299901
8,8,,,37,1197,69,74.00,32.80,12.21,5891,193234
9,9,*NOUSE*,*NOUSE*,0,0,0,0,0,0,0,0
10,10,,,37,1389,77,84.00,39.24,15.26,2436,95586
11,11,*NOUSE*,*NOUSE*,0,0,0,0,0,0,0,0
12,12,,,40,1486,75,188.00,63.71,40.61,4291,273397
13,13,,,40,1251,75,190.00,72.71,42.21,3719,270406
14,14,,,40,1300,78,138.00,60.02,27.06,4232,254022
15,15,*NOUSE*,*NOUSE*,0,0,0,0,0,0,0,0
16,16,,,38,1006,89,88.00,33.93,16.69,4954,168079
17,17,*NOUSE*,*NOUSE*,0,0,0,0,0,0,0,0
18,18,,,41,1260,61,179.00,71.20,40.38,3764,267978
19,19,,,40,1385,60,151.00,58.67,31.46,4439,260451
20,20,*NOUSE*,*NOUSE*,0,0,0,0,0,0,0,0
21,21,*NOUSE*,*NOUSE*,0,0,0,0,0,0,0,0
22,22,*NOUSE*,*NOUSE*,0,0,0,0,0,0,0,0
23,23,,,40,781,67,88.00,33.05,16.77,4158,137422
24,24,,,41,1096,72,178.00,51.39,37.15,3994,205267
25,25,*NOUSE*,*NOUSE*,0,0,0,0,0,0,0,0
26,26,*NOUSE*,*NOUSE*,0,0,0,0,0,0,0,0
27,27,,,41,1170,79,165.00,51.54,35.18,4427,228187
28,28,,,39,544,78,50.00,22.74, 7.74,4886,111091
29,29,*NOUSE*,*NOUSE*,0,0,0,0,0,0,0,0
30,30,*NOUSE*,*NOUSE*,0,0,0,0,0,0,0,0
31,31,*NOUSE*,*NOUSE*,0,0,0,0,0,0,0,0
32,32,*NOUSE*,*NOUSE*,0,0,0,0,0,0,0,0
33,33,*NOUSE*,*NOUSE*,0,0,0,0,0,0,0,0
34,34,,,41,1367,61,160.00,69.98,36.57,3742,261851
35,35,,,41,1320,64,142.00,62.28,28.56,3807,237082
36,36,,,41,1572,67,136.00,49.75,28.44,4917,244621
37,37,,,40,580,71,67.00,27.14,10.20,4362,118387
38,38,*NOUSE*,*NOUSE*,0,0,0,0,0,0,0,0
39,39,*NOUSE*,*NOUSE*,0,0,0,0,0,0,0,0
40,40,*NOUSE*,*NOUSE*,0,0,0,0,0,0,0,0
41,41,*NOUSE*,*NOUSE*,0,0,0,0,0,0,0,0
42,42,,,41,1504,81,190.00,65.55,42.46,4060,266133
43,43,*NOUSE*,*NOUSE*,0,0,0,0,0,0,0,0
44,44,,,42,1457,81,198.00,77.02,46.69,3542,272803
45,45,*NOUSE*,*NOUSE*,0,0,0,0,0,0,0,0
46,46,*NOUSE*,*NOUSE*,0,0,0,0,0,0,0,0
47,47,*NOUSE*,*NOUSE*,0,0,0,0,0,0,0,0
48,48,*NOUSE*,*NOUSE*,0,0,0,0,0,0,0,0
49,49,*NOUSE*,*NOUSE*,0,0,0,0,0,0,0,0
50,50,*NOUSE*,*NOUSE*,0,0,0,0,0,0,0,0
51,51,,,38,503,64,53.00,21.53, 7.04,3276,70531
52,52,*NOUSE*,*NOUSE*,0,0,0,0,0,0,0,0
53,53,*NOUSE*,*NOUSE*,0,0,0,0,0,0,0,0
54,54,,,43,1583,77,161.00,57.03,34.20,4591,261831
55,55,*NOUSE*,*NOUSE*,0,0,0,0,0,0,0,0
56,56,*NOUSE*,*NOUSE*,0,0,0,0,0,0,0,0
57,57,,,41,835,82,58.00,23.68, 8.92,5038,119310
58,58,*NOUSE*,*NOUSE*,0,0,0,0,0,0,0,0
59,59,,,41,509,89,58.00,26.93,10.24,4575,123185
60,60,*NOUSE*,*NOUSE*,0,0,0,0,0,0,0,0
61,61,*NOUSE*,*NOUSE*,0,0,0,0,0,0,0,0
62,62,*NOUSE*,*NOUSE*,0,0,0,0,0,0,0,0
63,63,*NOUSE*,*NOUSE*,0,0,0,0,0,0,0,0
64,64,*NOUSE*,*NOUSE*,0,0,0,0,0,0,0,0
65,65,,,41,903,90,80.00,31.63,14.52,4699,148615
66,66,,,44,1287,45,224.00,83.21,45.80,3357,279325
67,67,,,46,1512,54,197.00,68.10,38.54,5558,378488
68,68,*NOUSE*,*NOUSE*,0,0,0,0,0,0,0,0
69,69,*NOUSE*,*NOUSE*,0,0,0,0,0,0,0,0
70,70,,,45,1553,59,143.00,56.15,30.32,3899,218916
71,71,,,44,1413,64,170.00,65.92,36.32,3788,249708
72,72,*NOUSE*,*NOUSE*,0,0,0,0,0,0,0,0
73,73,,,45,289,67,112.00,44.87,25.41,4621,207336
74,74,,,45,305,70,105.00,40.87,23.26,4280,174912
75,75,,,44,739,79,108.00,36.14,19.81,3945,142575
76,76,,,44,1439,82,215.00,73.41,42.06,3550,260594
77,77,*NOUSE*,*NOUSE*,0,0,0,0,0,0,0,0
78,78,*NOUSE*,*NOUSE*,0,0,0,0,0,0,0,0
79,79,,,43,637,84,63.00,26.26, 9.71,4449,116850
80,80,*NOUSE*,*NOUSE*,0,0,0,0,0,0,0,0
81,81,*NOUSE*,*NOUSE*,0,0,0,0,0,0,0,0
82,82,*NOUSE*,*NOUSE*,0,0,0,0,0,0,0,0
83,83,*NOUSE*,*NOUSE*,0,0,0,0,0,0,0,0
84,84,*NOUSE*,*NOUSE*,0,0,0,0,0,0,0,0
85,85,*NOUSE*,*NOUSE*,0,0,0,0,0,0,0,0
86,86,*NOUSE*,*NOUSE*,0,0,0,0,0,0,0,0
87,87,*NOUSE*,*NOUSE*,0,0,0,0,0,0,0,0
88,88,,,40,633,60,46.00,20.24, 5.91,3585,72557
89,89,*NOUSE*,*NOUSE*,0,0,0,0,0,0,0,0
90,90,,,45,331,69,87.00,38.06,18.84,4199,159833
91,91,*NOUSE*,*NOUSE*,0,0,0,0,0,0,0,0
92,92,*NOUSE*,*NOUSE*,0,0,0,0,0,0,0,0
93,93,*NOUSE*,*NOUSE*,0,0,0,0,0,0,0,0
94,94,*NOUSE*,*NOUSE*,0,0,0,0,0,0,0,0
95,95,*NOUSE*,*NOUSE*,0,0,0,0,0,0,0,0
96,96,,,45,1407,85,168.00,61.07,34.81,4596,280678
97,97,,,45,1518,89,194.00,66.39,39.82,3849,255547
98,98,,,43,1410,96,127.00,53.93,26.15,2304,124253
99,99,*NOUSE*,*NOUSE*,0,0,0,0,0,0,0,0
100,100,,,46,865,51,104.00,37.01,20.48,3595,133063
101,101,*NOUSE*,*NOUSE*,0,0,0,0,0,0,0,0
102,102,*NOUSE*,*NOUSE*,0,0,0,0,0,0,0,0
103,103,,,46,1535,87,159.00,63.72,34.36,3744,238563
104,104,,,45,379,89,70.00,30.29,12.50,5866,177664
105,105,*NOUSE*,*NOUSE*,0,0,0,0,0,0,0,0
106,106,*NOUSE*,*NOUSE*,0,0,0,0,0,0,0,0
107,107,,,47,976,100,114.00,38.57,22.62,5882,226873
108,108,,,50,1404,39,148.00,56.94,30.56,6320,359850
109,109,,,46,569,48,92.00,30.31,13.54,3558,107838
110,110,*NOUSE*,*NOUSE*,0,0,0,0,0,0,0,0
111,111,,,48,1534,57,170.00,61.54,37.94,4504,277163
112,112,*NOUSE*,*NOUSE*,0,0,0,0,0,0,0,0
113,113,,,49,293,80,119.00,45.23,25.50,3822,172854
114,114,*NOUSE*,*NOUSE*,0,0,0,0,0,0,0,0
115,115,*NOUSE*,*NOUSE*,0,0,0,0,0,0,0,0
116,116,*NOUSE*,*NOUSE*,0,0,0,0,0,0,0,0
117,117,,,47,1241,101,140.00,55.53,29.30,3435,190735
118,118,,,49,1115,105,142.00,46.49,28.94,6483,301386
119,119,,,49,997,39,103.00,38.23,22.10,4859,185746
120,120,*NOUSE*,*NOUSE*,0,0,0,0,0,0,0,0
121,121,,,47,1358,44,179.00,83.02,40.97,3493,289987
122,122,*NOUSE*,*NOUSE*,0,0,0,0,0,0,0,0
123,123,*NOUSE*,*NOUSE*,0,0,0,0,0,0,0,0
124,124,,,48,491,48,75.00,31.82,13.87,3866,123030
125,125,*NOUSE*,*NOUSE*,0,0,0,0,0,0,0,0
126,126,*NOUSE*,*NOUSE*,0,0,0,0,0,0,0,0
127,127,*NOUSE*,*NOUSE*,0,0,0,0,0,0,0,0
128,128,*NOUSE*,*NOUSE*,0,0,0,0,0,0,0,0
129,129,*NOUSE*,*NOUSE*,0,0,0,0,0,0,0,0
130,130,*NOUSE*,*NOUSE*,0,0,0,0,0,0,0,0
131,131,,,46,1362,97,205.00,84.00,44.00,3120,262087
132,132,*NOUSE*,*NOUSE*,0,0,0,0,0,0,0,0
133,133,*NOUSE*,*NOUSE*,0,0,0,0,0,0,0,0
134,134,*NOUSE*,*NOUSE*,0,0,0,0,0,0,0,0
135,135,*NOUSE*,*NOUSE*,0,0,0,0,0,0,0,0
136,136,*NOUSE*,*NOUSE*,0,0,0,0,0,0,0,0
137,137,*NOUSE*,*NOUSE*,0,0,0,0,0,0,0,0
138,138,,,48,1345,101,205.00,81.16,41.41,3210,260513
139,139,*NOUSE*,*NOUSE*,0,0,0,0,0,0,0,0
140,140,,,50,1178,105,150.00,52.78,30.80,5492,289883
141,141,*NOUSE*,*NOUSE*,0,0,0,0,0,0,0,0
142,142,*NOUSE*,*NOUSE*,0,0,0,0,0,0,0,0
143,143,,,50,845,41,87.00,34.73,17.20,4028,139895
144,144,,,50,1247,53,167.00,64.08,36.20,3680,235825
145,145,,,50,1178,60,189.00,54.74,37.73,4348,237998
146,146,,,49,1307,68,166.00,74.88,37.44,3322,248760
147,147,*NOUSE*,*NOUSE*,0,0,0,0,0,0,0,0
148,148,,,49,1290,68,176.00,79.50,36.53,3215,255593
149,149,,,54,326,74,110.00,46.43,23.19,4224,196133
150,150,*NOUSE*,*NOUSE*,0,0,0,0,0,0,0,0
151,151,*NOUSE*,*NOUSE*,0,0,0,0,0,0,0,0
152,152,,,49,1346,86,209.00,99.95,43.64,2831,282970
153,153,*NOUSE*,*NOUSE*,0,0,0,0,0,0,0,0
154,154,*NOUSE*,*NOUSE*,0,0,0,0,0,0,0,0
155,155,,,48,1569,96,116.00,53.94,21.96,2043,110207
156,156,*NOUSE*,*NOUSE*,0,0,0,0,0,0,0,0
157,157,,,52,793,92,141.00,47.17,30.35,3957,186664
158,158,*NOUSE*,*NOUSE*,0,0,0,0,0,0,0,0
159,159,*NOUSE*,*NOUSE*,0,0,0,0,0,0,0,0
160,160,,,51,1140,38,127.00,41.71,23.98,4329,180580
161,161,,,51,703,40,69.00,30.19,11.99,3074,92797
162,162,,,51,1105,47,72.00,28.96,10.91,7129,206476
163,163,*NOUSE*,*NOUSE*,0,0,0,0,0,0,0,0
164,164,*NOUSE*,*NOUSE*,0,0,0,0,0,0,0,0
165,165,*NOUSE*,*NOUSE*,0,0,0,0,0,0,0,0
166,166,*NOUSE*,*NOUSE*,0,0,0,0,0,0,0,0
167,167,*NOUSE*,*NOUSE*,0,0,0,0,0,0,0,0
168,168,*NOUSE*,*NOUSE*,0,0,0,0,0,0,0,0
169,169,*NOUSE*,*NOUSE*,0,0,0,0,0,0,0,0
170,170,*NOUSE*,*NOUSE*,0,0,0,0,0,0,0,0
171,171,,,51,846,98,106.00,35.44,19.14,5400,191377
172,172,*NOUSE*,*NOUSE*,0,0,0,0,0,0,0,0
173,173,,,52,794,38,86.00,33.95,16.04,4214,143075
174,174,,,50,1371,54,220.00,93.59,43.86,3061,286482
175,175,*NOUSE*,*NOUSE*,0,0,0,0,0,0,0,0
176,176,,,53,234,79,128.00,44.16,29.40,4651,205375
177,177,,,52,1686,80,130.00,39.77,25.75,5082,202115
178,178,*NOUSE*,*NOUSE*,0,0,0,0,0,0,0,0
179,179,,,50,1423,87,191.00,76.38,39.34,3371,257466
180,180,*NOUSE*,*NOUSE*,0,0,0,0,0,0,0,0
181,181,,,51,1312,96,183.00,78.01,41.29,3338,260408
182,182,*NOUSE*,*NOUSE*,0,0,0,0,0,0,0,0
183,183,,,53,905,102,109.00,39.08,21.89,5152,201322
184,184,*NOUSE*,*NOUSE*,0,0,0,0,0,0,0,0
185,185,,,54,1049,35,138.00,41.98,25.94,5531,232168
186,186,*NOUSE*,*NOUSE*,0,0,0,0,0,0,0,0
187,187,*NOUSE*,*NOUSE*,0,0,0,0,0,0,0,0
188,188,,,52,1375,38,204.00,86.17,50.10,3348,288486
189,189,*NOUSE*,*NOUSE*,0,0,0,0,0,0,0,0
190,190,,,54,1235,46,217.00,70.79,46.80,3764,266472
191,191,,,53,1207,47,193.00,65.62,42.04,4025,264110
192,192,,,52,1349,54,167.00,77.55,37.81,3162,245215
193,193,*NOUSE*,*NOUSE*,0,0,0,0,0,0,0,0
194,194,*NOUSE*,*NOUSE*,0,0,0,0,0,0,0,0
195,195,*NOUSE*,*NOUSE*,0,0,0,0,0,0,0,0
196,196,*NOUSE*,*NOUSE*,0,0,0,0,0,0,0,0
197,197,,,51,1334,70,178.00,75.00,38.20,3413,255970
198,198,,,54,215,72,74.00,33.77,15.51,5469,184662
199,199,,,60,201,65,112.00,39.73,22.49,5072,201508
200,200,*NOUSE*,*NOUSE*,0,0,0,0,0,0,0,0
201,201,*NOUSE*,*NOUSE*,0,0,0,0,0,0,0,0
202,202,*NOUSE*,*NOUSE*,0,0,0,0,0,0,0,0
203,203,,,52,1237,79,135.00,58.02,27.29,3820,221646
204,204,,,54,699,83,84.00,29.53,13.71,5521,163057
205,205,*NOUSE*,*NOUSE*,0,0,0,0,0,0,0,0
206,206,*NOUSE*,*NOUSE*,0,0,0,0,0,0,0,0
207,207,,,52,666,89,78.00,32.54,14.14,2137,69539
208,208,,,54,767,91,95.00,37.41,18.16,4973,186054
209,209,*NOUSE*,*NOUSE*,0,0,0,0,0,0,0,0
210,210,,,52,1044,103,147.00,44.03,31.08,5458,240343
211,211,*NOUSE*,*NOUSE*,0,0,0,0,0,0,0,0
212,212,*NOUSE*,*NOUSE*,0,0,0,0,0,0,0,0
213,213,*NOUSE*,*NOUSE*,0,0,0,0,0,0,0,0
214,214,*NOUSE*,*NOUSE*,0,0,0,0,0,0,0,0
215,215,*NOUSE*,*NOUSE*,0,0,0,0,0,0,0,0
216,216,,,54,322,49,109.00,41.43,22.30,3452,143020
217,217,*NOUSE*,*NOUSE*,0,0,0,0,0,0,0,0
218,218,*NOUSE*,*NOUSE*,0,0,0,0,0,0,0,0
219,219,*NOUSE*,*NOUSE*,0,0,0,0,0,0,0,0
220,220,,,53,1424,35,135.00,57.88,27.30,2012,116450
221,221,*NOUSE*,*NOUSE*,0,0,0,0,0,0,0,0
222,222,,,53,1533,44,131.00,53.50,26.37,5161,276092
223,223,*NOUSE*,*NOUSE*,50,1280,48,162.00,99.91,24.26,129,12889
224,224,*NOUSE*,*NOUSE*,0,0,0,0,0,0,0,0
225,225,,,52,1254,73,219.00,91.62,49.75,2685,246011
226,226,*NOUSE*,*NOUSE*,0,0,0,0,0,0,0,0
227,227,*NOUSE*,*NOUSE*,0,0,0,0,0,0,0,0
228,228,*NOUSE*,*NOUSE*,0,0,0,0,0,0,0,0
229,229,*NOUSE*,*NOUSE*,0,0,0,0,0,0,0,0
230,230,,,58,725,84,90.00,33.03,15.73,9327,308066
231,231,,,55,1436,100,225.00,96.34,53.21,2849,274474
232,232,*NOUSE*,*NOUSE*,0,0,0,0,0,0,0,0
233,233,,,52,758,62,34.00,19.23, 3.63,3111,59814
234,234,*NOUSE*,*NOUSE*,0,0,0,0,0,0,0,0
235,235,*NOUSE*,*NOUSE*,0,0,0,0,0,0,0,0
236,236,*NOUSE*,*NOUSE*,0,0,0,0,0,0,0,0
237,237,,,56,1194,91,198.00,66.29,42.79,4297,284866
238,238,,,57,1169,86,174.00,60.10,37.06,4299,258379
239,239,*NOUSE*,*NOUSE*,0,0,0,0,0,0,0,0
240,240,,,57,1487,93,168.00,61.34,34.53,4267,261731
241,241,,,57,1463,41,181.00,70.85,40.87,4171,295515
242,242,*NOUSE*,*NOUSE*,0,0,0,0,0,0,0,0
243,243,,,56,902,51,38.00,19.44, 4.78,5613,109117
244,244,,,55,1535,79,177.00,63.97,39.34,3985,254927
245,245,,,55,1451,80,212.00,80.64,45.64,3531,284727
246,246,,,56,1374,86,247.00,99.34,52.99,2832,281331
247,247,*NOUSE*,*NOUSE*,0,0,0,0,0,0,0,0
248,248,,,63,1036,104,168.00,55.23,39.69,5335,294631
249,249,,,57,1227,109,200.00,75.53,44.80,3701,279524
250,250,*NOUSE*,*NOUSE*,0,0,0,0,0,0,0,0
251,251,,,58,1378,50,248.00,100.71,58.33,2985,300617
252,252,*NOUSE*,*NOUSE*,0,0,0,0,0,0,0,0
253,253,*NOUSE*,*NOUSE*,0,0,0,0,0,0,0,0
254,254,,,59,101,73,136.00,43.96,28.60,4780,210151
255,255,*NOUSE*,*NOUSE*,0,0,0,0,0,0,0,0
256,256,*NOUSE*,*NOUSE*,0,0,0,0,0,0,0,0
257,257,,,58,1654,95,165.00,49.47,34.98,4282,211813
258,258,*NOUSE*,*NOUSE*,0,0,0,0,0,0,0,0
259,259,*NOUSE*,*NOUSE*,0,0,0,0,0,0,0,0
260,260,*NOUSE*,*NOUSE*,0,0,0,0,0,0,0,0
261,261,,,59,1307,41,150.00,62.18,30.41,4426,275215
262,262,*NOUSE*,*NOUSE*,0,0,0,0,0,0,0,0
263,263,,,61,1184,84,172.00,65.12,36.64,3439,223936
264,264,*NOUSE*,*NOUSE*,0,0,0,0,0,0,0,0
265,265,*NOUSE*,*NOUSE*,0,0,0,0,0,0,0,0
266,266,*NOUSE*,*NOUSE*,0,0,0,0,0,0,0,0
267,267,,,59,512,96,86.00,33.92,18.31,4244,143939
268,268,,,60,480,94,88.00,31.68,17.71,5282,167314
269,269,,,61,1089,104,182.00,53.00,41.50,4529,240028
270,270,,,66,979,37,120.00,37.88,24.40,6510,246567
271,271,*NOUSE*,*NOUSE*,0,0,0,0,0,0,0,0
272,272,*NOUSE*,*NOUSE*,0,0,0,0,0,0,0,0
273,273,,,63,1166,53,173.00,63.62,37.99,4090,260188
274,274,,,57,539,55,32.00,17.34, 3.77,2651,45957
275,275,,,60,445,56,38.00,19.35, 5.13,3096,59897
276,276,*NOUSE*,*NOUSE*,0,0,0,0,0,0,0,0
277,277,*NOUSE*,*NOUSE*,0,0,0,0,0,0,0,0
278,278,*NOUSE*,*NOUSE*,0,0,0,0,0,0,0,0
279,279,,,60,176,79,132.00,40.80,24.85,4614,188238
280,280,*NOUSE*,*NOUSE*,0,0,0,0,0,0,0,0
281,281,*NOUSE*,*NOUSE*,0,0,0,0,0,0,0,0
282,282,*NOUSE*,*NOUSE*,0,0,0,0,0,0,0,0
283,283,*NOUSE*,*NOUSE*,0,0,0,0,0,0,0,0
284,284,,,59,1577,100,201.00,64.35,40.99,4642,298731
285,285,,,58,1458,103,193.00,76.63,43.69,3379,258939
286,286,,,61,1391,105,185.00,63.57,42.20,4217,268055
287,287,,,57,1285,43,175.00,72.21,34.29,3841,277350
288,288,,,59,976,49,44.00,21.47, 5.54,3440,73861
289,289,,,61,506,45,79.00,31.89,15.26,3999,127539
290,290,*NOUSE*,*NOUSE*,0,0,0,0,0,0,0,0
291,291,*NOUSE*,*NOUSE*,0,0,0,0,0,0,0,0
292,292,,,60,1287,58,147.00,65.83,27.42,4088,269119
293,293,*NOUSE*,*NOUSE*,0,0,0,0,0,0,0,0
294,294,,,59,584,80,31.00,16.95, 3.97,3590,60854
295,295,,,60,1725,89,118.00,41.22,24.91,4287,176730
296,296,,,61,584,96,101.00,32.10,19.68,5270,169167
297,297,,,62,966,106,143.00,40.54,29.41,6125,248287
298,298,,,59,1358,42,182.00,85.95,43.16,3155,271188
299,299,*NOUSE*,*NOUSE*,0,0,0,0,0,0,0,0
300,300,*NOUSE*,*NOUSE*,0,0,0,0,0,0,0,0
301,301,*NOUSE*,*NOUSE*,0,0,0,0,0,0,0,0
302,302,*NOUSE*,*NOUSE*,0,0,0,0,0,0,0,0
303,303,*NOUSE*,*NOUSE*,0,0,0,0,0,0,0,0
304,304,*NOUSE*,*NOUSE*,0,0,0,0,0,0,0,0
305,305,*NOUSE*,*NOUSE*,0,0,0,0,0,0,0,0
306,306,*NOUSE*,*NOUSE*,0,0,0,0,0,0,0,0
307,307,*NOUSE*,*NOUSE*,0,0,0,0,0,0,0,0
308,308,,,65,1175,93,217.00,75.42,46.89,3847,290133
309,309,*NOUSE*,*NOUSE*,0,0,0,0,0,0,0,0
310,310,*NOUSE*,*NOUSE*,0,0,0,0,0,0,0,0
311,311,,,61,1298,106,174.00,66.52,33.20,4443,295533
312,312,*NOUSE*,*NOUSE*,0,0,0,0,0,0,0,0
313,313,,,62,999,107,149.00,49.67,35.30,4715,234179
314,314,,,63,1159,110,196.00,58.57,42.93,4978,291554
315,315,*NOUSE*,*NOUSE*,0,0,0,0,0,0,0,0
316,316,,,62,1726,53,106.00,37.31,20.11,4657,173737
317,317,*NOUSE*,*NOUSE*,0,0,0,0,0,0,0,0
318,318,*NOUSE*,*NOUSE*,0,0,0,0,0,0,0,0
319,319,*NOUSE*,*NOUSE*,0,0,0,0,0,0,0,0
320,320,,,63,798,95,130.00,48.03,27.32,3674,176476
321,321,*NOUSE*,*NOUSE*,0,0,0,0,0,0,0,0
322,322,*NOUSE*,*NOUSE*,0,0,0,0,0,0,0,0
323,323,,,64,858,102,140.00,40.16,27.64,5952,239006
324,324,,,61,1109,109,180.00,56.39,39.71,4706,265373
325,325,,,62,1345,110,165.00,65.34,36.38,4098,267772
326,326,,,61,1179,111,195.00,69.55,42.72,4158,289200
327,327,,,64,1392,35,172.00,60.84,39.30,4690,285324
328,328,,,65,1490,36,167.00,63.39,34.64,4411,279622
329,329,,,64,1564,42,157.00,59.71,35.83,2725,162723
330,330,*NOUSE*,*NOUSE*,0,0,0,0,0,0,0,0
331,331,,,63,1680,55,128.00,38.96,23.14,4924,191819
332,332,*NOUSE*,*NOUSE*,0,0,0,0,0,0,0,0
333,333,,,64,964,88,44.00,21.46, 5.99,5446,116893
334,334,*NOUSE*,*NOUSE*,0,0,0,0,0,0,0,0
335,335,,,64,886,105,132.00,45.40,30.07,4236,192302
336,336,*NOUSE*,*NOUSE*,0,0,0,0,0,0,0,0
337,337,,,64,1234,111,184.00,76.60,42.20,2514,192568
338,338,,,65,1515,40,172.00,62.94,38.09,4983,313653
339,339,,,66,1213,43,158.00,51.82,31.69,4941,256035
340,340,*NOUSE*,*NOUSE*,0,0,0,0,0,0,0,0
341,341,,,66,1458,60,182.00,69.20,38.67,4543,314365
342,342,*NOUSE*,*NOUSE*,0,0,0,0,0,0,0,0
343,343,,,66,247,77,120.00,49.34,28.79,3852,190047
344,344,*NOUSE*,*NOUSE*,0,0,0,0,0,0,0,0
345,345,,,66,1209,97,155.00,57.29,31.19,4164,238550
346,346,,,65,757,95,109.00,42.00,22.70,3849,161646
347,347,*NOUSE*,*NOUSE*,0,0,0,0,0,0,0,0
348,348,*NOUSE*,*NOUSE*,0,0,0,0,0,0,0,0
349,349,,,68,1247,106,231.00,101.76,54.50,3193,324919
350,350,*NOUSE*,*NOUSE*,0,0,0,0,0,0,0,0
351,351,*NOUSE*,*NOUSE*,0,0,0,0,0,0,0,0
352,352,,,65,606,41,83.00,30.81,13.68,3512,108218
353,353,,,66,1044,45,51.00,25.25, 8.03,5701,143942
354,354,,,66,1476,53,214.00,78.15,48.17,3980,311043
355,355,*NOUSE*,*NOUSE*,0,0,0,0,0,0,0,0
356,356,,,66,222,67,83.00,32.32,14.79,3901,126068
357,357,*NOUSE*,*NOUSE*,0,0,0,0,0,0,0,0
358,358,,,63,1323,102,201.00,87.09,42.46,3255,283482
359,359,,,65,1445,99,229.00,99.47,51.20,2942,292633
360,360,*NOUSE*,*NOUSE*,0,0,0,0,0,0,0,0
361,361,*NOUSE*,*NOUSE*,0,0,0,0,0,0,0,0
362,362,*NOUSE*,*NOUSE*,0,0,0,0,0,0,0,0
363,363,,,66,848,36,98.00,38.62,21.03,3589,138624
364,364,,,66,1251,45,240.00,80.97,47.27,3148,254883
365,365,,,68,1175,52,147.00,56.00,30.52,4282,239803
366,366,*NOUSE*,*NOUSE*,0,0,0,0,0,0,0,0
367,367,,,70,752,75,84.00,33.84,14.51,9431,319127
368,368,,,68,787,84,135.00,46.13,27.62,4077,188059
369,369,,,64,866,87,34.00,19.52, 4.51,3527,68854
370,370,*NOUSE*,*NOUSE*,0,0,0,0,0,0,0,0
371,371,,,64,1521,104,153.00,60.54,29.72,4194,253905
372,372,*NOUSE*,*NOUSE*,0,0,0,0,0,0,0,0
373,373,*NOUSE*,*NOUSE*,0,0,0,0,0,0,0,0
374,374,*NOUSE*,*NOUSE*,0,0,0,0,0,0,0,0
375,375,*NOUSE*,*NOUSE*,0,0,0,0,0,0,0,0
376,376,,,70,1090,36,155.00,48.75,33.44,4205,205006
377,377,,,67,678,36,69.00,30.65,12.40,3198,98019
378,378,,,71,902,39,101.00,33.53,18.37,5766,193324
379,379,,,66,261,58,147.00,58.07,33.72,3201,185875
380,380,,,69,296,75,121.00,51.76,27.99,4114,212949
381,381,*NOUSE*,*NOUSE*,0,0,0,0,0,0,0,0
382,382,,,67,1340,96,208.00,109.26,42.81,2758,301349
383,383,,,67,1544,103,213.00,73.34,48.70,3046,223400
384,384,*NOUSE*,*NOUSE*,0,0,0,0,0,0,0,0
385,385,*NOUSE*,*NOUSE*,0,0,0,0,0,0,0,0
386,386,*NOUSE*,*NOUSE*,0,0,0,0,0,0,0,0
387,387,,,65,815,47,46.00,20.11, 5.27,3058,61493
388,388,,,70,1544,45,219.00,68.24,48.29,4095,279453
389,389,,,71,332,63,108.00,41.30,23.26,4377,180791
390,390,*NOUSE*,*NOUSE*,0,0,0,0,0,0,0,0
391,391,,,71,540,87,70.00,29.10,12.57,5321,154853
392,392,*NOUSE*,*NOUSE*,0,0,0,0,0,0,0,0
393,393,*NOUSE*,*NOUSE*,0,0,0,0,0,0,0,0
394,394,,,70,273,62,173.00,59.97,39.20,3709,222419
395,395,*NOUSE*,*NOUSE*,0,0,0,0,0,0,0,0
396,396,*NOUSE*,*NOUSE*,0,0,0,0,0,0,0,0
397,397,,,72,1185,35,166.00,55.04,36.33,4352,239545
398,398,*NOUSE*,*NOUSE*,0,0,0,0,0,0,0,0
399,399,,,70,1279,36,167.00,69.00,33.25,2463,169938
400,400,,,70,757,34,78.00,31.93,14.24,3841,122658
401,401,,,66,1235,47,186.00,70.41,37.65,3563,250868
402,402,,,72,1106,51,80.00,32.03,13.14,7053,225893
403,403,,,70,327,76,123.00,49.39,26.97,3296,162786
404,404,*NOUSE*,*NOUSE*,0,0,0,0,0,0,0,0
405,405,*NOUSE*,*NOUSE*,0,0,0,0,0,0,0,0
406,406,,,74,1191,55,134.00,51.15,27.17,5667,289841
407,407,*NOUSE*,*NOUSE*,0,0,0,0,0,0,0,0
408,408,*NOUSE*,*NOUSE*,0,0,0,0,0,0,0,0
409,409,,,73,1093,91,78.00,33.48,13.40,7136,238946
410,410,*NOUSE*,*NOUSE*,0,0,0,0,0,0,0,0
411,411,,,69,1457,107,210.00,77.66,45.80,3052,237023
412,412,*NOUSE*,*NOUSE*,0,0,0,0,0,0,0,0
413,413,,,73,1553,77,134.00,55.56,29.56,3907,217059
414,414,*NOUSE*,*NOUSE*,0,0,0,0,0,0,0,0
415,415,*NOUSE*,*NOUSE*,0,0,0,0,0,0,0,0
416,416,*NOUSE*,*NOUSE*,0,0,0,0,0,0,0,0
417,417,,,73,1532,83,200.00,72.24,43.73,4297,310404
418,418,,,69,1192,91,200.00,72.22,45.53,3768,272131
419,419,,,70,1486,95,181.00,65.06,35.70,4144,269592
420,420,*NOUSE*,*NOUSE*,0,0,0,0,0,0,0,0
421,421,,,70,1378,50,242.00,111.42,59.88,2961,329905
422,422,*NOUSE*,*NOUSE*,0,0,0,0,0,0,0,0
423,423,*NOUSE*,*NOUSE*,0,0,0,0,0,0,0,0
424,424,*NOUSE*,*NOUSE*,0,0,0,0,0,0,0,0
425,425,*NOUSE*,*NOUSE*,0,0,0,0,0,0,0,0
426,426,*NOUSE*,*NOUSE*,0,0,0,0,0,0,0,0
427,427,*NOUSE*,*NOUSE*,0,0,0,0,0,0,0,0
428,428,,,72,1360,42,185.00,85.54,43.17,3255,278417
429,429,*NOUSE*,*NOUSE*,0,0,0,0,0,0,0,0
430,430,,,74,1310,41,151.00,63.22,32.95,4323,273304
431,431,,,73,1457,42,208.00,76.70,43.74,4189,321296
432,432,,,78,890,49,126.00,42.20,26.70,4073,171894
433,433,*NOUSE*,*NOUSE*,0,0,0,0,0,0,0,0
434,434,*NOUSE*,*NOUSE*,0,0,0,0,0,0,0,0
435,435,*NOUSE*,*NOUSE*,0,0,0,0,0,0,0,0
436,436,*NOUSE*,*NOUSE*,0,0,0,0,0,0,0,0
437,437,*NOUSE*,*NOUSE*,0,0,0,0,0,0,0,0
438,438,*NOUSE*,*NOUSE*,0,0,0,0,0,0,0,0
439,439,*NOUSE*,*NOUSE*,0,0,0,0,0,0,0,0
440,440,*NOUSE*,*NOUSE*,0,0,0,0,0,0,0,0
441,441,*NOUSE*,*NOUSE*,0,0,0,0,0,0,0,0
442,442,,,76,1011,93,172.00,54.90,39.68,5052,277349
443,443,*NOUSE*,*NOUSE*,0,0,0,0,0,0,0,0
444,444,*NOUSE*,*NOUSE*,0,0,0,0,0,0,0,0
445,445,,,76,1288,45,190.00,79.47,40.10,3583,284758
446,446,,,77,1338,45,177.00,67.60,38.32,4313,291541
447,447,*NOUSE*,*NOUSE*,0,0,0,0,0,0,0,0
448,448,*NOUSE*,*NOUSE*,0,0,0,0,0,0,0,0
449,449,*NOUSE*,*NOUSE*,0,0,0,0,0,0,0,0
450,450,,,75,1263,68,205.00,92.14,42.85,3598,331527
451,451,*NOUSE*,*NOUSE*,0,0,0,0,0,0,0,0
452,452,*NOUSE*,*NOUSE*,0,0,0,0,0,0,0,0
453,453,*NOUSE*,*NOUSE*,0,0,0,0,0,0,0,0
454,454,,,77,1315,77,218.00,90.27,48.96,3434,309977
455,455,,,83,1566,83,225.00,69.62,48.43,4007,278960
456,456,,,76,1471,88,234.00,84.57,50.47,3645,308257
457,457,*NOUSE*,*NOUSE*,0,0,0,0,0,0,0,0
458,458,,,76,925,95,121.00,40.56,23.62,5119,207617
459,459,*NOUSE*,*NOUSE*,0,0,0,0,0,0,0,0
460,460,*NOUSE*,*NOUSE*,0,0,0,0,0,0,0,0
461,461,,,75,1174,105,160.00,56.95,33.92,5433,309405
462,462,*NOUSE*,*NOUSE*,0,0,0,0,0,0,0,0
463,463,,,77,1161,44,166.00,55.52,34.89,4421,245434
464,464,*NOUSE*,*NOUSE*,0,0,0,0,0,0,0,0
465,465,*NOUSE*,*NOUSE*,0,0,0,0,0,0,0,0
466,466,,,76,1428,70,231.00,94.01,50.11,3491,328197
467,467,*NOUSE*,*NOUSE*,0,0,0,0,0,0,0,0
468,468,*NOUSE*,*NOUSE*,0,0,0,0,0,0,0,0
469,469,*NOUSE*,*NOUSE*,0,0,0,0,0,0,0,0
470,470,,,78,1365,73,225.00,101.69,51.44,2897,294610
471,471,,,76,506,79,60.00,27.63,10.59,4937,136408
472,472,,,76,1234,83,173.00,69.04,37.26,4229,291984
473,473,,,78,1205,85,168.00,63.90,36.11,4834,308889
474,474,*NOUSE*,*NOUSE*,0,0,0,0,0,0,0,0
475,475,,,79,1046,91,188.00,51.04,39.91,4986,254503
476,476,*NOUSE*,*NOUSE*,0,0,0,0,0,0,0,0
477,477,*NOUSE*,*NOUSE*,0,0,0,0,0,0,0,0
478,478,,,78,1519,45,165.00,61.60,32.89,4988,307271
479,479,*NOUSE*,*NOUSE*,0,0,0,0,0,0,0,0
480,480,*NOUSE*,*NOUSE*,0,0,0,0,0,0,0,0
481,481,*NOUSE*,*NOUSE*,0,0,0,0,0,0,0,0
482,482,*NOUSE*,*NOUSE*,0,0,0,0,0,0,0,0
483,483,*NOUSE*,*NOUSE*,0,0,0,0,0,0,0,0
484,484,,,78,775,72,83.00,33.37,14.79,4463,148924
485,485,*NOUSE*,*NOUSE*,0,0,0,0,0,0,0,0
486,486,,,77,1350,88,252.00,117.74,50.55,2737,322245
487,487,,,79,1407,91,198.00,83.31,44.47,3686,307080
488,488,,,79,1436,93,251.00,109.20,53.95,2337,255194
489,489,,,78,1254,95,240.00,90.35,49.03,3352,302856
490,490,*NOUSE*,*NOUSE*,0,0,0,0,0,0,0,0
491,491,*NOUSE*,*NOUSE*,0,0,0,0,0,0,0,0
492,492,,,79,1218,37,155.00,47.45,29.74,5682,269628
493,493,,,77,1377,42,216.00,93.11,52.81,2488,231664
494,494,*NOUSE*,*NOUSE*,0,0,0,0,0,0,0,0
495,495,,,79,1232,53,203.00,69.45,47.71,4102,284883
496,496,,,80,807,57,120.00,39.03,23.57,4287,167304
497,497,,,79,1244,65,191.00,72.52,42.45,3760,272672
498,498,,,81,1205,65,178.00,56.24,38.58,4955,278667
499,499,*NOUSE*,*NOUSE*,0,0,0,0,0,0,0,0
500,500,*NOUSE*,*NOUSE*,0,0,0,0,0,0,0,0
501,501,*NOUSE*,*NOUSE*,0,0,0,0,0,0,0,0
502,502,,,76,1326,102,213.00,97.11,49.79,2948,286277
503,503,*NOUSE*,*NOUSE*,0,0,0,0,0,0,0,0
504,504,*NOUSE*,*NOUSE*,0,0,0,0,0,0,0,0
505,505,,,78,1343,101,234.00,99.07,53.12,2816,278987
506,506,*NOUSE*,*NOUSE*,0,0,0,0,0,0,0,0
507,507,*NOUSE*,*NOUSE*,0,0,0,0,0,0,0,0
508,508,*NOUSE*,*NOUSE*,0,0,0,0,0,0,0,0
509,509,*NOUSE*,*NOUSE*,0,0,0,0,0,0,0,0
510,510,,,81,1342,61,193.00,81.68,41.16,3568,291426
511,511,*NOUSE*,*NOUSE*,0,0,0,0,0,0,0,0
512,512,*NOUSE*,*NOUSE*,0,0,0,0,0,0,0,0
513,513,,,82,1064,69,199.00,57.41,45.33,4200,241124
514,514,*NOUSE*,*NOUSE*,0,0,0,0,0,0,0,0
515,515,*NOUSE*,*NOUSE*,0,0,0,0,0,0,0,0
516,516,,,79,1294,77,238.00,97.91,49.75,3266,319759
517,517,*NOUSE*,*NOUSE*,0,0,0,0,0,0,0,0
518,518,*NOUSE*,*NOUSE*,0,0,0,0,0,0,0,0
519,519,*NOUSE*,*NOUSE*,0,0,0,0,0,0,0,0
520,520,,,77,1449,99,240.00,91.19,47.65,2871,261807
521,521,,,80,1264,100,206.00,85.34,46.62,3237,276251
522,522,*NOUSE*,*NOUSE*,0,0,0,0,0,0,0,0
523,523,*NOUSE*,*NOUSE*,0,0,0,0,0,0,0,0
524,524,*NOUSE*,*NOUSE*,0,0,0,0,0,0,0,0
525,525,*NOUSE*,*NOUSE*,0,0,0,0,0,0,0,0
526,526,,,81,1306,52,205.00,83.23,46.49,3809,317034
527,527,*NOUSE*,*NOUSE*,0,0,0,0,0,0,0,0
528,528,*NOUSE*,*NOUSE*,0,0,0,0,0,0,0,0
529,529,*NOUSE*,*NOUSE*,0,0,0,0,0,0,0,0
530,530,*NOUSE*,*NOUSE*,0,0,0,0,0,0,0,0
531,531,*NOUSE*,*NOUSE*,0,0,0,0,0,0,0,0
532,532,,,80,1202,102,192.00,62.80,42.21,4846,304306
533,533,,,83,1155,68,222.00,64.50,49.50,4119,265691
534,534,,,80,1595,57,123.00,48.32,24.87,4978,240557
535,535,*NOUSE*,*NOUSE*,0,0,0,0,0,0,0,0
536,536,,,84,1529,62,203.00,64.06,44.52,4539,290773
537,537,,,84,1101,66,95.00,35.74,17.08,6827,243975
538,538,,,83,1578,70,182.00,55.55,38.08,4912,272876
539,539,*NOUSE*,*NOUSE*,0,0,0,0,0,0,0,0
540,540,,,82,650,74,72.00,28.24,11.16,4618,130432
541,541,,,79,1362,97,252.00,109.16,54.91,2444,266794
542,542,*NOUSE*,*NOUSE*,0,0,0,0,0,0,0,0
543,543,,,83,1471,98,155.00,63.48,29.67,3992,253401
544,544,*NOUSE*,*NOUSE*,0,0,0,0,0,0,0,0
545,545,*NOUSE*,*NOUSE*,0,0,0,0,0,0,0,0
546,546,*NOUSE*,*NOUSE*,0,0,0,0,0,0,0,0
547,547,,,84,742,65,98.00,39.51,20.67,4390,173462
548,548,,,84,1554,64,175.00,56.75,38.01,5021,284945
549,549,,,84,837,69,77.00,27.43,12.17,5784,158631
550,550,*NOUSE*,*NOUSE*,0,0,0,0,0,0,0,0
551,551,*NOUSE*,*NOUSE*,0,0,0,0,0,0,0,0
552,552,,,83,1546,84,225.00,72.62,48.51,4244,308202
553,553,,,83,1455,85,250.00,106.08,58.66,2826,299768
554,554,,,83,909,56,66.00,25.94,10.84,6247,162059
555,555,,,84,1001,58,84.00,30.23,14.06,6275,189671
556,556,*NOUSE*,*NOUSE*,0,0,0,0,0,0,0,0
557,557,*NOUSE*,*NOUSE*,0,0,0,0,0,0,0,0
558,558,*NOUSE*,*NOUSE*,0,0,0,0,0,0,0,0
559,559,*NOUSE*,*NOUSE*,0,0,0,0,0,0,0,0
560,560,,,85,1039,69,129.00,38.29,21.27,5933,227202
561,561,,,85,894,81,102.00,35.87,18.91,5183,185929
562,562,*NOUSE*,*NOUSE*,0,0,0,0,0,0,0,0
563,563,*NOUSE*,*NOUSE*,0,0,0,0,0,0,0,0
564,564,,,85,703,63,53.00,24.08, 8.86,4980,119925
565,565,,,85,1306,66,168.00,66.32,33.20,3979,263878
566,566,,,87,1393,67,213.00,69.40,47.24,4113,285422
567,567,,,84,944,75,87.00,29.11,13.53,6191,180238
568,568,*NOUSE*,*NOUSE*,0,0,0,0,0,0,0,0
569,569,,,85,1377,85,212.00,83.97,51.83,3487,292786
570,570,*NOUSE*,*NOUSE*,0,0,0,0,0,0,0,0
571,571,,,86,1355,67,190.00,76.04,45.35,3540,269175
572,572,,,86,1331,72,179.00,74.10,41.19,3879,287447
573,573,*NOUSE*,*NOUSE*,0,0,0,0,0,0,0,0
574,574,*NOUSE*,*NOUSE*,0,0,0,0,0,0,0,0
575,575,*NOUSE*,*NOUSE*,0,0,0,0,0,0,0,0
576,576,,,87,1189,55,130.00,45.48,23.05,5632,256130
577,577,*NOUSE*,*NOUSE*,0,0,0,0,0,0,0,0
578,578,,,86,1509,59,214.00,77.12,49.83,4386,338240
579,579,,,87,1375,67,203.00,76.94,46.00,3652,280979
580,580,,,88,1302,83,173.00,70.27,40.61,4060,285312
581,581,,,86,1361,85,249.00,94.51,57.65,3236,305830
582,582,*NOUSE*,*NOUSE*,0,0,0,0,0,0,0,0
583,583,,,87,1291,52,246.00,95.89,59.38,3128,299947
584,584,*NOUSE*,*NOUSE*,0,0,0,0,0,0,0,0
585,585,,,88,1455,74,196.00,76.55,46.25,3455,264477
586,586,*NOUSE*,*NOUSE*,0,0,0,0,0,0,0,0
587,587,*NOUSE*,*NOUSE*,0,0,0,0,0,0,0,0
588,588,,,89,1282,83,221.00,87.31,51.69,3384,295457
589,589,*NOUSE*,*NOUSE*,0,0,0,0,0,0,0,0
590,590,*NOUSE*,*NOUSE*,0,0,0,0,0,0,0,0
591,591,*NOUSE*,*NOUSE*,0,0,0,0,0,0,0,0
592,592,*NOUSE*,*NOUSE*,0,0,0,0,0,0,0,0
593,593,,,87,1262,64,242.00,89.99,55.96,3085,277626
594,594,,,89,1185,72,117.00,42.48,21.35,5312,225667
595,595,,,88,1344,82,209.00,79.57,47.10,3889,309446
596,596,*NOUSE*,*NOUSE*,0,0,0,0,0,0,0,0
597,597,*NOUSE*,*NOUSE*,0,0,0,0,0,0,0,0
598,598,*NOUSE*,*NOUSE*,0,0,0,0,0,0,0,0
599,599,*NOUSE*,*NOUSE*,0,0,0,0,0,0,0,0
600,600,*NOUSE*,*NOUSE*,0,0,0,0,0,0,0,0
601,601,,,89,1208,85,199.00,70.10,47.91,3634,254747
602,602,*NOUSE*,*NOUSE*,0,0,0,0,0,0,0,0
603,603,,,90,1234,83,239.00,74.02,51.63,3800,281271
604,604,*NOUSE*,*NOUSE*,86,1416,82,145.00,64.07,24.67,74,4741
605,605,*NOUSE*,*NOUSE*,0,0,0,0,0,0,0,0
606,606,*NOUSE*,*NOUSE*,0,0,0,0,0,0,0,0
607,607,,*MANUAL*,77,1173,70,180.00,113.11,30.97,1365,154394
608,608,,*MANUAL*,48,1212,80,130.00,82.98,17.09,1243,103138
609,609,,*MANUAL*,48,1211,58,144.00,90.21,19.29,1365,123137
610,610,,*MANUAL*,77,1250,79,254.00,189.31,35.88,895,169429
611,611,,*MANUAL*,58,1262,82,187.00,126.57,25.72,895,113282
612,612,,*MANUAL*,68,1257,86,229.00,140.88,28.75,895,126084
613,613,,*MANUAL*$262$234,54,1265,62,182.00,81.53,36.00,3094,252259
614,614,,*MANUAL*,60,1265,50,196.00,126.15,24.44,895,112905
615,615,,*MANUAL*,71,1264,54,226.00,130.34,27.90,894,116523
616,616,,*MANUAL*,73,1282,62,171.00,110.73,23.40,1131,125234
617,617,,*MANUAL*$332$366,64,1278,78,157.00,70.70,30.83,3748,264986
618,618,,*MANUAL*,51,1476,82,211.00,131.88,26.84,871,114866
619,619,,*MANUAL*,67,1494,50,242.00,165.69,30.29,691,114493
620,620,,*MANUAL*,60,1493,52,225.00,128.74,36.97,895,115221
621,621,,*MANUAL*,74,1489,54,191.00,118.63,31.38,895,106178
622,622,,*MANUAL*,50,1495,83,236.00,144.85,36.32,777,112546
623,623,,*MANUAL*,56,1498,80,247.00,149.07,52.46,895,133414
624,624,,*MANUAL*,79,1494,89,225.00,135.63,38.81,889,120577
625,625,,*MANUAL*,74,1501,82,232.00,145.26,41.84,895,130011
626,626,,*MANUAL*,56,1509,60,185.00,107.46,27.71,799,85858
627,627,,*MANUAL*,77,1505,64,179.00,115.89,22.87,881,102096
628,628,,*MANUAL*,62,1510,92,179.00,93.31,28.87,713,66533
629,629,,*MANUAL*,60,1516,57,252.00,186.72,35.98,895,167114
630,630,,*MANUAL*,74,1514,59,240.00,152.31,45.50,895,136313
631,631,,*MANUAL*,54,1515,72,220.00,138.17,44.44,895,123666
632,632,,*MANUAL*,77,1514,74,236.00,138.89,58.75,895,124305
633,633,,*MANUAL*,56,1515,90,206.00,119.45,39.90,895,106909
634,634,,*MANUAL*,71,1513,91,215.00,132.66,45.95,895,118732
635,635,,*MANUAL*$404$457,71,1684,83,136.00,42.24,28.22,4739,200189
636,636,,*MANUAL*,71,1649,83,196.00,91.78,44.95,1365,125286
637,637,,*MANUAL*,72,1632,84,199.00,71.54,43.34,1365,97649
638,638,,*MANUAL*,74,1602,84,238.00,128.94,46.99,742,95672
639,639,,*MANUAL*,75,1566,86,183.00,97.09,38.69,895,86892
640,640,,*MANUAL*,70,1593,87,180.00,77.55,31.24,777,60256
641,641,,*MANUAL*,55,1585,87,106.00,53.50,17.39,895,47882
642,642,,*MANUAL*,52,1651,80,190.00,85.42,40.42,1365,116601
643,643,,*MANUAL*,52,1636,80,172.00,69.69,37.75,1365,95122
644,644,,*MANUAL*,52,1600,80,183.00,103.14,32.58,895,92307
645,645,,*MANUAL*,52,1565,82,174.00,91.59,36.76,895,81969
646,646,,*MANUAL*,52,1558,73,121.00,73.18,16.41,895,65498
647,647,,*MANUAL*,64,1648,57,153.00,76.84,37.07,1365,104890
648,648,,*MANUAL*,64,1629,58,144.00,83.19,32.19,895,74453
649,649,,*MANUAL*,68,1589,56,177.00,103.22,35.73,578,59661
650,650,,*MANUAL*,67,1550,57,150.00,93.01,25.40,895,83242
651,651,,*MANUAL*,71,1563,58,165.00,71.14,27.59,1365,97112
652,652,,*MANUAL*,62,1589,60,175.00,80.43,29.14,1365,109787
653,653,,*MANUAL*,64,1293,92,62.00,37.21,10.69,895,33301
654,654,,*MANUAL*,69,1274,92,243.00,175.43,35.83,883,154909
655,655,,*MANUAL*,78,1280,92,247.00,163.85,30.63,895,146648
656,656,,*MANUAL*,58,1274,90,232.00,170.92,25.81,811,138613
657,657,,*MANUAL*,50,1276,93,241.00,149.81,33.13,895,134083
658,658,,*MANUAL*,48,1261,91,195.00,124.69,24.71,895,111594
659,659,,*MANUAL*,47,1221,102,170.00,86.82,27.66,1365,118505
660,660,,*MANUAL*,61,1280,113,201.00,114.19,40.11,1365,155868
661,661,,*MANUAL*,68,1268,107,244.00,145.95,45.08,1209,176459
662,662,,*MANUAL*,61,1263,108,246.00,165.57,43.05,895,148185
663,663,,*MANUAL*,58,1251,107,244.00,166.40,31.56,895,148928
664,664,,*MANUAL*,71,1214,110,214.00,126.58,40.61,889,112530
665,665,,*MANUAL*,63,1208,115,207.00,129.49,36.63,851,110196
666,666,,*MANUAL*,58,1202,109,222.00,132.41,37.68,895,118506
667,667,,*MANUAL*,88,1251,79,250.00,175.64,31.74,895,157201
668,668,,*MANUAL*,88,1265,83,240.00,145.04,41.58,1365,197976
669,669,,*MANUAL*,89,1283,68,244.00,139.97,48.49,1271,177908
670,670,,*MANUAL*,87,1327,55,222.00,141.83,34.61,1143,162111
671,671,,*MANUAL*,80,1323,58,225.00,157.21,27.21,895,140707
672,672,,*MANUAL*,81,1285,63,244.00,178.14,24.95,895,159434
673,673,,*MANUAL*,78,1341,75,231.00,155.83,34.62,895,139465
674,674,,*MANUAL*,81,1274,77,248.00,152.47,29.66,895,136465
675,675,,*MANUAL*,87,1274,56,241.00,163.14,36.53,895,146013
676,676,,*MANUAL*,79,1270,48,242.00,169.54,37.67,895,151739
677,677,,*MANUAL*,50,1268,42,215.00,149.12,31.60,893,133167
678,678,,*MANUAL*,40,1210,84,152.00,109.32,15.92,895,97840
679,679,,*MANUAL*,40,1281,81,169.00,124.07,19.12,870,107943
680,680,,*MANUAL*,41,1320,83,195.00,138.89,21.45,845,117359
681,681,,*MANUAL*,43,1355,77,207.00,141.13,24.99,861,121509
682,682,,*MANUAL*,43,1371,80,203.00,134.99,33.98,845,114066
683,683,,*MANUAL*,40,1300,60,149.00,88.87,17.71,1365,121307
684,684,,*MANUAL*,41,1281,64,194.00,128.11,26.13,895,114654
685,685,,*MANUAL*,44,1267,52,200.00,136.45,25.56,895,122127
686,686,,*MANUAL*,50,1299,48,180.00,116.31,33.52,895,104097
687,687,,*MANUAL*,42,1345,62,143.00,82.21,26.88,2103,172889
688,688,,*MANUAL*,47,1333,51,164.00,108.67,21.54,895,97264
689,689,,*MANUAL*,50,1319,57,174.00,112.42,21.82,1362,153121
690,690,,*MANUAL*,44,1315,47,176.00,124.20,24.29,895,111156
691,691,,*MANUAL*,50,1357,70,214.00,130.97,26.23,895,117216
692,692,,*MANUAL*,46,1275,75,181.00,132.54,23.24,895,118621
693,693,*NOUSE*,*NOUSE*,0,0,0,0,0,0,0,0
694,694,,*MANUAL*,77,1358,55,208.00,150.65,23.89,785,118259
695,695,,*MANUAL*,77,1376,60,232.00,156.37,34.42,895,139955
696,696,,*MANUAL*$398$375,64,1371,37,202.00,89.92,45.19,3041,273446
697,697,,*MANUAL*,68,1374,90,239.00,140.70,42.74,864,121563
698,698,,*MANUAL*,74,1372,82,243.00,174.28,32.51,895,155979
699,699,,*MANUAL*,52,1371,77,210.00,148.90,31.73,895,133263
700,700,,*MANUAL*,48,1327,98,201.00,128.33,24.60,895,114856
701,701,,*MANUAL*,54,1358,91,221.00,169.11,22.35,485,82018
702,702,,*MANUAL*,62,1358,93,225.00,183.25,20.28,397,72752
703,703,,*MANUAL*,69,1358,94,250.00,214.83,18.66,485,104191
704,704,,*MANUAL*,57,1337,93,227.00,149.50,26.73,895,133801
705,705,,*MANUAL*,87,1323,88,226.00,139.26,45.68,1349,187855
706,706,,*MANUAL*,81,1317,95,246.00,163.86,40.91,895,146657
707,707,,*MANUAL*,75,1306,92,227.00,149.76,31.75,895,134037
708,708,,*MANUAL*,69,1319,90,242.00,163.83,31.54,895,146624
709,709,,*MANUAL*,71,1335,86,209.00,135.34,27.01,895,121126
710,710,,*MANUAL*,60,1344,84,219.00,152.18,23.67,895,136202
711,711,,*MANUAL*,59,1325,84,241.00,169.76,26.96,835,141748
712,712,,*MANUAL*,56,1306,84,172.00,114.59,19.86,895,102555
713,713,,*MANUAL*,50,1323,83,212.00,154.80,24.67,895,138548
714,714,,*MANUAL*,60,1409,99,214.00,157.96,22.93,481,75981
715,715,,*MANUAL*,68,1410,103,230.00,185.00,21.15,472,87318
716,716,,*MANUAL*,62,1426,102,218.00,158.30,25.22,892,141201
717,717,,*MANUAL*,72,1432,102,239.00,158.23,38.67,895,141615
718,718,,*MANUAL*,50,1447,95,175.00,114.07,29.00,895,102096
719,719,,*MANUAL*,76,1423,91,216.00,148.84,29.79,856,127403
720,720,,*MANUAL*,40,1460,65,152.00,88.81,24.70,1365,121232
721,721,,*MANUAL*,41,1441,65,218.00,126.52,33.97,1361,172190
722,722,,*MANUAL*,41,1423,76,142.00,91.72,22.63,1365,125193
723,723,,*MANUAL*,47,1451,72,172.00,114.80,23.77,895,102745
724,724,,*MANUAL*$123$122,47,1413,50,193.00,69.32,40.31,3782,262174
725,725,,*MANUAL*,50,1430,50,245.00,158.57,36.82,895,141921
726,726,,*MANUAL*,54,1447,48,251.00,177.53,35.09,845,150009
727,727,,*MANUAL*,51,1446,60,195.00,129.81,28.38,895,116179
728,728,,*MANUAL*,51,1429,65,206.00,120.94,32.40,895,108237
729,729,,*MANUAL*,80,1442,79,248.00,172.45,31.51,875,150893
730,730,,*MANUAL*,78,1443,64,248.00,153.15,31.96,895,137066
731,731,,*MANUAL*,80,1414,74,229.00,141.89,36.35,895,126990
732,732,,*MANUAL*,86,1437,72,248.00,171.64,36.90,895,153617
733,733,*NOUSE*,*NOUSE*,0,0,0,0,0,0,0,0
734,734,,*MANUAL*,82,1409,60,195.00,106.02,37.50,895,94885
735,735,,*MANUAL*,79,1428,54,249.00,166.96,37.00,871,145425
736,736,,*MANUAL*,78,1447,52,254.00,194.73,37.94,869,169219
737,737,,*MANUAL*,68,1415,43,229.00,155.52,35.00,850,132189
738,738,,*MANUAL*,59,1424,44,234.00,162.32,31.70,895,145277
739,739,,*MANUAL*,71,1425,48,253.00,176.13,32.83,895,157638
740,740,,*MANUAL*,60,1439,50,242.00,186.13,21.96,485,90275
741,741,,*MANUAL*,71,1441,52,253.00,198.35,26.31,485,96199
742,742,,*MANUAL*,84,1463,59,228.00,144.01,41.58,895,128891
743,743,,*MANUAL*,87,1444,57,253.00,158.52,58.18,895,141878
744,744,,*MANUAL*,89,1473,67,224.00,115.61,50.33,895,103472
745,745,,*MANUAL*,89,1484,62,240.00,134.44,43.40,895,120325
746,746,,*MANUAL*,82,1527,90,211.00,117.09,40.46,1365,159828
747,747,,*MANUAL*$602$591,87,1507,84,239.00,77.97,51.86,3644,284125
748,748,,*MANUAL*,90,1483,81,243.00,146.16,51.49,895,130809
749,749,,*MANUAL*,86,1470,83,252.00,174.47,39.20,895,156148
750,750,,*MANUAL*,48,1463,52,218.00,135.60,32.12,895,121358
751,751,,*MANUAL*,46,1444,49,251.00,155.36,46.33,895,139050
752,752,,*MANUAL*,44,1477,54,185.00,121.30,28.52,895,108561
753,753,,*MANUAL*,45,1555,83,178.00,112.00,27.08,895,100239
754,754,,*MANUAL*,42,1472,79,210.00,132.83,23.78,895,118884
755,755,,*MANUAL*,61,1660,46,157.00,90.63,34.38,895,81113
756,756,,*MANUAL*,64,1641,45,175.00,107.26,35.76,895,96000
757,757,,*MANUAL*,72,1615,47,167.00,85.75,40.04,747,64057
758,758,,*MANUAL*,69,1583,45,231.00,136.40,48.23,895,122076
759,759,,*MANUAL*,56,1608,48,200.00,124.79,35.59,830,103578
760,760,,*MANUAL*,58,1579,47,224.00,152.26,35.25,834,126982
761,761,,*MANUAL*,64,1613,44,182.00,114.20,27.02,1365,155889
762,762,,*MANUAL*$362$350,64,1441,36,143.00,57.99,21.83,3228,187203
763,763,,*MANUAL*$384$393$361,64,1341,33,124.00,50.19,19.92,4031,202328
764,764,,*MANUAL*$319$307,61,1690,94,156.00,42.41,29.46,4625,196154
765,765,,*MANUAL*,63,1631,98,131.00,83.28,24.77,895,74536
766,766,,*MANUAL*,57,1618,97,175.00,98.22,28.25,895,87905
767,767,,*MANUAL*,66,1604,100,209.00,113.58,34.85,895,101652
768,768,,*MANUAL*,66,1564,102,213.00,125.76,33.58,895,112559
769,769,,*MANUAL*,59,1554,100,219.00,141.15,34.95,895,126331
770,770,,*MANUAL*,61,1593,104,150.00,59.95,28.78,1365,81838
771,771,*NOUSE*,*NOUSE*,0,0,0,0,0,0,0,0
772,772,,*MANUAL*$374$771,63,1479,111,107.00,45.20,19.11,4550,205638
773,773,,*MANUAL*$360$336,63,1424,115,116.00,53.04,21.73,2205,116953
774,774,,*MANUAL*$586$598,89,1527,78,162.00,53.29,32.24,5151,274472
775,775,,*MANUAL*$600$599,89,1403,81,160.00,55.80,27.72,3312,184825
776,776,,*MANUAL*$577$558$559,84,1133,65,136.00,37.35,19.67,5763,215247
777,777,*NOUSE*,*NOUSE*,0,0,0,0,0,0,0,0
778,778,,*MANUAL*$573$777,84,1115,85,102.00,35.84,17.83,6720,240821
779,779,,*MANUAL*$589$562,85,999,87,143.00,46.39,26.53,4603,213544
780,780,,*MANUAL*$575$546,82,781,46,51.00,22.93, 7.28,4430,101559
781,781,*NOUSE*,*NOUSE*,0,0,0,0,0,0,0,0
782,782,*NOUSE*,*NOUSE*,0,0,0,0,0,0,0,0
783,783,,*MANUAL*$512$481,78,621,65,71.00,28.31,10.78,4623,130862
784,784,*NOUSE*,*NOUSE*,0,0,0,0,0,0,0,0
785,785,,*MANUAL*$467$469$482,76,540,71,58.00,25.43, 9.05,4974,126513
786,786,*NOUSE*,*NOUSE*,0,0,0,0,0,0,0,0
787,787,,*MANUAL*$449$786,72,579,63,45.00,20.95, 6.15,4277,89612
788,788,,*MANUAL*$515$468$511,77,449,69,57.00,23.29, 8.48,4902,114154
789,789,,*MANUAL*$444$429,75,1016,40,122.00,44.83,26.34,4313,193371
790,790,,*MANUAL*,77,637,47,40.00,18.09, 6.51,2103,38049
791,791,,*MANUAL*$447$448$434,73,500,53,50.00,20.68, 6.42,4567,94442
792,792,,*MANUAL*,71,300,51,74.00,27.78,10.80,1312,36442
793,793,,*MANUAL*,85,797,71,81.00,46.05,12.78,1365,62852
794,794,*NOUSE*,*NOUSE*,0,0,0,0,0,0,0,0
795,795,,*MANUAL*,77,355,73,71.00,41.15,11.08,1365,56173
796,796,,*MANUAL*$38$39,40,1528,75,121.00,48.87,23.53,4914,240159
797,797,,*MANUAL*$46$31,39,1211,48,108.00,40.73,19.79,4331,176406
798,798,,*MANUAL*,37,1144,79,79.00,31.38,13.68,2103,65998
799,799,,*MANUAL*,38,1128,67,77.00,29.40,12.65,2969,87285
800,800,,*MANUAL*$4$53,38,1068,67,91.00,33.27,16.07,5143,171103
801,801,,*MANUAL*$48$33,39,1027,57,64.00,25.65, 9.24,5649,144890
802,802,,*MANUAL*$15$43,38,944,82,70.00,26.42,11.28,5386,142274
803,803,,*MANUAL*$69$50,40,890,61,56.00,23.37, 8.74,4921,114998
804,804,,*MANUAL*$82$60,40,803,54,56.00,22.01, 7.72,4610,101475
805,805,,*MANUAL*$78$58,41,777,85,62.00,26.90,10.02,5262,141535
806,806,,*MANUAL*$93$94,43,685,78,58.00,22.54, 7.67,4916,110809
807,807,*NOUSE*,*NOUSE*,0,0,0,0,0,0,0,0
808,808,,*MANUAL*$64$56,40,460,77,47.00,21.84, 7.10,4756,103849
809,809,,*MANUAL*,42,352,81,99.00,41.87,17.87,1309,54814
810,810,,*MANUAL*,73,386,82,78.00,45.61,13.12,895,40821
811,811,,*MANUAL*,41,356,63,43.00,17.06, 6.05,1365,23292
812,812,,*MANUAL*$89$91,43,1635,71,100.00,34.95,16.21,6132,214338
813,813,,*MANUAL*$101$110,46,1599,57,118.00,47.17,23.24,5659,266921
814,814,,*MANUAL*,50,1575,50,211.00,87.05,36.43,1365,118822
815,815,,*MANUAL*$133$134,48,1484,44,152.00,59.77,28.34,4488,268269
816,816,,*MANUAL*,58,1265,33,167.00,112.03,22.02,895,100271
817,817,,*MANUAL*,69,1262,34,185.00,107.88,38.66,895,96554
818,818,,*MANUAL*$141$142,50,1221,34,129.00,43.40,26.01,5555,241089
819,819,,*MANUAL*$215$221,54,1178,37,147.00,47.52,28.03,5043,239621
820,820,,*MANUAL*$187$186,53,922,38,109.00,37.45,21.24,4077,152679
821,821,,*MANUAL*,49,633,43,80.00,43.93,11.81,893,39227
822,822,,*MANUAL*,49,425,56,75.00,47.62,11.68,895,42617
823,823,,*MANUAL*,55,240,59,113.00,70.78,14.99,895,63344
824,824,,*MANUAL*,46,1595,90,106.00,56.34,17.26,1365,76908
825,825,,*MANUAL*$182$172,51,1522,102,126.00,56.49,26.32,4144,234111
826,826,,*MANUAL*$116$130,46,1469,96,130.00,51.88,22.68,4227,219288
827,827,,*MANUAL*,50,1412,104,151.00,91.18,24.11,895,81610
828,828,,*MANUAL*$184$214,51,1286,105,149.00,63.48,29.67,4386,278441
829,829,,*MANUAL*$159$158,50,536,96,67.00,28.14,11.33,5433,152880
830,830,,*MANUAL*,50,449,96,84.00,42.44,12.52,1360,57714
831,831,,*MANUAL*,52,258,83,113.00,65.42,16.23,1337,87473
832,832,,*MANUAL*$550$539,81,1626,72,111.00,38.34,19.61,6154,235916
833,833,,*MANUAL*$506$494,79,1568,50,159.00,58.11,29.22,4793,278504
834,834,,*MANUAL*,85,1474,51,145.00,75.03,30.66,1365,102420
835,835,,*MANUAL*,76,1411,39,160.00,103.20,26.57,895,92367
836,836,,*MANUAL*,84,1411,49,179.00,108.67,27.16,895,97256
837,837,,*MANUAL*,63,421,50,76.00,48.58, 9.15,895,43482
838,838,,*MANUAL*,63,302,46,106.00,65.00,14.55,895,58174
839,839,,*MANUAL*,79,1595,88,206.00,89.71,35.34,1365,122453
840,840,,*MANUAL*$519$500,77,1563,98,140.00,54.93,25.53,4154,228184
841,841,,*MANUAL*$490$530,76,1524,102,151.00,62.56,32.51,3879,242689
842,842,,*MANUAL*,76,1408,105,193.00,104.50,29.67,895,93524
843,843,,*MANUAL*,82,1385,98,138.00,80.89,22.06,895,72393
844,844,,*MANUAL*$522$531,80,1232,103,165.00,58.05,34.07,5304,307914
845,845,,*MANUAL*$476$462,76,1130,105,147.00,46.97,29.84,6396,300422
846,846,,*MANUAL*$427$460,75,1068,100,149.00,46.25,31.10,5489,253869
847,847,,*MANUAL*$443$501$459,76,990,96,140.00,47.75,28.54,5317,253865
848,848,,*MANUAL*,78,851,90,109.00,61.76,16.81,1365,84300
849,849,,*MANUAL*,76,807,82,122.00,67.81,13.86,895,60689
850,850,,*MANUAL*,76,702,82,88.00,53.92,12.64,895,48259
851,851,,*MANUAL*$405$396,70,441,88,85.00,32.30,14.60,5018,162096
852,852,,*MANUAL*$206$205,53,1040,87,61.00,24.41, 7.78,5771,140893
853,853,,*MANUAL*$412$436,71,694,67,42.00,19.77, 5.53,3205,63348
854,854,,*MANUAL*,61,397,89,52.00,28.37, 6.69,1365,38719
855,855,,*MANUAL*,58,640,52,44.00,14.36, 4.98,2969,42639
856,856,,*MANUAL*$217$195,53,379,54,54.00,25.55, 7.37,3516,89832
857,857,,*MANUAL*,51,345,57,90.00,54.80,15.42,895,49050
858,858,,*MANUAL*,69,348,57,102.00,54.62,13.73,895,48885
859,859,,*MANUAL*,67,358,85,116.00,68.14,17.64,895,60985
860,860,,*MANUAL*,68,342,78,140.00,80.75,24.08,1365,110219
861,861,,*MANUAL*,55,340,81,156.00,102.37,23.78,889,91006
862,862,,*MANUAL*$265$306,60,321,86,106.00,44.69,20.63,3980,177864
863,863,,*MANUAL*,52,358,89,114.00,80.75,14.60,895,72269
864,864,,*MANUAL*,48,332,85,121.00,66.02,18.79,895,59085
865,865,,*MANUAL*,48,347,75,104.00,73.94,11.21,895,66172
866,866,,*MANUAL*,48,277,61,137.00,96.55,17.55,895,86411
867,867,,*MANUAL*,48,270,74,116.00,79.13,15.83,895,70819
868,868,,*MANUAL*,50,259,61,134.00,87.12,17.76,895,77970
869,869,,*MANUAL*,52,247,70,148.00,97.46,23.15,895,87224
870,870,,*MANUAL*,71,307,65,116.00,83.94,12.47,895,75122
871,871,,*MANUAL*,73,287,65,117.00,81.52,19.29,895,72959
872,872,,*MANUAL*,69,271,74,147.00,99.30,19.31,895,88870
873,873,,*MANUAL*,66,249,63,139.00,92.20,23.44,895,82517
874,874,,*MANUAL*$317$303,64,223,82,117.00,43.80,24.07,5435,238065
875,875,,*MANUAL*$283$282,60,197,85,124.00,38.85,22.93,5404,209964
876,876,,*MANUAL*$255$256,57,67,74,134.00,38.03,22.18,5361,203899
877,877,,*MANUAL*$278$253,58,124,75,101.00,39.23,21.06,5093,199800
878,878,,*MANUAL*,61,151,80,105.00,59.13,17.38,1365,80707
879,879,,*MANUAL*,54,158,69,113.00,50.64,18.95,1365,69121
880,880,,*MANUAL*,62,311,56,129.00,87.93,17.27,895,78695
881,881,,*MANUAL*,58,302,66,126.00,83.54,17.71,895,74771
882,882,,*MANUAL*$280$302,60,282,81,98.00,44.03,18.46,3694,162660
883,883,,*MANUAL*,58,263,75,141.00,96.35,16.79,895,86235
884,884,,*MANUAL*,58,286,63,121.00,84.46,12.27,895,75592
885,885,,*MANUAL*,58,270,55,125.00,77.77,13.28,895,69603
886,886,,*MANUAL*,53,299,52,110.00,68.17,18.06,895,61013
887,887,,*MANUAL*,60,456,97,99.00,66.16,15.70,895,59211
888,888,,*MANUAL*$305$344,62,473,81,52.00,22.22, 7.02,3634,80755
889,889,,*MANUAL*,71,618,86,98.00,47.09,17.15,1363,64177
890,890,,*MANUAL*,62,614,95,122.00,56.94,19.88,1365,77726
891,891,,*MANUAL*,62,679,95,96.00,60.02,16.23,895,53722
892,892,,*MANUAL*,77,1488,75,196.00,119.85,34.79,895,107265
893,893,,*MANUAL*,63,1243,93,181.00,126.88,20.96,895,113555
894,894,,*MANUAL*,71,1447,84,248.00,144.19,49.66,895,129046
895,895,,*MANUAL*,83,1363,52,221.00,145.91,35.10,895,130587
896,896,,*MANUAL*,55,1331,41,153.00,89.16,22.99,1365,121697
897,897,,*MANUAL*,50,1278,54,184.00,132.94,20.35,895,118981
898,898,,*MANUAL*$165$166,50,1490,66,158.00,65.55,34.32,4117,269857
899,899,,*MANUAL*,84,1424,84,197.00,112.66,37.32,895,100832
900,900,,*MANUAL*$167$180,51,1102,91,75.00,31.16,12.51,5449,169795
901,901,,*MANUAL*$504$491,77,1292,106,166.00,65.25,33.86,4480,292335
902,902,f1,*MANUAL*,56,1725,75, 8.00, 2.55, 1.44,895,2284
903,903,f2,*MANUAL*,64,1615,70,11.00, 4.46, 1.70,895,3992
904,904,f3,*MANUAL*,65,1475,70,17.00, 8.86, 2.21,895,7928
905,905,f4,*MANUAL*,61,1392,70,13.00, 6.07, 1.69,895,5435
906,906,f5,*MANUAL*,61,1321,69,30.00,14.01, 3.22,895,12535
907,907,f6,*MANUAL*,61,1221,70,13.00, 6.65, 2.16,895,5948
908,908,f7,*MANUAL*,59,1136,70,15.00, 8.14, 2.48,895,7287
909,909,f8,*MANUAL*,58,1064,70,12.00, 6.52, 2.30,895,5837
910,910,f9,*MANUAL*,58,892,72,10.00, 3.97, 1.72,895,3552
911,911,f10,*MANUAL*,58,615,67,10.00, 2.16, 1.55,895,1929
