0,0,*NOUSE*,*NOUSE*,0,0,0,0,0,0,0,0
1,1,,,39,907,65,149.00,41.58,26.37,7082,294491
2,2,,,39,1031,58,144.00,41.32,23.78,5931,245046
3,3,*NOUSE*,*NOUSE*,0,0,0,0,0,0,0,0
4,4,*NOUSE*,*NOUSE*,0,0,0,0,0,0,0,0
5,5,,,41,1516,94,187.00,48.33,29.05,6498,314048
6,6,,,41,1139,61,138.00,38.46,26.15,6610,254212
7,7,,,45,322,61,173.00,39.59,30.95,12113,479505
8,8,,,42,1131,74,244.00,71.11,61.52,4145,294758
9,9,*NOUSE*,*NOUSE*,0,0,0,0,0,0,0,0
10,10,,,40,1216,68,241.00,137.93,46.21,1585,218618
11,11,,,43,1418,46,156.00,54.82,33.91,3816,209189
12,12,,,43,646,64,173.00,39.81,25.47,7584,301931
13,13,,,37,1098,68,139.00,70.91,31.89,438,31058
14,14,,,46,1514,46,130.00,44.14,30.51,4826,213010
15,15,,,50,1426,40,168.00,50.98,35.32,5961,303895
16,16,,,43,1645,88,140.00,51.49,22.88,4175,214973
17,17,*NOUSE*,*NOUSE*,0,0,0,0,0,0,0,0
18,18,,,46,896,50,237.00,61.68,53.86,5339,329285
19,19,,,49,1561,42,141.00,38.44,27.43,5536,212786
20,20,,,43,1549,51,197.00,107.96,35.79,635,68555
21,21,,,50,508,58,144.00,27.43,24.22,10794,296109
22,22,,,47,770,90,246.00,99.13,61.03,2510,248806
23,23,,,46,815,95,250.00,100.74,60.43,2478,249643
24,24,,,48,1209,104,183.00,70.56,39.74,3733,263410
25,25,,,47,1328,108,178.00,65.49,33.05,4063,266070
26,26,*NOUSE*,*NOUSE*,0,0,0,0,0,0,0,0
27,27,,,49,915,102,202.00,75.02,45.37,3460,259586
28,28,,,45,1455,49,195.00,121.32,31.27,289,35061
29,29,,,52,1086,104,205.00,67.97,46.68,3992,271330
30,30,,,52,1212,38,196.00,68.14,43.20,4021,273997
31,31,*NOUSE*,*NOUSE*,0,0,0,0,0,0,0,0
32,32,*NOUSE*,*NOUSE*,0,0,0,0,0,0,0,0
33,33,,,55,1095,35,202.00,66.17,46.37,4526,299487
34,34,,,56,1316,33,221.00,76.73,49.01,3793,291028
35,35,,,63,1480,30,121.00,31.86,23.21,7079,225537
36,36,,,62,1375,29,130.00,29.36,23.67,8238,241856
37,37,,,60,148,69,194.00,66.67,37.69,3295,219689
38,38,*NOUSE*,*NOUSE*,0,0,0,0,0,0,0,0
39,39,*NOUSE*,*NOUSE*,0,0,0,0,0,0,0,0
40,40,*NOUSE*,*NOUSE*,0,0,0,0,0,0,0,0
41,41,,,65,193,68,205.00,72.38,45.62,3749,271340
42,42,,,63,1504,34,161.00,88.95,23.14,865,76944
43,43,,,68,979,107,209.00,57.97,41.05,5364,310972
44,44,,,71,1097,107,210.00,60.31,48.08,6001,361942
45,45,,,64,258,87,168.00,118.79,21.45,177,21025
46,46,*NOUSE*,*NOUSE*,0,0,0,0,0,0,0,0
47,47,,,72,1222,110,202.00,57.79,37.54,5229,302185
48,48,,,66,1602,38,178.00,91.34,30.70,776,70882
49,49,,,66,1775,52,115.00,60.21,19.26,862,51904
50,50,,,71,1324,35,186.00,75.63,37.30,3146,237936
51,51,*NOUSE*,*NOUSE*,0,0,0,0,0,0,0,0
52,52,*NOUSE*,*NOUSE*,0,0,0,0,0,0,0,0
53,53,*NOUSE*,*NOUSE*,0,0,0,0,0,0,0,0
54,54,,,75,1460,38,172.00,74.14,32.79,3225,239105
55,55,*NOUSE*,*NOUSE*,0,0,0,0,0,0,0,0
56,56,,,76,1224,35,164.00,68.17,35.06,3158,215295
57,57,,,76,1574,41,146.00,59.38,27.54,3001,178187
58,58,*NOUSE*,*NOUSE*,0,0,0,0,0,0,0,0
59,59,,,75,1067,102,231.00,96.45,49.34,2098,202357
60,60,*NOUSE*,*NOUSE*,0,0,0,0,0,0,0,0
61,61,,,77,1125,38,215.00,68.51,40.53,3513,240662
62,62,*NOUSE*,*NOUSE*,0,0,0,0,0,0,0,0
63,63,*NOUSE*,*NOUSE*,0,0,0,0,0,0,0,0
64,64,*NOUSE*,*NOUSE*,0,0,0,0,0,0,0,0
65,65,,,80,1102,102,220.00,78.66,54.08,1894,148974
66,66,*NOUSE*,*NOUSE*,0,0,0,0,0,0,0,0
67,67,*NOUSE*,*NOUSE*,0,0,0,0,0,0,0,0
68,68,*NOUSE*,*NOUSE*,0,0,0,0,0,0,0,0
69,69,*NOUSE*,*NOUSE*,0,0,0,0,0,0,0,0
70,70,*NOUSE*,*NOUSE*,0,0,0,0,0,0,0,0
71,71,,,81,1520,97,131.00,57.76,21.51,2628,151796
72,72,,,79,1489,47,191.00,147.37,18.53,263,38758
73,73,,,84,1102,82,193.00,65.57,44.53,3259,213685
74,74,,,82,1647,87,160.00,52.80,19.82,4081,215468
75,75,,,79,1196,42,170.00,106.40,19.12,214,22770
76,76,,,82,1432,46,138.00,58.71,23.02,2110,123873
77,77,,,80,1461,51,191.00,113.70,26.99,470,53438
78,78,*NOUSE*,*NOUSE*,0,0,0,0,0,0,0,0
79,79,*NOUSE*,*NOUSE*,0,0,0,0,0,0,0,0
80,80,*NOUSE*,*NOUSE*,0,0,0,0,0,0,0,0
81,81,,,88,899,73,98.00,35.29,18.15,5803,204800
82,82,,,86,1208,78,204.00,104.91,38.92,1484,155680
83,83,,,85,1510,82,169.00,103.38,25.30,951,98312
84,84,*NOUSE*,*NOUSE*,0,0,0,0,0,0,0,0
85,85,,,87,632,73,88.00,31.78,15.31,5743,182521
86,86,*NOUSE*,*NOUSE*,0,0,0,0,0,0,0,0
87,87,,,89,779,73,115.00,35.69,16.85,4930,175929
88,88,*NOUSE*,*NOUSE*,0,0,0,0,0,0,0,0
89,89,*NOUSE*,*NOUSE*,0,0,0,0,0,0,0,0
90,90,*NOUSE*,*NOUSE*,0,0,0,0,0,0,0,0
91,91,*NOUSE*,*NOUSE*,0,0,0,0,0,0,0,0
92,92,*NOUSE*,*NOUSE*,0,0,0,0,0,0,0,0
93,93,,*MANUAL*,86,1220,89,169.00,104.90,19.32,895,93887
94,94,,*MANUAL*,89,1271,92,175.00,100.87,24.62,895,90277
95,95,,*MANUAL*,89,1287,85,187.00,103.15,27.25,895,92316
96,96,,*MANUAL*,89,1299,91,168.00,107.02,21.46,895,95781
97,97,,*MANUAL*,88,1318,90,168.00,114.38,20.93,895,102371
98,98,,*MANUAL*,90,1318,72,182.00,117.57,20.80,895,105229
99,99,,*MANUAL*,90,1300,64,176.00,106.62,23.04,895,95427
100,100,,*MANUAL*,90,1312,55,181.00,114.91,24.41,895,102845
101,101,,*MANUAL*,87,1362,73,143.00,87.38,19.11,1365,119271
102,102,,*MANUAL*,87,1340,64,140.00,76.28,18.52,1365,104127
103,103,,*MANUAL*,87,1379,83,145.00,88.80,17.23,895,79473
104,104,,*MANUAL*,86,1361,90,162.00,113.06,18.85,895,101192
105,105,,*MANUAL*,87,1340,85,139.00,86.48,15.29,1364,117963
106,106,,*MANUAL*,85,1401,86,213.00,120.07,27.31,895,107465
107,107,,*MANUAL*,84,1418,85,195.00,105.84,29.82,872,92294
108,108,,*MANUAL*,86,1411,70,145.00,100.35,15.76,895,89814
109,109,,*MANUAL*,88,1430,65,157.00,94.73,20.17,895,84782
110,110,,*MANUAL*,87,1391,69,148.00,85.59,21.77,1365,116825
111,111,,*MANUAL*,84,1377,57,185.00,102.48,18.17,877,89872
112,112,,*MANUAL*,79,1352,57,178.00,112.32,21.33,889,99849
113,113,,*MANUAL*,76,1370,58,175.00,113.81,20.14,895,101864
114,114,,*MANUAL*,83,1401,56,174.00,110.69,20.05,861,95301
115,115,,*MANUAL*,77,1393,57,172.00,114.93,19.06,895,102864
116,116,,*MANUAL*,76,1414,60,193.00,115.04,25.78,895,102960
117,117,,*MANUAL*,76,1412,43,189.00,110.62,25.34,895,99009
118,118,,*MANUAL*,69,1422,53,202.00,113.95,32.66,895,101986
119,119,,*MANUAL*,74,1418,83,230.00,134.42,27.11,857,115201
120,120,,*MANUAL*,69,1423,90,220.00,143.30,36.43,895,128252
121,121,,*MANUAL*,83,1311,80,187.00,118.22,22.99,895,105809
122,122,,*MANUAL*,80,1332,78,163.00,101.32,21.37,895,90679
123,123,,*MANUAL*,78,1350,77,176.00,110.42,24.01,895,98827
124,124,,*MANUAL*,76,1375,76,162.00,103.57,22.32,895,92697
125,125,,*MANUAL*,78,1402,74,185.00,107.89,21.34,895,96558
126,126,,*MANUAL*,79,1325,60,181.00,121.21,20.77,846,102541
127,127,,*MANUAL*,79,1315,47,210.00,143.42,25.77,895,128360
128,128,,*MANUAL*,72,1337,51,162.00,103.29,21.48,895,92446
129,129,,*MANUAL*,72,1357,45,148.00,88.23,20.52,895,78969
130,130,,*MANUAL*,72,1379,45,158.00,99.68,18.84,895,89216
131,131,,*MANUAL*,71,1398,45,196.00,116.83,22.76,895,104563
132,132,,*MANUAL*,61,1405,36,176.00,113.44,24.34,895,101529
133,133,,*MANUAL*,61,1424,33,168.00,97.52,22.59,891,86886
134,134,,*MANUAL*,37,1225,81,230.00,136.16,32.85,895,121864
135,135,,*MANUAL*,35,1256,82,234.00,147.18,36.21,895,131725
136,136,,*MANUAL*,38,1276,81,230.00,145.91,36.03,895,130585
137,137,,*MANUAL*,36,1312,84,214.00,129.58,36.76,895,115972
138,138,,*MANUAL*,36,1292,83,218.00,137.91,29.75,895,123428
139,139,,*MANUAL*,35,1375,72,189.00,106.88,27.21,1321,141189
140,140,,*MANUAL*,35,1355,79,226.00,145.66,33.05,895,130364
141,141,,*MANUAL*,35,1335,81,186.00,101.70,26.49,1365,138819
142,142,,*MANUAL*,35,1311,65,217.00,133.03,33.78,895,119059
143,143,,*MANUAL*,38,1294,58,246.00,149.31,37.93,895,133636
144,144,,*MANUAL*,41,1307,50,242.00,150.88,42.35,895,135038
145,145,,*MANUAL*,35,1394,79,229.00,146.17,29.73,891,130236
146,146,,*MANUAL*,37,1414,79,215.00,128.77,29.07,895,115245
147,147,,*MANUAL*,37,1402,66,211.00,134.25,26.99,895,120153
148,148,,*MANUAL*,37,1425,63,231.00,125.95,29.84,895,112729
149,149,,*MANUAL*,39,1381,59,201.00,118.02,26.36,895,105630
150,150,,*MANUAL*,44,1321,43,241.00,152.29,39.68,895,136297
151,151,,*MANUAL*,47,1340,46,213.00,141.22,26.14,891,125827
152,152,,*MANUAL*,42,1356,47,213.00,132.60,37.43,895,118681
153,153,,*MANUAL*,48,1371,57,182.00,122.45,22.34,895,109595
154,154,,*MANUAL*,51,1354,55,216.00,137.20,28.83,895,122790
155,155,,*MANUAL*,42,1397,54,219.00,127.08,29.99,895,113736
156,156,,*MANUAL*,50,1388,57,225.00,135.96,28.10,895,121686
157,157,,*MANUAL*,48,1411,62,233.00,132.19,29.93,895,118307
158,158,,*MANUAL*,51,1406,49,210.00,138.78,26.14,895,124205
159,159,,*MANUAL*,53,1422,55,213.00,130.97,32.92,895,117216
160,160,,*MANUAL*,49,1415,80,233.00,134.93,42.12,843,113747
161,161,,*MANUAL*,51,1420,88,234.00,152.45,37.42,895,136441
162,162,,*MANUAL*,43,1306,74,231.00,143.65,32.38,891,127995
163,163,,*MANUAL*,43,1326,73,239.00,139.59,28.19,895,124930
164,164,,*MANUAL*,45,1344,69,225.00,131.92,32.93,895,118068
165,165,,*MANUAL*,45,1372,74,223.00,141.87,26.99,895,126977
166,166,,*MANUAL*,45,1396,74,220.00,145.16,26.09,895,129918
167,167,,*MANUAL*,50,1309,43,240.00,153.96,36.90,895,137798
168,168,,*MANUAL*,56,1333,47,202.00,128.65,23.27,895,115142
169,169,,*MANUAL*,58,1354,42,165.00,99.01,20.44,1365,135150
170,170,,*MANUAL*,55,1373,42,169.00,105.01,18.86,895,93981
171,171,,*MANUAL*,58,1394,45,189.00,125.24,24.51,895,112091
172,172,,*MANUAL*,60,1202,111,208.00,126.36,31.61,895,113094
173,173,,*MANUAL*,58,1223,112,206.00,125.54,27.47,895,112360
174,174,,*MANUAL*,59,1240,114,209.00,135.15,26.58,895,120962
175,175,,*MANUAL*,52,1251,111,224.00,124.57,38.48,895,111489
176,176,,*MANUAL*,67,1253,111,232.00,141.83,32.96,895,126939
177,177,,*MANUAL*,60,1268,114,213.00,133.09,23.58,861,114593
178,178,,*MANUAL*,52,1269,108,239.00,147.47,27.72,895,131990
179,179,,*MANUAL*,66,1283,109,223.00,157.14,29.80,895,140643
180,180,,*MANUAL*,54,1288,112,228.00,149.51,41.77,895,133812
181,181,,*MANUAL*,63,1298,111,236.00,153.35,33.98,889,136328
182,182,,*MANUAL*,57,1305,117,210.00,124.77,31.19,895,111667
183,183,,*MANUAL*,62,1317,111,229.00,146.80,32.16,895,131383
184,184,,*MANUAL*,57,1342,110,185.00,90.07,33.12,1365,122942
185,185,,*MANUAL*,57,1374,105,194.00,115.18,26.90,895,103086
186,186,,*MANUAL*,59,1398,113,159.00,96.21,27.32,895,86107
187,187,,*MANUAL*,54,1326,97,138.00,52.68,22.50,2103,110795
188,188,,*MANUAL*,53,1307,98,223.00,159.09,29.03,799,127109
189,189,,*MANUAL*,45,1306,95,238.00,161.69,30.30,895,144714
190,190,,*MANUAL*,45,1291,98,237.00,131.08,30.48,895,117316
191,191,,*MANUAL*,65,1316,97,225.00,151.94,30.07,893,135682
192,192,,*MANUAL*,75,1322,98,219.00,138.99,27.36,895,124399
193,193,,*MANUAL*,75,1308,103,189.00,118.75,24.52,895,106285
194,194,,*MANUAL*,76,1291,104,173.00,117.23,20.56,895,104923
195,195,,*MANUAL*,43,1365,101,205.00,130.51,31.31,895,116802
196,196,,*MANUAL*,41,1387,99,211.00,132.09,28.25,895,118221
197,197,,*MANUAL*,40,1405,93,239.00,145.70,36.23,781,113792
198,198,,*MANUAL*,48,1377,93,223.00,148.79,29.09,895,133168
199,199,,*MANUAL*,52,1362,91,233.00,167.43,26.40,879,147175
200,200,,*MANUAL*,48,1403,94,235.00,167.03,25.89,895,149493
201,201,,*MANUAL*,60,1404,96,203.00,144.97,21.46,895,129744
202,202,,*MANUAL*,43,1347,96,236.00,137.89,35.66,893,123139
203,203,,*MANUAL*,42,1362,88,242.00,159.66,27.53,895,142895
204,204,,*MANUAL*,49,1341,87,199.00,107.01,32.07,1365,146072
205,205,,*MANUAL*,55,1386,90,229.00,155.84,31.24,889,138544
206,206,,*MANUAL*,71,1368,103,201.00,128.27,21.62,895,114805
207,207,,*MANUAL*,75,1389,103,183.00,125.70,23.06,895,112501
208,208,,*MANUAL*,79,1407,99,186.00,122.39,27.13,799,97791
209,209,,*MANUAL*,71,1406,96,229.00,154.11,23.50,895,137931
210,210,,*MANUAL*,64,1383,96,212.00,143.64,25.05,895,128555
211,211,,*MANUAL*,63,1363,96,197.00,137.49,23.07,895,123052
212,212,,*MANUAL*,69,1346,96,192.00,117.40,32.87,895,105069
213,213,,*MANUAL*,78,1353,99,213.00,130.68,25.01,895,116958
214,214,,*MANUAL*,71,1372,89,178.00,118.34,22.07,895,105913
215,215,,*MANUAL*,41,1385,85,213.00,135.68,32.93,895,121437
216,216,,*MANUAL*,75,1392,89,191.00,128.53,22.44,895,115033
217,217,,*MANUAL*,68,1204,59,190.00,112.64,27.09,895,100817
218,218,,*MANUAL*,64,1212,90,196.00,106.84,33.65,852,91026
219,219,,*MANUAL*,50,1216,64,226.00,128.12,45.82,895,114666
220,220,,*MANUAL*,80,1215,74,195.00,117.08,27.20,895,104788
221,221,,*MANUAL*,69,1215,53,157.00,97.98,24.93,895,87690
222,222,,*MANUAL*,60,1220,94,221.00,141.13,40.16,895,126314
223,223,,*MANUAL*,62,1229,86,193.00,122.78,27.44,889,109149
224,224,,*MANUAL*,76,1237,56,141.00,76.70,21.67,895,68644
225,225,,*MANUAL*,56,1237,91,220.00,136.80,35.36,895,122438
226,226,,*MANUAL*,69,1238,93,198.00,126.56,34.56,895,113275
227,227,,*MANUAL*,55,1247,47,233.00,145.03,34.77,895,129806
228,228,,*MANUAL*,67,1251,43,173.00,90.08,35.38,895,80624
229,229,,*MANUAL*,48,1249,78,195.00,101.14,29.83,895,90520
230,230,,*MANUAL*,78,1249,88,154.00,88.32,21.38,895,79045
231,231,,*MANUAL*,60,1252,96,207.00,115.75,25.96,895,103596
232,232,,*MANUAL*,48,1250,57,229.00,129.20,31.03,895,115636
233,233,,*MANUAL*,84,1255,65,166.00,88.17,24.87,895,78909
234,234,,*MANUAL*,66,1277,45,169.00,109.98,23.35,895,98434
235,235,,*MANUAL*,51,1276,77,181.00,108.27,28.24,895,96899
236,236,,*MANUAL*,76,1276,83,172.00,96.60,24.60,895,86455
237,237,,*MANUAL*,53,1276,47,232.00,156.01,29.43,895,139626
238,238,,*MANUAL*,80,1275,52,193.00,120.14,24.21,895,107523
239,239,,*MANUAL*,63,1286,93,193.00,124.99,23.99,895,111865
240,240,,*MANUAL*,51,1289,57,227.00,130.27,32.26,895,116591
241,241,,*MANUAL*,79,1295,63,165.00,104.42,21.76,895,93459
242,242,,*MANUAL*,66,1298,47,216.00,141.87,29.15,895,126970
243,243,,*MANUAL*,49,1294,77,247.00,171.44,36.34,895,153442
244,244,,*MANUAL*,76,1297,80,236.00,149.95,28.82,895,134202
245,245,,*MANUAL*,66,1303,86,207.00,132.20,25.04,843,111445
246,246,,*MANUAL*,74,1309,71,181.00,123.18,22.46,895,110243
247,247,,*MANUAL*,72,1309,55,181.00,119.21,23.44,895,106692
248,248,,*MANUAL*,59,1308,53,212.00,118.72,27.73,895,106257
249,249,,*MANUAL*,52,1305,67,222.00,145.89,29.91,895,130574
250,250,,*MANUAL*,57,1301,84,217.00,139.25,27.96,895,124633
251,251,,*MANUAL*,63,1325,82,174.00,94.03,29.96,895,84156
252,252,,*MANUAL*,71,1327,65,166.00,105.74,20.72,895,94641
253,253,,*MANUAL*,56,1323,62,182.00,118.04,23.15,893,105408
254,254,,*MANUAL*,33,1444,65,148.00,51.19,25.24,2103,107656
255,255,,*MANUAL*,39,1492,67,201.00,123.91,32.10,829,102721
256,256,,*MANUAL*,41,1491,76,219.00,132.82,28.79,895,118878
257,257,,*MANUAL*,43,1482,84,202.00,135.32,27.70,895,121108
258,258,,*MANUAL*,39,1464,74,178.00,101.28,28.27,1352,136927
259,259,,*MANUAL*,46,1467,83,202.00,129.69,26.85,895,116077
260,260,,*MANUAL*,40,1447,86,191.00,84.12,34.13,895,75284
261,261,,*MANUAL*,50,1479,94,243.00,152.33,28.19,895,136331
262,262,,*MANUAL*,53,1459,94,211.00,139.71,31.23,895,125037
263,263,,*MANUAL*,60,1446,102,183.00,112.82,27.37,895,100972
264,264,,*MANUAL*,53,1507,103,193.00,108.70,29.62,895,97287
265,265,,*MANUAL*,59,1493,96,204.00,141.07,26.57,895,126258
266,266,,*MANUAL*,45,1497,92,204.00,111.58,31.59,895,99867
267,267,,*MANUAL*,38,1506,78,201.00,121.29,32.09,895,108555
268,268,,*MANUAL*,35,1515,67,164.00,102.90,25.19,861,88596
269,269,,*MANUAL*,35,1535,76,222.00,130.03,34.38,895,116376
270,270,,*MANUAL*,36,1547,71,205.00,117.31,32.54,895,104993
271,271,,*MANUAL*,41,1563,82,194.00,101.53,34.28,895,90867
272,272,,*MANUAL*,43,1582,86,179.00,100.11,30.11,895,89595
273,273,,*MANUAL*,40,1598,78,167.00,99.92,23.04,895,89431
274,274,,*MANUAL*,40,1618,79,164.00,100.62,21.85,895,90057
275,275,,*MANUAL*,39,1646,72,150.00,82.33,25.17,895,73685
276,276,,*MANUAL*,39,1624,63,158.00,88.34,24.91,895,79062
277,277,,*MANUAL*,39,1600,60,152.00,76.82,24.24,895,68755
278,278,,*MANUAL*,45,1586,56,165.00,88.49,26.24,895,79202
279,279,,*MANUAL*,35,1573,69,141.00,57.85,24.95,2103,121657
280,280,,*MANUAL*,43,1566,57,199.00,117.64,27.52,881,103644
281,281,,*MANUAL*,37,1533,57,177.00,89.95,31.73,895,80502
282,282,,*MANUAL*,41,1514,59,215.00,129.89,34.45,895,116251
283,283,,*MANUAL*,46,1501,55,241.00,130.27,35.84,895,116594
284,284,,*MANUAL*,43,1455,65,216.00,126.25,32.81,895,112994
285,285,,*MANUAL*,47,1471,64,177.00,109.78,26.21,895,98253
286,286,,*MANUAL*,45,1487,59,198.00,120.07,27.39,895,107462
287,287,,*MANUAL*,50,1480,48,220.00,140.88,32.00,887,124959
288,288,,*MANUAL*,47,1466,47,206.00,124.03,29.31,895,111010
289,289,,*MANUAL*,51,1494,43,193.00,103.88,29.13,895,92969
290,290,,*MANUAL*,59,1476,43,200.00,138.63,23.19,879,121854
291,291,,*MANUAL*,57,1458,38,188.00,123.97,24.54,873,108230
292,292,,*MANUAL*,64,1450,36,193.00,110.20,29.35,895,98633
293,293,,*MANUAL*,91,1442,73,98.00,44.79,15.52,1365,61133
294,294,,*MANUAL*,87,1482,71,158.00,97.98,27.76,895,87696
295,295,,*MANUAL*,84,1500,75,163.00,102.32,21.38,895,91579
296,296,,*MANUAL*,83,1487,85,170.00,105.98,28.50,895,94851
297,297,,*MANUAL*,85,1467,80,145.00,93.54,18.79,895,83719
298,298,,*MANUAL*,76,1478,86,179.00,116.30,19.63,895,104086
299,299,,*MANUAL*,77,1459,92,182.00,112.31,29.32,847,95123
300,300,,*MANUAL*,69,1483,95,237.00,150.24,32.95,892,134012
301,301,,*MANUAL*,69,1461,97,214.00,143.85,22.86,895,128749
302,302,,*MANUAL*,61,1475,93,222.00,151.40,26.15,895,135501
303,303,,*MANUAL*,68,1503,104,185.00,116.59,29.55,866,100967
304,304,,*MANUAL*,74,1496,97,211.00,127.84,25.92,895,114417
305,305,,*MANUAL*,92,1514,70,139.00,79.02,20.94,895,70721
306,306,,*MANUAL*,87,1535,83,162.00,101.53,24.46,871,88430
307,307,,*MANUAL*,92,1546,77,184.00,96.15,24.19,895,86053
308,308,,*MANUAL*,85,1565,87,168.00,97.24,26.35,895,87029
309,309,,*MANUAL*,82,1583,88,140.00,87.92,21.31,895,78691
310,310,,*MANUAL*,84,1598,82,146.00,92.72,18.37,895,82980
311,311,,*MANUAL*,85,1619,79,134.00,77.34,19.88,895,69220
312,312,,*MANUAL*,86,1635,68,128.00,69.15,19.20,895,61885
313,313,,*MANUAL*,84,1613,60,128.00,79.62,20.09,895,71259
314,314,,*MANUAL*,83,1593,59,133.00,75.99,24.45,895,68008
315,315,,*MANUAL*,82,1571,58,158.00,93.31,23.30,895,83509
316,316,,*MANUAL*,87,1551,59,177.00,88.78,31.58,895,79457
317,317,*NOUSE*,*NOUSE*,0,0,0,0,0,0,0,0
318,318,,*MANUAL*$91$317$88,88,1526,60,157.00,81.80,29.47,1209,98902
319,319,,*MANUAL*,88,1505,59,182.00,101.32,31.18,831,84197
320,320,,*MANUAL*,81,1504,53,187.00,113.91,28.67,895,101947
321,321,,*MANUAL*,82,1458,68,165.00,96.20,23.30,895,86095
322,322,,*MANUAL*,79,1474,65,181.00,110.03,23.67,895,98473
323,323,,*MANUAL*,81,1490,61,149.00,96.76,20.15,895,86603
324,324,,*MANUAL*,81,1474,50,193.00,121.60,25.72,895,108828
325,325,,*MANUAL*,72,1497,42,175.00,100.77,27.93,895,90188
326,326,,*MANUAL*,69,1479,44,183.00,120.39,23.44,895,107746
327,327,,*MANUAL*,67,1463,39,198.00,131.16,21.76,895,117387
328,328,,*MANUAL*,90,1581,73,113.00,56.46,17.73,1365,77072
329,329,,*MANUAL*,62,1496,57,168.00,102.30,21.45,895,91557
330,330,,*MANUAL*,53,1492,77,223.00,146.05,34.95,895,130712
331,331,,*MANUAL*,70,1491,77,209.00,129.21,32.17,895,115647
332,332,,*MANUAL*,62,1523,51,186.00,116.10,27.04,895,103911
333,333,,*MANUAL*,48,1519,84,207.00,122.44,28.15,895,109581
334,334,,*MANUAL*,77,1519,84,192.00,119.32,20.39,895,106794
335,335,,*MANUAL*,63,1537,48,191.00,134.73,22.66,778,104820
336,336,,*MANUAL*,71,1533,52,145.00,75.01,20.30,895,67137
337,337,,*MANUAL*,80,1541,72,160.00,84.25,23.11,895,75405
338,338,,*MANUAL*,70,1540,95,126.00,66.43,17.88,895,59454
339,339,,*MANUAL*,53,1534,94,160.00,81.95,27.18,895,73343
340,340,,*MANUAL*,46,1537,72,180.00,107.25,30.05,895,95985
341,341,,*MANUAL*,55,1538,52,201.00,99.67,24.04,895,89209
342,342,,*MANUAL*,46,1542,85,212.00,138.73,32.61,773,107241
343,343,,*MANUAL*,54,1543,81,237.00,145.04,37.03,895,129812
344,344,,*MANUAL*,71,1544,81,188.00,119.47,25.05,857,102386
345,345,,*MANUAL*,78,1539,86,197.00,128.55,27.82,895,115055
346,346,,*MANUAL*,64,1558,93,139.00,77.27,21.26,895,69153
347,347,,*MANUAL*,72,1562,84,208.00,125.23,29.25,895,112084
348,348,,*MANUAL*,77,1565,73,193.00,127.21,27.41,895,113849
349,349,,*MANUAL*,76,1560,62,147.00,87.60,17.73,889,77877
350,350,,*MANUAL*,68,1560,54,223.00,135.12,38.56,774,104583
351,351,,*MANUAL*,64,1553,50,227.00,133.20,36.23,821,109359
352,352,,*MANUAL*,53,1564,60,186.00,91.41,25.32,886,80986
353,353,,*MANUAL*,49,1566,70,216.00,118.17,36.16,895,105763
354,354,,*MANUAL*,53,1561,83,233.00,124.60,33.09,895,111520
355,355,,*MANUAL*,64,1594,51,117.00,55.86,24.45,895,49996
356,356,,*MANUAL*,53,1586,79,180.00,84.50,37.31,895,75629
357,357,,*MANUAL*,74,1589,81,154.00,87.56,28.48,895,78365
358,358,,*MANUAL*,68,1607,56,110.00,52.32,19.88,1365,71422
359,359,,*MANUAL*,51,1607,72,146.00,74.51,26.07,895,66689
360,360,,*MANUAL*,74,1610,76,106.00,54.52,19.95,895,48795
361,361,,*MANUAL*,49,1627,79,179.00,82.04,31.54,895,73429
362,362,,*MANUAL*,75,1632,82,147.00,77.60,19.90,895,69455
363,363,,*MANUAL*,68,1646,84,117.00,52.15,16.98,778,40570
364,364,,*MANUAL*,59,1646,82,91.00,46.55,13.87,895,41658
365,365,,*MANUAL*,60,1633,57,103.00,42.34,15.00,1365,57800
366,366,,*MANUAL*,66,1647,53,162.00,78.11,25.26,895,69911
367,367,,*MANUAL*,48,1658,81,191.00,87.99,38.30,895,78754
368,368,,*MANUAL*,74,1658,81,168.00,95.08,27.18,895,85101
369,369,,*MANUAL*,63,1674,55,171.00,86.74,28.88,895,77630
370,370,,*MANUAL*,63,1691,55,138.00,74.41,27.12,895,66600
371,371,,*MANUAL*,65,1720,55,106.00,47.62,19.08,895,42616
372,372,,*MANUAL*,53,1677,80,193.00,89.46,38.13,895,80071
373,373,,*MANUAL*,52,1695,81,171.00,92.27,27.53,895,82581
374,374,,*MANUAL*,54,1716,80,133.00,64.24,26.78,895,57497
375,375,,*MANUAL*,76,1675,82,168.00,89.34,29.96,895,79958
376,376,,*MANUAL*,76,1687,82,178.00,94.20,34.25,895,84310
377,377,,*MANUAL*,75,1724,80,102.00,48.07,21.77,895,43026
378,378,,*MANUAL*,85,1695,72,92.00,44.39,13.63,1365,60586
379,379,,*MANUAL*,43,1701,72,89.00,42.57,16.21,1365,58112
380,380,,*MANUAL*,65,1699,43,129.00,71.66,21.29,895,64133
381,381,,*MANUAL*,62,1679,43,136.00,71.00,22.91,895,63547
382,382,,*MANUAL*,69,1662,44,149.00,78.50,28.16,895,70259
383,383,,*MANUAL*,66,1624,41,161.00,108.30,24.40,891,96499
384,384,,*MANUAL*,56,1646,46,169.00,98.91,30.35,895,88526
385,385,,*MANUAL*,57,1617,42,202.00,113.07,25.05,861,97353
386,386,,*MANUAL*,64,1531,34,141.00,71.40,22.14,895,63901
387,387,,*MANUAL*,64,1570,38,136.00,77.93,20.68,895,69744
388,388,,*MANUAL*$38$40,61,1635,37,158.00,42.80,29.68,4497,192454
389,389,,*MANUAL*,63,1763,93,110.00,57.76,17.67,895,51698
390,390,,*MANUAL*,63,1738,95,123.00,69.52,18.00,895,62224
391,391,,*MANUAL*,65,1708,97,162.00,78.46,21.92,895,70223
392,392,,*MANUAL*,62,1689,99,150.00,82.38,20.48,895,73734
393,393,,*MANUAL*,66,1673,100,168.00,91.95,23.05,889,81745
394,394,,*MANUAL*,58,1665,101,164.00,99.68,22.98,895,89216
395,395,,*MANUAL*,57,1644,99,194.00,120.73,27.42,881,106364
396,396,,*MANUAL*,55,1620,98,199.00,113.12,30.93,895,101246
397,397,,*MANUAL*,67,1646,102,193.00,114.76,29.83,895,102711
398,398,,*MANUAL*,67,1624,99,193.00,120.49,29.01,872,105066
399,399,,*MANUAL*,58,1468,106,129.00,65.06,19.84,2103,136814
400,400,,*MANUAL*,60,1498,111,154.00,53.21,25.44,2103,111902
401,401,,*MANUAL*,62,1555,107,124.00,60.70,23.63,1365,82860
402,402,,*MANUAL*,62,1633,107,119.00,62.44,17.60,895,55880
403,403,,*MANUAL*,80,1652,56,104.00,49.32,15.17,895,44139
404,404,,*MANUAL*$55$63,76,1620,47,154.00,48.11,26.63,6296,302912
405,405,,*MANUAL*$68$66,82,1526,49,132.00,39.77,22.67,5534,220110
406,406,,*MANUAL*,79,1297,37,203.00,82.95,32.57,895,74242
407,407,,*MANUAL*,82,1053,46,184.00,93.04,26.41,895,83270
408,408,,*MANUAL*$58$60,76,996,42,186.00,77.88,41.26,3086,240333
409,409,,*MANUAL*,80,939,50,171.00,92.37,27.05,895,82672
410,410,*NOUSE*,*NOUSE*,0,0,0,0,0,0,0,0
411,411,,*MANUAL*$410$67,76,865,43,207.00,100.09,38.38,946,94681
412,412,,*MANUAL*,80,767,46,185.00,80.35,28.02,895,71909
413,413,,*MANUAL*,80,686,49,176.00,94.45,28.36,895,84535
414,414,,*MANUAL*,80,590,56,170.00,96.57,29.16,895,86430
415,415,,*MANUAL*,81,509,56,177.00,97.05,28.69,895,86860
416,416,,*MANUAL*,76,439,61,146.00,76.96,24.44,895,68879
417,417,,*MANUAL*,70,301,61,195.00,102.48,29.13,895,91722
418,418,,*MANUAL*,64,232,64,178.00,104.27,25.33,895,93323
419,419,,*MANUAL*,54,427,52,191.00,97.07,29.21,895,86876
420,420,,*MANUAL*,61,541,47,197.00,83.98,50.93,895,75158
421,421,,*MANUAL*,58,638,45,193.00,103.71,29.76,895,92816
422,422,,*MANUAL*,56,719,45,201.00,108.84,37.90,895,97412
423,423,,*MANUAL*,55,813,45,214.00,120.01,33.75,895,107407
424,424,,*MANUAL*,55,864,45,215.00,118.22,36.85,895,105811
425,425,,*MANUAL*$31$32,53,931,41,218.00,67.17,52.33,4590,308310
426,426,,*MANUAL*,52,1014,40,238.00,119.20,39.21,895,106683
427,427,,*MANUAL*,55,1162,37,188.00,101.45,34.12,895,90798
428,428,,*MANUAL*,47,1258,36,189.00,86.13,39.56,895,77086
429,429,,*MANUAL*,64,1311,36,196.00,105.02,39.95,895,93994
430,430,*NOUSE*,*NOUSE*,0,0,0,0,0,0,0,0
431,431,*NOUSE*,*NOUSE*,0,0,0,0,0,0,0,0
432,432,,*MANUAL*$431$430,49,1613,47,142.00,72.44,19.77,1767,127997
433,433,,*MANUAL*,45,1654,57,120.00,57.50,19.28,895,51460
434,434,,*MANUAL*,45,1608,96,128.00,67.13,19.40,895,60078
435,435,,*MANUAL*,48,1574,100,161.00,81.87,26.23,895,73272
436,436,,*MANUAL*,46,1467,102,151.00,68.99,27.31,895,61747
437,437,,*MANUAL*,38,1433,95,173.00,79.51,31.96,895,71164
438,438,,*MANUAL*,43,1266,98,212.00,119.67,37.63,895,107103
439,439,,*MANUAL*,43,1240,100,207.00,101.65,30.86,895,90980
440,440,,*MANUAL*,47,1172,102,177.00,96.85,33.31,895,86684
441,441,,*MANUAL*,45,1008,95,214.00,128.81,33.82,895,115282
442,442,,*MANUAL*,48,869,98,228.00,124.50,37.56,895,111426
443,443,,*MANUAL*,52,786,101,192.00,113.44,31.54,895,101533
444,444,,*MANUAL*,52,694,97,221.00,108.47,34.92,895,97085
445,445,,*MANUAL*,54,572,100,194.00,102.82,31.65,895,92024
446,446,,*MANUAL*,55,460,102,226.00,135.07,32.56,871,117644
447,447,,*MANUAL*,49,453,95,173.00,94.42,27.20,895,84509
448,448,,*MANUAL*,53,260,86,203.00,117.65,33.15,877,103179
449,449,,*MANUAL*,64,455,103,185.00,98.44,28.05,895,88103
450,450,,*MANUAL*,70,567,101,164.00,89.79,26.94,895,80360
451,451,,*MANUAL*,71,642,99,191.00,102.95,26.83,895,92140
452,452,,*MANUAL*,73,733,101,188.00,90.43,27.93,895,80933
453,453,,*MANUAL*,73,826,104,191.00,101.64,32.02,895,90964
454,454,,*MANUAL*,73,909,106,184.00,106.13,28.50,895,94983
455,455,,*MANUAL*,75,1025,105,210.00,114.07,32.25,895,102089
456,456,,*MANUAL*,76,1191,107,169.00,77.45,30.03,895,69315
457,457,,*MANUAL*,79,1251,107,185.00,99.83,29.16,895,89346
458,458,,*MANUAL*,81,1272,103,180.00,97.26,31.96,895,87046
459,459,,*MANUAL*$46$53,71,1337,108,181.00,51.93,29.61,6137,318695
460,460,,*MANUAL*,83,1447,98,145.00,70.85,22.34,895,63407
461,461,,*MANUAL*,74,1473,106,150.00,71.60,28.01,895,64079
462,462,,*MANUAL*,75,1584,102,115.00,64.68,18.10,895,57889
463,463,,*MANUAL*,76,1622,99,121.00,62.24,20.92,895,55705
464,464,,*MANUAL*,63,66,72,174.00,100.24,27.56,895,89711
465,465,,*MANUAL*,63,86,71,171.00,96.93,29.63,895,86754
466,466,,*MANUAL*,67,110,71,143.00,69.71,22.25,895,62392
467,467,,*MANUAL*,63,135,79,160.00,93.19,23.18,895,83402
468,468,,*MANUAL*,61,164,81,201.00,102.15,27.76,895,91421
469,469,,*MANUAL*,61,199,87,166.00,96.25,24.64,895,86148
470,470,,*MANUAL*,70,209,75,121.00,59.66,19.48,2089,124638
471,471,,*MANUAL*,69,235,81,223.00,132.93,30.75,895,118975
472,472,,*MANUAL*,71,247,75,198.00,135.64,26.82,895,121397
473,473,,*MANUAL*,73,260,70,223.00,147.41,27.16,895,131928
474,474,,*MANUAL*,71,273,83,209.00,134.93,24.61,885,119413
475,475,,*MANUAL*,73,279,74,222.00,150.43,30.64,895,134639
476,476,,*MANUAL*,72,293,80,196.00,124.27,22.83,893,110975
477,477,,*MANUAL*,67,298,89,210.00,130.77,26.97,895,117040
478,478,,*MANUAL*,70,317,89,187.00,104.81,23.68,895,93804
479,479,,*MANUAL*,69,338,85,201.00,121.39,27.31,879,106701
480,480,,*MANUAL*,62,292,67,199.00,121.69,23.82,895,108912
481,481,,*MANUAL*,66,321,73,203.00,121.00,24.01,895,108298
482,482,,*MANUAL*,60,327,61,214.00,127.79,28.21,895,114375
483,483,,*MANUAL*,55,309,60,200.00,120.78,25.41,895,108099
484,484,,*MANUAL*,61,260,79,182.00,124.93,20.71,895,111809
485,485,,*MANUAL*,63,269,65,220.00,128.31,31.06,895,114840
486,486,,*MANUAL*,59,282,89,157.00,94.01,21.84,895,84142
487,487,,*MANUAL*,59,305,78,202.00,125.35,30.66,895,112190
488,488,,*MANUAL*,57,204,70,150.00,60.76,23.95,2103,127788
489,489,,*MANUAL*,58,226,82,204.00,133.53,28.50,895,119512
490,490,,*MANUAL*,58,240,72,217.00,137.90,32.28,895,123420
491,491,,*MANUAL*,55,257,62,230.00,142.02,36.31,895,127104
492,492,,*MANUAL*,51,270,73,213.00,136.37,31.93,895,122049
493,493,,*MANUAL*,52,279,62,245.00,148.80,44.42,895,133178
494,494,,*MANUAL*,48,294,66,201.00,132.21,27.44,895,118326
495,495,,*MANUAL*,48,301,79,230.00,146.85,26.65,895,131428
496,496,,*MANUAL*,44,318,73,216.00,125.77,32.14,895,112567
497,497,,*MANUAL*,44,337,79,222.00,135.58,25.39,895,121342
498,498,,*MANUAL*,41,356,82,228.00,143.60,26.65,895,128522
499,499,,*MANUAL*,52,314,100,177.00,95.76,32.23,895,85706
500,500,,*MANUAL*,51,327,88,182.00,122.42,23.00,895,109570
501,501,,*MANUAL*,60,332,96,215.00,136.58,24.94,895,122237
502,502,,*MANUAL*,46,344,99,228.00,137.27,33.18,889,122035
503,503,,*MANUAL*,51,352,93,222.00,153.17,26.59,845,129425
504,504,,*MANUAL*,60,352,96,223.00,156.78,23.58,847,132789
505,505,,*MANUAL*,44,371,96,206.00,129.54,30.53,895,115940
506,506,,*MANUAL*,56,377,102,177.00,102.99,28.41,895,92175
507,507,,*MANUAL*,65,393,100,166.00,92.58,26.96,895,82858
508,508,,*MANUAL*,41,398,92,204.00,90.20,38.16,895,80733
509,509,,*MANUAL*,94,1272,74,102.00,38.08,17.09,2969,113051
510,510,,*MANUAL*,90,1227,58,118.00,53.39,19.68,1365,72884
511,511,,*MANUAL*,92,1171,90,104.00,41.71,16.84,2103,87713
512,512,,*MANUAL*$78$80,91,1184,73,105.00,27.24,20.44,8483,231075
513,513,,*MANUAL*$79$86,92,1121,70,123.00,27.82,19.62,9625,267812
514,514,,*MANUAL*,86,1081,81,127.00,56.97,21.32,2103,119802
515,515,,*MANUAL*$84$89,88,1007,65,111.00,37.31,17.75,4872,181770
516,516,,*MANUAL*,87,1036,98,148.00,75.19,25.39,895,67298
517,517,,*MANUAL*,85,988,92,139.00,51.17,23.48,2103,107614
518,518,,*MANUAL*,83,926,99,144.00,67.74,21.49,895,60627
519,519,,*MANUAL*,85,906,56,176.00,108.14,25.28,895,96781
520,520,,*MANUAL*,87,861,94,121.00,42.71,19.45,2103,89822
521,521,,*MANUAL*,87,828,76,174.00,102.39,25.42,895,91643
522,522,,*MANUAL*,85,801,98,132.00,69.62,18.50,895,62311
523,523,,*MANUAL*,83,751,96,196.00,119.35,31.15,895,106816
524,524,,*MANUAL*,87,699,88,116.00,43.50,19.58,2103,91487
525,525,,*MANUAL*,82,655,99,145.00,74.64,26.53,895,66805
526,526,,*MANUAL*,81,607,94,144.00,67.70,22.58,1365,92414
527,527,,*MANUAL*,78,618,73,99.00,32.84,18.30,2969,97508
528,528,,*MANUAL*,81,555,93,134.00,47.22,24.42,1365,64452
529,529,,*MANUAL*,81,517,100,135.00,73.57,22.77,895,65849
530,530,,*MANUAL*$62$64,83,459,77,116.00,24.21,17.93,11316,273926
531,531,,*MANUAL*,77,443,92,118.00,35.56,17.32,1365,48545
532,532,,*MANUAL*$52$51,74,314,74,175.00,42.63,29.09,14283,608860
533,533,,*MANUAL*,68,356,100,222.00,87.71,30.64,1365,119727
534,534,*NOUSE*,*NOUSE*,0,0,0,0,0,0,0,0
535,535,,*MANUAL*,34,1266,63,150.00,57.39,27.13,2103,120681
536,536,,*MANUAL*,39,1242,50,161.00,65.19,25.52,1365,88983
537,537,,*MANUAL*,37,1185,73,133.00,39.28,20.66,2103,82614
538,538,,*MANUAL*,37,1034,89,180.00,80.36,36.09,1365,109693
539,539,,*MANUAL*,38,985,81,179.00,66.10,28.31,1365,90227
540,540,,*MANUAL*,37,922,89,190.00,89.28,30.81,895,79907
541,541,,*MANUAL*,40,847,82,163.00,61.99,30.45,1365,84621
542,542,,*MANUAL*,39,793,88,151.00,56.56,28.23,1365,77203
543,543,,*MANUAL*,42,820,68,226.00,129.35,44.13,895,115764
544,544,,*MANUAL*,44,725,73,244.00,157.04,41.21,895,140547
545,545,,*MANUAL*$3$4,41,797,59,157.00,33.02,26.36,10833,357713
546,546,,*MANUAL*,42,702,80,138.00,62.96,24.67,1365,85941
547,547,,*MANUAL*,42,648,91,139.00,57.21,28.22,1365,78085
548,548,,*MANUAL*,44,591,73,181.00,96.48,30.52,1365,131700
549,549,,*MANUAL*,45,553,77,130.00,54.03,27.26,1365,73746
550,550,,*MANUAL*,45,510,85,176.00,93.27,28.03,895,83481
551,551,,*MANUAL*,45,466,75,128.00,46.12,23.08,1365,62958
552,552,,*MANUAL*,35,369,85,145.00,63.06,28.30,1365,86073
553,553,,*MANUAL*,56,1134,53,108.00,47.54,19.07,1365,64893
554,554,,*MANUAL*,80,1134,56,105.00,38.39,17.41,1365,52396
555,555,,*MANUAL*,76,1133,97,101.00,34.89,12.96,1365,47625
556,556,,*MANUAL*,54,1133,95,125.00,48.72,23.26,1365,66506
557,557,,*MANUAL*,55,1067,93,100.00,32.23,14.78,1365,43992
558,558,,*MANUAL*,66,1079,51,87.00,31.20,13.37,2103,65609
559,559,,*MANUAL*,65,995,55,88.00,27.01,13.88,1365,36874
560,560,,*MANUAL*,58,973,92,72.00,24.29,11.79,2103,51077
561,561,,*MANUAL*,58,916,56,72.00,25.11,11.40,2103,52799
562,562,,*MANUAL*,57,880,91,74.00,21.39,10.51,2103,44981
563,563,,*MANUAL*,67,829,57,66.00,22.97,12.59,1365,31353
564,564,,*MANUAL*,55,777,68,91.00,27.56,14.70,2969,81823
565,565,,*MANUAL*,71,713,77,97.00,25.66,13.60,2103,53962
566,566,,*MANUAL*,63,658,59,95.00,34.43,16.27,2103,72413
567,567,,*MANUAL*,64,596,89,86.00,29.59,13.89,1365,40386
568,568,,*MANUAL*,62,538,63,64.00,23.65,11.74,1365,32280
569,569,,*MANUAL*,64,449,63,89.00,43.25,15.49,1365,59035
570,570,,*MANUAL*,44,387,63,146.00,47.68,23.22,1365,65084
571,571,,*MANUAL*,68,487,90,94.00,35.11,13.02,1365,47928
572,572,,*MANUAL*,64,414,92,141.00,44.63,18.57,895,39947
573,573,,*MANUAL*,62,1143,112,233.00,123.46,31.95,895,110493
574,574,,*MANUAL*,60,1115,110,227.00,127.23,34.69,895,113874
575,575,,*MANUAL*,58,1067,111,216.00,134.67,34.90,895,120527
576,576,,*MANUAL*,58,1016,110,225.00,148.38,31.77,895,132800
577,577,,*MANUAL*,55,986,110,213.00,137.83,32.40,895,123354
578,578,,*MANUAL*,59,898,110,228.00,151.12,37.14,895,135253
579,579,,*MANUAL*,59,876,110,228.00,149.28,33.20,895,133602
580,580,,*MANUAL*,60,796,109,217.00,128.74,42.69,895,115224
581,581,,*MANUAL*,59,759,109,241.00,152.24,34.94,895,136255
582,582,,*MANUAL*,59,675,107,238.00,134.43,42.55,895,120317
583,583,,*MANUAL*,58,639,105,224.00,135.94,36.89,895,121666
584,584,,*MANUAL*,58,603,106,220.00,134.92,33.08,895,120755
585,585,,*MANUAL*,58,509,103,212.00,130.09,30.92,895,116432
586,586,,*MANUAL*,58,482,102,189.00,117.75,29.91,895,105382
587,587,,*MANUAL*,57,716,99,173.00,100.09,25.45,895,89583
588,588,,*MANUAL*,57,739,91,223.00,111.06,32.69,1365,151599
589,589,,*MANUAL*,71,769,89,166.00,81.21,25.14,1365,110849
590,590,,*MANUAL*,72,791,97,174.00,87.15,23.68,895,78003
591,591,,*MANUAL*,37,1355,64,189.00,103.65,33.02,895,92763
592,592,,*MANUAL*,36,1332,61,184.00,112.32,23.12,895,100530
593,593,,*MANUAL*,46,1322,56,214.00,136.61,31.87,895,122269
594,594,,*MANUAL*,62,480,48,186.00,111.42,33.27,895,99724
595,595,,*MANUAL*,50,353,69,181.00,105.18,27.95,895,94137
596,596,,*MANUAL*,63,352,74,200.00,109.65,28.29,895,98140
597,597,,*MANUAL*,85,1327,50,216.00,134.79,26.79,895,120640
598,598,,*MANUAL*,87,1360,56,183.00,123.21,23.87,895,110272
599,599,F1,*MANUAL*,59,1327,110,150.00,30.59,26.41,895,27375
600,600,F2,*MANUAL*,60,1524,109,26.00, 4.80, 3.89,895,4296
601,601,F3,*MANUAL*,65,1584,41,74.00,10.85, 9.69,895,9713
602,602,F4,*MANUAL*,64,1553,43,155.00,21.11,28.42,895,18889
603,603,F5,*MANUAL*,64,1430,40,144.00,18.74,21.52,895,16776
604,604,F6,*MANUAL*,63,1079,109,52.00,10.50, 7.32,895,9395
605,605,F7,*MANUAL*,65,996,109,43.00, 5.21, 4.11,895,4659
606,606,F8,*MANUAL*,63,336,78,86.00,17.47,14.21,895,15638
607,607,F9,*MANUAL*,67,461,78,14.00, 3.50, 2.48,895,3134
608,608,F10,*MANUAL*,84,1117,76,46.00, 6.64, 7.64,895,5943
