50,50,*NOUSE*,*NOUSE*,86,1644,22,17.00, 4.80, 2.99,3845,18452.00
60,60,*NOUSE*,*NOUSE*,91,1654,22,13.00, 4.80, 2.05,400,1921.00
65,65,*NOUSE*,*NOUSE*,92,1677,25,13.00, 4.68, 2.27,282,1319.00
62,62,*NOUSE*,*NOUSE*,90,1649,28,13.00, 6.35, 2.10,63,400.00
57,57,*NOUSE*,*NOUSE*,89,1637,33,12.00, 5.73, 2.33,215,1231.00
24,24,,,68,1221,41,184.00,78.96,38.37,4082,322320.00
10,10,,,54,1220,45,167.00,127.72,15.43,481,61431.00
42,42,*NOUSE*,*NOUSE*,73,1636,46,19.00, 6.92, 3.91,292,2021.00
63,63,*NOUSE*,*NOUSE*,91,1673,46,10.00, 4.66, 1.64,399,1859.00
56,56,*NOUSE*,*NOUSE*,90,1650,48,13.00, 5.46, 2.15,1045,5706.00
36,36,,,73,1114,52,201.00,113.83,33.28,1388,158002.00
58,58,*NOUSE*,*NOUSE*,92,1699,55,11.00, 3.33, 2.09,1766,5884.00
38,38,,,74,1258,56,243.00,155.90,38.36,1414,220437.00
3,3,*NOUSE*,*NOUSE*,58,1644,57,24.00, 3.83, 4.26,3195,12237.00
40,40,,,73,1202,57,180.00,140.54,15.20,410,57620.00
6,6,,,49,1206,58,185.00,143.64,15.58,376,54007.00
66,66,*NOUSE*,*NOUSE*,91,1662,59,10.00, 5.38, 1.44,135,726.00
7,7,,,48,1222,62,162.00,121.61,16.85,466,56668.00
61,61,*NOUSE*,*NOUSE*,91,1664,64,12.00, 5.84, 2.05,358,2090.00
2,2,*NOUSE*,*NOUSE*,75,1634,65,33.00, 8.68, 5.83,48732,422916.00
64,64,*NOUSE*,*NOUSE*,91,1683,70,17.00, 5.09, 2.20,259,1318.00
44,44,*NOUSE*,*NOUSE*,75,200,72,11.00, 3.03, 2.10,323,979.00
52,52,*NOUSE*,*NOUSE*,87,1613,73,21.00, 5.94, 3.72,5388,32030.00
53,53,,,84,1238,73,191.00,135.00,25.32,499,67365.00
48,48,*NOUSE*,*NOUSE*,76,201,75,17.00, 6.39, 3.08,75,479.00
45,45,*NOUSE*,*NOUSE*,75,210,76,54.00, 8.03, 9.74,664,5330.00
37,37,*NOUSE*,*NOUSE*,73,1615,79,11.00, 3.35, 2.14,438,1466.00
4,4,*NOUSE*,*NOUSE*,57,1621,80,18.00, 4.71, 3.10,3644,17147.00
16,16,*NOUSE*,*NOUSE*,68,1639,80,32.00,11.18, 6.17,2648,29597.00
26,26,*NOUSE*,*NOUSE*,67,1544,81,46.00, 6.84, 6.66,2582,17666.00
31,31,*NOUSE*,*NOUSE*,72,1602,81,21.00, 3.86, 3.51,1730,6678.00
46,46,*NOUSE*,*NOUSE*,75,194,81,58.00, 7.97, 6.61,1114,8884.00
32,32,,,74,1237,83,200.00,99.36,41.61,2983,296402.00
51,51,*NOUSE*,*NOUSE*,84,1642,83,30.00, 9.66, 5.28,5668,54758.00
34,34,*NOUSE*,*NOUSE*,70,1584,84, 9.00, 2.31, 1.80,297,685.00
30,30,*NOUSE*,*NOUSE*,68,1560,85, 9.00, 2.18, 1.91,175,381.00
33,33,*NOUSE*,*NOUSE*,69,1571,85,11.00, 2.09, 1.90,269,561.00
41,41,*NOUSE*,*NOUSE*,74,205,85,114.00,17.28,16.61,3061,52886.00
47,47,*NOUSE*,*NOUSE*,76,218,86,37.00, 5.29, 4.46,1537,8135.00
54,54,*NOUSE*,*NOUSE*,89,1657,86,15.00, 6.05, 2.43,1543,9342.00
11,11,*NOUSE*,*NOUSE*,71,1643,89,30.00, 8.45, 4.64,14930,126125.00
59,59,*NOUSE*,*NOUSE*,91,1680,89,16.00, 5.34, 2.38,1246,6656.00
49,49,*NOUSE*,*NOUSE*,75,191,90,13.00, 5.12, 2.39,80,410.00
1,1,*NOUSE*,*NOUSE*,47,200,95,25.00, 5.11, 4.06,3079,15735.00
19,19,,,62,336,96,192.00,124.41,27.91,965,120055.00
43,43,*NOUSE*,*NOUSE*,74,200,98,39.00, 6.55, 5.62,1060,6946.00
5,5,*NOUSE*,*NOUSE*,55,1622,99,18.00, 4.68, 2.31,7556,35337.00
25,25,*NOUSE*,*NOUSE*,68,1148,104,220.00,77.01,46.85,4596,353944.00
20,20,*NOUSE*,*NOUSE*,63,1703,107,13.00, 3.25, 2.24,2021,6563.00
8,8,*NOUSE*,*NOUSE*,50,1629,108,12.00, 3.63, 2.08,225,816.00
14,14,,,59,1134,108,243.00,128.33,45.66,1289,165421.00
27,27,*NOUSE*,*NOUSE*,64,1693,109,10.00, 3.43, 2.21,207,710.00
12,12,*NOUSE*,*NOUSE*,65,1676,110,20.00, 3.62, 2.75,6735,24395.00
15,15,,,60,810,111,138.00,70.69,32.12,1458,103064.00
22,22,,,60,970,114,184.00,130.44,19.01,209,27263.00
23,23,*NOUSE*,*NOUSE*,69,282,115,17.00, 2.52, 2.41,2538,6401.00
28,28,*NOUSE*,*NOUSE*,63,1656,116,10.00, 3.47, 1.73,584,2026.00
13,13,*NOUSE*,*NOUSE*,53,1466,117,13.00, 5.05, 2.62,77,389.00
39,39,*NOUSE*,*NOUSE*,79,1668,117,14.00, 4.27, 2.63,2859,12208.00
21,21,*NOUSE*,*NOUSE*,69,291,119,19.00, 2.52, 2.85,8652,21760.00
9,9,*NOUSE*,*NOUSE*,55,1617,120,13.00, 4.04, 2.01,1064,4299.00
29,29,*NOUSE*,*NOUSE*,73,1462,120,14.00, 2.98, 2.46,833,2482.00
17,17,*NOUSE*,*NOUSE*,57,1606,123, 9.00, 4.14, 1.96,152,629.00
35,35,*NOUSE*,*NOUSE*,68,1266,125, 7.00, 2.09, 1.49,91,190.00
55,55,*NOUSE*,*NOUSE*,86,1672,127, 8.00, 1.96, 1.68,281,552.00
18,18,*NOUSE*,*NOUSE*,65,1481,132,207.00,104.47,41.88,3415,356779.00
67,67,,*MANUAL*,61,430,111, 5.00, 1.43, 0.86,2103,2998.00
68,68,,*MANUAL*,63,461,111, 6.00, 1.34, 0.83,2103,2811.00
69,69,,*MANUAL*,64,487,112, 7.00, 2.01, 0.97,2103,4218.00
70,70,,*MANUAL*,64,550,111, 4.00, 1.28, 0.70,2103,2702.00
71,71,,*MANUAL*,63,581,114, 6.00, 1.28, 0.94,2103,2701.00
72,72,,*MANUAL*,63,641,108, 7.00, 2.07, 1.10,2103,4353.00
73,73,,*MANUAL*,63,712,113, 6.00, 1.37, 0.85,2103,2881.00
74,74,,*MANUAL*,62,766,114, 6.00, 1.57, 1.01,2103,3293.00
75,75,,*MANUAL*,61,831,111, 5.00, 1.31, 0.89,2103,2751.00
76,76,,*MANUAL*,58,903,115, 6.00, 1.56, 0.92,2103,3286.00
77,77,,*MANUAL*,59,934,114, 6.00, 1.82, 1.13,2103,3820.00
78,78,,*MANUAL*,61,1016,112, 5.00, 1.40, 0.83,2103,2936.00
79,79,,*MANUAL*,63,1038,112, 6.00, 2.49, 1.02,2103,5244.00
80,80,,*MANUAL*,60,1046,58, 5.00, 1.26, 0.89,1413,1779.00
81,81,,*MANUAL*,60,1054,51, 6.00, 1.18, 0.87,1413,1668.00
82,82,,*MANUAL*,62,1056,90, 6.00, 1.27, 0.92,1413,1797.00
83,83,,*MANUAL*,51,1059,60, 6.00, 1.13, 0.88,1413,1603.00
84,84,,*MANUAL*,76,1055,64, 6.00, 1.57, 0.97,1413,2212.00
85,85,,*MANUAL*,64,1061,96, 7.00, 1.19, 0.90,1413,1681.00
86,86,,*MANUAL*,60,1067,87, 6.00, 1.22, 0.89,1413,1717.00
87,87,,*MANUAL*,73,1069,57, 5.00, 1.22, 0.88,1413,1720.00
88,88,,*MANUAL*,54,1074,89, 6.00, 1.25, 0.93,1413,1766.00
89,89,,*MANUAL*,70,1074,91, 8.00, 1.58, 1.01,2103,3328.00
90,90,,*MANUAL*,63,1090,45, 6.00, 1.71, 0.98,2103,3599.00
91,91,,*MANUAL*,48,1089,84, 6.00, 1.21, 0.86,2103,2548.00
92,92,,*MANUAL*,76,1087,82, 6.00, 1.55, 0.97,2103,3261.00
93,93,,*MANUAL*,52,1087,54, 6.00, 1.28, 0.90,1413,1803.00
94,94,,*MANUAL*,78,1089,63, 6.00, 1.66, 0.97,1413,2352.00
95,95,,*MANUAL*,63,1089,99, 7.00, 1.38, 0.96,1413,1949.00
96,96,,*MANUAL*,48,1082,64, 7.00, 1.13, 0.87,1413,1601.00
97,97,,*MANUAL*,63,1111,48,18.00, 3.43, 2.76,2103,7215.00
98,98,,*MANUAL*,48,1111,82, 4.00, 1.25, 0.77,2103,2632.00
99,99,,*MANUAL*,75,1111,83, 5.00, 1.50, 0.81,2103,3156.00
100,100,,*MANUAL*,49,1116,50, 7.00, 1.17, 0.80,1413,1650.00
101,101,,*MANUAL*,63,1120,95, 5.00, 1.25, 0.85,1413,1760.00
102,102,,*MANUAL*,75,1123,65, 5.00, 1.55, 0.89,1413,2192.00
103,103,,*MANUAL*,53,1125,60, 6.00, 1.30, 0.92,1413,1839.00
104,104,,*MANUAL*,51,1128,81, 6.00, 1.29, 0.89,1413,1816.00
105,105,,*MANUAL*,75,1128,80, 5.00, 1.54, 0.90,1413,2180.00
106,106,,*MANUAL*,61,1134,48, 7.00, 1.50, 0.98,1413,2120.00
107,107,,*MANUAL*,55,1131,89, 6.00, 1.44, 1.00,1413,2039.00
108,108,,*MANUAL*,67,1131,89, 5.00, 1.31, 0.91,1413,1852.00
109,109,,*MANUAL*,51,1140,71, 5.00, 1.25, 0.93,1413,1765.00
110,110,,*MANUAL*,73,1140,73, 7.00, 1.48, 0.94,1413,2088.00
111,111,,*MANUAL*,54,1143,57, 9.00, 1.26, 0.93,1413,1777.00
112,112,,*MANUAL*,67,1142,58, 6.00, 1.37, 1.00,1413,1930.00
113,113,,*MANUAL*,55,1158,69, 7.00, 1.39, 1.03,1413,1961.00
114,114,,*MANUAL*,68,1154,67,12.00, 1.92, 1.27,1413,2714.00
115,115,,*MANUAL*,61,1151,87,14.00, 3.12, 2.53,1413,4415.00
116,116,,*MANUAL*,61,1305,62, 9.00, 2.10, 1.13,1413,2961.00
117,117,,*MANUAL*,57,1310,80, 6.00, 1.39, 0.90,1413,1960.00
118,118,,*MANUAL*,70,1307,78,10.00, 1.43, 1.04,1413,2017.00
119,119,,*MANUAL*,61,1343,59, 7.00, 2.67, 0.99,1413,3773.00
120,120,,*MANUAL*,51,1343,88, 6.00, 2.32, 1.00,2103,4870.00
121,121,,*MANUAL*,76,1344,85, 6.00, 2.58, 0.86,1413,3640.00
122,122,,*MANUAL*,63,1363,55, 6.00, 1.59, 1.02,919,1460.00
123,123,,*MANUAL*,55,1360,62, 7.00, 1.36, 0.97,919,1248.00
124,124,,*MANUAL*,70,1358,59, 5.00, 1.74, 1.01,919,1595.00
125,125,,*MANUAL*,46,1360,81, 5.00, 1.40, 1.03,1413,1977.00
126,126,,*MANUAL*,78,1360,76, 6.00, 1.62, 1.02,1413,2295.00
127,127,,*MANUAL*,60,1353,97, 5.00, 1.43, 0.97,919,1313.00
128,128,,*MANUAL*,71,1353,95, 5.00, 1.56, 0.89,919,1433.00
129,129,,*MANUAL*,55,1367,89, 6.00, 1.36, 1.00,1413,1919.00
130,130,,*MANUAL*,51,1363,95, 7.00, 1.39, 1.11,1413,1967.00
131,131,,*MANUAL*,78,1369,88, 7.00, 1.61, 1.02,1413,2277.00
132,132,,*MANUAL*,71,1367,85, 7.00, 1.34, 1.03,1413,1887.00
133,133,,*MANUAL*,51,1381,70, 5.00, 1.20, 0.93,1413,1695.00
134,134,,*MANUAL*,73,1379,68, 5.00, 1.69, 0.91,1413,2381.00
135,135,,*MANUAL*,64,1374,98, 5.00, 1.59, 0.92,1413,2243.00
136,136,,*MANUAL*,59,1382,63, 5.00, 1.42, 0.90,919,1306.00
137,137,,*MANUAL*,65,1380,62, 5.00, 1.54, 0.87,919,1416.00
138,138,,*MANUAL*,50,1383,84, 5.00, 1.38, 0.78,1413,1947.00
139,139,,*MANUAL*,75,1383,79, 6.00, 1.82, 0.80,1413,2566.00
140,140,,*MANUAL*,57,1381,95, 7.00, 1.30, 0.76,1413,1836.00
141,141,,*MANUAL*,71,1381,96, 4.00, 1.49, 0.75,1413,2103.00
142,142,,*MANUAL*,73,1404,87, 6.00, 1.88, 0.92,1413,2662.00
143,143,,*MANUAL*,56,1404,90, 8.00, 1.65, 0.91,1413,2327.00
144,144,,*MANUAL*,59,1524,88, 7.00, 2.12, 1.09,2103,4462.00
145,145,,*MANUAL*,55,1500,89, 5.00, 1.69, 0.82,1413,2384.00
146,146,,*MANUAL*,55,1487,89, 7.00, 1.76, 1.04,1413,2484.00
147,147,,*MANUAL*,53,1466,90, 6.00, 1.65, 1.02,1413,2327.00
148,148,,*MANUAL*,53,1436,91, 7.00, 1.85, 1.09,1413,2610.00
149,149,,*MANUAL*,53,1422,85, 7.00, 1.87, 1.17,1413,2644.00
150,150,,*MANUAL*,76,1422,80, 8.00, 1.81, 1.26,1413,2561.00
151,151,,*MANUAL*,75,1528,88, 5.00, 2.33, 0.89,1413,3295.00
152,152,,*MANUAL*,75,1498,83, 6.00, 2.00, 0.89,1413,2828.00
153,153,,*MANUAL*,75,1484,83, 6.00, 2.11, 1.04,1413,2980.00
154,154,,*MANUAL*,75,1462,83, 6.00, 1.85, 1.10,1413,2621.00
155,155,,*MANUAL*,75,1437,87, 5.00, 2.06, 1.02,1413,2904.00
156,156,,*MANUAL*,70,1453,89, 6.00, 1.76, 1.01,1413,2490.00
157,157,,*MANUAL*,60,1459,91, 7.00, 1.68, 1.14,1413,2376.00
158,158,,*MANUAL*,64,1529,63, 6.00, 1.82, 0.81,1413,2569.00
159,159,,*MANUAL*,63,1502,62, 5.00, 2.11, 0.94,1413,2979.00
160,160,,*MANUAL*,63,1489,61, 7.00, 2.06, 1.01,1413,2913.00
161,161,,*MANUAL*,63,1461,59, 6.00, 1.94, 1.20,1413,2745.00
162,162,,*MANUAL*,63,1416,60, 9.00, 1.72, 1.29,1413,2429.00
163,163,,*MANUAL*,56,1453,65, 6.00, 1.46, 0.93,1413,2061.00
164,164,,*MANUAL*,68,1432,65, 7.00, 1.76, 1.19,1413,2487.00
165,165,,*MANUAL*,64,1264,109, 7.00, 1.72, 1.03,2103,3625.00
166,166,,*MANUAL*,64,1237,103, 8.00, 1.52, 1.04,1413,2144.00
167,167,,*MANUAL*,64,1215,106, 5.00, 1.21, 0.89,1413,1703.00
168,168,,*MANUAL*,52,1192,91, 7.00, 1.16, 0.89,3065,3566.00
169,169,,*MANUAL*,57,1178,97, 5.00, 1.17, 0.88,1413,1651.00
170,170,,*MANUAL*,50,1171,94, 7.00, 1.42, 0.95,1413,2008.00
171,171,,*MANUAL*,50,1156,96,11.00, 2.29, 1.47,1413,3230.00
172,172,,*MANUAL*,47,1099,105, 4.00, 1.15, 0.74,2103,2422.00
173,173,,*MANUAL*,67,1189,92, 7.00, 1.29, 0.93,1413,1823.00
174,174,,*MANUAL*,75,1191,89, 6.00, 1.64, 1.01,1413,2320.00
175,175,,*MANUAL*,78,1176,90, 6.00, 2.14, 1.08,1413,3022.00
176,176,,*MANUAL*,79,1160,94,13.00, 2.44, 1.66,1413,3451.00
177,177,,*MANUAL*,81,1111,99, 4.00, 1.49, 0.77,1413,2109.00
178,178,,*MANUAL*,64,1194,104, 5.00, 1.18, 0.94,1413,1663.00
179,179,,*MANUAL*,62,1183,110, 5.00, 1.23, 0.92,919,1133.00
180,180,,*MANUAL*,70,1180,105, 7.00, 1.44, 0.97,1413,2032.00
181,181,,*MANUAL*,59,1167,105, 9.00, 1.91, 1.29,1413,2694.00
182,182,,*MANUAL*,71,1167,102, 5.00, 1.45, 0.98,1413,2052.00
183,183,,*MANUAL*,63,1158,112,29.00, 5.03, 4.38,1413,7111.00
184,184,,*MANUAL*,60,1149,106,168.00,28.33,30.18,1413,40033.00
185,185,,*MANUAL*,72,1149,104,208.00,100.39,50.46,1413,141851.00
186,186,,*MANUAL*,68,1131,107,20.00, 3.85, 3.20,1413,5444.00
187,187,,*MANUAL*,62,1118,112, 5.00, 1.32, 0.87,1413,1870.00
188,188,,*MANUAL*,62,1097,113, 5.00, 1.23, 0.89,2103,2587.00
189,189,,*MANUAL*,86,1104,87, 6.00, 1.89, 0.86,2103,3974.00
190,190,,*MANUAL*,85,1128,86, 5.00, 1.67, 0.89,1413,2361.00
191,191,,*MANUAL*,87,1145,85, 6.00, 1.90, 1.09,1413,2691.00
192,192,,*MANUAL*,81,1150,78, 9.00, 1.83, 1.07,1413,2587.00
193,193,,*MANUAL*,86,1164,82, 6.00, 1.79, 1.03,1413,2530.00
194,194,,*MANUAL*,86,1179,80, 6.00, 1.83, 1.04,1413,2579.00
195,195,,*MANUAL*,86,1200,79,10.00, 1.97, 1.27,2103,4149.00
196,196,,*MANUAL*,88,1223,82,10.00, 2.08, 1.07,1413,2941.00
197,197,,*MANUAL*,85,1256,77, 5.00, 1.95, 0.91,1413,2758.00
198,198,,*MANUAL*,85,1270,76, 7.00, 2.04, 0.94,1413,2878.00
199,199,,*MANUAL*,85,1218,67,11.00, 3.45, 1.50,2103,7253.00
200,200,,*MANUAL*,85,1193,64,11.00, 2.54, 1.38,2103,5349.00
201,201,,*MANUAL*,85,1173,68, 8.00, 2.29, 1.32,1413,3229.00
202,202,,*MANUAL*,81,1152,66,15.00, 5.62, 2.44,1413,7945.00
203,203,,*MANUAL*,81,1163,57, 8.00, 1.86, 1.10,1413,2628.00
204,204,,*MANUAL*,81,1175,50, 6.00, 1.60, 1.06,1413,2261.00
205,205,,*MANUAL*,75,1187,52, 9.00, 1.60, 1.17,1413,2266.00
206,206,,*MANUAL*,81,1207,51,12.00, 2.83, 1.70,2103,5945.00
207,207,,*MANUAL*,82,1232,57, 7.00, 2.16, 1.15,2103,4534.00
208,208,,*MANUAL*,85,1254,59,17.00, 4.86, 2.13,2103,10231.00
209,209,,*MANUAL*,85,1274,60, 8.00, 2.25, 1.03,2103,4737.00
210,210,,*MANUAL*,79,1248,47, 9.00, 1.97, 1.16,1413,2787.00
211,211,,*MANUAL*,74,1220,55,11.00, 2.64, 1.29,2103,5559.00
212,212,,*MANUAL*,73,1239,53, 8.00, 1.79, 1.03,2103,3761.00
213,213,,*MANUAL*,74,1172,60, 6.00, 1.32, 0.96,1413,1863.00
214,214,,*MANUAL*,78,1248,67,14.00, 3.23, 1.80,2103,6800.00
215,215,,*MANUAL*,78,1229,70,15.00, 3.00, 1.89,2103,6303.00
216,216,,*MANUAL*,78,1207,70, 7.00, 1.86, 1.16,2103,3922.00
217,217,,*MANUAL*,78,1188,73, 7.00, 1.68, 1.08,2103,3533.00
218,218,,*MANUAL*,78,1167,76, 7.00, 1.55, 1.00,1413,2196.00
219,219,,*MANUAL*,75,1157,51, 7.00, 1.56, 1.05,1413,2198.00
220,220,,*MANUAL*,68,1169,45, 6.00, 1.23, 0.96,2103,2583.00
221,221,,*MANUAL*,68,1194,44,10.00, 1.56, 1.24,2103,3291.00
222,222,,*MANUAL*,68,1242,42,11.00, 1.88, 1.06,1413,2654.00
223,223,,*MANUAL*,59,1238,47, 8.00, 2.69, 1.25,1413,3795.00
224,224,,*MANUAL*,56,1192,44, 7.00, 1.24, 0.91,2103,2605.00
225,225,,*MANUAL*,54,1177,51, 5.00, 1.24, 0.91,1413,1756.00
226,226,,*MANUAL*,47,1162,55, 7.00, 2.15, 1.20,1413,3035.00
227,227,,*MANUAL*,38,1085,75, 7.00, 1.41, 0.89,1413,1988.00
228,228,,*MANUAL*,39,1087,89, 6.00, 1.38, 0.92,1413,1947.00
229,229,,*MANUAL*,41,1133,87, 4.00, 1.34, 0.86,1413,1898.00
230,230,,*MANUAL*,43,1148,85, 7.00, 1.54, 1.04,1413,2174.00
231,231,,*MANUAL*,40,1161,89, 6.00, 1.35, 0.90,1413,1907.00
232,232,,*MANUAL*,40,1174,89, 5.00, 1.34, 0.94,1413,1891.00
233,233,,*MANUAL*,41,1203,87, 6.00, 1.35, 0.95,2103,2840.00
234,234,,*MANUAL*,41,1222,89, 7.00, 1.49, 0.95,1413,2106.00
235,235,,*MANUAL*,41,1237,80,13.00, 4.30, 1.89,2103,9045.00
236,236,,*MANUAL*,44,1254,83, 5.00, 1.38, 0.81,1413,1950.00
237,237,,*MANUAL*,41,1267,84, 4.00, 1.49, 0.73,1413,2104.00
238,238,,*MANUAL*,40,1215,74,13.00, 4.51, 1.87,3065,13837.00
239,239,,*MANUAL*,38,1195,68,13.00, 1.43, 0.98,3065,4386.00
240,240,,*MANUAL*,38,1171,73, 7.00, 1.44, 0.96,2103,3037.00
241,241,,*MANUAL*,44,1155,71,10.00, 2.71, 1.36,1413,3825.00
242,242,,*MANUAL*,39,1161,62, 6.00, 1.49, 1.04,1413,2112.00
243,243,,*MANUAL*,42,1175,55, 8.00, 2.07, 1.16,2103,4359.00
244,244,,*MANUAL*,46,1192,54, 8.00, 1.46, 1.16,2103,3061.00
245,245,,*MANUAL*,42,1212,56,14.00, 4.05, 2.36,2103,8509.00
246,246,,*MANUAL*,42,1233,63,14.00, 2.36, 1.81,3065,7243.00
247,247,,*MANUAL*,39,1251,70, 6.00, 1.47, 0.91,2103,3097.00
248,248,,*MANUAL*,39,1271,68, 4.00, 1.40, 0.75,2103,2952.00
249,249,,*MANUAL*,42,1249,55, 8.00, 2.36, 1.22,1413,3330.00
250,250,,*MANUAL*,49,1238,54, 6.00, 1.67, 1.07,1413,2355.00
251,251,,*MANUAL*,49,1258,61,11.00, 5.32, 2.05,1413,7520.00
252,252,,*MANUAL*,49,1179,64, 8.00, 2.24, 1.20,1413,3172.00
253,253,,*MANUAL*,48,1245,72, 7.00, 1.47, 1.02,2103,3091.00
254,254,,*MANUAL*,48,1229,78, 8.00, 1.99, 1.27,2103,4182.00
255,255,,*MANUAL*,49,1200,71,13.00, 1.39, 1.04,2103,2926.00
256,256,,*MANUAL*,45,1186,77, 6.00, 1.23, 0.92,1413,1745.00
257,257,,*MANUAL*,48,1170,78, 7.00, 1.41, 0.96,1413,1991.00
258,258,,*MANUAL*,75,1268,86, 4.00, 1.44, 0.76,1413,2035.00
259,259,,*MANUAL*,56,1269,86, 4.00, 1.24, 0.78,1413,1754.00
260,260,,*MANUAL*,52,1262,77, 5.00, 1.37, 0.79,1413,1933.00
261,261,,*MANUAL*,76,1262,75, 5.00, 1.51, 0.80,1413,2135.00
262,262,,*MANUAL*,80,1262,96, 4.00, 1.59, 0.74,1413,2241.00
263,263,,*MANUAL*,49,1263,98, 5.00, 1.35, 0.85,1413,1901.00
264,264,,*MANUAL*,49,1250,103, 5.00, 1.46, 0.90,2103,3073.00
265,265,,*MANUAL*,52,1235,103, 7.00, 1.74, 1.03,1413,2457.00
266,266,,*MANUAL*,75,1231,97, 7.00, 1.71, 1.11,1413,2419.00
267,267,,*MANUAL*,81,1243,95, 8.00, 1.94, 1.14,1413,2742.00
268,268,,*MANUAL*,79,1249,83,25.00, 3.07, 2.72,1413,4335.00
269,269,,*MANUAL*,51,1247,87, 8.00, 1.96, 1.25,1413,2763.00
270,270,,*MANUAL*,73,1257,94, 5.00, 1.75, 0.88,919,1606.00
271,271,,*MANUAL*,57,1258,95, 8.00, 2.21, 1.12,919,2029.00
272,272,,*MANUAL*,64,1261,94, 6.00, 1.55, 0.90,919,1422.00
273,273,,*MANUAL*,70,1244,94,18.00, 2.35, 2.06,1413,3325.00
274,274,,*MANUAL*,60,1242,92, 9.00, 2.25, 1.32,1413,3182.00
275,275,,*MANUAL*,60,1228,90, 8.00, 2.68, 1.37,1413,3792.00
276,276,,*MANUAL*,69,1226,90,28.00, 3.83, 3.28,1413,5412.00
277,277,,*MANUAL*,76,1213,83, 7.00, 1.56, 1.01,1413,2201.00
278,278,,*MANUAL*,53,1211,85, 6.00, 1.71, 1.03,1413,2415.00
279,279,,*MANUAL*,48,1230,91, 6.00, 1.48, 0.97,1413,2090.00
280,280,,*MANUAL*,49,1217,97, 5.00, 1.43, 0.97,1413,2021.00
281,281,,*MANUAL*,81,1225,90,12.00, 2.19, 1.62,1413,3098.00
282,282,,*MANUAL*,75,1211,96, 5.00, 1.34, 0.88,1413,1900.00
283,283,,*MANUAL*,58,1282,39, 5.00, 1.38, 0.89,1413,1944.00
284,284,,*MANUAL*,59,1257,44, 6.00, 1.76, 1.04,1413,2491.00
285,285,,*MANUAL*,73,1259,42, 6.00, 2.22, 1.02,1413,3132.00
286,286,,*MANUAL*,50,1251,45, 5.00, 1.43, 0.86,2103,3009.00
287,287,,*MANUAL*,56,1260,55, 8.00, 2.15, 1.15,1413,3031.00
288,288,,*MANUAL*,67,1263,51,23.00, 5.08, 3.91,1413,7183.00
289,289,,*MANUAL*,78,1299,64, 6.00, 1.66, 1.00,1413,2341.00
290,290,,*MANUAL*,77,1312,64, 7.00, 1.60, 1.06,1413,2263.00
291,291,,*MANUAL*,79,1327,61, 6.00, 1.70, 0.95,1413,2407.00
292,292,,*MANUAL*,80,1293,52, 7.00, 1.90, 1.09,2103,3999.00
293,293,,*MANUAL*,79,1312,51, 7.00, 1.77, 1.07,1413,2504.00
294,294,,*MANUAL*,77,1332,52, 6.00, 1.68, 0.91,1413,2371.00
295,295,,*MANUAL*,81,1292,84, 6.00, 1.80, 0.98,1413,2545.00
296,296,,*MANUAL*,88,1352,70,13.00, 3.18, 1.67,2103,6685.00
297,297,,*MANUAL*,86,1332,67,11.00, 2.93, 1.49,1413,4142.00
298,298,,*MANUAL*,83,1306,76, 9.00, 1.71, 1.04,1413,2417.00
299,299,,*MANUAL*,86,1339,81, 6.00, 1.98, 0.88,1413,2797.00
300,300,,*MANUAL*,81,1328,75, 5.00, 1.71, 0.95,1413,2419.00
301,301,,*MANUAL*,85,1326,83, 5.00, 1.89, 0.91,1413,2669.00
302,302,,*MANUAL*,78,1312,88, 6.00, 1.55, 1.00,1413,2184.00
303,303,,*MANUAL*,44,1296,71, 7.00, 1.43, 0.93,1413,2025.00
304,304,,*MANUAL*,44,1309,70, 7.00, 1.32, 0.93,1413,1870.00
305,305,,*MANUAL*,44,1324,69, 5.00, 1.17, 0.85,2103,2461.00
306,306,,*MANUAL*,42,1294,59, 6.00, 1.31, 0.87,1413,1858.00
307,307,,*MANUAL*,44,1313,55, 6.00, 1.15, 0.89,2103,2425.00
308,308,,*MANUAL*,46,1334,58, 5.00, 1.17, 0.86,1413,1654.00
309,309,,*MANUAL*,44,1285,89, 5.00, 1.37, 0.81,1413,1942.00
310,310,,*MANUAL*,37,1344,80, 6.00, 1.90, 0.91,2103,3988.00
311,311,,*MANUAL*,37,1323,75, 6.00, 1.44, 0.97,1413,2041.00
312,312,,*MANUAL*,41,1300,86, 6.00, 1.48, 0.98,2103,3111.00
313,313,,*MANUAL*,44,1325,82, 5.00, 1.31, 0.88,1413,1846.00
314,314,,*MANUAL*,43,1315,91, 6.00, 1.35, 0.94,1413,1913.00
315,315,,*MANUAL*,50,1306,89, 6.00, 1.44, 0.98,1413,2040.00
316,316,,*MANUAL*,53,1318,97, 6.00, 1.21, 0.89,1413,1707.00
317,317,,*MANUAL*,74,1314,101, 7.00, 1.27, 0.89,1413,1793.00
318,318,,*MANUAL*,65,1291,102, 6.00, 1.62, 1.01,1413,2292.00
319,319,,*MANUAL*,72,1298,97, 6.00, 1.39, 0.92,1413,1961.00
320,320,,*MANUAL*,57,1296,100, 7.00, 1.33, 0.96,1413,1878.00
321,321,,*MANUAL*,64,1304,97, 6.00, 1.17, 0.90,1413,1660.00
322,322,,*MANUAL*,63,1315,99, 6.00, 1.18, 0.91,1413,1666.00
323,323,,*MANUAL*,61,1327,107, 5.00, 1.29, 0.88,1413,1826.00
324,324,,*MANUAL*,70,1332,106, 4.00, 1.37, 0.79,1413,1931.00
325,325,,*MANUAL*,78,1329,92, 5.00, 1.54, 0.84,1413,2177.00
326,326,,*MANUAL*,86,1362,79, 8.00, 2.13, 1.28,1413,3005.00
327,327,,*MANUAL*,59,1305,45, 6.00, 1.21, 0.94,1413,1707.00
328,328,,*MANUAL*,70,1305,44, 6.00, 1.41, 0.98,919,1292.00
329,329,,*MANUAL*,50,1307,50, 7.00, 1.34, 1.00,919,1231.00
330,330,,*MANUAL*,68,1322,49, 8.00, 2.45, 1.15,1413,3465.00
331,331,,*MANUAL*,52,1323,51, 6.00, 1.35, 0.89,1413,1901.00
332,332,,*MANUAL*,70,1348,45, 4.00, 1.49, 0.76,1413,2105.00
333,333,,*MANUAL*,51,1345,49, 4.00, 1.25, 0.74,1413,1767.00
334,334,,*MANUAL*,42,1344,64, 5.00, 1.29, 0.74,1413,1827.00
335,335,,*MANUAL*,40,1357,68, 5.00, 1.48, 0.92,1413,2091.00
336,336,,*MANUAL*,44,1384,68, 4.00, 1.20, 0.77,1413,1698.00
337,337,,*MANUAL*,38,1378,74, 5.00, 1.53, 0.85,1413,2156.00
338,338,,*MANUAL*,44,1396,70, 5.00, 1.31, 0.86,2103,2750.00
339,339,,*MANUAL*,44,1413,69, 8.00, 1.53, 1.15,2103,3221.00
340,340,,*MANUAL*,42,1430,74, 6.00, 1.55, 1.07,2103,3262.00
341,341,,*MANUAL*,42,1444,83, 6.00, 1.82, 0.92,2103,3833.00
342,342,,*MANUAL*,42,1467,81, 6.00, 1.79, 1.00,2103,3761.00
343,343,,*MANUAL*,47,1331,100, 5.00, 1.25, 0.91,1413,1770.00
344,344,,*MANUAL*,42,1340,92, 4.00, 1.41, 0.81,1413,1988.00
345,345,,*MANUAL*,41,1360,93, 6.00, 1.47, 1.08,1413,2071.00
346,346,,*MANUAL*,39,1375,87, 6.00, 1.83, 0.97,1413,2583.00
347,347,,*MANUAL*,41,1385,91, 5.00, 1.69, 0.85,1413,2388.00
348,348,,*MANUAL*,46,1390,99, 5.00, 1.41, 0.73,1413,1999.00
349,349,,*MANUAL*,46,1407,95, 6.00, 1.48, 0.89,2103,3120.00
350,350,,*MANUAL*,44,1426,94, 6.00, 1.65, 1.09,1413,2326.00
351,351,,*MANUAL*,79,1348,57, 5.00, 1.85, 0.87,1413,2608.00
352,352,,*MANUAL*,84,1361,60, 9.00, 2.55, 1.36,1413,3602.00
353,353,,*MANUAL*,84,1378,60, 9.00, 2.34, 1.22,1413,3304.00
354,354,,*MANUAL*,81,1391,61, 5.00, 1.96, 0.78,1413,2776.00
355,355,,*MANUAL*,81,1404,62, 7.00, 2.03, 1.06,1413,2866.00
356,356,,*MANUAL*,77,1421,61, 8.00, 1.93, 1.36,2103,4054.00
357,357,,*MANUAL*,85,1429,65,16.00, 2.88, 1.82,2103,6051.00
358,358,,*MANUAL*,85,1449,70,14.00, 3.35, 2.04,1413,4733.00
359,359,,*MANUAL*,84,1439,81, 7.00, 2.54, 1.13,1413,3592.00
360,360,,*MANUAL*,84,1417,80, 7.00, 2.22, 1.35,1413,3131.00
361,361,,*MANUAL*,81,1411,90, 7.00, 2.31, 1.15,1413,3262.00
362,362,,*MANUAL*,84,1398,86, 5.00, 2.05, 0.83,1413,2890.00
363,363,,*MANUAL*,84,1383,85, 5.00, 1.97, 0.81,1413,2780.00
364,364,,*MANUAL*,68,1578,68, 8.00, 2.24, 1.16,2103,4719.00
365,365,,*MANUAL*,66,1522,53, 6.00, 1.74, 0.90,2103,3654.00
366,366,,*MANUAL*,67,1503,49, 5.00, 1.74, 0.93,2103,3662.00
367,367,,*MANUAL*,57,1489,50, 5.00, 1.55, 0.86,1413,2193.00
368,368,,*MANUAL*,57,1467,48, 5.00, 1.43, 0.85,1413,2019.00
369,369,,*MANUAL*,53,1450,52, 6.00, 1.46, 0.91,1413,2060.00
370,370,,*MANUAL*,69,1473,49, 4.00, 1.76, 0.83,1413,2487.00
371,371,,*MANUAL*,69,1447,50, 5.00, 1.59, 0.87,1413,2247.00
372,372,,*MANUAL*,62,1466,44, 5.00, 1.57, 0.93,1413,2216.00
373,373,,*MANUAL*,62,1428,48, 9.00, 1.63, 1.25,2103,3436.00
374,374,,*MANUAL*,60,1403,44, 5.00, 1.59, 0.81,2103,3349.00
375,375,,*MANUAL*,60,1384,46, 5.00, 1.45, 0.74,2103,3042.00
376,376,,*MANUAL*,60,1338,41, 5.00, 1.31, 0.85,2103,2754.00
377,377,,*MANUAL*,58,1250,33, 6.00, 1.54, 1.00,1413,2174.00
378,378,,*MANUAL*,71,1581,100, 8.00, 2.41, 1.24,3065,7379.00
379,379,,*MANUAL*,69,1551,104, 7.00, 2.09, 1.15,2103,4400.00
380,380,,*MANUAL*,66,1511,101, 6.00, 1.92, 0.99,2103,4030.00
381,381,,*MANUAL*,63,1482,101, 6.00, 1.86, 1.07,1413,2632.00
382,382,,*MANUAL*,71,1491,99, 7.00, 2.06, 0.99,1413,2913.00
383,383,,*MANUAL*,70,1471,101, 5.00, 1.95, 0.96,1413,2750.00
384,384,,*MANUAL*,72,1458,103, 6.00, 1.99, 1.13,1413,2813.00
385,385,,*MANUAL*,72,1439,103, 5.00, 1.70, 1.02,1413,2407.00
386,386,,*MANUAL*,62,1452,106, 7.00, 1.73, 1.09,1413,2443.00
387,387,,*MANUAL*,62,1429,105, 7.00, 1.48, 1.09,1413,2098.00
388,388,,*MANUAL*,67,1441,110, 6.00, 1.83, 1.08,1413,2583.00
389,389,,*MANUAL*,67,1382,111, 4.00, 1.44, 0.79,2103,3031.00
390,390,,*MANUAL*,67,1344,115, 4.00, 1.49, 0.69,1413,2110.00
391,391,,*MANUAL*,67,1308,112, 7.00, 1.46, 1.02,2103,3075.00
392,392,,*MANUAL*,84,1503,72, 7.00, 2.30, 1.04,3065,7039.00
393,393,,*MANUAL*,80,1474,59, 8.00, 2.33, 1.05,2103,4907.00
394,394,,*MANUAL*,77,1440,51, 6.00, 2.18, 1.07,2103,4586.00
395,395,,*MANUAL*,73,1403,46, 6.00, 1.93, 0.96,2103,4057.00
396,396,,*MANUAL*,79,1376,50, 6.00, 2.05, 1.07,2103,4308.00
397,397,,*MANUAL*,69,1326,37, 6.00, 1.75, 0.96,1413,2478.00
398,398,,*MANUAL*,76,1300,42, 8.00, 1.62, 1.10,1413,2286.00
399,399,,*MANUAL*,67,1180,33, 7.00, 1.45, 1.01,2103,3054.00
400,400,,*MANUAL*,70,1150,36, 7.00, 1.36, 0.98,2103,2866.00
401,401,,*MANUAL*,69,1098,34, 6.00, 1.70, 0.95,2103,3567.00
402,402,,*MANUAL*,73,1046,39, 6.00, 1.69, 1.05,2103,3544.00
403,403,,*MANUAL*,61,1007,39, 7.00, 1.44, 0.83,2103,3018.00
404,404,,*MANUAL*,72,958,47, 6.00, 1.92, 0.91,3065,5884.00
405,405,,*MANUAL*,67,899,45, 6.00, 1.76, 0.94,2103,3706.00
406,406,,*MANUAL*,72,843,48, 6.00, 1.67, 1.01,3065,5111.00
407,407,,*MANUAL*,68,777,47, 6.00, 1.55, 1.00,2103,3256.00
408,408,,*MANUAL*,71,694,51, 6.00, 1.74, 0.97,2103,3652.00
409,409,,*MANUAL*,69,623,53, 7.00, 1.67, 1.13,2103,3522.00
410,410,,*MANUAL*,69,553,57, 5.00, 1.43, 0.81,2103,3010.00
411,411,,*MANUAL*,69,480,61, 6.00, 1.76, 1.02,2103,3708.00
412,412,,*MANUAL*,67,425,64, 6.00, 1.77, 1.00,2103,3721.00
413,413,,*MANUAL*,66,300,63, 7.00, 1.81, 1.02,1413,2556.00
414,414,,*MANUAL*,83,1468,87, 8.00, 2.38, 1.31,2103,4997.00
415,415,,*MANUAL*,81,1436,96, 6.00, 2.03, 1.08,2103,4267.00
416,416,,*MANUAL*,80,1402,101, 7.00, 2.06, 0.99,2103,4342.00
417,417,,*MANUAL*,85,1361,95, 9.00, 2.11, 1.25,2103,4428.00
418,418,,*MANUAL*,80,1316,104, 7.00, 1.67, 0.98,1413,2353.00
419,419,,*MANUAL*,83,1300,95, 6.00, 1.73, 1.00,1413,2444.00
420,420,,*MANUAL*,75,1199,105, 7.00, 1.38, 0.98,2103,2902.00
421,421,,*MANUAL*,79,1135,99,16.00, 2.60, 1.86,2103,5475.00
422,422,,*MANUAL*,74,1099,106, 4.00, 1.30, 0.80,2103,2744.00
423,423,,*MANUAL*,77,1061,101, 5.00, 1.42, 0.96,1413,2012.00
424,424,,*MANUAL*,68,979,109, 6.00, 1.55, 0.94,1413,2194.00
425,425,,*MANUAL*,76,979,100, 7.00, 1.56, 0.99,1413,2209.00
426,426,,*MANUAL*,74,957,100, 5.00, 1.55, 0.82,1413,2186.00
427,427,,*MANUAL*,72,920,105, 6.00, 1.54, 0.94,2103,3229.00
428,428,,*MANUAL*,71,877,106, 6.00, 1.46, 0.89,2103,3063.00
429,429,,*MANUAL*,73,804,103, 6.00, 1.70, 0.94,2103,3573.00
430,430,,*MANUAL*,73,762,103, 6.00, 1.52, 0.98,2103,3188.00
431,431,,*MANUAL*,71,734,99, 4.00, 1.32, 0.76,2103,2782.00
432,432,,*MANUAL*,71,711,90, 5.00, 1.10, 0.77,4163,4589.00
433,433,,*MANUAL*,56,686,98, 4.00, 0.93, 0.75,2103,1957.00
434,434,,*MANUAL*,57,665,100, 5.00, 1.13, 0.84,2103,2378.00
435,435,,*MANUAL*,70,671,96, 5.00, 1.30, 0.88,2103,2730.00
436,436,,*MANUAL*,72,586,104, 6.00, 1.26, 0.87,2103,2644.00
437,437,,*MANUAL*,74,513,103, 6.00, 1.53, 0.88,2103,3221.00
438,438,,*MANUAL*,70,422,105, 6.00, 1.70, 0.86,2103,3573.00
439,439,,*MANUAL*,69,258,96, 7.00, 1.98, 1.09,1413,2804.00
440,440,,*MANUAL*,57,254,96, 5.00, 1.35, 0.82,1413,1912.00
441,441,,*MANUAL*,86,1395,72, 8.00, 2.56, 1.20,2103,5386.00
442,442,,*MANUAL*,88,1308,72,12.00, 2.50, 1.58,3065,7659.00
443,443,,*MANUAL*,87,1139,70, 8.00, 2.46, 1.43,2103,5183.00
444,444,,*MANUAL*,83,1136,51, 8.00, 1.84, 1.10,3065,5653.00
445,445,,*MANUAL*,87,1065,81, 9.00, 1.70, 1.11,5569,9481.00
446,446,,*MANUAL*,87,1066,59, 7.00, 1.70, 1.14,4163,7071.00
447,447,,*MANUAL*,86,1035,68, 8.00, 2.04, 1.16,4163,8503.00
448,448,,*MANUAL*,83,1019,80, 6.00, 1.85, 0.96,1413,2615.00
449,449,,*MANUAL*,78,817,55, 5.00, 1.87, 0.92,2103,3929.00
450,450,,*MANUAL*,80,757,79, 6.00, 1.63, 1.02,2103,3421.00
451,451,,*MANUAL*,80,688,90, 6.00, 1.55, 0.89,2103,3265.00
452,452,,*MANUAL*,83,991,80, 8.00, 1.96, 1.10,4163,8144.00
453,453,,*MANUAL*,81,894,90, 5.00, 1.61, 0.81,3065,4935.00
454,454,,*MANUAL*,80,792,89, 7.00, 1.61, 0.95,4163,6720.00
455,455,,*MANUAL*,81,633,85, 9.00, 1.53, 1.03,3065,4687.00
456,456,,*MANUAL*,80,576,88, 7.00, 1.52, 1.00,4163,6347.00
457,457,,*MANUAL*,79,543,80, 9.00, 1.75, 1.15,4163,7279.00
458,458,,*MANUAL*,80,506,90, 6.00, 1.74, 0.99,4163,7261.00
459,459,,*MANUAL*,79,414,88, 7.00, 1.78, 1.05,3065,5465.00
460,460,,*MANUAL*,80,947,97, 6.00, 1.53, 0.88,3065,4681.00
461,461,,*MANUAL*,82,847,93, 5.00, 1.65, 0.86,2103,3469.00
462,462,,*MANUAL*,80,750,96, 7.00, 1.52, 0.90,2103,3198.00
463,463,,*MANUAL*,80,604,97, 6.00, 1.52, 0.92,2103,3187.00
464,464,,*MANUAL*,80,469,96, 6.00, 1.65, 0.92,2103,3475.00
465,465,,*MANUAL*,79,348,92, 6.00, 1.82, 1.01,2103,3837.00
466,466,,*MANUAL*,74,378,94, 8.00, 1.82, 1.06,1413,2574.00
467,467,,*MANUAL*,80,938,71,10.00, 2.05, 1.17,5569,11404.00
468,468,,*MANUAL*,80,846,68, 8.00, 1.88, 1.06,5569,10445.00
469,469,,*MANUAL*,82,722,73, 8.00, 1.86, 1.03,5569,10374.00
470,470,,*MANUAL*,81,600,68, 7.00, 1.57, 1.02,4163,6536.00
471,471,,*MANUAL*,78,449,77, 9.00, 1.98, 1.18,5569,11027.00
472,472,,*MANUAL*,78,319,69, 8.00, 2.04, 1.19,2103,4281.00
473,473,,*MANUAL*,39,1411,87, 7.00, 1.93, 1.14,2103,4069.00
474,474,,*MANUAL*,34,1293,79, 8.00, 1.95, 1.14,2103,4105.00
475,475,,*MANUAL*,36,1129,79, 6.00, 1.36, 0.89,1413,1928.00
476,476,,*MANUAL*,37,1133,59, 5.00, 1.09, 0.85,3065,3353.00
477,477,,*MANUAL*,37,1057,63, 8.00, 1.06, 0.86,3065,3249.00
478,478,,*MANUAL*,37,1052,81, 9.00, 1.38, 0.97,5569,7693.00
479,479,,*MANUAL*,40,1030,82, 6.00, 1.38, 0.88,2103,2892.00
480,480,,*MANUAL*,41,816,55, 4.00, 1.28, 0.77,2103,2697.00
481,481,,*MANUAL*,39,706,84, 5.00, 1.27, 0.75,2103,2677.00
482,482,,*MANUAL*,42,676,93, 4.00, 0.90, 0.75,1413,1267.00
483,483,,*MANUAL*,35,1004,79, 6.00, 1.41, 0.91,3065,4332.00
484,484,,*MANUAL*,36,949,71, 5.00, 1.22, 0.75,5569,6807.00
485,485,,*MANUAL*,37,846,72, 7.00, 1.35, 0.90,5569,7491.00
486,486,,*MANUAL*,37,743,75, 4.00, 1.19, 0.72,4163,4937.00
487,487,,*MANUAL*,40,597,81, 6.00, 1.20, 0.88,4163,5016.00
488,488,,*MANUAL*,41,467,81, 5.00, 1.37, 0.83,3065,4200.00
489,489,,*MANUAL*,43,315,71, 6.00, 1.76, 0.96,3065,5384.00
490,490,,*MANUAL*,36,892,93, 5.00, 1.12, 0.77,3065,3442.00
491,491,,*MANUAL*,38,788,96, 5.00, 1.37, 0.85,4163,5691.00
492,492,,*MANUAL*,42,642,93,11.00, 1.09, 0.85,4163,4520.00
493,493,,*MANUAL*,43,537,87, 5.00, 1.20, 0.80,3065,3679.00
494,494,,*MANUAL*,45,504,95, 5.00, 1.20, 0.83,3065,3668.00
495,495,,*MANUAL*,44,428,95, 5.00, 1.20, 0.84,3065,3686.00
496,496,,*MANUAL*,47,756,105, 5.00, 1.21, 0.79,2103,2555.00
497,497,,*MANUAL*,47,734,102, 4.00, 1.22, 0.76,2103,2572.00
498,498,,*MANUAL*,36,945,101, 5.00, 1.29, 0.73,3065,3958.00
499,499,,*MANUAL*,39,844,97, 7.00, 1.33, 0.84,3065,4064.00
500,500,,*MANUAL*,41,712,100, 4.00, 1.21, 0.71,3065,3709.00
501,501,,*MANUAL*,43,592,101, 7.00, 1.19, 0.91,2103,2509.00
502,502,,*MANUAL*,46,477,102, 7.00, 1.27, 0.82,1413,1794.00
503,503,,*MANUAL*,44,354,99, 8.00, 1.69, 1.02,2103,3551.00
504,504,,*MANUAL*,52,367,102, 8.00, 1.88, 1.04,1413,2653.00
505,505,,*MANUAL*,47,1000,57, 6.00, 1.25, 0.85,4163,5211.00
506,506,,*MANUAL*,68,989,52, 6.00, 1.57, 0.85,3065,4814.00
507,507,,*MANUAL*,71,1007,93, 5.00, 1.47, 0.85,2103,3098.00
508,508,,*MANUAL*,48,1007,100, 7.00, 1.26, 0.84,3065,3858.00
509,509,,*MANUAL*,54,954,97, 4.00, 1.27, 0.80,2103,2680.00
510,510,,*MANUAL*,64,873,94, 7.00, 1.34, 0.90,3065,4099.00
511,511,,*MANUAL*,62,781,95, 6.00, 1.42, 0.96,4163,5930.00
512,512,,*MANUAL*,50,694,72, 4.00, 1.03, 0.74,4163,4291.00
513,513,,*MANUAL*,64,635,85, 7.00, 1.34, 0.96,3065,4093.00
514,514,,*MANUAL*,62,539,92, 4.00, 1.13, 0.79,3065,3459.00
515,515,,*MANUAL*,65,457,99, 5.00, 1.24, 0.81,2103,2602.00
516,516,,*MANUAL*,63,376,97, 6.00, 1.46, 0.98,2103,3080.00
517,517,,*MANUAL*,60,939,57, 6.00, 1.52, 0.91,4163,6324.00
518,518,,*MANUAL*,60,882,54, 6.00, 1.51, 0.97,4163,6297.00
519,519,,*MANUAL*,60,812,58, 6.00, 1.33, 0.80,4163,5526.00
520,520,,*MANUAL*,66,727,61, 6.00, 1.45, 0.80,5569,8079.00
521,521,,*MANUAL*,64,589,72, 6.00, 1.28, 0.89,4163,5309.00
522,522,,*MANUAL*,60,484,74, 5.00, 1.28, 0.85,4163,5315.00
523,523,,*MANUAL*,57,416,74, 6.00, 1.36, 0.81,3065,4164.00
524,524,,*MANUAL*,51,357,73, 6.00, 1.43, 0.98,3065,4386.00
525,525,,*MANUAL*,51,333,72, 5.00, 1.45, 0.88,1413,2055.00
526,526,,*MANUAL*,45,1508,81, 5.00, 1.67, 0.93,3065,5127.00
527,527,,*MANUAL*,44,1469,67, 5.00, 1.65, 0.89,2103,3477.00
528,528,,*MANUAL*,47,1441,60, 4.00, 1.37, 0.85,2103,2886.00
529,529,,*MANUAL*,48,1404,53, 8.00, 1.55, 0.91,3065,4765.00
530,530,,*MANUAL*,42,1371,57, 5.00, 1.42, 0.97,1413,2001.00
531,531,,*MANUAL*,50,1314,38, 6.00, 1.50, 0.97,1413,2120.00
532,532,,*MANUAL*,44,1278,48, 5.00, 1.33, 0.82,2103,2801.00
533,533,,*MANUAL*,51,1170,36, 5.00, 1.13, 0.90,2103,2372.00
534,534,,*MANUAL*,58,1152,38, 7.00, 1.08, 0.91,2103,2266.00
535,535,,*MANUAL*,47,1148,39, 6.00, 1.04, 0.89,2103,2181.00
536,536,,*MANUAL*,50,1071,39, 6.00, 1.21, 0.90,2103,2554.00
537,537,,*MANUAL*,45,1042,43, 7.00, 1.18, 0.85,3065,3610.00
538,538,,*MANUAL*,47,969,44, 6.00, 1.42, 0.90,3065,4342.00
539,539,,*MANUAL*,43,917,49, 6.00, 1.36, 0.86,3065,4156.00
540,540,,*MANUAL*,48,851,46, 4.00, 1.34, 0.77,2103,2814.00
541,541,,*MANUAL*,45,786,51, 5.00, 1.45, 0.89,3065,4445.00
542,542,,*MANUAL*,47,736,50, 4.00, 1.35, 0.78,3065,4135.00
543,543,,*MANUAL*,46,640,55, 6.00, 1.29, 0.95,3065,3951.00
544,544,,*MANUAL*,50,581,57, 5.00, 1.28, 0.97,2103,2687.00
545,545,,*MANUAL*,51,501,61, 6.00, 1.47, 0.95,2103,3099.00
546,546,,*MANUAL*,51,440,67, 6.00, 1.47, 0.85,3065,4500.00
547,547,,*MANUAL*,48,395,67, 5.00, 1.57, 0.81,2103,3304.00
548,548,,*MANUAL*,46,1464,96, 6.00, 1.73, 1.04,1413,2441.00
549,549,,*MANUAL*,52,1440,105, 5.00, 1.48, 0.99,1413,2095.00
550,550,,*MANUAL*,54,1408,110, 8.00, 1.70, 1.08,2103,3575.00
551,551,,*MANUAL*,46,1363,105, 6.00, 1.37, 1.09,1413,1937.00
552,552,,*MANUAL*,55,1320,110, 6.00, 1.21, 0.87,1413,1709.00
553,553,,*MANUAL*,49,1293,102, 4.00, 1.19, 0.88,1413,1675.00
554,554,,*MANUAL*,54,1193,106, 7.00, 1.09, 0.90,1413,1538.00
555,555,,*MANUAL*,47,1128,104,11.00, 2.58, 1.59,2103,5422.00
556,556,,*MANUAL*,56,1079,110, 5.00, 1.26, 0.92,2103,2641.00
557,557,,*MANUAL*,49,1035,103, 6.00, 1.34, 0.78,2103,2811.00
558,558,,*MANUAL*,52,959,112, 6.00, 1.83, 1.05,2103,3848.00
559,559,,*MANUAL*,48,904,106, 4.00, 1.32, 0.72,3065,4056.00
560,560,,*MANUAL*,55,851,107, 5.00, 1.32, 0.78,2103,2782.00
561,561,,*MANUAL*,51,791,105, 5.00, 1.32, 0.81,2103,2771.00
562,562,,*MANUAL*,58,732,108, 4.00, 1.12, 0.71,1413,1578.00
563,563,,*MANUAL*,51,639,101, 6.00, 1.17, 0.93,1413,1653.00
564,564,,*MANUAL*,60,520,108, 5.00, 1.33, 0.80,2103,2790.00
565,565,,*MANUAL*,56,418,107, 5.00, 1.40, 0.84,2103,2953.00
566,566,,*MANUAL*,68,365,102, 7.00, 1.67, 0.97,2103,3504.00
567,567,,*MANUAL*,70,344,94,20.00, 2.78, 2.43,2103,5851.00
568,568,,*MANUAL*,70,326,94,12.00, 2.19, 1.30,2103,4614.00
569,569,,*MANUAL*,73,327,80, 5.00, 1.94, 0.85,1413,2738.00
570,570,,*MANUAL*,61,320,91, 9.00, 1.93, 1.26,1413,2728.00
571,571,,*MANUAL*,65,310,104, 8.00, 2.04, 1.18,1413,2879.00
572,572,,*MANUAL*,49,339,93,10.00, 2.38, 1.44,1413,3366.00
573,573,,*MANUAL*,58,351,103, 5.00, 1.49, 0.87,1413,2107.00
574,574,,*MANUAL*,51,324,88, 5.00, 1.69, 0.80,1413,2386.00
575,575,,*MANUAL*,51,307,91,12.00, 2.49, 1.36,2103,5230.00
576,576,,*MANUAL*,52,299,71, 5.00, 1.50, 0.83,2103,3159.00
577,577,,*MANUAL*,49,291,84, 5.00, 1.27, 0.82,1413,1795.00
578,578,,*MANUAL*,55,291,94, 6.00, 1.71, 0.95,2103,3606.00
579,579,,*MANUAL*,50,277,78, 6.00, 1.37, 0.86,1413,1941.00
580,580,,*MANUAL*,53,269,89, 5.00, 1.26, 0.82,1413,1776.00
581,581,,*MANUAL*,53,260,77, 6.00, 1.44, 0.88,2103,3038.00
582,582,,*MANUAL*,54,246,84, 5.00, 1.34, 0.86,1413,1887.00
583,583,,*MANUAL*,56,230,91, 5.00, 1.52, 0.85,1413,2154.00
584,584,,*MANUAL*,58,240,72, 6.00, 1.71, 0.98,2103,3586.00
585,585,,*MANUAL*,74,310,84,14.00, 5.29, 2.08,2103,11128.00
586,586,,*MANUAL*,73,293,77, 7.00, 1.81, 0.91,1413,2557.00
587,587,,*MANUAL*,72,292,90, 6.00, 1.80, 0.86,1413,2538.00
588,588,,*MANUAL*,72,282,75, 7.00, 2.02, 1.03,2103,4238.00
589,589,,*MANUAL*,71,267,83, 7.00, 1.92, 1.00,2103,4047.00
590,590,,*MANUAL*,67,258,74, 5.00, 1.93, 0.98,1413,2732.00
591,591,,*MANUAL*,65,244,82, 6.00, 1.73, 0.97,1413,2444.00
592,592,,*MANUAL*,65,233,91, 7.00, 2.12, 1.04,1413,2993.00
593,593,,*MANUAL*,68,210,81,26.00, 5.64, 3.86,3065,17275.00
594,594,,*MANUAL*,55,202,84, 9.00, 2.18, 1.20,2103,4595.00
595,595,,*MANUAL*,63,193,77,10.00, 2.88, 1.43,1413,4068.00
596,596,,*MANUAL*,63,202,97,11.00, 3.65, 1.69,2103,7684.00
597,597,,*MANUAL*,64,181,91, 8.00, 2.60, 1.12,2103,5466.00
598,598,,*MANUAL*,64,151,85, 6.00, 2.05, 0.95,3065,6294.00
599,599,,*MANUAL*,57,146,78, 9.00, 2.31, 1.19,3065,7081.00
600,600,,*MANUAL*,60,116,85, 6.00, 2.13, 0.96,1413,3007.00
601,601,,*MANUAL*,60,99,81, 6.00, 2.62, 1.07,2103,5510.00
602,602,,*MANUAL*,59,69,79,11.00, 3.37, 1.59,2103,7093.00
603,603,,*MANUAL*,58,310,66, 6.00, 1.47, 0.93,1413,2072.00
604,604,,*MANUAL*,59,298,84, 5.00, 1.39, 0.83,1413,1969.00
605,605,,*MANUAL*,63,281,93, 7.00, 1.57, 0.87,1413,2225.00
606,606,,*MANUAL*,63,282,76, 5.00, 1.37, 0.83,1413,1934.00
607,607,,*MANUAL*,61,266,71, 7.00, 1.93, 0.98,1413,2726.00
608,608,,*MANUAL*,62,261,87, 5.00, 1.30, 0.82,1413,1843.00
609,609,,*MANUAL*,65,304,73, 7.00, 1.77, 1.03,1413,2508.00
610,610,,*MANUAL*,65,335,71, 6.00, 1.61, 0.87,1413,2268.00
611,611,,*MANUAL*,58,332,103,23.00, 4.15, 4.12,1413,5870.00
612,612,f1,*MANUAL*,63,1253,68, 6.00, 1.83, 1.03,1413,2588.00
613,613,f2,*MANUAL*,63,1220,67, 9.00, 2.20, 1.18,1413,3107.00
614,614,f3,*MANUAL*,63,1188,64, 7.00, 1.89, 1.08,1413,2664.00
615,615,f4,*MANUAL*,63,1169,63, 7.00, 1.63, 1.05,1413,2309.00
616,616,f5,*MANUAL*,63,1131,68, 6.00, 1.51, 0.96,1413,2132.00
617,617,f6,*MANUAL*,63,1109,65, 5.00, 1.28, 0.85,1413,1811.00
618,618,f7,*MANUAL*,63,1081,66, 6.00, 1.36, 0.93,1413,1923.00
619,619,f8,*MANUAL*,63,1036,72, 3.00, 0.87, 0.67,1413,1224.00
620,620,f9,*MANUAL*,63,1005,74, 4.00, 1.07, 0.74,1413,1514.00
621,621,f10,*MANUAL*,63,961,75, 4.00, 1.18, 0.82,1413,1674.00
