0,0,*NOUSE*,*NOUSE*,0,0,0,0,0,0,0,0
1,1,*NOUSE*,*NOUSE*,0,0,0,0,0,0,0,0
2,2,*NOUSE*,*NOUSE*,0,0,0,0,0,0,0,0
3,3,,,44,512,76,142.00,45.90,25.05,5568,255576
4,4,,,44,741,87,177.00,41.77,29.33,7613,317995
5,5,*NOUSE*,*NOUSE*,0,0,0,0,0,0,0,0
6,6,,,46,861,90,144.00,31.89,24.32,7673,244728
7,7,*NOUSE*,*NOUSE*,0,0,0,0,0,0,0,0
8,8,*NOUSE*,*NOUSE*,0,0,0,0,0,0,0,0
9,9,,,46,1387,82,189.00,85.75,38.45,3013,258369
10,10,*NOUSE*,*NOUSE*,0,0,0,0,0,0,0,0
11,11,*NOUSE*,*NOUSE*,0,0,0,0,0,0,0,0
12,12,*NOUSE*,*NOUSE*,0,0,0,0,0,0,0,0
13,13,*NOUSE*,*NOUSE*,0,0,0,0,0,0,0,0
14,14,*NOUSE*,*NOUSE*,0,0,0,0,0,0,0,0
15,15,*NOUSE*,*NOUSE*,0,0,0,0,0,0,0,0
16,16,,,43,1150,72,213.00,120.18,31.11,760,91340
17,17,*NOUSE*,*NOUSE*,0,0,0,0,0,0,0,0
18,18,,,52,326,72,207.00,69.69,46.39,5455,380135
19,19,*NOUSE*,*NOUSE*,0,0,0,0,0,0,0,0
20,20,,,48,1064,109,137.00,75.71,23.57,2231,168917
21,21,,,44,485,86,135.00,87.05,22.00,495,43090
22,22,*NOUSE*,*NOUSE*,0,0,0,0,0,0,0,0
23,23,*NOUSE*,*NOUSE*,0,0,0,0,0,0,0,0
24,24,*NOUSE*,*NOUSE*,0,0,0,0,0,0,0,0
25,25,*NOUSE*,*NOUSE*,0,0,0,0,0,0,0,0
26,26,*NOUSE*,*NOUSE*,0,0,0,0,0,0,0,0
27,27,*NOUSE*,*NOUSE*,0,0,0,0,0,0,0,0
28,28,*NOUSE*,*NOUSE*,0,0,0,0,0,0,0,0
29,29,*NOUSE*,*NOUSE*,0,0,0,0,0,0,0,0
30,30,*NOUSE*,*NOUSE*,0,0,0,0,0,0,0,0
31,31,*NOUSE*,*NOUSE*,0,0,0,0,0,0,0,0
32,32,,,51,651,91,177.00,77.84,33.66,3943,306926
33,33,*NOUSE*,*NOUSE*,0,0,0,0,0,0,0,0
34,34,*NOUSE*,*NOUSE*,0,0,0,0,0,0,0,0
35,35,,,60,464,85,202.00,30.37,22.55,14794,449313
36,36,*NOUSE*,*NOUSE*,0,0,0,0,0,0,0,0
37,37,*NOUSE*,*NOUSE*,0,0,0,0,0,0,0,0
38,38,,,54,459,45,207.00,55.62,43.54,4754,264423
39,39,,,58,617,54,74.00,23.12,12.74,11967,276641
40,40,*NOUSE*,*NOUSE*,0,0,0,0,0,0,0,0
41,41,*NOUSE*,*NOUSE*,0,0,0,0,0,0,0,0
42,42,*NOUSE*,*NOUSE*,0,0,0,0,0,0,0,0
43,43,*NOUSE*,*NOUSE*,0,0,0,0,0,0,0,0
44,44,*NOUSE*,*NOUSE*,0,0,0,0,0,0,0,0
45,45,*NOUSE*,*NOUSE*,0,0,0,0,0,0,0,0
46,46,,,53,601,40,195.00,80.18,38.27,2285,183210
47,47,*NOUSE*,*NOUSE*,0,0,0,0,0,0,0,0
48,48,*NOUSE*,*NOUSE*,0,0,0,0,0,0,0,0
49,49,,,55,1375,52,212.00,104.91,42.29,3100,325227
50,50,*NOUSE*,*NOUSE*,0,0,0,0,0,0,0,0
51,51,*NOUSE*,*NOUSE*,0,0,0,0,0,0,0,0
52,52,,,56,1329,47,224.00,141.17,33.00,1722,243103
53,53,*NOUSE*,*NOUSE*,0,0,0,0,0,0,0,0
54,54,*NOUSE*,*NOUSE*,0,0,0,0,0,0,0,0
55,55,*NOUSE*,*NOUSE*,0,0,0,0,0,0,0,0
56,56,,,51,294,78,218.00,138.49,27.22,671,92928
57,57,*NOUSE*,*NOUSE*,0,0,0,0,0,0,0,0
58,58,*NOUSE*,*NOUSE*,0,0,0,0,0,0,0,0
59,59,*NOUSE*,*NOUSE*,0,0,0,0,0,0,0,0
60,60,*NOUSE*,*NOUSE*,0,0,0,0,0,0,0,0
61,61,*NOUSE*,*NOUSE*,0,0,0,0,0,0,0,0
62,62,*NOUSE*,*NOUSE*,0,0,0,0,0,0,0,0
63,63,,,53,277,64,250.00,172.23,41.90,665,114530
64,64,*NOUSE*,*NOUSE*,0,0,0,0,0,0,0,0
65,65,,,55,1465,39,144.00,82.56,19.49,1579,130357
66,66,*NOUSE*,*NOUSE*,0,0,0,0,0,0,0,0
67,67,,,66,212,62,188.00,51.63,38.96,6833,352779
68,68,*NOUSE*,*NOUSE*,0,0,0,0,0,0,0,0
69,69,,,54,270,73,217.00,147.61,25.23,433,63916
70,70,,,66,378,86,200.00,45.04,30.08,13399,603557
71,71,,,59,826,99,170.00,69.73,32.56,3953,275650
72,72,,,59,763,39,171.00,79.07,32.15,2652,209686
73,73,*NOUSE*,*NOUSE*,0,0,0,0,0,0,0,0
74,74,,,55,1363,96,216.00,141.49,28.55,714,101025
75,75,*NOUSE*,*NOUSE*,0,0,0,0,0,0,0,0
76,76,,,55,1471,104,161.00,84.05,17.01,1246,104723
77,77,,,61,1300,46,162.00,75.41,28.89,3762,283695
78,78,,,64,246,57,180.00,51.74,38.40,6681,345696
79,79,,,59,322,82,214.00,116.84,44.26,1284,150022
80,80,*NOUSE*,*NOUSE*,0,0,0,0,0,0,0,0
81,81,*NOUSE*,*NOUSE*,0,0,0,0,0,0,0,0
82,82,,,62,155,62,179.00,53.51,35.84,4849,259492
83,83,,,63,300,65,216.00,111.42,39.39,3340,372159
84,84,,,64,89,69,189.00,33.56,33.17,7086,237780
85,85,,,65,114,69,169.00,34.88,33.12,8320,290239
86,86,,,63,285,62,225.00,99.89,34.39,3287,328348
87,87,,,63,272,57,227.00,107.48,41.12,4067,437105
88,88,,,61,231,76,209.00,133.16,32.57,693,92280
89,89,*NOUSE*,*NOUSE*,0,0,0,0,0,0,0,0
90,90,*NOUSE*,*NOUSE*,0,0,0,0,0,0,0,0
91,91,*NOUSE*,*NOUSE*,0,0,0,0,0,0,0,0
92,92,,,66,1265,107,191.00,72.95,42.67,3230,235620
93,93,,,66,1231,109,185.00,70.07,38.79,3535,247690
94,94,*NOUSE*,*NOUSE*,0,0,0,0,0,0,0,0
95,95,*NOUSE*,*NOUSE*,0,0,0,0,0,0,0,0
96,96,*NOUSE*,*NOUSE*,0,0,0,0,0,0,0,0
97,97,*NOUSE*,*NOUSE*,0,0,0,0,0,0,0,0
98,98,*NOUSE*,*NOUSE*,0,0,0,0,0,0,0,0
99,99,,,63,866,102,192.00,125.69,23.40,406,51029
100,100,*NOUSE*,*NOUSE*,0,0,0,0,0,0,0,0
101,101,*NOUSE*,*NOUSE*,0,0,0,0,0,0,0,0
102,102,,,71,491,43,201.00,65.58,46.12,4135,271155
103,103,*NOUSE*,*NOUSE*,0,0,0,0,0,0,0,0
104,104,*NOUSE*,*NOUSE*,0,0,0,0,0,0,0,0
105,105,*NOUSE*,*NOUSE*,0,0,0,0,0,0,0,0
106,106,*NOUSE*,*NOUSE*,0,0,0,0,0,0,0,0
107,107,*NOUSE*,*NOUSE*,0,0,0,0,0,0,0,0
108,108,,,69,1327,39,208.00,124.41,20.84,1113,138468
109,109,*NOUSE*,*NOUSE*,0,0,0,0,0,0,0,0
110,110,*NOUSE*,*NOUSE*,0,0,0,0,0,0,0,0
111,111,,,74,772,49,85.00,29.12,11.52,6351,184972
112,112,*NOUSE*,*NOUSE*,0,0,0,0,0,0,0,0
113,113,*NOUSE*,*NOUSE*,0,0,0,0,0,0,0,0
114,114,*NOUSE*,*NOUSE*,0,0,0,0,0,0,0,0
115,115,,,73,645,38,222.00,85.54,41.77,2456,210096
116,116,*NOUSE*,*NOUSE*,0,0,0,0,0,0,0,0
117,117,,,72,230,64,171.00,68.71,27.84,1806,124083
118,118,*NOUSE*,*NOUSE*,0,0,0,0,0,0,0,0
119,119,*NOUSE*,*NOUSE*,0,0,0,0,0,0,0,0
120,120,*NOUSE*,*NOUSE*,0,0,0,0,0,0,0,0
121,121,,,77,329,69,223.00,90.71,48.29,2793,253345
122,122,*NOUSE*,*NOUSE*,0,0,0,0,0,0,0,0
123,123,,,74,596,92,223.00,106.97,37.76,2500,267423
124,124,*NOUSE*,*NOUSE*,0,0,0,0,0,0,0,0
125,125,*NOUSE*,*NOUSE*,0,0,0,0,0,0,0,0
126,126,,,83,583,78,201.00,43.93,34.05,8071,354562
127,127,*NOUSE*,*NOUSE*,0,0,0,0,0,0,0,0
128,128,,,80,804,35,214.00,78.52,42.28,3379,265316
129,129,*NOUSE*,*NOUSE*,0,0,0,0,0,0,0,0
130,130,,,78,1304,46,173.00,103.25,27.76,1623,167582
131,131,*NOUSE*,*NOUSE*,0,0,0,0,0,0,0,0
132,132,*NOUSE*,*NOUSE*,0,0,0,0,0,0,0,0
133,133,*NOUSE*,*NOUSE*,0,0,0,0,0,0,0,0
134,134,*NOUSE*,*NOUSE*,0,0,0,0,0,0,0,0
135,135,*NOUSE*,*NOUSE*,0,0,0,0,0,0,0,0
136,136,*NOUSE*,*NOUSE*,0,0,0,0,0,0,0,0
137,137,*NOUSE*,*NOUSE*,0,0,0,0,0,0,0,0
138,138,*NOUSE*,*NOUSE*,0,0,0,0,0,0,0,0
139,139,,,84,841,35,183.00,63.94,38.52,6164,394150
140,140,,,80,1463,39,173.00,90.67,25.86,1822,165206
141,141,*NOUSE*,*NOUSE*,0,0,0,0,0,0,0,0
142,142,*NOUSE*,*NOUSE*,0,0,0,0,0,0,0,0
143,143,*NOUSE*,*NOUSE*,0,0,0,0,0,0,0,0
144,144,*NOUSE*,*NOUSE*,0,0,0,0,0,0,0,0
145,145,,,80,1332,43,233.00,175.55,24.87,521,91461
146,146,*NOUSE*,*NOUSE*,0,0,0,0,0,0,0,0
147,147,*NOUSE*,*NOUSE*,0,0,0,0,0,0,0,0
148,148,*NOUSE*,*NOUSE*,0,0,0,0,0,0,0,0
149,149,,,86,943,92,196.00,62.15,35.34,4032,250602
150,150,,,82,490,86,231.00,114.29,32.43,940,107431
151,151,,,85,1183,35,191.00,68.88,29.28,3096,213263
152,152,*NOUSE*,*NOUSE*,0,0,0,0,0,0,0,0
153,153,*NOUSE*,*NOUSE*,0,0,0,0,0,0,0,0
154,154,,,82,1463,101,144.00,82.48,18.59,1157,95433
155,155,,,88,1376,55,230.00,113.54,51.70,2824,320645
156,156,*NOUSE*,*NOUSE*,0,0,0,0,0,0,0,0
157,157,*NOUSE*,*NOUSE*,0,0,0,0,0,0,0,0
158,158,,,89,1397,83,225.00,104.22,50.98,3150,328282
159,159,*NOUSE*,*NOUSE*,84,1403,101,113.00,84.23,16.87,13,1095
160,160,*NOUSE*,*NOUSE*,0,0,0,0,0,0,0,0
161,161,*NOUSE*,*NOUSE*,0,0,0,0,0,0,0,0
162,162,*NOUSE*,*NOUSE*,0,0,0,0,0,0,0,0
163,163,*NOUSE*,*NOUSE*,0,0,0,0,0,0,0,0
164,164,,,94,866,83,165.00,42.68,32.49,5540,236422
165,165,*NOUSE*,*NOUSE*,0,0,0,0,0,0,0,0
166,166,,,93,964,85,155.00,62.54,29.05,2321,145149
167,167,*NOUSE*,*NOUSE*,0,0,0,0,0,0,0,0
168,168,*NOUSE*,*NOUSE*,0,0,0,0,0,0,0,0
169,169,,,92,1138,67,125.00,76.77,20.14,1036,79538
170,170,*NOUSE*,*NOUSE*,0,0,0,0,0,0,0,0
171,171,*NOUSE*,*NOUSE*,0,0,0,0,0,0,0,0
172,172,*NOUSE*,*NOUSE*,0,0,0,0,0,0,0,0
173,173,*NOUSE*,*NOUSE*,0,0,0,0,0,0,0,0
174,174,*NOUSE*,*NOUSE*,0,0,0,0,0,0,0,0
175,175,*NOUSE*,*NOUSE*,0,0,0,0,0,0,0,0
176,176,,*MANUAL*,91,1139,82,203.00,116.27,37.71,895,104058
177,177,,*MANUAL*,93,1156,83,206.00,123.17,31.52,895,110240
178,178,,*MANUAL*,94,1176,87,207.00,117.61,42.33,895,105260
179,179,,*MANUAL*,95,1195,86,218.00,125.08,31.42,895,111946
180,180,,*MANUAL*,95,1212,86,211.00,119.17,36.35,895,106659
181,181,,*MANUAL*,95,1228,85,220.00,116.21,40.80,895,104005
182,182,,*MANUAL*,96,1297,83,177.00,113.93,19.61,891,101514
183,183,,*MANUAL*,97,1274,85,212.00,129.40,29.29,895,115811
184,184,,*MANUAL*,97,1255,83,172.00,101.75,28.14,861,87607
185,185,,*MANUAL*,95,1313,83,225.00,138.05,35.04,895,123556
186,186,,*MANUAL*,95,1329,85,213.00,134.31,33.77,891,119674
187,187,,*MANUAL*,95,1312,66,185.00,115.33,23.81,893,102994
188,188,,*MANUAL*,97,1288,69,188.00,115.09,22.55,895,103002
189,189,,*MANUAL*,97,1267,64,147.00,86.87,22.72,1365,118581
190,190,,*MANUAL*,96,1243,70,235.00,145.19,35.14,895,129948
191,191,,*MANUAL*,96,1226,64,217.00,123.81,31.83,895,110807
192,192,,*MANUAL*,93,1244,56,227.00,136.64,38.05,895,122292
193,193,,*MANUAL*,94,1332,67,201.00,118.00,32.72,895,105611
194,194,,*MANUAL*,94,1348,66,224.00,120.82,35.08,895,108132
195,195,,*MANUAL*,89,1320,51,239.00,140.72,33.36,832,117079
196,196,,*MANUAL*,83,1316,57,231.00,153.38,25.02,895,137276
197,197,,*MANUAL*,84,1333,59,241.00,156.75,36.65,799,125242
198,198,,*MANUAL*,76,1336,55,250.00,173.71,40.79,895,155468
199,199,,*MANUAL*,85,1324,83,250.00,167.55,33.40,886,148452
200,200,,*MANUAL*,77,1324,91,243.00,155.97,35.12,895,139596
201,201,,*MANUAL*,94,1291,53,226.00,130.48,39.57,895,116782
202,202,,*MANUAL*,91,1260,49,230.00,143.98,39.72,895,128861
203,203,,*MANUAL*,88,1278,51,198.00,125.94,33.06,895,112712
204,204,,*MANUAL*,86,1302,58,194.00,124.78,22.85,895,111678
205,205,,*MANUAL*,85,1286,61,217.00,140.31,25.36,895,125577
206,206,,*MANUAL*,92,1232,75,224.00,142.68,24.75,895,127699
207,207,,*MANUAL*,90,1253,76,206.00,134.29,26.89,895,120194
208,208,,*MANUAL*,90,1271,74,201.00,131.45,29.38,895,117652
209,209,,*MANUAL*,89,1296,74,219.00,135.88,28.35,895,121617
210,210,,*MANUAL*,89,1319,73,218.00,137.77,33.62,895,123305
211,211,,*MANUAL*,86,1255,61,206.00,141.64,22.82,877,124219
212,212,,*MANUAL*,82,1249,47,218.00,152.55,32.10,895,136536
213,213,,*MANUAL*,77,1267,50,185.00,133.11,20.50,895,119134
214,214,,*MANUAL*,76,1287,44,170.00,109.14,18.86,895,97678
215,215,,*MANUAL*,76,1322,45,216.00,146.79,25.84,895,131377
216,216,,*MANUAL*,69,1346,36,192.00,112.90,23.34,886,100031
217,217,,*MANUAL*,41,1153,85,166.00,98.58,22.91,895,88229
218,218,,*MANUAL*,41,1173,88,152.00,103.11,19.11,895,92286
219,219,,*MANUAL*,40,1195,87,171.00,101.95,22.52,895,91245
220,220,,*MANUAL*,41,1213,87,161.00,100.85,19.79,895,90265
221,221,,*MANUAL*,40,1234,87,165.00,98.19,23.07,895,87877
222,222,,*MANUAL*,40,1292,81,145.00,99.84,15.99,895,89355
223,223,,*MANUAL*,40,1276,86,183.00,110.29,22.96,873,96287
224,224,,*MANUAL*,40,1258,83,129.00,80.82,16.30,1365,110326
225,225,,*MANUAL*,42,1245,70,179.00,104.68,23.56,817,85525
226,226,,*MANUAL*,44,1231,63,171.00,97.21,23.19,895,87004
227,227,,*MANUAL*,44,1249,52,203.00,123.21,30.94,895,110276
228,228,,*MANUAL*,42,1306,85,190.00,110.17,29.83,895,98603
229,229,,*MANUAL*,44,1323,84,161.00,104.94,17.55,895,93922
230,230,,*MANUAL*,42,1305,65,158.00,97.16,22.26,1365,132629
231,231,,*MANUAL*,44,1320,68,160.00,109.38,18.05,895,97895
232,232,,*MANUAL*,44,1337,65,172.00,96.61,18.66,895,86465
233,233,,*MANUAL*,44,1288,53,192.00,116.07,25.54,895,103881
234,234,,*MANUAL*,50,1261,47,211.00,140.45,28.16,895,125703
235,235,,*MANUAL*,53,1276,47,211.00,129.31,21.66,895,115734
236,236,,*MANUAL*,52,1296,61,169.00,106.57,19.33,895,95383
237,237,,*MANUAL*,54,1281,63,165.00,109.21,18.33,895,97739
238,238,,*MANUAL*,49,1232,76,212.00,126.66,22.09,769,97398
239,239,,*MANUAL*,49,1249,74,175.00,114.40,18.18,895,102387
240,240,,*MANUAL*,52,1266,68,179.00,115.01,21.09,889,102247
241,241,,*MANUAL*,52,1292,77,194.00,112.95,25.97,895,101091
242,242,,*MANUAL*,53,1313,79,202.00,115.99,20.70,895,103813
243,243,,*MANUAL*,47,1313,52,206.00,120.36,29.74,895,107724
244,244,,*MANUAL*,55,1310,61,206.00,120.29,23.24,895,107664
245,245,,*MANUAL*,54,1326,61,222.00,140.59,23.95,879,123578
246,246,,*MANUAL*,64,1332,55,240.00,162.71,32.97,895,145622
247,247,,*MANUAL*,58,1331,69,188.00,109.56,33.61,895,98058
248,248,,*MANUAL*,60,1323,87,217.00,132.93,32.20,895,118968
249,249,,*MANUAL*,58,1252,43,219.00,142.81,24.50,895,127818
250,250,,*MANUAL*,63,1267,51,175.00,117.04,18.70,895,104747
251,251,,*MANUAL*,63,1283,45,155.00,102.24,17.69,895,91504
252,252,,*MANUAL*,63,1317,45,207.00,135.17,21.67,895,120976
253,253,,*MANUAL*,65,1126,108,176.00,113.24,25.18,895,101353
254,254,,*MANUAL*,67,1143,114,183.00,106.03,25.80,877,92986
255,255,,*MANUAL*,76,1152,105,217.00,118.22,27.81,895,105806
256,256,,*MANUAL*,58,1159,106,206.00,134.03,25.72,869,116476
257,257,,*MANUAL*,65,1162,113,178.00,112.33,26.13,895,100532
258,258,,*MANUAL*,69,1185,113,217.00,131.61,32.13,889,117003
259,259,,*MANUAL*,75,1174,109,212.00,131.10,29.16,895,117332
260,260,,*MANUAL*,60,1178,109,196.00,130.96,23.85,895,117212
261,261,,*MANUAL*,72,1195,109,215.00,149.54,26.22,849,126961
262,262,,*MANUAL*,63,1198,108,232.00,140.21,35.20,895,125488
263,263,,*MANUAL*,69,1211,112,195.00,105.16,30.88,895,94120
264,264,,*MANUAL*,60,1143,106,206.00,118.56,27.20,895,106110
265,265,,*MANUAL*,68,1284,113,189.00,104.99,26.92,895,93966
266,266,,*MANUAL*,63,1242,96,86.00,42.85,14.33,1365,58496
267,267,,*MANUAL*,60,1224,98,217.00,140.65,24.82,895,125885
268,268,,*MANUAL*,49,1222,96,211.00,133.35,23.90,895,119347
269,269,,*MANUAL*,49,1206,99,173.00,100.41,22.98,895,89867
270,270,,*MANUAL*,74,1230,99,214.00,138.84,25.87,895,124262
271,271,,*MANUAL*,85,1226,96,220.00,130.73,25.75,895,117007
272,272,,*MANUAL*,85,1210,101,173.00,103.89,25.11,895,92978
273,273,,*MANUAL*,85,1195,105,194.00,107.25,26.96,895,95986
274,274,,*MANUAL*,98,1362,72,152.00,74.85,28.85,1359,101721
275,275,,*MANUAL*,94,1401,69,243.00,165.14,29.51,828,136736
276,276,,*MANUAL*,86,1387,91,212.00,135.81,29.18,895,121553
277,277,,*MANUAL*,94,1382,76,190.00,113.19,35.05,879,99494
278,278,,*MANUAL*,87,1375,87,193.00,122.03,28.85,895,109215
279,279,,*MANUAL*,90,1361,88,192.00,108.27,37.89,895,96899
280,280,,*MANUAL*,76,1373,99,249.00,154.83,44.65,755,116893
281,281,,*MANUAL*,73,1355,104,205.00,142.26,25.11,889,126472
282,282,,*MANUAL*,68,1340,106,190.00,112.21,29.56,895,100426
283,283,,*MANUAL*,79,1400,100,219.00,121.75,39.14,895,108968
284,284,,*MANUAL*,71,1386,99,219.00,149.15,27.83,845,126032
285,285,,*MANUAL*,95,1415,77,214.00,140.42,26.65,895,125672
286,286,,*MANUAL*,97,1420,62,199.00,113.19,28.55,895,101303
287,287,,*MANUAL*,97,1432,74,245.00,146.23,41.00,895,130880
288,288,,*MANUAL*,96,1450,70,231.00,145.92,39.73,895,130594
289,289,,*MANUAL*,94,1444,83,232.00,150.32,37.26,895,134539
290,290,,*MANUAL*,93,1463,75,237.00,138.99,35.88,895,124393
291,291,,*MANUAL*,89,1473,81,220.00,129.22,35.72,895,115653
292,292,,*MANUAL*,89,1488,80,220.00,132.42,35.43,881,116659
293,293,,*MANUAL*,89,1509,77,220.00,125.48,40.09,895,112302
294,294,,*MANUAL*,89,1533,72,215.00,121.08,30.53,895,108364
295,295,,*MANUAL*,87,1514,62,186.00,107.48,28.14,895,96195
296,296,,*MANUAL*,91,1491,69,174.00,84.80,28.14,1365,115753
297,297,,*MANUAL*,86,1496,58,219.00,134.82,37.02,895,120661
298,298,,*MANUAL*,87,1475,57,211.00,125.34,35.24,895,112180
299,299,,*MANUAL*,88,1457,51,238.00,135.19,40.25,895,120992
300,300,,*MANUAL*,94,1446,57,235.00,135.48,39.01,895,121251
301,301,,*MANUAL*,92,1430,55,234.00,142.18,30.86,895,127247
302,302,,*MANUAL*,90,1409,56,226.00,139.74,35.56,895,125070
303,303,,*MANUAL*,88,1367,73,234.00,147.11,32.73,895,131666
304,304,,*MANUAL*,86,1380,69,224.00,145.99,29.92,895,130661
305,305,,*MANUAL*,86,1397,67,226.00,151.39,28.28,895,135496
306,306,,*MANUAL*,88,1362,56,189.00,116.70,28.67,895,104444
307,307,,*MANUAL*,87,1392,54,249.00,154.98,49.05,881,136535
308,308,,*MANUAL*,83,1407,43,218.00,139.61,33.03,895,124955
309,309,,*MANUAL*,78,1389,52,250.00,178.10,31.92,895,159397
310,310,,*MANUAL*,79,1373,49,232.00,166.14,29.26,828,137561
311,311,,*MANUAL*,72,1369,47,229.00,165.22,23.29,705,116479
312,312,,*MANUAL*,42,1470,70,126.00,68.23,20.82,1365,93134
313,313,,*MANUAL*,46,1389,67,192.00,127.44,25.08,859,109470
314,314,,*MANUAL*,49,1401,77,197.00,116.09,23.56,862,100072
315,315,,*MANUAL*,39,1347,79,110.00,53.48,17.25,2101,112358
316,316,,*MANUAL*,46,1371,82,165.00,101.03,21.48,885,89408
317,317,,*MANUAL*,54,1378,85,186.00,121.27,23.27,895,108534
318,318,,*MANUAL*,47,1353,88,203.00,101.97,27.63,895,91259
319,319,,*MANUAL*,62,1389,99,210.00,146.91,25.45,895,131483
320,320,,*MANUAL*,62,1376,100,219.00,148.01,24.77,895,132471
321,321,,*MANUAL*,67,1364,101,241.00,156.35,33.00,895,139930
322,322,,*MANUAL*,51,1399,87,216.00,133.02,28.11,885,117727
323,323,,*MANUAL*,43,1407,63,156.00,89.15,21.88,895,79788
324,324,,*MANUAL*,47,1411,80,203.00,126.56,26.59,895,113271
325,325,,*MANUAL*,44,1422,83,206.00,125.14,30.34,895,112002
326,326,,*MANUAL*,44,1422,70,207.00,119.01,31.47,895,106510
327,327,,*MANUAL*,42,1438,68,194.00,121.33,25.40,895,108591
328,328,,*MANUAL*,47,1472,89,174.00,103.87,25.51,895,92962
329,329,,*MANUAL*,46,1490,83,160.00,94.87,22.59,895,84905
330,330,,*MANUAL*,46,1512,79,183.00,107.13,23.86,885,94814
331,331,,*MANUAL*,43,1535,73,168.00,101.57,21.26,895,90905
332,332,,*MANUAL*,42,1513,65,185.00,97.23,25.99,895,87025
333,333,,*MANUAL*,45,1492,58,152.00,91.15,20.52,895,81576
334,334,,*MANUAL*,49,1479,51,167.00,93.14,25.86,895,83357
335,335,,*MANUAL*,46,1454,52,178.00,109.42,20.46,895,97935
336,336,,*MANUAL*,50,1436,45,227.00,128.84,30.50,895,115316
337,337,,*MANUAL*,44,1425,55,190.00,111.37,24.61,883,98340
338,338,,*MANUAL*,50,1416,55,195.00,129.58,27.22,895,115972
339,339,,*MANUAL*,53,1403,56,198.00,127.01,25.16,895,113676
340,340,,*MANUAL*,51,1362,69,199.00,112.84,20.86,895,100988
341,341,,*MANUAL*,54,1377,68,172.00,116.51,21.86,895,104276
342,342,,*MANUAL*,55,1393,67,169.00,111.30,23.21,895,99615
343,343,,*MANUAL*,52,1360,54,193.00,108.05,26.40,895,96704
344,344,,*MANUAL*,57,1387,55,234.00,150.38,33.91,889,133684
345,345,,*MANUAL*,60,1402,44,202.00,131.25,28.38,895,117468
346,346,,*MANUAL*,67,1384,51,232.00,166.28,21.18,895,148824
347,347,,*MANUAL*,64,1368,48,234.00,158.31,26.57,895,141691
348,348,,*MANUAL*,44,1588,74,121.00,71.27,18.13,895,63785
349,349,,*MANUAL*,86,1588,69,134.00,76.16,20.37,895,68166
350,350,,*MANUAL*,65,1677,49,138.00,70.77,23.18,895,63339
351,351,,*MANUAL*,64,1606,43,194.00,111.15,30.94,895,99477
352,352,,*MANUAL*,64,1586,41,213.00,111.39,31.43,895,99692
353,353,,*MANUAL*,68,1563,41,210.00,132.67,34.61,895,118740
354,354,,*MANUAL*,71,1535,41,245.00,147.31,43.54,895,131844
355,355,,*MANUAL*,71,1516,40,243.00,150.78,34.82,895,134945
356,356,,*MANUAL*,59,1554,42,241.00,130.30,33.61,889,115841
357,357,,*MANUAL*,61,1526,40,232.00,146.38,34.75,895,131014
358,358,,*MANUAL*,67,1301,30,99.00,43.93,14.22,895,39320
359,359,,*MANUAL*,70,1384,32,109.00,50.52,18.20,1365,68953
360,360,,*MANUAL*,71,1412,38,191.00,122.38,22.36,895,109526
361,361,,*MANUAL*,65,1429,34,193.00,101.38,26.37,895,90737
362,362,,*MANUAL*,67,1493,35,194.00,99.24,25.89,895,88824
363,363,,*MANUAL*,64,1546,36,179.00,83.77,28.60,895,74970
364,364,,*MANUAL*,66,1662,90,133.00,67.06,28.19,895,60015
365,365,,*MANUAL*,66,1620,97,152.00,75.77,32.28,895,67810
366,366,,*MANUAL*,65,1587,98,183.00,88.27,29.28,895,79003
367,367,,*MANUAL*,70,1569,100,168.00,96.55,25.75,895,86414
368,368,,*MANUAL*,62,1550,101,192.00,121.71,26.82,870,105885
369,369,,*MANUAL*,71,1540,100,204.00,115.68,27.84,895,103532
370,370,,*MANUAL*,72,1518,102,231.00,143.63,42.26,895,128551
371,371,,*MANUAL*,72,1495,102,198.00,121.52,29.59,895,108760
372,372,,*MANUAL*,62,1527,101,214.00,130.74,31.00,895,117014
373,373,,*MANUAL*,63,1508,99,232.00,141.44,29.79,895,126593
374,374,,*MANUAL*$101$103,70,1379,111,149.00,50.19,23.95,5142,258059
375,375,,*MANUAL*$114$113,72,1404,111,131.00,51.65,21.07,3357,173381
376,376,,*MANUAL*,68,1444,108,134.00,67.47,24.35,1365,92097
377,377,,*MANUAL*,67,1556,107,150.00,63.10,24.15,895,56475
378,378,,*MANUAL*,60,1131,59,195.00,104.23,26.45,879,91618
379,379,,*MANUAL*,67,1137,90,190.00,83.87,34.46,797,66841
380,380,,*MANUAL*,52,1143,72,190.00,101.07,28.26,895,90459
381,381,,*MANUAL*,84,1140,65,226.00,127.72,28.94,895,114311
382,382,,*MANUAL*,64,1138,52,167.00,92.30,26.04,895,82608
383,383,,*MANUAL*,67,1145,93,222.00,130.05,33.92,895,116398
384,384,,*MANUAL*,70,1151,83,153.00,98.64,25.06,895,88287
385,385,,*MANUAL*,78,1155,50,139.00,78.52,18.74,1365,107177
386,386,,*MANUAL*,60,1161,88,216.00,130.24,33.49,895,116563
387,387,,*MANUAL*,78,1163,86,205.00,114.20,36.82,895,102213
388,388,,*MANUAL*,55,1169,49,195.00,121.26,25.02,895,108532
389,389,,*MANUAL*,67,1173,43,157.00,92.64,20.37,895,82910
390,390,,*MANUAL*,51,1174,62,128.00,79.26,18.33,895,70940
391,391,,*MANUAL*,85,1175,56,176.00,93.64,28.55,895,83812
392,392,,*MANUAL*,67,1175,94,148.00,83.35,22.10,895,74597
393,393,,*MANUAL*,55,1177,83,138.00,86.63,19.57,895,77538
394,394,,*MANUAL*,88,1172,77,160.00,87.02,25.24,895,77885
395,395,,*MANUAL*,69,1206,45,162.00,96.64,19.47,895,86490
396,396,,*MANUAL*,58,1201,81,147.00,79.80,18.45,895,71420
397,397,,*MANUAL*,84,1200,74,152.00,93.26,19.99,895,83471
398,398,,*MANUAL*,56,1206,46,196.00,130.09,22.22,895,116434
399,399,,*MANUAL*,82,1199,46,215.00,127.80,27.19,895,114379
400,400,,*MANUAL*,73,1207,91,176.00,113.71,21.58,895,101771
401,401,,*MANUAL*,54,1210,59,164.00,91.30,17.10,895,81710
402,402,,*MANUAL*,85,1214,57,185.00,115.96,25.00,895,103780
403,403,,*MANUAL*,69,1224,45,214.00,131.43,27.23,895,117626
404,404,,*MANUAL*,57,1220,82,215.00,132.23,29.70,895,118349
405,405,,*MANUAL*,86,1220,74,244.00,153.87,33.25,895,137715
406,406,,*MANUAL*,78,1224,83,167.00,103.92,20.26,849,88230
407,407,,*MANUAL*,82,1236,69,200.00,126.41,23.03,895,113136
408,408,,*MANUAL*,75,1238,52,171.00,105.15,22.30,895,94108
409,409,,*MANUAL*,60,1235,52,189.00,108.58,20.88,895,97176
410,410,,*MANUAL*,58,1233,76,181.00,108.11,23.68,895,96758
411,411,,*MANUAL*,69,1227,84,163.00,103.42,18.44,895,92559
412,412,,*MANUAL*,62,1245,69,128.00,81.37,16.75,895,72822
413,413,*NOUSE*,*NOUSE*,0,0,0,0,0,0,0,0
414,414,,*MANUAL*$413$142,78,1254,70,168.00,93.17,21.40,1364,127086
415,415,,*MANUAL*,73,1242,85,163.00,90.98,23.92,895,81430
416,416,,*MANUAL*,72,1400,61,184.00,105.12,26.90,895,94084
417,417,,*MANUAL*,61,1398,83,227.00,140.37,31.27,895,125628
418,418,,*MANUAL*,79,1400,84,234.00,147.53,35.89,895,132039
419,419,,*MANUAL*,71,1421,49,234.00,150.71,33.76,895,134886
420,420,,*MANUAL*,56,1425,83,195.00,121.35,22.39,895,108606
421,421,,*MANUAL*,81,1427,86,204.00,124.27,32.28,895,111223
422,422,,*MANUAL*,71,1439,47,238.00,148.64,28.17,779,115794
423,423,,*MANUAL*,78,1440,53,182.00,116.46,22.24,895,104236
424,424,,*MANUAL*,82,1441,72,203.00,114.61,34.54,895,102573
425,425,,*MANUAL*,74,1445,94,165.00,92.73,24.41,895,82989
426,426,,*MANUAL*,60,1438,93,169.00,95.75,21.16,895,85695
427,427,,*MANUAL*,54,1438,67,198.00,101.99,27.25,895,91277
428,428,,*MANUAL*,53,1441,82,237.00,143.49,33.05,799,114651
429,429,,*MANUAL*,60,1445,79,249.00,155.08,38.42,895,138799
430,430,,*MANUAL*,77,1452,79,237.00,148.68,32.39,895,133066
431,431,,*MANUAL*,83,1443,85,235.00,146.51,36.53,895,131125
432,432,,*MANUAL*,65,1461,92,175.00,93.42,24.29,861,80436
433,433,,*MANUAL*,78,1463,86,234.00,139.14,38.98,895,124531
434,434,,*MANUAL*,79,1467,75,234.00,138.08,34.02,895,123582
435,435,,*MANUAL*,80,1461,60,186.00,104.45,23.16,895,93480
436,436,,*MANUAL*,72,1457,48,237.00,135.26,42.22,730,98740
437,437,,*MANUAL*,66,1460,52,228.00,144.95,31.28,861,124802
438,438,,*MANUAL*,58,1459,58,166.00,95.33,21.88,895,85317
439,439,,*MANUAL*,55,1461,72,205.00,117.77,29.59,895,105401
440,440,,*MANUAL*,59,1462,84,234.00,139.61,38.35,895,124948
441,441,,*MANUAL*,69,1501,49,166.00,82.49,27.26,895,73832
442,442,,*MANUAL*,57,1482,77,211.00,117.01,27.89,895,104728
443,443,,*MANUAL*,76,1488,79,201.00,127.88,31.11,895,114454
444,444,,*MANUAL*,57,1503,70,140.00,76.48,24.83,895,68450
445,445,,*MANUAL*,78,1508,75,182.00,92.89,24.62,895,83139
446,446,,*MANUAL*,72,1528,58,128.00,51.78,18.76,895,46341
447,447,,*MANUAL*,55,1516,80,175.00,86.88,29.65,895,77756
448,448,,*MANUAL*,77,1525,82,168.00,93.09,32.85,895,83316
449,449,,*MANUAL*,72,1547,85,162.00,84.95,21.84,839,71273
450,450,,*MANUAL*,59,1544,87,128.00,64.99,16.39,887,57647
451,451,,*MANUAL*,66,1544,51,175.00,96.81,28.37,879,85096
452,452,,*MANUAL*,62,1552,56,169.00,76.97,28.74,895,68887
453,453,,*MANUAL*,55,1553,82,195.00,112.12,29.24,895,100347
454,454,,*MANUAL*,79,1553,83,211.00,118.18,38.57,895,105771
455,455,,*MANUAL*,67,1575,54,181.00,98.02,29.32,895,87732
456,456,,*MANUAL*,67,1589,55,221.00,115.02,38.18,895,102939
457,457,,*MANUAL*,66,1623,54,135.00,58.43,23.97,895,52294
458,458,,*MANUAL*,55,1584,81,199.00,97.91,33.81,895,87630
459,459,,*MANUAL*,55,1602,82,207.00,113.14,36.97,895,101256
460,460,,*MANUAL*,57,1631,81,177.00,77.38,26.69,895,69259
461,461,,*MANUAL*,77,1584,81,228.00,98.00,38.90,895,87709
462,462,,*MANUAL*,77,1600,80,221.00,110.81,42.38,895,99177
463,463,,*MANUAL*,75,1636,81,172.00,88.60,29.52,895,79301
464,464,,*MANUAL*,84,1547,58,152.00,71.88,25.82,1365,98111
465,465,,*MANUAL*,80,1509,45,149.00,76.09,24.34,1365,103862
466,466,,*MANUAL*$165$168,91,1402,45,202.00,101.50,29.21,2337,237204
467,467,,*MANUAL*,80,1357,38,160.00,98.60,22.51,895,88246
468,468,,*MANUAL*,89,1342,45,192.00,92.16,31.38,895,82483
469,469,,*MANUAL*,78,1251,35,169.00,102.28,25.84,877,89702
470,470,,*MANUAL*,78,1146,34,180.00,93.79,20.82,895,83940
471,471,,*MANUAL*,84,1111,36,144.00,75.39,23.92,895,67477
472,472,,*MANUAL*,76,1045,37,182.00,95.14,24.79,895,85146
473,473,,*MANUAL*$127$129,82,979,33,190.00,52.69,37.66,6939,365591
474,474,,*MANUAL*,79,913,28,207.00,105.13,38.77,1365,143509
475,475,,*MANUAL*$136$119,78,725,38,222.00,67.73,45.04,4127,279536
476,476,,*MANUAL*$100$104,71,567,43,222.00,55.55,46.50,5161,286680
477,477,,*MANUAL*,68,410,46,187.00,87.97,39.14,2080,182976
478,478,,*MANUAL*$89$90,67,302,49,188.00,58.18,41.67,6090,354322
479,479,,*MANUAL*,54,412,48,185.00,79.17,35.68,2103,166493
480,480,,*MANUAL*,53,518,45,170.00,95.46,24.01,1364,130201
481,481,,*MANUAL*$57$51,54,675,37,181.00,76.24,33.05,2660,202789
482,482,,*MANUAL*$61$64,59,805,37,182.00,52.06,34.61,5784,301102
483,483,,*MANUAL*,55,870,34,161.00,94.81,23.25,895,84852
484,484,,*MANUAL*$26$25,51,929,35,156.00,47.17,27.03,7331,345821
485,485,,*MANUAL*,54,1001,33,174.00,81.81,21.79,895,73224
486,486,,*MANUAL*,53,1076,34,156.00,79.73,23.08,895,71360
487,487,,*MANUAL*,57,1134,34,147.00,80.75,21.62,895,72269
488,488,,*MANUAL*$45$47,48,1150,40,136.00,86.99,15.28,530,46107
489,489,,*MANUAL*,58,1219,30,136.00,62.48,23.73,895,55920
490,490,,*MANUAL*,70,1250,42,200.00,128.49,21.37,895,114998
491,491,,*MANUAL*,51,1341,48,163.00,83.53,24.23,895,74757
492,492,,*MANUAL*,59,1348,40,203.00,102.45,29.05,895,91692
493,493,,*MANUAL*$37$36,51,1398,45,169.00,85.68,26.13,3060,262183
494,494,,*MANUAL*,51,1512,47,137.00,74.54,19.53,1365,101741
495,495,,*MANUAL*,48,1544,56,131.00,68.53,18.78,1365,93547
496,496,,*MANUAL*,47,1533,90,128.00,56.81,18.60,1365,77541
497,497,,*MANUAL*,52,1503,99,142.00,88.85,22.88,895,79521
498,498,,*MANUAL*$42$44$60,53,1401,100,177.00,65.12,29.20,3940,256591
499,499,,*MANUAL*,58,1351,107,178.00,106.74,25.13,895,95535
500,500,,*MANUAL*$14$13,48,1341,100,166.00,56.20,30.24,5875,330155
501,501,,*MANUAL*,54,1230,108,181.00,94.49,29.96,895,84570
502,502,,*MANUAL*,48,1173,103,131.00,82.52,18.86,895,73851
503,503,,*MANUAL*,48,1152,100,184.00,111.25,24.46,895,99565
504,504,,*MANUAL*,52,1121,106,161.00,90.77,18.97,895,81236
505,505,,*MANUAL*,57,988,104,155.00,95.84,21.86,895,85777
506,506,,*MANUAL*$59$75,53,940,96,164.00,78.79,28.10,1550,122129
507,507,,*MANUAL*,63,736,98,187.00,119.81,24.81,1365,163534
508,508,,*MANUAL*,60,767,101,219.00,137.34,31.61,895,122915
509,509,,*MANUAL*,52,731,92,219.00,140.89,26.20,895,126098
510,510,,*MANUAL*$23$22,52,511,91,210.00,52.67,37.99,8477,446520
511,511,,*MANUAL*$19$24,53,437,94,226.00,54.73,45.90,11450,626673
512,512,*NOUSE*,*NOUSE*,0,0,0,0,0,0,0,0
513,513,,*MANUAL*$512$55,57,251,82,191.00,64.83,44.61,3212,208227
514,514,*NOUSE*,*NOUSE*,0,0,0,0,0,0,0,0
515,515,,*MANUAL*$514$118,70,258,81,193.00,90.82,37.24,2957,268564
516,516,,*MANUAL*$106$107,73,434,91,216.00,55.96,44.54,8920,499138
517,517,*NOUSE*,*NOUSE*,0,0,0,0,0,0,0,0
518,518,,*MANUAL*$122$135,78,681,90,225.00,76.34,43.52,5025,383591
519,519,,*MANUAL*,83,763,96,201.00,128.94,25.48,895,115403
520,520,,*MANUAL*$152$153,87,846,95,177.00,66.92,37.82,4320,289113
521,521,,*MANUAL*,84,898,95,184.00,99.78,27.95,895,89304
522,522,,*MANUAL*,84,990,95,186.00,119.44,25.56,895,106903
523,523,,*MANUAL*,86,1004,91,225.00,126.70,31.76,895,113396
524,524,,*MANUAL*,81,1019,103,184.00,90.48,25.58,895,80976
525,525,,*MANUAL*$148$144,83,1086,105,150.00,49.90,28.68,4059,202551
526,526,,*MANUAL*,81,1123,104,168.00,90.81,21.35,895,81275
527,527,,*MANUAL*,85,1147,95,185.00,114.09,26.91,895,102113
528,528,,*MANUAL*,86,1166,102,156.00,75.13,22.33,895,67240
529,529,,*MANUAL*,84,1242,105,163.00,93.87,18.44,895,84014
530,530,,*MANUAL*$143$157,88,1347,99,151.00,49.80,30.09,5763,287022
531,531,,*MANUAL*,82,1373,105,227.00,130.25,33.22,895,116572
532,532,,*MANUAL*$161$156,90,1402,95,183.00,71.07,34.20,4687,333121
533,533,,*MANUAL*,82,1499,96,145.00,61.25,22.68,1365,83609
534,534,,*MANUAL*,86,1535,86,146.00,71.92,20.02,1365,98172
535,535,,*MANUAL*,67,131,72,161.00,77.15,31.03,895,69049
536,536,,*MANUAL*,67,157,73,172.00,79.85,23.67,895,71470
537,537,,*MANUAL*,65,182,75,233.00,111.67,28.25,895,99944
538,538,,*MANUAL*,65,199,81,182.00,105.55,25.87,895,94471
539,539,,*MANUAL*,73,238,77,226.00,133.56,38.85,895,119533
540,540,,*MANUAL*,73,256,66,219.00,128.12,41.13,879,112621
541,541,,*MANUAL*,73,271,56,224.00,138.95,43.27,895,124362
542,542,,*MANUAL*,74,285,59,245.00,165.75,44.60,895,148346
543,543,,*MANUAL*,75,280,71,211.00,133.45,31.72,895,119442
544,544,,*MANUAL*,76,300,64,232.00,149.80,25.68,895,134072
545,545,,*MANUAL*,75,299,79,240.00,141.06,40.36,895,126251
546,546,,*MANUAL*,79,314,73,221.00,121.97,41.93,895,109162
547,547,,*MANUAL*,73,316,58,222.00,122.73,38.09,895,109839
548,548,,*MANUAL*,61,319,48,194.00,123.63,25.95,895,110650
549,549,,*MANUAL*,57,304,55,221.00,135.03,30.16,895,120854
550,550,,*MANUAL*,64,259,71,213.00,132.66,28.86,1365,181087
551,551,,*MANUAL*,64,275,83,179.00,101.10,29.53,1365,138008
552,552,,*MANUAL*$73$68,57,206,71,147.00,62.69,28.52,1863,116788
553,553,,*MANUAL*,56,249,69,234.00,145.84,28.06,895,130525
554,554,,*MANUAL*,56,262,61,234.00,140.15,36.03,895,125437
555,555,,*MANUAL*,51,294,66,207.00,132.97,24.00,895,119009
556,556,,*MANUAL*,47,309,71,210.00,124.41,26.83,895,111349
557,557,,*MANUAL*,49,348,71,202.00,126.69,31.33,895,113391
558,558,,*MANUAL*,63,312,93,222.00,120.57,32.57,895,107910
559,559,,*MANUAL*,72,326,82,232.00,157.01,25.95,895,140523
560,560,,*MANUAL*,55,334,87,239.00,167.32,32.13,893,149420
561,561,,*MANUAL*,62,340,80,249.00,176.81,31.19,835,147633
562,562,,*MANUAL*,71,342,81,242.00,173.79,31.38,895,155545
563,563,,*MANUAL*,55,352,85,222.00,147.05,29.29,895,131612
564,564,,*MANUAL*,68,357,86,219.00,130.32,33.58,895,116640
565,565,,*MANUAL*,80,386,82,147.00,69.87,31.63,895,62532
566,566,,*MANUAL*,50,374,84,169.00,90.62,33.70,895,81102
567,567,,*MANUAL*,99,1185,74,141.00,60.04,23.65,1365,81957
568,568,,*MANUAL*,96,1212,53,136.00,59.62,25.66,1365,81377
569,569,,*MANUAL*,93,1107,80,158.00,38.11,21.31,2103,80154
570,570,,*MANUAL*$173$171,92,1083,74,121.00,61.04,17.30,968,59086
571,571,,*MANUAL*,88,1051,76,220.00,128.86,32.57,895,115326
572,572,,*MANUAL*,91,1020,78,132.00,51.98,23.09,1365,70954
573,573,,*MANUAL*,91,998,57,108.00,32.03,17.44,2969,95104
574,574,,*MANUAL*,93,922,77,118.00,54.46,21.40,1365,74337
575,575,,*MANUAL*,93,872,59,112.00,38.08,18.10,2969,113065
576,576,,*MANUAL*,91,855,43,234.00,138.25,29.75,895,123733
577,577,,*MANUAL*,95,804,80,172.00,66.35,26.63,1365,90562
578,578,,*MANUAL*$167$174,93,749,85,183.00,92.10,26.24,1715,157945
579,579,,*MANUAL*,93,754,67,225.00,147.49,29.17,895,132005
580,580,,*MANUAL*,94,745,52,102.00,52.36,18.33,1365,71473
581,581,,*MANUAL*,86,694,82,253.00,153.17,47.01,895,137086
582,582,,*MANUAL*,87,669,75,137.00,58.99,23.23,2103,124049
583,583,,*MANUAL*,84,615,83,177.00,99.98,29.11,895,89484
584,584,,*MANUAL*,84,593,53,161.00,40.00,23.07,2103,84112
585,585,,*MANUAL*,78,556,72,141.00,48.83,26.59,2103,102699
586,586,,*MANUAL*$125$134,82,518,74,168.00,41.05,30.53,7949,326333
587,587,,*MANUAL*,83,450,71,158.00,73.12,28.29,1365,99809
588,588,,*MANUAL*$137$138,80,353,76,207.00,57.25,32.79,5428,310779
589,589,*NOUSE*,*NOUSE*,0,0,0,0,0,0,0,0
590,590,,*MANUAL*$147$589,78,345,54,132.00,45.86,19.12,3505,160737
591,591,,*MANUAL*,70,340,58,208.00,119.59,31.71,895,107035
592,592,,*MANUAL*,57,340,54,217.00,120.30,27.30,895,107670
593,593,,*MANUAL*,39,1195,74,106.00,44.77,17.24,1365,61105
594,594,,*MANUAL*,43,1219,51,120.00,52.35,17.12,1365,71460
595,595,,*MANUAL*,37,1120,79,67.00,27.09,11.72,2103,56978
596,596,,*MANUAL*,37,1102,67,71.00,30.09,12.85,2103,63279
597,597,,*MANUAL*,39,1057,79,169.00,106.24,21.58,895,95087
598,598,,*MANUAL*,40,1018,78,116.00,43.77,17.10,1365,59748
599,599,,*MANUAL*,42,984,60,88.00,34.67,15.46,2103,72914
600,600,,*MANUAL*,42,919,82,96.00,45.08,18.03,1365,61538
601,601,,*MANUAL*,44,884,60,80.00,28.87,13.37,2103,60713
602,602,,*MANUAL*,47,801,83,122.00,56.66,24.79,1365,77344
603,603,,*MANUAL*,51,829,45,175.00,106.43,22.64,895,95254
604,604,,*MANUAL*,45,774,59,91.00,33.77,17.49,1365,46097
605,605,,*MANUAL*,43,732,66,161.00,102.63,19.80,895,91856
606,606,,*MANUAL*,44,685,84,182.00,108.46,27.65,895,97068
607,607,,*MANUAL*,41,664,74,96.00,44.11,15.96,1365,60204
608,608,,*MANUAL*,41,614,81,128.00,58.62,22.79,1365,80020
609,609,,*MANUAL*,39,618,56,103.00,32.93,14.23,1365,44945
610,610,,*MANUAL*,43,504,54,103.00,35.83,15.36,1365,48907
611,611,,*MANUAL*,44,428,75,113.00,57.25,20.80,1365,78150
612,612,,*MANUAL*$10$11,47,343,81,199.00,56.86,35.69,3324,189001
613,613,,*MANUAL*$33$34,49,303,55,195.00,60.25,25.32,3116,187753
614,614,*NOUSE*,*NOUSE*,0,0,0,0,0,0,0,0
615,615,,*MANUAL*$614$17,44,442,58,121.00,48.41,23.30,1640,79386
616,616,,*MANUAL*,78,1073,43,98.00,39.68,14.73,2103,83439
617,617,,*MANUAL*,46,1068,53,78.00,28.69,11.92,2103,60329
618,618,,*MANUAL*,47,1069,93,77.00,29.54,12.24,2103,62126
619,619,,*MANUAL*,80,1055,94,92.00,35.28,15.06,2103,74203
620,620,,*MANUAL*,71,1013,48,74.00,27.96,12.30,2103,58792
621,621,,*MANUAL*,59,999,94,122.00,29.27,13.27,2103,61562
622,622,,*MANUAL*,68,950,42,68.00,22.50,12.17,2103,47320
623,623,,*MANUAL*,71,933,88,88.00,26.12,13.44,2103,54925
624,624,,*MANUAL*,72,864,48,76.00,25.22,10.88,2103,53037
625,625,,*MANUAL*,74,834,89,68.00,25.66,11.49,2969,76179
626,626,,*MANUAL*$48$50$43,55,725,51,78.00,23.06,11.04,9993,230456
627,627,,*MANUAL*,70,668,70,81.00,28.63,12.27,4139,118513
628,628,*NOUSE*,*NOUSE*,0,0,0,0,0,0,0,0
629,629,,*MANUAL*$628$81,66,526,53,78.00,25.32,14.87,6465,163677
630,630,,*MANUAL*$58$80$66,65,431,57,100.00,24.56,18.90,12716,312261
631,631,,*MANUAL*$29$31,55,376,52,86.00,18.67,15.45,11796,220249
632,632,*NOUSE*,*NOUSE*,0,0,0,0,0,0,0,0
633,633,,*MANUAL*$96$632,57,565,84,153.00,26.76,17.88,14793,395891
634,634,,*MANUAL*,65,1063,113,199.00,115.79,23.07,895,103636
635,635,,*MANUAL*,63,1041,111,200.00,111.73,30.32,895,99996
636,636,,*MANUAL*,68,979,106,184.00,114.76,29.20,895,102708
637,637,,*MANUAL*,71,943,105,209.00,114.46,34.60,895,102440
638,638,,*MANUAL*,72,914,105,184.00,106.46,29.24,895,95285
639,639,,*MANUAL*,75,849,105,229.00,135.72,34.41,895,121470
640,640,,*MANUAL*,73,827,107,216.00,125.73,34.51,895,112528
641,641,,*MANUAL*,69,753,101,218.00,144.04,29.24,895,128916
642,642,,*MANUAL*,68,709,103,230.00,148.58,33.96,895,132981
643,643,,*MANUAL*,61,647,99,230.00,141.28,35.09,895,126446
644,644,,*MANUAL*,61,599,100,227.00,151.01,33.77,895,135156
645,645,,*MANUAL*,61,573,100,239.00,153.99,38.46,895,137820
646,646,,*MANUAL*,61,493,94,238.00,148.06,41.41,895,132516
647,647,,*MANUAL*$517$110,74,514,92,182.00,47.28,39.99,10588,500562
648,648,,*MANUAL*,61,457,98,243.00,145.00,41.93,895,129776
649,649,,*MANUAL*,62,430,98,247.00,167.92,28.69,895,150286
650,650,,*MANUAL*,56,672,86,180.00,91.29,30.01,895,81703
651,651,,*MANUAL*,59,695,89,149.00,75.38,25.55,2103,158534
652,652,,*MANUAL*,78,721,84,214.00,77.13,31.61,2969,228993
653,653,,*MANUAL*,80,743,88,201.00,107.53,31.08,895,96235
654,654,,*MANUAL*$2$1,41,569,74,144.00,43.94,27.27,5379,236373
655,655,,*MANUAL*$8$7,44,959,90,121.00,39.37,22.80,4333,170589
656,656,,*MANUAL*,53,1278,104,203.00,120.49,26.10,895,107843
657,657,,*MANUAL*,51,1294,101,182.00,112.61,27.29,895,100787
658,658,,*MANUAL*,51,1314,98,203.00,120.01,29.77,887,106447
659,659,,*MANUAL*,50,1261,101,178.00,116.42,23.23,895,104197
660,660,,*MANUAL*,49,1276,91,200.00,137.83,23.78,895,123357
661,661,,*MANUAL*,60,1309,94,208.00,146.14,22.27,874,127730
662,662,,*MANUAL*,63,1289,95,199.00,131.06,23.54,895,117301
663,663,,*MANUAL*,61,1274,95,207.00,149.56,22.20,895,133852
664,664,,*MANUAL*,54,1301,90,227.00,137.76,25.33,895,123293
665,665,,*MANUAL*,55,1259,89,180.00,94.44,26.50,895,84521
666,666,,*MANUAL*,85,1273,103,195.00,126.64,23.38,895,113341
667,667,,*MANUAL*,87,1293,102,228.00,124.54,31.13,895,111462
668,668,,*MANUAL*,85,1315,99,214.00,135.96,27.01,827,112437
669,669,,*MANUAL*,75,1283,102,219.00,139.50,24.52,895,124851
670,670,,*MANUAL*,80,1309,94,222.00,161.72,24.92,883,142803
671,671,,*MANUAL*,74,1270,98,198.00,144.59,22.44,895,129412
672,672,,*MANUAL*,80,1257,96,220.00,143.49,33.87,895,128427
673,673,,*MANUAL*,91,1260,95,217.00,127.29,34.24,895,113926
674,674,,*MANUAL*,85,1283,89,178.00,112.47,20.66,895,100657
675,675,,*MANUAL*,75,1294,93,213.00,141.44,24.74,895,126587
676,676,,*MANUAL*,87,1302,89,213.00,146.59,22.67,895,131195
677,677,,*MANUAL*,43,1283,68,157.00,88.57,19.73,895,79269
678,678,,*MANUAL*,43,1266,61,146.00,95.01,14.61,895,85033
679,679,,*MANUAL*,70,1305,97,205.00,137.93,21.86,895,123448
680,680,,*MANUAL*,55,1251,58,182.00,123.01,20.79,895,110097
681,681,,*MANUAL*,62,1441,49,206.00,120.27,25.86,895,107645
682,682,F1,*MANUAL*,71,1420,110,80.00,10.37,14.47,895,9282
683,683,F2,*MANUAL*,70,1245,108,47.00,11.38, 7.15,895,10185
684,684,F3,*MANUAL*,62,416,96,54.00, 6.32, 7.84,895,5657
685,685,F4,*MANUAL*,62,520,98,41.00, 8.86, 6.62,895,7927
686,686,F5,*MANUAL*,63,228,63,82.00,19.98,14.48,895,17882
687,687,F6,*MANUAL*,62,328,63,41.00,15.71, 5.43,895,14064
688,688,F7,*MANUAL*,63,584,88,32.00, 5.36, 3.93,895,4794
689,689,F8,*MANUAL*,60,440,84,36.00, 7.42, 4.93,895,6642
690,690,F9,*MANUAL*,60,395,50,20.00, 2.09, 2.24,895,1875
691,691,F10,*MANUAL*,61,309,76,77.00,18.48, 7.75,895,16543
