0,0,*NOUSE*,*NOUSE*,0,0,0,0,0,0,0,0
1,1,*NOUSE*,*NOUSE*,0,0,0,0,0,0,0,0
2,2,*NOUSE*,*NOUSE*,0,0,0,0,0,0,0,0
3,3,*NOUSE*,*NOUSE*,0,0,0,0,0,0,0,0
4,4,*NOUSE*,*NOUSE*,0,0,0,0,0,0,0,0
5,5,*NOUSE*,*NOUSE*,0,0,0,0,0,0,0,0
6,6,*NOUSE*,*NOUSE*,0,0,0,0,0,0,0,0
9,9,*NOUSE*,*NOUSE*,0,0,0,0,0,0,0,0
10,10,*NOUSE*,*NOUSE*,0,0,0,0,0,0,0,0
11,11,*NOUSE*,*NOUSE*,0,0,0,0,0,0,0,0
12,12,*NOUSE*,*NOUSE*,0,0,0,0,0,0,0,0
13,13,*NOUSE*,*NOUSE*,0,0,0,0,0,0,0,0
14,14,ASHL,,34,1283,73,139.00,58.28,29.38,3603,209997
15,15,*NOUSE*,*NOUSE*,0,0,0,0,0,0,0,0
16,16,*NOUSE*,*NOUSE*,0,0,0,0,0,0,0,0
17,17,*NOUSE*,*NOUSE*,0,0,0,0,0,0,0,0
18,18,*NOUSE*,*NOUSE*,0,0,0,0,0,0,0,0
19,19,BDUL,,33,1087,80,142.00,44.76,29.39,3526,157841
20,20,*NOUSE*,*NOUSE*,0,0,0,0,0,0,0,0
21,21,HYP7ABLD,,32,1157,58,85.00,33.56,15.18,1648,55306
22,22,*NOUSE*,*NOUSE*,0,0,0,0,0,0,0,0
23,23,RMDVL,,35,1342,71,163.00,56.29,34.83,3451,194251
24,24,*NOUSE*,*NOUSE*,0,0,0,0,0,0,0,0
25,25,ADESHL,*FIX*,34,1185,75,155.00,49.60,29.54,3677,182365
26,26,*NOUSE*,*NOUSE*,0,0,0,0,0,0,0,0
27,27,*NOUSE*,*NOUSE*,0,0,0,0,0,0,0,0
28,28,H0L,,34,1470,78,132.00,48.69,25.17,4157,202400
29,29,*NOUSE*,*NOUSE*,0,0,0,0,0,0,0,0
30,30,AINL,,38,1224,72,188.00,65.54,37.41,3787,248215
31,31,AWCL,,35,1301,80,162.00,64.04,37.00,3575,228941
32,32,HYP7ABLV,,32,1132,85,67.00,29.19,11.83,2848,83125
33,33,RMDL,,35,1330,86,207.00,76.79,46.58,2862,219787
34,34,*NOUSE*,*NOUSE*,0,0,0,0,0,0,0,0
35,35,*NOUSE*,*NOUSE*,0,0,0,0,0,0,0,0
36,36,*NOUSE*,*NOUSE*,0,0,0,0,0,0,0,0
37,37,HYP7LC1,,34,1008,60,69.00,24.96,10.83,4412,110116
38,38,*NOUSE*,*NOUSE*,0,0,0,0,0,0,0,0
39,39,*NOUSE*,*NOUSE*,0,0,0,0,0,0,0,0
40,40,AUAL,,35,1283,90,197.00,65.65,38.56,3284,215602
41,41,RMGL,,37,1192,89,169.00,57.03,35.34,3433,195792
42,42,*NOUSE*,*NOUSE*,0,0,0,0,0,0,0,0
43,43,HYP1L,,38,1469,62,162.00,55.65,36.39,4227,235246
44,44,*NOUSE*,*NOUSE*,0,0,0,0,0,0,0,0
45,45,*NOUSE*,*NOUSE*,0,0,0,0,0,0,0,0
46,46,*NOUSE*,*NOUSE*,0,0,0,0,0,0,0,0
47,47,*NOUSE*,*NOUSE*,0,0,0,0,0,0,0,0
48,48,CANL,,36,765,72,92.00,31.12,16.39,3764,117122
49,49,HYP2L,,36,1509,75,123.00,47.88,26.49,3913,187342
50,50,*NOUSE*,*NOUSE*,0,0,0,0,0,0,0,0
51,51,V2L,,34,935,81,72.00,26.08,11.57,4173,108849
52,52,XXXL,,37,1423,85,182.00,63.77,39.15,3231,206049
53,53,P3/4L,,34,891,87,69.00,28.80,11.93,3931,113201
54,54,*NOUSE*,*NOUSE*,0,0,0,0,0,0,0,0
55,55,*NOUSE*,*NOUSE*,0,0,0,0,0,0,0,0
56,56,*NOUSE*,*NOUSE*,0,0,0,0,0,0,0,0
57,57,*NOUSE*,*NOUSE*,0,0,0,0,0,0,0,0
58,58,*NOUSE*,*NOUSE*,0,0,0,0,0,0,0,0
59,59,*NOUSE*,*NOUSE*,0,0,0,0,0,0,0,0
60,60,*NOUSE*,*NOUSE*,0,0,0,0,0,0,0,0
61,61,ASJL,,36,1266,89,150.00,62.43,28.77,2950,184181
62,62,RICL,,37,1240,91,196.00,67.47,40.08,2840,191619
63,63,*NOUSE*,*NOUSE*,0,0,0,0,0,0,0,0
64,64,*NOUSE*,*NOUSE*,0,0,0,0,0,0,0,0
65,65,ALML,,40,877,49,123.00,36.76,24.19,4867,178887
66,66,CEPSODL,,39,1413,54,190.00,65.94,39.79,4294,283144
67,67,*NOUSE*,*NOUSE*,0,0,0,0,0,0,0,0
68,68,*NOUSE*,*NOUSE*,0,0,0,0,0,0,0,0
69,69,*NOUSE*,*NOUSE*,35,1240,60,167.00,66.15,39.89,110,7277
70,70,*NOUSE*,*NOUSE*,0,0,0,0,0,0,0,0
71,71,RMEL,,39,1362,70,185.00,63.97,42.89,3507,224350
72,72,*NOUSE*,*NOUSE*,0,0,0,0,0,0,0,0
73,73,*NOUSE*,*NOUSE*,0,0,0,0,0,0,0,0
74,74,FLPL,,39,1226,88,165.00,66.36,36.73,2894,192039
75,75,*NOUSE*,*NOUSE*,0,0,0,0,0,0,0,0
76,76,*NOUSE*,*NOUSE*,0,0,0,0,0,0,0,0
77,77,*NOUSE*,*NOUSE*,0,0,0,0,0,0,0,0
78,78,HSNL,,37,720,90,92.00,37.38,19.37,3395,126909
79,79,*NOUSE*,*NOUSE*,0,0,0,0,0,0,0,0
80,80,*NOUSE*,*NOUSE*,0,0,0,0,0,0,0,0
81,81,*NOUSE*,*NOUSE*,0,0,0,0,0,0,0,0
82,82,ARCADL,,38,1527,78,136.00,50.03,27.98,3445,172340
83,83,ILSOL,,40,1479,89,163.00,59.17,34.16,3110,184007
84,84,PM7VL,,41,1151,88,120.00,44.70,25.89,3872,173087
85,85,*NOUSE*,*NOUSE*,0,0,0,0,0,0,0,0
86,86,GLRL,,45,1324,83,232.00,97.69,51.55,2350,229567
87,87,*NOUSE*,*NOUSE*,0,0,0,0,0,0,0,0
88,88,*NOUSE*,*NOUSE*,0,0,0,0,0,0,0,0
89,89,CEPSHDL,,39,1356,55,177.00,55.93,34.04,4242,237274
90,90,*NOUSE*,*NOUSE*,0,0,0,0,0,0,0,0
91,91,*NOUSE*,*NOUSE*,0,0,0,0,0,0,0,0
92,92,*NOUSE*,*NOUSE*,0,0,0,0,0,0,0,0
93,93,*NOUSE*,*NOUSE*,0,0,0,0,0,0,0,0
94,94,*NOUSE*,*NOUSE*,0,0,0,0,0,0,0,0
95,95,URYVL,,40,1390,87,195.00,61.29,38.88,3047,186762
96,96,*NOUSE*,*NOUSE*,0,0,0,0,0,0,0,0
97,97,VL10,,40,1111,107,134.00,42.18,25.93,4767,201051
98,98,*NOUSE*,*NOUSE*,0,0,0,0,0,0,0,0
99,99,*NOUSE*,*NOUSE*,34,1339,49,36.00,31.80, 2.59,5,159
100,100,*NOUSE*,*NOUSE*,0,0,0,0,0,0,0,0
101,101,HYP5L,,40,1573,74,97.00,33.28,17.08,4515,150273
102,102,*NOUSE*,*NOUSE*,0,0,0,0,0,0,0,0
103,103,VL12,,41,925,101,108.00,35.06,19.91,4971,174308
104,104,*NOUSE*,*NOUSE*,0,0,0,0,0,0,0,0
105,105,*NOUSE*,*NOUSE*,0,0,0,0,0,0,0,0
106,106,RIBL,,42,1270,79,197.00,73.15,40.57,2728,199541
107,107,VL1,,41,1532,93,117.00,46.43,23.15,2853,132463
108,108,VL14,,43,824,98,85.00,31.82,16.21,4803,152848
109,109,EXC GL L,,43,1169,110,174.00,51.10,35.76,3840,196207
110,110,*NOUSE*,*NOUSE*,0,0,0,0,0,0,0,0
111,111,*NOUSE*,*NOUSE*,0,0,0,0,0,0,0,0
112,112,*NOUSE*,*NOUSE*,0,0,0,0,0,0,0,0
113,113,*NOUSE*,*NOUSE*,0,0,0,0,0,0,0,0
114,114,DL3,,42,1471,48,137.00,51.31,26.84,4113,211055
115,115,*NOUSE*,*NOUSE*,0,0,0,0,0,0,0,0
116,116,*NOUSE*,*NOUSE*,0,0,0,0,0,0,0,0
117,117,*NOUSE*,*NOUSE*,0,0,0,0,0,0,0,0
118,118,*NOUSE*,*NOUSE*,0,0,0,0,0,0,0,0
119,119,G2L,,44,1138,95,208.00,54.27,36.11,4112,223139
120,120,*NOUSE*,*NOUSE*,0,0,0,0,0,0,0,0
121,121,*NOUSE*,*NOUSE*,0,0,0,0,0,0,0,0
122,122,CCLP,,43,765,99,122.00,37.67,23.76,3559,134084
123,123,VL4,,42,1432,99,134.00,52.72,25.89,3213,169391
124,124,*NOUSE*,*NOUSE*,0,0,0,0,0,0,0,0
125,125,*NOUSE*,*NOUSE*,0,0,0,0,0,0,0,0
126,126,DL2,,42,1509,52,120.00,54.89,24.15,3783,207646
127,127,*NOUSE*,*NOUSE*,0,0,0,0,0,0,0,0
128,128,G1AL,,44,1186,60,162.00,51.50,30.74,3628,186843
129,129,*NOUSE*,*NOUSE*,0,0,0,0,0,0,0,0
130,130,*NOUSE*,*NOUSE*,0,0,0,0,0,0,0,0
131,131,CCLA,,45,793,100,151.00,45.29,29.50,3170,143580
132,132,VL16,,43,666,101,80.00,31.52,14.43,3986,125650
133,133,*NOUSE*,*NOUSE*,0,0,0,0,0,0,0,0
134,134,*NOUSE*,*NOUSE*,0,0,0,0,0,0,0,0
135,135,*NOUSE*,*NOUSE*,0,0,0,0,0,0,0,0
136,136,*NOUSE*,*NOUSE*,0,0,0,0,0,0,0,0
137,137,*NOUSE*,*NOUSE*,0,0,0,0,0,0,0,0
138,138,I6,,46,1174,52,193.00,65.85,44.89,3310,217969
139,139,*NOUSE*,*NOUSE*,0,0,0,0,0,0,0,0
140,140,M2L,,46,1195,81,207.00,81.45,43.76,2621,213481
141,141,PM6VL,,45,1178,85,134.00,48.11,25.35,3599,173162
142,142,*NOUSE*,*NOUSE*,0,0,0,0,0,0,0,0
143,143,*NOUSE*,*NOUSE*,0,0,0,0,0,0,0,0
144,144,*NOUSE*,*NOUSE*,0,0,0,0,0,0,0,0
145,145,*NOUSE*,*NOUSE*,0,0,0,0,0,0,0,0
146,146,*NOUSE*,*NOUSE*,0,0,0,0,0,0,0,0
147,147,VL2,,43,1509,98,109.00,48.10,21.21,2940,141417
148,148,*NOUSE*,*NOUSE*,0,0,0,0,0,0,0,0
149,149,*NOUSE*,*NOUSE*,0,0,0,0,0,0,0,0
150,150,*NOUSE*,*NOUSE*,0,0,0,0,0,0,0,0
151,151,*NOUSE*,*NOUSE*,0,0,0,0,0,0,0,0
152,152,*NOUSE*,*NOUSE*,0,0,0,0,0,0,0,0
153,153,*NOUSE*,*NOUSE*,0,0,0,0,0,0,0,0
154,154,ASKL,,47,1283,48,170.00,63.20,36.26,3693,233393
155,155,PM5L,,47,1206,72,161.00,61.67,30.37,3665,226031
156,156,AIBL,,44,1294,79,182.00,76.91,38.08,2776,213506
157,157,*NOUSE*,*NOUSE*,0,0,0,0,0,0,0,0
158,158,V5L,,44,524,81,51.00,21.41, 7.36,3539,75774
159,159,P9/10L,,44,494,88,71.00,26.27, 9.70,3185,83665
160,160,*NOUSE*,*NOUSE*,0,0,0,0,0,0,0,0
161,161,*NOUSE*,*NOUSE*,0,0,0,0,0,0,0,0
162,162,CEPSOVL,,46,1412,102,180.00,50.48,34.39,3414,172342
163,163,VL15,,46,746,100,104.00,37.14,20.27,3935,146151
164,164,*NOUSE*,*NOUSE*,0,0,0,0,0,0,0,0
165,165,*NOUSE*,*NOUSE*,0,0,0,0,0,0,0,0
166,166,SMBDL,,45,1294,106,192.00,84.47,43.05,2075,175268
167,167,*NOUSE*,*NOUSE*,0,0,0,0,0,0,0,0
168,168,*NOUSE*,*NOUSE*,0,0,0,0,0,0,0,0
169,169,*NOUSE*,*NOUSE*,0,0,0,0,0,0,0,0
170,170,IL2DL,,47,1418,40,188.00,69.77,39.78,3994,278680
171,171,*NOUSE*,*NOUSE*,0,0,0,0,0,0,0,0
172,172,PM1L,,47,1445,69,201.00,83.40,45.00,2956,246545
173,173,QL,,46,551,71,56.00,22.86, 7.50,3234,73940
174,174,VPI3V,,52,1113,95,161.00,54.47,37.42,3838,209059
175,175,*NOUSE*,*NOUSE*,0,0,0,0,0,0,0,0
176,176,*NOUSE*,*NOUSE*,0,0,0,0,0,0,0,0
177,177,*NOUSE*,*NOUSE*,0,0,0,0,0,0,0,0
178,178,*NOUSE*,*NOUSE*,0,0,0,0,0,0,0,0
179,179,DL13,,48,900,40,111.00,40.38,23.31,2963,119653
180,180,DL15,,47,786,42,126.00,35.55,19.64,2959,105199
181,181,*NOUSE*,*NOUSE*,0,0,0,0,0,0,0,0
182,182,*NOUSE*,*NOUSE*,0,0,0,0,0,0,0,0
183,183,*NOUSE*,*NOUSE*,0,0,0,0,0,0,0,0
184,184,*NOUSE*,*NOUSE*,0,0,0,0,0,0,0,0
185,185,VPI2V,,50,1122,100,213.00,70.27,47.14,3411,239703
186,186,*NOUSE*,*NOUSE*,0,0,0,0,0,0,0,0
187,187,*NOUSE*,*NOUSE*,0,0,0,0,0,0,0,0
188,188,*NOUSE*,*NOUSE*,0,0,0,0,0,0,0,0
189,189,*NOUSE*,*NOUSE*,0,0,0,0,0,0,0,0
190,190,*NOUSE*,*NOUSE*,0,0,0,0,0,0,0,0
191,191,*NOUSE*,*NOUSE*,0,0,0,0,0,0,0,0
192,192,DL17,,48,625,49,74.00,31.32,13.58,2496,78164
193,193,INV5,,47,751,78,49.00,19.57, 6.53,3585,70141
194,194,LUAL,,51,291,68,171.00,56.26,35.80,3384,190381
195,195,PVCL,,51,283,78,137.00,50.27,30.59,3621,182021
196,196,MCL,,49,1427,77,195.00,78.37,43.20,2826,221462
197,197,PLML,,50,228,81,160.00,46.62,32.55,4348,202692
198,198,E2VL,,49,1599,84,120.00,37.36,23.39,5153,192507
199,199,I1L,,47,1466,81,175.00,60.10,36.29,2254,135466
200,200,PM8,,52,1128,92,168.00,56.76,35.72,3572,202746
201,201,Z3,,51,716,96,92.00,33.43,16.59,8487,283679
202,202,AVKL,,49,1219,98,194.00,77.33,38.73,2492,192707
203,203,*NOUSE*,*NOUSE*,0,0,0,0,0,0,0,0
204,204,DA2,,54,1060,111,178.00,47.93,34.98,5265,252350
205,205,ASIL,,48,1246,54,186.00,70.06,37.55,2679,187704
206,206,HYP7LC5,,47,494,60,58.00,21.11, 6.85,2220,46873
207,207,TL,,50,240,69,102.00,33.24,16.13,5068,168443
208,208,ALNL,,53,276,66,180.00,56.03,37.24,3457,193680
209,209,PHBL,,51,304,73,122.00,49.42,26.87,3827,189112
210,210,PHSHL,,51,262,74,149.00,50.58,35.40,4063,205524
211,211,*NOUSE*,*NOUSE*,0,0,0,0,0,0,0,0
212,212,*NOUSE*,*NOUSE*,0,0,0,0,0,0,0,0
213,213,*NOUSE*,*NOUSE*,0,0,0,0,0,0,0,0
214,214,*NOUSE*,*NOUSE*,0,0,0,0,0,0,0,0
215,215,*NOUSE*,*NOUSE*,0,0,0,0,0,0,0,0
216,216,*NOUSE*,*NOUSE*,0,0,0,0,0,0,0,0
218,218,*NOUSE*,*NOUSE*,0,0,0,0,0,0,0,0
219,219,*NOUSE*,*NOUSE*,0,0,0,0,0,0,0,0
220,220,HYP32,,53,1577,47,176.00,49.81,37.07,4510,224644
221,221,*NOUSE*,*NOUSE*,0,0,0,0,0,0,0,0
222,222,*NOUSE*,*NOUSE*,0,0,0,0,0,0,0,0
223,223,VPI3D,,56,1108,67,177.00,55.87,38.99,3792,211860
224,224,*NOUSE*,*NOUSE*,0,0,0,0,0,0,0,0
225,225,PVQL,,50,323,77,122.00,49.03,25.06,2974,145828
226,226,M3L,,50,1379,79,210.00,74.72,47.42,3157,235900
227,227,*NOUSE*,*NOUSE*,0,0,0,0,0,0,0,0
228,228,IML,,51,392,89,80.00,32.31,15.63,4069,131480
229,229,PHAL,,52,311,86,151.00,51.84,29.07,3218,166822
230,230,*NOUSE*,*NOUSE*,0,0,0,0,0,0,0,0
231,231,*NOUSE*,*NOUSE*,0,0,0,0,0,0,0,0
232,232,*NOUSE*,*NOUSE*,0,0,0,0,0,0,0,0
233,233,*NOUSE*,*NOUSE*,0,0,0,0,0,0,0,0
234,234,DB6,,52,619,107,99.00,38.12,20.20,4334,165220
235,235,*NOUSE*,*NOUSE*,0,0,0,0,0,0,0,0
236,236,MC2DL,,50,1221,63,145.00,60.65,26.05,4061,246318
237,237,IND6,,51,648,62,38.00,17.99, 4.82,1878,33778
238,238,*NOUSE*,*NOUSE*,0,0,0,0,0,0,0,0
239,239,*NOUSE*,*NOUSE*,0,0,0,0,0,0,0,0
240,240,*NOUSE*,*NOUSE*,0,0,0,0,0,0,0,0
241,241,MC3V,,53,1154,105,178.00,51.28,34.46,4416,226452
242,242,DB4,,53,958,111,133.00,44.90,29.58,4738,212733
243,243,DD4,,52,670,108,93.00,35.84,17.77,4086,146454
244,244,RIGR,,53,1177,116,175.00,57.49,39.39,3574,205461
245,245,*NOUSE*,*NOUSE*,0,0,0,0,0,0,0,0
246,246,*NOUSE*,*NOUSE*,0,0,0,0,0,0,0,0
247,247,*NOUSE*,*NOUSE*,0,0,0,0,0,0,0,0
248,248,*NOUSE*,*NOUSE*,0,0,0,0,0,0,0,0
249,249,REPVL,,52,347,77,109.00,43.43,21.07,3190,138552
250,250,HYP72,,54,188,80,145.00,43.48,28.24,3854,167585
251,251,*NOUSE*,*NOUSE*,0,0,0,0,0,0,0,0
252,252,*NOUSE*,*NOUSE*,0,0,0,0,0,0,0,0
253,253,*NOUSE*,*NOUSE*,0,0,0,0,0,0,0,0
254,254,*NOUSE*,*NOUSE*,0,0,0,0,0,0,0,0
255,255,RMEV,,55,1350,107,220.00,73.22,48.74,2497,182842
256,256,DD2,,54,1024,111,188.00,54.25,38.27,4664,253019
257,257,DA1,,55,1158,119,184.00,55.74,38.80,3938,219507
258,258,DB3,,53,1098,118,151.00,45.45,30.20,5010,227718
259,259,HYP6D2,,54,1506,41,154.00,60.53,32.31,4964,300476
260,260,HYP6D3,,54,1478,44,164.00,63.82,36.23,5034,321251
261,261,HMC,,54,1212,42,203.00,71.34,38.65,3676,262233
262,262,*NOUSE*,*NOUSE*,0,0,0,0,0,0,0,0
263,263,HYP31,,56,1594,47,167.00,50.89,38.24,4072,207229
264,264,IND3,,54,945,53,55.00,21.48, 7.72,5037,108189
265,265,HYP4D,,54,1648,55,134.00,42.24,27.68,4626,195380
266,266,*NOUSE*,*NOUSE*,0,0,0,0,0,0,0,0
267,267,*NOUSE*,*NOUSE*,0,0,0,0,0,0,0,0
268,268,*NOUSE*,*NOUSE*,0,0,0,0,0,0,0,0
269,269,HYP101,,56,114,78,157.00,49.12,33.75,4383,215309
270,270,*NOUSE*,*NOUSE*,0,0,0,0,0,0,0,0
271,271,INV4,,54,832,89,45.00,19.66, 6.03,4158,81732
272,272,*NOUSE*,*NOUSE*,0,0,0,0,0,0,0,0
273,273,*NOUSE*,*NOUSE*,0,0,0,0,0,0,0,0
274,274,DA8,,54,345,93,129.00,51.15,28.91,2184,111708
275,275,I5,,57,1185,98,198.00,63.79,40.09,3543,226016
276,276,*NOUSE*,*NOUSE*,0,0,0,0,0,0,0,0
277,277,*NOUSE*,*NOUSE*,0,0,0,0,0,0,0,0
278,278,*NOUSE*,*NOUSE*,0,0,0,0,0,0,0,0
279,279,DD3,,55,847,106,124.00,45.01,28.67,4047,182151
280,280,*NOUSE*,*NOUSE*,0,0,0,0,0,0,0,0
281,281,W,,54,1268,111,186.00,59.39,31.30,3411,202586
282,282,*NOUSE*,*NOUSE*,0,0,0,0,0,0,0,0
283,283,*NOUSE*,*NOUSE*,0,0,0,0,0,0,0,0
284,284,IND4,,55,870,51,59.00,22.96, 8.61,4532,104048
285,285,DL18,,56,541,51,79.00,29.06,13.65,3075,89372
286,286,*NOUSE*,*NOUSE*,0,0,0,0,0,0,0,0
287,287,*NOUSE*,*NOUSE*,0,0,0,0,0,0,0,0
288,288,*NOUSE*,*NOUSE*,0,0,0,0,0,0,0,0
289,289,PVR,,57,202,67,119.00,42.25,26.78,3998,168935
290,290,*NOUSE*,*NOUSE*,0,0,0,0,0,0,0,0
291,291,MC2V,,56,1222,83,158.00,60.38,28.43,3204,193443
292,292,*NOUSE*,*NOUSE*,0,0,0,0,0,0,0,0
293,293,*NOUSE*,*NOUSE*,0,0,0,0,0,0,0,0
294,294,*NOUSE*,*NOUSE*,0,0,0,0,0,0,0,0
295,295,*NOUSE*,*NOUSE*,0,0,0,0,0,0,0,0
296,296,*NOUSE*,*NOUSE*,0,0,0,0,0,0,0,0
297,297,I4,,58,1189,49,223.00,78.98,49.62,3580,282759
298,298,*NOUSE*,*NOUSE*,0,0,0,0,0,0,0,0
299,299,VIRL,,57,359,61,106.00,41.66,21.23,2981,124203
300,300,IND9,,55,393,59,54.00,23.54, 8.57,3469,81677
301,301,*NOUSE*,*NOUSE*,0,0,0,0,0,0,0,0
302,302,*NOUSE*,*NOUSE*,0,0,0,0,0,0,0,0
303,303,DA5,,56,737,108,118.00,41.83,23.31,3742,156545
304,304,DB5,,56,789,106,140.00,43.78,25.33,3920,171636
305,305,G1,,56,1314,113,183.00,65.97,40.40,2954,194887
306,306,DB2,,57,1255,118,227.00,65.93,43.82,2664,175639
307,307,*NOUSE*,*NOUSE*,0,0,0,0,0,0,0,0
308,308,*NOUSE*,*NOUSE*,0,0,0,0,0,0,0,0
309,309,IND2,,59,1014,55,70.00,26.94,11.19,5724,154199
310,310,*NOUSE*,*NOUSE*,0,0,0,0,0,0,0,0
311,311,*NOUSE*,*NOUSE*,0,0,0,0,0,0,0,0
312,312,*NOUSE*,*NOUSE*,0,0,0,0,0,0,0,0
313,313,*NOUSE*,*NOUSE*,0,0,0,0,0,0,0,0
314,314,*NOUSE*,*NOUSE*,0,0,0,0,0,0,0,0
315,315,HYP4V1,,57,1640,93,149.00,44.10,30.62,4435,195568
316,316,*NOUSE*,*NOUSE*,0,0,0,0,0,0,0,0
317,317,MC1V,,57,1434,93,166.00,64.90,31.51,2112,137078
318,318,INV3,,57,917,95,55.00,21.45, 7.36,5845,125389
319,319,DA6,,57,586,105,90.00,32.84,17.02,4686,153901
320,320,*NOUSE*,*NOUSE*,0,0,0,0,0,0,0,0
321,321,*NOUSE*,*NOUSE*,0,0,0,0,0,0,0,0
322,322,*NOUSE*,*NOUSE*,0,0,0,0,0,0,0,0
323,323,PM6D,,57,1170,51,164.00,57.56,35.84,4028,231867
324,324,*NOUSE*,*NOUSE*,0,0,0,0,0,0,0,0
325,325,*NOUSE*,*NOUSE*,0,0,0,0,0,0,0,0
326,326,*NOUSE*,*NOUSE*,0,0,0,0,0,0,0,0
327,327,*NOUSE*,*NOUSE*,0,0,0,0,0,0,0,0
328,328,HYP4V2,,58,1613,97,153.00,43.96,31.12,4324,190096
329,329,G2R,,59,1139,102,183.00,60.20,41.77,3883,233744
330,330,*NOUSE*,*NOUSE*,0,0,0,0,0,0,0,0
331,331,G2,,56,1294,107,213.00,98.01,43.29,1985,194549
332,332,*NOUSE*,*NOUSE*,0,0,0,0,0,0,0,0
333,333,*NOUSE*,*NOUSE*,0,0,0,0,0,0,0,0
334,334,DL19,,59,477,52,78.00,32.04,14.99,2462,78888
335,335,M4,,58,1375,62,168.00,62.68,36.90,5052,316664
336,336,*NOUSE*,*NOUSE*,0,0,0,0,0,0,0,0
337,337,DD5,,58,516,104,92.00,35.34,18.60,4078,144120
338,338,*NOUSE*,*NOUSE*,0,0,0,0,0,0,0,0
339,339,*NOUSE*,*NOUSE*,0,0,0,0,0,0,0,0
340,340,*NOUSE*,*NOUSE*,0,0,0,0,0,0,0,0
341,341,*NOUSE*,*NOUSE*,0,0,0,0,0,0,0,0
342,342,IND8,,60,450,63,52.00,21.80, 7.76,3517,76673
343,343,PLMR,,61,243,83,147.00,46.59,31.25,3731,173844
344,344,*NOUSE*,*NOUSE*,0,0,0,0,0,0,0,0
345,345,*NOUSE*,*NOUSE*,0,0,0,0,0,0,0,0
346,346,*NOUSE*,*NOUSE*,0,0,0,0,0,0,0,0
347,347,HYP6V2,,58,1489,101,162.00,62.51,34.17,1225,76576
348,348,*NOUSE*,*NOUSE*,0,0,0,0,0,0,0,0
349,349,YPDA,,61,329,101,109.00,41.67,21.29,3597,149901
350,350,*NOUSE*,*NOUSE*,0,0,0,0,0,0,0,0
351,351,*NOUSE*,*NOUSE*,0,0,0,0,0,0,0,0
352,352,*NOUSE*,*NOUSE*,0,0,0,0,0,0,0,0
353,353,RIFR,,60,1223,107,235.00,102.34,46.97,1993,203969
354,354,DR7,,62,1247,41,171.00,58.79,31.35,5033,295872
355,355,DR15,,63,839,39,100.00,39.19,21.70,3426,134281
356,356,ADLR,,65,1272,50,159.00,64.64,33.34,4500,290876
357,357,*NOUSE*,*NOUSE*,0,0,0,0,0,0,0,0
358,358,*NOUSE*,*NOUSE*,0,0,0,0,0,0,0,0
359,359,*NOUSE*,*NOUSE*,0,0,0,0,0,0,0,0
360,360,*NOUSE*,*NOUSE*,0,0,0,0,0,0,0,0
361,361,*NOUSE*,*NOUSE*,0,0,0,0,0,0,0,0
362,362,*NOUSE*,*NOUSE*,0,0,0,0,0,0,0,0
363,363,*NOUSE*,*NOUSE*,0,0,0,0,0,0,0,0
364,364,*NOUSE*,*NOUSE*,0,0,0,0,0,0,0,0
365,365,*NOUSE*,*NOUSE*,0,0,0,0,0,0,0,0
366,366,*NOUSE*,*NOUSE*,0,0,0,0,0,0,0,0
367,367,*NOUSE*,*NOUSE*,0,0,0,0,0,0,0,0
368,368,ASKR,,65,1290,50,176.00,69.11,37.53,4139,286035
369,369,*NOUSE*,*NOUSE*,0,0,0,0,0,0,0,0
370,370,*NOUSE*,*NOUSE*,0,0,0,0,0,0,0,0
371,371,*NOUSE*,*NOUSE*,0,0,0,0,0,0,0,0
372,372,PHSHR,,64,256,78,161.00,53.14,36.62,3370,179084
373,373,*NOUSE*,*NOUSE*,0,0,0,0,0,0,0,0
374,374,*NOUSE*,*NOUSE*,0,0,0,0,0,0,0,0
375,375,PM1VR,,61,1448,89,200.00,77.83,44.14,3408,265239
376,376,*NOUSE*,*NOUSE*,0,0,0,0,0,0,0,0
377,377,SABD,,63,1203,107,203.00,78.30,40.50,2686,210324
378,378,*NOUSE*,*NOUSE*,0,0,0,0,0,0,0,0
379,379,DR17,,63,673,50,79.00,31.35,13.83,2724,85393
380,380,IND5,,63,786,56,57.00,19.37, 6.80,3902,75599
381,381,ALNR,,66,267,68,172.00,55.97,35.78,3954,221295
382,382,*NOUSE*,*NOUSE*,0,0,0,0,0,0,0,0
383,383,I1R,,65,1464,81,185.00,66.30,39.61,4406,292102
384,384,*NOUSE*,*NOUSE*,0,0,0,0,0,0,0,0
385,385,*NOUSE*,*NOUSE*,0,0,0,0,0,0,0,0
386,386,VR17,,65,625,102,110.00,35.49,18.16,4450,157909
387,387,DR10,,67,1117,44,180.00,48.18,33.33,4037,194509
388,388,*NOUSE*,*NOUSE*,0,0,0,0,0,0,0,0
389,389,*NOUSE*,*NOUSE*,0,0,0,0,0,0,0,0
390,390,*NOUSE*,*NOUSE*,0,0,0,0,0,0,0,0
391,391,glrdr,,62,1326,58,244.00,104.59,56.10,2707,283119
392,392,*NOUSE*,*NOUSE*,0,0,0,0,0,0,0,0
393,393,PM5R,,67,1206,71,195.00,69.57,39.10,4006,278687
394,394,VIRR,,68,357,69,109.00,39.71,21.29,4056,161075
395,395,VPI2DR,,67,1118,76,180.00,51.04,36.47,4815,245751
396,396,*NOUSE*,*NOUSE*,0,0,0,0,0,0,0,0
397,397,*NOUSE*,*NOUSE*,0,0,0,0,0,0,0,0
398,398,*NOUSE*,*NOUSE*,0,0,0,0,0,0,0,0
399,399,*NOUSE*,*NOUSE*,0,0,0,0,0,0,0,0
400,400,*NOUSE*,*NOUSE*,0,0,0,0,0,0,0,0
401,401,*NOUSE*,*NOUSE*,0,0,0,0,0,0,0,0
402,402,*NOUSE*,*NOUSE*,0,0,0,0,0,0,0,0
403,403,DVA,,63,303,70,128.00,52.88,25.74,2828,149531
404,404,PM1R,,69,1447,73,241.00,85.57,52.71,3801,325263
405,405,M3R,,64,1378,81,238.00,84.04,54.60,3318,278852
406,406,*NOUSE*,*NOUSE*,0,0,0,0,0,0,0,0
407,407,M2R,,68,1194,81,246.00,85.89,53.18,2873,246748
408,408,*NOUSE*,*NOUSE*,0,0,0,0,0,0,0,0
409,409,NSMR,,69,1407,83,233.00,82.29,52.17,3335,274453
410,410,PM6VR,,68,1177,85,171.00,55.02,35.02,4463,245570
411,411,*NOUSE*,*NOUSE*,0,0,0,0,0,0,0,0
412,412,*NOUSE*,*NOUSE*,0,0,0,0,0,0,0,0
413,413,*NOUSE*,*NOUSE*,0,0,0,0,0,0,0,0
414,414,*NOUSE*,*NOUSE*,0,0,0,0,0,0,0,0
415,415,SIAVR,,68,1272,98,222.00,82.64,46.43,2932,242306
416,416,*NOUSE*,*NOUSE*,0,0,0,0,0,0,0,0
417,417,*NOUSE*,*NOUSE*,0,0,0,0,0,0,0,0
418,418,*NOUSE*,*NOUSE*,0,0,0,0,0,0,0,0
419,419,VR9,,68,1164,113,170.00,51.27,33.51,4368,223949
420,420,*NOUSE*,*NOUSE*,0,0,0,0,0,0,0,0
421,421,*NOUSE*,*NOUSE*,0,0,0,0,0,0,0,0
422,422,*NOUSE*,*NOUSE*,0,0,0,0,0,0,0,0
423,423,*NOUSE*,*NOUSE*,0,0,0,0,0,0,0,0
424,424,DR3,,69,1464,45,166.00,58.97,33.94,5170,304889
425,425,DR18,,66,598,53,62.00,27.49,10.33,2844,78184
426,426,*NOUSE*,*NOUSE*,0,0,0,0,0,0,0,0
427,427,*NOUSE*,*NOUSE*,0,0,0,0,0,0,0,0
428,428,DR21,,69,315,61,130.00,46.12,25.76,3217,148371
429,429,*NOUSE*,*NOUSE*,0,0,0,0,0,0,0,0
430,430,*NOUSE*,*NOUSE*,0,0,0,0,0,0,0,0
431,431,*NOUSE*,*NOUSE*,0,0,0,0,0,0,0,0
432,432,*NOUSE*,*NOUSE*,0,0,0,0,0,0,0,0
433,433,*NOUSE*,*NOUSE*,0,0,0,0,0,0,0,0
434,434,VR20,,63,270,93,134.00,47.92,26.11,3118,149399
435,435,*NOUSE*,*NOUSE*,0,0,0,0,0,0,0,0
436,436,*NOUSE*,*NOUSE*,0,0,0,0,0,0,0,0
437,437,INVR1,,70,1061,99,92.00,34.12,16.99,6528,222724
438,438,*NOUSE*,*NOUSE*,0,0,0,0,0,0,0,0
439,439,*NOUSE*,*NOUSE*,0,0,0,0,0,0,0,0
440,440,VR10,,69,1118,108,156.00,47.84,32.28,4984,238433
441,441,DR16,,68,733,46,86.00,33.78,15.65,3076,103906
442,442,*NOUSE*,*NOUSE*,0,0,0,0,0,0,0,0
443,443,M1,,69,1176,53,213.00,66.40,48.08,3714,246625
444,444,PM7VR, ,70,1152,92,161.00,51.42,34.59,4960,255048
445,445,*NOUSE*,*NOUSE*,0,0,0,0,0,0,0,0
446,446,*NOUSE*,*NOUSE*,0,0,0,0,0,0,0,0
447,447,VR7,,68,1262,107,180.00,63.68,36.21,3089,196708
448,448,*NOUSE*,*NOUSE*,0,0,0,0,0,0,0,0
449,449,*NOUSE*,*NOUSE*,0,0,0,0,0,0,0,0
450,450,*NOUSE*,*NOUSE*,0,0,0,0,0,0,0,0
451,451,*NOUSE*,*NOUSE*,0,0,0,0,0,0,0,0
452,452,IND7,,66,552,62,38.00,17.82, 4.69,1633,29092
454,454,*NOUSE*,*NOUSE*,0,0,0,0,0,0,0,0
455,455,*NOUSE*,*NOUSE*,0,0,0,0,0,0,0,0
456,456,*NOUSE*,*NOUSE*,0,0,0,0,0,0,0,0
457,457,RIS,,70,1233,98,185.00,74.47,39.74,2681,199641
458,458,*NOUSE*,*NOUSE*,0,0,0,0,0,0,0,0
459,459,*NOUSE*,*NOUSE*,0,0,0,0,0,0,0,0
460,460,*NOUSE*,*NOUSE*,0,0,0,0,0,0,0,0
461,461,*NOUSE*,*NOUSE*,0,0,0,0,0,0,0,0
462,462,DR19,,70,514,54,66.00,30.38,12.79,2670,81105
463,463,G1AR,,68,1190,53,191.00,65.87,42.96,2843,187258
464,464,*NOUSE*,*NOUSE*,0,0,0,0,0,0,0,0
465,465,AVER,,70,1313,76,220.00,95.16,48.35,2710,257885
466,466,AIBR,,70,1292,76,206.00,87.43,45.71,3063,267791
467,467,*NOUSE*,*NOUSE*,0,0,0,0,0,0,0,0
468,468,*NOUSE*,*NOUSE*,0,0,0,0,0,0,0,0
469,469,RIMR,,71,1257,86,220.00,82.54,43.55,2905,239791
470,470,*NOUSE*,*NOUSE*,0,0,0,0,0,0,0,0
471,471,*NOUSE*,*NOUSE*,0,0,0,0,0,0,0,0
472,472,*NOUSE*,*NOUSE*,0,0,0,0,0,0,0,0
473,473,EXC GL R,,71,1192,105,178.00,60.15,37.66,3684,221605
474,474,*NOUSE*,*NOUSE*,0,0,0,0,0,0,0,0
475,475,INDR1,,71,1070,57,88.00,30.25,14.02,5831,176407
476,476,*NOUSE*,*NOUSE*,0,0,0,0,0,0,0,0
477,477,ADFR,,71,1290,62,214.00,97.27,45.69,2431,236468
478,478,*NOUSE*,*NOUSE*,0,0,0,0,0,0,0,0
479,479,*NOUSE*,*NOUSE*,0,0,0,0,0,0,0,0
480,480,*NOUSE*,*NOUSE*,0,0,0,0,0,0,0,0
481,481,*NOUSE*,*NOUSE*,0,0,0,0,0,0,0,0
482,482,OLQSOVR,,73,1472,90,179.00,66.12,40.60,3269,216160
483,483,*NOUSE*,*NOUSE*,0,0,0,0,0,0,0,0
484,484,CEPSOVR,,71,1391,100,200.00,71.94,44.61,2869,206410
485,485,*NOUSE*,*NOUSE*,0,0,0,0,0,0,0,0
486,486,*NOUSE*,*NOUSE*,0,0,0,0,0,0,0,0
487,487,AWAR,,73,1275,65,218.00,91.94,43.77,3283,301826
488,488,K',,70,327,67,128.00,50.14,28.99,3123,156580
489,489,*NOUSE*,*NOUSE*,0,0,0,0,0,0,0,0
490,490,PM4R,,74,1423,72,202.00,72.88,39.19,3536,257714
491,491,*NOUSE*,*NOUSE*,0,0,0,0,0,0,0,0
492,492,*NOUSE*,*NOUSE*,0,0,0,0,0,0,0,0
493,493,*NOUSE*,*NOUSE*,0,0,0,0,0,0,0,0
494,494,*NOUSE*,*NOUSE*,0,0,0,0,0,0,0,0
495,495,CEPSHVR,,74,1355,92,239.00,74.45,49.62,3049,226993
496,496,*NOUSE*,*NOUSE*,0,0,0,0,0,0,0,0
497,497,*NOUSE*,*NOUSE*,0,0,0,0,0,0,0,0
498,498,*NOUSE*,*NOUSE*,0,0,0,0,0,0,0,0
499,499,DR2,,73,1499,50,149.00,55.52,30.93,5310,294794
500,500,*NOUSE*,*NOUSE*,0,0,0,0,0,0,0,0
501,501,*NOUSE*,*NOUSE*,0,0,0,0,0,0,0,0
502,502,REPVR,,75,348,76,125.00,41.04,23.59,3969,162869
503,503,*NOUSE*,*NOUSE*,0,0,0,0,0,0,0,0
504,504,P7/8R,,73,647,96,84.00,29.58,13.70,4625,136828
505,505,VR3,,73,1459,102,184.00,53.15,32.01,3628,192845
506,506,*NOUSE*,*NOUSE*,0,0,0,0,0,0,0,0
507,507,RMDDR,,72,1324,102,231.00,89.89,49.99,2029,182386
508,508,ARCPDR,,75,1469,60,207.00,70.63,42.08,4289,302914
509,509,DR20,,74,446,59,85.00,31.91,14.18,3617,115417
510,510,*NOUSE*,*NOUSE*,0,0,0,0,0,0,0,0
511,511,*NOUSE*,*NOUSE*,0,0,0,0,0,0,0,0
512,512,*NOUSE*,*NOUSE*,0,0,0,0,0,0,0,0
513,513,*NOUSE*,*NOUSE*,0,0,0,0,0,0,0,0
514,514,*NOUSE*,*NOUSE*,0,0,0,0,0,0,0,0
515,515,*NOUSE*,*NOUSE*,0,0,0,0,0,0,0,0
516,516,M,,72,598,74,51.00,20.60, 6.83,2944,60649
517,517,*NOUSE*,*NOUSE*,0,0,0,0,0,0,0,0
518,518,*NOUSE*,*NOUSE*,0,0,0,0,0,0,0,0
519,519,*NOUSE*,*NOUSE*,0,0,0,0,0,0,0,0
520,520,ILSOR,,77,1482,79,195.00,73.20,43.65,4434,324564
521,521,*NOUSE*,*NOUSE*,0,0,0,0,0,0,0,0
522,522,VR6,,76,1342,99,150.00,54.50,31.46,3621,197350
523,523,AMSOR,,77,1488,62,170.00,61.08,37.51,4866,297217
524,524,ASGR,,77,1261,55,211.00,83.44,45.45,3390,282875
525,525,ARCADR,,78,1508,65,164.00,51.85,34.01,5467,283465
526,526,*NOUSE*,*NOUSE*,0,0,0,0,0,0,0,0
527,527,*NOUSE*,*NOUSE*,0,0,0,0,0,0,0,0
528,528,BDUR,,78,1083,76,198.00,58.73,45.71,4043,237457
529,529,OLQSHVR,,76,1444,92,226.00,76.22,47.03,3010,229430
530,530,*NOUSE*,*NOUSE*,0,0,0,0,0,0,0,0
531,531,VR2,,76,1502,93,141.00,53.02,29.31,3353,177775
532,532,*NOUSE*,*NOUSE*,0,0,0,0,0,0,0,0
533,533,CEPSODR,,80,1406,56,216.00,74.71,47.29,5475,409047
534,534,AWBR,,80,1281,56,221.00,82.42,50.10,4173,343940
535,535,*NOUSE*,*NOUSE*,0,0,0,0,0,0,0,0
536,536,*NOUSE*,*NOUSE*,0,0,0,0,0,0,0,0
537,537,RICR,,79,1247,88,210.00,83.91,48.45,2991,250964
538,538,*NOUSE*,*NOUSE*,0,0,0,0,0,0,0,0
539,539,P9/10R,,79,522,94,75.00,27.89,11.88,4406,122885
540,540,*NOUSE*,*NOUSE*,0,0,0,0,0,0,0,0
541,541,HYP7ABR3,,79,1108,63,100.00,33.99,17.22,6292,213881
542,542,*NOUSE*,*NOUSE*,0,0,0,0,0,0,0,0
543,543,*NOUSE*,*NOUSE*,0,0,0,0,0,0,0,0
544,544,HYP5R,,79,1554,70,110.00,37.58,20.74,6495,244094
545,545,CANR,,79,772,72,138.00,41.15,25.93,3813,156893
546,546,*NOUSE*,*NOUSE*,0,0,0,0,0,0,0,0
547,547,RMGR,,78,1198,87,204.00,71.73,46.59,3615,259313
548,548,*NOUSE*,*NOUSE*,0,0,0,0,0,0,0,0
549,549,*NOUSE*,*NOUSE*,0,0,0,0,0,0,0,0
550,550,*NOUSE*,*NOUSE*,0,0,0,0,0,0,0,0
551,551,*NOUSE*,*NOUSE*,0,0,0,0,0,0,0,0
552,552,*NOUSE*,*NOUSE*,0,0,0,0,0,0,0,0
553,553,RMDVR,,80,1341,69,181.00,65.87,43.85,4214,277578
554,554,*NOUSE*,*NOUSE*,0,0,0,0,0,0,0,0
555,555,*NOUSE*,*NOUSE*,0,0,0,0,0,0,0,0
556,556,SIBDR,,77,1320,87,225.00,94.98,51.74,2667,253318
557,557,VR4,,79,1415,97,172.00,67.07,38.86,3135,210279
558,558,*NOUSE*,*NOUSE*,0,0,0,0,0,0,0,0
559,559,HYP7RC1,,79,989,64,82.00,26.87,12.52,6175,165922
560,560,HYP7RC3,,80,749,65,78.00,24.91,10.90,4447,110772
561,561,AFDR,,80,1303,63,195.00,77.27,45.89,3658,282637
562,562,*NOUSE*,*NOUSE*,0,0,0,0,0,0,0,0
563,563,*NOUSE*,*NOUSE*,0,0,0,0,0,0,0,0
564,564,RMDR,,80,1333,85,232.00,80.42,50.59,3135,252125
565,565,*NOUSE*,*NOUSE*,0,0,0,0,0,0,0,0
566,566,*NOUSE*,*NOUSE*,0,0,0,0,0,0,0,0
567,567,*NOUSE*,*NOUSE*,0,0,0,0,0,0,0,0
568,568,ASER,,82,1264,69,166.00,63.73,35.78,4374,278773
569,569,AVAR,,81,1325,71,194.00,74.16,44.31,3122,231534
570,570,AWCR,,81,1306,81,175.00,72.76,41.72,3764,273862
571,571,HYP7ABRD,,81,1126,82,98.00,33.58,16.42,6715,225516
572,572,*NOUSE*,*NOUSE*,0,0,0,0,0,0,0,0
573,573,VR1,,78,1531,86,150.00,50.03,30.27,4290,214613
574,574,XXXR,,80,1408,86,218.00,86.59,52.77,3031,262450
575,575,*NOUSE*,*NOUSE*,0,0,0,0,0,0,0,0
576,576,IL2R,,83,1407,71,198.00,65.13,42.62,4241,276230
577,577,*NOUSE*,*NOUSE*,0,0,0,0,0,0,0,0
578,578,V3R,,81,822,80,90.00,29.15,13.37,5105,148798
579,579,H2R,,82,1206,72,125.00,49.49,25.68,3203,158516
580,580,*NOUSE*,*NOUSE*,0,0,0,0,0,0,0,0
581,581,*NOUSE*,*NOUSE*,0,0,0,0,0,0,0,0
582,582,*NOUSE*,*NOUSE*,0,0,0,0,0,0,0,0
583,583,HYP7ABRV,,82,1158,90,125.00,40.48,21.93,4267,172729
584,584,AUAR,,81,1289,90,234.00,85.99,53.40,3181,273537
585,585,*NOUSE*,*NOUSE*,0,0,0,0,0,0,0,0
586,586,*NOUSE*,*NOUSE*,0,0,0,0,0,0,0,0
587,587,ASHR,,81,1286,73,173.00,69.89,39.63,3839,268293
588,588,V6R,,83,452,81,78.00,24.61,10.09,4864,119726
589,589,*NOUSE*,*NOUSE*,0,0,0,0,0,0,0,0
590,590,*NOUSE*,*NOUSE*,0,0,0,0,0,0,0,0
591,591,*NOUSE*,*NOUSE*,0,0,0,0,0,0,0,0
592,592,*NOUSE*,*NOUSE*,0,0,0,0,0,0,0,0
593,593,*NOUSE*,*NOUSE*,0,0,0,0,0,0,0,0
594,594,VPI1,*MANUAL*$266$222,54,1117,61,178.00,48.33,28.79,4221,204002
595,595,VPI2DL,*MANUAL*,42,1118,77,198.00,86.70,40.16,1365,118348
596,596,G1P,*MANUAL*$392$341,63,1135,59,133.00,48.04,28.96,4359,209387
597,597,PM7D,*MANUAL*$283$245,54,1146,51,139.00,48.88,29.12,4097,200278
598,598,MC3DR,*MANUAL*$489$480,73,1152,69,166.00,50.63,33.98,4623,234065
599,599,M5,*MANUAL*,44,1144,60,187.00,98.91,36.51,1356,134121
600,600,PM5VL,*MANUAL*,52,1202,89,212.00,140.35,27.57,485,68068
601,601,PM5VR,*MANUAL*,61,1202,87,201.00,130.42,29.34,485,63252
602,602,pm5dl,*MANUAL*,52,1202,55,182.00,108.81,26.14,886,96410
603,603,PM5DR,*MANUAL*,62,1206,57,181.00,110.52,24.64,895,98917
604,604,MC2DR,*MANUAL*$357$427,63,1231,65,172.00,61.32,28.97,4570,280225
605,605,I3,*MANUAL*$340$324,59,1403,51,225.00,74.93,45.86,4339,325132
606,606,NSML,*MANUAL*,47,1407,80,206.00,106.35,37.14,1344,142931
607,607,MI,*MANUAL*,60,1422,50,232.00,159.10,26.79,485,77162
608,608,PM4DL,*MANUAL*,51,1422,51,194.00,131.38,26.76,485,63721
609,609,PM4L,*MANUAL*,44,1418,69,149.00,92.98,25.78,895,83220
610,610,PM4VR,*MANUAL*$376$413,63,1417,91,166.00,63.64,32.74,3664,233164
611,611,I2L,*MANUAL*,45,1444,80,200.00,141.54,32.09,464,65676
612,612,MCR,*MANUAL*,65,1431,81,222.00,154.74,34.04,475,73501
613,613,I2R,*MANUAL*,71,1427,86,222.00,175.22,23.51,485,84980
614,614,MC1DL,*MANUAL*,46,1438,59,169.00,106.36,27.59,832,88493
615,615,MC1DR,*MANUAL*,72,1438,62,199.00,116.24,27.63,893,103801
616,616,PM1DL,*MANUAL*,53,1444,55,228.00,137.56,37.34,879,120918
617,617,PM1DR,*MANUAL*,63,1444,58,252.00,156.20,55.09,895,139797
618,618,PM1VL,*MANUAL*,51,1445,90,229.00,133.83,40.50,895,119782
619,619,E2VR,*MANUAL*$429$430,68,1597,83,165.00,44.46,31.76,5076,225689
620,620,PM2VR1,*MANUAL*,68,1565,86,204.00,95.69,49.09,895,85639
621,621,PM2VR2,*MANUAL*,68,1552,86,181.00,100.69,37.75,895,90121
622,622,E1VR,*MANUAL*,67,1532,83,191.00,108.20,37.44,886,95862
623,623,E3VR,*MANUAL*,67,1496,85,180.00,91.71,35.69,895,82080
624,624,PM3R,*MANUAL*$406$382,65,1485,76,144.00,53.91,31.72,3166,170690
625,625,PM3VR,*MANUAL*,64,1522,85,160.00,72.13,27.98,895,64560
626,626,PM3VL,*MANUAL*,52,1515,85,123.00,57.98,18.15,895,51894
627,627,PM2VL1,*MANUAL*,48,1566,84,169.00,93.63,37.48,895,83802
628,628,PM2VL2,*MANUAL*,48,1553,85,180.00,104.22,37.89,895,93276
629,629,E1VL,*MANUAL*,46,1530,85,161.00,93.80,25.55,895,83947
630,630,E3VL,*MANUAL*,46,1504,82,172.00,92.94,32.57,833,77416
631,631,PM3L,*MANUAL*,46,1483,77,136.00,69.90,25.01,895,62561
632,632,E2D,*MANUAL*$326$298,56,1597,59,134.00,42.12,27.59,4452,187538
633,633,PM2D1,*MANUAL*,58,1564,58,159.00,86.17,35.86,895,77122
634,634,PM2D2,*MANUAL*,58,1542,56,153.00,80.83,32.76,895,72341
635,635,E1D,*MANUAL*,59,1511,56,171.00,97.48,28.35,811,79055
636,636,E3D,*MANUAL*,59,1469,57,129.00,62.81,26.21,895,56213
637,637,PM3DR,*MANUAL*,63,1494,58,143.00,60.92,21.09,895,54520
638,638,PM3DL,*MANUAL*,51,1514,58,129.00,64.81,18.06,895,58003
639,639,EXC,*MANUAL*,50,1253,98,143.00,48.01,16.83,1365,65527
640,640,AIML,*MANUAL*,51,1237,99,215.00,138.82,32.66,797,110639
641,641,AIYL,*MANUAL*,45,1231,100,235.00,134.80,36.22,895,120645
642,642,AIMR,*MANUAL*,61,1246,99,235.00,160.78,32.76,781,125572
643,643,AIYR,*MANUAL*,69,1248,98,232.00,145.96,36.22,895,130633
644,644,AVKR,*MANUAL*,68,1220,96,234.00,123.35,34.29,851,104969
645,645,SABVL,*MANUAL*,55,1244,113,229.00,138.60,47.79,869,120446
646,646,SABVR,*MANUAL*,60,1235,110,227.00,139.43,45.06,803,111961
647,647,RIFL,*MANUAL*,53,1230,112,224.00,144.05,33.67,895,128925
648,648,AVG,*MANUAL*,58,1212,112,209.00,130.29,24.71,773,100714
649,649,RIGL,*MANUAL*,50,1213,111,226.00,133.69,30.74,895,119654
650,650,DD1,*MANUAL*,50,1196,111,210.00,135.28,31.25,682,92264
651,651,DB1,*MANUAL*,56,1192,118,207.00,120.09,25.91,895,107485
652,652,ADAL,*MANUAL*,37,1205,88,209.00,123.72,25.09,843,104295
653,653,ADEL,*MANUAL*,42,1213,87,212.00,129.02,26.70,895,115476
654,654,SIBDL,*MANUAL*,37,1317,85,222.00,137.99,27.83,895,123500
655,655,AVDL,*MANUAL*,35,1242,73,185.00,120.29,25.02,895,107658
656,656,AVJL,*MANUAL*,41,1237,64,207.00,125.35,30.68,895,112188
657,657,AVHL,*MANUAL*,37,1245,55,209.00,128.48,33.65,895,114991
658,658,ASGL,*MANUAL*,40,1261,54,197.00,125.56,28.09,842,105719
659,659,AWBL,*MANUAL*,37,1278,56,195.00,113.34,29.59,1333,151080
660,660,AFDL,*MANUAL*,37,1299,65,187.00,111.16,29.59,1259,139947
661,661,AVAL,*MANUAL*,36,1321,70,191.00,123.82,25.52,891,110326
662,662,SMDVL,*MANUAL*,38,1314,59,209.00,128.14,31.92,895,114688
663,663,ADFL,*MANUAL*,43,1288,62,165.00,115.23,21.65,895,103129
664,664,AWAL,*MANUAL*,42,1271,63,180.00,111.02,24.46,895,99366
665,665,AVEL,*MANUAL*,42,1313,74,233.00,121.15,36.61,895,108433
666,666,RIML,*MANUAL*,40,1253,83,176.00,101.34,26.23,895,90702
667,667,AIZL,*MANUAL*,43,1237,81,200.00,116.55,27.98,895,104316
668,668,AVBL,*MANUAL*,43,1252,72,191.00,111.55,25.70,895,99837
669,669,RIVL,*MANUAL*,45,1229,53,203.00,128.66,31.93,895,115147
670,670,ADLL,*MANUAL*,49,1263,49,168.00,96.50,23.96,1365,131722
671,671,RIAL,*MANUAL*,44,1303,62,202.00,129.00,35.15,871,112362
672,672,SAAVL,*MANUAL*,43,1325,64,233.00,173.18,27.36,413,71525
673,673,URXR,*MANUAL*,63,1309,50,227.00,149.64,24.83,893,133628
674,674,URXL,*MANUAL*,51,1306,54,209.00,144.35,25.24,895,129197
675,675,ASIR,*MANUAL*,68,1253,53,241.00,133.14,35.13,1359,180932
676,676,RIVR,*MANUAL*,68,1237,53,241.00,157.80,32.29,895,141231
677,677,ADESHR,*FIX*,83,1174,79,236.00,107.85,47.16,1365,147214
678,678,ADAR,*MANUAL*,79,1214,90,221.00,139.68,33.39,879,122781
679,679,ADER,*MANUAL*,75,1218,81,240.00,161.68,29.89,895,144701
680,680,FLPR,*MANUAL*,77,1233,85,238.00,142.45,39.84,803,114388
681,681,ASJR,*MANUAL*,79,1268,89,174.00,101.06,31.46,1365,137950
682,682,AVDR,*MANUAL*,81,1244,72,247.00,164.88,30.01,889,146577
683,683,AINR,*MANUAL*,79,1229,69,238.00,147.99,34.32,895,132453
684,684,AVJR,*MANUAL*,75,1239,64,234.00,165.52,28.36,895,148141
685,685,AVHR,*MANUAL*,77,1246,53,249.00,154.95,42.12,895,138682
686,686,SMDVR,*MANUAL*,77,1319,58,229.00,147.90,39.00,895,132369
687,687,RIBR,*MANUAL*,72,1272,78,216.00,134.52,38.47,895,120393
688,688,AIZR,*MANUAL*,72,1238,79,234.00,148.91,29.88,895,133275
689,689,AVBR,*MANUAL*,72,1253,70,241.00,146.67,29.31,895,131269
690,690,RIAR,*MANUAL*,69,1305,59,228.00,151.74,28.30,895,135807
691,691,SAAVR,*MANUAL*,69,1321,66,241.00,167.89,35.12,895,150265
692,692,RID,*MANUAL*,54,1335,40,190.00,113.23,30.63,1365,154559
693,693,ALA,*MANUAL*,57,1320,44,223.00,147.03,27.82,778,114390
694,694,CEPDR,*MANUAL*,66,1320,46,241.00,156.01,29.04,895,139632
695,695,CEPDL,*MANUAL*,45,1316,48,210.00,127.05,36.75,1365,173421
696,696,GLRVR,*MANUAL*,63,1332,91,241.00,143.51,47.39,875,125569
697,697,GLRVL,*MANUAL*,47,1333,91,223.00,136.08,38.58,895,121794
698,698,GLRR,*MANUAL*,69,1327,84,243.00,165.14,36.65,895,147797
699,699,SAADR,*MANUAL*,64,1319,98,246.00,190.94,26.21,463,88404
700,700,*NOUSE*,*NOUSE*,0,0,0,0,0,0,0,0
701,701,RIH,*MANUAL*,56,1318,99,239.00,172.45,29.10,788,135893
702,702,SMDDR,*MANUAL*,71,1308,106,225.00,119.09,41.83,895,106589
703,703,SMBDR,*MANUAL*,68,1290,106,235.00,135.39,31.93,875,118468
704,704,RMDDL,*MANUAL*,43,1325,100,185.00,120.57,25.43,477,57513
705,705,SAADL,*MANUAL*,48,1318,99,232.00,168.16,27.00,485,81556
706,706,SMDDL,*MANUAL*,44,1309,106,227.00,116.75,36.28,893,104259
707,707,SIBVR,*MANUAL*,71,1312,94,247.00,161.32,38.91,839,135344
708,708,SIBVL,*MANUAL*,43,1308,92,210.00,139.57,28.13,450,62806
709,709,SMBVL,*MANUAL*,49,1304,97,227.00,159.06,29.41,895,142360
710,710,SMBVR,*MANUAL*,61,1303,100,248.00,167.17,30.90,895,149620
711,711,RIR,*MANUAL*,67,1305,89,225.00,150.06,31.01,895,134302
712,712,AIAL,*MANUAL*,52,1290,95,238.00,170.45,26.12,450,76704
714,714,AVL,*MANUAL*,69,1286,89,245.00,145.55,32.75,895,130269
715,715,SIADR,*MANUAL*,72,1296,99,227.00,143.50,40.68,895,128432
716,716,SIADL,*MANUAL*,43,1289,95,221.00,146.19,34.86,895,130839
717,717,SIAVL,*MANUAL*,45,1275,104,211.00,113.32,36.45,895,101419
718,718,EXC DUCT,*MANUAL*,48,1274,93,170.00,91.31,26.62,895,81724
719,719,IL2L,*MANUAL*,34,1427,70,147.00,92.89,25.65,1365,126797
720,720,URBL,*MANUAL*,34,1402,67,169.00,106.09,26.88,885,93892
721,721,BAGL,*MANUAL*,38,1374,81,169.00,99.32,27.29,883,87701
722,722,IL1L,*MANUAL*,37,1409,75,189.00,107.94,26.72,895,96605
723,723,URAVL,*MANUAL*,48,1386,100,253.00,144.14,46.62,843,121507
724,724,OLQVL,*MANUAL*,44,1374,90,188.00,117.26,30.40,895,104949
725,725,CEPSHVL,*MANUAL*,38,1355,89,165.00,76.78,30.77,895,68715
726,726,RIPL,*MANUAL*,42,1374,67,189.00,131.20,26.34,895,117422
727,727,OLLL,*MANUAL*,41,1388,60,177.00,111.74,32.31,895,100007
728,728,URYDL,*MANUAL*,42,1375,52,211.00,139.45,32.93,1365,190347
729,729,URADL,*MANUAL*,43,1393,49,209.00,124.21,35.79,895,111171
730,730,CEPSHDR,*MANUAL*,74,1356,58,198.00,125.87,30.52,895,112653
731,731,URYDR,*MANUAL*,71,1370,48,244.00,173.28,35.97,876,151789
732,732,URADR,*MANUAL*,70,1384,46,231.00,146.31,41.97,895,130945
733,733,RMER,*MANUAL*,75,1360,73,242.00,156.64,39.13,783,122650
734,734,RIPR,*MANUAL*,73,1373,71,202.00,135.16,36.46,893,120699
735,735,OLLR,*MANUAL*,74,1380,62,198.00,137.80,26.90,789,108723
736,736,URBR,*MANUAL*,81,1384,67,217.00,129.63,42.98,1365,176949
737,737,BAGR,*MANUAL*,78,1364,86,197.00,111.65,36.70,1351,150836
738,738,IL1R,*MANUAL*,77,1391,82,204.00,112.34,37.10,895,100542
739,739,URYVR,*MANUAL*,73,1382,89,221.00,149.95,31.19,895,134204
740,740,OLQVR,*MANUAL*,71,1370,92,205.00,134.72,26.28,895,120578
741,741,URAVR,*MANUAL*,65,1376,103,216.00,146.76,33.31,873,128119
742,742,CEPVR,*MANUAL*,62,1359,102,234.00,147.45,36.73,884,130346
743,743,CEPVL,*MANUAL*,53,1365,102,238.00,147.84,31.38,574,84862
744,744,IL1VR,*MANUAL*,57,1371,103,232.00,157.41,34.29,485,76346
745,745,IL1VL,*MANUAL*,57,1384,102,247.00,150.09,42.32,893,134028
746,746,IL2VL,*MANUAL*,51,1400,105,214.00,116.55,34.54,842,98133
747,747,IL2VR,*MANUAL*,70,1423,103,192.00,118.66,38.30,895,106199
748,748,RMED,*MANUAL*,57,1357,43,251.00,181.21,35.79,893,161818
749,749,OLQDR,*MANUAL*,65,1363,46,251.00,190.95,28.81,485,92610
750,750,OLQDL,*MANUAL*,51,1367,45,241.00,171.71,22.94,485,83278
751,751,IL1DR,*MANUAL*,61,1376,47,249.00,202.76,21.41,485,98337
752,752,IL1DL,*MANUAL*,50,1382,47,233.00,176.55,23.03,485,85626
753,753,OLLSOR,*MANUAL*,84,1428,61,224.00,147.54,31.24,894,131901
754,754,OLQSHDR,*MANUAL*,86,1438,67,240.00,125.76,41.75,895,112553
755,755,ILSHDR,*MANUAL*,78,1451,57,238.00,147.82,45.10,871,128751
756,756,HYP1R,*MANUAL*,82,1457,65,236.00,147.43,34.95,895,131952
757,757,IL2DR,*MANUAL*,68,1417,39,177.00,89.04,34.32,1363,121366
758,758,ARCPVR,*MANUAL*,78,1500,81,183.00,114.88,31.82,895,102821
759,759,ILSHR,*MANUAL*,76,1458,88,206.00,120.73,33.11,895,108051
760,760,OLLSHR,*MANUAL*,81,1432,84,217.00,124.97,47.47,895,111850
761,761,OLLSOL,*MANUAL*,36,1436,61,212.00,131.72,34.16,895,117890
762,762,OLQSHDL,*MANUAL*,33,1449,65,207.00,120.10,37.06,869,104364
763,763,ILSHDL,*MANUAL*,40,1452,58,209.00,132.76,32.41,895,118824
764,764,ARCPDL,*MANUAL*,41,1490,60,170.00,92.96,33.51,1248,116019
765,765,AMSOL,,35,1496,66,131.00,65.35,29.44,1365,89199
766,766,ARCPVL,*MANUAL*,40,1498,88,141.00,84.06,26.44,1365,114745
767,767,OLQSOVL,*MANUAL*,41,1464,92,165.00,99.95,29.04,881,88055
768,768,ILSHL,*MANUAL*,38,1455,87,164.00,107.50,26.14,895,96211
769,769,OLLSHl,*MANUAL*,34,1445,79,198.00,126.68,31.54,851,107802
770,770,OLQSHVL,*MANUAL*,39,1439,85,226.00,143.43,29.89,895,128370
771,771,ILSODL,*MANUAL*,50,1551,48,213.00,126.20,26.85,895,112948
772,772,OLQSODL,*MANUAL*,50,1531,46,208.00,130.02,33.49,767,99724
773,773,ARCPD,*MANUAL*,62,1554,46,200.00,107.68,41.58,1365,146987
774,774,ILSODR,*MANUAL*,62,1527,44,215.00,127.64,33.17,895,114242
775,775,OLQSODR,*MANUAL*,62,1490,44,209.00,116.90,41.61,1365,159567
776,776,HYP6D1,*MANUAL*,55,1537,42,177.00,85.83,24.26,895,76822
777,777,HYP6D4,*MANUAL*$332$262$333,56,1451,40,163.00,55.02,30.95,5208,286542
778,778,HYP7D1,*MANUAL*$307$295,55,1402,36,133.00,46.76,23.70,3715,173725
779,779,HYP7D2,*MANUAL*$321$296$320,54,1298,38,134.00,52.52,21.61,3993,209701
780,780,ARCAV,*MANUAL*,64,1582,99,188.00,77.44,39.63,1365,105707
781,781,ARCPV,*MANUAL*,63,1551,100,189.00,110.87,32.46,895,99227
782,782,HYP2V,*MANUAL*,56,1571,98,180.00,95.90,38.94,895,85827
783,783,HYP1V,*MANUAL*,53,1538,99,172.00,87.70,38.53,558,48935
784,784,ILSOVL,*MANUAL*,55,1509,101,198.00,120.35,41.29,895,107715
785,785,ILSHVL,*MANUAL*,53,1478,101,208.00,127.26,36.51,895,113900
786,786,ILSOVR,*MANUAL*,66,1517,101,225.00,95.05,47.97,895,85072
787,787,ILSHVR,*MANUAL*,67,1495,99,183.00,105.44,40.23,895,94372
788,788,HYP6V1,*MANUAL*,59,1537,103,170.00,66.89,33.16,1365,91305
789,789,HYP7V1,*MANUAL*$330$338,59,1419,108,138.00,52.33,27.53,3539,185204
790,790,HYP7V2,*MANUAL*,59,1396,106,190.00,73.53,32.72,1365,100368
791,791,DL1,*MANUAL*$92$117,39,1527,60,125.00,45.47,22.41,4044,183892
792,792,DL4,*MANUAL*,37,1432,50,135.00,78.50,25.45,895,70261
793,793,DL5,*MANUAL*,44,1352,39,152.00,66.85,32.74,1365,91254
794,794,DL6,*MANUAL*,39,1333,48,158.00,70.92,27.60,1365,96801
795,795,DL7,*MANUAL*,49,1231,40,158.00,81.85,29.89,1365,111721
796,796,DL8,*MANUAL*$135$136,44,1189,40,134.00,46.70,26.24,4265,199177
797,797,DL9,*MANUAL*$150$151,46,1133,40,143.00,45.43,28.98,3614,164169
798,798,DL10,*MANUAL*$110$125,42,1112,44,129.00,41.98,25.87,3507,147227
799,799,DL11,*MANUAL*$152$169,46,1034,41,154.00,44.61,28.37,3054,136226
800,800,DL12,*MANUAL*$111$112,44,973,44,138.00,41.96,26.15,3116,130749
801,801,DL14,*MANUAL*$168$153,46,836,39,112.00,37.03,20.22,3192,118203
802,802,DL16,*MANUAL*$181$182,47,701,46,89.00,34.99,16.57,2271,79468
803,803,DL20,*MANUAL*$325$287,54,424,54,83.00,30.75,13.83,2520,77482
804,804,DL21,*MANUAL*$312$313,58,258,61,129.00,45.82,27.25,3368,154333
805,805,VL3,*MANUAL*,45,1467,103,150.00,80.00,25.12,895,71602
806,806,VL5,*MANUAL*,47,1365,106,183.00,106.02,29.57,813,86195
807,807,VL6,*MANUAL*,40,1363,100,161.00,70.46,34.08,895,63066
808,808,VL7,*MANUAL*,46,1244,108,191.00,100.56,35.86,895,90005
809,809,VL8,*MANUAL*,43,1195,107,168.00,82.53,32.51,1365,112659
810,810,VL9,*MANUAL*$190$167,46,1133,113,143.00,45.14,28.41,4118,185891
811,811,VL11,*MANUAL*,45,994,110,167.00,84.16,31.82,724,60931
812,812,VL13,*MANUAL*,46,875,103,132.00,66.70,23.91,1212,80839
813,813,VL17,*MANUAL*$232$233,50,536,97,70.00,27.81,11.31,3907,108636
814,814,VL18,*MANUAL*,52,455,97,75.00,37.78,13.91,1342,50700
815,815,VL19,*MANUAL*$253$252,53,272,91,124.00,46.27,26.69,3970,183676
816,816,VR5,*MANUAL*,72,1364,104,192.00,84.69,36.36,1365,115608
817,817,VR8,*MANUAL*,71,1218,106,185.00,88.40,34.33,1365,120660
818,818,VR11,*MANUAL*$401$458,65,1017,109,158.00,53.00,34.09,4391,232728
819,819,VR12,*MANUAL*$400$439,67,972,105,163.00,46.05,31.25,5033,231765
820,820,VR13,*MANUAL*$378$417,66,902,105,132.00,40.37,25.69,5104,206046
821,821,VR14,*MANUAL*$496$485,69,846,101,128.00,44.21,25.26,3680,162686
822,822,CCRA,*MANUAL*$497$474,74,1030,102,198.00,54.88,40.64,4558,250127
823,823,CCRP,*MANUAL*,71,992,100,199.00,98.57,40.30,1365,134554
824,824,VR16,*MANUAL*,69,708,101,121.00,52.27,19.23,1269,66335
825,825,VR18,*MANUAL*$517$506,74,553,101,85.00,31.27,14.51,5185,162111
826,826,VR19,*MANUAL*$540$538,74,454,101,103.00,35.84,17.63,4371,156653
827,827,DR1,*MANUAL*$518$510,74,1537,56,135.00,45.89,27.65,6183,283710
828,828,DR4,*MANUAL*,77,1411,45,162.00,94.03,29.48,895,84158
829,829,DR5,*MANUAL*,68,1345,38,155.00,88.55,27.98,873,77301
830,830,DR6,*MANUAL*,73,1345,47,162.00,91.04,27.00,895,81478
831,831,DR9,*MANUAL*$449$421,68,1170,38,162.00,47.12,33.03,4664,219784
832,832,DR11,*MANUAL*$350$339,61,1074,40,150.00,44.65,30.48,3660,163411
833,833,DR12,*MANUAL*$423$442,67,993,46,146.00,41.14,27.28,3809,156701
834,834,DR13,*MANUAL*$366$322,61,961,42,152.00,46.17,30.97,3303,152498
835,835,DR14,*MANUAL*,68,882,44,120.00,60.40,21.69,1332,80457
836,836,H0R,*MANUAL*,85,1465,76,158.00,59.65,34.18,1365,81419
837,837,H1R,*MANUAL*,84,1362,71,226.00,75.19,44.66,2969,223244
838,838,AMSHR,*MANUAL*$590$532,78,1210,55,160.00,49.24,26.10,6003,295585
839,839,ALMR,*MANUAL*,76,886,52,139.00,79.18,23.37,1322,104672
840,840,HSNR,*MANUAL*,76,709,93,127.00,69.05,16.82,1365,94248
841,841,V1R,*MANUAL*$577$554,80,1042,73,118.00,37.27,21.45,5530,206116
842,842,P1/2R,*MANUAL*$582$548,79,990,88,144.00,45.77,27.69,4259,194926
843,843,V2R,*MANUAL*$563$555,79,936,83,95.00,32.05,16.79,5849,187478
844,844,P3/4R,*MANUAL*$572$549,79,884,88,114.00,36.51,19.48,4904,179065
845,845,HYP7RC2,*MANUAL*$575$566,80,863,62,73.00,26.90,12.11,4900,131819
846,846,V4R,*MANUAL*$515$546,76,673,81,62.00,23.26, 9.03,5292,123095
847,847,V5R,*MANUAL*$580$581,81,557,84,71.00,24.60, 9.87,5090,125192
848,848,HYP7RC5,*MANUAL*$591$586$589,81,505,69,43.00,19.75, 5.85,2830,55884
849,849,QR,*MANUAL*$503$530,74,620,86,62.00,27.80,10.49,3908,108660
850,850,HYP7RC4,*MANUAL*$535$526,75,643,65,64.00,22.47, 7.96,3178,71400
851,851,HYP7RC6,*MANUAL*,73,295,67,65.00,23.59,11.64,1365,32196
852,852,VR15,*MANUAL*,70,794,100,121.00,67.36,23.60,1365,91941
853,853,P5/6R,*MANUAL*,78,786,91,104.00,44.23,17.27,1365,60368
854,854,P11/12R,*MANUAL*,79,364,86,98.00,43.18,19.25,1273,54971
855,855,IMR,*MANUAL*,77,398,91,98.00,59.74,13.30,895,53471
856,856,H1L,*MANUAL*,33,1384,71,117.00,63.44,23.71,1365,86598
857,857,AMSHL,*MANUAL*$91$56$67,37,1212,60,125.00,49.34,20.58,4035,199081
858,858,MC3DL,*MANUAL*,40,1146,70,130.00,72.47,27.31,895,64863
859,859,V1L,*MANUAL*$27$13,32,1046,72,96.00,32.24,16.54,3987,128560
860,860,P1/2L,*MANUAL*$34$20,33,996,89,106.00,32.42,15.59,5410,175411
861,861,HYP7LC2,*MANUAL*$68$70,35,882,64,64.00,23.67, 8.94,2688,63635
862,862,V3L,*MANUAL*$75$57$58,34,820,81,58.00,24.15, 9.28,3481,84068
863,863,P5/6L,*MANUAL*$76$77,36,752,89,69.00,24.66,10.39,5181,127767
864,864,HYP7LC3,*MANUAL*$90$80,37,783,54,67.00,24.35,10.07,3048,74215
865,865,V4L,*MANUAL*$59$60,35,677,81,61.00,24.07, 8.88,2798,67350
866,866,P7/8L,*MANUAL*$96$63,35,621,93,58.00,24.48, 8.73,3899,95464
867,867,HYP7LC4,*MANUAL*$102$93,37,614,67,44.00,20.17, 5.80,2530,51041
868,868,V6L,*MANUAL*$239$211,47,450,78,48.00,22.02, 7.25,2919,64264
869,869,P11/12L,*MANUAL*,45,371,84,70.00,28.86,11.24,1177,33966
870,870,HYP7LC6,*MANUAL*,47,323,65,82.00,25.80,14.87,965,24895
871,871,Z1,*MANUAL*$470$483,71,762,90,107.00,34.53,18.87,4355,150376
872,872,Z2,*MANUAL*$492$346,64,743,93,110.00,36.15,18.17,9233,333784
873,873,Z4,*MANUAL*$231$142,46,691,93,82.00,30.27,14.94,4219,127703
874,874,INDL1,*MANUAL*$113$116,41,1061,54,81.00,27.74,11.72,4457,123628
875,875,INVL1,*MANUAL*$145$121,43,1066,98,80.00,30.14,13.63,5203,156820
876,876,INV2,*MANUAL*$161$144,46,1001,94,67.00,25.30, 9.98,5031,127291
877,877,INV6,*MANUAL*,62,689,84,39.00,17.17, 6.22,2969,50988
878,878,INV7,*MANUAL*$360$344,59,579,87,39.00,18.57, 5.63,2827,52488
879,879,*NOUSE*,*NOUSE*,0,0,0,0,0,0,0,0
880,880,INV9,*MANUAL*,66,405,93,63.00,31.64, 9.33,1365,43193
881,881,SPH,*MANUAL*,51,363,78,98.00,54.71,16.01,1365,74682
882,882,PVPL,*MANUAL*,53,367,91,112.00,68.82,16.46,1365,93942
883,883,DD6,*MANUAL*,61,355,90,157.00,101.58,19.90,1219,123827
884,884,PVPR,*MANUAL*,71,360,91,155.00,87.17,27.35,1365,118982
885,885,DA9,*MANUAL*,68,345,93,140.00,77.76,21.85,1365,106141
886,886,U,*MANUAL*,59,338,85,138.00,75.98,21.03,895,68000
887,887,PVQR,*MANUAL*,73,317,79,131.00,76.69,21.95,1346,103221
888,888,PHBR,*MANUAL*,71,298,81,142.00,93.65,17.81,893,83629
889,889,PHAR,*MANUAL*,70,308,91,145.00,90.32,22.53,893,80653
890,890,LUAR,*MANUAL*,67,285,82,178.00,117.70,25.97,895,105345
891,891,PVCR,*MANUAL*,66,273,84,168.00,116.00,23.57,762,88393
892,892,TR,*MANUAL*$370$371,62,225,73,94.00,32.66,16.72,4567,149139
893,893,HYP71,*MANUAL*$314$230$272,53,211,87,120.00,39.21,23.02,4078,159910
894,894,HYP8,*MANUAL*,55,164,80,128.00,68.83,24.19,1278,87970
895,895,HYP11,*MANUAL*,52,164,70,144.00,76.39,23.96,1365,104276
896,896,HYP102,*MANUAL*$301$290,55,88,78,129.00,41.87,26.44,4866,203730
897,897,HYP9,*MANUAL*$358$270,56,129,82,139.00,46.73,30.05,4134,193163
898,898,K,*MANUAL*,55,325,63,115.00,65.93,20.68,1365,90000
900,900,B,*MANUAL*,61,299,89,132.00,63.48,20.64,2103,133497
901,901,DEP,*MANUAL*,60,285,65,132.00,92.15,15.65,895,82471
902,902,DVC,*MANUAL*,57,272,80,167.00,97.82,23.46,1365,133529
903,903,DA7,*MANUAL*,61,451,103,106.00,67.60,14.52,1365,92273
904,904,INV8,*MANUAL*,66,484,93,70.00,25.42, 9.51,1358,34520
905,905,DB7,*MANUAL*,59,482,103,90.00,51.69,15.09,1365,70558
906,906,DA4,*MANUAL*,54,871,107,152.00,89.10,23.60,1365,121624
907,907,DA3,*MANUAL*,53,991,112,194.00,79.14,41.81,2103,166434
908,908,repd,*MANUAL*,63,337,58,126.00,62.38,23.06,1365,85151
909,909,pvt,*MANUAL*,64,381,97,109.00,62.65,17.96,1365,85523
910,910,glrdl,*MANUAL*,50,1325,59,237.00,158.86,37.07,895,142180
912,912,f1,*MANUAL*,49,250,81,50.00, 9.24, 7.13,895,8271
913,913,f2,*MANUAL*,69,883,56,93.00,13.74,16.28,895,12296
914,914,f3,*MANUAL*,66,1063,85,14.00, 1.15, 1.80,895,1032
915,915,f4,*MANUAL*,64,1064,67,26.00, 2.32, 3.35,895,2079
916,916,f5,*MANUAL*,47,1063,62,35.00, 5.70, 5.86,895,5102
917,917,f6,*MANUAL*,50,1063,83,13.00, 1.40, 1.76,895,1254
918,918,f7,*MANUAL*,43,877,62,22.00, 5.79, 4.45,895,5178
919,919,f8,*MANUAL*,67,1179,63,51.00, 4.60, 5.52,895,4116
920,920,f9,*MANUAL*,60,1308,64,117.00,28.86,15.09,895,25827
921,921,f10,*MANUAL*,59,1424,58,175.00,33.94,32.80,895,30376
